0.37969756840440116,-0.21781124825199932,-0.15763811241667702,-0.08509283271988939,-0.45110553787199376,-0.9028554154392864,0.1411880482467068,-0.2951791202210102,0.8456514342284823,0.14878720091552114,0.3711656411525214,-0.219747871423493,0.1060663808844837,0.13311220917862865,-0.048724581896557054,-0.07471648956964178,1.0169801201853128,-0.1692428473356285,0.14689029664949668,-0.37308076609089935,0.4209357945012886,-0.2522438983429678,-0.437698918942612,0.044802796120604636,0.6233213865874359
1.233254681339883,-0.7295994109530989,0.1736873173469284,0.6623590475418826,-1.0958076519969626,-1.229429889215764,-0.14647907060881313,-0.7869473599109398,1.4369713957833408,0.2726929086762912,0.5696063758558756,-0.3135511842453151,0.43633722118740953,0.2021619182040635,0.34816405291482877,0.3384340171490166,1.521202666995278,-0.24262410545229873,0.8841948372064315,-0.8515756982305885,0.24170422970270272,-0.40232812785289257,-0.8140931050822088,0.4036617448896932,0.3146342063055481
4.844661428006557,-0.9743894501270494,-0.32026554982744615,2.299126382199517,-1.160558579447238,0.09090678202700742,-0.7478398090040049,-1.0313691627862813,-0.2121076481373004,0.7696616305144356,2.147776321569964,-0.9249873158836566,-0.7750451689142178,0.16868605126904598,0.7269172580337059,1.0083557284116518,0.20956201195009505,-2.920617197393383,0.2736007035461298,-1.2005587806782294,1.3622424307167935,0.27942854118221216,-3.0741166247525484,-0.04693130378205179,-1.6562711510362422
5.303855802495075,-1.456993932350001,-0.11127405249833808,1.5312926069307287,-1.293344966757562,0.4721849104209006,-3.0956878242051262,-1.4657079423906565,-1.147988574370082,3.09843001919387,0.9920665780803494,-2.352789588784569,-1.4450334433260406,-0.9332826226917855,0.2135190616710894,1.4069499433061918,-0.23067080787920588,-4.4935117079445455,-0.028335613119134927,0.021209595868958153,2.1663133784091873,3.1581680415829876,-2.5172578767140186,0.3686744825635061,-2.442242676473159
2.5044539898848037,0.4922838873926999,0.8569950102371848,0.9493315288242199,-0.12562254390047406,-0.06035829346083045,-3.2346094247780517,-1.9827706803212493,-0.4493836485526115,5.11941927716739,0.7292164362395444,-2.5506951488352025,-1.0415595692912476,-1.7219075410644737,0.22334985450500194,1.0689101762471567,-0.5887719285646663,-3.6528184268749526,-0.15627398732684172,1.897204343657222,1.8059094306793542,4.101882293402995,-2.002840448533744,1.6646091777165173,-1.7321489018893133
0.5596652027373239,2.0657004743562783,1.0973445994491076,0.5690431425388706,1.3205619450117116,-1.2557282730482282,-2.4546501711143383,-2.186860067388944,-0.3673659717752945,5.9516337006417315,0.49543372992719037,-2.161482986158956,-0.9202299787471615,-1.23094914962033,0.6345083009501371,-0.07334804868032162,-1.3481090904302127,-3.534522605531723,0.47990874464842026,2.607140218629593,1.3039566436067076,4.642931387628301,-1.8367990495043287,1.2045435620698373,-1.729945666979091
-1.2504873863069768,3.11912807288659,0.5045022982424423,-0.8845921558526662,1.3509393841074169,-2.201879265029832,-2.058130908986049,-1.879152151582952,0.2570112541088949,6.282593141818129,0.05827505909119157,-1.2979451508841384,-0.6320654981587824,-0.4962871049811367,0.3935372699284573,-1.4658377143070789,-1.9466260610126698,-3.534804010280811,1.195356225306751,3.0803143632193395,0.5599417413380837,5.085485982899639,-1.799714553845125,0.13102156870133796,-2.714584643561105
-2.343065310379721,3.96868306303001,-0.18897039128064247,-0.8660335560866551,1.7544078802700436,-2.8859744216450274,-1.4736115197011732,-1.5837107538425093,1.626413570410317,5.965073774125582,-0.11256789454088298,0.015841697355070072,-0.47759113150970767,0.2189843732471635,0.26765992519458004,-2.383186145683145,-2.07909747818815,-2.7593444667848126,2.066156713559171,3.1913209993361535,-0.40859186929089014,4.401749156422139,-2.5916381582931898,0.2866318051751895,-2.1429888018632837
-3.0956226422602384,4.661542600745935,-0.7020223857566876,-1.5803009807861665,1.032514300230038,-1.791164100698198,-1.4213988097761114,-1.879054819356917,2.0276686442971505,5.463842164963048,-0.7850216209819072,0.8025829043523278,-0.7464244605797182,0.6543557468382842,-0.348085862085432,-2.6077021514669374,-2.1959237309116326,-2.6514101479920167,1.8608488480567593,2.5662973712684702,-1.0541461311396954,3.7614035107049935,-2.543317254603563,0.31065390930777903,-1.787621111180369
-2.931561710564809,5.236273819186784,-1.3831590695186822,-1.2907050999404701,0.9630288884875838,-2.166591544889863,-0.9171544564481826,-2.5782018311090056,2.809315438255896,4.583791313875401,-0.6020641307026026,0.8758661039793498,-0.24666725979399287,1.1312482780544462,-0.3247697425050852,-2.267841637655173,-1.5954967691568793,-2.0133597746949046,0.002899042334194246,2.6855599876295626,-0.7290290254181704,2.657312201552124,-2.3573084260821178,0.28366730200344414,-1.7652016965186323
-2.501594017035834,4.72444678542998,-1.3971058891676176,-1.1658795914419258,0.33684496890541415,-1.8829701007927562,-1.0224614364149895,-2.558606909143685,2.0864864160367107,4.28351336152402,0.48413881365636335,-0.09008791709018964,-0.061722826437574985,0.9964999508816952,-0.401845245434989,-2.2007077617648605,-0.9573883171481554,-2.4753217830081713,-0.5450369589232873,3.365465547208658,-0.14300998292898554,2.032530791254021,-1.9915976476947397,0.3459979180460398,-1.6622006981788622
-2.660145238869063,4.103778265985401,-1.4186037056183862,-0.19306301938079937,0.7861592564914235,-1.419659160354612,-1.5267070284483115,-2.5338579665152836,1.3200781367322045,3.8198927290713294,1.1664995095897752,-0.3382344655394198,0.06607699540226358,1.0250255166726305,-0.5710901330376639,-1.6440360619881458,-1.8808468604293767,-2.2830663042591035,-1.0719843426842526,3.5457020701207105,0.25310772615308424,1.778067583375416,-2.4214675626225586,0.431881569182169,-2.1884762625064
-2.9071288790356618,3.5747539727129936,-1.4144548242598067,-0.04786268805668317,1.0456092056642419,-1.4256340767318778,-2.217836828989832,-0.9962676425707323,-0.035336482405910585,5.534607213470851,-0.1674614631632536,-0.11951697108274742,-0.1676709086510635,0.48900690649026896,-1.3468007263188075,-1.0393180433593452,-2.397528169214497,-2.384621949327744,-1.665423671555347,2.9501153434695784,-0.05392470933236343,1.7311736352975915,-1.7218163476939117,0.4921036501037094,-2.1802266439722695
-3.9935496485171935,3.6389827392667047,-1.2570139511633471,-0.6136264746750575,1.5547659987025972,-1.367929811732563,-1.471211298215183,-0.32675231409577776,0.30293310273457136,5.368302949773022,-0.33520695583298066,1.030932530981844,0.31878907680227864,-0.3022446842874164,-2.301812570995858,-1.5937112577245518,-3.2718253717448658,-2.1809009293249355,-1.7545070049424367,2.2417150936475148,-0.7939353012650123,2.021423051092634,-1.7767294290067872,0.5364142472398219,-1.225354135413358
-4.915702224691793,4.640259807711532,-2.2189298775682103,-2.0212170913860974,1.2834059511366749,-1.0773527834874552,-0.2328670678955596,-0.7402855855447877,1.993323806099038,3.9069416476670793,-0.2175979362867214,0.5418595535532511,1.0882230895719063,-0.7696139405063768,-1.9218458378365164,-1.9283504503570545,-3.0824085593456005,-1.629083888113544,-1.4714243724381637,1.6466224509085792,-2.5100085948429793,1.3158639046683513,-1.499890033952387,0.4604332531155922,-0.3955233038876347
-4.356120076361451,5.478522337472012,-2.4420104114887895,-2.474335793461233,0.9613510617951737,-1.079057985844261,0.3475962842679255,-0.9980137660969297,2.355376134054401,1.4661921132216549,-0.1774894625285094,-0.23846285434260123,0.46094090686526523,-0.6679988819899114,-0.8987540047552611,-1.80376287234271,-2.3120614109005144,-1.2881177208476773,-1.6830407381650143,0.6956709795566444,-3.541604864987897,0.7760615118057744,-1.0303375920005131,1.128326100297475,-0.2026585435513778
-2.621773659441808,5.350416134680907,-2.774555927269245,-1.4561089580461213,0.07452453671873649,-1.0665620274071863,0.5292451543947041,-0.8609795958982515,2.101027375546155,-1.1230264921095228,1.1696733565785273,-1.764218431066072,0.14028015945046235,-0.6046497941505045,0.37422427634874783,-1.1925550487784347,-1.1631068988112436,-0.7553701980627787,-2.736603837136759,0.6670865122627176,-3.2265948244414586,0.28552764852769286,-1.1852157159315615,1.565547678995497,-0.7536124543833069
-1.254826637817115,3.134749236721998,-3.0811121854303933,1.1184594324201427,-0.28038359506248356,-0.8050616858247669,-0.9661379705127889,0.1446526536458075,-0.7499241769347369,-1.8399210216021427,2.3560487484756996,-3.5573830189689137,-0.8897963357019397,-0.6964162100228671,1.046354670396022,-0.5482698109690974,-1.0913671297456202,-1.2556838357963973,-3.3290081633176762,0.4869285779087768,-1.4224385393658205,-0.18480432792742518,-1.3007393804837835,1.6125820033247116,-1.8581787606970734
-0.045946369177182755,1.1213802699837463,-2.2069976704260226,2.063302550495241,0.24157810380476288,0.7025501948773483,-2.3415297024822226,1.7338087597566447,-4.157329992510078,0.634148289378154,1.3082379859626383,-3.2578807951988695,-1.7468505210096819,-1.293349468547195,0.6117250904758805,0.7193739127313896,-2.254537111111885,-1.3108446044765323,-3.5295547792491604,1.2930785365840274,-0.6405411174466308,-0.6831077216260923,-1.936990521341702,1.4042782183646516,-3.9406480108364628
-1.373713312258764,0.47395229743166506,-1.5077255952578692,2.2902094637191923,0.8809411532415488,0.8718877833393307,-2.9241788782846947,3.232652033203664,-5.050240085194271,3.715491854837909,0.14081105229607557,-0.8029731081178452,-0.6471115699561197,-2.2191837219900483,-1.260818743289679,0.6999041319218766,-4.685642879742429,-1.2007041740776667,-3.6496133255585024,1.3302242476341137,0.2760348571838436,1.0864155952519745,-2.4963557529205174,0.3688938953269253,-4.445229577159637
-3.30269692151089,1.7831297520591196,-2.1330444058873868,0.2567787441835747,1.7350653777496219,1.1913778268521136,-1.6674487064683865,2.6067399662106543,-3.803427508207551,3.7450738464376174,-1.8061366952855402,0.8799195040782235,0.11188765065005557,-1.9832725659852026,-2.290596700638587,-0.4797356092712728,-5.551039787906755,-1.0038933490954853,-2.751965621276885,1.6642815585807582,-1.565517517551061,2.5122161656585575,-2.227574825296739,0.1729082412371162,-2.8740503806844844
-4.043379682166186,3.529478896206008,-2.3060568725975696,-0.9719349013622408,1.3313956389472221,0.8581584756224452,-0.9842678040912322,0.9580756529175787,-1.1840358115375444,2.3792604639844672,-1.8325901854670572,1.5056976473910575,0.5072724777103184,-1.7011315147386692,-1.302903540036343,-1.432473391957059,-5.840460073157525,-0.6065717260496123,-3.0375783319417202,2.561696643556406,-2.9906866489763098,1.6254732018094291,-1.3531200206135041,0.4101175042073725,-1.3300389361653706
-4.0887973454490085,4.243081124251518,-2.772537729793951,-0.9123780492306074,1.131787818622961,0.31920124351214285,-0.7538151347970312,0.2476559391498624,-0.7597786387736383,1.8440233743081818,-0.4984928060062101,0.6851225266666232,1.5490697332245242,-1.7338853096824773,-0.45091526383768804,-0.7873796684635885,-5.162069050773152,-0.5321612492505482,-2.798283855782128,2.219284607341747,-2.9751115494939815,1.3297399822431852,-1.2112693959213174,0.7159877338373131,-0.5708703162543287
-3.757261900730443,4.080359849389776,-2.1795877418465093,-0.8470648948256835,1.0562913408344468,-0.5563658425411275,-0.44395088079599443,0.7342832935504888,-0.4305785117208802,1.9183064460975998,0.16610029441122365,0.0620592230720067,1.379612521276692,-1.6754922786414503,-0.2662610024973044,-1.0142006434763833,-5.047715261158277,-1.1923645985563391,-2.6167469490391504,1.8784627955665085,-3.270174161144109,1.1220054850714005,-0.800540983478135,0.32589471486055044,-0.617683800112989
-3.40567372514177,4.821045007365868,-2.4023598647783873,-0.639679283729034,1.8457303033894308,-0.8736186386705971,-0.25362559418639974,1.7596119123282719,-0.401256477806035,1.8439696497737297,0.8809666063890479,-0.38135078037533376,0.6508760914702394,-1.1218412898209937,0.09710711715800845,-1.2995624209450087,-4.677261948199409,-1.7954575742983412,-1.7903682701135044,0.7098143034231044,-3.686029709662572,1.3031952969903138,-0.9397104824852348,0.4495865891590835,-0.5931190746710544
-2.6419051653253516,5.291952483888744,-2.3211945825678537,0.2897918162909203,2.275338822225012,-0.14598127741424788,0.5863282756966356,3.1360986554225416,0.6185283127959151,-2.514601238630356,1.60720263427702,-0.01804669196643935,-0.743058674743588,-1.302221393959715,-0.9394650157128717,-1.593902611311641,-3.709075801375316,-3.1503820721214684,-0.44599503553836045,-1.5572906780819145,-4.104463705137034,1.8980510462828595,-0.6666593329932018,-0.5481971844016146,-1.5591048660664988
-3.5760584442889365,4.259865254971564,-3.1878724651057815,-0.12271502522715858,1.8924883512320316,0.6700419323195435,-0.37037296007620546,3.6836065736703083,2.2850506839957507,-5.846755694674507,0.033808700479232484,-0.7795479232968028,-1.3724315623618994,-1.9552901158453826,-0.10847492134445968,-1.2067836909025027,-1.0989716417026654,-2.7616923906150967,-0.9112165858338558,-1.6529913517224748,-3.1626204680635945,1.5292790740602056,0.5881370229071441,-1.347943421869378,-1.2359601942831322
-2.399467274133558,2.499181238936411,-1.9777487740545572,-1.2383578233877077,1.1096433571472275,1.12792148699789,-1.5412891887227864,1.9299109677228088,4.039272148978015,-7.661491041974183,-0.6034727252020873,-1.006519293779639,-0.7469616718489422,-0.8097931839410333,2.079063200669895,-0.3989408706693839,-0.14334249512670544,-0.6346791480626414,-1.7975862008691936,-0.4987458665900285,-1.768781846408639,0.5919435330301205,1.3057792316818007,-1.6727071616360296,1.0469413704472452
-1.5055427188259864,1.313467030231662,-0.3798082463381939,-1.166712971572166,0.437272946636642,0.573735048224882,-1.82799512424125,1.0775916303719484,3.5024166383266997,-7.777828205654509,-1.4384414914428945,-0.8680026207439894,-1.1151825774260646,-1.1297886119864917,3.4820165957458604,0.6307054906458145,0.24571473877428884,0.7896628499653231,-2.76185188072194,0.51693500930732,0.7901662656448551,-0.8463645568607172,1.801821297007948,-1.3589631468726089,2.7260447082538297
-0.2513163044815673,-0.960140077737147,-0.4372735753248131,-1.3032031644129387,0.6526821201845809,0.5445598637134034,-1.95099674360101,0.05175196706805694,2.383644308622983,-6.9484932230835605,-1.2980525525977697,-0.9260193900657551,-0.6362029461399974,-1.246042145885629,3.8363774908570334,2.294790725433764,-0.49802255262593365,1.6327552979247026,-2.8471077256228887,1.3723174981510855,2.6441162407089944,-1.1385338455332583,2.683565726593525,-0.23810000695928718,3.6212977936893145
0.6942760334822999,-1.9976085888373292,1.148817704939329,-0.762028500969125,1.2949733911709571,-0.30979189827883324,-1.928634443993317,-1.1646558417066815,0.9742316600786025,-5.08040738176145,-1.0530106726177058,-1.4920298530459515,-0.14202666618334114,-1.9321065464979377,3.684676836042376,2.4541306304927497,-0.9990294292417078,1.471655960554727,-2.5005780772826958,2.39259531670064,2.094190654140358,-1.6204686085203366,2.740796254101559,-0.7013268299039407,4.04440798357928
1.2666205554445213,-2.7859253356607314,1.3126407223224825,-0.696949792171469,2.1824441614947387,-1.4650295236040671,-1.9546931064763793,-0.9614540272421105,-0.0686265303725333,-3.606520345167116,-0.35580694819212466,-1.2215322101837813,0.5282553526316863,-2.16601932949394,3.087956774198361,2.648740010501222,-1.5680794638682483,2.3470379580321334,-1.1344190509745968,2.9725143446137428,1.3753352456419257,-1.27775796955619,2.195824197061002,-0.1498998275576536,3.8161883327346495
1.6123140127103424,-2.9333945757412097,0.6436026902964563,-0.12057216355104666,2.882906828026492,-2.330900638615759,-1.5827738999186483,0.28148840775463785,-1.7180708405631304,-1.9516608563391404,0.14711291424156603,-0.20439209801030583,0.7261812061028177,-2.496163440737834,2.3685552455040244,1.644860427160089,-1.7318829243057992,2.316995519749012,0.20300794638016434,2.7557490480502262,0.38542671122214434,-0.8718948331173065,1.8784642204663644,0.0037181858146313057,2.9723094666685768
1.5344870219892255,-2.3814527744403753,0.718702098774824,0.0349196442123095,2.520374964421739,-2.0485681302618333,-0.9267055557842617,1.7204191963636208,-1.5553893107498948,-1.4610418606589082,0.09776452550904591,1.4318171665056099,1.2807433099132661,-2.0476233443333385,1.8381306899953151,0.623911009734724,-1.4718850866512758,1.7920757500879383,1.0932919450816463,1.1434466374187402,-1.1433819627624213,-0.8257534186057056,0.7747777269736225,0.7080586817017597,1.8745493841428251
0.8119316989132424,-1.5576728142132776,0.22409506647686303,-0.6162591630663902,2.1315536010236045,-1.9826750292162005,0.26662273404401576,2.7845183614371734,-0.3434576515042118,-1.8216342818627536,-0.547698785736419,1.3184838626639925,0.9478001489821639,-1.0634206972141367,0.7995392696414925,0.5083633643794558,-0.4994754868881283,1.550162994626456,1.545214686777084,0.9298645191713633,-2.5189069261265997,-0.6417306955906603,0.7940459115790794,0.1074143781860374,1.8766805670112907
0.743098348842233,-0.8731610496176351,0.07959970602896553,-0.12160085808115587,1.3606845421850313,-1.5177397122005294,0.5227008280013103,2.3055449775235908,0.29174507028860186,-3.1249032658166724,-0.6285762906045804,1.4606938506904132,1.0082986995972312,-0.6401363884425753,1.1457414516146964,0.2507792556092279,0.13902956357225646,2.130308900525408,1.7273083397419373,0.5822859317719151,-1.7142141391296493,-0.6787046571225201,0.6284574731437058,0.12173782665023615,1.9697116937360892
1.5413759923852701,-2.178215697073583,0.05769379853807908,0.04663282128141932,0.7614706044772347,-1.8563275707805367,0.20225126626836407,2.455032470176412,0.0864482461233742,-2.8225127060706727,-0.8955527046194793,1.3833583323620535,0.7300005866848842,-1.0170257408406913,1.9306205515962953,0.2855362067063212,0.7660201792655504,2.6770992225057912,0.8917003383517359,0.26092594048386136,-0.46447445983172925,-1.2504775867454694,-0.21887797823298044,-0.01328267686450163,1.79221610988901
2.2265463508519523,-2.5687277030314273,-0.22049816627149377,0.7703211000965977,-0.19319283259407863,-0.9200978143020677,0.6436041609432016,2.376230220276174,-0.6086574347482587,-2.0592358362896337,-0.290281616366585,0.678583655959096,0.9302920298168539,-0.23285498433322124,2.2235770833205772,0.875387444689191,0.20058905096055435,2.449491955053836,0.6694901138105382,-0.21443910499269034,-0.4876441930581614,-1.7925167815852168,0.3826984122040653,0.25685508128139456,1.9562730128882924
2.8146366498542226,-3.0557963492504854,0.16353381333057465,1.8393197946754727,-0.20471648481896254,0.44677833568365727,1.1427445340373965,2.139464970578945,-1.4744904920146051,-1.607643777970211,-0.021978011006412723,0.07467281601986685,0.6624319624784575,-0.1717593944199352,1.2915558121363255,1.1026762500012934,-0.7354760055360865,1.693644290741784,0.9042021275946475,-0.48123769653976256,-0.43144787325233264,-1.4694762153789933,0.5625135765263528,0.7032486900067374,1.3752296957258605
1.986987045386852,-2.96280881834856,-0.23745463045309925,2.253099969973336,-0.05377745903490635,1.6693775088567093,1.312165653331481,2.7244906748462387,-1.4798666492951846,-1.4322061628349876,0.8028976414349926,-1.167082630798902,0.6865226711049046,-0.4581733268280329,0.31131360364155347,1.3402068853270408,-1.7405928829311081,0.7743175894819498,1.5963910131922483,-1.477479609553348,-0.29117421955858586,-0.9537552973795882,0.12043643560869599,-0.1745918210938192,0.5601446830471398
-1.0954354979785652,-1.748136591851351,-1.6050085220378802,1.9363013727925105,-0.6117760523883625,2.295468551904513,3.103131319709545,3.8445600559569604,-1.2748770195647112,-2.9609351589372253,-1.0841398206942525,-0.9325389989281321,-0.6308504524511704,-1.629475238142043,-1.3906750034918751,0.13078396844304424,0.15058493389779587,-0.06846514537795077,3.468028877119795,-3.1708271295545036,-1.7545048044772813,-1.2971605577754644,-0.10563771690989833,-1.9396609313177298,-1.1267515014484513
-0.3574331541028031,-1.53654637308184,-1.5898338330174433,0.8557974934051222,-1.502523328105707,1.9490292148293433,2.5186960010391313,1.8742400875308374,0.8265229447716642,-5.111231630664829,-2.165860238428659,-0.06016523375392765,-0.24565025189555972,-1.3541535393945807,-0.5018693943725653,0.2103096474102851,1.3698090355932606,0.9659124594778267,1.5989801902041028,-1.5558228539466392,-0.6375763322853532,-2.0987903843300577,-0.6122780060196101,-0.833733713755085,0.21419107872650656
0.40651649964653114,-3.1334445684305385,-0.6963007516729417,0.7689553944657616,-1.2056733827469954,2.18904437194875,1.2147667835108786,-0.48161246756571735,0.8455483031918671,-5.0719781601638445,-1.2578061365941222,-0.3277399614881905,0.21241800270376623,-0.4958944741079493,0.48433738021835293,1.1129786579527718,1.381690900733218,1.0847873332191398,-0.30975002905224125,-0.9914940622990458,1.5622975104092696,-2.8007111309550625,-0.4360325626063136,-0.64707729921538,0.8973392602003425
0.5472928379207264,-3.7309510540435977,0.4830748171922647,0.9462845119411739,-1.2428932511314457,1.3718791328807884,0.35022236962128866,-0.9026260476455013,0.5277528673385913,-3.2629333995772978,-0.5941112483204488,-0.8437429332350315,0.38291255398488094,-0.8758689969654636,0.5179518407713697,1.688144093223018,1.3640529923053453,1.0898343688605425,-0.25024488997386846,-0.2753766158599042,1.287446443265821,-2.9381783150724194,0.5803385853907843,0.5175130729773211,1.2352688724199727
0.3838593185729751,-4.013662698732467,0.03882740669515758,1.078911463081187,-1.0915610144974692,1.1990433476679536,0.732465106631476,-0.6620222055384543,0.0070654161435337315,-1.6398582475994878,0.31787828411094915,-0.49306329997913817,0.47064187825143144,-0.8893304213811503,0.6008925541077984,1.4563356516040578,1.3395013785484786,1.0721628044904417,-0.19199745772297333,-0.5107239198374938,1.316279162157331,-2.690194334910801,0.9525067198005063,0.6382482642113997,1.4563026571805993
1.2178203128202818,-3.397478851777534,-0.28794459094170316,2.262874429334699,-0.7284464188543631,0.9218776005790911,1.5719882085018722,-0.578436885034624,-0.027520891385738967,-1.3398195194925524,0.7953344553018952,-0.2164484421746016,0.47843389120111446,-0.23876619012946576,0.39842930691308664,1.1668874009225871,1.4231459371538413,1.8521570391080056,0.680315646907298,-0.46465737564043746,0.6461988413860692,-2.6694343416770505,0.2191479620231416,0.5495968490235733,0.8286870733426132
1.955224921357074,-3.1426720972693287,-0.6495893684778065,3.8726269492997023,-1.2938459133779099,1.915349230321415,1.5342540533723525,0.09848669525956183,-0.5471077548486383,-0.26266747061602713,0.5594073303045515,0.31093022660236513,-1.0345523464961632,0.06612303859478669,-0.4578642937888353,0.7165424143925072,0.7388656766172507,0.6640280556868285,2.843070844913458,-0.954460516898415,0.12866777545512423,-3.196080883397577,-1.016794766301796,-1.0472646613125929,-2.6341796370762767
1.0360302797861451,-3.917784658358876,-0.4232813421338338,4.452294839520101,-2.630685767649417,2.373980499888941,-0.6023716618388975,0.13844359621796415,-1.739910124902991,2.151439873564158,0.09837294630688473,1.3522176881026389,-1.4010673229969344,0.1388975796282209,-1.0154367203928767,0.8190352630563187,-0.1700189445105867,-0.17616549798439488,1.4933949571710752,-0.574331910770345,1.101354138410724,-1.9629761698855663,-1.5015868885159211,-1.1625943994192767,-3.509106387281909
-0.5220255914626287,-3.5471396246989695,-0.3819974518816124,4.12014922828794,-2.3735099197954495,2.282829042613823,-0.8972648697375375,-0.3594989016397333,-1.5929823810259955,3.2245722027247647,-1.0462481073791716,2.07022909553686,-1.0945233534170753,-0.011989464631238247,-1.8814204484183712,0.514956076905197,-1.1376151755283934,-0.5957337562762809,0.9177328725812863,-0.49157143019819366,0.33893266503622255,-0.529824256523372,-1.845130734913715,-1.5818266348747585,-2.687624156990572
-1.6270561301355904,-1.7024018694735101,-1.1918287050295937,2.7943700453951954,-2.3016175462087496,2.1507875932375433,-0.7590937761867322,-1.0675960112640757,-0.16679392458437475,3.8752650927262096,-1.0302239048770971,2.223819961389018,-1.2510008184441848,0.5449836134290194,-1.3014727180619412,0.6494272601494889,-2.8092298229168122,-0.3970407659365549,1.2899110649590535,0.3707938351171379,-0.5953940832125123,0.07297481179325875,-0.931266068174177,-1.5960634241296503,-0.9738677715569118
-2.714301818882216,-1.3249200645596952,-1.0622374737686608,2.234404867776716,-1.7798454142573994,0.735087459767874,-0.32605600858023687,-2.020012990669773,-0.0560550292436906,2.9003586351598463,-0.48456575308854555,1.870028509097212,-1.1108328208505396,0.7405098940030559,-0.8190006142116422,0.3638529488265413,-3.127407118002324,-0.7622902120983039,1.0893889691177967,0.7700404646707333,-1.051944509692857,0.2724079155972315,0.024481364363574953,-1.3789785628192062,-1.201150554450873
-3.9507791919696538,-1.970456514294832,-1.6585005350232838,0.7495125652297224,-1.2903855810357527,0.6134496991007656,0.35149791650293993,-2.5084062307009,0.08100261444546453,2.383590137768206,0.19609700419108073,1.3375806862053206,-0.6440192059422504,1.2879977691363647,-0.8881703089122638,0.039948628847539566,-3.35679214223297,-0.10198487982090221,1.019281611015959,1.5653277334663807,-1.8191217871207492,0.6835531059592539,-0.6178754429502871,-1.1521774024546494,-1.211051016881552
-5.114638733644906,-1.8280442967293986,-1.4949217320382862,0.12437746495746094,-1.3521196671692048,0.04788280779035187,1.2389854789115624,-2.0437121616030187,-0.5393325348776659,2.1966295996672693,0.06198735004999516,2.0099382708609106,-0.5102321461604777,0.9939735601616586,-0.844976263333497,-0.2958852840405253,-3.5573479956960607,-0.533123464504097,1.4470994026266326,0.5261347943520485,-2.184665189246507,-0.17683721515534379,-0.47414505293082854,-0.8099818923921751,-0.4623014255734792
-3.6887731849453287,-0.6880884231628646,-1.3072239776051848,0.03719015148812766,-1.8625300652135772,-0.9651697465465107,2.310260766805736,-1.6369240530894325,0.7650730291934249,1.2977799223857551,-0.28057632321262377,1.6626232117152342,-0.09320541405612386,1.5603354280819537,-0.5865163112890039,-0.11844787525774808,-2.9148329391204695,-0.1755061320703524,1.1555385191066687,0.046757899634135194,-3.397066192001355,-0.7219295992923704,-0.21918391515226804,-0.4804626154434538,0.28491795935727554
-2.7713510643776607,-0.08212411522641455,-1.222861369859395,0.7369012982894352,-2.171637130518836,-0.2785178764254699,2.061191549919388,-1.1554084888443659,0.5522415649872199,0.3310128782649725,0.8253819284479945,0.664960404660786,-0.25279188698562466,2.2699225359357804,0.3947512152614476,-0.03341624475246127,-2.1495030049538126,-0.052102620548380385,1.9345396261967989,-1.266325834115238,-3.157803911217092,-0.6936215908318741,-0.29978301105265504,-0.4244526990694122,-0.09528393080382891
-2.615946918016956,-0.7771730262379936,-1.3592533378236387,1.65791098899441,-1.8256753839669175,0.9330997255880293,1.7240076070963013,-0.1849525314781682,0.28188440363092393,-1.5366709541801262,0.4656733151852951,0.14613378939933397,-1.5537964781079407,1.4622091080864137,-0.41316846685816244,-0.19243884273170894,-1.389288579518143,-1.1545767479264486,2.479793154413247,-2.395542848823025,-2.8479907198404057,-0.5662022109008555,-0.5319707772651838,-1.025575170502513,-1.4517235238014288
-2.435384563361506,-1.3005675070872762,-1.0133812517013752,1.4438086006041635,-2.329496045522314,0.8140490265495084,0.8988596047625875,-0.1626412244684648,0.47996407952094056,-3.045240910953337,0.45001934519102904,0.4722096275264145,-1.5535593931448064,0.7676434785280833,0.08003229716120125,0.16640496284923684,-0.5512738431717118,-0.3715891445881635,1.5380733902532726,-2.1597267438714045,-1.5121451878874597,0.13236552951192193,-0.5767019706996894,-0.42461288007997783,-0.38761570811293744
-1.4007283717569026,-1.2510914634361876,-0.5134606247496877,1.0436625721640522,-2.0227256645390397,0.3580765174922308,1.352889354430433,-0.5014577281037161,1.1769424586983048,-2.914001607259176,-0.3246500754641344,0.21466188053848206,-0.9878919706182985,0.1051790656879777,1.1525186715631812,1.0003895714454822,0.17999234533262254,0.4036196171990178,0.9614564294816355,-1.8342813196506071,-1.7061119998350505,-0.46024554362323944,-0.16651679600704888,-0.013411729530497091,0.5864250162040687
1.087082935833725,-2.015089526629112,-1.2323960464365162,1.2604949478176741,-1.9475590787156245,0.6833796155392476,1.4065901850739575,-0.41022047292991237,1.7127649956209927,-2.69797490654746,0.22379033587355363,-0.47191491407136454,-1.280429260125314,-0.354364509878289,2.4868300730217108,0.9741839442651974,0.11756092824936554,0.5693802790389733,0.9275031113875878,-1.8688228682359862,-1.4823286097270882,-0.7279092242884602,0.0886074619859122,0.5276325700960462,0.32240263199658814
1.9655392030378322,-3.092184218284606,-0.6513113853690633,1.9296022068714207,-2.593776510929839,1.0461688209871365,0.9526299792421207,-0.20778440813626284,0.5594704033049007,-2.4406321491183567,0.11987014588414056,-1.1921743309621948,-1.2664216609295276,-1.0805603427482036,2.081062088029301,1.7880150479840826,0.5258269214615601,0.04947929657592646,0.8345491025152981,-1.4781935624106937,-0.08306575266563682,-1.4167673473515061,-0.6003883107997819,-0.5350159875664463,0.11744588036420198
3.3055241026882376,-3.8360935312616826,-0.7276576760675113,2.9904219249621087,-2.120862803617396,2.608513239596326,-1.2326440651738388,0.30282137218365235,-1.5592111077076605,0.4222544596764737,0.3968792134280952,-2.417687989777889,-1.661851378497035,-1.282897073156011,1.3965926207737795,2.559785009955327,-1.6473752178150454,-1.9857631250020047,-0.3374274291993118,0.1589292265997177,2.715679736504372,-0.5467736228067299,-2.527727964022702,-1.145869209712847,-1.415886874555505
0.6345787079529633,-3.991446289970969,0.09730940247527514,1.657902873268433,-1.0852251271807591,1.5826569159877035,-2.846571710579402,0.5894162685722472,-1.5691558140997144,3.3337389807929902,-0.4954074628577563,-0.8113982757721339,-0.6786344956303896,-2.15245610712073,0.09205032346248379,2.7939611052749664,-2.4085592463212953,-1.8551860058006775,-0.09044986424154211,1.7971996775260946,1.9305474979861441,0.7235091266957902,-1.374850758288243,-0.5547008331836981,-1.5061672142883358
-1.3342501001592666,-2.7552991124577586,0.4002688831125647,0.6336114565621244,0.4363139235565817,0.2977015701492889,-1.3838416399595133,-0.162489996057257,-0.9509968262277445,4.014457601322339,-1.4722020521649792,1.059962402354356,-0.2787035178676325,-1.9221090896205089,-0.6195670016117777,1.2174286726161971,-3.162497922095108,-1.2500717448617944,0.5962948060044881,2.7862173341928025,-0.13165828628663379,2.2859040826177393,-0.7863162476152104,-0.5973588373024796,-0.048801494659128086
-2.8514685383655056,-0.7025324155390982,-0.46725399255978367,-0.9152202283053023,1.2628092121269152,-1.0753914256021506,-0.21576967772935465,-0.556212747091339,1.1367868109796606,2.362402972944031,-1.5287951321428548,1.7228163112651766,0.3717470744843182,-0.8854950129192739,-0.4289422629487091,0.00010571118471986926,-3.077664376353597,-0.6852520976134803,1.682104744870511,3.0472635342310133,-2.0283462183145278,2.0376472528462197,-0.5428500994053892,-0.24083898190313247,0.6267487974462617
-2.43448378291457,0.6756413283679219,-0.9178823966121893,-1.505304264342095,0.4495824786423681,-2.1293359766011877,0.5517600566201405,-1.0295476834205202,1.7538069343908416,0.8225047933175591,-1.4326810907768035,1.9209923691174589,0.3550217505293566,0.5765230701567581,0.3386075807151988,-0.753575886377827,-2.4251310091715492,-0.45177288483638944,2.3340520017717923,3.3539208010548887,-2.566993542601427,1.5236993343532208,-0.4513426592826517,0.5276204117162038,1.7782912797286987
-2.0774320539284434,0.09185089125781641,-0.23827571898645133,-2.1570977202929726,0.17449608532031397,-2.5947105209784302,0.47017150627378657,-1.3161783813785783,1.6401641195996037,0.19011599095293072,-0.6781542478325705,1.2568954142752486,0.17639448981253023,2.0221871638684363,1.0448939966000055,-0.7961381026723907,-2.1092175275005225,-0.2717995798093061,1.1310214686158395,2.412005394599007,-2.1326467475053468,0.37444911619950866,-0.12486706348230601,0.679217502935717,1.8185205580093662
-1.2059850480519905,-0.13850405161175874,-0.5711012142936355,-1.2289417354560763,0.5640949966603428,-3.4814265464670577,-0.003601673687296608,-1.1576274316453419,1.267117564596852,-0.32515506637276503,0.6276877123012923,0.4058305059331121,-0.08085016875217461,2.5386154896718476,1.6775755878808438,-0.7237749207380064,-1.4947281453304675,0.0011017810944890655,1.096887741162618,1.6206747337262266,-2.0113510887002435,0.01082099780764717,0.6237838824234955,1.219961749250231,1.3547005035001525
-0.5882098179047346,-1.129993579470629,-0.7596730827450867,-1.2728323822304366,0.8183420795678754,-3.1673859262090196,-0.4548536164762607,-0.40195193625323833,0.4965123723088864,-0.08660469957188068,1.2371719241739358,-0.4711224773792344,-0.21757450510693602,2.439776575038717,1.3460546603081305,-0.6165931650916929,-0.9486422865922229,0.7361791191905178,1.0115464995134866,0.500523527430797,-1.801518194326828,-0.2246306777846803,0.5753820115420449,1.5322963093931912,0.6584378842416955
0.020539640186756747,-1.511319681552772,-0.7750493475751787,-0.3424248694241554,0.7142459629533748,-2.986836371013074,0.48889863859376814,1.3329881610237206,-0.5850701526108486,-0.10926685924280552,1.2841120561885377,-0.6763239995170901,-0.29258617201237563,2.2465783430401913,0.7394300084081548,-0.9872104556515715,0.031996193123067736,1.3366475913121139,1.1541999609977958,-0.2978367463332397,-2.0312324725015696,-1.24660767947077,-0.8069999028726678,1.6843609773073425,0.23671521036369325
0.3097581741447921,-0.782883109948025,-1.5137787082567922,1.328830477345244,0.7401288420324539,-1.4736324836361385,2.241563246342046,3.1438158643473435,-0.9152982100055033,-1.263802359790974,0.5835928437751776,-0.4289508480390043,-0.8315408751872126,2.7076054574432202,-0.4567941225729006,-0.8697020396746252,1.023012545487639,0.4854118653356392,2.4186101682020023,-1.0506243818361487,-2.887410110098596,-1.8977707291524037,-1.6510947400889362,1.1011465589586444,-1.8518468364465381
-0.10592244277705073,-0.3858215613734622,-2.3789094811934186,2.9099175283349563,0.035727286382860754,1.2317792544039872,3.420108237270405,5.047957215862489,-0.3929808869561888,-2.7362794222819673,-0.1462404549701598,0.009163527552033202,-1.7912659434619425,1.9066596160790232,-1.4099915860061385,-0.7629806627960001,1.4022899078884636,-0.6974141330129223,2.201320300008186,-0.8338221786878408,-2.4662331482981883,-2.3554601356021383,-1.23273589697278,0.33685288725726514,-3.415723428947845
-1.3612712291462472,-1.0142829569391232,-2.8419344899075174,3.2395541377148676,0.6674443558448275,3.9931992972097,3.7089130299741524,5.816590248465693,0.1518093330751663,-3.943487241202974,-1.6153094253431928,0.5943459626635013,-3.1753089212170935,0.7671016724610785,-2.8321560040002742,-0.24888756423604042,1.2880700963076968,-1.5984763946270262,2.494374828844447,-1.4360852741225747,-2.1998554603771927,-2.0565018157760746,0.0006924073345931647,-0.807025065350597,-4.059190582748599
-2.4049679041642134,-1.143883814277439,-3.1491599950621216,1.2357421224787337,-0.033175452891834545,4.827758643197287,3.2604507678870545,4.034755059861322,1.960307528555497,-5.621163961239379,-2.6377930752463015,1.2524250886117627,-2.8470899032521926,-0.4679092970998724,-2.2347451974145938,-0.30429158818441654,1.7502459163792328,-1.0046880820435085,1.0999827338457289,-1.0435755697504185,-1.1049795427982017,-1.853887386297243,-0.42880535670786146,-0.6157932808226295,-2.441689237916428
-2.9201793566921146,-1.376862453321462,-2.2891246634294826,0.44121718305507523,-0.8622920644019537,4.783535688425657,2.610963385176592,1.3090504752179548,3.0597530980275547,-6.343306035410781,-2.3976485204271767,1.0642828151771813,-1.9442754357878271,-0.7662891435390647,-0.5622794425342313,0.2372227644747347,1.8502856152292824,-0.46684824216912674,-1.6894844791375496,0.06810742067098721,0.3132698556081198,-2.499413747494792,0.1058250029618068,-0.1737212816822821,-0.7389236443715833
-2.8182661880120623,-1.6693606984416485,-1.855310642581251,0.42922645317908564,-1.2878912125921038,4.563792486813432,1.6843982108910294,-0.4594138433058737,3.12949465588463,-5.821484117816262,-1.8109066779794798,0.387462379442323,-1.8654362707157193,-1.3438757891832234,0.5920701385041247,1.6436410806776933,1.680914361991078,-0.4483408037657629,-2.7955585338956657,1.493484262664485,0.6866681306907354,-2.449208802531514,1.424951154588261,0.2680158335034,0.6609110226977745
-2.3191881292135865,-2.7574573754207115,-0.47476915138862197,1.1124815607606378,-1.063376258765688,4.078237247846911,0.9091498897962569,-1.0814842342142181,2.4616431203433127,-4.98479439125283,-1.4740943022342057,-0.09173955808952525,-1.2946552419441535,-2.2658603929401155,1.1656088700111202,2.381143974824967,1.3146092146197594,-0.7638332182223133,-3.8853286250888326,2.431921873209791,1.1929549377934467,-2.258316667916305,1.5955663422605388,0.4467388986379644,1.7506120405417498
-1.92058487829817,-3.499420515911837,0.07830126336345455,0.7762016226541153,0.040589200032459694,3.2079155925751865,0.8523888135978128,-1.619763893804069,1.3446914946835378,-4.143066236236236,-0.2151756402319812,0.2766155428047907,-0.5246908839075634,-3.158988726753985,1.9093477958282659,3.0147484299730847,0.7905484157534945,0.32968978585041764,-3.541480345106715,2.557685470137612,1.1715810486998048,-1.0399240546793058,2.171895549841926,0.8079854684196823,1.9763548969036462
-1.680007684812274,-3.577937385236475,0.8081485513145179,0.47840048990704775,0.704449339154838,2.5285728223613586,1.3491943041053638,-0.9690513981999094,0.6968880065363101,-2.9525026509277517,0.5437907637442901,0.8253019258053753,0.08113321902195042,-3.1597994760944697,2.3750329441190607,2.4729263713245278,0.4380502712237697,0.7580826057771151,-2.467616014793142,2.5851463146065186,0.10252411766940635,-0.2434463872908728,2.0669091949899423,1.1200208310575845,2.0298498580054307
-1.2208106596748842,-2.849299463452049,0.38352036605407325,1.0503291853183967,0.6976265670911144,1.1591740344976769,2.4846060579934903,-0.6046279396366712,0.02856610885802996,-2.6606788576035676,0.9987506407775057,1.2084908770688265,0.6184319502642881,-2.812610745660214,2.60790051133028,1.4956724818854803,-0.11557367441217181,0.8491402154628247,-1.0729487111937042,1.3265709709040934,-1.0196574866437325,0.0754896437225244,1.9548224070405535,1.9022492590497846,0.9765046961854533
-0.45894136182742734,-2.4278965521424767,0.09281051989009229,0.8608260940685694,0.013515293955348262,1.0594295348438536,3.1292553772219263,0.7942469444263117,-0.1853859315201455,-2.0186125224620692,0.6045660219423952,1.0281341138971114,0.9087501270615915,-2.238043872918105,2.619437967337786,1.4717511383633899,-0.2724600187669989,1.3011483779709645,0.2349158179665708,0.5193982632845321,-1.7036577568895692,0.4274888722617572,0.7881698794658702,1.898396498100709,0.9160775405538414
-0.6085661702987403,-1.536062187719049,-0.10515418510258004,0.9144375897887673,-0.15628802914115103,0.9327793542777882,3.876432368734586,1.752661059898828,0.01101196164527321,-1.1016852111725117,0.5685168290436239,0.24887669722563383,1.196673018699802,-1.9396431816120667,2.5148674749386286,1.0808978166789105,-0.25647384257853456,0.5659755712012264,1.0969489356035764,-0.45208093419398654,-1.9620571962305968,0.12783759074120388,0.4231460267164918,1.1463119599680713,0.11284640601915027
-1.361021798379996,-1.9487774635763409,-0.730038552074816,0.5100597298371885,-0.22120941443001257,1.936748322587195,4.542361662384974,2.8819745677037627,-0.13811729716443463,-1.718459854547359,0.10540357698978514,-0.3271719528241011,0.42324228911108513,-1.6096325177558914,1.3370988322451236,0.5244153272130473,-0.16396788544933108,-0.3333609786937458,2.7773006853025755,-1.593060841067877,-2.502104820651748,0.10684748948671974,-0.611511583321341,0.18323297844735867,-1.5686015006810632
-2.246004372898841,-1.2983610255638374,-1.169129090515186,0.5163111562330149,-1.2196410511609004,3.2154360671385898,4.84179781059236,3.0680186758239785,-0.33517828088685897,-3.4536993860524166,-1.616437575333396,0.5176587010466296,-0.8464076407162651,-1.533272289383032,0.42545542206184056,0.39279273777121737,-0.5132710803663658,-0.23373961936619778,2.5240226803256722,-2.060494849107423,-2.6512139599109332,0.25323411466048307,-0.9330548011232063,-0.2100322917345127,-1.758474353736064
-1.6625508852786588,-0.8015809971874639,-0.8627994648842926,0.9971519870200918,-1.9751124555463317,4.183525746686138,4.3015908152641105,1.3740488639930417,0.739243095765662,-4.265207915656859,-1.2401946257318794,0.6877382681324853,0.21760296297753406,-1.886123262281537,0.9911229545171295,0.23350324660514413,-1.5842310486968496,0.18837129555598914,1.5719164250723632,-2.0265258338509544,-2.074765061305643,0.3107775134412403,-1.1829228026498348,-0.2779296541781439,-0.5564802349772687
3.627038806083243,1.3709808067552187,-1.3011426165446127,2.440972605864168,-2.559128147076043,4.6778411326220475,4.136303170756663,0.9464366830248655,0.003252238852178735,-4.803046386073957,0.6446686700118266,-2.983915747545102,-1.3579820157814089,-2.9402900800280256,0.9615935042460522,1.7913784502290167,-2.416614482101006,-4.081216904536916,-1.0725057273877812,-1.709812838820148,0.6063182121136682,-0.3180516090764761,-2.8908689161407435,-1.7957137748144436,-1.68014105505668
2.5695722561825476,0.6398813126241243,-0.26702198354188444,2.4984627931900976,-2.5064151035178304,3.775195929964682,-1.7496323801199816,0.3686993604597328,-0.4205202134976358,-2.4504454660372987,-0.5951422695579839,-8.25190736300324,-1.4754800310254144,-4.832554874706597,0.9383989156893903,2.92428018165644,-1.5827951913113798,-4.2485259324935285,-2.7894913986366143,0.862452644496508,3.4217050665221604,2.8008948878119146,-2.9242254617246837,-2.247557270262828,-1.2100324082570943
-1.5305342604568046,-0.08725525458248307,1.1777083230877214,0.62952653094945,0.34299786124432247,1.1683160338545369,-3.9510713914018543,-0.8716157316425873,-0.6676009400678149,0.7970689412818098,-2.0298754439182707,-8.291043793023526,-0.9428637815891071,-5.944697860383908,1.592444956450927,2.524225212787915,-1.8504065264167888,-1.735597569542876,-1.2424811471548733,2.7332291440496554,3.65774666526657,4.571314293216499,-2.616764721956295,-1.482511104133394,-0.6815987878433432
-2.186255597001437,-0.00778812859823752,0.4371711791913491,-1.1475205145888638,3.6254880809575347,-0.8588328020094462,-2.903669573934302,0.15061453030000846,-1.0607227749921515,1.6396883625146383,-2.520954578392906,-5.253350436060115,-0.5626082155798922,-5.750151316201272,1.530988205376554,1.1390408324070755,-2.7892158719617486,-0.8684627465034541,0.2164499226850099,4.324110236489502,2.0168136868848214,4.12478823912001,-3.194153266221929,-0.9655443403418552,-1.215880391499771
-2.200589931438355,1.6359455056941747,-0.7649371341204577,-2.6865026440506217,3.8907661296748537,-1.9056775523174112,-2.0422415241044742,-0.17772467865757774,-0.20503720604839848,1.6716429530723822,-2.9519829190818063,-2.9304124837332086,-0.15917061236354058,-4.331839539692118,0.8254591507490775,-0.7887738662477204,-4.281894242038181,-0.4236428613481946,0.7590789549091037,5.739887614477759,0.5433580934019969,2.6987915266863274,-2.388217128870261,-0.7044020199278852,-1.184174807104065
-1.769403278456042,2.0787555209222535,-1.0181460326832585,-3.542866546003193,4.185738131248499,-2.5559394264226962,-2.570526822497222,-0.8339354435364835,-0.08888711034034392,1.2893568288555364,-2.4545871359997498,-1.6305589404745076,0.6638965197586275,-2.524371596414438,0.6414992089399197,-1.1481207112488567,-5.003007880553289,-0.09173668782345015,0.33299364497900186,6.70813608519033,-0.12145959891167415,1.0584965746626054,-1.6937297630456982,-0.14964429234247714,-0.3912903165400228
-0.903011853375079,2.4374385225449795,-0.612859407855139,-3.0478010241132747,4.017484728840265,-3.166573971045309,-3.285024540232504,-0.8092268618208034,-1.7093670430559225,1.5188429243453765,-2.30304046172885,-0.8401374384029552,1.1392300879551205,-1.4580361903310741,-0.04676525223257533,-1.3958308218084994,-5.9139535170276805,0.3559811975234797,0.2962169883838272,6.542873055874631,0.08828369478604413,-0.006069909146270036,-1.1245265375539493,-0.16370690140818195,0.5196337490627223
-0.23430797214984483,3.136822981323097,-0.5889198966440041,-2.7752707721368717,3.4771584743466364,-2.81286872450581,-4.182707269379011,0.042330261931388946,-2.957541538253055,2.3576084294031987,-2.62354213423457,-0.26874671552692436,1.9891737327287162,-0.17905643286010636,-1.6894537381307337,-2.608778619931549,-7.088294587741593,0.8168930175696627,0.276878968470278,5.588904406077048,-0.21252502183625027,-0.4398048581101477,0.140399115766229,-0.39754002489438794,1.5305329788359123
-0.7451097409476864,3.812679467574438,-1.0322966467027692,-2.2797307689428883,3.520305437986355,-2.735800556280503,-3.6146025146357266,-0.533131015891325,-3.0032765719766004,2.1566259428786556,-2.203384096224197,-0.5040250380408999,2.667664837785768,0.2656625927684808,-2.5216644035378275,-2.1160448766730102,-6.94298778506631,1.0577331366228746,0.039739396323302145,4.349958381728806,-1.0280559827980407,-0.7913069155270153,0.5253171837216641,-0.24409452236534734,1.8266652260315808
-1.2009912488222494,3.993991034624758,-0.8191574638446226,-2.22049780966111,3.3204991217146347,-2.754880039318048,-3.8507720800727454,-1.1435419955379695,-2.476243330958082,1.3064260771998233,-0.5805422759932323,-0.12910864595009547,2.887108293106671,0.9491653405487925,-2.2303489584498375,-2.078900243232466,-6.2512298992063275,1.908738095574802,-0.6600238013815134,2.9499979764264324,-1.2267473406598501,-0.815548586575753,0.5083076161980328,-0.3169632636042956,2.428917243156345
-1.2277821337459165,3.465236928903066,-0.987347447307568,-1.557157812950084,2.0300947386165924,-3.5767191200520876,-3.3235349800277727,-1.4112015857312241,-2.092204373754181,0.9471081715510237,-0.21782602891409658,-0.8704729396542195,2.3310732719118046,0.9004495582876244,-1.6452888937631704,-1.7823388606955775,-4.883633364422366,1.5505340918546466,-0.7163499760319908,1.9440062718236266,-1.558375671814056,-1.840193913824171,0.9817984504081603,-0.21130080630508385,2.1181021245767795
-0.11790607331444959,1.976613226167152,-0.8526894304650949,-0.8803917715770302,1.5282913877367479,-4.08346656889071,-3.1812467264207496,-1.5128538198166088,-2.9734382487177515,0.03250632980408473,-0.019601887184112474,-0.9227188268100203,1.8911018709476886,0.5308744760278463,-0.8167171853304688,-1.6743773969889955,-3.95819199547614,1.9051471514882763,-0.510184756995543,1.339904355633021,-1.4900003852633024,-2.6169632273889962,0.26121055742264887,-0.1416925162319846,1.5492393089838463
1.248910888609263,1.046783363630794,-1.251588831902232,0.1204546264740764,1.0832912746649006,-3.3210510983170356,-3.8224477465349262,-0.9378234739382457,-4.4511008986663345,0.5464045366859113,0.5337060088849057,-0.7280108402591687,1.2391856367106036,0.49094732748894154,-0.46832266682716267,-0.9073981519150911,-4.225081802327317,2.020472379099634,-0.4765708960697744,1.3693688065227856,-1.341041464552616,-2.9222112781647147,-0.0948880509759299,0.7258484033712468,0.5921598725085536
1.343375402338773,0.6210613205779681,-1.7566942765883058,1.5711137868927296,0.0761459317421247,-2.3357818834162893,-4.036226717538228,-0.3218319049897358,-6.036955516761887,2.8016118230800284,0.40845396413465845,-0.3071146228323067,1.691369780168668,0.6298432547338502,-1.303388351504862,-0.5740437814513891,-5.5644020305423325,2.0538021305965355,-1.2194127263158854,1.4308739264682564,-1.0475778600092747,-2.3076276744682414,-1.1448650250925358,0.3671491657636835,-0.4808980662020991
0.09272140362632464,1.7188726736784954,-1.3598309225205434,1.854754193759581,0.41818732671977416,-0.7173257188509854,-5.101684200374351,1.0336347114020201,-7.160469500575718,5.753214257663937,0.23698690126067784,0.06386848533912637,1.6557921038800616,0.020287318612100425,-3.383410682995204,-0.8272863636288801,-7.431866454609903,0.9104921695623943,-2.676411923543232,0.14866227474417978,-1.4323965431624437,-1.3337482148412398,-1.1943679531236104,-0.21015335270831847,-0.508784197583777
-2.0525885167380618,3.926143180730015,-1.854170447009357,1.0475989545100537,1.7959760807216023,-1.1445055361626317,-4.200939510474537,1.3898073607620172,-5.355634633494578,5.384772214228076,0.4448984890176293,-0.19991927125849102,1.8914683229689704,-0.6946373269801671,-4.089820174392854,-0.9867864285010183,-7.63032627815397,0.24590427587042593,-2.5248366819210273,-0.31492386239336884,-2.4950451574174557,0.06754065307682186,-0.12074710147024956,-0.6026141311714244,-0.19533327670419032
-4.186514943523013,4.673271578913797,-3.4343622199090262,0.082859841773755,2.3622754603660407,-1.479712533389245,-1.9081082640623128,2.27467367706802,-2.248266589835785,1.8842491856137282,-0.019312555269707377,-0.5710932436055205,1.287129083718892,-1.1979527061728623,-3.9272165732393325,-1.778609764314409,-5.37185199667487,-0.7783853146101398,-0.18346105333601165,-1.3925104745718988,-4.685986312047731,0.4906182173662963,-0.2892060128741418,-1.8562304599636648,-0.9164569767894593
-4.227877979896542,4.471591565813093,-3.1818168166588956,-1.0253699593494245,1.6176422270914375,-1.3741432983968942,-0.20314335368897346,3.012792457095945,0.7882185388211063,-2.8331605549290395,-0.67091134642199,0.08926524191605358,0.22149136101793854,-1.4710461474858973,-2.7014304271511613,-2.1656670136077016,-2.90656602440345,-0.40563254921032604,0.40668960128321213,-2.0761670608426686,-4.277044617799657,0.2947261292556693,-0.9975517327093261,-2.7651593308907296,-0.14757709298139665
-2.7007353077836393,3.1453185029776183,-2.745567248514145,-2.1006388516096717,0.22828279686597608,-0.28456383266904883,-1.2948948491613343,1.3195897960463177,2.819993535581356,-4.803827007885918,-1.2847002079269478,-0.16977187840206187,-0.2770051366485758,-0.26375297834129946,-0.47671079642113756,-1.5780332387967204,-2.1052055388426703,1.4780175512780611,-0.47125546490590564,-1.3730663813613149,-2.413810748134136,-0.4816104940767072,-0.8083596814683235,-2.576149569688484,1.1616991461004416
-1.1828615280255417,1.2231908498127169,-1.6669275987073606,-2.060750279874216,-0.06916290767759992,-0.3412485107761082,-2.288237520592033,-0.7501424668989789,2.7472570660524234,-4.862006514278631,-1.1487379336801986,-0.5005140789227317,-1.2488505948200455,0.04879406208241441,1.159592001442061,-0.6064224427469636,-1.7048361698004768,0.6570010008847353,-1.024097512533646,-1.095544717357213,-0.6343549136415743,-1.5433840823413085,0.7322229432283333,-1.38621605330259,2.8741272334628407
-0.2065807471837791,0.04284000932214571,-0.25225128446721345,-1.5454110812373107,0.2644650275625751,-1.3104619660503187,-2.7313052378759446,-1.3942953554865347,1.8341449137083754,-4.565113748674993,-0.4520799644128939,-1.4791488049911536,-1.0823582613804845,0.03402119203544457,1.968815785745221,0.9107999033330116,-0.7380498372288771,1.2529474584824962,-1.5536478074953706,0.05507709566938401,0.812261934325939,-1.576916804354738,1.5369157085078957,-0.7324380040583341,3.6287935573713908
0.3421080585011217,-0.4387213153558797,0.4385330966287695,-0.35169550139561145,0.59724074944066,-2.06005424903017,-2.422719139558316,-1.7563577524806946,1.562035140718692,-3.444246895996276,-0.3931791549008959,-1.4990321953470302,-0.38034028427464667,-0.2566595281071511,1.968631130900322,1.2701532266296973,-0.5244566049120379,1.8479034902950633,-0.8172556670408837,0.39128451358210103,1.1321274592765598,-1.2573206183980097,1.901183557252761,-0.4227360464841834,4.022280437007952
