-0.3254940476881446,0.5390596803024063,0.27325098603703285,-0.107820118743213,0.4832485711689915,0.2649578819835167,0.5429485367429093,1.0887126273400995,0.613433482485158,-0.7116818798402952,0.03996179832713701,0.2823873199445284,-0.04711410480877823,-0.29453610530251323,0.8020114707078456,-0.11525280615340752,0.6354898146183943,-0.055345997383548284,-0.09615048623086872,-1.0827828980963685,-0.8287428165327173,1.007711019523912,0.8397473055710525,0.15173563286287917,-0.2653269446644864
-1.0977697426999478,0.8432858526026644,0.24472173221759652,-0.33390239097907726,-0.0027241296003805214,0.6788971172083397,2.262053051029924,2.012293784385403,1.2982182629926562,-3.645531482265601,-0.33479507747967896,0.09403104269663659,-0.2823582149973292,-0.12653647908196555,1.7711912886548076,-0.292286625265325,1.944330858909717,-0.4844607845520703,0.7669644218281716,-1.6739667974505603,-1.280392459348035,0.2249907122426212,0.7474795762803861,0.5440154592634433,0.07674202441778867
1.0009082629760515,0.011914624351487046,0.11271271823178794,-0.5238922981026263,-1.0321641388056122,1.2956587919070774,2.6798423064024877,2.3267040711411844,1.7742255462993688,-4.836984781460351,-0.6346913972826771,-0.6114370958447313,-0.2500152906705999,-0.28209159333070977,2.734694522148588,0.5111481425673493,1.9243710355354016,-0.29279396886182607,0.3442877902009611,-1.9866356329482886,-0.5511600406238041,-0.22401931218362672,0.06240567045583894,1.3523824967776967,0.34561784362611325
6.3713068311093,0.6284016584958197,-0.33039807657904424,1.7690296036371662,-0.9681087261342356,2.7303990611656355,3.1091635451848054,1.2579699494740255,0.5745655005979747,-4.3332836219886115,1.1006798649179708,-3.0068923217664065,-1.9122979494172268,-1.0067369328875786,2.056957588095857,2.235468628337095,0.23300350360929267,-3.660380110436972,-1.8319934640216933,-1.9290772537026903,1.6396723938515667,0.08754427256301864,-0.7644156582661604,0.18059193118325043,0.4738112511143333
4.170731050742735,-0.05980279196475358,0.7915905728402075,1.646766721727916,-1.2485466599014363,3.073785711351515,-1.515992840360113,0.3213065745453867,0.6258812446112503,-2.7886619539202866,0.16696452562905917,-6.083571487748802,-0.7090426129237541,-2.864620187158837,1.3199020761230167,2.892957001185,0.6421699082568568,-4.528617290616703,-1.927886438494589,-0.3964344603510588,3.143235141881369,2.669767043995872,-0.7033865184980045,0.8440697970090366,1.0187423962987971
2.257281307111776,0.08434029907246957,1.5787535327241369,0.8471209848248948,0.648162976548389,0.9540573256512035,-2.2781249748838635,-0.5101443299508568,1.6632353371749538,-1.955514222883054,-0.35644049873943673,-5.822841079019483,-0.7572894656518566,-3.9769556395541543,2.231992774543967,3.0841679508721143,0.7446772195676284,-2.453122981038139,-1.60825584433333,-0.10776098883159996,2.3684233901069054,3.3162629066363176,0.14804466102248376,0.775039473125403,1.5629599157827945
1.384089205962121,0.33465092451217804,1.175223888819423,0.15402322518901634,2.4553250402513522,0.044609053648960284,-1.7926593925505303,-0.3676111132594326,2.247242352256804,-2.0849087785888125,-0.14200701468354926,-4.724902993499808,-0.12374550700521053,-4.124207315876875,3.3743010287332766,1.868986747299262,0.4253601606923071,-1.10377991179813,-1.837075876587655,-0.10025767648074757,1.794520478007153,3.5607848988290796,1.043766246004824,1.1084483455624223,1.6257649766984759
1.5433219320523777,0.9344971857975829,1.0988172159666552,-0.7887413854068964,3.2073434267499814,-0.43501187323683715,-1.4987123274020733,0.41826645947144603,2.276859688413258,-3.0521407405093743,-0.1807256230130989,-4.119086514660759,0.2620777258131409,-3.920787061012078,4.199393682153192,1.1026667370071273,0.26473533003868804,-0.5578963349612427,-1.1638211388439907,0.10405375329517752,0.8930910738702065,3.3459164510924593,1.7119220242809077,1.146177097018051,1.4105190728259653
1.7289161853355761,0.9460642900620686,1.8232850932466191,-0.6149004683192899,3.66244364055782,-0.42155341155060333,-1.3574977668551558,1.3560384805439885,2.4055825218691553,-3.9359000735496075,-0.4275669476480572,-3.1062736331273406,0.7306041759725137,-3.8703792672078365,4.934433827351909,0.5232164719345432,0.3705135131723397,0.005859667723802697,-0.9714254544418424,0.6595743723328471,1.2065310526337716,2.892897618105869,1.0685817611698718,0.6457684441735594,1.6527350775578649
2.372069319918822,1.1954447799069414,1.8256830109786943,-0.5739319740173293,3.2082548734142824,-0.24044987905579301,-1.1962930211791083,1.8334786330941872,1.5451803749182242,-3.7410063854685065,-1.3038035906279173,-2.762831778366371,0.905170747458641,-3.766657176794585,4.694867032556986,1.0044343096969321,0.10680351002268589,-0.1979919074100019,-0.6531956236317216,1.5441260887602588,1.2345046882371564,2.18945459118487,1.8215404545899434,-0.2653844120141193,1.6617864793202786
1.7754192691611437,1.2476319413089145,1.2906565321188008,0.1295565521025629,3.183535623794793,-0.20191164553903423,-1.5765956413547597,1.5903374177622687,1.2248136241511303,-3.2292873052924804,-1.8092785725195413,-2.3883345064094477,1.3467032898644866,-3.472981783017282,4.000062182053644,1.221684820765511,-0.7534092124136684,0.34599520407567924,-0.25507859316418974,1.932253367235655,1.472829462759306,1.165390103476815,1.830963691499269,-0.297860051137457,1.9902703642036217
1.5391641113218004,0.5292841810019775,1.2573403180519047,0.03174285915132968,3.129699306157953,-0.20447598396784966,-2.1349939069304593,2.020165340595657,1.0707065844912809,-2.6085908185571305,-1.3218148418774884,-1.3157279456299078,1.698079194707718,-3.362044836082141,4.172833708310713,0.26342966295064535,-0.7417304585461322,1.2351720341359327,0.3409440615699886,1.9378201187633104,1.3652689803993714,0.9628133927688163,1.6783548365961058,-0.716996209471475,1.8854550956815939
2.0092788531375585,0.4273436583223761,0.9124230377071625,-0.06909781229128331,3.2387076143210343,-0.6877451263638721,-1.6293038424657087,1.973515350317968,0.8687874628692428,-1.7792497067627024,-1.710549515767488,-0.28222343154438245,1.6656066786071626,-2.8556955778389908,3.74021845470776,-0.1965279916805746,-0.8462897856448617,1.76304159355431,0.7234964698775879,1.6753928568320762,1.2613119581997614,0.19599710131673037,1.5577517826379155,-0.28893633597249113,1.4718129148545551
2.147575014897202,0.3935979064275659,0.09171672890467433,-0.1497833494844588,3.468387146630439,-0.002653055932625322,-1.1570978748352623,2.290505496459942,0.5919291503816807,-1.4049843322237023,-1.2766003576937777,0.04965684402831459,1.3227026652108622,-2.263346699013624,3.789498686480244,-1.1300309557893349,-0.8923629979671903,1.95720957930765,0.532012685722144,1.7632216428328777,0.9411679151416545,-0.412662977859474,2.1728466283702823,0.14615291615364734,0.5953406530487841
2.4741589040129566,0.09900211654530172,0.28473909587555357,-0.6487415319047641,2.8097836858375516,-0.02984496048741056,-0.31867991063926904,2.379550785499331,-0.19113814925022166,-2.043674468415805,-0.8684747900992567,0.3713098692176501,1.3503838144005023,-1.3843077837559765,2.7935771363934903,-1.1880619633223297,-1.2785763580581972,1.864559610965553,0.6871052518390816,1.8456343810292015,1.3860028146664365,-0.29624586752483956,2.29363393870162,0.2812031411768525,0.08981782563512997
2.086310837296397,-0.3979289340980694,-0.4989221021628121,0.07110861593081286,2.529307631446187,0.3927660772334289,0.13387849240214178,1.916574376581867,-0.41114088440285945,-1.2108101427310511,-0.7789554065719334,0.06340594791484108,2.107228770601346,-0.06790656332789231,2.0540015912078395,-0.6672125883843587,-1.1957607844472116,1.760670873504565,0.4712192221414965,1.6443309193986142,1.5684372859188436,-0.9293975330332455,1.6558520046338843,0.7081069748790579,0.43007854940976886
1.682473662143664,-1.157827901438889,-0.6435240455257079,0.8812136098000666,2.2534742934750023,0.8485594618770503,1.2627562862888309,2.7537433558464164,-0.6173609594605111,0.07132528536257851,-0.5276377279363431,-0.8609042320562027,2.2996097456452183,0.3708725633996445,0.94976598797494,-0.44947491087360814,-0.9841070836529182,1.163504563923463,1.116237820017184,1.2112136248741237,1.346493603024571,-1.6384838759805684,1.2963073962242033,0.793232562307757,-0.25220611683877603
1.4845539443555482,-1.5313072356733093,-1.0827762481427952,0.17095123416241542,1.6590739058911377,1.0946479611871103,3.391106804640843,3.267590270862782,-0.13242351623938045,-0.7756496314090678,-1.2598804146299316,-0.46782694497256894,0.7767662068199281,0.2885765702047502,-1.0135664817444434,-1.3760957459809047,-0.03464194490228417,0.32845137201249114,4.198529065581728,-1.0459431042190626,-0.3524550380276553,-2.3544208123041828,0.2925495374457136,-0.5794106168813181,-2.1076963905565758
6.268496988002728,-0.9425405355211827,-2.136634434496421,2.1116901533971886,-0.998999787177004,3.3338916003544816,0.7323627632991356,1.7356420844170013,-1.3052050489822768,-1.2436224747921107,-0.052040169898296074,-1.1277498682787959,-0.3239613136965062,1.2164941712470443,-2.026496472278326,0.10145295949004411,-0.5639875157978274,-2.5669686698136647,1.0773863896176687,-1.1794933856452336,3.0334577057101253,-3.2762618442816542,-2.3429016525971207,-0.9234303658393357,-2.5233641318159217
3.24663235098187,-2.3040558869501155,-0.5073398402046478,3.4361060447543004,-0.8014437226220156,3.062751180856843,-2.888518825764296,0.9075008008566958,-2.9475082446550838,2.0040568962483145,-0.6197879759296637,-2.6730896753483733,-0.2337037008594551,0.0922208082351123,-2.335700153849734,0.7811895500469677,-0.7544390144476131,-1.6405632074373653,0.27582164479727767,-0.2948782661504165,4.678102895783889,-1.9940044976888414,-0.9192990169256606,-1.0082021474897964,-2.430597171461855
-0.6013144907974372,-2.0617875581519445,-1.1176128530289793,3.1495720312570734,1.0703411195427972,2.4567868341400123,-0.042028206999453366,1.4206489067207373,-1.5534685751172297,2.4681399985662997,-1.608116978260963,-0.4732799248527635,-0.6489012438231254,-0.6083160332665207,-3.157869953971719,-0.5060728168576315,0.3939133303246186,-0.508888632484642,3.232323578541692,-1.7865138361583983,1.90769522727207,-1.0134591771862906,-0.27465437176857116,-1.7825256087606456,-2.716612294816202
-0.9951401240717945,-1.746153318718275,-1.344049091145753,0.3628299495494593,0.11747030828205163,2.4766252365107166,1.7531303186604674,0.7467229377898712,1.2855370360266785,0.4012140416399997,-2.61875513954463,1.1348171673723557,-0.06017084849008361,0.6478211449952767,-2.7177724072534315,-1.305567224088378,1.133877548339111,1.1330407635922466,3.4610533909116215,-2.1188533019620523,0.9687017716138248,-0.916833543529391,-0.7371430169280642,-0.5238848532147572,-2.201088882904955
-0.6577478074388032,-1.4250130197898452,-0.8770351557322815,-0.40950848109496085,-0.42603265424740855,2.6049051433683994,1.7047992895649529,-0.8933970626180264,3.003287046785281,-0.21973376407427886,-2.1401703279788764,1.6103632952619946,-0.2982878387590358,1.649401659959289,-1.1907227855782796,-2.0930991960048213,1.643199524788887,1.270477388070631,1.725352008052727,-2.1347454098573984,0.45713961478632004,-1.554841441177802,-0.31607114551126847,0.8783225418813134,-1.76958412331238
-0.38604112900131815,-1.0825955270888221,-0.7315096609560687,-0.12662772894587038,-0.4310124611733535,2.2538632739245212,1.0347463359111002,-2.462636470121253,3.2327658920738283,-0.6194726040020653,-0.7592064098687126,1.0241802941770612,-0.7079049596786738,2.0408866552585194,0.1446579850348394,-1.9354338821187895,1.8290748919663515,1.1646869575109933,1.1300229606284513,-2.3193637978275223,0.40544998467272136,-1.1106346796845052,1.1351367140815758,1.506868056280752,-0.8164875479768369
-0.42457285824224694,-1.0783966007299666,0.06497233067576305,0.5162031553905337,-0.27017341088838476,1.3562218989826484,1.0689834372409281,-2.731647343360768,3.51566268031396,-0.5254510604919964,0.18773842647686156,0.25339646755682643,-0.35556496353484607,1.791037858108754,0.5675486719046784,-0.858679972872971,3.0922916050664226,1.5709495527052604,0.7401258175315307,-1.7635021241298041,0.9881780941331662,-1.1184480998237296,1.2140586478499662,1.388244694823561,-0.6928965411104071
0.055166925327952046,-1.823966364734056,0.058322196650194356,0.4584096534483503,0.1386037255673115,1.0612946275655528,0.7330382550841192,-2.558866001112121,3.5609663424238334,-0.6372275301820858,0.7621132482213033,-0.07453968741889681,-0.48271502936845445,1.3987253791653154,1.0587319708188567,-1.0716519262655455,3.6159654964324424,1.3660225162242428,0.507615040113967,-1.875512968961633,0.9165065418887051,-1.168741412387596,1.013442544699887,1.10996482451621,-1.673849135950078
0.32305374378155977,-2.145836795555766,-0.06880852811707969,0.18418091626399283,-0.14561730411969173,1.0584245956269918,1.0131651170949207,-1.500301711157146,3.1214521668914577,-0.03768531707153622,0.829381773407738,-0.3750871627792788,-1.1849457702508934,1.336668650338259,0.9782953277634878,-0.7839354068315504,3.3752953118292846,0.6277100815534981,0.06516908250906496,-1.9993174153840703,1.3447866942677515,-1.8485100585259313,0.4531590506258031,1.5828052838134965,-1.9832080824831373
0.7511820669464854,-1.4569779926099165,-0.34508981800556116,1.9814554318555628,0.13525558964183182,1.660456050828098,2.238611848484066,-0.6266039967567392,2.1507551416435784,-0.158431880609054,1.0257620080251055,-0.8703251708903924,-1.0444838110736252,1.6519103627697156,0.767976448801174,-0.37261971834950014,2.922675148728299,0.5145692670305805,1.4921352356317819,-1.1747230092344088,0.38141036739788503,-1.6160984654045896,0.05641578744331206,1.2194813540552794,-1.78850569821913
0.44620610441137887,-1.9918543492952179,-0.8893792036597334,3.237259448545696,0.4235846273617057,3.097078553101456,2.6861573908861107,1.0824814118447352,0.6623723436671042,-0.608158730550779,-0.1762173614845436,-0.17811507456409892,-2.6763432451633884,1.29063681311034,-0.12386824899693305,-0.6040761619660402,2.8563669350784213,-1.0291597058627886,3.3507298280844724,-1.190064669139754,0.31616181550693306,-2.0021673402201428,0.5536884658159569,0.5843017374586814,-5.332245231271914
1.344175902871627,-2.850418397496389,-1.3952525578579396,2.63281349725739,-1.0122943572915823,3.988454150935263,1.1869923460744123,0.9468985692420165,1.0379237961903007,0.9992479469448032,-1.0361721397853105,1.7728677986524597,-1.9646977724223709,1.9549658168648385,-0.9562629288198611,0.23944491777425025,1.2863491613468,0.2388476540405909,2.342245914232705,0.18862505140058994,1.4257522867109365,-0.5826914412926667,-1.0194257022888802,0.9192152505152462,-5.043296314093997
0.12072863651596102,-2.317863313534072,-0.6593805143437297,1.7151582149320168,-0.684839033971756,3.2482645158360555,0.3629334097603115,-0.2585378761888289,0.07931781937238158,2.065992666425611,-1.1438206954782706,1.941688395861589,-2.1634786135073587,2.100548972353999,-1.1350920217969267,-0.12908243733032085,-0.014313474690769212,0.3142088121361824,1.622119334375111,0.6365832851091802,1.4180374401047824,0.7255364442215333,-1.089705321181787,1.1633939768036172,-3.1849509707817263
-1.3912740869472469,-1.0956781611498378,0.27908960069684746,-0.003451800740399462,-0.43006344231548627,1.8748165582489091,0.1475421559183362,-1.5867715964501017,0.482381526042648,2.0042853326387413,-1.5267828580185339,1.8373687843074642,-1.577590187058669,1.9535251980487398,-0.7517258040790046,-0.5073283015823684,-0.8880087861992351,0.06058414777033651,1.5376563938184358,0.013954574861681168,0.29136587909464906,0.6506837932832336,-0.6751063208532337,0.8465556333022418,-2.32727117421685
-2.2474472031869026,0.495313928827821,0.06850473302211897,-0.2152551141991103,-0.24009923256289206,0.9060799189554161,-0.07909961544908778,-2.2193790566885134,1.297583525972358,1.5150622317038287,-0.9413463529606272,1.689125671836993,-0.8649423368463834,2.0165704389438805,0.04130778371033936,-1.2522246951729943,-1.6248702535725883,0.20106144800704157,0.9741560074127382,0.2770035819046597,-0.7172088449355483,1.1499481318058762,-0.25221601047166486,0.701326714765056,-1.5404900220419924
-2.6299059212099083,1.1023173408667613,-0.14708007161761394,-0.42727246499808713,-0.4882072244723406,0.12128787022607654,-0.2378043856906234,-1.5735991308376975,1.5215113840390089,1.329332328134972,-0.33319274727888104,1.0591905027142834,-0.3910267007188711,1.6528503568797583,0.724275594385997,-1.0492545551038468,-1.4632609104419645,-0.10311840904916543,0.8326777819485222,-0.19751073885423615,-1.1184036484850208,0.7818019513873895,-0.3657008523311809,0.10639169672872627,-0.9304276982059863
-1.9175794703663072,1.360383550068241,-0.5166124032080922,-0.6364983692887418,-0.8357504113153278,-0.6800061473142179,0.6414904683548462,-0.8123198696263719,1.0373172134100155,0.7033194134455678,-0.2694356181402225,0.603076284415549,-0.4138149560613368,1.2745150191925985,0.6854076337078097,-0.8184253129366437,-1.1866775786767625,-0.2992738334513229,0.9989169036997984,-0.22019395631690103,-1.5489589075526866,0.8222501253016563,-0.8037841618621379,-0.06805548545525893,-0.36146459864826064
-0.5389112509382843,1.6469579945886605,-1.0694379614755924,0.21058114920133478,-1.1319338831077619,-0.8175349055501171,0.5224444211623128,-0.7548167664293574,1.1784282806947848,0.24786602207978448,0.011530097523493876,-0.06324321510023904,-0.3651168730145468,0.9936798933530048,0.8357724830239742,-0.5093371638832636,-1.0253616191669088,-0.5064033511687801,0.15424810686349005,-0.2909087890523565,-1.0496741197285475,0.5835303786785215,-1.4122151422659357,-0.0003881197749234025,0.34528387857972714
2.9983130658821433,1.4696617867979236,-0.6988469707591252,1.8581851805825205,-0.6013938146968874,0.7715509842887297,-0.5360771744786912,-0.3071387792639703,-0.16779607557819304,-0.9016338498430709,1.206883872606529,-1.891208923575208,-0.9820917149321002,-0.3892287382725978,0.43539308333842314,0.2485984303866436,-1.746775961095187,-2.9335744535005346,-1.2587449840295069,-0.6637340570704116,0.11456525415272661,1.2417768887616856,-1.7438511205481593,-0.15092618599771834,-1.0178405076714736
1.4335586680859094,1.6321549467117735,-0.23253709887732515,1.4834246314300565,0.030131271372989946,1.3549361863450458,-3.179026376917445,0.22222316822356442,-0.5113919170969249,-0.31891259387304616,0.741036517539557,-4.453767290926945,-0.9795063217904846,-1.8962169328482326,0.7804550897215067,1.1368240673218333,-0.8379454639386255,-3.8349481635597535,-1.6110916845512395,0.44383408269696445,1.0131070401131128,2.6831998209854038,-0.8685220951734227,0.3911311727173975,-0.7657653127029818
-0.48951750447609826,1.765703587022339,0.23153438968579004,1.178585561779408,1.9974544619424808,0.3956350073059921,-2.6044342857427405,0.5613557237059721,-0.7922313579483435,0.14673177182075833,-0.17230128474504652,-3.3773715897659615,-0.6080413587452834,-2.8001884655745797,0.9975250218524279,1.0060551103440694,-0.9825813161387298,-2.2491668681392922,-1.4311601028857572,1.3719681848456058,1.7757654637235085,2.9576523239846098,-0.583723416621545,-0.2234828228702433,-1.5864136238204622
-1.556719442327705,0.6057001824743611,-0.43420396372009673,-0.05922990729580292,2.847049075985662,-0.4406959008309805,-2.011315993706254,1.510194491916618,0.3106475888191637,0.01675597150706694,-1.1131231522985239,-1.8091473634928288,-0.31241007979081914,-2.677582578918825,0.8783372971992155,-0.1910702344838782,-1.1124092128368457,-0.3847020968918495,-1.1585967626956264,1.921537570323983,1.7942812290769892,2.524778974056341,-1.184944077412549,-0.5387124796753453,-0.8063172193255437
-1.878869739629512,0.8970938527159145,-0.7234442265176245,-1.3591679468469569,3.1108441065103944,-0.6283593115854524,-1.6274546535860372,0.42355125883381783,0.7865770194547244,-0.3216110063096533,-1.7994932939122386,-0.4297632821477282,0.15538479729912613,-1.8995306356830426,0.6858251710119778,-0.3554907074608348,-1.8337783454647327,0.3390569490589834,-0.8074344666592826,2.5123547488356914,1.0782253886346502,1.2965914763741124,-0.7953022921193432,-0.5035776687361789,-0.40489441271125926
-1.7093114803570346,0.5435125260398662,-0.069009357097266,-1.9107334443454156,2.703821535992004,-1.229876023906952,-0.8683667994056081,0.18421541408666625,1.2232318951103502,-0.88218804096114,-1.4812081073339824,0.11603926580190267,0.3949542417074223,-0.5591219856541165,0.6816184372596223,-0.6920569339650402,-2.1231359034025137,0.9420862318902183,0.13490315673384454,2.0677352320435336,0.5393462136184666,0.6572868121238524,0.13819261087676976,-0.08730871770373866,0.33069602257787456
-1.2542182037802998,0.6861903515965401,-0.04593017024331252,-2.171740298814969,2.134255228356759,-1.6120218084403664,-0.30513269985168656,-0.4752708133050241,1.4011066119663378,-1.0067805877420528,-1.896996841517363,0.30192216876876155,0.664230415525943,0.15299966093312015,0.5815289630252628,-0.889358638891193,-1.6517334479604568,0.957190111233667,0.58375045670054,1.6256622368825848,-0.32805000985886734,-0.5466015064573332,0.6032925178386249,0.31765233286119726,1.0936363257658264
-0.7886391431247599,0.12074962079138671,-0.261845989343976,-1.7563445193964924,1.5659012934352012,-1.566923616751928,-0.2739257942692853,-1.068888874290907,1.9517457416245307,-1.0660595181531913,-0.9680554946267962,-0.2541544411226379,1.196550791743173,1.3415466945648171,0.7759082447179658,-1.1683463098897167,-1.1752504417799392,1.0861883913531039,0.10008532445420497,1.5703162222138212,-0.3829468407677211,-0.946474819562659,0.9204397348448677,0.6950112221077756,1.3551549856101062
0.026804213625049145,0.2834017768769497,-0.8787190495788282,-1.071587716312468,1.2256714170108367,-1.823388898957623,-0.3591314321723561,-0.7847950426334591,1.4915132860388705,-1.4275601517301053,-0.3770119187940987,-0.5678668241613789,0.5978073063079569,1.7363040223267865,1.2649524201162714,-0.6592856656287541,-0.4090979131288802,1.4571737927074084,0.1121078081980719,1.1750389762007796,-0.9119232176644407,-0.9596590845004119,1.6318240065214313,1.3439045758186552,1.2447418211012995
0.7819809281836608,-0.33344024377886744,-0.9276271004894114,-0.04418042429732676,0.5438397284421806,-1.7624141657507573,0.2776873244637826,-0.6026674456583594,0.023095563990882775,-1.4786464228397753,0.30872050770071013,-1.4655494836621752,0.7099993563436836,2.085872992901095,1.164523551529667,-0.32425821754705225,-0.21144261844291845,1.1383823373318682,0.0699788511844321,0.5060368560827262,0.2888753344705132,-1.6980432164119137,1.1831762968553363,0.8678263418778953,0.15649860645252645
0.9184535586166552,-1.448894459082995,-0.5695689994622802,1.5220656080633181,0.5115468262143923,-0.9490797466314035,-0.38420922613758135,-0.38853657362786653,-1.8244994401313448,-0.9934632751080825,0.5686311717667261,-1.6066328171025992,0.4700340307008644,1.3471535558819336,0.2940839962397742,-0.0868366815506127,-0.9326867783615815,0.7126639120140978,0.26051379602905417,0.5928606090133943,1.194056012043183,-2.5114240017871623,0.30458551453714644,0.8311721100771947,-0.9198221113408431
1.3413452060415496,-2.1935285665738,-1.1040093034978475,1.9577793230633724,0.22920286627406478,0.0528847282750535,-0.9189388727147978,0.46544375795285775,-3.269063783718175,0.39379246182334526,0.3199255449181101,-1.3448605040168593,0.7272785814359082,1.3540318692338558,-0.5451602609598545,0.14469120212023517,-1.6118100074860688,1.3532537155464421,0.696364589339744,1.2334350867938362,1.667338254378478,-2.4842938091307873,-0.2585076542876706,0.5471030244792261,-2.144426270011204
-0.30732181069900727,-2.3474242184854877,-0.8672118898977668,2.5419727556432026,0.4972513682174883,0.6002486632743737,-1.4596614294255472,0.9922687756117898,-5.139542679705358,3.3314450671420506,-0.6578268620134615,0.3498233810891142,1.135283900784546,0.8774707668119911,-2.3494844088796447,-0.1788774583533353,-2.326340128636153,0.725168775972511,0.5355809376139078,1.1907409140278176,1.570553069995212,-2.2758627607579025,-0.5909357272878903,0.02286192941117335,-2.938722549283256
-2.1176069970384077,-2.5331533051988866,-1.0088587669801685,1.6809794204185855,0.7550773607893015,0.7472571478326462,-0.25689015487759326,0.6886292793765043,-3.5756937295416633,4.7290226016034005,-1.9924919825928709,3.188068103921841,1.1809677838818617,0.719055943752799,-4.035778481937854,-1.5910128220818363,-3.3477392563086297,1.277725311495819,1.1162902136697705,-0.0770925971118977,-0.4482043607922559,-1.0218517511031795,-1.7463139146169595,0.18596407973159837,-2.4455649830812254
-2.823115553971891,0.22604456837318698,-1.1974073707242312,-0.45761002115254484,-0.2775627718434009,0.6812886588371065,1.265308250789428,-0.6874256815648794,-0.7538924596051672,3.4240287228334876,-1.9634044533596935,3.7992503061159413,1.3540804091599157,1.7659551806073612,-3.8090625202780006,-2.363909595369876,-2.7301467477899823,1.6808599717059527,1.0775908768339617,-1.1469321069273837,-2.4135533063590064,-0.5362673174599043,-0.7733108090048321,0.3640993644160604,-0.6092734038758804
-2.734096589159537,1.83911521465244,-1.5354306328342024,-0.6996128459418538,-0.6217063412583236,0.3088022090410608,1.4024339967620614,-1.6295771195562576,1.9291044838462477,1.505135119289643,-0.28911066655494866,1.8349378843494062,1.403286343493124,2.3767978940320322,-1.7802107519285435,-2.714333258174159,-1.495614764744205,0.9128783729498914,0.9512915620138258,-2.5904879840554256,-2.8291072859212267,-0.6004486285775743,0.6374573188206702,-0.011407165373976264,0.12140375923016539
-1.0093504341783575,2.4394566078232347,-1.711209828369627,0.1913171335304724,-0.911099659861326,0.19817982174834986,0.5829885545117678,-1.8938993977923906,2.3031669365939713,-0.477213478586176,0.8919325672338796,0.8346980918512383,0.03670999405277511,2.0524131577638687,0.13911896457653727,-2.270739491462736,0.38316887797854626,0.12216918293426726,0.2806027960035357,-2.723769174704306,-2.294185604009307,-2.007156315855833,0.4913319095900404,0.1884761573378882,-0.265727595850336
-0.2011451487305463,1.7799461260367604,-1.8913542108305925,2.519646653803765,-1.5000042415964319,1.0685137182807514,-0.08309244572441385,-0.2906250712481239,1.3730666065923693,-0.5858116665057225,1.2728576002156775,-0.5775609833501519,-0.5138635527657555,1.2575202016522098,0.4536427513652325,-1.1367621046539367,0.9445937426818077,-1.2552159966675953,-0.35385589920018745,-2.6084090490780176,-0.8971195374750924,-2.643619195291513,-0.05229192772447179,0.10105925262063883,-1.3315969187216716
-0.8988500443776757,-0.016197124289949155,-2.505431053730578,4.505724946668876,-0.4993577192120302,3.04294250767835,0.22057798456302535,1.9031256350461199,0.7830250595329415,-1.07729345598411,0.7427268841887475,-1.4181224966154744,-1.6847354956268292,0.36423187702164,-0.4260049260024289,-0.1860091044141952,1.3088320790252141,-3.028101053253209,0.4144664307503839,-2.740004426807975,-0.1252830426466608,-2.083180480004138,-0.16027663842700074,-0.8883717119996398,-3.0570775035388422
-3.0661930830165134,-1.410385383802186,-2.444926192765742,3.5697717358755434,-0.18485156854295004,3.457328531860107,1.198388841445195,3.4501277196009283,1.348414490198193,-3.1155527609235594,-1.4614579199195894,-0.1476429063068979,-2.178721136440619,-0.6548023756476887,-2.40773467816149,0.11979609093614449,1.7402789280210216,-2.6900092947816034,2.608669086315161,-2.5435984041345927,-1.046963697480916,-0.43609696586323965,0.6228010838908044,-1.684139683356648,-2.8794269019292216
-3.00018192927833,-1.6975292427836306,-1.222598288773554,0.6206490731859824,-0.9242873395050069,2.2282968763537467,1.4831510245955162,1.6336450829080469,3.1972287260642904,-4.091115045668183,-1.4742513673150428,1.0788134701265977,-1.1784612429605767,-0.1872438194281095,-0.6854279921551549,0.2550551370855004,2.067405088568946,-0.21918458006010863,1.303780167203719,-1.2643867831542992,-0.45837211386826515,-0.5844184774968838,-0.12026304594434396,-1.6852477974997233,-1.1077999371518081
-2.2209294093251946,-2.1807116790849896,-0.3160306085085237,0.7101782219315647,-1.4809069277264069,1.5495088611259271,1.5690059134761156,0.10356808833328449,3.8296782391053337,-3.991387059539378,-1.5996600755519332,1.3799388758919973,-1.0523658050431268,0.6643902676699082,0.8942055406113057,0.2475479803780955,2.3116649854599602,0.3548728008345608,0.217242709000798,-0.8485415816304676,0.1723646848887994,-0.989978854025334,0.13460687647121414,-1.2972168584234143,1.1968346088792219
-1.490309711783752,-2.752463070708126,0.11701147490425862,-0.2504835962917148,-2.0660792648110404,1.7240418023499606,0.8128851063830572,-1.347890143211849,3.451429187055352,-3.7338720220205652,-0.6910679950053868,1.4442137456615851,-1.2507810229594707,0.6860072257504192,1.57837627296482,1.252416354087375,2.3326578931683106,-0.15269366860870337,0.02100049621773359,-0.7847461562870448,0.9805475395402897,-1.7346978688485046,1.200850555386786,-0.31867960254729033,2.0813784625737517
-0.7678780629715635,-2.6288542514752544,0.5388765303678158,0.3446691196946616,-2.2668218710832413,0.9040323117640193,0.7142235922736945,-2.1850303802086564,3.3554541327089242,-2.0808588525177845,0.0010157535473067844,0.6917923451730388,-0.6634785330817439,0.037284096734360186,2.161774421966008,1.680839094429074,2.105184646315272,-0.23475705165814525,-0.4845419572267182,-0.35678148889134453,1.0827196163950066,-1.073488196031268,1.6021927839012364,0.1558134937615094,3.1563223892584618
-0.6188361980201058,-2.105894633222032,1.2558754974338178,1.1580140848702403,-1.9557863053181173,0.49431065865966983,0.8027337332315413,-2.5801434744049727,2.9203202909624473,-1.0608771096162706,1.113829877489625,-0.26997747321923826,0.005010226217609243,-0.6483843642843594,2.7393008882163197,1.6719216088028293,1.6113436125441893,-0.24422124478724538,-0.2374655331193197,-0.10848846400524992,-0.11689560983706171,-0.4843702301326975,2.027062562423065,-0.7181683278327534,2.771562647098335
-0.6560437361474746,-2.2264419552442463,0.988831872140657,1.5211019201450515,-1.4956419004155164,-0.5203406014549747,1.5843115766074474,-1.5296532802165064,1.7412328018237357,-1.73433390276563,1.9370855975510886,-0.4849643181401462,0.4006025754075343,-1.1786061597642152,2.3135377907519117,1.7571642770889384,1.9887627893091997,-0.5080699533036205,1.0111260051918172,-0.8037973113558702,-0.2988362899481223,-0.9395306521770224,1.4170685769730398,-0.22412946854116972,1.9074343927584962
0.700572182012662,-2.7343775041531853,0.08511830441733348,2.148805763364359,-1.378814153292336,0.31890749851452693,2.1718363561138183,-0.7908779564075328,0.9356420787679365,-2.892468424327165,1.3798867259167562,0.23373736376021786,0.7985282814542548,-1.1895314269751203,1.8192629936220694,1.1911565055505902,2.045003269905503,-0.6539604117889056,1.6935725139532785,-1.2337275088589261,-0.5285616889111554,-1.538467339556377,0.24227998798006045,-0.0417961460878558,0.3179892590345029
4.318556706771853,-2.4284032672210905,-1.0626935853722854,4.144316338892407,-1.9058595293026837,2.7141922115327564,1.26094191968009,0.1893250669394993,-0.7888459896470927,-1.303772355766352,2.068885011849743,-0.8774433560894478,-0.9370777557700118,-1.2970502509544182,0.8872398911835778,1.6811721439735943,0.3212442924214054,-2.964325242826161,0.4475607357279245,-0.011420438868029237,1.6968720540759796,-1.9715883981432782,-1.3914928156055886,-0.8183935830309833,-1.4200812812650323
2.5318424482790314,-3.7426812440918416,-0.3971513985598081,4.3063108248898025,-2.148833383821757,2.709188814681771,-0.5138821212178972,0.41264605961828793,-1.817656186098977,2.3681131188453066,1.3837525451991988,-2.431238445911672,-0.6150614763290948,-1.1443802715841818,0.14907172070971286,2.430995612415821,-0.5310966387946578,-2.296329968196575,-0.5931330309528251,0.9432026200577974,2.9976729347946334,-0.6533880109619072,-1.0468936439466665,-1.1433112350821937,-1.359159089410503
-0.9148757052370218,-3.422161860809764,-0.8815671001502098,4.739336405009125,-0.7585653029365574,2.6802345628234168,2.403750625328932,2.688930145724684,-1.7068669044967495,3.8611903487096804,0.4185683685782927,-0.8809268410917647,-1.017439515076096,-1.44599160064441,-1.3393635578105,1.0555972207415687,-0.36102887172919906,-1.9822855113061641,3.5030976358946226,-1.6705442539258555,-0.13894289992267114,-0.5736424627258216,-0.835449124691329,-1.7499072221830725,-3.2557830223131408
-2.318749995915195,-2.4994924601462603,-2.233616422023391,2.7462188839574773,-0.8472340617258391,3.9289019879175218,4.334132974877409,3.043845183228945,0.4074212793402323,0.7424719700886767,-1.575458263376286,1.4332344032121345,-1.4938042104317666,-1.0284796635289806,-2.460294124262285,-0.7846874617848633,0.13146396970042162,-0.8693162448317433,5.738282397800672,-2.0040610032722976,-2.200897634390383,0.5296811068599441,-1.7253408835730397,-1.827935540886734,-4.1285552109423325
-2.33050654061772,-0.79771195461819,-1.9538041629217766,0.7478961728830419,-1.5923078390360181,4.3261215113340645,3.937238981561995,1.1348549435703208,2.0798740683008115,-1.4804002148297568,-2.413249600271789,1.1208367871149267,-2.0747264845735502,0.11432479990152791,-1.019969424422037,-1.1243118369206035,0.6057294593281342,-0.212702502492995,3.4628594848271357,-1.102651778325034,-1.118179257484909,-0.40521855818602615,-1.77520986594552,-1.3743877435502911,-3.31381388818428
-2.7428915138556373,-0.5772287691983458,-1.867273191885643,-0.4072087199870682,-2.1759730631954066,4.598146056447247,2.579147168182889,-1.1031663848608373,2.2847571866540157,-2.0417822448060354,-2.1559767120657907,-0.07386085552138011,-2.182990234737161,0.7947526275576685,-0.04240656216921451,-0.22881823987885846,0.17958857876807538,-0.6289780567838772,1.3498143318491762,0.17338194192188283,0.677470010465385,-1.0026644733387156,-1.5399675398480266,-0.6896723811980163,-2.7728279108830396
-2.762965478239819,-1.213787211855329,-1.209289489475063,0.44945956834974343,-2.246582001879394,4.01450588795811,1.3102739071340057,-2.442649929678901,1.6550227601207348,-0.8213243929850831,-1.7793234170753247,-0.4655081300626859,-2.1067547233064903,0.47959269372922936,0.47268925776570364,0.35915155454360537,-0.36386995236838743,-0.7645169807214598,-0.539608828545465,0.7145893578231135,2.462533514329698,-1.154892311147331,-0.9144686536090011,-0.22139499803432697,-2.063014410659027
-1.9450334117823074,-2.003769245789232,-0.23590570517013398,1.6939417660435616,-1.2816580976184375,2.8453996759222147,0.5068270009499651,-2.8209904482808783,1.4079152527154384,0.8175006657917232,-1.3760751052590614,-0.055701479447652746,-1.5200815937621246,-0.3317783842804925,0.47024516631863555,0.29167443011941124,-0.17614781326598478,-0.8144785416516972,-1.2789272742721494,1.4980719758063739,2.170989051781931,-0.026541759899114004,-0.22402511647455703,-0.5177804823764692,-1.890957588432713
-2.1545224625406547,-1.0694211803302067,-0.279034545269641,1.34627992718453,-0.6223670563963272,2.497960086469438,0.3592173344339773,-2.6707463290214686,1.1880047468645691,1.7840513669270541,-0.6467056540396589,-0.23691770834583162,-0.9702307973279896,-0.5334453716366084,1.2074911919733382,0.6282340984847572,-0.8334249983574732,-0.7148775637754878,-0.3611934559601641,2.4585662738599177,1.3590421640975534,0.6049239112169775,0.38466953904532253,-0.0897966946518561,-0.8712948386197765
-2.2922518673279297,-0.7621766630925847,-0.5559281370928602,1.2590976948737977,-0.21405979127835176,1.5673299255256787,1.0645611282224918,-2.2851803401551467,0.15494242972330374,1.4307334951805608,0.16980837483873176,0.1975752708734566,-0.944039892418538,-0.4367161379143044,0.9386024646082418,-0.03065305198085392,-2.333811287617184,-0.734058715913561,0.8401064103903719,3.389341026666693,0.7961164432527927,1.170505760965736,1.2431527039294106,0.06911700932268086,-1.433884177509
-3.250067335522087,-0.9991739325496336,-0.15341219607459797,-0.1153249078034867,0.4635160549634118,0.6354847556085933,1.3504261695951256,-1.553427122128943,-0.3966600665127955,1.716025535754769,0.18876796119456052,0.8641216465873164,-0.21099968314990264,-0.1838344476491673,0.7438848318063606,0.5109805961016621,-2.861044352774876,-0.6317882324643507,1.6550383693626545,1.829695046738573,-0.18450297349895736,0.839736856576336,-0.05981540625369407,-0.39439939277098657,-1.6474638727470543
-3.251398465791805,-1.0884176396236485,-0.8579515620315417,-0.7338687270458445,-0.26678472556806554,-0.1667844029959444,2.3231840125542926,-0.49653109560736397,-0.13397262366273432,1.6897200106060346,-0.6446902320310086,1.655610423835011,0.08138835829756719,-0.05966872659602958,0.4458964151479632,-0.21463012827936973,-2.8810415609024354,0.02329803036591768,2.3052460059423625,0.8222758736203153,-1.4155614589208414,0.8225756648094198,-0.6260450591875952,-0.21544054517257957,-1.2075022855534443
-2.7957646523405595,-0.8475902267727142,-1.2550805658655413,-1.3624966209001896,-1.2459606223894202,0.1666448015482358,2.8317429838107246,-0.5055151520834057,-0.20344297392919966,1.6908221485320785,-1.3593167161013073,1.8187196884580643,0.21113332306779736,0.7297369436305008,0.5179033889272264,-0.8356511748606102,-3.1747958798024682,0.22540676511179086,3.0334062909690482,-0.6357387638993677,-2.35923083382959,0.8358813547193455,-0.7112802689328056,0.0882344036337621,-0.5118641330536203
-1.519282788335418,-0.046707430474527356,-1.2401127767221651,-0.03807654089258805,-1.3135207766743036,0.4371719687004228,2.617445671918917,-1.0980708440784215,1.2122508529025537,0.5961206053889727,-1.1861505836970523,1.6982685997967075,0.6157525219656956,0.8423482359682699,0.5733310264739896,-1.2010302189889168,-2.343895668224264,0.1896006403470762,2.3613601677439675,-0.7311418307236331,-2.650699468645786,0.48031591820865543,-0.8937010890259761,0.354991177327077,-0.17414044501093354
-0.8257261386755942,0.07540713283905219,-1.1217830055935718,-0.06342210998986589,-1.6423080521386866,1.367210203802261,1.8950715956855564,-1.1464508307964152,1.2025212970165546,0.6498786313284114,-0.6909721594262438,0.7598734930066186,-0.08465226629307046,0.8838305648560858,0.5645664206487636,-0.9154113024222212,-1.4629478049330187,-0.41849400119699887,1.480681023984992,-0.9028323915208285,-1.7476325659264191,-0.0787765582848659,-0.7968469430759134,0.5874057480686249,-0.436966394496213
-0.4898701345671897,0.13366346691249573,-1.6108260601492006,0.4777166467939119,-1.6804823170251844,1.8883617048708865,1.8175648426425308,-0.9397763096567564,0.7335299863161824,0.47435624311031543,0.03982297690955196,-0.6474199560032478,-0.4738090261979939,1.1051064235616568,0.049439713452842676,-0.21276630865822294,-1.0484399481646736,-0.6479630734672497,0.8107308396100684,-0.7362335349092852,-0.2675762077589564,-0.35985140588277176,-0.780067104120179,0.700837019425283,-1.402169994821076
2.110870461598149,0.21103650610399025,-0.7311363239716892,1.584993911672205,-1.0220556583287421,2.7770424476311435,0.7805510771239651,-0.08671662957888693,-1.2624627264258967,0.9620074185827148,1.6886163219439303,-2.0080660220263415,-0.6924279063356058,0.21369783973439904,0.47641555227158605,0.6409256601197159,-1.8047752202745457,-2.601648959447993,-1.0256590963730414,-0.55005748693857,0.6869225544285725,-0.19788825701749319,-0.8043002235223166,0.6677654639278272,-2.1060768680323894
2.716566448316961,0.14517552302691877,0.13634128149738312,1.455586464244696,-0.7490653109761859,2.5648990964398504,0.6287643127101286,0.3756286410588809,-1.490815368159288,0.6639878166381731,1.5892734250813711,-3.2610126295624955,-0.24152495004527869,-0.7859595413213861,0.25612224761130375,1.3092248185864288,-2.3883288500809696,-3.440820530411133,-0.9176229018247043,-0.6539993794021033,0.7459394994100249,1.741692962707682,-0.7731684515184343,0.6273078842621453,-2.477953825773138
3.8569480324442362,0.9365759295911662,-0.0637132229351959,1.3428470769445335,0.10103799942991834,1.5726474296139834,-0.11617363450179619,0.5073658329235158,-0.14300834771724583,-1.0387729368027196,0.8885218323145293,-4.486492062826559,-1.259748293097058,-2.0249111284195136,0.18462268334698,0.9990781790377298,-2.0129890399927395,-3.4420968954697653,-0.2792820515746725,-0.43506627871798365,0.5119025192522515,2.844992266848508,-2.019613947870587,0.446749137141433,-2.2113442846620734
2.5560628634212197,0.894525202807435,0.5046306324015224,0.9330315057367395,0.09277300658048826,1.1375261455452224,-2.05439593161592,-0.43216651441506193,-0.4431771592123799,-0.8090130404366787,-0.4637740829385325,-5.8661951144808375,-1.6986384443420803,-2.3743834115780604,0.1947375540674287,1.7004212192861567,-0.6133333708217226,-4.099337880549373,-0.8737122577545732,1.6939656747434224,1.2142305341274118,3.2067451116568813,-2.03641787494264,0.48503422661449536,-1.0102896617648052
0.6811675768816384,-0.9452321026983902,0.6726266042733617,0.38427639347244735,0.820178315280935,-0.7250394343207132,-2.628898368683298,-0.9150351298708315,-1.5766733628687493,-0.08256075230099696,-0.7409348027018382,-4.937994276619975,-1.4311282408963224,-2.6253380546314675,0.5027006818231576,1.6988019159556838,-0.6265773171533032,-2.410113315733292,-0.6908465742217716,2.4356537209657265,1.6743934785856869,2.652402202438487,-2.2972431943256217,0.38016418271952657,-1.1934602026475305
-0.28770621389708806,-0.6789637128341095,0.4907079361715172,0.3541904415671774,1.564698493513836,-1.4186238388917816,-1.6904556059786622,-1.2655676355472631,-1.7672122368596759,0.6740857759587304,-1.0664975590523782,-3.211951410370085,-0.6614140842157405,-1.9888485306808488,0.6104363998954602,1.2685023608866892,-1.796047128013379,-0.9366992227619947,-0.544504070340476,3.365186763410178,1.330218558067935,2.3712948098307276,-1.9924858691053402,0.6580705778282105,-1.0483373840771262
-0.7565468060628895,-0.5369343414031524,0.011819399264918054,-0.4337509537796324,1.6757768052650002,-1.489021418760341,-1.4691929261413341,-0.8416162990591811,-2.258936251072854,1.4458522174650645,-1.2710585365792462,-1.782729123943696,-0.196901326849088,-1.2571796199555605,0.35784458515660117,0.39396424060741553,-3.191807347751881,-0.21255510988696488,0.37353638310920345,3.5028327533398143,0.18183064801821128,1.6884974868596454,-1.8699462450863902,0.6324180700396475,-1.507770055286912
-1.548183900096611,0.054166347791763055,-0.7033361366269729,-0.7061741153500651,1.5426312397696038,-1.5359437372122557,-1.4968408506450697,-0.2560901593955389,-2.4014548130007567,2.054420494069773,-1.5573080717067047,-0.5765575544147005,0.03774083238216529,-1.0002176075310287,-0.05907264294238329,-0.28981459562428874,-4.0103808660964315,0.11680644275270603,1.2048909804299313,3.5567069984109114,-0.19677646922449415,0.9054893601460678,-1.820023540761459,0.8397795101233693,-1.3165539719828996
-2.091472924060118,0.5982846392869959,-0.10893421377448481,-1.3120175836057881,2.11831621795504,-1.7899278189852592,-1.1175273706060782,-0.8944706783761474,-2.1791817813119048,2.5922859704980104,-1.834845240553183,0.8040011583448339,0.31527090000952335,0.004851162425899461,-0.5641759054388765,-1.149091947398192,-4.716317113787165,0.5704443379509888,0.8564837498121713,3.5370896951250455,-0.35619147688907654,0.4852384188605608,-1.4453888299959825,-0.4741532424042664,-1.2619645089919755
-3.3552820661324603,1.268197946201335,-1.0595922869353622,-1.4666500173586483,1.6598533767757373,-1.9582563106021413,-0.17219947734315702,-0.8839219578941279,-0.9912461197908369,2.264900158361711,-1.248058331886094,1.6635390902629732,1.6660080718413148,1.2868354519045844,-1.3685061865156163,-1.3216128148259807,-4.826808461918457,0.9247359573470324,0.7219819030609662,3.9168787167981503,-1.3368820796733167,0.320677273543556,-1.0577870020257798,-0.42160173920271754,-0.7151557747048392
-3.1551752704479488,2.0299330935401603,-1.322911797289091,-1.54943948592482,0.973191587505993,-2.5571363226267083,0.10443418594099628,-0.8555945510800496,-0.5845961135417833,2.191443094110962,-1.5284681777148474,2.292232848507112,1.3241483431525256,1.639198313871606,-1.6020547740396354,-1.5885662720910165,-3.7626574604032044,0.0977882137661992,-0.18663473883762705,3.7218922550715394,-1.9282102265373604,-0.7152599750833094,-0.6830136633315184,0.3211989814843388,-0.8302963262837671
-2.6320568717985555,2.1870662363921802,-1.4268920622343881,-1.329820448921573,0.8548258171795912,-1.6101144568908738,-0.011802520033067032,-0.9706348612763143,-0.4345926216587048,2.1701969980013134,-1.2402604974605613,1.9955087159029172,1.4386049327512223,1.558734819165951,-1.2789057341024053,-1.559258852841849,-3.046397020820645,0.019456124876601866,-0.7067254444134299,2.6595904075268892,-2.111950017514924,-0.864802337405584,-0.987197946338217,0.8546535657307253,0.4572354827721212
