-155895.04909666808,38
