0.06287027525654379,0.08216842137558454,0.37026743114792,-0.4940344567654549,-0.2036342451380945,-0.03150717819046922,0.13007553882743486,0.0048600163081705325,0.14700955631580187,0.30927243874688853,-0.11526834484435186,-0.1377390559772567,0.31623824820191637,-0.24364511854359294,-0.13300512951329355,-0.38050837048718095,0.3760063388609341,-0.4656580616467332,0.1281410523364051,0.15086368296397984,-0.2375203077397134,-0.00091208098637649
-0.015547244150104066,-0.2992508405398445,0.5642998174546716,-0.3391475823772707,-0.3564827832347387,-0.12160239855197767,0.36087553416318563,-0.3599616033696781,0.14050269766045279,-0.21157595050051195,0.08921567537490822,0.32395008018003474,0.8537342169935586,-0.3256201105942976,-0.4088868018702398,-0.9702820822872597,0.5263584274653742,-0.9572385428019214,0.4561073888993325,-0.11464243517361067,-0.24379363625167288,-0.4924006221514424
0.4103443741187973,-0.1747356476229115,0.5741161904447066,-0.09376186896846218,-0.03342173906788699,0.07196480442730721,0.7628565524280213,-0.6037577105828412,0.3504605428608702,0.3520515885623024,-0.2567267100803639,0.16549985071172302,0.8583501314709369,-0.6876339317599683,-0.4200618416852514,-1.0383760733678347,0.3311362226952868,-0.9949929429623838,0.5352358207070966,-0.44534357702512184,-0.04403148768229748,-0.228104100637154
1.1820418465587292,-0.10111427911176502,0.1917896054301355,-0.12182214207078763,-0.06716849832563077,0.17658536078955464,0.7925629398125466,-0.46865319789687754,0.8279690434124567,0.4265132401642036,-0.5815542961897434,-0.039051579405849725,1.128240826407009,-1.136810953934106,-0.14360657126724638,-0.8829206102879914,-0.1826860441028092,-1.0617003409569632,0.21380307954424266,-0.32265473900525804,-0.09128580029864095,-0.18077485805649116
1.4748427072104573,0.463826503765979,0.14579644297719072,0.24942277466244686,0.07036540232350366,-0.2582928038461773,0.834254404047555,-0.8142312842204782,0.876133267999022,-0.09898499755206976,-0.6724630499165514,-0.2685746379277735,2.109216058043855,-1.3860657294106313,0.07239983111221494,-0.8136577669708809,-0.07266255709137479,-1.1289694042593277,0.24805749279871078,0.10795823908725216,0.3382593818209564,-0.048484822786760653
1.1947533838581668,1.207561980478951,0.17559612446981313,0.6377460228479176,-0.5827543884058523,-0.13329643210728187,1.041325064216305,-0.38124561775365107,1.0034172409295057,-0.12856843911926197,-0.7750474132191179,-1.106004683004639,2.287536874082581,-0.9800860954219495,0.25870642177004777,-0.6692622109629436,-0.06400367806709414,-1.0295875133060282,0.24350109772391154,-0.022848185376186533,0.3947076427881751,0.11392543881653483
0.7213650761520444,1.2067519854623938,-0.30375176132564397,0.8364759736152955,-0.3601636724530776,-0.09705410449818966,1.1161373200173448,-0.15951242792130188,0.6712241354669087,-0.23548552336568163,-1.214506901403744,-1.5352676477341312,2.4471767632769503,-0.6772884971384059,0.25371757748398366,-0.8027316476262846,0.403774957420898,-1.0791415656366279,-0.01373420732497127,0.3195704574881309,0.6264039342013692,0.3214093651648353
0.48555119784458517,1.5510263903062864,-0.39700606051526843,0.605272603280552,-0.2807299579465013,-0.34536935030158955,1.234748975441033,-0.013734744330199444,0.9475970762451829,-0.29596095727142413,-1.362454149146659,-1.4865841993336284,2.1364718619793694,-0.7778186987604032,0.5501796670103356,-0.8772764544970396,0.7752167595794006,-1.6102293958139269,0.25685829746160993,0.12895223849427856,0.8438346302512304,0.35744875159778633
0.5717075159394652,1.6839801393694995,-0.46013050221631524,0.047792586193183044,-0.17002124353779693,-0.663090198903718,1.1534076235100794,-0.2532781198834358,0.801890033546246,-0.546371952963785,-1.0869518351583625,-1.387020856881388,2.6523436843093604,-0.8616698537935708,0.1555834593654229,-0.6472323268287798,0.6384997481598519,-1.616031835988991,0.45396799934729665,0.21262151300452248,1.2876168484276933,0.2571487587475257
0.5307201059885388,1.8098434419392124,-0.37491219089720773,0.03558139912350799,-0.0768497710964882,-0.42040270905320537,1.0870786214909376,-0.7188227522704264,1.2022713140523726,-0.25281997762412733,-1.0341967921016044,-0.8504747489660189,2.2992675542115384,-0.796750563270213,0.3818868435311245,-0.8489445277692884,0.6106315044825669,-1.717927853982432,1.1151835318982553,0.2762092320898979,1.1436331873353773,0.655202543714061
-0.38865889140218857,1.8799339942162208,-0.5222919472014095,0.2252818728361785,0.07540710952790904,0.029303692175292204,0.8696999319265156,0.03562448466519724,0.6382311961650236,0.001713654476190818,-0.931367849610619,-0.8178802303924628,2.6424124286437634,-0.600535935034583,0.5953844931225641,-0.9468504582716232,0.7472758348399104,-1.1390316495344557,1.2290588215026754,-0.028439990335910215,1.1233562802995325,0.7437243509547409
-0.5773405012340109,1.2677570833817136,-0.9975399207235504,0.08067390417260364,-0.26731744470901947,-0.4231297047300495,0.40311112939639737,0.09572268139345642,-0.15220479830110376,-0.42848925592444165,-1.0516467277939596,-0.6355943347861975,2.364190664833745,-0.41315413188455674,0.8027737234005693,-0.7680997489337849,0.6381644814923382,-0.7650179590175737,1.60638064535047,0.0664935288234782,1.2158413577563931,1.3344239907065787
-0.8666896266342643,0.9658453748822238,-1.0222226907894265,0.3111189911575714,-0.13199859604812145,-0.7676438845865543,0.07726388447928649,-0.12216436936748874,-0.9565237483057976,-0.47021818673680454,-0.9009944440443372,-0.6279597387883913,1.2834095828578778,0.03171441226077257,0.8060056611178686,-0.48919774017937034,0.4959650075259995,0.4261658596937532,1.527570476920126,-0.6223404010539368,1.3379192216091413,2.0110630382259784
-1.117447113744961,0.9229672403590742,-0.8079427814704054,0.5479785170867051,-0.5457490467747897,-0.798509699718729,-0.46418257707464533,-0.03219188185983676,-1.7853422927612141,-0.41657272164688997,-1.2303766648206698,-0.12940331450870438,0.32112565813173044,0.2780612771692124,0.09785012548928768,0.08656626253354598,0.9324563453588666,0.6672994050495679,1.8152356779759493,-0.6066719672137385,1.0466450743322018,1.9792158286801775
-1.1704656947898233,0.9897761498902489,-0.917895854146871,0.5356169352626268,-0.2821827917176816,-0.552533721418948,-0.19757980888705495,0.09714573632604451,-2.2747954857648773,-0.7087652287422221,-1.286379180303576,0.47029113464782984,0.08340775062679012,-0.14861026586389123,-0.20819586358700012,0.2839190950868449,1.2125818301462314,0.8030892696859054,1.752515899731353,-0.3428775733195121,1.027134315384811,1.7906629184683927
-1.5322414149142294,0.6805792378243453,-0.6171135605467861,0.37610825604173903,-0.46034520601243434,-0.5366201706508956,-0.1763822243075993,0.868095112898439,-2.0784806167389585,-0.20772272854297147,-1.780186545473091,0.5185802850457655,-0.4108717899054588,-0.25399320401076025,-0.1147414924358109,0.05025828925789326,1.617573819419852,0.3001555944534085,1.7814945469878158,-0.4226977328312192,1.2462214155063793,1.534892564062934
-1.4066760094766584,0.7408504511581119,-0.7172994268418316,0.3221744666388821,-0.07451775884744394,-0.9000181005093566,-0.1256784211368444,1.2264723989890136,-1.8866131738921952,-0.31176447106909866,-1.8159681960570402,0.04026213346812449,-0.27852489870464214,-0.4155749484093409,-0.41944856322663265,-0.3446829203057399,1.8262147874071768,0.2856653138786169,1.8806036283759724,-0.780687162905491,1.446599237789512,1.4325837286642917
-1.08522992859308,0.5743402843448038,-0.664487328292283,0.5114512632872218,-0.060795839899061184,-1.703964712059471,-0.15940393562569896,1.239507498674262,-1.6110957731455182,-0.2174306797803935,-1.8770277710803844,-0.10331892402300069,-0.4596568998168525,-0.25055217645318656,-0.6843004925427149,-0.28036897844149755,1.582296257092308,0.5709623767413796,1.3878167876271092,-1.380340414094849,1.6538387919844526,1.565451036890166
-0.7408880631153087,0.548820828825649,-0.43541875386473006,0.3463278577040912,-0.6059932483775551,-1.2476908176503738,-0.5108246104805693,0.8048266239118944,-1.919437511893711,-0.41794436525315803,-2.2936630319369367,0.1221418339307533,-0.2548067156264998,-0.310427878138847,-0.18290817889706695,-0.01897521635467339,1.4909785016874273,0.45023118155445496,1.0176353442327737,-0.6949557748333424,1.0858471507950807,1.2389048939644016
-0.6534536917289685,0.7448759346786342,-0.5841532518305378,0.790875534153386,-0.39421334968113514,-1.8120645549024978,-0.2891048574132356,0.4578360534884485,-2.2406232621488646,-0.47735462946934376,-1.7094416822328322,-0.050136131048260583,-0.25854040239939735,-0.07213357862864897,-0.05943012762568244,-0.35773289953671367,1.0851961741690161,0.43070088213239854,0.7459623477744692,-0.7473843406701653,1.1088745549667427,0.8697936596215329
-0.3972853539655109,0.7925376849759291,-0.3620166510180993,1.6820124536264622,-0.3819287352500449,-0.7901226538039676,-0.5752482477997759,0.18271802805270582,-2.8957875886090263,-0.3120375472460801,-1.305850544574484,0.31296279981909686,-0.3968097983481886,0.4027372357055963,0.23752092357372215,-0.06087395463296753,0.7329844594691717,0.6208561729138025,0.6045213566807803,-1.17785588711197,0.3262385983820144,1.1967368531646234
-0.4788536967221843,0.18689701644984869,-0.06740834152300175,1.9234144423693493,-0.6581267646275039,-0.12326566995088678,-0.8641652768160015,-0.10328959486140116,-2.975296207162648,-0.47071340325340416,-1.3331093346436371,0.586230730645645,-0.7838149669499461,1.2087822855018027,-0.5667688483820602,0.4621529738658813,0.36288820336431327,1.887487884487191,0.5989449051526846,-0.8588691014929233,-0.5233456570632951,0.7035484003259299
-0.4508324721294176,-0.593105903437138,0.23283335427733298,2.206258500097353,-0.939745860004318,0.6725317548149011,-1.3676892238789045,0.1393873702686028,-3.0379607180639154,0.05724278057510303,-1.6381737698899648,1.0204627049719956,-1.2705988787095341,1.60944797910387,-0.7574953416236417,1.065140936483868,0.11870734764884572,2.037069227201333,0.3881141623167601,-0.26146973910964544,-1.1728012775024081,0.9276571170961627
-0.6078240287146538,-0.9813478226284403,0.1881381574710962,1.5824492807333053,-1.110444718856843,0.4149559792391695,-1.2415635882441534,0.4716534907342329,-3.0164123053879934,0.3308002941281586,-1.7384377293611348,1.338731457941671,-1.6871939241113836,2.1697048485413855,-1.4444412031694491,1.334721208065791,-0.1644750300890058,2.4120027678128753,0.24674754223861836,-0.26605013736933036,-1.470012081236286,0.882536544685971
-0.6296290427598348,-1.4104177024163076,0.2616998987293532,1.3995176261070357,-1.0388577045648977,0.6068368329588313,-1.1954850702039392,0.833612338166091,-2.7535027168471715,0.4724294992460883,-1.7876844899689097,2.100438213028259,-1.6313720270800083,2.530336218297607,-1.7980164045382985,1.584677795124449,-0.03840174125727497,2.1489110162599028,0.6592785127468814,-0.5409014688928119,-1.536235700810659,0.8691955801759587
-0.7536534871296666,-1.8534063844964082,0.3812892782925459,1.1934321429735268,-0.8244200095550893,0.043515131660659775,-1.2916072189024261,1.3058703864599215,-2.7438835121388605,0.4530786584715255,-1.564565959538591,2.4172260317012655,-1.6223447331620278,1.9666936955394556,-1.6372265833426713,1.4245444612058922,-0.05903896548748015,1.4021415662623544,1.136901376609182,-0.7242241282893892,-1.2437482156356534,0.7476616217728942
-0.4426096393170438,-2.049218309007106,0.5844108664202508,1.0858730669181307,-0.7110267801964824,-0.46536953053184443,-1.2410474070605328,1.3558984762032515,-2.525164919043647,0.5927787903125928,-1.8203972270259792,2.6788203959626395,-1.7049555116775765,1.8923482139442036,-1.5106312913064994,1.26699233600564,-0.6509817764150978,1.5016316101730547,1.1672388475765676,-0.9143064989046511,-1.0669255994087987,0.7118878845373193
-0.31844254842604713,-2.3508656010386866,0.8148173400414468,0.5904813359376754,-0.8183494202464323,-0.18481581604800112,-1.2301632535418907,1.4649742016956422,-2.4865079812844364,0.9376624054718655,-1.645380388475521,2.8114600281768913,-1.2597087788465946,1.7990557404087186,-1.8136775342684597,1.0582047312236302,-0.5237976721644119,1.6913248179363989,0.6871126779495559,-0.8105452430277807,-0.7511387026192472,0.44774773554819075
-0.4326816763736881,-1.9602468063880432,0.7436717758888796,1.0053831716997694,-0.6175722910801964,-0.15668742013834674,-0.901107170153451,1.5435501401275655,-2.3858378027571425,0.7638562667607265,-1.6341769932657169,2.5623307916747993,-1.183309472059861,1.9183920161709873,-1.4244907233990234,1.1028076274083243,-0.5097223087034694,0.6436566417343398,0.8238320292539139,-0.9731186952414586,-0.5644236250235667,0.35473847968254574
-0.23065659027614696,-1.374994783536588,0.598160524395771,0.8675725265906278,-0.376473168330687,-0.4905384686872165,-0.5542419836800447,1.4265727214445723,-2.36666324441742,0.45081261333917233,-1.2755862577689752,2.645573634748527,-0.9970815125220045,2.136641079033656,-1.209079870947914,0.6738687314788566,-0.5487516897168767,0.6050894784751752,0.8285069982180585,-1.093187744994144,-0.2932940719509758,0.4974049135343246
-0.08187345376067826,-1.2600105650459053,0.38508230486491246,1.0967590965693323,-0.2132113047923911,-0.28419238744874253,-0.6643248234820063,1.4480567074589028,-2.878208119598715,0.26684896530120533,-1.4178001721961644,2.5929136334810408,-0.7195082254647234,2.551175159763729,-1.5578300460287684,0.8294145087627441,-1.1718102107345392,1.0189224641116499,0.7119018824251351,-1.0531769655076102,-0.2926414940249711,0.7546491703132877
-0.13656997840975332,-0.9814170719669142,0.46199309824241447,1.3981064043217004,-0.0817746482760593,0.2090167483313555,-0.9549593284837594,0.9695310679513562,-2.89010703805418,0.08035501996245625,-1.6004519186863573,2.461436532004742,-1.011648819948301,2.8837425759120356,-1.1357489343536762,1.4632266341394349,-1.4480965226607663,1.1076364223395632,0.567078734921051,-0.6856965265303804,-0.3477505575864437,0.5306773370792648
-0.4439358977312591,-0.7268215212445744,0.47013616973254196,1.3334235286696667,0.09294336167248882,0.558864070113914,-1.1737163899417022,1.1531009238859875,-2.4351981273270242,0.5887003723237256,-1.2299902534403093,2.603814894321462,-1.1144416870702132,3.0237801224091534,-1.193012231437359,1.8669867008177992,-1.7985216347507738,1.374814325042689,0.6655739538109501,-0.08757939390862252,-0.21536561125057258,0.22825836247056144
-0.23273194792114626,-0.9353506185465302,0.4379671810939758,1.2820799442702573,-0.3922113707033785,0.3311123337215514,-0.8542062680397906,1.1580852860614566,-2.276038040175544,0.6081405133691626,-1.173375135900231,2.52726758167718,-1.3933483720129507,3.0187670649653735,-1.4501255594226827,2.35722063760977,-1.9484272368704658,1.262835689452714,0.771615023355227,-0.5067024891388824,0.12566484088223265,0.6663559727560338
-0.06913841227516983,-0.8694190965217458,0.29514042192655093,1.2417176494965045,-0.5788229553371183,0.5595252072744472,-0.6530577144681249,1.448909517433167,-2.111178986406608,0.5313413572553658,-1.5890759588299657,2.46311145738869,-1.2129949606162087,2.7175201828642144,-1.1205402162108582,3.325260529599978,-1.792601138222483,0.742312699483893,1.021580351267537,-0.2698584160327543,0.4941106726778429,0.7379936166110228
0.3282379227803413,-0.46448548392173095,0.3434347352978294,1.3749850316518368,-0.34525683288900927,0.6451021870239471,-0.3061047030980273,1.9108309218820483,-1.5149758009673018,0.4619068966319601,-1.4110537819704527,2.205110436612404,-0.9097061199499138,2.488832553699532,-1.3479548467823805,3.237958756301177,-1.7952450793188546,0.8089450176099479,1.3541575542319186,-0.25757934765219626,0.6688509284394446,0.4745193573351857
0.44345655968478553,-0.04721077943787105,0.11798501888888874,1.2729666628315168,-0.02608803459926426,0.5708847710631106,0.04046739241173239,1.3691287808269277,-1.2075736105645942,0.19465773834634248,-1.8703853025227686,2.099659316962238,-0.5084831493786431,2.193837237572668,-0.9565692923520613,3.4684124599266473,-1.9478479231832873,0.28735792953250106,0.8996443817862196,-0.5320398073071535,0.8864103319544072,0.5349141192400018
0.6097291566558736,0.8681862813846819,-0.026455400558250325,1.4238902916973306,0.6331473593931504,-0.047825480411222136,-0.3037819753757809,1.1422807567516655,-1.1280414414563122,-0.09382814421039344,-1.8994478254477825,2.166720915087156,-0.29485324228988197,2.6315308914028277,-0.797561235636765,3.0534117206229716,-1.9599520929161585,0.3364979633077149,0.9375431893506008,-0.8186448365852143,0.5896193356230836,0.35252863936898016
1.1326915421067747,0.7855449814259937,-0.08466606275380786,1.6344257100342856,0.3959960158933749,0.49844172339129045,-0.05777955591251302,0.9202164126652423,-1.3092412731101855,-0.32806543539927724,-1.9161233982972843,2.1027470650139164,-0.6311391094924965,2.915115290666708,-0.5817077352358029,3.1988629672919537,-2.677387986347858,0.6033147373846377,0.46818938309209707,-0.5808460141079066,0.7240204666137672,0.4672124094971477
1.134732719638732,1.717372019333149,0.21066720338335443,1.9451564653867015,0.7062309291064415,0.6799793260577646,-0.6725611014930273,0.713819385776043,-1.3602102677837888,-0.23630485964161377,-1.2645620017218335,2.2562280273155055,0.35221302533149634,3.0046563532881647,-0.515645614429953,3.9170957895327305,-3.0063006121365543,1.240502645740545,0.7878105843154574,-0.03226526866486349,0.010573968725206086,-0.06103221626911429
1.64585053939744,1.107633697023373,-0.23473390128600996,2.2539950688562054,0.21081190540318478,1.1756893674367028,-0.3869677664015357,0.06951854948067782,-1.6888648256585643,-0.5945516387131798,-0.693908031727902,1.4998824692890138,-0.6913457365588472,3.6369640554492078,-0.6264366838780469,4.759884122296983,-3.6700456508594956,1.4527477945822602,0.38489393232363484,-0.054844435026822756,-0.09244285595165887,0.1237891767655595
1.4892401430069588,0.7431946521561577,-0.3570431225075209,2.38299033061946,-0.38892873031819153,1.4217828881438286,-0.5157872418694636,-0.2700577170065209,-1.0147590140062301,-0.504547826686037,0.20543799455529133,1.4716901299004743,-1.303557879832733,3.4802828753247375,-0.5266608584840193,5.812308502167641,-3.5350899036603183,1.7698154078432788,0.7280452062230373,0.7543683028266688,-0.6086668810091906,0.46429383832470367
1.0006703411616433,0.658039146905306,-0.7282276925341599,1.4090158035996976,-1.211994463094544,1.1726366116896054,-0.9762618312237157,0.18312445879205608,-0.6015688787953497,0.17751352724549943,0.6184045887604304,1.1480820433103645,-1.3969735988965972,3.6513727802277858,-0.11339120148204207,6.559208055614096,-2.935062093020864,1.8882686846810408,1.274102800414479,1.1162011171592852,-0.677641850369317,0.6267057652467471
1.2341639836750125,0.2779644475029624,-1.468558937296926,0.8382228414629969,-0.6129871014197649,1.2395994387774962,-0.7415753433125716,0.44883258038276497,-0.4285398175338244,0.2186367862754437,0.4842306360044101,0.5711767317994506,-1.6939962238377222,2.6970414227880837,-0.08371008503098826,6.1944339463753115,-2.2439674886125514,1.8241857321606265,1.4218967737170254,0.6327128615857484,-0.6282455389965067,0.704016266124453
1.382460641603656,0.22715876965280696,-1.6706865822101782,0.5718129178091537,-0.6809350794915748,0.8121449039050072,-0.6709192988921273,0.5088336405057896,-0.2931808557496189,0.033878513092481397,-0.03186930170394309,0.6752424710979796,-1.8967187915140993,1.508895985294209,-0.27864859047345936,5.081633042441784,-2.22032553713303,1.111737384867512,1.4916240210377651,0.1596499531734959,-0.5675435425521029,0.8909803521776871
2.1422086283040525,0.5703914834457899,-1.7158897669483353,0.8826895722829584,0.24526583091582643,0.7662569139321344,-0.803556610294211,0.43498627280530267,-0.24248280525195104,-0.40003633934727967,-0.030191690463104437,0.9049965106886726,-1.3800727706212232,1.1374516630119558,-0.3933779216061575,4.444671367685703,-2.263753467765223,1.3936928060632918,2.0006271358293195,-0.37160142160307263,-1.1535150592749623,0.7966840142813446
2.5532540875889245,0.6164765781759525,-1.576164281325953,0.9321147544360565,0.6841634842360325,0.5658896422208558,-0.5322785026723296,-0.6371035723197707,0.12796991266291546,-0.48176720906626397,-0.00030242316754405807,0.7417556815047366,-1.096067278914289,0.5887234735553002,-0.4153862426525038,4.021573195218331,-2.635952788787745,1.4550194057482346,1.8746906849280616,-0.09875272686447234,-1.1277167749262933,0.6485530024223292
2.7700934020359838,0.7244125198196945,-1.4209648176189515,0.6335839992336911,1.3055709555329909,1.1198035195775145,-0.30846324033196937,-0.9890189646366256,1.1763239266323233,-0.47579019705821046,0.13691847356016898,0.6154651715219845,-0.8159648864999749,0.4574632693195442,-0.39111132036196183,3.1352022737624106,-2.980236021819064,1.2085262218421537,1.7128535499591913,-0.10643901206587263,-0.9110933933001134,-0.116588553382454
2.426403539236813,0.6742931079184526,-0.8024331494526311,0.22671462719463586,0.9971374813960429,0.7908174126281707,0.07061351345324182,-1.6501347698557542,2.0585181776561448,-0.3073488552230939,0.3870749178899232,0.7159479682522946,-0.06572236932516656,-0.0836909705145385,-0.6796666915627476,2.659904419791217,-3.420003180888821,1.0301653727251505,0.9953745609268059,0.1813055118830138,-0.5069285742057651,-0.3120243113548914
2.703554944434158,0.8606059208799373,-0.5105435320078944,0.09533863350596977,0.7600624256007247,0.5861110475491679,-0.060167311554243236,-2.0285531230590395,2.4384582861761324,-0.2256489044967994,0.26917896109279427,0.29961450139633006,0.6431626265689552,-0.4467272421895909,-0.20835015201340307,2.1224559330779567,-2.7223079777062362,0.05682681712541582,1.1111546779233226,0.5240836635183407,-0.4384423639944045,-0.5614711101398296
2.4991894029693795,0.7328960006339205,-0.9252585033124399,0.9616523975316009,0.8607319429641194,1.2762896165384612,-0.04593418465631435,-1.7609764795267953,2.7323958190721513,-0.4993662442787844,0.5080671947949811,-0.5384830864691035,1.2896387843467692,-0.20086291837066375,-0.43465202093125643,1.458454816495226,-2.1974092113444557,-0.8149444115575718,0.718278984229702,0.7963786897799258,-0.3633258636333846,-0.7000996405684483
2.4060725215446968,1.5606800468470943,-0.3902424610375312,1.065403855621572,0.13935857894482698,1.1934241251981585,0.40062912048240973,-1.4991501299855874,2.6055970269076716,-0.21619106205693078,0.8937715253602465,-1.2262615994502462,1.9040488684807988,-0.40932830490328376,0.69356699513823,1.3133879575206444,-1.9053445668741535,-1.0564217982444837,0.7370907223308297,0.488706918020642,-0.08578264848334743,-0.9130717429594865
1.716972126581001,1.8104879906794593,-0.16125131205543852,0.4727700178183152,-0.7129129170839299,0.9326928761308978,0.5610898956657051,-1.9633644227350358,3.1210712889482126,-0.22724633608258457,0.5304991457528906,-1.7635917987415466,2.012363175102557,-0.015112420870918944,0.5007797883849738,1.4826789057900882,-1.362123794701123,-0.7402387573675477,0.6814273679302889,1.0763812177288685,0.5167072953589535,-0.6783466876370072
0.8380238694189661,2.066489972452195,-0.5347910095030066,0.8829367247771918,-1.2220293249401908,1.0568688252468086,0.5710556711747228,-2.1014010862513053,3.299904050261775,-0.29291077783946573,0.7559846697557473,-2.4473632764627475,2.480408836955118,0.4578627153991677,0.9574886333969613,1.7415704255416045,-0.744161520207289,-0.8797535596992135,0.5755287017032227,1.7426207442131143,1.0487005923699626,-0.23978120855471757
0.6202628926567677,2.1027826309946476,-0.6609101864783407,0.41911477837929617,-1.5728959183117845,1.1764930175432293,0.7583813822240746,-1.9679513955155676,2.7511574358623623,-0.26176302145616825,0.5659159181193846,-2.949731165700003,2.737774985342686,0.7571288362749581,1.1201151881448446,1.6390831034515023,-0.42726413200958435,-0.9009620084656439,0.4762991282249097,1.7666408612022007,1.3923727266236618,0.06378721649979743
0.2745757600049181,1.8275696835398758,-0.5421946192418319,0.5545368880484369,-1.7155683512070272,1.0727773025869143,0.6383571766463048,-1.4240558200778215,2.2629098877237284,0.22451995058718618,0.19309482361373248,-2.9607781344922377,2.45114115624705,1.0327562473345135,0.7556002711088877,1.8178980967644245,0.13451121251907416,-0.6032859603283399,0.682517715324886,1.832156824263435,1.4639856020728474,0.1852266029804789
0.053423106600474,2.0259342354382905,-1.1127571459895718,0.42378531128739205,-1.261842341274321,1.0664245561080339,0.5733291779066896,-1.0151385213497977,2.0403364703223117,0.0344225330910117,0.3296328513761695,-3.037522129540563,2.180439901982845,0.7270640900893179,0.97066557841355,1.7478894345858809,0.36771481327986544,-0.7377270840575622,1.0297189212902933,1.6115133838961402,1.2722832998499674,0.7254255091035005
0.06262013887232126,1.6354843855048493,-1.289735675892647,0.4094642976020141,-0.9152908676766367,0.7897590542201085,0.7080556767844943,-1.573069124021026,1.9444299563057004,0.19848595063612395,0.19408390675032786,-2.4591842358024727,1.9088243463257613,0.7691640681815299,0.5823734324992027,1.5349138396177322,-0.06660390167328578,-0.558953776980197,1.1637688093714598,1.5997987433451373,1.2718860835361983,0.9518571966511177
-0.02637020798245721,1.3600832009529773,-1.797059907805299,0.25965852507039433,-0.9292466393322755,0.326735750433788,0.37030755820084743,-1.3123040695635124,1.7879822378024142,0.7780656547032991,0.28932202625910985,-2.0549993954342467,1.8950420724002357,1.098166128207927,0.8459618322223692,1.6109857941060084,-0.22454148736823087,-0.8116724269626099,1.1079162925042796,1.785486778153448,1.265930978206217,1.2708805583647738
-0.02199172676393435,1.286196083375288,-1.785530398220907,0.14969892825772005,-0.42898122268094735,0.511820535201617,0.37326310100506216,-1.2646221343050643,1.4869518488431792,0.1916396252804639,-0.41839507123187025,-1.2479091414503898,1.7802175150352844,0.6664828713817376,0.5723623307340356,1.4148502618022858,-0.3930630035256991,-0.5870339354118597,1.8051863652419498,1.1149324812806176,0.7930986642206377,1.5173543824271716
-0.12651573278384484,0.48670210420156845,-1.4763797653069703,0.16756973769432004,-0.20478129109409826,0.767888004603128,0.46394186132790816,-0.8771264452832443,1.4977294457514292,0.42266211715933344,-0.7350449923166311,-0.8159675784406838,1.4437269483860775,1.0867713360190037,-0.17737394766284958,1.435705366380898,-0.7477653805496477,-0.32047139981321027,1.663351512180379,0.8778493040421282,0.7378180806411614,1.1100819004729847
0.2996378705877882,0.7396432371512522,-1.3271670859840152,0.12339483642103544,-0.08094329580966061,0.6365677739057672,0.619174176616341,-0.7196127896870204,1.2677114806900363,0.37310244445352314,-0.26022908766697567,-0.5079626873288376,1.996594167069086,0.41800160563438105,-0.3723109485570532,1.3207182111794828,-0.609570396941023,-0.8466197396329831,2.1292236396705375,0.770667252750207,0.8014258883340366,1.1091401141833714
0.269377515929096,0.3629793861770795,-1.5383660727078805,-0.6420568109751097,0.17793681320139051,0.7152145261941221,1.2736316765320452,-0.7135968679156088,1.6529199200012878,0.7038413665787544,-0.27142819467858054,-0.3498791481114405,1.815425748623525,0.2080170172568906,0.05017018708584345,0.8767779774076025,-0.43829918369800785,-1.4166787215877674,1.9632897625351995,0.5456902797499945,0.9353982471274013,1.0170964188053346
0.17238690593868922,0.41588553107149956,-1.4718092333053205,-0.747635415779137,0.27307299509197436,0.3112918311662948,1.08431251462304,-0.01579091763273327,1.3308459519337117,0.9505128359941367,-0.26845160440007465,0.033985813325452974,1.9985156928884296,-0.2176581735472445,0.14346118269010294,0.42355186264101397,-0.09215689915039615,-1.897528317468003,2.38667475766055,0.4377227888278231,0.6533537166807937,1.0991761323864933
-0.37808110299975883,-0.14737415486478678,-1.5550225375313236,-0.9840776062423787,0.2471381204637439,0.34071182401241484,1.209534889938565,-0.0307935343632513,1.3056805216485934,0.9379853018045341,-0.5435611133126659,-0.06448044189275998,1.8297176119879435,-0.2328448107795763,0.07325650900604294,-0.017431599630555294,0.23457685666053435,-2.0217641277483693,2.1171940745189506,0.06857570012176212,0.750252827289378,1.1266985863734225
-0.08432936692578016,0.0846927121581522,-1.8066629305297144,-0.8476000156773137,0.2671666407985832,-0.014212377729527062,1.270908698121648,0.1493587703240824,0.9584773115584553,1.0446621674247747,-0.12723539782276516,-0.09031334063161608,1.671146484058526,-0.5454487353138859,0.15471451993942115,-0.26082382578603464,0.29989237920089173,-2.1369057706827492,2.5103232823509605,-0.3565534238666778,0.09479379390690175,1.1444895070057002
0.025181849392055505,-0.4111152820288092,-2.097005753906264,-1.1360408569013887,0.43116380262439713,-0.3317839019517806,1.2819822947842443,-0.09997574701364642,0.48423623542309707,0.7781551861299566,0.23045853961838103,0.44807371734065404,2.0065200457743337,-0.4865403765347497,-0.65537628967779,-0.6166509216748207,0.0982213598085903,-1.7062700124574803,2.7525911793454663,-0.5835236943108653,-0.2757067432953629,1.1680093097350295
0.2646442547381196,-0.6257147141785961,-2.1992949512876865,-1.306875987888287,-0.062085716011157005,-0.8886055172794306,1.3339018394090798,-0.4601576468926055,0.1647541061493747,1.363035536558352,0.10997457744362672,1.0086599253297348,0.6490939164779449,-0.483166568557437,-0.06985479558708793,-0.9491802333804004,0.25740425604755846,-1.603063300644131,2.2391425451577467,-0.445066059348483,-1.1466199675966235,1.0820391863428245
-0.14882244853989607,-0.48588338353914984,-2.4200001661509023,-0.6133674439601339,0.1659674180664111,-0.7309518783942391,0.8429519512838941,-0.9546820352415056,-0.20685444631921554,0.1288343450788774,-0.19122820500209572,0.7576956716503805,1.0909981316228838,-0.18945132312898494,-0.45652165195216454,-1.5310413423777705,0.5491547215609154,-1.337678156208422,2.245005942389865,-1.1684154833399203,-1.3129690474828384,1.3399543849487914
-0.7588557573763876,-0.37014459059119365,-2.6294549727266925,-0.8040246041596503,0.24540612092844113,-0.6233517303970338,0.5780684632549934,-0.9180862850004547,-0.7038702432995609,-0.13821078228416037,0.08323862859199382,1.1879567518078606,1.0192161791049141,-0.09044162065938882,-0.30231556846843116,-1.3842382905902184,0.7025591325557462,-0.6092719299481201,2.0706417594915925,-1.1085108936114096,-1.4421200870984128,1.369469730588408
-1.1479123355943857,-0.35398957979844,-2.0653389023481985,-1.013843460411148,-0.014930297650151275,-0.4697352355324838,0.0722280144885129,-1.4579297328202423,-1.0710968660733258,-0.5569964772560104,-0.11065986978883516,1.470750695497912,0.4143643297060216,0.23350773603931346,-0.24394241645985276,-1.4607642986386584,0.8645174016891651,-0.2580044428411879,2.0872454605007027,-0.9753098330043626,-1.2225542530740374,1.2848237335340291
-1.7140841189988232,-0.6285228895778343,-1.353867170144388,-0.854372726993604,0.35294273404581633,-0.3859702764179529,-0.4587944255941626,-1.4012785352002712,-1.3856921863991691,-0.48069408017723003,-0.01068189442417633,1.8759655896979275,-0.34407035756855386,0.5043750631171149,-0.16476798253581823,-1.5250882195941056,0.7367636994762822,0.4913409676248732,2.2608435158842344,-0.952752800021709,-1.2941532724668292,1.2742981895320427
-1.8267338937470974,-1.0570968487107877,-0.62987095850555,-0.9692631120980115,0.03710286592010263,-0.39235268586736616,-0.8469437144949793,-1.1313338595867244,-1.6915698664078795,-0.05493278533535728,-0.05328411307447182,2.362433662869951,-0.8014486007353168,0.47164704885155606,-0.7370591217728375,-1.4802854640612266,0.6669353513878462,0.7531229189042034,2.188243222730759,-0.5936364846868963,-0.7460811917771367,0.770037929175875
-2.3709994623297996,-1.890440627087501,0.03736066309658359,-0.8902519021226285,-0.07070249269205703,0.11886842326050201,-1.059805621580494,-0.4088232080619029,-1.6557768980257104,0.0535368994543013,0.11258618581106564,2.354722834205688,-1.4064832306203168,0.843689386796082,-1.140139624733981,-1.3825763281020587,0.27959883694184084,0.7887743636292242,1.6664739038659113,-0.5174806371934194,-0.1015084362766848,0.49561356659648614
-2.5893107676349656,-1.788418589029721,0.45789511474415134,-1.0722267808378532,-0.25195399405289054,0.0659302637171272,-0.9111504094444643,0.056917693210860265,-1.4521092242083558,0.5178519594852538,0.03519648956010328,1.9567725906558295,-1.5394131027691522,0.500867647144946,-0.8726200012593673,-1.2954070224414134,0.6300202197590008,0.28826056810622425,1.417581141619861,-0.3440495910006802,0.39917654975791145,0.03516198159498561
-2.6292262715188945,-1.6564906381804405,0.5142037819821945,-0.8475454801243338,-0.11819937020058754,-0.6663745492277889,-0.8125173548745307,-0.151993169939741,-1.3899056728903096,0.266609161765224,0.05031195862741094,2.000148427107959,-1.3703354677296755,0.20235729808181094,-0.5925414289240416,-1.533927533821389,0.9703881020567187,-0.36917112434372457,1.165762784431248,-0.5937712653094579,0.7866920630724101,0.07130751595837714
-3.1437293931550307,-1.0892125864026625,0.6617731159775011,-0.8646807455566574,0.6260314000857199,-0.353739267588117,-0.6769442859603292,-0.77359742652941,-1.9065315610317266,-0.4713316066264214,0.036641169025184744,2.1440045879343836,-1.059741344902295,0.018654722273068136,-0.5405495529556716,-2.0969522130430795,0.8756938358949627,-0.9453452993575001,0.9772450454904112,-1.0344089299251462,0.8649311449833672,0.2825805727153736
-3.077045301577012,-0.7307645994160139,0.916636456598826,-0.9058746046866061,0.5987012553643708,-1.0124379507309733,-0.6900002051395784,-0.8195894867160507,-2.3514053478572823,-0.559168149344384,0.4377494420567535,2.8177244011641607,-0.873599379467923,0.6950009287236256,-0.7579893960565575,-2.184423659210905,0.9698220059309781,-1.034977980547609,1.1320897699422996,-0.9625973763480167,1.2582398844882463,-0.1439085847542792
-2.893461610792548,-0.9988791335848923,1.0738869454943674,-0.7924997930440998,0.6716459564025524,-0.2977001985257348,-0.7116710113115565,-0.8097261312219445,-2.6932660029526505,-0.45983152872100863,0.6198924405871536,3.250774910436653,-0.8378694533288409,1.2095988532771111,-0.46660764101417196,-2.119262621029394,0.7596314047603869,-1.0486255970742504,0.8079515408981068,-0.7408327249770204,1.6807681504241982,-0.26161504339716857
-2.996780652353158,-0.6741620632886868,1.5890813357973057,-0.8204370866862496,0.49388325374423525,-0.06866838757278809,-0.2380607371792943,-0.3747160084131123,-2.9992630102396536,-0.31653422745305604,0.9367285703405575,3.0054277671669634,-1.097590528510953,1.0965142419371343,-0.5745144226584264,-2.001578257498023,0.4611215825129156,-1.1288829410300483,0.7797592032715099,-1.0763148744046795,1.5161248356242527,-0.1896338662286104
-2.4842384711952654,-0.5694803957853785,2.048167082856461,-0.8055552423415484,0.548286957233162,-0.203476846351268,-0.39424358924579583,-0.5094762779895492,-2.954892365748872,-0.32905937632543464,1.0692800955245438,3.0642841721186365,-0.8696477730275585,1.2348521205932759,-0.39242364084150944,-1.5035987258642631,0.4206488944318342,-1.1055693541848792,0.9500895834167425,-0.41307913060537904,1.4596534531331815,-0.48155973642355554
-2.2113068955644164,-0.7661103172804797,1.886346021457844,-0.7731022934284963,0.12651273948600567,0.029589216694506447,-0.05128587638223431,-0.16996862176366156,-2.2648389885980915,0.22408867534062443,1.108957528844281,2.4045520951274706,-0.7195343517095887,1.5080791193510659,-0.8091532835931314,-1.5830278580955834,0.28509323956584176,-1.2096648507061354,0.7353108167466833,-0.5935883498389788,1.5506290144247208,-0.6471440463526988
-1.7228941696140931,-0.708470188370542,1.7589634043791091,-0.7464322535879364,-0.08150031664034091,-0.35587651724543046,0.01890974670901671,-0.5776512430147123,-2.2080945520729185,-0.1033322537785931,1.4239911442361368,1.9265944100199763,0.10948046754004552,1.4615455215125939,-0.616473486119794,-1.6814919269027433,0.14569840555034716,-1.4349580015335965,0.5700976473664986,-0.5761038638133764,1.3778970587828323,-0.44363105085807186
-1.292289358233483,-0.6537384577369324,1.360433140869046,-0.38461850030860256,-0.5176120051751174,-0.24374218989656557,0.24366596907479066,-0.92311739540321,-2.2908114496917404,0.04212346941752936,1.957971795734829,2.212008281581839,0.47725680550755867,1.7082242299945576,-0.4380149772503934,-1.545460552712416,0.33837350774379193,-0.862963671601075,0.27956428917184584,-0.3256290811471787,0.9003720610021279,-0.38507133598895993
-1.7525492037389299,-0.563550478887866,1.2798027190086576,-0.029149212193538485,-0.873052260210399,-0.04180787549933491,0.1873838353484839,-1.2857838297754647,-2.554939108563203,-0.24775410114303015,1.6334639620407378,1.7492039561947248,0.25102239798550696,2.217302760815462,-0.3151776745801917,-1.3940227879150229,0.5806776023737864,-0.6484611161692654,0.08550924595219517,0.026232012693950688,-0.10704957336250229,-0.40872939601549013
-2.418138065483988,-0.8967569820029367,1.018428970481708,0.2749865967778966,-0.5730783019077926,-0.11746875653732226,-0.04524155288360912,-1.5122456961564423,-3.2371985339358496,-0.7631498409782549,1.4279053381510405,1.0034548339793363,-0.38811952552147294,2.280412315968684,-0.6729168854012648,-1.211930168560842,0.9660137350818314,-0.305525520300738,0.2231581582018608,-0.4429249915080542,-1.006296395603054,0.14193118563384663
-2.5801805700114993,-1.5746152006233198,1.0164741257875647,0.43340254248714416,-1.1248493021844943,0.7422814286700639,-0.5833103985331014,-1.142440292754193,-3.5216408834665,-0.2964109425075988,1.0020374001390746,1.8461204336461063,-0.9230510795334229,2.68888452368389,-1.4201194740692817,-0.6813067454922428,1.0391648512781217,1.1555697162972234,0.5681842106255337,-0.06589353338931828,-1.0024426010215461,0.15401655831166394
-2.501877026020795,-1.5433741703118016,1.868480291948595,0.2950660522244663,-1.2026207432583538,1.5612093598271084,-1.4520398594900659,-0.5180348881343937,-3.583173250503203,0.14573592543862493,0.9361287949764315,1.8807985075120186,-1.759515393849665,2.8461469234575945,-1.2019778787919402,0.2020968751641405,0.86342660786047,1.3949743570296698,1.0031581825798446,0.35958622558799325,-0.5873780202394682,-0.24602197305164242
-2.871327640805065,-2.0254876760895333,1.6580161408498828,-0.042804760555899726,-1.3814807760666263,1.0629794996848174,-1.4708420112036396,0.15204742943625388,-2.8006206548035735,0.5220058711743055,0.2671508766740789,2.3650948302181702,-2.304196670246064,2.300412114270267,-1.4640239366150254,0.9479098689774612,0.4690361159729874,1.2136401359976188,0.7567438072044209,0.29533099555012904,0.2469290206261507,-0.09685724255087011
-2.342427975055176,-1.9256499487007133,1.4835617698443941,0.24182656649162543,-0.666920792946234,0.9618240964394034,-1.2436440574698229,1.2328479296845183,-2.60458149907147,0.9141872882332447,0.034984692299003646,2.4206656952023393,-2.134393918417309,1.7081429245365363,-1.334929241563495,0.9178935213057922,0.25656513001827874,0.9165131316145814,1.048641259641433,0.2710644057939624,0.9961693383482827,-0.22852601941692535
-1.8046897953536845,-1.9630760786616805,1.7295149316610545,-0.09861241066637179,-0.4841394009241629,0.03704837260632169,-1.4567975026081,1.675770927939576,-2.407125195847394,0.8180148839893042,-0.22945063770674337,1.8543810348697807,-2.2886586688343993,1.1843239606006237,-1.1727230331785297,0.7659760026234228,-0.41365378994458796,1.1367076014474777,1.1364365893310686,-0.40488884077145887,1.2950983238355926,-0.13443403207334612
-1.5546844886909623,-1.716047763569951,1.5300036145749663,-0.08862211567250786,-0.09072705270256917,0.060426449871660404,-1.473640146946828,1.6412245933149165,-2.2408131952103103,0.5129461342635422,-0.4266168604781344,1.5045371420069489,-2.296294031922244,0.7195431758073392,-1.22424824703532,0.5379258825523805,-0.3812193789501249,0.8926385477462595,0.9244407865642476,-0.7579771645317226,1.7849239879125918,-0.04813644099937206
-0.9342124946917166,-1.5829628555225137,1.7266111572676337,-0.19025477183619102,0.3920945557735252,-0.18417574430703598,-1.274627932009017,1.803745816469788,-2.3152229872244185,0.6468804799515729,-0.4975277203920637,1.3011799027028739,-2.016819780390452,0.35636144093220623,-0.9518815570470152,0.4195684438078845,-0.45498770519716214,0.35575324414584947,0.848966316216206,-0.7766810280524371,1.9946978107743953,-0.2476696837049341
0.059212831250335815,-1.52528286180709,1.8216893912453256,-0.14864766037381147,0.2206327390611752,-0.22819534214535825,-1.123164679137424,1.9403303328100714,-2.188628187757359,1.0761090024660331,-0.31171090046712013,1.4104033277361983,-1.7297788586068616,-0.25734906577135874,-0.630451302809303,0.5068571146799572,-1.3411198621995095,-0.04722319262048559,0.3440279241932233,-0.7095300539689463,1.910702738411393,-0.5037642232167566
1.024946911886339,-1.2584584965784225,1.927807587406867,-0.11354407923170422,0.46741737308484055,-0.1662676524789482,-0.47495086072987713,1.5567043158457063,-1.3252886822865835,0.9338304591820608,-0.3062980371493101,1.305202086151152,-1.2067425217445087,-0.423559815856024,-0.6542086250944797,0.33768467116621204,-1.6002615003312872,-0.03373841865484559,0.0841479291091645,-0.6584310200716622,1.680047802081084,-0.8291626751709716
2.1785541856674446,-0.2427950419175304,1.648656112931786,-0.09267239029562592,0.6485296297490646,-0.7182779714969253,-0.224696465330069,0.5348847442855118,-0.6459115937712557,0.434130276931759,-0.4808056052088772,1.0216038990308376,-0.09704410159934666,-1.0204476899717128,-0.4542553619880935,0.2793274725719182,-2.0327742827998683,-0.8690799774690745,0.4440649692641474,-1.0112386758590195,0.7256209137458424,-0.595560714048218
2.7772910038091223,0.5517137851786146,1.260494918705635,0.5692789861516604,1.1581758795160384,-0.10188852197853496,0.26787368854785026,-0.3670680996385377,0.017946120766632687,-0.2524826155631367,-0.3765236155483558,0.7866018116089848,0.9252278670711134,-1.0212280550347634,-0.1989696835970913,-0.2399832030732722,-2.3032860324714917,-0.4839653230792311,-0.0786051443620904,-0.9306460327302745,0.4736234653504047,-0.5457514661868224
2.787349329442762,0.5358677041991068,1.192480051848488,0.40913670030635785,0.7233883294497379,0.3767481236701044,0.32733947773842464,-0.9500269090506969,1.0028663428047644,-0.6363298908697574,-0.6190272044397402,0.09525104191180418,1.366535344481852,-0.7469944162335712,0.08500559303021352,-0.02553880060314208,-2.7537601938064573,-0.6015826356443396,-0.6741495009627004,-0.2763458214682075,0.41795210350451456,-1.1627125679154982
2.5510690524063504,1.3005385687762163,1.5163774480520482,0.9864733540839571,0.6422140996974246,0.05936542354272059,0.21763892594677456,-0.9557184279189983,1.3197987434625171,-0.39499955324647973,-0.6524215501668985,-0.3116386699388929,1.7103884350371679,-0.919794137987008,0.5609265375993394,-0.15985234104469842,-2.00708073063988,-0.4234023502253288,-0.7892289344490035,0.10188878601097429,0.4075301380466749,-1.4633691585296276
2.0548525595627765,1.4937847310034869,1.5598916996455023,1.419615528159923,0.19479590419181905,0.33420272132654405,0.4216778601500284,-1.0392247985061602,1.3746107866247004,-0.6781912058128118,-0.8969073720694312,-0.8760628101915224,2.0319731598904487,-0.9265545604826637,0.6133736578207108,-0.13919114921369363,-1.5449498515277742,-0.5817596341871429,-0.7753887491685795,0.08068422454324907,0.5770183010452649,-1.06127738464021
2.095118707333338,2.001819799699464,1.5191202444733238,1.495060046026432,-0.20951650173080621,0.012697752933551049,0.3469385148146771,-0.6738300076750734,0.9944356596466217,-0.9854184055136468,-1.1259682236993842,-1.2653848874848799,2.3774340191957193,-0.7088978194234505,0.8147352832046786,0.2467501983050741,-0.7346321398966196,-0.7268678707871339,-0.7123805782507215,0.19426942309888287,0.5648222689805872,-1.19913105034286
1.9784135646624235,1.8816848217166584,1.5277630127137867,1.684468853835628,-0.6147491190876885,0.516299663222454,0.8966434493549313,-0.5397389740014898,0.9883956897151774,-0.7267752662756773,-1.504423373556217,-1.46642962218811,2.330182854266594,-0.6715705793652963,0.5358461016155093,0.6968541611048982,-0.7644595076700375,-0.14170728255755383,-1.1218383391754245,0.4095559587313028,0.9976741745089834,-0.7622825421128371
1.814128766332512,1.686222101444133,1.8078849170391764,1.9489952923184664,-1.0813646502517587,0.617444477186549,0.6675643913481252,0.08413694911373198,1.4575832173261156,-0.1943386070102842,-2.017760309409956,-1.6078743295709872,2.3367300228006305,-0.11129008272589541,0.3430436204095495,1.0828535348987003,-0.6103711835660806,-0.06801794718018436,-1.1294698178042764,1.1238620880734576,1.341714142360295,-1.1196753454894348
1.6446589245576535,1.9756412000437338,1.5291406987186866,1.7299747155478542,-0.9736109171086557,0.4915708892061496,0.6435548862789021,-0.007368214718622146,1.5372485531295854,-0.049078485399986424,-1.5707535103944696,-2.461136588167717,2.9097499006709358,-0.3044984188370587,0.7215603653761231,1.4966706301677548,-0.41077442892316696,-0.494520892951016,-1.0704944763889965,1.183576862909217,1.8823835264276225,-0.5846410397038009
1.508700612522265,1.865298134573371,1.1765522848706826,1.6119803834657214,-1.3268016684164547,0.062338903025492054,0.6722606350886057,0.16079970334327032,1.624031795281582,-0.09358907609591285,-1.6537064213212254,-2.579026702172224,2.766776364542811,-0.10242733708416198,0.5804167812981578,0.9590494497448122,-0.23648790124548197,-0.5552159328081108,-0.7918070545122454,1.2059518580014859,2.087280613893244,-0.467407740685457
1.3806507150882066,2.212755378592285,0.6723206272934699,1.6834756057630182,-1.172778594207939,0.20158853424966838,1.0337244244233905,0.3221207172031295,1.6753218219595292,-0.2544278975291282,-1.1402986201057652,-2.729380077512098,3.505480799849461,-0.25283420899461806,1.1027778220295954,0.9132746363431665,-0.20491318548084014,-0.6707603861331563,-0.8579481406992602,1.2557101309375658,1.9645545380427516,-0.09571346065495523
1.2947134401853628,2.2394300685156625,0.6459207529129396,1.5320222584219982,-1.1193155140587154,0.40053733719934004,0.9891044673996289,0.052235789992192694,1.5145549284152418,-0.14466445515275145,-1.5372656516467689,-3.0422301110466754,3.0303461928472717,-0.33148106994231263,1.0447115025200828,0.7781672527547536,-0.0359088021391451,-0.6231690017164563,-0.5895175566284726,1.1787712834951716,1.862368960009619,0.09878940276954215
1.449413884968165,2.148175754275107,0.356289315828407,1.6007800671385475,-0.9925752637035521,0.33815445076505424,0.7453734751125539,0.06201652857815021,1.354163378386229,-0.16668662964655268,-1.5235768164025476,-2.9932793092621974,2.6332484611746567,0.06087349030138933,0.9497451749288817,0.5087150991912601,0.11286853704443184,-0.58336388456109,-0.5706204968927124,0.8489356397947412,1.736477059529883,0.005897969765497724
1.2422664920774145,1.842253539337466,-0.04985792519935284,1.3919530799627329,-1.187314014163076,0.08326699648431503,0.5687391323155854,-0.11511218301475717,1.4315192462424549,-0.22433850066655014,-1.20775577720409,-2.857694116670121,2.533463759250836,-0.2420723800797367,0.9304250897301243,0.7961343562633378,0.1933347971082348,-0.38284868598654404,-0.15800022017742066,0.8128208340153442,1.5372107744918164,0.37969981554213794
1.3216648007484886,1.7619534227127323,-0.08977740752024577,1.298941165969512,-1.1449646596725411,0.2292695398834192,0.41342117733754424,-0.2344618602238504,1.3872921364635573,-0.06888622385230546,-1.194944355640673,-3.156267673055477,2.1642382364854056,-0.28433383769803144,0.7824677599290415,0.9443219344627611,0.2525606166063791,-0.2597373211176061,-0.018016609703814274,1.2500121108231799,1.2046961517822528,0.1041587348223348
1.344378458982072,1.9903883815106127,-0.3074684573234287,1.4395189325975715,-1.1138815715122357,0.4215988457708224,0.5112515610249315,-0.36384296869172844,1.767526632968919,-0.1084937244248165,-0.7539511082661184,-3.0624074086536175,2.3394223940528693,-0.6826931942665023,1.059723709679575,0.8429994665802636,0.7437299642805786,-0.43084305787446914,0.33702439885360264,1.4162277132834578,1.009025312645508,0.035664307686632424
1.0538274168800188,2.224736276200562,-0.4282458224098302,1.2449010072917608,-1.5207459191434978,0.5513351130724929,0.5826950855997817,-1.2366043200113364,2.19130985738157,-0.28681820636839184,-0.025656821205470318,-3.701688943602907,2.5570776105891646,-0.45271089026480316,1.0126546406409527,0.5911214131953191,0.5178458912100015,-0.6836144298378023,0.08592132564619237,1.6642722250266675,0.9999953989212765,0.18524799187677066
0.48449561171622824,1.9508053116554873,-0.7479297816230235,0.8640368961235698,-1.3744165776552282,0.3821760895380908,0.8187960891608317,-1.6251303309388276,2.331169750754653,-0.13683939540770967,0.5769091880592718,-4.095968892677443,2.5508792952040262,0.25111194897286193,1.5438322993791977,0.7491307790783498,0.7135544749465196,-0.6256799606610356,-0.12003261494038704,1.8087290393230921,1.2526744894956008,0.40858639690613907
0.5919404786266169,2.053856270527644,-0.9612356149982388,0.6658517851507567,-1.3501372226471169,0.7464014479748523,1.1752237191126484,-1.8807810446744981,2.2813072292758316,0.05432170086455246,0.23165955132481517,-3.395873642419651,2.5296076199852933,0.08819821362083641,0.7277374363461049,0.6062290833819897,0.9247953052103104,-1.198254566657454,0.08544384706615499,1.6622025251841137,0.8593292712880415,-0.21628949626465752
0.3562724125089455,1.8057315547916424,-0.8471410555339868,0.6824318059056216,-1.2453061417751872,0.6112907307751275,1.5986271315171958,-1.649415491058024,2.3130021176910502,-0.21743906310604683,0.6165048103290088,-2.8604110814508967,2.9626147523982898,0.26166117816328394,0.47490048392975454,0.4390289867154582,1.1079357443291777,-1.6507678277941298,0.8135636242530097,1.3328478329932327,0.6932901063581723,0.14554519193892654
0.4184605333443186,2.214933344780477,-1.0630857075207703,0.5154945371166896,-1.448079551810154,0.8351783640376272,1.7207025356270975,-1.7387568197388406,2.14358438622854,0.00834023109532206,0.5359791357678946,-2.2599817537160196,2.9446466969282485,0.32662096538325125,0.6751590682830592,0.3197903137752008,1.141702201622342,-2.1793777670613688,0.7228661380999196,1.413151683033791,0.4603660995485656,0.1574175867854676
0.3961255786939137,2.035780489730973,-1.5791270661713055,0.7353676320701523,-1.4519932450079975,0.913838682973609,1.7317922260782401,-1.719328736918988,2.0895692716030956,-0.011917253044148618,0.5118805656662,-2.1680036389626616,3.0191549700492457,0.586067559671192,0.7493949749193735,0.5378890899274824,1.3962586574477474,-2.7044999167862884,0.7541788823161754,1.3399919846817396,0.009087629512645877,0.23147436414340297
0.004961361895286398,2.035592099158452,-1.7604205708210163,0.5017231614918047,-1.51734346176142,0.610044745262557,1.7966698026812011,-1.467466869568342,1.85862760127704,0.04297812460474991,0.30907094349064657,-2.114291437922451,3.047295196633819,1.2049301672253563,0.6394474435529104,0.742327049101099,1.2879772770583373,-2.80684931301861,0.9343483166620855,1.0330453124335741,0.1870271513571615,0.6841331104477976
0.11872117046266292,1.661845936161552,-1.7952923041628646,0.058762332240041605,-1.0321989953025343,0.7337648019772927,2.10213539116049,-1.0663429574171728,1.3885071811100103,0.2893243628371508,-0.18300979714513044,-1.6303874701810694,3.5564807726455134,1.1036919855758744,0.19156055426408772,0.7447496383139596,1.0053723372292256,-2.4558723020971525,1.427230255040286,1.0791381712308001,0.2720944615375243,0.9910162065667769
0.1706314731032093,0.9350166110316964,-1.4953410258559,-0.2874938552123707,-1.003586580902683,0.7105545701630399,2.308780827105532,-0.6445798712983838,1.4097419805820768,0.5725100921548701,-0.49529475677807894,-1.1301347642285573,3.718859080786804,0.8355308775813843,-0.09415407895929268,0.9541067894467589,0.7340422455095995,-2.00751659098467,1.3341748820900918,1.092964654863413,0.5236079064914076,0.9094018807831398
0.4254158665134967,0.6477505557727873,-1.5479917401282723,-0.2419180262624796,-0.9014318220569085,0.21476816516997213,2.1606974518531747,-0.5798672896132108,1.3064899331185906,0.8584608539571019,-0.47847958839159493,-1.7155188664733234,3.480790661476395,0.4971069333562039,0.11369188888070336,0.10888927417944073,0.7295225430967329,-2.0852389922787045,1.3618354382755515,0.7801757527469104,0.0884408196525127,1.1586681059243817
0.6284916545512237,0.47085775913928085,-1.5720942778570761,-0.5900285664295625,-0.8921722184353208,-0.43049653779878916,1.638156240872182,-0.7253228811290877,1.1083432721700346,0.4232685091990027,-0.3755801885825696,-1.398260767470438,3.1865730343322216,0.4828265011320073,0.8586300136366755,-0.3388812241134101,0.6950519667511295,-2.098389277114377,1.5697359377823175,0.2080020109988811,-0.4132358691326221,1.3420099103717211
-0.03297251326369112,0.5977639792998292,-2.2226812448540794,0.11778362638757908,-0.47412236557281573,-0.48509116477941017,1.5301002369529808,-1.091799942810281,0.23637559927867072,-0.08092670463397475,-0.3156787123432774,-1.1536954412312563,3.110891785781392,0.7354154780372519,0.636128462255194,-0.6935362432438076,0.5427227839723856,-1.2563510362869839,1.540819073080971,0.18599615676457937,-0.42429688628477885,1.7194904777318973
-0.16311750675730408,0.6524547077787605,-1.7978045685556632,0.06849976790587856,-0.8174732866858098,-0.476652076716642,1.091507203100386,-1.0048971074570932,-0.2564943757015026,0.09361821421292288,-0.35764734275127014,-0.7964352842442923,2.56677454658266,1.0880232962183964,0.5174034997797486,-0.4132955084980905,0.7815491194983105,-0.9043088522156914,1.9611850503022668,-0.18934087642396263,-0.24781658330686657,1.7795183544113642
-0.8426002091151853,0.43639566682419534,-1.7081083292748784,0.10493196617521937,-0.645974359105821,-0.2146326936342157,0.5249095474992438,-0.5279075654044234,-0.7733133672741801,-0.20289671727856873,-0.8297501858775957,-0.2754636152548954,1.8461713401443272,1.17206561596085,-0.1475416714677443,0.08654137071623594,0.9276176630686506,-0.02719436386174766,2.021291356827809,-0.0024145333077672596,-0.412363068575371,1.8657896042436906
-0.7208120613381834,0.3491272065089175,-1.330073683947597,0.5050689959090422,-0.736964293306478,-0.10304094578081215,0.6523513062985583,0.17115321037599024,-0.8863964279369534,-0.14195562094743028,-1.1153560057933445,-0.36742908632253896,1.250908186608828,0.6858175651745922,-0.44044446412253463,0.19646938654114954,1.0085829232635575,0.1880723721858785,1.446528295645565,0.273572786784472,0.4150648257695672,1.521921020693407
-0.6479976327598124,0.7529610684824264,-0.9263389094347977,0.5240416729250614,-0.8528115488238234,-0.5177543626706146,0.5381682447739393,0.31479520279652984,-0.840046641945065,-0.0810850636984852,-1.3380289902206128,-0.5209231534632643,1.3623165742641188,0.301726636221237,-0.1471107333240092,0.20119303981233053,1.1815584377961763,-0.46967634920601464,1.3008929135714473,0.2693251342138222,0.9073949524138907,1.410740217014897
-0.7905585399455121,0.7797142667317015,-0.9679908751504644,0.04948765749348841,-0.34562325853315756,-0.7407367841154209,0.5153633912396403,0.3391814199563031,-0.7069392307157004,-0.45679309522294587,-1.3511961840799491,-0.8258930935840569,1.1766979127331412,0.3580353099417444,0.10742915115564836,-0.046976308036402986,1.234700076001496,-0.7897496523091626,1.2124060718448229,0.009484269955751218,1.2445079138211765,1.4912692079133911
-1.0474720541920388,1.31764895448724,-1.0312820886795144,0.3969605627345233,-0.041403812424698934,-0.5720659845369448,0.3665563642576985,0.6812049278047488,0.1388669365470969,0.1496943019985408,-1.2787040119428759,-0.5861076714128133,1.4814825459315681,0.2281904587941175,0.35266585986049626,-0.6352034084806982,1.344104900053547,-0.7159330658394406,1.2723269890246034,-0.3530788576191989,1.4479909309806103,1.1753302705661695
-1.246273910500819,1.0996474302112635,-1.1381794938646252,0.29691507583361343,-0.5546941443374088,-0.7967870004988018,0.15016390781985134,0.3623413327407474,-0.03792658258413362,-0.35688595359968567,-1.655053593008235,-0.5760176142577413,0.9085436900514452,-0.2625282983072478,0.24374500011532269,-0.3791486288534419,1.4238254877205474,-1.002481149675326,1.4962828076556367,-0.11209104786220742,1.4507828851955105,1.1122567660666292
-1.4286187223257931,1.3002980775626098,-1.2537180443398315,0.5228746657432272,-0.26693191992792964,-0.5533870799811333,0.21805358627973914,0.627113662614828,-0.6593125431461113,-0.32990399946003374,-1.6594503596401924,-0.5689021136109342,0.8343156891728771,-0.7382428419774245,0.29957457385216346,-0.6503134476575206,1.7648368518864384,-0.5660949590161828,1.479006444080677,-0.3820268370109361,1.7738312779139187,1.6296837381087177
-1.7451200887611684,1.3780710968151366,-1.2335209735977564,0.2778206330914854,-0.04398420590579773,-1.2079289801487245,-0.3212820286008017,0.8389197954008676,-0.9701171034790228,-0.37921253527818705,-1.9575609148817799,-0.7166236932911554,0.4644783376184242,-0.6098706876448732,0.16837798713832994,-0.5620724104511143,1.878945007584341,0.3311914183810504,1.6051008560986604,-0.44982064716561787,1.6404853404731194,1.5105549206598565
-1.6671781134215478,1.0768251607978925,-0.8878976077287727,0.36534517173305897,-0.21689422773577227,-1.0269297550479233,-0.6609811166654398,0.7685123213048763,-1.5122193280885632,-0.7194798655560306,-2.010323438207165,-0.6211627840976416,-0.13572530197442112,-1.0166583594180603,0.14191489544497804,-0.20608922734931512,1.7286377722469362,0.6464283956984798,1.593960029525725,0.16381796284538064,1.8216138446865693,1.6734937053571712
-1.459739975733694,1.2600936259245392,-0.6778602029818522,0.386627919545753,-0.13866819387032667,-0.9972822678373724,-0.8153663169299618,1.011370271947528,-1.3956141611094923,-0.4762668980965289,-1.9075129209493829,-0.8229664524779413,-0.7226975093752267,-0.7275783200769389,0.15467043769316197,-0.30793659890159186,1.4527200615764744,0.5100998070191336,1.5041508420652292,-0.2501825557850287,2.41618903696469,1.4769255355020598
-1.4076528195278672,0.8469346281157333,-0.7126887381579453,0.32287894595339706,0.015942410030220205,-0.7034011680355219,-0.7156557466533888,0.8963064962197316,-0.981394435172644,-0.4431542147060572,-1.592464440632824,-0.9826043492172294,-0.7735957850502453,-0.8393943817704818,-0.09224136158388532,-0.32415452799979116,1.001406757434339,0.5861792573701762,1.1427071007353071,0.17976021210732582,2.7520784970413827,0.7742716269575449
-1.5299151163064504,0.7538527396841408,-0.3777042443042271,0.2516984737134654,-0.2440266209287215,-0.8052809288867948,-0.8502321817126857,0.6030067049506556,-0.9014296571593822,-0.32125800896407103,-1.8265895170681847,-0.467894415085803,-0.8575665623729655,-1.0977511689676764,0.3933846904957351,-0.31347015909308706,0.9801111384959821,0.31468811780517375,0.6813743586299245,0.3567774053653046,2.451942123021371,0.7988836509793951
-1.6412831452410794,0.8666851317594254,-0.24141715747377374,0.3646394903860588,0.32507821485846883,-0.9674130700539298,-0.9647508154990858,0.2127100083163578,-0.9033904419499768,-0.355491989723363,-1.341142263892697,-0.2842605307011037,-0.791776356894017,-1.2031201139951415,0.43742501801961114,-0.724042829629957,1.0303442869719572,0.09478651276051808,0.9347151193218766,-0.1477107512740862,2.167575155090148,0.7663420352217352
-1.3485152938512714,0.7007880633607316,0.0851224282018829,0.021501762638298158,0.2930717084161501,-0.9385812726326268,-0.9484014449221798,0.4515260733735824,-1.1367198730920465,-0.24647435586685706,-1.0526592833603483,-0.40904764481592093,-0.7296691354931433,-1.1894769104717868,0.29328828377159916,-1.0934194064307736,0.8552258441506956,0.12203562197267953,0.8605025265512896,-0.19447545149510298,2.0882127373988664,0.5745376334256284
-1.3818139813440813,0.2224076080240402,0.06600679008256433,0.4514682328322972,-0.10227524340640498,-0.5565486274987859,-0.8113509911106617,0.17197388690333934,-1.1641794456945795,-0.373831424485066,-1.1853810401214064,-0.2949431091101516,-0.6077758231107352,-0.9095935845706374,0.18169286257845105,-1.2436862275993092,0.7458704561965325,0.40567209191793946,0.41610126456315566,-0.18060171805045874,1.9947331267164445,0.2890133981780923
-1.4927339697792976,0.22475860725974267,-0.028339458497175132,0.6794495491601892,0.04214180137749174,-0.5591032005863765,-0.8367568946150619,-0.13492959403372368,-1.7724662008918102,-0.2852169043468748,-0.8592993956617493,-0.20549812107788543,-0.8956169353499319,-0.5928163347168396,0.38039988836092875,-1.0269698339705284,0.8716338680135812,0.30948966110829534,0.5618752251457314,-0.28831680254202063,1.2942266721575721,0.17010162800206766
-1.572072165705681,0.10197417462462702,0.3863090482443197,0.6107347259962931,0.07141127349344745,-0.5532097200148247,-1.226368562913622,-0.3725218444670762,-2.4674968522273075,-0.3714898388801169,-0.5084899950369909,0.6894310657764771,-1.3831290949090906,-0.29350897890118827,0.25389094064348916,-0.6615999021177636,0.6285853796183196,0.7947639245685837,0.6688835279208032,-0.6787196232552213,0.7251549607679911,0.33929664951509725
-1.8594029089099333,-1.0367553599209542,0.9513735656081227,1.0632059725522804,-0.10366173805265347,0.09584777554513368,-1.3151974380164544,-0.12442255229102062,-2.325633432022023,-0.3145623822869133,-0.6346797397711504,1.9415531746233818,-1.774981463588728,0.1820332263329106,-0.41045201046367075,-0.48838206885173474,0.47971734923956744,1.0265545768633668,0.5999271407174056,-0.5893816961923146,0.7152120895741654,0.00786001179527003
-1.815088977097343,-1.5140252666060359,1.6054689907361697,0.3040316079605115,-0.023609443329087196,-0.0035678912957543274,-1.4146564765901268,0.4882973434421166,-2.587999096324576,0.5469915813631183,-0.46984523974420794,2.662782108160808,-1.9863468231995816,0.968827107617875,-0.6157566669178429,-0.5657817709543136,-0.3359249061395355,0.5677901114978952,0.6053281233013867,-0.5110361251970383,0.6746242108276751,-0.2123986617047451
-1.5240138157926806,-1.997380893126466,1.8461969930598154,-0.38750794225813334,0.130181705954161,0.25279818685848593,-0.8422965453131984,0.8954794053112254,-2.3387302936035472,0.3245784252665681,-0.0010230831205422786,2.507297424129627,-1.4991888488868188,1.6199117943680297,-1.0990185781058162,-0.7098019579724828,-0.7238646765180069,0.40756723489088004,0.2948142556720129,-0.5463563816166301,1.2115220612018542,-0.3206758385936439
-1.146623268741991,-1.6441268439367975,1.8823815846847327,-0.45983887131317536,0.37825102496942,-0.18950669168677228,-0.6355524336630491,0.6507252659770087,-2.330854564735878,0.12324938780834352,0.5181203196770197,2.700367629951808,-0.4680977568696667,1.8073238416034747,-1.199791776385933,-0.6491006735015271,-1.0648898096047021,-0.27099259345693666,0.6359122619762274,-0.7465843657767125,1.2278892991216441,-0.15955685308460654
-0.7973192022421023,-1.0371671307369674,1.8751456237967954,-0.9032976355737579,0.28745772894679494,-0.3984901496263866,-0.21076932082914002,0.3064464194374975,-2.3523320560294003,0.11468618578476614,0.9958097514286006,2.5679872920936755,0.024293209803063688,1.4138821762370366,-0.43394880196260804,-0.8761044658020433,-1.0445205173336274,-0.7409512235978957,0.7554826049461264,-1.021073634118354,0.9732347595178676,-0.3220596892167708
-0.43959124009907774,-0.5563289986278098,1.5347477617482366,-0.0695416767845005,0.3082169479386134,-0.2967806782472275,0.0235890181104296,-0.2582257676549333,-2.5686092120100636,-0.44308772915045697,1.484238140423355,2.873696801498658,0.23789697095380793,1.7005387806066732,-0.3036898797306937,-1.3245746752959024,-1.4032524927038057,-0.7040288558044057,0.5346260601064019,-1.2311638455944938,0.4597402092453534,-0.5293530421041738
-0.32147672626673973,-0.6929971659396953,1.2524059627949964,0.08574849362241627,0.26112152311906944,-0.19732342000464076,-0.025943450385388533,-0.6092270127520188,-2.867021951105704,-0.2247861080488112,1.505900642158377,2.8220690724528867,-0.17278599808395817,2.4947272925860906,-0.7896468618520975,-1.2463614559889782,-1.2580089612531835,-0.5474208099522816,-0.0935986193941884,-1.2363248147478325,-0.2702885677317046,-0.44124288238460824
-0.7506046822199376,-1.8331894416137526,1.16565385487816,0.6178547381321993,0.12556798782077339,0.2826144500596098,-0.13040929800176412,-0.3765179983929201,-2.7431513806708643,-0.038683622129649535,1.512843556586353,2.601636542488333,-0.7516479101310933,2.7398095496346455,-0.853834347739893,-0.38482436968924577,-1.068194699499564,-0.5864651460879762,-0.3105824792961821,-0.6778790094263727,-1.2714375605561787,-0.4885168976507017
-0.5875743665145017,-1.3707514447583327,1.4787542950873167,0.28466471178876473,-0.4239834128032469,0.2600246240970189,-0.866428050040209,-0.5489537127343929,-2.533887142708026,0.2789531874483238,1.319383127056154,2.3614224380291113,-0.898540050124224,2.2568799114530975,-1.144321136661274,-0.40393812561141595,-0.909604085971456,0.09863523820764222,0.03593210875578739,-0.3849785410327134,-1.0248995045993383,-0.5579038280483835
-0.24585966600182066,-1.3925462488205573,1.2942490093449859,-0.2939361254909163,-0.6679320379899795,0.39733395504824215,-0.5462204249748446,-0.3359045232565455,-2.0328694204645537,0.24962398709724803,1.2036805632351886,1.8340079682930093,-0.6242590506875764,1.8450013681362956,-0.8090458076907305,0.10480728619901883,-0.4705496639046269,0.29223862985740695,0.3881015267697839,-0.17241586181485058,-0.7851777674886169,-0.35424871079962894
0.08753838231823262,-1.3773084176729284,0.9970292389489602,-0.2220228301629717,-0.6166429366030394,0.5848980220243282,-0.4513798456207746,-0.3771225058289161,-1.6253492391662883,0.017952088671269573,1.3473451496545832,1.0419412997413113,-0.08621063359503363,0.6443750760108989,-0.5233496120303669,-0.13159279637043236,-0.49228125496334657,0.43465664487512573,0.6531161231810522,0.19135969314700602,-0.9715081150533802,-0.24762571961189594
-0.032159556116807535,-1.0190022159640775,1.23528631042374,-0.5114821745053757,-0.9157893477601,0.33544118836789116,-0.46317553493004915,-0.2037966203686009,-0.9234187134918652,-0.0683659260674492,1.6383427042682397,0.7815702567114357,-0.16712499486535526,-0.09826819580605778,-0.3992036785967242,-0.11705150970640207,-0.4718662417155464,0.6673235669684283,0.38643545099414867,-0.029670897597097092,-0.7083968777187061,-0.687115049944769
0.6750808018231544,-0.89536168220437,1.37203233009102,-0.441080700430467,-0.4843978949125038,0.30870917769941053,-0.3669829881202281,-0.7773052201772109,-0.4854340772591518,-0.20232558656935296,1.6730482802890947,0.3599670051175652,-0.31950888945398415,-0.5890082131045506,-0.34372311521279514,-0.4740278791559368,-0.49161057381061635,0.26478427356233236,0.08562053033382382,-0.24572765142672007,-0.272522884707346,-0.9786232572797775
1.1545291120195422,-0.37965301021780484,1.4590150182666242,-0.05261363622689268,-0.0836249014146563,-0.2953728044376509,-0.448211572292071,-1.2885843355996414,-0.5165883250888912,-0.3664897424210241,1.6983629225671346,0.26611775302155255,-0.151482611125438,-0.4733414052695895,0.10655529212648651,-0.9708082497108104,-0.6012502846320196,-0.5096253717751886,-0.18967251915549618,-0.6442787945905608,-0.6368420731287099,-1.2487111367540304
1.5623997736209656,0.023167342246620683,1.2254372763083443,0.16372877051487725,0.19106179263635067,-0.4587755704483322,-0.5633156694815445,-1.7064737752553574,-1.1407746368616467,-1.1907278664350547,1.9778363581551153,0.24319707595824192,0.2656565785007553,-0.347129100103916,0.5313504124429137,-1.346681524161149,-0.9565295307120583,-0.6565285807921909,-0.9341136722945399,-0.5621991761691084,-0.7274829598326548,-1.361503781115526
1.8397499289767882,0.950775354674862,1.4510676003623122,0.7451534716094187,0.13952914009025252,-0.7087603585914957,-1.2727202415148033,-1.8329867409903289,-2.4051847748016986,-1.3453706807517816,1.8560833327982154,0.31376952565995364,0.1747309301946089,0.7947074718357108,0.6189931640907578,-0.9775848037414266,-1.5035380192256695,0.6259916369844568,-1.072606676859443,-0.6978158388995144,-1.2585739521239863,-1.3679603813648353
0.9543560855729888,0.45802327626686656,1.486985331662364,1.344068749165428,-0.8988822089151839,0.5414733863339374,-1.329680783163572,-1.1838967459290073,-2.851372076384607,-1.2513115459398327,1.7239790133274218,-0.1978751677506378,-0.9166034021100644,1.928268238412632,0.3097897842427736,-0.06794145072347416,-1.4858127539556185,1.5567001973928911,-1.068550395582554,-0.29006767161168945,-1.480488014936172,-0.7562651425176699
0.2702233941200648,-0.06620161405229519,1.0899919518631966,1.7070137916481967,-1.5463284249100897,0.7682084148304049,-1.7160724766418147,-0.4608049377299574,-2.8487849885464076,-0.49062235130767684,1.7010282129849228,-0.08158718664227944,-1.1500591650801575,2.3212230313207716,-0.5501720889631481,1.6615110093950047,-1.0325349176779755,2.607434758032766,-0.5941830631721361,-0.06554748804183788,-1.034856914130759,-0.5138764121580097
0.1111948020160389,-0.5045612769032332,0.9650359555360718,1.2471310818318198,-1.840052539433957,1.6295114697238438,-1.1865029867067798,0.05181584131551864,-3.166735676563667,-0.15198604628119564,1.5261044192854905,0.04190605621434658,-1.389389620487702,2.358342609742344,-0.553132765606208,2.9429523836809697,-0.9554736743148797,2.663359777252948,-0.1775872402898283,0.5257997367550049,-0.4717924185937128,-0.0017035473733018475
0.03502605470611997,-0.8186928678744045,1.02826094774561,1.064425919562947,-1.930939085997159,1.1805952876335846,-1.2284740934019616,0.7443697009338857,-2.799748130985872,0.24087387839809143,0.684608190904082,0.541956772845194,-1.810642601531852,2.03177112726954,-1.062217553805941,3.9259351545010523,-1.110416724068097,2.4824446070287145,0.5038411438631814,0.41286579656583555,-0.2214868255787556,0.13053319328667767
0.4423862923037477,-0.7373140546993048,0.6137336009768204,1.2013696108147365,-1.60706887840693,0.6419790366812844,-0.9864624059613951,1.0294226354753235,-2.1234535273617157,0.21825827935084668,0.3037481734933443,0.8083958398209459,-2.0168552162416353,2.5050427461527307,-1.047162424194797,3.696169502181286,-1.4946976588503935,1.8008818077526227,1.0866249431441906,-0.2639449235761143,-0.04986255042029987,0.4079001182469973
0.8623820149770766,-0.11888443326816728,0.3637030189019719,0.9417844446918374,-1.64097979312776,0.43491146537672565,-1.0046834480033326,0.8029556125895568,-1.698454835466556,-0.01551920720689387,-0.02459420117620259,1.3325707027094982,-1.116261065141101,2.4615629916989756,-0.7126543358459145,4.270124373985739,-1.6573959475190039,1.7350039372809463,1.1277663599811287,0.13872444070017098,0.1750967446038855,0.5222667944854935
1.3279849905486107,0.3311810062042343,0.20793155471046054,1.2323110671958328,-1.2170910619079747,0.762316515196157,-0.6171609009876514,0.8473251197722588,-1.6859943657237173,-0.14355158913415372,-0.17021133634612995,0.6010836922584303,-0.6604901430649606,3.11616573073258,-0.5786840664070123,4.467825922161827,-2.219050260722656,1.601835249731342,0.8905212109365701,0.058729030019219114,0.28939439800462774,0.5397318443789756
1.1865917880323653,0.37538533739640445,-0.33145420642574647,1.2006229498747907,-1.3492693100426842,0.7271207982378869,-0.4896466207380771,0.7336262319625796,-1.0310313846318182,-0.4449573646968843,-0.03798855190934358,0.8394740411779732,-0.28212138441015094,3.0670879775809605,-0.09361434428655159,5.208084236050053,-2.705972670012789,1.8385249841959914,1.115740148723622,0.41059631505335725,0.24809652552381659,0.5170051812860549
0.6351594129725828,0.7787612370088792,-0.7284631786809229,1.2028042251383346,-1.39255659618453,0.4919058683108404,-0.7197547960086887,0.6956984415124362,-0.6093677671333542,-0.3287058720159862,0.10134127092484813,0.25179845276216695,-0.6001897420328283,3.0807787362909704,0.20270023109434165,5.07099051928284,-2.546787290397167,2.0530318663480926,1.1771481293583703,0.4944636444014372,0.6048226693676447,1.1044613202009999
0.4733977325673137,0.647648652931996,-0.7562373715922154,1.1564630947645218,-1.017943295646687,0.3390865493951197,-1.0149439214952545,0.6052735558774949,-0.9423223792189357,-0.32523053167124255,-0.3771491945373662,0.1338056621171254,-0.9833028381176663,2.8774434048970923,-0.04069596274613449,4.730870433138064,-2.173104797563828,2.0241726374130655,1.4377870527232504,0.6789462115203228,0.8219023856852518,1.3572586959527786
0.26756225752326535,0.5688241925307933,-0.8654444463276559,0.8126487875967852,-0.8270417410293875,0.2334609046266157,-0.8369691250439617,0.7996396603237099,-1.2792926286408133,-0.3573878061637347,-0.1947863392407444,0.031040469370993404,-0.9978199583900788,2.8866595796368055,-0.4167187389500801,4.7434011323400025,-2.225515316661849,2.268614452890173,1.4352922218305693,0.8346362056721625,1.0071728623496876,1.2282399968575943
0.35330277112520686,0.40106133168515984,-0.9656637913974191,0.5992061652703364,-0.5710537623852509,0.4116997071502976,-0.862875414054334,0.6801060797546967,-1.2101984312145064,-0.740908194389944,-0.2344154080663864,0.7305512922299741,-1.3101466307976795,2.5973177684450137,0.09071425341958515,4.6988478903438935,-2.487681829023414,2.2181088112064606,1.1642638350293963,0.16914034441356923,1.0199987768660337,1.2312753054808545
0.6687929553180401,0.09553325675335406,-0.15786405352542143,0.5913608321793011,-0.30092768117501845,0.5807293237912907,-0.5277360326318842,0.15979122125784662,-0.6412984955582113,-0.6089824121393608,-0.39404906550348534,1.5513538435717305,-1.0865538410940436,2.7812221683336937,-0.4475817352942117,4.635701489209315,-2.2689614360097288,2.3793712388866277,1.2835010747009754,-0.045125447461413906,0.7523649698773986,0.7594911455436899
1.215224077963097,0.40778884164904367,0.5732438912803475,0.3974867511978632,-0.4145073999727707,1.0866456605360875,0.2798198930237928,-0.31889748689734154,-0.2318997238497409,-0.9038956476327371,0.2213663759571409,2.010371382241707,-0.8966105858700124,3.451637243437214,-0.8326554152692858,4.469063011445583,-2.556806284792216,1.9257394959080092,1.0236003633403623,-0.3719236596419874,0.6248885095612936,0.21262322906924802
1.8211454184856475,0.6624381876202489,1.0731155866118638,-0.11575534233202876,-0.17519296254628905,1.277041968204703,1.3462943429965242,-1.1525816628267376,-0.2225764176953727,-1.0281460537122815,1.1633194668687998,3.072579261047669,0.4740783437654711,3.233434516562924,-1.1125066260893235,4.937078161326248,-2.1709057911943024,1.719850400830432,0.67207721215326,0.1640545321034274,0.5777832740733504,-0.4409330541269894
1.5978563257720915,0.9759444761850671,1.499136378981586,-0.6714805458585367,-0.18092267187704736,1.5957305879489714,2.147905398756589,-1.9635665352700884,0.4626994263210992,-0.46934278910086447,1.4859318108303323,3.191116253418778,0.6301954988066681,3.452048299384312,-1.337460084156543,4.400464455247652,-2.2367664381060113,0.49994986291107524,0.6664476073041167,0.12575765697039215,0.20708464817614985,-0.6507392384071048
1.348997106579297,1.275000305822632,1.2298363393958047,-0.9641522476607642,0.24895288185698228,1.5299187087416903,2.2608063745090075,-2.242114580587096,0.41771863741517606,-0.48350930101277456,1.8434653590867482,2.9839196688897323,0.8943252662035088,3.21658055952661,-1.189718471662975,3.648816280827796,-1.51641079408326,-0.3787970982150982,0.8154668347385831,-0.06379332740963368,-0.17186775690792364,-0.9296452263620787
0.39793673611386093,1.4621448068489176,0.0003457816070974694,-0.0405640141587765,0.4051029589466968,1.2599745351658533,1.4498951009822687,-1.0904482852744173,-0.18221907281512406,-0.22288320365840267,0.9649884936068035,1.9311615820947576,0.26219832229634443,2.1432263505661284,-0.5606059981190257,2.5708710952042475,-0.8431301603714599,-1.2022156822868069,1.1286467197054815,-0.1920500434671691,-0.25437146887174417,-0.2301255998307626
-0.07189919567378698,1.2603257872478109,-0.4555795900943051,0.24582034049379414,0.5722107871827617,0.5412487388841432,0.6293919749078184,-0.9773885691600933,-0.3768368705682177,-0.33878944447688564,0.12615040146838952,1.4187950486240162,-0.15171626743964348,1.890166414664024,-0.7649512963082798,1.581845229777327,-0.9295423261428623,-1.0619951841544721,1.2175115815842923,-0.5560076043632249,-0.2521401362848861,0.26357822978305956
0.16496495785809442,1.2735691048910323,-0.7363442523552504,0.650993364861035,1.1220291213271882,-0.20762114767857104,0.09933205920800117,-0.7194332950180267,-0.6049789124487791,-0.5882646317718843,-0.2878537439002077,1.9677867202811747,0.6173606275384559,1.6800499967922362,-0.06547348640610419,1.3823372073023328,-1.0565651450753877,-0.9743748534786992,0.9548549870088365,-0.6107079436681819,-0.34650455211765696,-0.030210923220531986
0.5232864858455628,1.3242021460386393,-0.5799125207781958,0.3991083619562762,0.6690292222364655,-0.04760103089953252,1.084950069470094,-0.8412005204117011,-0.7875430019810825,-0.9467538697085202,-0.27565137538450224,2.010989454854262,0.6968121089250807,1.9273976251123017,-0.3078431953356993,1.121357528261033,-0.7388524127011736,-1.2486018269236232,0.4106741191486055,-0.7982324340177906,-0.1344324209922909,0.019277892904204577
0.4628881759452633,1.1054569840642237,0.163041556812285,0.32791064609125603,0.09303176463241672,0.2626280989260438,1.8856415605460635,-1.5622751261605177,-0.48060545489522594,-1.070191972792955,0.05276241080046842,2.6031537691562545,1.096621532278676,2.0209838528827464,-0.5209513765550281,1.035855382579901,-0.7130208967670754,-1.2361486884227573,-0.009120344182221324,-0.48519769046101774,-0.5624688784059922,-0.2951307419152405
0.5611047477245066,1.3059845022889343,1.1971289458575447,0.4516254495364682,-0.4013594284088377,0.983753988723264,2.5467372882530617,-1.8507560295193528,0.038189949121490596,-0.8448047842619815,0.5761744689054105,2.9111380696997444,1.3097859887944163,2.788479655783248,-1.01296354745541,1.192718281584582,0.10070219313563591,-1.2456324508570862,-0.14842478060507217,-0.6023047226374438,-0.9637194264058,-1.0001414743908006
0.8540471535793313,0.8446746959289297,1.533653263088747,-0.12881973108226055,-1.0491892112599701,1.146709373582671,3.109408692341655,-1.9189552544176,0.3257279894172367,-0.600630520323246,0.93131330876787,2.9521347061571337,1.6865611653801569,3.244306790934613,-1.1940860485719988,1.6100832119300024,0.14920069734794367,-2.051055551783082,-0.5656252019050165,-0.07858611368442595,-1.1510433004739535,-1.302662576338005
0.8995322900245791,0.80924936396526,1.7376174333292915,-0.4975340311060231,-0.7615576001713311,1.2182885499309708,3.450753665951558,-2.270144503918016,0.752624529199988,-0.8365405916451196,1.9618920489680134,3.6322001911070103,2.6643373940908783,3.7550099057781097,-1.143457789933877,1.719477223824116,0.21906402941690184,-2.552273683813915,-0.22430439039361794,0.16603049192014827,-1.3690374255802278,-1.7550063078966391
1.3304938457927258,0.7323510693084561,2.0033442257000265,-1.7669832914116035,-1.3591257340167644,1.2973710586407659,4.172998566711984,-2.9493927803106184,1.2631257486956469,-0.7499994981941072,2.8486880781068002,3.5042135202674003,3.1010700456115843,4.413580746679304,-1.3149892101713792,1.8922951282431169,0.3237716614089242,-2.7334350943777754,-0.4805637310800776,0.030593205951571376,-1.4895350436485792,-2.0424462762550597
1.5886028200847815,1.3898811400499638,2.3923703215288064,-2.161548115736225,-0.979181172769178,1.9832767351541947,5.2980014999310745,-3.745867306344031,1.3524101997914586,-0.9245827765204134,3.8724915050457467,3.056548635452946,3.4994397240468214,4.400611803499281,-1.0776256616856832,1.9360976118115538,0.5318921568395982,-2.8048920982722656,-0.4032739290433489,-0.24837240683102416,-1.1555225442224732,-2.3099306149898244
1.6226414647707128,1.9566299915488963,2.343000501063479,-1.697910342581653,-1.452950853327837,2.7599842350049366,5.63643409332053,-4.3689714433261075,1.380307576706348,-0.9298083085596743,4.743350792473791,3.3977231607284617,3.6463406220644843,4.490284579761387,-1.0885948623708785,2.419511030820359,0.5421107113443426,-2.7774000724427306,-0.4891216142495215,0.2874205379771355,-1.3028849028354457,-2.150252066875936
0.132576605799626,2.447279583787612,0.5743418903819978,-0.2926835192454483,-0.629022385834653,3.3130950953465703,4.269145121907576,-3.5438092630886198,1.552662195708539,0.35863532508417995,2.936088802725437,2.745689290654788,1.8328459497043794,3.5033930397315545,-0.8197828608800372,3.264963704411454,1.726558165257255,-3.261274898866293,0.7473264683426857,1.1732957553190575,-2.2854620664226104,-1.4041123643496276
-0.16115725288517832,2.2827129478256865,-1.4835753666520597,0.013221525601534863,-0.20835537477263433,2.7521045016301637,3.252855600930155,-2.277009334119259,1.589790115185755,0.5272539814747724,1.7148765401578845,2.100784597742934,1.0843898379218007,2.455916874054596,-1.3976547134492536,3.3588677005359955,1.8868488130504137,-3.50809105255953,1.6322542559140873,0.6190439230785572,-1.707418851172072,-0.4433218898002109
-0.1405303415615971,1.6272092751484963,-2.4609225990314783,0.06975603373397893,-0.12877997829244303,2.25583175120559,3.03432944105471,-0.9616719841470878,1.971388379277711,1.187586140568911,0.43763076268659834,1.5715322365043747,0.9492261608259484,1.1865050910856885,-1.4731183736267395,3.131955262357276,1.730502241101924,-3.0048413347958114,2.9636206969143557,0.18012716947071636,-1.622517505170308,0.8235110236243616
0.11745699429932299,0.9410974308208134,-3.2209386862903813,-0.9318740850119431,-0.043575120727912975,1.195391338974818,1.9840684567049025,-0.15562690639685828,1.9275001786322996,0.976326493506179,-0.66853866236835,1.1858005611394824,1.4950174016059519,0.5470585977313018,-1.5001845878948763,2.1678975727832603,1.5504531415422331,-2.813054542714133,3.1020638184878933,-0.13898769913067546,-0.9858945195946061,1.241631086015803
0.06621767100696381,0.6645862255032818,-3.268093063402789,-0.9945011756104027,0.016310091330814486,-0.28985994980318613,1.4405730834487689,-0.08244989444173817,1.9471431401317325,0.7530764619598794,-1.019740536537154,0.36062022247001657,1.7568573301140162,0.20001148745209338,-0.9404423989503581,1.1320292932843035,1.214456163369257,-2.6122723916855954,3.6278097290076,-0.6128185613823006,-0.8203660572925905,1.7482957379603121
-0.0038715539690293704,-0.01728460441549841,-3.8421596515675556,-0.996241410834485,0.15350658371013728,-0.491872269633423,1.2884226767156137,-0.1756816476675886,1.5497665600203767,0.456342654070497,-1.2212826382126722,0.20461659612021205,1.7128027128244239,-0.5181752312890621,-0.5215984568062384,0.400842590745199,0.9050656485792385,-1.9712488244859763,2.980629853711678,-0.6711234397818024,-0.5664527759935072,1.9977179156335223
0.44221209285909047,-0.2631816211107295,-3.2150511538797524,-1.2695790695643039,0.048620337676236164,-0.5677226971036702,1.0317726463624517,0.002334441357993766,1.3581454377726718,0.5473506816650334,-1.1675897527446586,0.12255314091350711,1.6142370415153222,-0.6971161046462229,0.17072863718157325,-0.18904953344228048,0.9857659492441689,-1.3779341883082898,3.110940533997356,-0.8836208460543837,-1.4083849544146365,2.018216912265505
0.4821480380226667,-0.2225547499436352,-2.583915547987392,-1.1357337916852317,0.07968032439197612,-0.6607737725508702,0.8663781299181156,-0.012531627971345077,1.072442680681854,0.25782726736933237,-0.75237406084697,-0.3516485998311468,1.5230378716109676,-1.1218145434749538,0.08368377430663729,-0.6439942624150282,1.1993957274908211,-1.034615350584673,3.2431839784136796,-0.9153864220680215,-1.6165444022297848,1.540769437166119
0.18730381712959301,-0.4734697003050974,-2.7516125059882324,-0.9773570108552236,0.12741801893464255,-0.8852080460272652,0.6422564570281356,-0.3277345184076754,0.3069001423289295,0.24556100518420157,-0.7688953483827461,-0.2991876623830665,1.3948605187499004,-0.7983739780938823,-0.14178040748782442,-1.3781038328572257,1.054787543018328,-1.020632771688545,2.4714216066320844,-1.0481570478472257,-1.5651684625970061,1.5747271277466537
0.02991758821109672,-0.584396041642606,-2.9578155586772366,-1.0029404143751355,-0.06689966697012178,-1.0932462781632128,0.7589951998891465,-0.470777892562171,-0.509798933575053,-0.2371521479351023,-0.22563592135642607,-0.4077341749011638,0.9708164705524407,-0.698535764166679,-0.17142029084884933,-1.5877757513387678,1.5612857159387352,-0.17782518473237274,1.7521060208869876,-1.2203918003195449,-2.001373419438293,1.5258692417840423
0.2992769097193738,-0.39689176724229597,-2.4571505418908486,-0.8479426381206735,0.10867606280957538,-1.0781510379854842,0.35173329388959224,-0.8283402622951536,-0.9144667891320355,-0.3420525591817186,-0.11705452758546211,-0.343853265548926,0.6144140497193131,-0.9654846422261449,-0.25739361213744383,-1.417445293797443,2.106726008769307,0.5037804694913813,1.8806549378781316,-1.2504606481651397,-2.7158406272833755,0.9504180353620071
0.33323940904421423,-0.635678699928682,-1.7805472820066366,0.21349464733961795,-0.19201928259406048,-1.0132465965861837,-0.25455881402812613,-1.2239217948156176,-1.5195863427445049,-0.6015218907788326,0.009597542706716394,-0.08723826979048384,0.09447211038053757,-1.1536837852046546,0.037801455347112975,-1.6577203856755518,1.0634448013297702,0.3197291784750673,1.2171235343119131,-1.4916063213886155,-2.7119797866586524,0.8352863692923914
0.4137489310869735,-0.676394171021484,-0.5437098610606524,0.27062425652026184,-0.5140031747147719,-0.6240939296304057,-0.7542589405545819,-1.7610799529735168,-1.8658661099618519,-0.3379877801463712,0.030926255470518527,0.370788810165728,0.026331312877736674,-0.3500627728719014,-0.14918115359795361,-1.7801622359355729,0.4497286095511838,1.329357122803734,0.8620340367569029,-1.1890210788839097,-2.641159547768616,0.4930013916921611
-0.10934216681478763,-1.0282007679749796,-0.34195260465255944,0.6666423837776903,-0.5691130892879785,-0.031015551835848726,-1.3961870081480026,-1.1984445167301252,-2.1596715678158547,-0.724957317190022,0.17703070951241498,0.8349360276213349,-0.031043601894393306,0.07312418584584743,-0.185931556458601,-1.5828543702218245,0.257170153629116,1.915587707056525,0.8286603373766929,-0.9553197842997226,-2.740682212684582,0.4979341666019512
-0.3974974789138674,-1.6140760787246269,0.21476020194952314,0.2986079364695954,-0.9711756234955538,0.44718811321924257,-1.3754615096343625,-0.6680112652024724,-1.7741357298781413,-0.3778015073503682,-0.046572029916187405,1.2544185555834013,-0.7405954395659544,0.7874004200213263,-0.6342874528047897,-0.8500876710126087,0.12788702671954105,2.4801132736331364,0.9738041242287896,-0.7303723919124631,-2.2496774678238247,0.44206875558656034
-0.605793830473641,-1.256854060789465,0.24283184641635808,0.16806757122547783,-0.010666400683690166,0.08999264919988334,-1.9731572561916508,0.3456984414138773,-1.6333195294488838,0.10249548344948978,-0.22522171311750844,1.2338493841684104,-0.6760889585078323,0.2958345290157688,-1.0734092583459487,-0.1883879389748461,-0.29637015499466934,2.05132663874043,1.3718887893931748,-0.3189869461315376,-1.3342119580007596,0.14505210929766227
-0.11337595230769087,-1.4040233098684072,-0.5072969246762602,-0.18894559697212454,0.37537731830734977,-0.12380132945013222,-1.2813831973036995,0.4123183876075469,-1.1757557712188373,-0.1274842509041838,-0.07753244699592268,0.5385920288120409,-1.2864144778559392,-0.47660546407747106,-0.6345064332021401,0.22208539700493402,-0.9797854096203703,1.6626110305161366,1.2393227122632757,-0.7235387807178557,-0.006554133719862666,0.767708577148459
0.9541365787847242,-1.2469254991416558,-0.7195728432423192,-0.2646005768292776,0.7495120703242885,-0.19017518992028026,-1.5215293722327792,0.3215581345805798,-0.2590594193953297,0.4482193541194389,0.12952472276943913,0.6148159002245995,-0.7795298802897453,-0.9295788548990885,-0.020642535982907634,0.4214325476389677,-1.4756895429617842,1.7430066422733586,1.5028812877429039,-0.14845348623445304,0.3591928143079186,0.4037228729404174
1.1796713394684195,-1.3029310936729905,-0.7638983629983692,-0.622282263904949,0.904496549396078,-0.08990819147429518,-1.5640453837892359,-0.0678600392429004,0.7701719571357332,0.09511223004617048,0.13111934764609437,0.22432462676946083,-0.6591058806908677,-1.4678369082552343,-0.2218333019738746,0.3355838658325404,-2.5713465009094656,1.6934000123663595,1.860708920982185,-0.16143412523199582,-0.019187251147907584,0.5600140005839398
1.487992443592538,-0.9228926771799723,-0.9585851709783633,-1.1976614789804163,0.862380125416824,-0.31216783019638583,-1.6494188781503727,-0.6743850179341797,2.141258181196708,-0.06895537334217801,0.2774988158617824,-0.2586483256159258,0.1365618720550547,-1.7631064894176094,0.4604391942153506,0.02804058104067264,-2.5746816502063927,1.7334541681030593,1.9263570784042208,0.047757529618738664,-0.1537695743898816,0.5670118993529782
1.3126276922539226,-0.8744665913676948,-1.5362237376227241,-1.0484257402773491,0.9724164239827782,-0.05055481250547535,-1.194236879113324,-1.3015147974142565,2.601464572960526,-0.25096625932450967,0.4181936488466891,-0.6001286238364126,0.6552819629775803,-2.2719808700772277,0.8364484544347959,-0.3986503312140644,-2.3829246050053383,1.5881849375855415,1.7834619949712103,0.3035652855769976,0.5877846784970971,0.7326555642647232
0.30764780468328956,-0.6988449695188718,-1.099498905327971,-1.6596218415743398,0.668706855604044,0.03634702932425229,-1.1353603954090117,-1.1063862733789351,2.6510279417040232,-0.17770661288866219,0.7960760532078974,-1.1171590386631685,0.3675040414646369,-2.106670097549624,0.8398496969836462,-0.6795683222224242,-1.9182286842825724,1.7328901982425478,2.1863572553814974,0.15654752593461171,0.9084050963877164,0.49123739230358965
-0.2976030731193409,-0.8971330683620637,-0.45736676148730526,-1.8372361434589315,0.32867288697918495,0.0013913234872881715,-1.2584746081775917,-1.2670666984879349,2.3097252899985223,0.16411770381627788,1.1150843803569228,-0.5826153099369608,0.008823595145256082,-2.022539846561917,0.5594538756581393,-0.6760896583009446,-1.7093884519942721,1.7654258505504672,2.346199947855269,0.46383738148076736,1.3102904109951352,0.2767084789288213
-1.0885756200384316,-1.0873752697458332,0.09917379958793485,-1.6306879520227988,-0.16457630157423206,0.34264849885513604,-1.306694181871489,-1.0050057540619042,2.193275967759297,0.0821206489147476,0.8083544194180973,-0.2872363629619164,-0.27217716568126005,-1.4055738903957258,0.5200272226378739,-0.35822289422746656,-1.0808195595511747,1.6141305945136715,1.8669163571456908,0.9181956948171526,1.5641636354064943,-0.0401784747570097
-1.42548709767977,-0.6128269818556056,0.3002762976563344,-1.6330790398685169,0.03727585843367178,0.4572717623460265,-0.843605532468301,-1.0884471638008182,1.6692939021080742,-0.1865115316596322,1.2790597269933055,0.21118275916791923,-0.31198460018564705,-1.2994981331714115,0.8655947213295249,-0.2790604701291084,-0.4233527023936062,1.2649506367869034,1.6876228181462571,0.717311234704817,1.7739056411249472,-0.12682849080035963
-1.3948325132176724,-0.7249010300098556,0.7389509984511187,-1.6929522818530827,0.011094661509427329,0.8649241948690818,-0.5412334102440712,-1.265882787267114,1.6072247463436646,-0.22225732940369117,1.2753530495826406,0.3888248234653375,-0.3581307404052816,-0.27622699992021515,0.3981477754967585,-0.4208770743799944,-0.38795450348698324,0.8254535152922309,1.4299490928137304,0.41711263172082047,1.6444429564857614,-0.22849417943186684
-1.4545200068253803,-0.8261785121910652,0.9438764188625838,-1.616781245109662,-0.0977720757942697,0.6118648440396115,-0.20827340079294965,-1.602330659352232,1.7199210657700705,0.1260857466916387,1.271240719032722,0.7560324128361563,-0.39914187840033705,-0.45752106872075005,0.20969170519325414,-0.2683832304201097,-0.216395442342448,-0.0393220103645125,1.0012551422280522,0.7760614056644828,1.4129569098948915,-0.9428302445982808
-1.3800844565400558,-0.5077836042698987,0.5873979216921174,-1.5977009901820438,0.33766832348190967,0.7913891705524365,0.22940165694626355,-2.144839847206118,1.3842666233873466,0.07123495868525873,2.000045582782548,0.8242027132822511,-0.09416273022943772,-0.8691097597234476,0.34491045700886674,-0.8616072759018047,0.15464555821349985,-1.1121594106033033,0.9789860049311017,0.2286821011861054,1.0309874622063446,-0.8640590656053195
-1.5224303372975256,-0.6506854082975543,0.5905407734732566,-1.9619093859706997,0.09361318684963091,0.22971215055204022,0.4605048804856512,-2.5112376592228425,1.1570078492919307,0.005770292761486412,2.147767712468819,1.0297055124503214,-0.31136335612478,-1.0451366332905687,0.15529127175902754,-1.1296037023819383,0.16594245506934013,-1.6132895181670275,1.1087095306851111,0.03759859504786009,0.5204577131013868,-0.8468012695272893
-1.9177780280517047,-0.27094448624324396,0.6506773637720704,-1.9741649128825016,0.020598902165582106,0.5181995941623257,0.3862874001138055,-2.8264907118960023,1.165836726188482,-0.5015974595176703,2.6488446357973543,0.7229673195508158,0.019887647141817233,-0.731186791192531,0.48769281297273415,-1.8844984716955953,0.7784189543250507,-2.161549518972933,1.1762211317418982,-0.2917965246323822,0.16844804808638977,-1.1314950777266017
-2.0527478624252558,-0.21763558804305005,0.7232900450349657,-2.10001477678192,0.348818361420801,0.25471387422313985,0.22198139489618518,-3.027957881033849,0.66096175523552,-0.39627320458650955,2.9546068753739516,0.859018084723836,0.1538952660776013,-0.6765161941659962,0.2740848781483938,-2.3150442873299313,0.9744563734758297,-1.83660227497063,0.7596094278944554,-0.1367325732125198,0.2662984147186708,-1.3223628481899572
-1.9825871436074785,-0.19580968755533706,0.8411325151485278,-1.94807371226227,0.3936966581249013,0.12547055740569327,0.3801989387024399,-3.0695740669303166,0.18100737057761257,-0.39345351160205827,3.01470132535711,1.542152191509469,-0.04676879945082155,-0.40882143934016313,0.4589002732925006,-2.3995539839902826,0.9483485169893496,-2.1117225919193814,0.6491329175061235,-0.2594303591035475,0.011735651451476287,-1.2702174909933073
