-0.5206285617362054,0.08443947773820074,-0.6160456249753126,-0.2757824782554866,0.14525190676712404,0.29933006741057705,-0.09935410491821973,0.3422676148110191,0.44177065096322393,0.6552385915558432,-0.43869430554885036,-0.12604068949088548,-0.4385702145471036,-0.3007939087768047,-0.7080178206897884,0.35088076769873927,0.6325905352545406,0.145734735723317,0.901707484617826,-0.1487841333393772,0.06109186428091867,0.6225684018343157
-0.5668514022270711,-0.08192198505068603,-1.2725188451892335,-0.29081017895572675,0.3559910401588801,0.18817541249672703,0.17696700676313826,0.6455331222417917,0.5021534375915563,0.40782078762696916,-1.1418552448018036,0.240652838915585,-0.2598433182981445,-0.9542308410272894,-0.647135536218818,0.17833202907807727,0.6540386977435492,-0.6163461136456847,1.8159408239172161,-0.45664580173534347,0.25235819066035126,0.980856940669638
-0.35103139959511925,-0.1330075749240263,-1.7978410476388944,-0.8255575248717928,0.6341161535124948,-0.16378001186332294,0.2851386410620123,1.0918302984423458,0.6372287173709554,0.8920636227122968,-1.2248076542105757,0.05048119362697422,-0.1544778525963756,-1.383917003311141,-0.6576245122431554,-0.17106768286598373,0.5696409819435216,-1.3404336582127292,2.255491560401984,-1.040071031112703,0.41525089335057763,1.1721740928389288
0.13093279294128274,0.1493107452254385,-2.3375853489387786,-0.8647427840123376,1.1902375687755415,-0.24084401548286108,0.4469153329070388,0.9918362834683969,0.9769705680163221,0.6774729255065188,-1.6009542316736156,0.00627498525000867,0.31661694388843775,-2.222062918980365,-0.7485326608596867,-0.26946706490443234,0.6373196617126059,-1.3163790062771132,2.685779755928876,-0.8264287870728377,0.2645838915412377,1.2571845435852944
0.1525517171367057,0.3390114485102429,-2.4005237152418224,-0.8679643891535351,0.6725439210925621,-0.5148565593416687,0.771938839009049,0.8650222645834429,1.7057954281221048,0.42857416335058585,-1.8546260508702423,-0.40415359680230206,0.43265334695739477,-2.547355760506529,-0.6822250572389368,-0.5898002976675178,0.8061302836285159,-1.5212980626816623,2.7405920182457337,-0.9477644133120087,0.46036392837715767,1.5809966345819084
0.3632587042871596,0.655905375588425,-2.4301472662975216,-0.9503959147946953,0.8572426949999663,-0.44237805192778923,0.9137742984759185,0.8772470845041802,2.0252117553934035,0.572613112018857,-2.3479240480679295,-1.122620205136795,0.6614377536083618,-2.642503405257098,-0.24154856094205043,-0.644586369566617,1.000548885810385,-1.8205068451453594,2.624647899215694,-0.9428340761464595,0.5282388992163484,1.5418216232927098
0.4600455230808261,0.6763632857778415,-2.7146512292457556,-0.8435681565245555,0.9128701731106169,-0.6957583219895263,0.8873460685583927,1.0521232054579752,2.156610686987047,0.8055874757249105,-2.305419454182242,-1.4080512390980107,1.080807596110201,-2.5271030276581126,-0.44986169828162886,-0.9171141297324443,1.031748920033198,-1.778460033709362,2.528136282733155,-1.0206101536783891,0.7587051362665845,1.7307106765313551
0.2997281858983962,0.554608784366094,-3.0186122580217027,-0.7264108376267957,0.6046432863299807,-0.9785878902864431,0.9426832497192027,1.1717572935776515,2.0204614509857444,0.4374568906984172,-2.617060545353606,-1.5019721917854012,1.4063330723592375,-2.3461216371871294,-0.15019192952087537,-1.187016008518465,1.063937061570933,-1.9202502139857356,2.298874198766729,-1.0059258954130912,0.8018131953219702,1.8762966547411877
0.510345708121018,0.5290999988557299,-3.0784997435059647,-0.6575375742345233,0.7168081637331345,-1.2741968750049675,1.0633497523182,0.882103176894182,1.8112393278653405,0.45997934435955723,-2.599185980108852,-1.5307094472681293,1.2933627696981362,-2.5443153989264182,-0.34067558834242145,-0.8964058138247645,0.9289779059135024,-1.7692277520462718,2.4413206894274406,-1.071684293904014,0.5965886528811474,2.322164118859377
0.29222622264433495,0.5538197435780092,-3.1300181459548995,-0.6862746536013269,0.5236397426022065,-1.88405940202325,0.6047926996251293,1.1770186525468758,1.5506702544337116,0.4797465468877703,-2.592598167900743,-1.646433426987818,1.4941222281722473,-1.837130950707128,-0.3155675080149768,-1.0129970053679829,1.291765913508668,-1.5381522211628984,2.578421942258412,-0.8579464391177442,0.5812412420349296,2.208983822841871
0.18782180727151832,0.7163475033569594,-3.2423415125819774,-0.7129402785576227,0.12952983989719508,-1.5336548362826659,0.6871463625128313,0.965741850830357,1.406648933496807,0.21250692997302,-2.9529368272011887,-1.5108217168157556,1.4944312205135968,-1.7758120464857063,-0.06441365929098715,-1.0134649001686715,1.2225653090056348,-1.4449760699266974,2.3185569873125806,-0.9902161156768794,0.1149961569301842,2.6743057282667273
0.316038619812407,0.9218110462957094,-3.055773567379435,-0.5056140230626401,0.4676841048580978,-0.9520914581922175,1.007106344090114,0.6564716013696856,1.3693398005096205,0.07137907954163139,-3.01761574406231,-1.9199825768310157,1.2534263723126187,-1.6157527283225137,-0.27029382296367355,-0.5787023576664148,1.3077900689052642,-0.9072333550954702,2.487091755044973,-1.1850162423619794,-0.08298722659005464,2.378353444610433
-0.05301074857779198,0.5114360001394076,-2.9897719060359824,-0.2590474780597858,-0.06434980646807159,-0.6702189559911894,0.7517927831034478,0.8045265645806203,1.5386668621239217,0.42597611226912424,-3.0502127528958782,-1.7418760880966737,1.068886865879092,-1.7463738845415515,-0.47692970175859034,-0.4197518108580115,1.1936964887018506,-0.8860373755850695,2.3446674667973118,-0.7632488528947255,0.10516479320224081,2.485727641517334
0.25639247090369344,0.5942290666801899,-3.192190776426859,-0.23921932474783764,-0.07565452866131997,-0.7240061009502349,0.5017576132403497,0.8673041912139576,1.2358863560602211,0.4876160118360663,-2.719921950620993,-1.6548051154884809,1.2254522588403798,-1.8472177053148375,-0.023674532159451506,-0.2377979668180249,1.3840001865050158,-0.9720286879294876,2.4120908212471655,-0.7434299261291725,0.15460626660445267,2.390998282001701
0.01418193609757229,0.4498748739949992,-2.6450494556406623,0.058916797703034235,0.22046852177184342,-0.5892653032909994,0.3928824740138439,1.048048890938952,0.8501041892389043,0.7258764062613084,-2.6016734764584264,-1.992442303806605,0.9143838440856537,-1.467101611426706,-0.12114650464298723,-0.2302138589769695,1.3491308171441738,-0.8204952675240221,2.5658137354787236,-1.0114065699417534,0.17239830309057938,2.081028024188289
0.2137116785836598,0.25940137427696053,-2.1508987463326394,0.2631744076441873,0.19612528039028226,-0.4332480490781828,0.3465834120642469,1.449550775770673,0.8997639144804037,0.7498187248224496,-2.8071942856623933,-1.3277264635429349,0.9403107763929052,-1.708023644577988,-0.22244470518986578,-0.08810864485651715,1.1949292670339713,-0.461265163504092,2.249493944623764,-0.38761589924057205,0.6497046625376411,1.6771620022591993
0.48628882215190694,0.11825507285071638,-2.117073589008262,0.08881884015772223,0.058695814353781794,-0.6814913009476322,0.2673850353348453,1.2060769632145074,1.1076147102340703,0.9053450086428304,-2.908764628213478,-1.400264068515535,0.8262116027627133,-1.944728895978316,-0.709421733792396,-0.08870887402055033,0.5137631482074246,-0.5559811006379249,1.6795518743621813,0.05811316633308161,0.7727285677970424,1.6929033204701747
0.5789125634488557,0.5324143197159588,-2.024895859167628,0.023024653258690603,0.10507703669361707,-0.567069005926061,0.4051512980888008,1.326182029536633,0.9956385605671558,0.6371252180291742,-2.5525452800051234,-1.69790069636721,1.0467779987633512,-1.9184025556712956,-0.1739515056601248,-0.4103873650770658,0.7210741805497053,-0.7744089866354702,1.4929820532538813,0.01304096836399251,1.1333931974408658,1.4314125023839757
0.31593507837519874,0.7652015760231743,-1.856961495014324,0.29615835804364776,0.2180800427002923,-0.8626177955878033,0.30344967110464643,1.2731313228929482,0.8087045529448119,0.4769638264045974,-2.305346166736348,-1.8959311789772177,1.2410361632978224,-1.5743255947902615,0.3284881691306777,-0.6842111068219507,0.7983984507778201,-0.9304020422737677,1.5475053474628166,-0.4492993223277638,1.3485141209409965,1.523862954459953
0.1614521265476544,0.7857272652388052,-1.980285499333751,0.3556021735826771,0.2242299734168154,-0.8584255358495154,0.11183432941879523,1.123437762009706,0.3392402025357792,0.22283969940537898,-2.278363377119506,-1.8204227481585753,0.8684840377337899,-1.1293539687441096,0.4575979774643032,-0.6615681547037148,0.7138527569309772,-0.645306529776876,1.6600513613952,-0.7758117474020406,1.0476162538610838,1.6891310602150658
0.4525839442267958,0.5137434092136679,-2.3874880762047015,0.6492227482947276,0.6707927817566736,-0.9229462350016933,-0.14974264708260898,0.7478876889154275,0.1329681238858688,0.31539222502229014,-1.8568533937678455,-1.2535073650164703,0.37936251192391546,-1.1876284235599666,0.02240202192972874,-0.14052758467845464,0.2963930843669691,-0.002199578376930484,1.455313344191319,-0.546596073743812,0.9553604425323207,1.7180608282765568
0.9241107574540983,0.971937045043202,-2.2813096008768485,0.2643239221104417,0.9358879087599213,-0.266944092095045,-0.24009327168963662,0.15268703429877278,0.2282546413143729,0.05748084660568182,-1.51512253420751,-0.8579553454936752,0.31568846440289244,-1.3499409232239805,0.37133000044033404,0.1832440739418349,-0.6271103087853315,0.19549123805037116,1.8804440641386082,-0.5327502779216469,0.3959079254596972,1.6820309059464662
0.7271044695491384,0.6548057268466643,-2.3401646262136775,-0.11991314722194779,1.019007521346936,-0.49243057950295416,-0.5711071292076542,-0.27414401933311966,0.6951383476089057,0.028679793717179144,-1.2061500366967628,-0.5248005720410707,0.38407479513370696,-1.447077873631876,0.4756281050128954,0.5096141844103497,-0.837642184704622,0.3562825268904931,1.8659141127100578,-0.30104068797151207,0.643478456237412,1.3783484349947415
0.7789458772013974,0.6411771092140323,-2.1864111389204934,-0.3731413684091491,1.2074670341193736,0.014626663565647777,-0.5420217640274625,-0.5642088574256074,1.144706748744024,0.10449080518525598,-1.0187007225946367,-0.3479436890366894,0.14873821191977515,-1.7303845006695895,0.3629575521895251,0.6345982466129592,-1.2420927612698645,0.4740578796879651,2.608710547762288,-0.07150596425065896,0.2656851901571252,1.4110058904853622
0.40200525465884684,0.01664110755602466,-2.024124819029975,-0.5615654842003979,1.1017948024786313,0.41794549480669996,-0.8324321333458461,-0.36153493298101497,1.678491158426911,0.1546167115433631,-0.9848009384004094,-0.47750636507324246,-0.39959589507431353,-1.8689877384707854,0.4215987059180236,0.33478377413793015,-1.3750356640054264,0.7386996812882108,2.3545541930098337,-0.05954998765291099,0.45759507068149136,1.0153434901995733
0.4392255112425654,-0.3695397967882748,-1.889095399106729,-0.9981044679208636,1.298437052353518,0.011736709924489441,-0.9026543028573324,-0.5905091977860262,1.865033250984428,0.3205481135616053,-0.16819468579597247,-0.2995676944310043,-0.43530729848843025,-2.2032416552314076,-0.15463335028766353,0.33427341288831514,-1.3449833973434315,1.2951451361529958,2.1626056465666976,0.10435222310671045,1.294737350990742,0.853753863956995
0.15467777622026202,-0.7178399131277997,-1.7227774178752049,-1.0998764243794075,1.460196579205083,0.25763649689245605,-0.9752852258117461,-0.5095185096513885,2.185689763923497,0.02643623670428681,-0.47419553136890114,0.0067890041507540355,-0.3543908926669318,-1.9877259874035955,0.6537735340837113,0.049934266066622435,-1.6689896363354007,1.1077075881181575,2.194042714110372,-0.12485002613502807,1.0578736629692174,0.8998433724160213
0.10281979794164674,-0.4228029127114808,-1.6139101454556952,-1.00041268406627,1.3399130603525795,0.1035833430277216,-0.8632931266471131,-0.4809322912348025,1.9805086807372814,0.015529745924069777,-0.44205011628710167,0.20058861684299245,-0.12999891201134825,-1.8284154959788361,0.7328570946864016,0.0810044389783246,-1.705976790391377,0.41487391965307735,2.345269156891874,-0.24274509370895522,1.0742468415643172,0.8852922695346842
0.27287959872367995,-0.19935593659750483,-1.4986972533985603,-0.7549371998697647,1.2792248516099896,0.05100869778600145,-0.6383337748881373,-0.33260304414110514,1.908694863873193,0.01690673238203154,-0.6835456387302923,-0.23122061071730554,-0.08926795505840579,-1.4469987187840838,0.23660301954030324,-0.09519862877980995,-1.5907895437996742,0.24196124870839864,2.163489245044715,-0.3788411836902338,0.78882747518578,0.7008951741656642
1.017915980540151,0.24573591440660703,-1.3310876002695216,-0.284266210425211,1.4061420501510844,0.3122818970359818,-0.1812562305862106,-0.546017006700317,1.5953779887446138,0.14170445672868792,-0.6847479297781004,-0.18323814481909007,0.5043634964872569,-1.6098691126394211,0.2736414371029841,-0.25467338808279893,-1.511426193403818,0.030771624041714546,1.9837180771033343,-0.06447058168224534,0.29000627084223446,0.6168723736645354
1.2044045266578556,0.46015555656584745,-1.2451354761624263,-0.2069949864565261,1.0478682752897304,0.1519953141231145,0.03322188456103484,-0.8417982383574125,1.6105130921153221,-0.08208570494405384,-0.7583439417983622,-0.4108672401055805,1.0087816126329217,-1.6661913034190783,0.03243545750074331,-0.3022349733809597,-1.3311371482424332,-0.4423157323628317,1.719265173476163,-0.5845883859085221,0.1937411678207874,0.6041340860645619
1.1905776889073374,0.8162853307802019,-0.9339657155885682,-0.26036566510523573,1.058877242030468,-0.05784018475865561,0.15225713177169142,-0.7633065464224127,1.904113741920498,-0.06523737355980383,-1.0292046246432631,-0.3100354053836796,1.1912500932995316,-1.666624944696039,0.4335001900409602,-0.38874179550684035,-1.1935908896437526,-0.8368711475648715,1.3982651588521509,-0.43643707432083784,0.150614663646893,0.16961578606708325
1.1065856280442246,0.6289655645366257,-0.42267873466414824,0.06796205738700976,1.3419419628932892,-0.02350792041396313,0.5396633772004713,-0.6374849689704674,1.8236945308147434,-0.25610711200063285,-0.8585962869037329,-0.7964307080061067,1.4371752004065306,-1.8113925702122504,0.29341507406282863,-0.28934427105916594,-0.7491228521605503,-1.0981000011071147,1.0991033767303104,-0.26737601992977317,0.07708087401934877,0.4534425205675263
1.4928789124083963,0.8098250064703145,-0.8139334342951403,0.1198302920046705,0.8406835558115344,0.03448406424395675,0.8528388665871761,-0.5465946678279806,2.1035771500898086,0.02948473054196489,-0.9980242475108336,-1.1625478372300884,1.8260928653260273,-1.757459323324549,0.24876294090020712,-0.7115909691899517,-0.5526222375581744,-1.2181430447881905,0.9465511727019627,-0.484250405082329,0.051698647789905114,-0.06481610589402698
2.100729936615283,0.7439511063950437,-0.17834882301854238,0.27567908856499895,0.385591738552299,0.17013818042861933,1.0304435837719697,-1.1456444490857234,2.3186933746145804,0.3623468784675753,-1.3699368436073054,-1.1322719886742687,2.3000848505075777,-2.0770412666007645,0.1749837292023375,-0.8528012587078075,-0.44093284489500784,-1.4022937391224963,0.6574478637491148,0.17282698335185795,-0.3940332266505055,-0.033934497897937815
2.1664824469432493,0.80168683197882,-0.05925699734949996,0.4376269833802987,-0.31436968048124925,0.3330997389044104,1.2730463457545267,-0.7580474825272029,2.44844130266503,0.33391846367296796,-0.9526065300019118,-1.8998464561249302,3.1360768108249455,-2.4418953325022352,0.3957199668379563,-1.2569213336540455,-0.03298553748964822,-1.416370548420875,0.39742685360057073,0.23122443945405433,-0.38068121884965417,-0.07124053277847225
1.9052869024945491,0.8165223216530114,0.20480478231047328,0.5665226871187297,-1.061244644132987,0.4910584511386497,1.3184256777971881,-0.4852683601560546,2.5099873657895606,0.39194246119605264,-0.9115414311202583,-2.9389682965474466,3.4130696760209394,-2.1799776840533998,0.9000463870018353,-1.7621387561227586,0.6183147630820195,-0.8801188713919506,0.06141837892173485,0.536614816133118,-0.4312037627119681,-0.12251112950564433
1.3140052733072287,0.5861234624070947,0.056736442970505785,0.9281485638968046,-1.6089422664951036,0.30085550002154615,0.7010083985012462,-0.5434069574509417,2.12555833423508,0.40816160082170094,-0.9564890920645035,-3.366849415075245,3.370871968747366,-1.6921631177336889,0.864333492025263,-1.3305753284815767,1.1794436246479896,-0.9942046846803922,-0.06705656795114379,0.9729281793069742,-0.19033412734005,-0.0252742474466138
1.190280879734524,0.8454014698896352,-0.5540640814101769,0.8394012071688601,-1.501695405286013,0.16649849755591362,0.8311911824484032,-0.5414977782780336,1.815125446458119,0.47145442427446854,-1.230055699854425,-3.213760674921304,3.273642606469217,-1.3068857512929544,0.772977584592223,-0.8948005927653915,1.3207605584261688,-0.9867464494294746,-0.16862646308546936,0.9616604402626503,-0.23608923413181504,0.30479606068831233
0.7152255304695614,1.255752870569347,-1.5419024721423646,1.0668917203301553,-1.2308681781096729,-0.10717605911190049,0.6815929021284907,-0.42726276080484593,1.50384444152079,0.22996282226445663,-1.017246473172529,-3.0132232210629555,2.7869296544739393,-0.8976976386935462,0.6771475192114385,-0.4784510908403179,1.165580666660706,-1.1887923831946086,0.5481179690906668,0.9797500281679744,-0.15061243190181997,0.9453629962439385
0.8153579561351105,0.9697072661562378,-2.168274140047532,0.4053684446230592,-0.824443344328186,-0.01587354395773198,0.9735121948787746,-0.57168443238563,1.3363769007250919,0.18251590136976986,-1.5111540418897274,-2.4037108628371913,2.3922475077144574,-0.709102135043848,0.1283275305911655,-0.31654475538922244,1.0194290593020343,-0.8300592847229702,0.8146077853422158,0.6345215248541998,-0.38513525723574715,1.3142934853333976
0.586362020062275,1.1299038533640309,-1.9687679815300392,0.5189143505918208,-0.9274276927670309,-0.35250718204938625,1.207857278807337,-0.226923780805888,1.2908702240502934,0.06517900206506365,-1.1746918479708564,-2.1050565069956693,2.1870964690980577,-0.982571998157612,-0.14619115635033259,-0.2735045936050099,1.3365582223239558,-0.8980030417082896,1.3348122645988947,0.11262521030121893,-0.011367769610493322,1.455093370606702
0.5061978147566034,0.9432771187316116,-1.6194809599816706,0.5149574442543289,-0.8182238284139861,-0.22215509353773577,1.4118880213073888,0.10466866913250342,1.158354993061263,-0.043567219159963144,-1.3721275493782652,-2.125969770731512,2.7543487516300984,-0.8378038352425938,0.05597721765553402,-0.6198771950690196,1.6428726311712192,-1.3942439501757087,1.2492652418863548,0.03181449470556413,0.12831648705457577,1.3845560971301456
0.600718262246285,0.8539622881340417,-1.3184360692463455,0.5267160656174961,-0.8497488647986451,-0.39209925364940357,1.4020570523079467,-0.04896973756218137,1.169694062319367,0.29554321964600466,-1.3722998506308142,-2.4233728648755886,2.5557280106117033,-0.9447323850711389,0.34306610797485954,-0.7350691126082859,1.7565347705128833,-1.464953047242974,0.9631898048401509,-0.32077352705584583,-0.030417054579441605,1.1199917188812747
1.1382605416119786,0.7351577408480274,-1.0044902657676447,0.9282639209626237,-1.16177531568443,-0.1999485374882209,1.170668928838971,-0.20575447466195315,1.3105943536496025,-0.023382678391521722,-0.9673131793674467,-2.4418655159781544,2.9152723044345903,-1.1971725723359665,0.004783002762834276,-1.3416438220966354,1.689803530826643,-1.2113733400425444,0.6108373431384956,-0.06382055725835559,-0.5258875258328932,0.719858281529047
1.6947668970097143,0.5810368218223027,-0.5878359419964141,0.7306321580520811,-1.2316416843593838,0.2392388389530343,1.387256095004556,-0.37445835411830647,1.40564697971312,0.29555613211011267,-0.9965239663233937,-2.7235664042609127,3.1491350289849374,-1.317006502581018,-0.0615981151148174,-1.1954413532166093,1.2656992402386424,-0.8233461840526916,0.2749641287907236,0.4585353673145625,-1.3656551411165716,0.4332597122728722
1.7089952094205596,0.8222853279015163,-1.1410060379503046,0.7796313231592877,-1.0780552870421949,-0.04150270118707307,1.3706159702500105,-0.9096911982103832,1.4580430768925121,0.08904849938953283,-0.9974451836382998,-2.6748972403402127,2.769956912365019,-1.187200858977445,0.3470874033304415,-1.3536392522538834,1.0258156589899834,-1.5285926278853252,0.10935956981925443,0.19516968470256843,-1.3061188198560552,0.579224325579857
1.0923399585288762,0.7828935111722122,-1.7612163276012605,0.44819358725690717,-0.5607104538383095,-0.183351156072434,1.3657673874157985,-1.114951019432931,1.2692275803926187,0.12566766402222757,-0.6097525528150833,-3.27536331392061,3.0682080484089833,-0.9245822725773192,0.019107107857990302,-1.6231207153836624,1.3028994389749275,-1.2179119604214925,0.16130283956818373,0.20181061109383996,-1.0398811532463064,0.4462484608200814
0.7638521984328885,0.7758773774119643,-1.2712185799925304,0.8051788443795387,-1.0601845551601567,-0.5044510028556581,0.6551092998717922,-1.3046672841234361,0.8640358017796372,0.06143238364205279,-0.3503217724028729,-3.127803501600922,2.6368927935626134,-0.7510375098443176,1.1161658041482432,-1.5649770926677498,1.4174330836165738,-0.8437165345591029,0.22594886265049144,0.04824546036134249,-1.1174886112023992,0.879850176605826
0.795942275452932,0.7971778810837068,-1.2783766130435041,1.1722607123428102,-0.7697975765083517,-0.46206742754123653,0.6651709202373453,-1.5471855537834023,0.010162564755463677,-0.5313243579498381,-0.5777549800956059,-2.566522007039432,1.8963053180561291,-0.9289224631048307,0.5588145003584544,-1.657853495541325,1.2402316483737903,0.41611165348831547,0.33704357838934307,-0.03680688516522806,-1.4722501925436478,0.9457017759913805
0.5419809675948588,0.21326397920919588,-0.8739635422287378,1.4788873395058189,-1.091408246129126,-0.44668705069717496,-0.21514893676963306,-1.3606926660425651,-0.6544271111745392,-0.38001208273762,-0.812461338398621,-2.1179254951434086,1.5191077454029274,-0.5652137504988879,0.3021463370876093,-1.4400237782998908,0.8754526160695283,0.726364327248697,-0.16014322748529747,-0.16369658006164922,-1.57261525339036,0.6413661880431629
0.7490357798124533,0.8240444816537034,-0.9884512700837229,1.443374485026843,-0.9970678382305042,-0.8132827526013209,-0.1306904698357677,-1.53981018395968,-0.8892188847972098,-0.8352670645006697,-0.9470039704433821,-1.0892795150681058,1.1645013649649145,-0.32210627012339943,0.7154797208659922,-0.999842046411461,0.791235711605964,0.693473995846518,-0.09003346245493064,-0.5709745968934012,-1.7468094788132074,0.6313704434510201
0.7701928358763388,0.9400125784480307,-0.8282959614823059,1.6834132126735992,-1.1676154670469134,-0.5814390417215697,0.13722702738137257,-1.5359544471888744,-1.4942186217580165,-0.9642408039431601,-0.9077261786822703,-0.7352985634528153,0.8010445586582883,-0.18183220879405868,0.4028747008672057,-0.6783571962621091,0.6235492723961825,1.0045892443499227,0.30241011674817075,-0.6835538722327924,-2.4339581936724697,0.9209493209506302
0.6356754199546706,-0.0712551304037437,-0.7591485521731725,1.757300912976505,-0.841101989623407,-0.5436067659970487,-0.675631578462033,-1.8185522447011349,-1.9319183312013912,-0.913122751470116,-1.157279030721862,0.36400682613110896,0.2866318143049465,0.5261894337786603,-0.30483568341219525,-0.1778039014355914,0.5690838404257985,1.8847674476974705,0.13779565171129293,-0.791374880843891,-2.6538285410223708,0.9442764237244633
0.6536329307443616,-0.49652270190978987,-0.3406560096312956,1.773968112639448,-0.7313407959626972,0.000918228380272279,-0.9555007846873034,-1.580612849715215,-2.5446805196146127,-0.5616227347698033,-0.8373642525429017,0.89807789776949,-0.33955141085087703,1.3388626904351757,-0.7867284441971595,-0.001935909650297614,-0.19386215419165653,2.545304143665267,-0.0395528671643238,-0.9572623308351879,-2.998822969798164,0.7335639246906263
0.6789634920743742,-0.9619930957212026,0.1359083784425818,1.4298562581870515,-0.9906812904588769,0.3544113471274567,-1.0668654758010157,-1.3884154001960902,-2.4411067099473005,-0.018974391137690713,-1.166511209325429,1.4032711644919802,-0.9958516636628305,1.6136785697494038,-1.6248624179392404,1.1406439251340013,-0.6799520491531519,2.555621860159949,0.14704988846899553,-0.07438377097245266,-2.997307507236977,0.7038484638888738
0.3743209024604549,-1.446578978914029,0.20453819425120323,1.4221811767025039,-1.1279860426429387,0.8545682883614991,-1.057241595048994,-0.20499382829814167,-2.02912646031963,0.6308659753859609,-1.0386528653562235,1.6617126641244817,-1.2058811238047253,1.523559829562952,-1.3112458652586834,1.4358929958387838,-0.7241587982693057,2.3133546224214836,0.5958409858253476,-0.08643850677388831,-2.337267653166433,0.5231277311965716
0.45136356448922377,-1.7834549814987464,0.541650696659658,0.8528482987937346,-1.1516713144652042,0.693018757529141,-1.198579869794313,0.8198738322435467,-2.036450329167869,0.9129061327839997,-0.8349133382278215,1.4859452837142662,-1.1350855333721905,1.3401974412850821,-1.6032061436838267,1.5471869947985957,-0.7861242080105914,2.4322867844410214,0.7673393934544108,-0.22954751522151345,-1.6927614201290688,0.41764116927881995
0.38086087007459085,-1.4672177766831689,0.42131766746436106,0.6809228897748738,-0.9439366466766129,0.2673682397086709,-1.0886459267574247,0.9527960130653232,-1.785640667933387,0.41621740969977794,-1.0952601856698527,0.8797460595801874,-1.369373803035602,1.287306601943525,-1.089621092066182,1.659497967667415,-1.063082191962369,1.7204513517154167,0.4657240964922704,-0.5302379969121774,-0.9748239772529204,0.4448842403216734
0.6836179499798182,-1.014680034200906,0.1836205341435929,0.669056300463506,-0.4900596283504865,0.1143165616084,-1.246940411840312,0.86081054787425,-1.7107728043888901,0.2008570539306801,-0.7575747622689997,0.8430601378280531,-1.6110928115092962,0.9779021682770428,-0.9828933225021523,1.9278045479518195,-1.2249000836485144,1.35384884749698,0.5446093337649334,-0.6151955360383212,-0.6881210746851476,0.4865191868330153
1.0652581728512307,-0.6950293291388819,0.14723786871273611,0.8327102193874635,0.013109300704596899,0.4368639723350965,-0.9901065460660456,-0.0674569627882659,-1.1598308822688665,-0.10858790888615628,-0.3213961705364052,0.8598401469733522,-1.8927486773679996,0.8546836972914515,-1.2602243107470896,2.0712259662968453,-1.3768891835522672,1.7241890523337597,0.6247183655744291,-0.5427957145654532,-0.7069137177373447,0.10335736979512022
0.6920796151975528,-0.8379172080797761,-0.11801781365184529,0.4877021620795813,0.0774386079476529,0.619551227571635,-0.9886086793182418,-0.09542945246301299,-0.3972412297991883,0.22634437249432712,-0.47206085227436695,1.057373193956663,-1.6674588910510582,0.1651503527845929,-0.6769962166460587,1.778951180386074,-1.4104588562859233,1.2193357436085703,0.7790514760015328,-0.22916844870831707,-0.708638037413264,0.09806989601580601
0.28782267979617027,-0.5128988396122158,-0.2500513545315589,0.008689202166445018,0.6514704987848481,0.4705503938017245,-0.8548366626078435,0.01853293209111631,-0.05768706368565384,0.279379601373791,0.1116055728104017,1.0989847076975778,-1.2558832897884273,-0.5829289546836763,-0.22353929734587416,0.9567957073552124,-1.1267501783961915,0.6718353267295888,1.4572412441982945,-0.4279610060618525,-0.30118632033693,0.03942201885604991
0.532806987836347,-0.5573392619846613,-0.691256222190281,-0.12449279213800138,1.0083122795942312,-0.07405489321646672,-0.5750013375768606,-0.912334733901317,0.45172344809012366,-0.06379179160856094,0.3087406980781743,0.9590593894546346,-0.907344901438085,-1.1121780103373922,-0.7514391810729343,-0.006714372059291193,-1.0991688335459442,0.6171182669949616,1.2354321664031787,-0.43153978773083446,0.21812718530718636,0.14573057195540762
-0.210550269855674,-0.16691944755964794,-0.40382374788601455,-0.5917002213228375,0.9110367612114199,0.10496236159670201,-0.5622037158150179,-1.1712362429076406,0.5519623789120277,-0.411421804068953,0.2117901099975158,0.5522094528822009,-0.4466924900987945,-1.1959106770035615,0.25981755534241224,-0.6368315845517561,-0.6736730785139418,0.07420242086301686,0.9673305778237549,-0.3849386180207718,0.3444655933266369,0.019673052297352722
-0.9341563804250484,-0.09956357005395425,-0.10402884156120659,-0.7107822393792025,0.7070473808479756,-0.2598853574826113,-0.6232778570097723,-1.2254506384294492,0.4438582767471462,-0.3411186916919744,0.33760826468639316,0.35615712225581686,-0.23253085508517768,-1.2562874415663663,0.24875653307599144,-1.0611147154364877,0.15003918065431382,-0.15627676687576203,1.4493481190396142,-0.046992507674724744,0.24392850038137517,-0.2671312618772458
-1.3840093001204745,-0.6047312830829029,-0.13310738323721277,-0.6734499479341943,0.3308216737352287,0.3763763203880849,-0.5063992866460494,-0.7079588122730437,-0.34027100363898066,-0.17989721282796264,0.274915577879171,0.4869839973629054,-0.4131770788319907,-1.165967730315206,0.09058802059331544,-1.4029088638641571,0.3017011870828445,-0.31415997705399507,1.182074674496683,-0.3099876450192757,0.5249600933119758,-0.08925272657392622
-1.242898339379446,-1.1745202051071533,0.19671649489492818,-0.9304598842161097,0.4535256513399308,-0.24701030524511164,-0.46841895194769506,-0.32785457352977926,-0.802781835396699,-0.01736259856081485,0.19663797168434988,0.32605280981106455,-0.900098635150009,-1.0395228813206545,-0.36018817188044455,-1.6808975064702731,0.16774420948887372,-0.06760754249521556,0.99768359842286,-0.7340137948280107,0.3256544572067543,-0.004051884173699623
-0.906064797860983,-1.5049288003721664,0.38116682989553696,-0.7093629831147786,0.5577250219004197,-0.45647545729520517,-0.36779756023563953,-0.05872317749398255,-0.807781113557626,0.5033104460000619,-0.05847673070111156,0.9289156350111086,-0.7880376099903813,-1.2514956107257822,-0.44073144626237715,-2.0260259446168893,0.028355308847318392,-0.5059124732590221,0.5634951159247552,-1.0124053053684605,0.2556697559656352,-0.07810516764721427
0.05227128144474598,-1.0004667072496134,0.7819762644703917,-0.5492238496506751,1.07134713286972,-0.8057549709548405,-0.3036801494701039,0.013083604515548464,-0.8653854249898246,0.5123923617928081,0.02688831506231179,1.0664021681420146,-0.6116619049551956,-1.7899583156678545,-0.42575702677276084,-2.318168641616541,-0.43956896070873075,-0.9566047087909785,0.33398394402414655,-1.347134751679446,0.3044290793308212,-0.2364226913690748
1.2778116953694458,-0.7964745569670969,1.359156707028836,-0.676286134825742,1.1677862558721954,-0.9202765852006138,-0.09458496213387252,-0.08902193199323541,-0.7548567954488022,0.036589692880977895,-0.07364252492839529,0.6790559714051674,0.278578618375462,-1.883243669527543,-0.08460904677371162,-2.4695371514719904,-0.9226917519867852,-1.3452903070382973,-0.23298541725953797,-1.059967916650838,0.36531256124816114,-1.032401119135013
2.4545442205181778,-0.12601791293887954,1.7617098744543287,0.21232896470167867,1.1259305743542387,-1.2489862686877204,0.31483315627735586,-0.19691397832200547,-0.9002428604816459,-0.16375025640881946,0.18452982897918138,0.46825271258475565,1.5754920566262454,-1.7355654703897785,0.45251670827896556,-3.0394794742368325,-1.8019737324078011,-1.473142733118455,-0.9791226608258992,-1.2640969115190352,-0.1884247303090219,-0.9932262633030495
2.8963430696266683,0.44336071715626324,2.1624969139897408,0.9553374767546352,0.8639626738942583,-1.9133654315736333,-0.6191616253913484,-0.5310788759606779,-1.7107823155949566,-0.9452897062815613,-0.2218385322353788,0.12033866436657617,2.1548754717378342,-0.5173545709497775,0.9584786373419635,-2.9936246008262435,-1.984920941544923,-0.6549341249111869,-1.8229171360278213,-0.7837257508029283,-1.0361566745587516,-0.8142387540539373
2.793712800485301,0.9583906983497945,1.942653134722546,2.2558589257578823,-0.19879624401044493,-0.9898263688315807,-0.5796261605320749,-0.8216561638768762,-2.3726663987188434,-1.5631350256798826,-0.5075724449065662,-0.41148340356804636,1.852605566749419,0.516234049950423,0.9386586105228496,-2.1979395604624914,-1.8780712478048434,0.6929272872416316,-2.3910993180177744,-1.1456791111132845,-1.3444608796201882,-0.5716640130650095
2.357737941987259,0.7318936124688074,2.071373822659354,2.8180594451003844,-1.2101994349087175,-0.8156188650884268,-1.2378757995184113,-0.6385215612423172,-2.8863220261428673,-1.0924067690991182,-0.4677465173791202,-0.11424145119633983,1.088076365854826,1.4588110590373842,0.5259087373012314,-0.6135984372608684,-1.306018369039257,2.259023285088925,-2.4737466560753423,-0.19084504197138363,-1.1683405875439852,-0.5574427198202945
1.706717812376122,0.581727895511671,2.1481557720998206,2.3799065628419798,-1.5493847269747179,-0.22749415410873453,-0.7931982776849434,0.5538201281996664,-2.985820700654358,-0.7658868962148104,-0.6787962268468776,-0.420890597022969,0.4152755189962601,2.0108307816605753,0.10204609161571726,0.9585885056972465,-1.170074231167625,2.5903012359486453,-1.960524873574536,0.3597440779156629,-0.9408837070313821,-0.28339752512339983
1.1022790237200268,0.3862207587433987,1.724428392859918,2.055298964979298,-1.61781781485847,0.16419809917414818,-0.29682220828319306,0.9776598882711167,-2.697648755753437,-0.5869741549094591,-0.955393889402198,-0.30882524276056866,0.12644390957522064,2.0443420968931942,-0.15610473599085978,1.5872489286159293,-0.5869215767320082,2.3883868945978475,-1.3737436066920476,0.04013772403232348,-0.35761720315027934,0.17326020460365435
0.9096680413493318,0.34593369334197477,1.1967076044335192,1.8588072116607341,-1.4935384639663902,0.10461347175829606,-0.6328005518773343,1.0752941838696164,-2.8595163064267597,-0.4268908651951161,-0.9444387341332907,-0.4837132822391407,0.08157277664492549,1.6508180180282546,-0.06434867561505625,1.723920198907982,-0.9628850441259051,1.9031098147266567,-1.0198761223645068,-0.08025823383447922,0.18070008170568388,0.275625067556024
1.0075895530121683,0.01603984638718592,0.8364373583382518,2.310529115659072,-1.3333725637801797,0.0008779303487899404,-0.9934476869870761,1.602651328714345,-2.6182245376434077,-0.0683480402761516,-1.1127505935905968,-0.1013689747754455,-0.7197261779548434,1.6819742697939128,-0.327024826681932,1.9928994035284513,-1.2061084286327286,1.8632563289106674,-0.3499195104087333,-0.386863070255648,-0.19277172032854623,0.537277198115816
1.1531199960312477,-0.18093330955213505,0.5035785573244724,2.0810145981842743,-0.9062745706966748,-0.057344308564089654,-1.4092555552444586,1.1080897947963169,-2.59562985538448,-0.20752132507368815,-1.4951033733791863,0.19291988966091178,-0.9620548071691526,1.9456609928947697,-0.6225619852692813,2.547354766562723,-1.550405243799728,2.349189251561639,-0.40322887298787935,-0.21351605391883458,-0.3016340401741586,0.6448991881063006
1.318096747742891,-0.3541815849211077,0.48831123905917595,2.08276447029181,-1.0784466396877002,0.16734203479572599,-1.3142833742365754,1.435373036332063,-2.4131805122700993,0.03143769127345261,-1.3691385171447106,0.13763920842148394,-1.2300398831192725,1.7877697816368563,-0.8898777221853325,2.9220106198362976,-1.725780823675454,2.378744390572455,0.08572838523258372,-0.1333135435929621,-0.3397505655756564,0.8001082033300687
1.1394218242029326,-0.4890692491787106,0.5870441408058558,1.7082581506029082,-1.0291260963557043,0.11536378998020266,-1.4523290713137005,1.655897650364217,-2.1423554165696532,-0.0666053618668336,-1.3473284407609498,0.24187014521285946,-1.082092732008482,1.5865818781940528,-0.6539556750966287,3.1283010652986083,-1.8332403592121167,2.5892594232795,0.37710094714944364,-0.0426920100530825,-0.031421397088089026,0.8357183015658217
1.3010369756955291,-0.624089778140522,0.6630420746411374,1.3358489118692614,-0.8170367030074263,-0.22686632346763574,-1.699503137192183,1.3637694786905892,-1.9060039657537857,0.2510593055914361,-1.5701617705601247,0.18229696302660667,-1.34607897640367,1.5503476963143643,-0.8356161332030508,3.53320716906626,-2.0049480022713504,2.5711395629385554,0.4758018235272989,0.2073444472075303,0.06643651583200748,0.45105017585790474
1.6043543696463338,-0.5037821512539373,0.016523659522744233,1.4512164077282979,-0.3118613865363251,-0.30401911798462233,-1.8376103764073786,1.6288745340219557,-1.714640067710769,0.4331225212570714,-1.3935315540498432,0.16606789941751915,-1.6711839777899207,0.9523443914635245,-0.44483383381300146,3.3449979554554963,-2.446733331639991,2.3015306643801083,0.578541980979027,-0.0837591900909557,-0.1043477879532195,0.6000892608353106
1.5436458998069673,-0.49053126648208223,-0.4292091452756872,1.347240237983342,-0.28111908616598524,0.2153679060622243,-1.999974685833779,1.5479553596184132,-1.6699665072262262,0.12695249916869883,-1.367746205163264,-0.11697487352556696,-1.920221908833079,0.8177170962302592,-0.5351338658306142,3.234209439498422,-2.6843159220783765,2.407985652149285,0.6110830126581278,-0.19284076853655951,-0.055022334963800365,0.808956302872424
1.2579797059419062,-0.2571252203736295,-0.5983895959526933,1.43766857293112,0.006975253525158431,0.5333185786330322,-2.2394969445158823,1.753356014881084,-1.2524083428969663,0.09985426377386175,-0.9090432082644967,-0.060106443565148174,-2.0352725056829315,0.6616652520194442,-0.5449818915956909,3.2741307282939633,-2.326754335441168,2.8693827323957377,1.0760167060697376,-0.20337339454769549,-0.323883788263781,0.6278436569660054
1.3713016172089867,-0.5027384707275103,-0.7727876804761887,0.9857887403371723,-0.12433614009476289,0.24315721557985298,-2.044592864726576,1.3363450443908238,-1.2845333690968672,0.3056829774616797,-0.590729403313025,-0.014265704163070632,-2.4307570891416495,0.2807672977606735,-0.5613830096252047,3.658592183780723,-2.04828888739197,2.618750570464867,1.38448092413043,-0.277850660424834,-0.22748466662474898,0.4279008257742505
1.083965084191549,-0.7363656287241409,-0.6889879465490988,1.2750812560878846,-0.1857333384033059,0.8025976751245957,-1.9565546646869212,0.9836066477134269,-1.1346631751650706,0.47194641522898806,-0.6906935160883645,0.5370885210425195,-3.024979565174273,0.0925521082476537,-0.7726058210925203,3.773282330751077,-2.3770653213298574,2.5282767906232975,1.1640222085950813,-0.42418277794292164,-0.09748810631388694,0.5839477927648431
1.3473050086530056,-0.6119258517393087,-0.5088033682685673,0.7161157700307698,0.18322524607091872,0.7068168675068078,-2.4060867034131026,1.2896897565963759,-1.2559134110805932,0.3736967133591194,-0.458633815430799,1.0094976533223723,-2.9062259039865146,-0.010610756588080639,-0.6770234378620299,4.367139164635608,-2.1553908207976398,2.133869313697851,1.5837928827552183,0.0029454052563943067,-0.25628537833123366,0.5054695074010381
1.1517039620579286,-0.8363762093295395,-1.043942270524258,0.7367064129920144,0.2237811647590969,0.3249712560782304,-2.1612912501786434,0.7096662931045694,-0.5365810419269147,0.14058973383736503,-0.30496936773996175,0.7759938565477135,-3.1774716715811797,-0.4063179521006456,-0.8550151176785186,3.732524446747806,-2.0527354939004545,2.0000179286490236,1.657165992147856,-0.3046353342709146,0.19650877880735804,0.4634382902701102
1.1103039802175623,-0.7014665682645919,-0.9541766319004938,0.6017510957038243,0.47314712112000945,0.7038359193539396,-1.8095797480834694,0.536400207613049,0.0857935071432051,0.38964598886872437,-0.37600932536620113,0.6131036826408488,-3.0938574935203333,-0.6876472420002295,-0.836630352002361,2.963230735181836,-2.2076083092432066,1.4447243237889444,1.719628316247455,-0.5259821287658543,-0.06817680980245981,0.33796392608808123
1.3743925527351626,-0.5799514905527122,-1.2539692703673795,-0.19094072534649048,1.0462086360460796,0.4965186123835951,-1.3952259265749531,0.06022318056550596,0.685313186691931,0.3256123660273651,0.13917268297842383,0.19252578915894486,-2.4603869976744996,-1.0985570921990293,-0.8805554391708195,2.0836353207307727,-2.0328043240823486,1.0180895010677968,1.5985619097067287,-0.37726882375670573,0.07980894278138037,0.03557636591642893
1.65470567759997,-0.1399070632842099,-1.369990608704169,-0.6914671628980418,1.2375129487295837,0.4051955056268403,-0.8670351295687735,-0.770967785564576,1.9427156706493947,-0.1176490772362299,0.3855936089368125,-0.41249097820576786,-1.5492466288411686,-1.8894466399066072,-0.59147325505641,1.4097881567940913,-1.9517340638691327,0.8368170772504533,2.1136882267069557,-0.35394048572853687,-0.3374828211373737,0.09433510838135623
1.4161633392324828,-0.0599625614942234,-1.7641077505220308,-0.8689969775493451,1.3833521431837235,0.09486801016785108,-0.8040450718709058,-1.4899739024879006,2.697518977807761,-0.053051270742854914,0.459827403719413,-0.5808977698208968,-0.5525358590351349,-2.3503048385741843,-0.2787516438062465,0.21570358459527877,-1.7081191274108232,0.7620387029487019,2.043293784300308,-0.15697440561524081,-0.23327825459162585,0.19381322513910826
1.0382257495718092,-0.11354120180809009,-1.9462338142037965,-1.1945473328043663,0.9849261486354127,0.15864649250212967,-0.4400500274411653,-1.4105220506667213,2.567510957857727,0.21329545328136923,0.5783603343264861,-1.0591128131330179,0.1945271611877497,-2.3086537932242344,0.42466485420100686,-0.7130469987935997,-1.1882368316171315,0.3393096283400123,1.9246591865595235,0.26432491868446695,0.00912843063643346,0.3009610141118033
0.2101375373352095,-0.20912581686110096,-1.8775088039317267,-1.2720234828971508,0.8756154715681574,0.0844447604756007,-0.6051482738641001,-1.46397429217344,2.5981276297050373,0.3023170550477036,0.5153730487354234,-1.4392816697160806,0.820551724695881,-2.1417873008308264,0.5182038003774763,-1.3858263980089907,-0.8369654630637646,0.2611281097744244,2.3382732335903578,0.13669381556513507,-0.1419591572983072,0.5743912536811376
-0.5467013064844475,-0.32143779699119523,-2.150364523519334,-1.2976766123292387,0.5894212803576483,-0.20844541664221922,-0.3013305024252665,-1.5695628480310082,2.050574856553116,0.19630384542603635,0.32572510259023835,-0.9366763026891323,0.8379691180134874,-1.9460277378358726,0.2691660415858059,-1.5943674839532382,-0.3065408970864584,0.2626359110608961,2.3456290989342063,-0.058397936712944784,0.28372194834017106,0.8933415757076241
-1.4296756556664623,-0.10396922262839561,-2.1355880500363273,-1.039406035178106,0.3596921911173585,-0.267474468703145,-0.6916332703019501,-1.3256248977547138,1.177442284625108,-0.011818322489854538,-0.041914022322890404,-0.3313341373117569,0.42822006280495106,-1.426580189019543,0.6450768980092874,-1.698883303166818,0.34174925208353857,0.29655800704184315,2.3959231494268582,-0.3086352259109332,0.2854487731526574,1.244850187556013
-1.8012962594758875,-0.15010962377330636,-1.9076593782259008,-1.0479102046516604,0.519686364846504,-0.8161177136913811,-0.8272041281183065,-1.1666725311555766,0.2054277973176467,-0.23683231215290712,-0.18884829045829718,0.32401843651411477,0.04494912032051343,-1.237885261474037,0.174113692400402,-1.6992948591787642,0.9153550841997814,0.6265015037947005,2.1564320536915114,-0.317121609696147,0.7033887777101254,1.4211757178632778
-2.1342261363021056,-0.22062862424402116,-1.225502813319486,-0.9190675590092098,0.6255262206412187,-0.4846828142064055,-0.7042784528496038,-0.7305796229236194,-0.3976284547289738,-0.4545667519814792,-0.3584272688626111,0.580174814188233,-0.47692057207858446,-0.8600193661128578,0.30954554852910754,-1.6869020942759798,0.6579084262121039,0.053484178546099936,2.03194393377864,-0.7185989941907152,0.8158626557273921,1.1011494527853571
-2.078436593036594,0.23757513165181626,-0.7135911993358608,-0.5652779105267414,0.7919367354753835,0.08443333571371263,-0.4179695300022163,-0.653077379429781,-0.8331720409874362,-0.5190050424777579,-0.321349251360618,1.3781028717997081,-0.6100680392488667,-0.4812543553678186,0.3707439303884221,-1.404991644129713,0.46227729876699986,-0.0416346622588825,1.9275171366215709,-0.6254036802927394,1.0659056919026328,0.7485656289715035
-2.1409534119555023,0.21986249982997383,-0.254294545646571,-0.6547997007224713,0.48803079136109184,0.21125040656671623,-0.2671768683408875,-0.4863565213063845,-1.0971566007630622,-0.5021645121268418,0.05067517108676643,1.5614001504018686,-0.5465806633907153,-0.17882077536793756,-0.2154070332491965,-0.9779050049995199,0.3161407425236673,0.011691577920943143,1.835513282668626,-0.19200261269144087,1.294973737166317,0.46533961259615875
-2.204350213116065,-0.11206504138225531,0.0856544466609401,-1.0535013743511155,0.6037223664153173,0.0420630021841487,-0.15092279691568525,-0.42927247482876174,-1.108554138290209,-0.30516033426092976,-0.19513052932367447,1.5015380011927821,-0.3194365811982958,0.2919546572382961,-0.44547403406803265,-0.7718324678976669,0.25973449862845394,-0.34501526883015426,1.8168773561197111,-0.4731845688499975,1.2834508005419307,0.4633345700380024
-2.220030135903305,-0.1949644316477316,0.0391141654727029,-0.8320741097146129,0.5205692362130736,-0.006682940159256322,-0.1761188079128794,-0.4442194193222396,-1.0136223826099553,-0.19499943302466122,0.10366868615464998,2.0433643975425095,-0.5525205639692425,0.10852711076530469,0.13785651431272375,-1.1367929505536416,0.27327959040947913,-0.6066139780946193,1.7273081102342083,-0.5628683052560616,1.1540819555171113,0.4338766782982062
-2.0156024226781435,-0.5514247911725079,0.02383008242429569,-0.5993718768798362,0.8084470498753946,-0.021190725391093956,-0.4167154995330299,-0.5600388322333408,-1.0627693640158382,-0.038667249822942576,0.24714260530592622,2.136012185580374,-0.4206173864914262,0.7118281685368829,-0.4468860309136155,-1.38158464811926,0.36733356495838176,-0.6333513913587631,1.087425742732582,-0.6800896736954584,1.4150371497080314,0.4587904701752247
-1.95871045947249,-0.25157639221362177,0.5260056347435373,-0.8239472770977653,0.8215012043265061,0.06746096888243217,-0.1981429947386208,-0.08342797954977732,-1.559943145723314,-0.24073149944360492,0.26840695097795475,1.7100830335843158,-0.7190868051774201,0.3524991636366456,-0.6647711583762751,-1.2033463610968926,0.26381265013841393,-0.5300118559202243,1.322821537000775,-0.6931315638927085,1.2097668946394635,0.12356074856614158
-1.4055988582472418,-0.11303727347539237,0.45326235850977004,-0.9098587633234532,1.1155184599471943,-0.13194008912717375,-0.2551290447149068,-0.12373743292751238,-1.6910637631676388,0.046383284582939416,0.2698385807564887,1.452948248273426,-0.9517867996677241,0.06888977128951781,-0.23915300135358009,-1.104006764198307,0.35895786268544433,-0.5740063028045943,1.2688367367260882,-1.0838753710008229,1.0580046070460676,0.035834232522737805
-0.5926342845481426,-0.10661226911287322,0.10629947623985324,-0.39683987036014823,1.1401422943613575,-0.7463323204748449,-0.3296147437402975,-0.18638091364149767,-1.7861736966087867,-0.30995632606110224,-0.04757145299190488,1.4745685573438527,-0.9897830351448124,-0.38731754649013583,-0.22832724121911285,-1.1437242699475896,-0.2358892034606742,-0.5362961285702564,0.9280811689289694,-1.1865416120702963,0.6068955941958901,0.13820978940119266
0.4475848475109392,-0.3453950128873636,-0.15328150540322222,0.19346291672053195,1.0744725325489077,-1.161491307853056,-0.9725517018510359,-0.362388423411372,-1.8689199985091887,-0.1223263815931897,0.1545593963568378,1.7082202010688992,-0.8395585036359099,-0.32474008417486344,-0.2962975965878062,-1.0539883329817934,-0.9462332468247948,-0.33098451715691174,0.8507634586228614,-1.2897523699275966,0.1581580177095104,0.1565023420287781
1.241741301565528,-0.6560171705195537,-0.35297762211260075,0.5291481175545569,0.7722877010278694,-0.5812023221510703,-0.6857625914675544,-0.6542587271680502,-2.1161371290231963,-0.3990550812235795,0.22058323038955222,1.7546178043814091,-0.5383161572717102,0.25079282180699647,-0.44441552796383016,-0.7053052872847104,-1.862910476384517,0.21684803402812924,0.2212206847002191,-1.253954130773376,-0.5549134999282433,0.2514097565635319
1.8042490947135619,-0.39142029158795955,0.26839494108734235,1.2229573747386333,0.22479811265273983,0.28195572823859,-0.9027485620750406,-0.476748905465305,-2.329585668010485,-0.3901267754974608,0.36875543835091495,1.4614518697126386,-0.6245826803661645,1.2557836805368359,-0.633429557688736,-0.06646608913195631,-2.140961092069243,0.9799800047719738,0.6165246511388165,-1.1268859071910204,-1.7506680976475124,0.3055407225824524
1.738760968704203,-0.5999026324756843,-0.053888122970845886,1.4595249365593577,-0.44307717835939653,0.6055533869515013,-1.2859382297853035,-0.30189029918817245,-2.3536931024962895,-0.1868525208125316,0.8353253006583494,1.1099229287728076,-1.480419898289938,1.7170269579615078,-1.050085187398223,1.1940700908447424,-1.7429506941428647,2.2015865258502143,-0.2607452622029992,-0.6539703336579085,-1.496977315325664,0.18609220097335774
1.2563625035394488,-1.1346883856964889,0.24007701229353412,1.252657486730621,-1.1289793819648095,1.2724306508682393,-1.600090934299177,0.14650857053018246,-1.635808360443212,0.5308621861598819,0.3040968347657112,0.47357381855886116,-1.7480116306718823,1.1123887646763402,-0.8198741598237196,2.524510713562534,-1.6481121406445245,2.5960338601045923,0.4364678427169607,0.3295594104187026,-1.8995103016290507,0.21318631190985948
0.8509849435158001,-1.1839348859806906,-0.4163346308534897,0.5605489091661375,-1.3912374367109006,0.7189704844878552,-1.6578157675229965,0.8430362318866921,-0.9188357723769195,0.40146071706340997,0.31820817524079403,0.09249031272602373,-2.0993309740364516,0.5996968877783643,-0.606081601925116,2.7044565769006446,-1.678711671130495,2.0296260547906524,1.1687242368986523,-0.2525273676435341,-1.3754682210177187,0.4555377336329103
0.6762481259333118,-0.9183816797416867,-0.7522122664545503,0.49794556193043427,-0.7119918699089045,0.38130671131867044,-1.8945296416371709,0.779950905740036,-0.9911905976946276,0.16928991844265648,0.46360895020629067,-0.37544026179133433,-2.1323508199569097,0.165433521119021,-0.5519265934041101,2.508647503410486,-1.311724724077453,1.712408306601932,1.3697913378755124,-0.4433874366634587,-0.599815201011743,0.6941191047576742
0.6713716953236829,-0.806552399791783,-0.8729739384933634,0.4478332922413394,-0.47434531177268247,0.3049327290140246,-1.7608856963134665,0.7101733797245424,-0.7775098199942994,-0.042824041600347224,0.34482602295380144,-0.14671841387956014,-2.1200731304087608,-0.03903034447451398,0.06807813323030357,2.5530149198588834,-1.321457930278659,1.8319600234571418,1.2045036266089575,-0.28700297092537264,-0.18956558302828855,0.44680315271278237
0.7001846581736184,-0.5929699725014668,-0.9310721698709499,0.5133564618492932,0.04987307581573555,0.3344533757792829,-1.8639051355212244,0.05528753477223339,-1.066549095609618,-0.5295652902683541,0.22706223686792787,-0.043810235786236704,-1.9911425939404335,-0.18238544477995464,-0.002584404945581792,2.0413246541661345,-1.778662459698611,2.1668754947473254,0.9507119988066266,-0.541407273100939,-0.02900563753741021,0.45676570065530087
0.7029524444796174,-0.6617650212182636,-0.7516149841580788,0.7642223282789666,0.14387820747064728,0.9405923277710854,-1.9437486886603585,-0.0735502655133281,-1.1045814398146176,-0.3208946889039206,0.3147781539339336,0.42498083744290116,-2.8611564339041875,-0.24367498254211023,-0.2559319959928612,2.4647149352572244,-1.5830076659582177,2.451186750643842,1.2277322043281929,-0.44374820833929235,-0.30306942253733526,0.44942499114667406
1.0048240696167776,-0.5647592557341493,-0.8950510134072196,0.6970341639531388,0.3164629812197134,1.0219351223382769,-1.914186472642531,-0.2713485531345286,-0.46349435623944024,-0.18500358956801932,0.3425655578542754,0.5315504110197046,-2.7876466065318883,-0.7791090414909001,-0.9654615726870204,2.749651916262069,-1.6708811785345847,2.1170165311107865,1.7683760058712394,-0.4011478819034177,-0.5854823338496146,0.37065177999355486
0.9105185587096992,-0.6278482886214433,-1.1425153692342724,0.6019676876598383,0.5805981771074209,1.26168835868333,-1.8659672303993966,0.208769531152826,-0.03994964400315157,0.22805752702087523,0.249773746231272,0.5075545997972652,-2.8243725571335005,-0.9344681900355885,-0.49734993767335595,2.4305386573180336,-1.8267497995735973,1.5526107875602944,1.6999446393734279,-0.09644349663046776,-0.3591649922653436,0.04248670762477838
1.0606783084658973,-0.6026031387440155,-1.4689397396152417,0.10336685143612868,1.044454846168828,0.1480413830920918,-1.5350492163079554,-0.31968058139750294,0.45962887064156377,0.3266904972261404,0.16408479875968066,0.17440437482178328,-2.664290258199536,-1.5154649906016766,-0.539929829303726,2.1179150708965784,-1.6760463262191208,1.2585639933451742,1.7273240304059891,-0.041963956189812725,-0.18680180954506098,-0.0513490970316815
1.3360318269252256,-0.23520375099520135,-1.5417007177632134,-0.27953169073881534,1.1705479151909606,0.1572072014585713,-1.404993725541325,-0.4955640018194371,0.5171017805933164,-0.20357716867013903,0.27537378266568546,-0.004445439821860631,-1.9407697236409995,-1.7001996400232202,-0.16146017047867228,1.2583533786164551,-1.9354402051062831,0.8889340494877698,1.80330288175089,-0.5678862294791249,-0.0826532170247552,0.459059784787264
1.3842001344498573,-0.17830947008891604,-1.5550117463051132,-0.02690160142575136,1.2177025887344677,0.3673267020815233,-0.844980922734138,-0.814784997910057,0.2435500968940672,-0.20146108864470852,0.2896071785301655,-0.14515610838665877,-1.2084391939198385,-1.6328388011576909,-0.05194798595534246,1.0734630970812065,-2.1261892534135267,0.7984203037131992,1.5275093597584481,-0.3563803872271352,-0.3974423153129595,0.34307507745738197
1.74869289041268,0.2756610264396424,-1.3145320675672025,0.011480012276976231,0.7651258880914092,0.1735567982278882,-1.0466987719110614,-0.8773507097982425,-0.10173839492965048,-0.10639488787382839,0.7058593784302729,0.3311977990018714,-1.1666795981422173,-0.916150040102258,-0.1287664230987411,0.7488350931740201,-2.4766125031574173,0.9771091843704989,1.517342116352808,-0.3179811048841941,-0.793868587424294,0.5339684227259174
1.9681074485729708,0.1973602784174162,-1.5804133909968217,0.3543630751703965,0.6536727890894382,-0.003235157659498701,-1.432719050462499,-0.5979853205400587,-0.8361423376027266,-0.7223794303270609,0.9161728210217712,0.5808771349028815,-0.9723128347441898,-0.23539722189012546,0.16272109141077312,1.1295424095175615,-2.161530238364701,1.3277147532354956,1.267654084309857,-0.6253196213428398,-0.6907719726319292,0.5102995422257892
2.4049218966600265,0.46069567327378247,-1.3650515956094436,0.5345902483226902,0.5461515340044882,-0.5103399863134687,-1.3882818274861897,-0.7967144627843011,-1.4790440891837497,-0.44783887458879523,0.7402745087214722,0.22378703239461628,-1.5146007245170674,0.46161400559759846,0.11462364353176216,2.239213384132743,-2.5922715357010904,1.8473677750443562,1.045039573067016,-0.6262410535781476,-1.4739824442135423,0.4164542761657296
2.134498118535911,0.22634800994787202,-1.7497821368850506,0.8668241589984129,0.10121243415788506,0.7845445781752123,-1.7590881169796735,-0.9433210121491601,-1.1284141027513592,-0.657084638704381,0.22528322529840333,0.34450518037597333,-2.040536100914782,0.7523934069079645,-0.29921885836893963,2.756116226399814,-2.7385349953512095,2.6872949133383535,1.0222326143453255,-0.4629912826046549,-2.1542520919854034,0.9087154971732143
1.8179697362013545,-0.4580161426305649,-1.820770185194677,1.2536446349635866,-0.6941059118858339,1.3136808847802623,-1.897722253856859,-0.5770952242197381,-0.5386997378971545,-0.35043320090344343,0.6659093185337243,0.47348892201031323,-2.443983219634945,0.3714375570829336,-0.5867664830520295,4.113867631113244,-2.805500706285052,3.1586495057508275,1.1769306412131788,0.08633286990636976,-1.9671147111254115,0.6162602923378621
1.2978560870653695,0.010264757754764153,-1.7346315343810654,1.028315676590812,-0.5636368023208085,1.4501489534403147,-2.1505770382666727,-0.08979743564482506,0.03803417561729816,-0.37267809388609063,1.3611539706463374,-0.2899118473404844,-2.7092370447161205,0.5852570513324691,0.2893474345163036,4.792012226707235,-2.0599580300155824,3.012636498210902,1.8986843508797746,0.4319678042631482,-1.2808007389220921,0.6541266188046246
0.6744631373323632,0.07286286938154035,-2.085590399297849,0.1335138636822762,-0.26030129900829246,0.7975776980403155,-2.1934232726961302,-0.3422771571765803,0.4548511947119092,-0.05505388545337081,0.9934427078083448,-0.8241979691776746,-2.89581812865571,-0.04836448433181073,-0.07687778940362139,4.771950310498024,-1.8341772891526729,2.490468258125836,2.140748051901233,0.9485777965690105,-0.6156495059976741,0.8836843295752174
0.5714987781882641,0.3641801739399369,-2.5837734654306583,-0.3806753678144179,0.33938855868652507,0.7409489333145229,-1.6657783739163985,-0.36851535184997,1.0910329307526685,-0.2634510469072822,0.9832669771923274,-0.5303860660261348,-2.357712415562271,-0.881201034696964,0.28194165575489355,3.4862788919174394,-1.4319861828902918,1.569127618257237,2.838016828856841,0.49380349981586824,-0.008041341907484498,1.14653227329245
-0.15998966312028023,0.20805368702733124,-2.8396163243646892,-0.9107332369615905,0.96795025707982,0.0793071283763277,-1.3577361137371993,-1.1047068389743637,1.7604887672953609,-0.1451555961379293,0.4151413310783905,-0.31962609007035836,-1.6509777702719615,-1.2193574879938553,-0.006687362610619682,2.068444645961537,-1.3692193625814961,1.2076779336502017,3.2716133263477287,0.165920616572523,0.3957212539262055,1.034430474889451
-0.8806786227472513,-0.19345431851841063,-2.7193667167924365,-1.0192525562484378,1.104724984993522,0.47617649572689297,-1.2728822717980863,-0.9153163551363744,1.7066145722920518,-0.30450635075184584,0.043632824007045184,0.13804544835594085,-1.1132988600032547,-1.381008076941395,0.31631629842525855,0.7437968871877456,-1.126529350708116,0.773576801308857,3.09856306133321,-0.07030178483313639,0.6339787505055354,1.1152948416509931
-0.9583750672374334,-0.24628283020435623,-1.986203318271882,-1.5236812096757122,0.8661228609256132,0.075559498801783,-1.3451035060900456,-0.5592385092518216,1.7177587813978374,0.26125597345499535,-0.06433284068575215,0.5333917217168288,-1.0706541501736626,-1.3153533179328152,0.2873534822209706,0.31413863653923435,-1.007764386934163,0.8743022472344713,3.3504434034596224,-0.0266297323903687,0.8258901312947818,1.0740037332964114
-0.5223420227313313,-0.1795587376596997,-2.1388624119438586,-1.3381768739230806,1.2782507757312491,-0.30038075081524634,-1.1974726823847246,-0.7129693821704972,1.3858749573091418,0.013930176640128328,-0.08149942709558922,0.5117301011826125,-0.8075804350338831,-1.5740940866036504,0.14381703047693226,0.14604117580071968,-0.9696983974594755,0.9763172836152366,2.7448864355471603,-0.2856599650382038,1.3522897572966803,1.0109524273501311
-0.9830690007400273,-0.17447375591682157,-1.6589643757355599,-0.9995129768330151,1.428743147963732,0.15360663728812868,-0.8663698118065792,-0.6356153073533664,1.2359672418810927,-0.501701839945303,-0.4005469603996104,0.07882057779786661,-0.8370005782093727,-1.5939855447732278,0.0026439283074125852,-0.16932537755625554,-0.9435946945372661,1.0276291315135961,2.573276605038117,-0.28464628806378556,1.1715452256504468,1.0638249698555757
-0.8866258219852662,-0.10732921011508566,-1.2509000328569226,-1.3029887209197102,1.2538595566391375,-0.056915523245825037,-0.8848623075455686,-0.4331106818896731,1.0473457139644007,0.03387055605372148,0.045815739352851076,0.05714886416681211,-0.8869781199281002,-1.5889526141572767,0.274150032205474,-0.5889518638052365,-0.7174351261719567,0.824684822180958,2.2096851761079086,-0.3148975737153694,1.6083264135639428,0.5371726176547165
-0.992874720447355,-0.5282094066954566,-1.1539695298677388,-1.2787315038059666,0.9659439367776722,-0.1401087166473159,-0.4297207982211296,-0.3840387899888338,1.1714909775987183,0.26220750647900803,-0.009411057162431936,0.248418260754062,-0.4609916305646083,-1.5363789158352632,0.14148959704161743,-0.9097255375564863,-0.8170414506960835,-0.14225989899462388,2.029842215771652,-0.21294911096995997,1.4332126100366043,0.45364375454770467
-0.8993192991233677,-0.21118266125203533,-1.1616900156170722,-1.3611258814423701,1.0617607415958175,-0.36353662837826534,-0.35183900623887393,-0.8264276970896978,0.9525325432515926,0.06873845350964122,-0.029752006565470973,0.32907361162884213,-0.05956395190889112,-1.6444211311273205,0.4707552742937797,-1.140435973335566,-0.31741112844525265,-0.5997253304224945,2.214118246204797,-0.11093016766242922,1.129623213693535,0.5486005949169368
-1.0129527196928818,-0.2876586676893582,-0.9138320010386515,-1.170970820408316,1.2147401871607157,-0.3474377403356307,-0.06793969375732126,-0.8143314942070763,0.6343106377060472,-0.1847375183692971,-0.03626073748152159,0.4848704481053306,0.05388296843012817,-1.3604408934904186,0.5515875067579319,-1.5737114874139104,-0.39767093638227885,-0.5532897779743744,1.7813891309150545,-0.5694678321458608,0.9494107967676974,0.5391346388839916
