1.4074976178715055,-0.8437696512299443,0.643228022894216,-0.44717298663953864,0.10633941993663937,-0.2060063484948907,0.5199144527224056,-0.805146548335653,0.5779676366094597,-0.24524448441959062,-0.7051085849745733,-0.027068009137804994,-0.23407594953419478,-0.14278249396666928,0.3093007762359473,-0.19490906134035,-0.7130388619351006,0.39375675085342715,-0.25507164688420647,-0.053337018186252944,0.21284156779913715,0.1575902554521895,-0.8572298916947343,0.5629804497861417,0.3332398384092184,0.28500251139192945,0.5781816706589801,1.3240655126883898,0.6860318962146785,0.07253490989701047,-0.41269413109683073,0.14360107382872334,0.3830560649035012,0.8917407527640486,0.3275524404932789,-0.6897122971922703,-0.4619612242966299,-0.346769965042768,0.45028170466675865,-0.42763096885480995
0.4114840645618395,-1.0014534505481842,2.3155492010870526,-0.9104115097902639,0.8764958132233895,-0.36254036217847296,0.4897516386587186,-1.3776949799197125,2.198048467787227,-1.1468571663594211,-0.8653049534741226,0.5653453068751448,0.4122373115495901,-0.07407586409711847,1.4341023757051163,0.48044642101332635,-1.1872771308239152,0.42568856715690523,-0.26581637810674397,0.033791226443266376,-0.7854018313208098,1.3732756887644155,-1.5668147833776902,-0.5710572737406326,-0.8933878604313447,0.14625851416789343,0.5844628876782694,1.9438024257917843,1.2899840053689995,1.3204003357595724,0.06317317562417123,0.1851400850681817,0.6241246841987826,2.498617756961958,0.6723987580717136,-1.6661460762976568,-0.8728615869746462,-0.4043492991317824,2.154892380845154,-0.28838857109834903
-0.0667709055933694,-1.3579933411542147,1.0892321458928202,-1.3260214494378388,0.9501349587576612,-0.7707954726955728,0.10189069108166615,-2.032060659286376,3.0036093161578643,-1.4800188111869461,-0.8857120048805411,1.8478634934728388,1.376772688558886,0.9415646468258845,2.3207997751151406,1.0545922853959468,-2.5650318322096815,0.30102241240289684,0.6689992935717056,0.30638989914920745,-2.5504656414163414,1.0576314426335631,-2.418729655669923,-0.655260886799325,-0.9139454782174885,0.7453487519287219,0.4422219027971164,2.1322004818817213,1.9156524357003748,1.277904622968411,0.7662042967237678,-0.8428483820836146,1.3207074133927577,2.9858290051517997,0.7319073498153571,-0.5073122633262683,-1.297131792091148,0.4313140599644887,2.331097482754574,-0.2938874880267021
-0.9016950568406326,-0.890752737786134,1.2490324601864757,-1.6475039913372354,0.20768276345345488,-1.0587179534581537,-0.45091667322234197,-1.8804182864166272,2.5099009632515656,-0.8188012009407435,-1.6355435822788984,1.3373630516319945,0.910814967972037,2.127883687821424,1.2488090743140998,2.1097083528060434,-3.430498820289525,0.2622382429240828,0.5570973031737056,1.457259278086947,-3.765826188930915,2.1982965104085794,-2.0653810115835247,-0.6582547887059328,-1.7049314518615997,1.4974222263571757,0.7254754168716577,1.103971322929942,2.1472365501418436,0.5932787226915642,1.377784444156101,-1.3639308826031509,1.2143739748183238,1.3423233220297128,0.5095653767651769,-0.025985344031216856,-0.8625112077088138,2.5863386819539578,2.3823640139246525,0.2719963940827921
-1.2374950953789896,0.23974429193281027,0.9376126823091403,-1.3253962843887492,0.08133070116834146,-1.4636162428471526,-1.6788192490301534,-1.2329997002789357,1.8560637772121795,-0.45651782549470915,-1.3281759265958901,0.02690391134666574,0.6245225269299252,2.7396415295846137,0.5359357885881699,1.94388782127578,-3.7563820522359808,0.030039134070581633,0.003640739928509773,2.4036904103187275,-3.976728444254009,1.5230359903548232,-0.49449704524413773,-0.3954571142680976,-1.5530884794100608,1.669586484179064,1.6967022517931916,-0.5299178502413483,1.964467141999903,0.12211518264587821,1.4235476547045811,-0.9628074966165104,1.2967297803499989,0.6656242683300424,1.0749685761983565,0.6976289018097273,-1.437843193901662,4.029138776936841,1.6789809936268987,0.7635280729808884
-1.0892338405755777,0.09298599532128246,0.12237849761888953,-0.375381343620204,0.8665064360589511,-0.8893336775961749,-2.5314727626575837,-0.7504877207582844,0.5899351291291851,-0.001509917235693603,-1.0397210283995117,-0.548397349078808,1.0032626742802244,2.8454584061423898,-1.1785518069043346,1.3855564783410739,-3.795514823120552,-0.0480728854015286,-0.2747989253304751,2.5796541881232193,-4.487711201219929,1.0238279893220683,-0.3583614657774641,-0.969323099586467,-2.0660957778296147,1.1818624186314937,1.259862291034127,-0.8946572689624153,1.6647011055440926,0.3016374825720104,1.0269791602141205,-1.4362569021816693,1.195624188698746,0.46854457300801877,1.0365532700636881,1.7982744770814496,-0.5478899437941306,3.593750346443974,0.4574746387151512,0.47884631115779486
-1.092419457526875,0.22679080258028272,-0.13553387450889384,0.005513391911320484,1.058084092761785,-1.3476418562272203,-2.83016434853661,-0.15507076788051805,0.06224327150014475,-0.49841396661143234,-1.548345769048318,-0.9861962927747948,1.3158234761599688,2.1190645961367616,-2.056079800177957,1.0052778709954124,-3.5409047356864516,0.15220375953834797,0.0446543796347032,3.0349693686123027,-3.4996896252700727,0.6369205854547975,0.33783838941841304,-1.900199732861175,-1.2065911593656349,0.47694570863768115,1.2246572327781886,-1.1779841563450277,1.292478882182072,0.7710839550981202,0.7066590703198654,-1.2566458959100721,1.147262657670469,0.7316043330746438,0.6036011167307799,2.588784442953763,0.008278026694554144,3.237256495850759,0.028839050287214493,0.7053193244956678
-0.6718218736783773,-0.992879650477585,-0.44988340152717843,-0.1599723885769046,1.8902036487787566,-0.9214475291100708,-2.6910251499831506,0.15204378049702288,-0.6964076433196285,-0.5814492227885206,-1.5449552265055955,-1.613228895046236,1.2128215322548055,1.7121988050097865,-2.7699284131814688,0.2987565832501695,-2.4923027398403548,-0.062482643952755934,-0.6429403240715632,2.969364603373407,-2.706212866669565,0.5503853705479327,0.18416265935392465,-2.119477075886688,-0.7102018353302081,0.11577566003039719,1.1224573539092442,-1.44210338707286,1.0421235006861491,0.7402515299301815,-0.2637700460688586,-0.7430432840899643,1.3206528721953843,0.1460466505291858,0.30879507956179064,2.4753419452244945,0.30020207312478014,3.0452920446876486,-0.2124644864324288,0.1464661960120769
-0.5363976996881985,-1.566561062466648,-0.4860780271168311,-0.24650400233200903,2.337943737911152,-0.5725196358491145,-2.5603679621199236,0.5651403228203782,-0.7265202199304324,-0.31728698988039494,-1.1574648675676487,-1.8921355560664188,1.0061092769267828,1.3852573806810575,-3.2150260667387536,-0.1566074642727217,-1.431409843000084,-0.374620769114165,-1.1137046913133788,2.634114172403367,-1.8853011995866058,-0.07396016289500551,0.5862832716316746,-2.126445140391035,0.5958840822235808,-0.7085420669358794,0.4380557642980624,-1.551670309464629,0.736765230683223,1.2058476204332707,-0.48769195484378347,0.09130658078877357,1.5808538953259954,0.3483276747990902,-0.5577081861800296,2.3380252233032057,0.0055068998359673604,2.615540540600369,-0.7076564090238537,0.32431140035070427
0.160855347198885,-1.7261259887815785,-0.18797197763454082,0.21738639564243695,2.4468980680967434,-0.5587100915083072,-2.527928915187195,0.691876620464778,-0.33378432880762626,-0.6811520058211868,-0.41626219109648654,-2.4245961023036258,1.357264174760661,0.7805253908233979,-2.866687142721679,-1.0694199452483186,0.062055062607682634,-0.533644025138918,-0.4328858629214154,1.8527335971227896,-0.8399466814834273,-0.16299607976721797,0.4270463254306449,-0.9690374271211815,1.5355646882593266,-1.0770547459296613,0.352421789285676,-1.4472394014954522,0.25146048002074906,1.0218961689472819,-1.3133495637682417,0.39480939144603167,2.3494839099065734,0.6361912584393901,-0.7982891603719642,2.319889928328755,0.009119473441121094,2.658429312875623,-0.5994603828191363,-0.34062476097448613
0.7120424226189646,-1.7782889211710293,-0.29849671298686953,0.7708467340540062,2.1320341664690217,0.1763353533536922,-1.9059950020517653,1.3405666995662118,-0.3530616207728985,-0.9978796662588996,-0.10344883665422666,-1.9952701366912802,0.8468565124902622,-0.07972994141142152,-2.0687700044843575,-1.8107138350301577,0.7927864509560998,-0.00904174281176795,0.9773159533185471,1.5511959036909733,-0.14721737346640346,-0.5852135726471166,0.3380058954586212,-0.8064913431129559,2.5947980254919827,-1.7673925591204842,0.4197423948655312,-1.7615779747517786,0.6508182397894282,1.1619224567989297,-0.7020992704417672,0.7815584595932968,2.0910435951118127,0.8561582497451681,-1.3077271737707679,2.4491039401210566,-0.1603900458026562,2.0033848534216645,-0.5689401431192103,-0.9120812662155366
1.0569489660762887,-1.9046868874062453,-0.21225892872340163,0.4264935715488739,1.8417362066982481,0.45686755100691046,-2.1190614525007136,1.9774977020279563,-0.17891593309554416,-0.5455651591441752,1.0059954440292211,-1.3770747419560134,1.5822064317733562,-0.22937964583931741,-1.7731120887293375,-1.8234531733914168,1.624406784942125,-0.07351919740243978,1.1704670747348391,0.9323613475861168,-0.17690693903876925,-1.5215156645197263,1.1375904097335765,-0.13328613434836123,3.252822587472765,-1.8481341658386015,-0.12649898704999146,-0.9847707341832126,0.13566095742567935,0.7923777802050278,-0.2523705563294042,1.2649706603989257,1.0816634561816345,0.8256371104136749,-1.4899086066162526,2.506939784936968,-0.2471412067238753,1.2699038500127344,-0.5217740034503837,-1.6298062746774775
1.1518370243714378,-1.2658647827737726,0.4826836886125906,0.746536834286188,1.5446688510457267,0.23612222604078903,-2.0687915159550028,2.2839040227853538,-0.03151781365068468,-0.3330854805444451,0.8378358146511666,-1.055885509770135,1.5179705837635322,-1.189987516222387,-1.3334623963070893,-2.0242593030463376,2.1444572350086224,-0.12169054601255819,1.522626127168516,0.6205435621821755,0.28507619582605764,-1.8802733553976174,0.730366031133866,0.19972410642717403,3.3316278085670934,-1.7874966202541867,-0.19906941894951713,-0.25271485544579103,0.03362101281748464,0.8033461811879266,-0.6783382486935554,1.0795336321545583,0.9226778357683567,0.4459152316082319,-1.4847950867254447,1.8140280328689165,-0.3222095323620655,0.9160645817815549,-0.7635101566722962,-2.121932498659927
1.5431399981056182,-2.0053091129866507,0.6272746166639427,0.3741261587717527,1.5578047638918455,0.32372676585077026,-1.3575953492355617,1.8808405896498477,0.4753306713692077,-0.5814279167334858,0.5163709271752369,-0.7299411749516233,1.4042211337674482,-1.3973428754969843,-1.1664186447425289,-1.8433318261371987,2.7724583232745506,-0.056042010436825246,1.3078314982230212,0.4047568928948495,0.4771714988864124,-1.7216104229342082,0.4933296307418355,0.47610838517753773,2.7813547856947105,-1.0493589782058172,-0.40029678830334126,0.8342020427000159,0.15499067513097942,0.3807641976745041,-0.4395929425545584,1.0068652489125731,0.5844711007711354,0.185731570212265,-1.1749785025460713,1.0635565984100586,-0.27006588200982196,0.44373099565250723,-0.6214737354360245,-2.1570495874392495
1.2602833685875874,-1.9834681432470176,1.687617947114432,0.18666877623997263,1.5540338004777352,0.3881520848117548,-0.5467589921472172,1.874396053273737,0.9978081924979578,-0.49168608231885014,0.021353062068126705,-0.8068649508781122,1.1550584873166347,-1.2391284892264496,-0.4595017442289992,-0.9438838386735249,1.7835735517335347,-0.32263424938744045,1.7719720848977216,0.5680350386132389,0.21907320249343296,-0.9097072279745817,-0.4753353064082281,0.06701316867425414,2.264694182290181,-0.509658328287669,-0.22620983102095185,0.5994806305460836,0.9360705849083848,0.2209889071459628,0.18004303417201595,0.8800792444665503,-0.04581236981652914,-0.4252108751619409,-0.981545248581899,-0.12239661315416075,-0.308879775436781,0.17010355131717284,-0.024717760173684045,-1.636431301740867
0.7660422486801007,-1.560057578588386,2.2533988259275946,0.6347818208088638,1.904347060676129,-0.619411696840152,-0.017209067053902266,1.2106770320755111,1.3796701062917283,-0.7461404575557798,0.01688698719914264,-0.8871462095916961,0.9533187864989782,-1.0396837088199153,0.07481381599673245,-0.4448676448181136,1.6386708129960095,-0.4972276805129111,1.8715708396591975,0.7818862492719811,-0.7092132838152415,-0.2538408408400127,-0.020301748496008937,-0.4753826471775804,1.183751239016452,-0.6168305325392542,0.6284268531239068,0.197141034330144,1.3844258483131564,-0.1821625054127758,0.22642931661819832,0.7493669330666435,-0.06396604098293462,-0.6592627737439929,-0.33968435882040005,-0.7623762549609125,-0.2940188812341648,0.31918134108254215,1.0354232678358966,-0.8138927415325532
-0.13895848578802855,-1.4855454928288612,1.769717348362509,0.6730502776186381,2.8224851661532875,-0.3781797483358996,0.28067811923144254,0.7005917940604799,2.1161434135457395,-1.2910584882177152,0.8494902874079151,-0.4560325056769374,0.6991543629615916,-0.8327353718049586,0.8099848057301553,-0.6655356867295112,1.1180935424509812,-0.20044464613969692,2.0102590031965892,0.8589059999983172,-0.6383418615837823,0.02295500622891747,0.48136909211678536,-0.9047936895970454,0.2142234154852517,-0.981456088431113,1.3291458240948075,0.8614571844558446,1.4427056255729553,0.26205983590997595,-0.7183550227067903,0.12507757556606808,0.4985589994198009,-0.10082166009014687,0.3513212881476267,-0.7569166425421584,-0.39225767879014634,-0.16598873206872122,1.1549672068868213,0.07482451972010218
-0.6013898772719346,-1.0886248422894877,0.4490916051468529,0.0010419122093435762,3.148188817915295,-0.8563309430652144,-0.26255145242788636,0.379091637114084,2.6680388339697423,-0.8343595519092222,0.9962554765065044,0.5933004255552824,0.3525759957122344,-0.39911530546156065,1.9719766553448475,-1.1037310200853336,0.9329207558593707,-0.31610365038324806,2.023391707346821,0.673051281839087,-0.47728753457479894,-0.9229606743473002,0.3935209789586095,-0.23441257377804045,-0.146089697891585,-1.7444408580714303,0.5819703111438199,2.212005590812747,1.2809094942576587,0.8862677180664416,-1.3187415563204028,-0.7723530592510894,0.8669068075840076,0.9155930657342983,0.649678816130333,-0.4381747728792804,-0.5671564397405764,-0.8745843370798981,1.3172638813297988,-0.15611680778422243
-0.3657626573690697,-1.718732569124144,-0.3887911052219404,-0.9050634616220726,2.4306381237346626,-0.28569913782158096,0.29382838574345427,0.1758538522196168,2.8161152205663313,-0.4824853125127495,-0.7883311606562244,1.3204225625448835,0.0009548300728573489,-0.18644101021623638,1.7277244203302673,-0.9175370648605156,-0.21814452188779548,0.12654532760601733,1.361942422381223,0.971783843757565,-0.9740182819889878,0.45581696457494303,0.1248858914635852,-0.10172766466679342,-1.112089004234018,-0.6429716349169612,-1.4223811070426255,2.604021488216339,1.5143690525985605,0.7303791643948383,-0.7460901848977168,-1.0293913029410893,0.6614671535872217,0.9226929207178118,-0.058203483099901476,-0.3296106543419366,0.20905151030445357,-1.1661290950937795,1.8194307450048153,-0.5287402878315693
-0.07288773486024067,-0.6189641281280145,-0.025406242764022174,-0.34311184692604046,1.0824235765749013,-0.11610485420199862,-0.3722698457453907,0.9598891729618677,2.2771878990747147,-0.11339360987945385,-0.33561032383974576,1.3628525046502655,-0.010711285368933884,0.9721145964176117,1.9489979335209364,-0.5944151158364152,-1.1872922648985842,-0.03757328518091507,1.2136297273354022,0.8796131880111806,-1.5175693436871471,0.8584332206950376,0.6707488244086275,0.17373763132234363,-0.38746090260530686,-0.43161136991566473,-1.9613216925517951,2.162270458056626,1.2584688593644064,-0.12397560722379361,-0.1953329198429234,-0.8035442553533907,0.2665538185397579,0.28618909333323855,0.6294177143098922,0.2291974383453473,0.5932188868969871,-1.0023000835423677,1.8585741787723602,-0.4946396430252209
0.050801421910956775,0.3850393927269848,-0.022375279173049878,-0.47132621681497155,0.6723175064607211,-0.06912062383668846,-0.6057181652063249,1.3636430950342369,1.7291800567705675,-0.16165800932200775,-0.25774103153029504,0.7247601315072768,-0.21096428181013338,1.0182354372562359,1.6357272259897186,-0.32398905741197637,-1.5468744014715408,0.5919687601776285,0.8152314415015262,0.9974153655365895,-1.4514116674277842,1.5691027943658713,0.9914852550364259,-0.18134281299278193,-0.9792967141366047,0.08282453203587505,-1.880349539943905,1.627221296654103,1.6759419927778452,-0.17262433775816846,0.06780387397052767,-0.33580888872684267,-0.07052524759073997,-0.24973589816288855,0.8857405015702883,0.2261840209095582,0.669840719105651,-0.7134644882884688,1.3000985325410253,-0.7702944035737502
0.31939755545314175,0.9411899990137129,-0.296670742250334,-0.3535517090977737,0.7608762407774509,0.6808285873913416,-0.26656228095785606,1.7450918821170847,0.8548256216994078,0.26341675973966794,-0.48928483532752315,-0.14717279022726049,-0.770010362963872,1.1895968546609432,1.0559504038421672,-0.7329939304077149,-1.1564873595709821,0.621401838789928,0.17483753600166338,1.0758876039216625,-1.3369787939534454,1.5091469115166067,1.5418623384695895,-0.5260142668825498,-0.8843782089720429,-0.019872853868589196,-1.9257269961981613,1.4755209011273172,2.021346691170595,0.20064891648004254,-0.23439862129364192,0.5217698563105458,-0.3167992289066817,-0.16259290381511485,1.4358872438160113,-0.06341923979493576,0.20600517861770323,-0.5852014093571571,1.000421478727699,-0.8506420238713343
0.6089875865662309,1.187155729044132,-0.3777670447347762,-0.34239267287010244,0.5513452275862414,1.0373462119588557,-0.2157280405588543,1.9292542852846424,0.09725117060735633,0.6405792787724024,-0.08996645046943248,-0.9906700169940876,-0.6128973013788098,0.7708148395617714,0.8891258564140858,-1.3867011196317298,-0.8028998979079616,0.5838490145165944,-0.26584954869476063,0.7210368785975574,-1.0572912887599009,0.8658951226987661,1.8065924931164197,-0.4651309305708739,-0.43760057173906103,-0.04757899830899655,-1.8444714083292058,1.3946025394150825,2.2502256490730415,0.41150499465524454,-0.4119941039166757,0.8496009721937972,-0.4284072673090309,0.054729949330663163,1.6399075236425456,-0.20830715388444,-0.05057786082021602,-0.7443295567497128,0.4474774183070577,-0.9312829128682786
0.713456689384185,1.2494689406955768,-0.2689737280021562,-0.3180836628754295,0.22347534429209517,1.146094415501923,-0.1504161289947325,2.1410994864604755,0.18718127636106768,0.3741014362557463,0.19397977736059108,-0.35628811463428156,-0.3682096391766768,-0.2330646867740514,1.5141321063843196,-1.624451507031872,-0.9249018543209632,0.594691161603953,-0.4831555145012756,0.473670555452892,-0.8830828328961088,0.7611169161291708,1.8037343586666568,-0.8221955478185636,-0.5188678072533098,0.007115155034146892,-1.741106873672267,1.4609534616622377,2.2388007223188744,0.5759960646467847,-0.6875004446570612,0.7400421499077805,-0.08665453958313563,0.29724387085500226,1.6895192332183966,-0.07802120997755224,-0.0986190651684582,-1.275165034439304,0.25700506840003684,-0.9033970826510188
1.2009977318744143,1.1898820315321186,-0.4512301162025246,-0.06461287091506893,0.1300443921935412,1.0920926767293715,-0.09445764236939663,1.817654651773974,0.39723469179615306,-0.15678806378942,-0.3274189719493352,-0.5276460099069057,-0.23184777307106685,-0.19350461058891766,1.3705408093861517,-1.6400946494337634,-0.19904050413048466,1.0058088433842602,-0.38059095096806256,0.24492594821470515,-0.6379295903819201,0.7381355300177996,1.9436698492114248,-0.7080068277544942,-0.9258109466365638,0.5427607707286509,-2.094085759169661,2.209667731658944,2.481324749876668,0.12398618889858737,-0.9167799853948011,0.4797317390169044,-0.18783480782417317,0.40438939823668674,1.741281542041172,-0.24315886041403617,-0.568539008375485,-1.661671293278793,0.19017481193264693,-1.7122142059375323
1.1485958716288818,0.5562457436075738,-0.43238454108880836,-0.40973238111891386,-0.030846303387369232,0.85222176656483,0.3081813357901413,2.1224869506472537,-0.1823953787078174,-0.08021184257507863,-0.8583636132187409,-0.4664698242327806,0.4517241583424988,-0.287225194960463,1.1261217968465296,-1.0702560846300546,-0.6144413535466067,0.7169403541142279,-0.24628821471470175,-0.23538504700008978,-1.2384509496300649,0.9484435516398859,1.9036329386931157,-1.3212321334547312,-1.0475826213891386,1.0939355633041434,-2.5098327813841355,2.8610590048692717,2.8934826270729546,0.4751525618100395,-0.5696591995521866,0.24023902124943092,-0.6468141733561836,0.012595043715990073,1.6541241193704703,-0.6031610065679207,-0.5838401778723288,-1.2548492603002377,0.28223062942295873,-1.5704537105289647
1.205544160054799,-0.5003071515668909,0.24157428787942692,-0.8809658644295667,0.3601962094316624,0.43565964375103633,0.7062093248259573,2.0545290927744553,-0.05648120754384259,-0.36080999284062587,-1.180500926443651,-0.9826543755087325,0.6171859510748374,0.04375009336547736,-0.04668291464866314,-0.5697648240607686,-0.7035140749984098,1.2721272092534948,-1.3462926109751134,0.6390764841912998,-2.1258052665233067,1.862118558516283,1.4958513324235867,-2.273648988052772,-1.5951379245218185,1.7298991349596735,-1.512968121946832,3.1291811242796888,2.858413038333629,-0.3206140606623144,-0.8074766521579069,1.1950945495491685,-1.0551518004088936,-0.38997395676781277,1.821692811164884,-1.0295320099545737,-0.0515837613565433,-0.3512317565394286,0.7596536211847138,-1.063799603703314
1.917454497336051,-1.8423891353473012,1.2194330734424188,-1.6030768433784575,0.9204557094820842,0.446424648949836,1.4555185189678466,0.6430793359408232,-0.578871016382823,-0.23606164864044282,-1.4798042039468808,-2.404527576931571,0.9577906865082674,0.9398106300874856,-1.1109471397149502,-0.8541941976589342,-1.451377988406556,0.12893177792653476,-2.159349224591166,1.1407578665586193,-1.6863145881818558,3.202975490039745,0.6857553364626198,-2.6355432993871117,-1.7248609434656392,1.2425769877522923,-0.5340602025456915,3.189023316077198,2.4432540936699856,0.2779731858001647,-1.6498472309482217,1.4240864617465727,-0.7021408907139561,-0.3751284206265115,0.8700240196848938,-1.9556500303841218,-0.023936585486433515,0.16572691492278258,1.648812360173543,0.39908895581628906
1.9177700185976743,-1.7096312746965894,1.545181255646344,-1.4300936774950634,1.1583791450538248,-0.07828104515675866,0.06869114568083914,0.3098576504001386,-0.1853321663968051,0.4469929671653423,-0.5013770869412698,-3.047087261828145,0.5314672589853122,0.5209935197098522,-0.4845118066847142,-1.425841760217185,-0.6701558141751512,-0.41333234178574785,-2.0180573946856613,1.154930222251703,-0.4953405048626057,1.6881693149137196,-0.2511015700877315,-1.8195341017805473,-0.4983635144484999,0.9978469693579821,-0.10351730698617877,2.7339863324020914,1.8092922352472776,0.8922744293434978,-1.4746329199157753,0.9247254405692564,1.159630343689947,-0.16886214442310724,0.637110142381969,-1.7038201202338792,-1.1087446681169808,1.1009430646588712,1.4511959258107856,1.1242474230316744
1.9153604817175784,-1.7700491973674044,1.1415237154516822,-0.8626766184589979,1.2368610474758719,0.48619969747223196,-0.7575394482406783,0.514920769105265,-0.06853945442521009,0.38146098829970676,0.13800651447617981,-2.1441737539316326,0.27257536388546244,0.16201878387627344,-0.5481278198916206,-1.7221887626274806,0.3207852533384268,-0.13809454150238787,-1.5864062151038338,1.5288720488111056,0.1972196937175466,0.770212991989721,-0.6796455012710341,-1.1648955747250471,0.2913490788128941,0.6596522547589662,0.04102983785506775,2.1819443585037823,0.8592241789499164,0.8594876576479495,-0.9783818111946874,1.1117023624883495,1.9047361062226635,0.18431201074967313,-0.5025509213652268,-1.262478583624083,-0.8299378095568167,0.5836775799673002,0.3927144161512707,0.7571645204040607
2.321410752516051,-1.9886466751957907,1.3706467887818943,-0.20200157566948274,1.3608883693186717,-0.04438001346358392,-1.3562777942480835,0.5962908264749754,-0.13222295836897058,0.2165531191980209,0.2541573208245355,-1.389108168541088,0.489649973149442,-0.23020566085304658,-0.5440832684545615,-1.8117482813353372,1.398730375094809,-0.286548877987291,-0.9082472526464156,0.7999390690558037,0.8487500625643222,0.2906931677994885,-1.1217430621009847,-0.6972341182398737,0.9725846169458667,-0.04756856412356106,-0.2531881787664913,1.7782213656582289,0.7904430406604268,0.6631372592995584,-0.3847033953708249,1.2129795354339914,1.694745421969667,0.7591467248223321,-1.2686507962613929,-1.1974359214242687,-0.619853132596286,0.6402865217697751,0.10454285470091454,0.3559106231892082
1.3542140151400572,-1.434148158034696,1.4506411416111238,0.3146204235441085,1.0959109640507951,-0.15083152185306914,-1.7538753996306518,0.9445903644150029,0.04439586035323469,0.20472718073145876,0.4696643354560446,-0.5341325164685624,0.529263117315109,-0.6180964117331029,0.022283284919179636,-1.0350465981284724,1.5825673557202231,-0.38080682747531214,0.36698240248588043,0.9924466722411601,0.4562446850265678,0.048317296597831516,-1.011773131184127,-0.900493891307169,1.4028889773445719,-0.2350235719766282,-0.12676639875177792,1.2175860148003317,0.7798473621930877,0.5284177416446441,0.4266521177623523,0.9980402123935461,1.5247074113174985,0.007429582384871118,-1.240969929248538,-0.9339090520282904,-0.8887533688972509,0.9282850841747409,0.4729679353296604,0.02103527672199057
0.8052326658958747,-1.5094825073651112,0.9712337443887082,0.7924069711887844,0.9737148383833449,-0.3450911677954735,-1.416049771694736,0.679018151294268,0.11179193707630902,0.06390139460349077,0.8485123219329304,-0.31095323534433594,0.7969684006649626,0.08503268462726354,0.3905673880429844,-1.198197273482413,1.503912778104708,-0.6413638804265452,0.3636067533687911,0.8278982633607742,-0.2664831692144645,-0.207691048616272,-0.14806189382031448,-0.6984315241266792,1.0252573132424394,0.038578991054384004,0.14239383921135995,1.4367075124448225,0.41850216037192933,0.2965304478342372,0.10767807550427215,0.2836895774429532,1.523553436213537,-0.10201599063276989,-0.5044518999994836,-0.5292206326422316,-1.0666993411104866,1.0944646045070772,0.7698949095003773,0.25491138391848633
0.5107558150052602,-0.48803096749514485,0.1766520010811653,1.1648736499127712,0.27790970425163614,-0.14793310513362928,-1.451699869128567,1.213536188161595,-0.0885638145368,0.5749776523627266,1.1053573900746188,0.24567777361462728,0.44495930018755114,-0.7511399964538896,0.5215460260300557,-1.9148047762065596,1.436754223490509,-1.0401963635039646,0.672145244455236,0.5876430558507155,-0.45595911728112054,-1.178975942130462,0.3428115191410264,-0.2578738858410041,0.6834885769865382,-0.2978096986421815,-0.14528485961863521,1.1173174667316668,1.0356497827578175,0.11632316048916991,-0.05113930119191576,0.06746724925563101,0.8577002275299414,0.2351913375806494,0.060785849429722705,0.05871412758112236,-0.946395101868831,0.09322142599190911,0.25738065680278566,0.45841160099397865
0.665135174451373,-0.681457088408425,0.23880159077223917,0.8750301786930582,0.7203957713462101,-0.29511378530251564,-1.0271561346784452,1.1536454551638817,0.35522767681501444,0.05891231482152755,0.6963976332948485,0.39083100809737836,0.913769857718022,-1.1390589200556291,0.3535123808235785,-1.45887853932796,0.8995871614980465,-0.5177315236588791,0.7962081354289657,0.7870415125888639,-1.1118113479160625,-1.3271707297642217,-0.12666196296889945,-0.7047310327823738,0.016439006191130673,-0.31442027327194255,-0.1703231741089108,1.4129900528940011,1.104067766302025,-0.5821281784840158,0.2561014823795887,-0.20440849359335903,-0.21096316888598765,0.24910241461300972,0.08961302556418888,0.6107190060763732,-0.8868736756244076,-0.9070819032309773,0.44628812569093257,-0.3432138118674072
0.8036467858378372,-0.9861291752302981,0.949283651849165,-0.1947126635967352,0.46745954323162575,-0.7846462274847831,0.40496526845610314,0.8689874402783047,0.26180302913231857,0.01543076030763163,-1.109409279718947,0.17594259497467485,1.183925424225205,-0.5810047250123658,-0.23511454656470152,-1.3046495039109582,-0.1826996168850168,-0.41767638493626996,0.46639881911411246,1.072326787075197,-1.6355259809623672,0.05934534235277705,-0.15743993686052438,-1.5584714534109292,-0.5934571937371467,0.8380281429833538,-0.1879002982866928,1.3330430576866874,0.9227135512726625,-1.2558149632244642,0.29245828349410347,-0.011080243465967976,-0.9370813903860457,-0.703262206025864,-0.6079373279789154,0.277113647396909,-0.15867393232998028,-0.6115059175756646,1.4794771718546937,0.052199626517924785
0.5316882308513002,-1.8930332244739696,2.271570461679007,-0.6395779339044041,0.2640270805496373,-0.32191342528606576,1.100633269497047,0.2950546511551114,0.6766685363286213,-0.19359554185070565,-1.5551826253445824,-0.8377197602979386,1.4037157872443562,0.07346300771232867,-0.8630784448253385,-0.5055027753703951,-1.3004632969287118,-0.07667304494401317,-0.27993348696029174,1.5960382824413308,-1.2351977210242715,1.9149531800988675,-1.0007473329759817,-1.626593360489282,-1.434309836535185,1.0797281551934061,0.33649015364530477,1.3996679663156493,0.003737952596924332,-1.176532259249504,0.19420930274125608,0.5886996778572712,-0.49154977405308564,-1.327935373820687,-0.8100110384296685,-0.5662645247002556,0.3128366677185339,0.5432184249668072,2.4774094525913344,1.4862182502662482
0.3488906940792993,-2.3964077586333206,2.677637182357128,-0.2914110205520656,0.7254006704319819,-0.2167584871715592,1.1934630228479506,-0.3592901513358383,0.6955423449721164,0.29917053595651044,-1.426045382153906,-1.132344529874156,1.3739276843604409,0.4634160709918701,-0.9610774364603263,0.20635469838429676,-2.157799593341619,-0.43358277698832004,-0.5130536316441738,1.3038345930568331,-1.0510707462001112,2.268742755246755,-1.0053948658702894,-2.459834543811641,-1.627501338002861,0.6173663907890388,0.3455712397991448,0.8051294478791216,0.0076987166623296854,-1.222027737925671,0.23875568576229977,0.011644158393015192,0.22572623275579784,-1.0437865941992643,-0.9400851140972803,-1.1280707705779676,-0.2768374876436457,1.638948260235344,2.107062968720182,2.517620838183439
-0.6807139714920671,-2.2446015356653097,2.069883937472099,0.2640167633139716,1.4933808355245444,-0.46141835835333284,0.3659029859297461,-0.6219471800559919,0.536608553378941,0.5373108566779184,-1.2179856160280198,-1.2647405346333207,1.3448279214440064,0.9636973891453727,-1.2737881721089979,0.23933165824026248,-1.4931373834377264,-1.1484706445308321,-0.9508339000107981,2.133123972790109,-1.9737535744542394,2.097960816526822,-0.8544517725486687,-2.700585851814613,-1.534210291807479,0.8904402985020736,0.8566465515675878,0.22381406763717976,-0.459569925484017,-0.7722331118408738,-0.4030931647107185,-0.46895278282803576,1.4217543940393649,-1.2982336558788437,-0.7794219203076549,-0.8723102410798007,-0.12614410146867322,2.4752261236504896,2.902548638505741,2.5892993489762386
-0.42819316158940846,-2.742595289654699,0.35188109914204735,0.9231444604531187,1.738108701782584,-0.4127858951791151,-0.7696980189994131,0.008137181557524222,-0.5053296170782968,0.3216706416136419,0.028353126396602146,-1.9271979833659172,0.7639219477054177,0.8670690353777639,-1.3182216682701635,-1.203382305658745,-0.1256942795826879,-1.9540931925162646,-0.8834651052026619,2.4475992844469863,-1.2505051773536713,0.9935383374903103,-0.23036211554481406,-1.424281344080476,-0.932183401244105,0.22504171833398856,1.3526325184059131,0.24031675525836538,-0.7516159850275572,0.15842728410422152,-1.345242131998651,0.07756326850554324,2.3054760826581093,-1.217020156297167,0.3047169536605787,-0.4044657951064501,0.18573459068052994,1.7654772800897431,1.206088879655714,2.451062263256281
0.3216041411571776,-3.101354653187881,0.24658576554294082,1.1694446767060038,2.4364149253275436,-0.06239239229684031,-1.697838654288816,0.49694500882006204,-0.5749681384486154,0.38945932319719034,-0.12053729655174356,-2.3068804909452183,0.22583053245497742,0.6791402517123735,-1.7883372328408034,-2.21320379620776,0.9907262770009565,-1.8738837106678659,-0.24591851462980116,2.3939400921410403,0.09950879971431889,-0.17888813790711283,-0.02983844565381849,-0.619875499798505,0.4871026565887968,-0.5809494254101937,1.1188844080472882,0.4407434774931923,-0.5599335945577181,0.6086999751812925,-1.3348599704921953,0.04791789998856297,2.295010969087819,-1.468028703524694,0.0857017447166657,-0.2642545077289885,0.490001421563443,1.8001787514638423,0.020738622677537122,1.5017989966365888
1.2373052626369458,-3.2929882955033754,0.6925185461566437,0.908446232163092,2.4074263542602523,0.6082631807979932,-1.747184661850938,0.6734772513636177,0.02081522559558202,0.2273256487358144,-0.5141873059156795,-1.552932076818341,0.6934729014317628,-0.624099744133926,-1.5015272913394095,-2.3969199200584574,1.1763060972679742,-1.7331788386000646,0.8110726122596625,1.7102798622148756,0.8521174729035619,-1.4612643993291314,-0.5759729998657797,-0.5898977758653823,1.6402124843037305,-1.0654107517885274,-0.07640470618690987,-0.07438152218609417,-0.541214318533945,0.520312349606653,-1.1106701647096817,0.047994778890013384,1.848750798240952,-0.8661149508202359,-1.2639967162294492,0.01991325723540978,0.31623021399398243,1.0365479226331762,-0.3245553601829487,0.7884528859420374
1.3774744905179335,-3.6874170294216744,1.5448942470907938,1.3529544380169456,1.7309777980837318,0.6361031185026995,-0.9802136867593026,1.249966567969838,0.31171456114432416,-0.3010065468120322,-0.7832407231891052,-1.0006320553310852,1.6911906285342329,-0.7035599609461959,-1.4631531410041037,-2.26307434396338,1.1567127148558978,-1.7762483331259664,1.5956472830525674,1.3439640019238404,0.5963503244492535,-1.1744203403300708,-0.4663507711285658,-0.8015212691809015,2.340688841296693,-1.5445475138314477,-0.4093673883653702,-0.41635740858587145,-0.49040347990778427,-0.47994535383931086,-0.6634982550891686,0.3688161662717252,0.5490382911010596,-1.4447192866700649,-1.8408058094039728,-0.06369637694910546,0.8480725977129402,1.0089296781030603,0.490115677175175,0.7326292955138511
0.751524513282345,-3.486274801636495,2.371415124417693,1.6383273154179796,1.9688365863071888,0.38330823041130524,-0.15009682534279023,1.3561488874386294,1.4328389089738978,-0.7392166001878341,0.07424004788364924,-0.6010276207469178,2.3134414889278263,-0.7869516596186836,-0.4790211258623258,-1.6829797404808233,1.2088300266497751,-1.9667611493748778,2.081874558839247,0.47681510104173536,0.5838635179451618,-0.7632724808842992,-0.29385102389476025,-0.8711284396838253,1.8735125815837081,-1.9365066511681936,-0.5293368492685824,-0.30945358286053953,-0.1268329620613197,-1.3574293730978266,-0.6739439761297235,-0.06888693097064852,0.5460231402652295,-1.5396401579560295,-1.6257802751288395,0.138070734653537,0.2458693181599909,0.42578937573011444,1.5782269461649212,1.0321696886465181
0.15199519787610993,-3.571138650075772,1.9660616824968127,1.143030200882335,2.2429699666121747,-0.09959867531805078,0.763067826399094,1.354003776919925,1.7323016962839282,-0.3263644568524211,-0.5158803418584974,-0.10271593104863941,1.7374783211902693,-0.9340125647447646,-0.1693265088030682,-1.6018869560265538,1.0238241555895868,-1.9790114674163755,2.1601941371516786,0.27374833966588497,0.3211228503266852,-0.46658750999597587,0.002704847027454549,-0.7306289563565087,1.097457256971352,-1.1947023179908407,-0.6640863743111137,-0.505521582112527,0.12383196837413596,-1.7194045676369254,-0.34124613756965055,-0.06523345025508387,0.09935572968239151,-2.144647561617825,-1.158415226330749,0.11131791789630684,0.22201114769971375,0.7916038634172248,2.3979130264118784,1.4873551435832497
-0.805569478026747,-2.232239877950874,1.1486099801698622,1.4344378109981084,1.958094151311547,0.3288576980310017,0.874657121012038,1.6711889247726985,1.5698107814309097,0.17755295431624496,0.4044229588963903,-0.15232871227658795,1.4019185050105507,-0.4691739676317202,-0.2020941983376925,-1.7250258592321241,1.0888262042376835,-1.7540334094216148,2.3286923279764915,-0.043651657302733265,-0.7809017932884451,-0.5730418929950299,1.5760832986302022,-1.2309015603670281,0.22752893822923825,-1.1848295996919087,-0.3135502056519692,-0.21443303134063302,0.10163798659094242,-2.0854883597477745,-0.5925260876630722,-0.9391025241066553,0.16518480941084046,-2.299419941484562,-0.018378146699707054,0.179490849407892,-0.1129167931558146,0.5355598342864022,1.565273855174976,1.45387513599358
-0.55353643592847,-2.9884944161229456,0.43624871208567145,0.4498877384641867,2.4901038164002265,0.053964462093769566,1.575385228463007,1.260414514726682,1.3815939530589216,0.04626384795562932,-0.11717755715111611,-0.7530454441410557,1.0132808436334066,-0.4732538253393664,-0.977517659633435,-1.8191057617890656,0.6396049854075403,-1.124907388200612,1.623888914283547,0.10903750787940374,-0.1055176689169203,-0.06511230507695018,1.454030060947677,-1.5051425241732017,-0.8149341735318771,-1.1542389477119548,0.10848114568927908,1.2505418507362076,0.5667650540624516,-1.7697150852238481,-1.3121105195949068,-1.345676186943341,-0.6508059261608232,-2.137719068659716,-0.11588094940328308,0.22957162903557954,-0.10056337539827032,-0.669268656805206,1.8145758217366978,1.5832872313154267
-0.38953182710261497,-2.837654263973723,0.6152716445852451,0.4325613477121882,1.9999544916273964,0.1686703752199472,1.4109150718647236,1.4556972418525989,1.1006373234878937,0.4139439820016608,-0.32898516432393055,-0.6884590280146161,1.1026621245729702,-0.20254631104173607,-0.596617539205008,-2.0434776783584825,0.17313904184240259,-1.224350767659676,1.2666034274663893,0.3110692597795848,0.009049007903438627,0.6990196872845874,1.5674743809696654,-1.138004381448051,-1.0724521815287973,-1.09016243211019,-0.5014967211216148,1.2207490176112719,-0.39408404713501,-2.19214480253028,-1.0665927869964686,-0.9551165930628887,-0.495348554710633,-2.4704106886043826,-0.30711689548520793,-0.1678357840899602,0.15187957492525106,-0.42579626191393294,1.7079441200036685,1.2621966512586105
-0.29134859492814547,-2.178813462284795,1.031465633540753,0.5241258971352807,1.7169878937397716,0.17488170457926347,1.4899229506151053,1.2279330898498027,1.6160062034274234,0.4435040404115249,-0.4090510987946615,-0.5623346097716588,1.0048155883614267,-0.21394218873766935,-0.10752874077624819,-2.1955434060098673,0.22053835133239247,-0.631567301472282,0.9851900395251928,0.25206904411619935,0.26621613271863687,0.8656296337636691,1.4950940007213944,-1.2785372184344728,-1.4585950466405027,-1.388478316746463,-0.12661067206238213,1.3116482471621467,-0.6854281561110647,-1.8113657935555216,-0.9825734039423092,-0.9527358010028595,-0.14700722033529104,-1.579152962596841,-0.5828356939436623,-0.9507641344544993,0.05940239968632022,-0.7725848253615554,1.8970960754893553,1.4998262611298576
-0.2017727842580822,-1.5560547646035148,0.2825255726817044,-0.06805052473714024,1.6672943728684448,0.4330296958950892,1.132071622335818,1.1519389417990258,2.0321162835632505,0.9736472283951215,-0.01283807815210223,-0.5163202134510816,0.9626641713310239,-0.44293879836263256,0.59670311903366,-2.9485396234925068,0.28372698562239257,-0.5793456624042859,1.270243020532507,0.4624203987251558,0.5981193004113429,-0.515602729199965,1.4780845078693776,-0.897039766714463,-1.4738285649808966,-1.3799818891639055,-0.21330779909308803,1.5194878705529402,-0.8930665311261431,-1.0526866581434895,-0.890048218787449,-1.3799140658900202,0.10309601973015758,-0.7886391991898296,-0.41509986366510154,-0.8823493257079867,-0.7108263042749372,-0.8603964332612066,1.6305412603195566,1.463772309343129
0.1772393103852259,-1.9873964144245866,0.062472467009405896,-0.4333370735450891,1.0769064442489946,0.615822328726126,1.0063359188215848,1.4943102775902206,1.6287260980974128,1.751493490913409,-0.5320690816808585,-0.6526719098649766,0.5680390527489999,-0.3797051951913465,0.20188256888119566,-2.932472650237626,-0.20684483687286298,-0.1950875083114455,0.7714894417085848,1.2565666793806411,-0.12833975062872202,0.08699624514064447,0.8237460721243093,-0.8795386400030638,-1.6602186846933868,-1.0407924588759363,-0.670967825435424,1.5369351171427628,-1.064300018030445,-1.6441941306397103,-0.2318707062710181,-1.2234410646692444,-0.6849292154157764,-1.3381600885944862,-1.0344909989608793,-0.8627281892897737,-0.059065718212479856,-1.0916387777111498,1.251575217760212,1.0158701276345135
0.7317135442539285,-2.8251882178078414,1.0302886950168952,-0.8983018380479351,0.41158386454229,0.46625181134938665,1.7558661727595672,1.4882925081165341,1.0018442294788379,1.5609087332964022,-1.407854800821297,-1.660442845837443,0.8134424067886733,0.44287321873382174,-0.7643543772166027,-2.5753700190572295,-0.4695925077372264,-0.1425051536764148,-0.0990738460382582,1.7359553729023403,-0.39597809910213666,0.9189187768415663,0.7474754050331224,-1.1294117847282283,-1.1843855318617194,-0.42734947701452053,-0.49303480652315346,1.5358576486427031,-1.6283498432884853,-1.7237338815977772,-0.47835375288742527,-0.3450249078023961,-0.9606963664435222,-1.9398242769835694,-1.8400221711625542,-1.258520889277986,0.7949016298942864,-0.4397454607772143,1.94787843493058,1.335651363290618
0.9236062193672385,-2.962650441858864,2.197345492900493,0.32835593957074716,0.09482486292717512,0.9253469021186431,1.3515482587686587,0.986589373473014,0.6387093920221665,1.5952234141087285,-1.6117353548095257,-2.0031445439419113,0.70213943437341,0.29251553497917876,-0.8473573093375253,-2.902468471426084,-0.49576610968494833,-1.08574625993762,-0.07985831712299546,1.4847033102819656,-0.2023185436894343,1.0163237551935833,0.4141080645626525,-0.8750584726672928,-0.5650840948984147,-1.0610309786099053,-0.445398883059958,0.09642965542926785,-2.05035526128774,-1.4257580102689436,-0.7684026411135514,0.06599149350213696,-0.0823751941616736,-2.1099214818575844,-2.4420925914257747,-1.6720600978203992,0.8153624818337857,-0.5185500000919717,2.613089532787582,2.145837164080445
0.7896703425639473,-2.29989955319827,2.868189343299279,1.1497337846317048,0.520357887748233,0.9754869465305803,1.0974687510835037,1.066725740141156,1.4617286491782187,1.0954761461306182,-1.067437902656944,-1.7654103355836717,1.0088433193790585,-0.3089261809189781,-0.14953386605367225,-2.665600928126598,-0.32864316646853287,-1.4344603533717273,0.8784507087832688,1.372437170913069,0.2338082493124646,0.24738569926680964,0.4105071532055669,-0.9506298552738215,0.29788869662796214,-1.790702637000991,0.10265325369458492,-0.26802677922036433,-2.1991007099330204,-1.2411879887907071,-0.4481182094160367,-0.17957890440382376,0.8180082421885648,-1.0483227393080077,-2.1631266335742882,-1.9056692356765235,0.4235862112511255,-0.6010558265476224,2.908157722759642,2.407966525465419
0.2111544652771932,-1.7570424902042587,1.494342826653742,1.5243427845024005,0.7635237565572985,0.21896771289040534,0.7875214236162977,1.736009162218148,1.6782841491320961,1.1980161813016152,0.41981929601549706,-1.2525607728245984,0.28694059630601115,-0.7604715964090744,0.5751287948260259,-2.8902183048079566,0.8858520583316565,-1.655122159813073,1.33661590387982,0.6480258824086431,0.5361212814092766,-1.5306969458791655,1.4288820304948235,-0.5091340208263508,0.7311922321645787,-1.8558626653287325,0.31072171225815054,0.18329022004222595,-2.6277821734440954,-0.8331464231410997,-0.29354055360959397,-0.6646965970446153,1.6908799834374777,-0.6551771094135863,-0.8943924848401952,-1.2717484878116947,-0.8570907399845362,-1.2734407511562398,2.0363033730605533,1.3265100876314126
-0.06240475765197469,-1.404079275878948,0.7110071107039801,0.8527853152470433,1.3504640178429443,0.009199057912202102,0.6955338987932282,1.6728062268598136,2.3690807420311666,0.9965645994961331,0.861917402738934,-0.42398988208738053,0.3281628348569547,-1.221815264955928,1.0371921712474497,-2.666588228116132,1.7676329309929417,-1.2195069921791193,1.5109080439241624,0.40047792633945095,0.40141520190314195,-2.1662386505385105,0.842679789573062,0.03528717939601422,0.5813601643896928,-1.3227172441448323,0.5960836287767013,1.4057306559844167,-2.2640241210966883,-0.921843255153431,-0.3414125106784861,-1.268415470988253,1.6441914108410431,-0.32000201116492266,-0.17910484345905553,-1.2740528305237193,-1.0666926829776473,-1.9366671421090738,1.6403693672911126,0.1537007566023596
0.011535337893565548,-1.6913604580741395,0.08146118711335018,0.4003352444325303,1.5064066383465682,-0.4950676400176709,0.8126165186966983,1.1790454012656018,2.551107252611877,0.7539474953662793,0.5336763469660697,0.36816815366014843,0.14913914105783438,-1.4030071788186382,1.6906477111691078,-2.393267679533004,1.7983113628397087,-0.7416803477759307,1.1222158621025757,0.5213133420488116,0.9712136587106022,-1.8996361701154088,0.5750004476197439,0.1360246556372825,0.20057870423139107,-0.7991694490072396,-0.11742368248750501,2.8660512952016357,-2.125346026201111,-0.8823315560748173,-0.5025094057818831,-1.177770950113242,1.225493772632485,0.04335090987281859,-0.3083297674548492,-1.2516493182979924,-1.2738018487161582,-2.2867565448350518,1.4030196468111609,-0.4287602176754224
0.13002946219238812,-1.2736652994557263,0.4110768875151191,-0.1722708363522681,1.1672002180121535,-0.3633476677678211,0.7284793189869456,1.1451005340731577,2.400935439700203,0.8471059058285063,0.36391609427994476,0.8926482862065583,-0.04970693412305362,-0.7821724298094344,1.671694713799236,-2.038530078321945,1.3707728420405008,-0.34656729025900035,0.6302954096919631,0.6989101429225071,0.015314725310935307,-0.8547481534795766,-0.17278989115802515,-0.44546850807100413,-0.45284039829150646,-0.047645310672261354,-0.6168986991697162,3.352920037053691,-1.1637349578513063,-0.9034743935725936,-0.46657116078389754,-0.96664197932148,1.0858505906926712,0.04385892767036492,-0.4559483696900383,-1.5750999399558454,-0.6021193763120662,-2.0078169536878514,1.9863826253016326,-0.20685099307045157
0.14063864860181507,-1.2283652771657576,1.0072704548433147,-0.38081333174537507,1.5753711610638435,-1.0124917845182928,0.47725293440511407,0.4244951111100523,2.2618813192332157,0.9493477056218327,0.35589604695039095,0.9272925412794206,-0.6619642797639602,-0.14050126575658947,1.9234420132858743,-1.1543123049042017,0.48137138000330537,0.17674343538053544,-0.2841143196204967,1.3758751673158405,-0.08491644396546322,0.6266604777445808,-0.45621224270080923,-0.8480461478811083,-0.9181040509708158,0.20993457353211176,-0.6045076921878976,4.1615023494508545,-0.6278745148867029,-0.3894870139901005,-0.4168779984714772,-0.3637160609751295,1.4210201068649986,0.41956270916559546,-0.5990925553027778,-2.252628453707369,-0.6796411714583989,-2.15254048579313,2.433331951561043,0.42402628251015606
-0.09354128656932573,-0.48043129277146757,0.8619417855578025,-0.9709236514754858,1.7315939516090584,-1.6227027569650634,-0.385710301030895,-0.32088133085888526,2.0341578198792365,0.8185118722480565,0.6693258205629447,0.8072615008520816,-1.3463562295611409,0.6259832280256488,2.1576251354625153,-0.7615470954094097,0.17864483166807754,0.2744889241202497,-0.6644374634423164,2.0440035650665944,-0.6505907109343836,1.4668025492234595,-1.1461207306105612,-1.3140054959228569,-1.0094135775327302,0.3154427009677075,0.07253542328774026,3.703028188317042,0.11192701116472528,0.4880234340959854,-0.19754733958907972,-0.16573399463696364,1.9240757988718777,0.9690504794175294,-0.5479112039002856,-1.9489702464039818,-0.3122286375697735,-1.3183750455020602,3.3430609814465275,1.4584242529148783
-0.25904595118928947,-0.5651438714101945,-0.1635949950320979,-1.0427000779164075,0.8447684151215862,-1.6716087791064123,-1.64246223469411,-0.28115779144785813,0.9213592732909277,1.1843840383193394,1.221039601512328,0.8169427377822582,-1.8820520285832587,0.9038617713069159,1.957825517840805,-0.740919030888936,0.33226638667377495,0.7873748981420639,-0.8819613049527211,2.759589379652041,-0.746081351693793,0.7956676383728538,-1.421290380582854,-0.7442235414111964,-0.2834577411013115,0.11439212649225339,-0.5014385474708678,3.8319002193746297,0.0627768690891653,0.981279876759625,-0.6985486845705123,0.4786657322924176,1.8484566109160043,0.7934255869329543,-0.09324855729768167,-0.9297786255709255,0.24994001766005036,-0.9571966241343984,2.1416654740341636,1.0178638399824067
0.42654321081581675,-1.148001098232999,-0.5077690817414833,-1.1685274967131591,0.5669912411792788,-1.2032070145671017,-2.021727384955721,0.015790022434729017,-0.0780342013976076,1.213319619881283,0.3671397833672348,0.7418442980969544,-2.0915442170544845,0.45937038354804516,0.9656892774467859,-0.09019840502731158,0.8035366809301658,0.34988529339160235,-1.0438861952291345,2.0958676642395004,-0.02301260705293645,1.1546878507633638,-1.2947219000720667,-0.23008144248693574,-0.24059813304470462,0.8753442343214326,-0.37810215652045254,3.6082400597275828,0.20903880927498908,0.9044045257142351,-0.8852046912413554,0.2931622773115105,1.5448619419542258,0.13382728991407444,0.3830028188981246,-1.00424688511539,0.4556597366890026,-0.44619716753285354,2.0346517204908103,0.7992445026701365
0.9168064187311804,-0.5803743165128531,-0.1651564756098977,-1.1704336293441864,-0.1960433959284032,-0.13284074966401346,-2.1180796590111304,0.05868560202789719,-0.928057306702082,1.6101916332900803,-0.2904658254684486,0.2670945790294029,-1.8988285972169443,-0.21382412860742586,0.5324928543711213,-0.42661802291120826,0.8394719438362477,-0.05566754713127736,-0.965386840046956,1.7406973668435888,0.5668515539406607,0.6848939270977166,-1.3879516870112374,0.018227947579880388,0.23551406022216512,1.465795742230931,-0.2315245793915211,3.1304617324584925,0.6395147917555886,0.5608847838298933,-1.0545820953987524,0.01196991990759004,1.2099578853244546,-0.42455952730259333,1.0745142055296564,-1.264436654176235,0.11483266062286457,-0.30616497888784716,2.0062510777224674,0.7118167509996441
1.4154665810106153,-0.8184825266611285,-0.0045356264861541595,-1.0178072097072903,-0.027169295766331536,0.6347055536787931,-1.995762615749086,0.5113314415924961,-1.3260596638975217,1.6988748202125716,0.15603193260945425,0.13605085927374852,-1.801638032505045,-0.7951892006791803,0.7454429776990821,-0.601785361517949,0.8632183155912616,0.5106161240544556,-1.331188797290134,1.524356142943975,0.6701300572455251,0.63122071368065,-1.4724235067205027,0.2162491658156151,-0.389649638944104,1.4076607695882908,-0.13153965794745814,3.539116482809125,0.611583202856277,0.7869030975514797,-0.24988273306083625,0.4732270345133846,0.5156866543954822,0.3127152590012708,1.3518164801456087,-1.5662244427723078,-0.16822363143148183,-1.3602569466958003,0.5212811149064247,0.6059828221647506
2.0583907740932057,-1.258714280822396,0.6086195798497743,-1.4226416269465414,0.07673213606156476,0.9180555169052265,-1.2589132712909405,0.041880810569528804,-0.9697989053487379,0.9796941450206722,-0.8952966019685602,0.1579933471515705,-1.5587838992689482,-0.6997331389479009,0.35120168463014906,-0.7404327785033112,-0.10988683656286045,0.7442574135910012,-2.236316711782441,2.1320498078149126,1.0559361995796157,1.4997716912049408,-2.289744706011448,-1.004548732292672,-1.3182787004741476,1.5643219898711433,0.164575286835977,2.967346073834425,1.058868686043314,0.8414567263105119,0.06142238338732953,0.7923643024948452,-0.24215952228291937,0.19714552467344704,1.1653263776343874,-2.6729525095527302,0.29055745877525296,-1.44684011082404,0.98436865769573,0.8646262320736877
1.9972407090737856,-0.8769959081928391,1.7894324783809727,-1.400713787655433,-0.8762930365874679,1.0997448122259272,-0.6962788332397771,0.20404594316275795,-1.0266895482585872,0.9383522619594237,-1.8288006124615617,-0.9862539331720186,-1.3592999735832545,-0.2303714809162412,0.7306878700431312,-0.4380481304186591,-0.8822253942375667,0.029700148354323885,-2.3939327359481446,2.1621304992905195,0.5336798138038719,1.6917098338125613,-2.467584771904933,-0.9226063774580577,-1.3694658981398755,2.0159148443162014,0.12929930065961906,2.3901638996143904,0.8585276087407702,0.7802890252698862,0.3186642977222435,0.7627945934371303,0.29835568032898585,-0.07030613519966569,0.26124364836124325,-2.706325061598446,-0.13321883732339349,-0.5526132430068962,1.5617391161821481,1.9290765662404936
1.8703568705085776,-0.42956214301517304,2.0726077550067847,0.04876300387374649,-1.1517330589298305,0.1986729498600971,-0.9595252977548424,0.1123553939963725,-1.3666436567983777,1.0291054480984987,-0.7276063711430159,-1.1897155645293502,-0.6780671445994522,-0.09442487298350066,0.9145197260632925,-0.5353296749616087,0.028557344551812747,-0.6645038148072129,-1.9047330760931787,1.9725551596524384,0.04327597452358972,1.23873520968927,-1.5061600076575656,-0.49701014077803685,-0.4643811975588915,1.6696620993717912,0.4147358400841369,1.8915750836092198,-0.12410037202024476,0.6559852163429377,0.4292294813726438,1.7622000063164973,0.9828308349533725,0.22040271812519016,0.21995172880423186,-2.8519673760653506,-0.28815815199750205,-0.8202879561435789,1.5415346560700263,1.581139161965941
1.2893518503139982,0.4725825498921217,1.5981784003072876,0.763582046975674,-1.2615741616428202,-0.024602140224751823,-0.9767607469677333,0.19391640821671435,-1.1621734888091597,1.0185067265684853,-0.21125226961761762,-0.6399055191408678,-0.9222347649720193,-0.7054769157247938,1.5870875135426312,-1.0559401708185405,1.037749046394623,-0.5750367237267487,-1.4141243929928946,1.4082412929433166,-0.05546438083966099,0.013567679921378098,-1.1393450098904394,-0.5925267731570851,-0.34842360572349634,1.2419219829237886,0.5300533012319527,1.9725527932394824,-0.41925493680810033,1.0439596142565333,0.22157059360379977,1.4592341561154982,1.9195171483861202,0.7012840311120231,-0.07364340153223045,-2.6952309920649693,-1.0247132107513193,-0.9434263562407755,0.9194832435525101,1.034115158263421
0.7871482556109746,0.4165919484424161,1.289662287805427,0.7634496976322734,-1.3518153528092067,-0.4497225586399796,-0.8613771476556966,-0.08864526289414748,-0.8514495357817988,0.5887938545628476,-0.09759498342220355,0.0572423831146176,-0.9165507754579563,-0.8655188717273911,1.9905747586731823,-0.8176766278969573,1.4012310500970304,-0.6630420048829699,-0.9557554272768694,0.8400245206800119,-0.08542664265620845,-0.4058674434354322,-0.453338742364166,-0.28630235289381006,-0.11156672888206437,1.0546917724406137,0.3779501641998332,2.4521662607062282,-0.5611232778775717,1.1139721708938097,0.09272042525449808,0.7592298804887057,1.9722094228635314,1.4122815716719226,-0.05725177655383257,-2.4728892331475767,-1.1573820569223823,-1.614948820487271,1.16192404736831,0.492801604829054
0.32291837346891694,0.8909028675844454,0.6433473612581414,0.43915518376884627,-1.22510487136122,-0.3432442899852381,-1.0763812778730797,-0.2540532363667981,0.05718317786944627,0.15346081334206071,0.2944775170977701,0.9501783801114857,-0.8780793089119804,-0.8714952879823673,2.420119307063224,-0.3695081038599799,1.583862185495806,0.06721002149521789,-0.25110700827223414,0.3403292405075875,-0.1534621628300086,-0.8920540160505643,-0.5892656611328766,-0.15919377265231638,-0.5198233215914511,0.39256775311638104,0.5050355608545702,2.8994627103103436,-0.31774018046712693,1.632269667492325,0.11343754550839699,0.0003008543273973763,1.9248837495808502,2.295242241749488,0.822994441965866,-1.8917763708979605,-1.4378551573254217,-1.9898362749177323,1.2807586552768158,-0.042025605747689876
-0.10763124665052909,0.4912620664640628,-0.007241462573085666,-0.587228302961089,-1.0993019448227979,-0.7089430721839945,-1.2223146212631024,-0.5039159593449472,0.38198047139202185,0.04831325525557145,0.04225308571584896,1.3783204487152951,-0.872901732405811,-0.7425979405680183,2.3210918801099303,0.2531893255386602,1.04868418358225,0.4524420243144821,-0.2229727078631445,-0.07232538412656817,-0.29876328236675026,-0.642200050566011,-0.9385738736299516,-0.058201188810153764,-0.9248287956103785,0.5933857731682434,0.23569006632647602,3.5079517235711037,0.039573653719036206,1.7341213529505095,0.313747988891258,-0.7249002344215426,1.1895201049888016,2.840538986806143,1.011247880876657,-1.2710060387636868,-1.457892732329158,-1.9019715087099374,1.1746550308185657,-0.4518862200280125
0.03611301521072875,1.1287595239187866,-0.17854049182687592,-0.6004058634102101,-1.9851373377572592,-0.7921345581329036,-1.341987781853673,-0.6233731179844547,-0.10177785808176915,0.29313203049462777,-0.3002568446920017,1.2724320135445508,-0.8858025773997287,-0.25954383027333605,1.3541007043058544,0.9537948805513335,0.14048202227123546,0.6065606476206757,0.19886059788363955,0.5475027738793676,-1.0210972290025808,-0.30937891421310915,-1.0405114080424331,0.18496085574324095,-0.46208921747876763,1.3829899410636044,0.11682390857578115,2.8248015016320447,-0.12894553727577063,0.8333190890848035,0.48571269557095637,-0.8653499857341734,0.7343637255575174,1.2838744813451333,0.8236382396485011,-0.07828437745663534,-1.0590765561710382,-0.7554955853441923,1.3387629990010208,-1.3798144700024828
-0.3919070552694808,1.0872245164555983,0.030132270559060044,-0.2172649992771022,-2.024921215895527,-0.5086688174919483,-0.8348796596034256,-1.0203628708170531,-0.7720261489695102,0.7946001384736259,-0.0040006600337436915,0.6830989249921293,-0.9714491895174626,0.38327218080461534,0.08574141277671742,1.8882310424149458,-0.4645204838428274,0.41158392978520847,-0.5612321207488368,1.164138729059108,-2.16278830637183,0.37312339786901944,-0.3860956393577331,0.27543637472261295,-0.7970735162618923,2.013756434088748,0.4214836410441375,2.3528539570315252,-0.41382866760020753,0.28836504764638726,0.7913502879488306,-0.10265536055724572,0.6364506043488826,1.098905813580973,0.6911247821873837,0.23655221039755053,-0.5157339047279811,-0.4143031745403226,1.8991989093754005,-1.1070062361093007
-0.3863268772380833,1.0341937377206605,0.30786762187340955,-0.15885341804234396,-1.7546261519824988,-0.46222458681824236,-0.7168899446955075,-0.9278101184908712,-1.1073196034260042,0.9622392371564832,-0.4778863395602403,-0.34391871774360133,-1.2132438922477027,0.17951440059567025,-0.39141177720403936,1.706838339224247,-0.4582589382326072,0.050462794653406445,-0.2400476524949549,0.8311768188902008,-2.2005680085896957,-0.327564793975818,-0.09131121896453684,0.13619396159077268,-0.18140107015107848,1.0321439758982696,0.9502995858194692,2.2776422499429336,-0.31491463876814957,1.1051588458534718,0.12400286348991577,-0.12184797122548036,0.6059031847685488,1.380422160730384,0.9241407051763604,-0.07792252940695304,-0.7062278303798667,0.015925050612918046,1.8495049035703883,-0.9777297211652255
0.44229793679479684,-0.08631512737072958,0.5303292845813234,-1.1217299655004265,-1.1416052316041294,-0.17042437786951678,-0.2757431588367997,-1.0590005290943265,-0.8428030760838532,0.6966122980146869,-1.5708840255816277,-0.536894042872901,-0.5658262253813477,-0.6323460655359037,-0.8896170792764353,1.06138866369635,-0.48030937163498305,0.2783533400256982,-0.16011138414261344,0.8768767289137899,-1.7729163042505145,0.02515123338141384,-0.3303236098333733,-0.05345391092748916,-0.3394493685522808,0.7604541962417026,1.2643687496719325,2.0204044689053644,0.03949505409561255,1.4518875904683934,0.20121262659169642,-0.24141572868591407,0.06976784487386879,2.2792539965102043,0.5213002565565149,-0.4391759165582772,-0.9997131369034341,-0.4499511981156041,2.027977002691802,-1.3002694322027972
0.9538197989502412,-1.865714470666,1.8610397348229781,-1.9501809111558375,-1.0960972080309226,0.6256169998797982,0.6236561929125244,-1.4814630340235089,-0.07687848220151752,0.14962997606871722,-2.8555923646385795,-0.66948316798078,0.027465734561745447,-0.24135623802230505,-1.5410244819546035,1.2553361250722015,-1.8180400423778007,0.07714418823878383,-0.610023128178562,0.6419173540330263,-1.495093660777239,1.5340850278536087,-1.3655724740331097,-0.37261501526283053,-0.3890674305737226,0.9958617157901913,1.3513864826048703,1.6347974283379605,0.5982688149495795,1.0817876696717825,0.0018358654678732877,-0.2393372151162838,0.06228492775634495,2.376729596026486,-0.17363825562008367,-0.7077007027106779,-0.5975901348656841,0.11373022002680755,2.777226689948313,-0.6099845310420635
0.6716370710732369,-1.5431389413494099,2.4126083135464444,-1.0898623717846758,-0.5349760479066179,0.21218448612676633,0.37202670073537414,-1.9958029290497499,1.5154957921773438,-0.667312491683975,-2.0665881539787705,-0.29210616634490427,1.2613036957782522,0.5215457982706562,-0.6988140521262365,2.254374695345163,-3.548750576306027,-0.39842348593426247,-0.002874963612899406,1.0520783343066946,-2.3074897683980367,1.2044583300660179,-1.673786324239689,-0.9174928276249215,-0.4378702640487042,1.0142850591426884,1.3402148082083456,0.06506895929163448,0.09330170739412652,0.187354622407281,0.961682101582469,-1.2132905366728852,0.7907686459614578,2.0558830318186754,-0.1074627885200537,-0.3515347445904412,-1.1248031500334967,1.36371868414491,2.999981064333265,-0.16671770928207252
-0.4596318424179378,-0.40135579223142864,2.564270983138055,-0.8030342492579612,0.20038110949490712,-0.509058988640811,-0.5808377252994222,-1.2669837349593027,2.079649276575024,-0.6412191060411464,-1.578916918614828,-1.0146041390066296,1.1942952568055236,1.347203582844505,-0.5964862449785345,2.027519308440877,-3.8752881035637836,-0.9468038718768708,0.1538440855428777,2.042284470745965,-3.3294064613391083,0.14204669236532727,-1.5714695870575146,-1.4513924273287062,0.0985803357647263,0.42827290259695017,1.651296400624239,-1.491870513291587,-0.6247022921315473,-0.1593617540670108,0.8918050341915825,-1.5945487658461388,1.7153803607278655,1.3744082522725682,0.36986522605902966,0.8726284273373424,-0.591802129919643,2.048226018958634,2.5170392530988073,0.09000588990446035
-0.9051989972012896,-1.1273424184799454,1.5322301053091119,-0.6730472745708911,1.6667711713519127,-0.8780508973426742,-1.142107713251311,-0.5985386250457986,2.051460808699884,-0.9986559130179138,-1.0662424255128604,-1.3790375514431927,0.9236751492807509,1.168527205594577,-0.9813965066989022,1.8514181178314568,-3.2287463711660838,-0.7830081513721252,0.15496219241497616,2.2247715361103686,-2.7874686963317807,-0.18760856649651467,-1.088502947084233,-1.834306077356462,0.07784277933546217,-0.08805317413702592,1.3431776189976805,-2.291682640236458,-0.47854275749973785,0.1366933188867825,1.060458490705686,-1.6785535192544399,2.213629819082329,0.8917795789798109,0.7128730941124384,1.6238276088630446,-0.6334519154847433,2.4340166398169005,1.9317929416613209,-0.14875002499439072
-1.718381022701572,-1.6087716972656874,0.1749946342746777,-0.5228899356597769,3.1457136332871043,-1.1242768345244873,-1.0284576966641583,0.4249986553218117,0.8781562679281629,-1.1698215417595912,-0.7221044297020066,-2.2624080081116884,0.5348921116476473,1.8706644848004228,-2.0545644259336444,1.3453723478634307,-2.0607115966582104,-1.1371917397823619,0.41373330741760234,2.551034117110313,-2.631986203058805,0.47838865647978046,0.06258140516939942,-2.0584845740103748,0.6277037773174213,-0.9604326768080151,2.530116949606737,-2.175604577805825,-0.10626832389005059,0.5239285541060659,0.24624219726083532,-0.8627134115368043,1.5499440124274615,0.5854857705253671,1.1772441731146372,2.1600544566786626,0.1307427827643738,3.018108601363057,1.150706704860632,0.11205492264973882
-1.1143105485504456,-1.3691529135841136,-1.238757006958855,-0.39788060113710466,3.245850359030014,-0.2265364310070931,-2.1222237726148405,0.6272996491353999,0.43281393541669455,-0.021926562944435873,0.444528116282888,-2.923870413506638,0.43641306812474123,0.9851092671458268,-2.4810891899258025,-1.0102073357335695,-0.06749018159229192,-0.8799388281145272,0.8112503100912842,2.2843641428454022,-1.5704110777464182,-0.9005391207764533,1.1296315096394611,-0.5528335860482497,0.3745885785977544,-1.6961094053094885,1.6526687135051952,-2.0622746951939206,-0.22021313023880518,0.7031032764489467,-0.4966760781696915,-1.3641483910856187,1.5611649965584806,0.05930124125035918,0.9039382931032434,3.0544784142547763,-0.24682760522901204,1.9821691848547798,-0.23766188120444293,-1.0897933927061398
0.34613594041947693,-2.346470164397019,-1.1064693046677565,-1.2623960035162705,3.3185549268903767,0.8395631784172639,-1.4354738424844582,1.3689602909336056,-0.19591647008612645,0.6748395346103215,-0.16772999989647355,-3.2767033770148815,0.45703278457277613,0.13023887707589538,-3.478250510342602,-2.022805018464185,0.32456574508291935,-0.1430504605474584,1.1769715992830143,2.0210919127742804,0.02881279447630347,-1.0880652087952563,1.032106143968022,-0.24199931491289794,1.115421827800575,-1.8794279056259495,0.8684435598614295,-1.3284100659722204,0.711316711713748,0.6463231447339193,-1.0207728092206845,-0.6114229136364665,0.0030280909165320002,-0.36737630093800233,-0.7053953260077976,2.5103561637484986,0.34348208933507873,1.507131763845726,-1.2775810115583044,-1.3612784247626375
1.696983896434372,-2.4992240173863376,-0.14633783895275193,-0.2430976119758318,2.716271967880668,1.8400999288860165,-0.541849373837245,1.9217560455767129,-0.46081821400114853,0.6833488655262361,-0.7425911115992828,-3.381919418192199,0.5801026216586496,-0.3349919717097143,-3.2523527025945533,-2.3944090223702927,0.18722220820467503,-0.8133784290642545,1.38626103849292,1.9625475761967774,0.5238720227881206,-0.40920362993600606,1.2661755344861572,-0.3114480425908901,1.32419183993613,-1.6841961672360237,0.12276233262057958,-1.8387838886816765,0.8498717973132552,-0.276117251682268,-0.8225688612506183,0.1641686028229884,-0.7061554611035421,-1.845667420630413,-1.1001032220590137,0.9676195197896603,0.9118774571277822,1.94235541779998,-1.0052513738286843,-0.9644212774944266
1.808751449737423,-2.6361316178193985,1.1331002024299304,0.46273237474214135,2.9424871029196016,1.933092434856317,-0.1605588137873929,2.0236838878181467,0.11036285796087464,0.49246729599402095,-0.4671604572927653,-3.0991430384177816,1.0474059081951759,-1.051980475820214,-2.678900538938657,-2.4040947023016406,0.7351159679167084,-0.7605852585934549,1.4905285505649482,1.654776517734044,0.866567763179648,-0.6730105703042937,1.168318238866127,-0.16396449388700995,1.2923220919405007,-1.4187664725498308,0.29998457103452686,-1.4908990070811328,1.02144322335482,-0.44119105213584053,-0.592821117568678,0.5981012433906137,-0.8634263882349591,-2.2970222409240737,-0.788787948887439,-0.2535729584960097,0.8118787359817083,1.4688031003453255,-1.1012519084690013,-0.5736375363467637
1.5636813619067036,-2.5389461209208433,1.5073788498250855,0.7242381090402958,2.618786091191908,1.2807244613305735,0.2779387114514584,2.0640974382138357,1.1506783770265572,0.05709950943066777,-0.6099865138266007,-2.512708501267158,1.7548516764776594,-1.7569151107338046,-1.4714979287930876,-2.019713183997286,1.5534525325621626,-0.5618597349980654,1.9135808215936012,1.692733642018906,0.8339587818867208,-0.9353301447623446,0.35767685367666946,-0.6752134036418116,0.9651006475476784,-1.217952010891768,0.42393445427411425,-0.9259454000094811,0.6898364895074105,-0.6119226385562921,0.04909783650562155,0.42211270523975347,-0.2935340836580821,-2.187011740646038,-0.9234747581361815,-1.1380643072664718,0.2973188830952782,1.0286626543115474,-0.8877977459129559,-0.3120851675639935
0.8979911248380141,-2.289653572849783,1.9688714386506334,1.0921118453966867,2.337827959043788,0.12210283658545817,0.7902440490729832,2.28184551730729,0.810459910192245,0.006649190455609799,-0.7114348971812186,-2.291632999530891,1.5997861557273243,-1.34901202378359,-1.0807517791384094,-2.3823677333917406,1.9090943750631375,-0.8533205471009377,1.96855356109324,1.3122143930969268,0.5376245807620104,-0.6243075025300576,0.6907572678758582,-0.26992959786276866,0.8226888918690631,-0.638819335789697,0.87018390060939,-1.0472578384779618,0.44845990207546904,-0.934231932560287,0.36922021909881847,0.752714526688725,-0.45639038041840785,-2.331767612375957,-1.4870457926888943,-1.0362301443089705,0.22259166575233552,0.5140576792140461,-0.43428308415677597,0.0720688404917107
0.29299014482562047,-2.092227583304324,2.3397213248819453,1.1261174188151197,2.4819597233057404,0.28014550672547983,0.7831618456797947,1.8523109721246742,1.9571942753823233,-0.4462379644270985,-0.18524538526031362,-1.8259402901922643,1.7051896304868264,-1.17331214500931,-0.4978181091353713,-2.7859445766489763,2.1176807324187616,-0.454044667839008,1.3892345949781675,0.9982249788979938,0.8732312702077187,-0.5888977200117915,0.261456656096139,-0.9393906188583598,0.06680163468703593,-1.101378140361989,0.8034836454526496,-0.5703344919363681,-0.27684263528952535,-0.9434902681405777,-0.08023594799483705,0.5004454290568375,0.22153534897717342,-1.7672823371019661,-1.536322269049039,-1.1547204083998455,0.005766876832137946,0.22062753084655778,-0.36402864986151745,0.7952480636386756
-0.3347552666940549,-2.6558666743085846,1.5728722181399288,0.5672993105465493,3.0120335052028295,-0.17735656260219645,0.818456041872728,1.692600369556383,1.8340940605882412,-0.608294936909293,0.1980559783478536,-1.2177044357949418,1.8472938048290168,-1.535084304064615,-0.14016496459555627,-2.307771587812924,2.0733924814295905,-0.23219868424524015,1.1411992312632926,0.7814517518154191,1.6249382762191233,-0.13954744710677483,-0.08482178721474504,-1.7647260327015741,-0.3715329055769966,-1.3553802667692785,0.7599389319320566,-0.00411576367127231,-0.47830708180186143,-0.16562719592349684,-0.02297755321371675,0.636918230648247,0.18657414084189639,-1.338794196670486,-1.1224156151074365,-1.0567236248937655,-0.5564555531537487,-0.23061775847208194,0.04495006289847092,1.3919180417199821
-0.34415372070317796,-2.7101252515307945,0.87257565556143,-0.16555262497101259,2.6808449274920485,-0.41897247301389007,0.6191567348831165,1.563334636191934,2.1926536920741744,-0.23975274044414716,0.9374349707733834,-0.9509724721949133,1.537662877039031,-1.3687421669922486,0.1636567530731199,-2.9910923503891835,2.2892162095700797,-0.3573183779097189,0.7978233363560046,0.43499179909178565,2.2904683614524175,-0.5059484804107219,-0.04638265266327424,-1.052813863961733,-0.4273649629190812,-1.7735277804477696,0.7963252687908091,0.8051245923073471,-0.5715313761319212,-0.758984709801441,-0.626192840892515,-0.03497090755849658,0.05173629405942182,-1.0958373183337606,-0.8169151180138838,-0.7861382975345397,-1.1042079480403009,-0.8331921449271171,0.413858427433224,1.997429535924132
0.24739402468253496,-2.2310568234783563,0.7421478199083963,-0.029109727301360536,2.101150419764639,-0.1944780521201251,0.2296634754853648,1.6508460944015597,1.9520460898833485,0.49594987048683176,1.7179058952966044,-0.7853598220109483,1.2642084208838404,-1.380298115811236,0.8568232801800295,-2.8209331225879346,2.001983011734117,0.029139747945188033,1.2363369186404576,0.3490818378831252,2.261247619124715,-1.2215075729410578,-0.24888514322366456,-0.6981213150741215,-0.6098513427663446,-1.8687858692022745,0.47661627640050597,1.294452541415459,-0.11904945211357099,-1.0978455832035672,-0.3630125464869354,-0.5669523753133017,-0.4440263051568601,-1.6651547063175434,-0.8365295233066536,-0.444039767302639,-1.3769633374823274,-0.9514207382813372,0.08946562157283999,1.4527150305062548
-0.03855386882086387,-1.1139795446531768,0.8092823252131764,0.06494270743006106,1.9347225747371988,-0.6691848393208935,-0.05461958552849211,1.4878405205442864,1.9645845294967892,0.882437878412925,1.8239596085600573,-0.8404432347940402,0.8991866082508337,-1.2366893927311018,1.33969641033445,-2.9055071343471823,2.53573028502524,0.2248691879289474,1.274621919484196,1.008070629068084,1.55499232093475,-0.9249684719110656,-0.22107995592025498,-0.4941575809439943,-1.1294095542489835,-1.6655099777925964,0.7606552416715887,2.000855892929748,0.13766372306185976,-1.0471699795647234,0.017151063277629053,-0.7660640087475228,-0.7342485702405719,-2.025201176828565,-0.6992687597664049,-0.6589015369344902,-1.2129265762385861,-1.3072882081749964,-0.024882228447115073,1.0437103605214348
0.3831587644749954,-1.2942807888183423,0.3629904019770353,-0.4355545403223382,1.760945578609416,0.07573926607962539,-0.05330882169077733,1.472690440900208,1.7957457206683007,0.9887830822516113,1.448018260827709,-0.24187839129323108,0.314419238530827,-1.3722436837818026,1.6603419358971234,-3.243335121950926,2.046947789362922,0.13124797120901632,0.7014564104614393,1.2034486720540931,1.3277478005764305,-0.9736753333199284,-0.4311837943897038,0.011811958807951273,-1.338035377621499,-1.1105059445092091,0.5238732381856507,2.6080463067933914,-0.362289080025206,-0.9075533268210189,-0.47125839249378954,-0.7371293394324034,-0.6246751354332687,-1.2471368790808337,-0.2564136955830053,-0.934693988037266,-0.6934897036141913,-2.0284636824411812,-0.41570756209706855,1.0672215241966185
0.7207918516895463,-1.1560925373062991,0.4001999094961699,-0.5716619641666008,1.0703389748598804,0.6434885941849864,-0.0298369178534999,1.79176564434397,1.87216042475894,1.0565315369735233,0.5391727612922641,-0.035248877881792096,0.41998972360352665,-1.2299144236572543,1.9957330478904358,-2.993459378427734,0.9679066356301309,0.3911547555947556,0.9737716988642887,1.4415327199064911,1.4657254537240305,-0.5290186058750064,-0.6412425866597095,0.7201415287583732,-1.6930369127061848,-0.02329602106428541,-0.25209739678449294,2.487496404356999,0.13128667703864638,-0.6478714388377661,0.4562186829205003,-0.7072728461068616,-0.5316436393195517,-1.2810669368885297,-0.5034755894054701,-1.604885480970573,-0.1627801439348513,-1.9760247529121036,-0.16836837759301523,1.1034767260905813
0.5955988008174956,0.28030689371052697,0.5783890882285095,0.16414420928779083,0.20897159106082763,0.41269891332940467,-0.2473349229679492,1.9461836125622718,1.6435266876510508,1.8352011653665765,0.7817366690411816,0.08595366014671327,0.06613408483121494,-0.8108692112172223,2.152172814313101,-2.7110321829143773,0.725901668948728,0.28991487922463766,1.0010239249977329,1.5822722471791075,0.44327958970138803,-1.1060800708952958,-0.029933601546333705,1.0515747802294757,-1.22761859486916,0.43353240108104363,-0.4513578253779343,2.244774100484337,-0.1819939748400925,-1.0427215081875585,0.9948636767893417,-0.5772488252385615,-0.1750160958390296,-1.868621026277096,-0.027249247082304917,-1.5518177954289643,-0.24003381548536934,-1.8328589650356655,-0.44244268606360065,0.62564026867796
0.17248573051272542,1.2879957568058875,0.6773585081044317,0.724383496062478,0.24592674430208655,0.21805537653284718,-0.05747397001540311,2.1708814272086845,1.5616163514692638,1.7026842723370428,0.8537449146866964,0.4516342464873588,-0.3640566876843285,-0.6521990529342091,2.479662136764462,-2.0371888343125795,0.466089972688711,0.18152549772024984,0.48263791298123754,1.561612011442556,-0.22953363716831993,-0.5320054641761958,0.23865832439818074,-0.029060066499903836,-1.4047275345112522,0.8710501501884909,-0.7786400046302879,2.3403904435294933,-0.31585476794781153,-1.057789711219303,1.165420970338232,-0.48798726563216455,0.32850098874085365,-1.37355738426296,-0.046031876427827745,-1.5817044422076494,-0.8127559232624851,-1.9043425122623474,-0.42564248498570073,0.5483551735607508
-0.07028338204796969,1.2510829816388376,0.4506077290639766,0.5809645832500374,0.6279882466026523,-0.7872738192234695,0.07388166744473551,1.7561614720089858,1.5191815003626257,1.3857150061249768,0.9501777373282645,0.18794176242400762,-0.41595367343615636,-0.31315017625785535,2.3253537460525213,-2.112115421584227,0.9593279189086937,0.4935553510827383,-0.6841602203346413,1.5687551764490728,-0.34833022244964384,-0.8021872722232031,0.8447907929439322,-0.36065661389124304,-1.8753696573942362,1.3826004956927442,-0.12674989704515827,3.3504668482741287,-0.29625850377477425,-1.0226776231118366,1.0501759406908053,-0.14658954620557357,0.7359890907063891,-0.313959746831581,0.26275456902093647,-1.6936578957159023,-0.9555853995556172,-2.3516134119502414,-0.3859815237663767,0.41477926524510794
0.21700269709736264,0.7872575183257304,0.07964588316104243,0.07382718858773925,0.04960960578181878,-0.7540848968927809,0.010863999321097217,1.3846305155991376,1.0702571363169764,0.9380193815642116,0.7829414190070254,0.2135431785445267,0.029762609770187354,-0.6806206602052056,1.9626049660797178,-2.174852329089504,0.7900598169015085,0.5385353593687269,-0.2771322716121322,1.0639450300404203,-0.19254893610381446,-0.5136989045148452,0.288834832547556,-0.8182725942242639,-2.0062939563299866,0.9023295513983217,0.2036619715445626,3.6349879388139956,-0.12511130656102465,-0.0753505961315411,0.37028814642858066,-0.5496808576432946,1.0670505530209882,0.1146696018601858,0.24375535448535182,-1.3953013342102067,-1.106193854919288,-2.509776670481106,0.24195897791812543,0.23543761685854106
0.012128730984122316,-0.057607973826994785,0.44315361103025197,-0.5251775566131746,0.8615064952922319,-0.9472793225454419,-0.38801988512812285,0.7885404243673312,1.0685116663366934,0.5798405962541363,0.5327363662002907,0.3630730939428936,0.06182072398730011,-0.5253763996299242,2.1205259999967736,-1.184556662516235,0.5487466587929832,1.2143308982373682,-0.4718395680090265,1.066522068667201,-0.20134943256383303,0.3725581291438965,0.10367764231281856,-1.3989947404068188,-2.1728020664151124,0.8451779562281441,0.15755052251206667,3.86476358331328,0.0428162837453287,0.3049505267233703,0.04798671113472061,-0.405779706562576,0.6170918014554637,0.4595604511043668,0.23874054690544114,-1.8957791520422194,-1.4677982777136382,-1.9800295150502163,1.0844026081124831,0.38797809168024167
0.011202514873890013,-0.8403256604971623,-0.07794329454175336,-1.4341606599324814,1.8344058339222817,-1.4315361116030263,-0.6852535078628083,0.06035905652013629,1.6784666981429928,0.5070408137135436,1.2643740132635948,0.2103249454724363,-0.7207033293291255,0.22433196160450142,1.8280503042486034,-0.8126815370722874,0.7163065967061228,1.3874853569674055,-1.242794212558802,1.356044095914616,0.743263461198949,1.8667173898366753,-0.7795403044602173,-1.370308113361385,-2.6849254193186507,-0.265200084650708,0.9390497274672658,4.785927581319796,0.530729258537104,1.2975295209956772,-0.30593496046516333,-0.23718385333234393,0.8014363553815077,1.5297642985581028,0.4702378695452316,-2.389076572980844,-1.8744804382526108,-1.3268127063712722,1.9634145167095645,1.4762349292701962
0.6099914660209701,-0.4642979612781354,-0.9578848887151084,-1.9858961471712095,0.3386631686300785,-0.5033430334569085,-2.0739242223878835,0.2001812674504666,0.14949917018943615,1.5331853130432878,1.5097950566140241,-0.2639296069355018,-1.0866781399722896,0.40661654209690545,1.6632937630027598,-1.9320433730400957,1.052129188080765,1.0275084544277702,-0.8788786173166545,1.1350496403231018,0.8579672942352632,0.9638401720950533,-0.8856070747829952,0.21606396912326414,-1.7220787149586299,0.10048579841966102,0.2442857307306607,3.9665951434003186,0.11090186496588661,1.1283877238523363,-0.5213441909793796,-0.6609391366258957,0.7628894049079802,0.6212434248643567,0.41653373424478246,-0.7171510991482812,-1.4029277366295358,-0.8447226729235577,1.1335789706867758,0.4697516321440683
1.2381800550596278,-0.6338682745074343,-0.5577181084844695,-1.35431135957481,-0.808998217613291,0.7582775750700077,-2.1425527252069467,0.5818820997990464,-1.2576474574470775,2.1997609077403184,0.23729721678622584,-0.5780514845937563,-1.2659522496922633,-0.00277128528605719,0.5268882634528882,-1.786617431321782,1.276704959787035,0.6763608763035484,-0.8520648697625156,1.1979290592020497,0.5348340368342883,1.0796158341009823,-0.7802403698251497,0.5932692027987653,-0.8228869828288493,0.13737705695570027,-0.25812767001281806,2.786031640194505,0.3021984120325014,0.778585224135095,-0.34206937138308635,0.34172460476446165,-0.11993649825190536,-0.0060510670008607215,0.2533721985573649,-1.0276829191698795,-0.5390341452656559,-0.7349503939060871,1.0605410040482137,0.27117575163309304
1.5065098678915538,-0.7306134944361943,0.008612808664024696,-0.7418970050952509,-0.9792696909989514,1.136948996312895,-1.8470938577866653,0.8754753234941948,-1.6865146941517977,1.9234650766908825,-0.23524282016061704,-0.3676975847010544,-0.9007381477790026,-0.5316199573123872,0.4016928220201959,-1.393685084920115,0.4213827916179415,0.10242715592013618,-1.492454341697143,1.4248684422594033,1.0211499410441165,0.8991886023381976,-0.908222257250251,0.33960545735617204,-0.48217477375200724,0.5866057384042591,-0.19279423183284344,2.0080500653064672,0.6563145713431492,0.3546939237588866,-0.2584015132158596,0.6781923823049469,-0.42310465764964933,-0.6044447139577243,0.6501935473069704,-1.5533586564709707,-0.23832226160511583,-0.5996474736725416,0.6033971972544038,0.6892444329142691
1.5098862882590418,-0.45800123061379394,0.6565041383784714,-0.1549652241800486,-0.8394081163177962,1.083364459140101,-1.547063016629344,0.3916979459077182,-1.4315440537845359,1.196764428695919,0.3285798974499739,-0.27018075643348727,-0.7814960976542026,-1.2868674162139286,0.6617429244446695,-1.0809485982651676,0.5394744098743951,-0.12996191036457905,-1.8336038813578703,1.5714978667961528,1.1026442324151438,0.42259986566174385,-1.2467877954063147,0.09190046918309958,-0.4714093591927087,1.1550683043908776,0.06743885293560639,2.0342029835683118,0.7155587655070812,0.007233737117723266,-0.6021923045564215,0.8535921850366578,0.1005138869235711,-0.6818454053762208,0.792503849215828,-1.3685767688337518,-0.46603472202046875,-0.6456881648515622,-0.04593824271958974,1.295606159070411
1.3389879171899395,0.6495738201251614,0.7218855222032667,0.3064234538911097,-1.0037591615115908,0.5522502353266969,-1.1353381867078216,0.27455616935762034,-0.686093156793187,0.8176652467892007,0.7026861611754354,-0.2641141139862862,-0.32072965252531827,-1.0474163998249622,1.2144763323130017,-1.4144101775010924,0.8508669505124793,0.2529010583198519,-1.1880367477712077,1.4064160889326676,1.0399109856886586,-0.2320252229275417,-1.6342207670030997,0.2659095381941662,-0.8706383490049476,1.258942542682519,0.4846207965410544,1.6209734436510697,0.9872603838474248,0.47482483057734853,0.20505954388737194,0.6246072865076335,0.5173912494000787,-0.25075802858911433,0.7939813533383807,-1.3666091959701454,-0.7016719270482649,-1.1431462063502125,-0.9243769637884899,1.033311235926389
0.8848187312491326,0.7449459060497696,1.0435726672104466,0.38119462729509546,-0.6252352595589392,0.4865254370358204,-1.4663803433008322,0.6578932238869637,-0.6846090927361451,0.5041580692462483,0.6008705370684742,-0.15067937158181477,-0.09111663356347433,-1.6033067370480096,2.1309057991865448,-1.789197299641063,1.272667582140945,0.010546271645638317,-1.2739134906569467,1.6744669101162026,0.35037922601918225,-0.7218619001113036,-1.4032870085486544,-0.10628034629387406,-1.217910886661377,1.3473762821973456,0.9081138981137001,1.6250776505862614,0.8759685597091682,0.573224348838458,0.4920194098086874,0.6660747557342798,0.16383228333376518,0.20817168879231537,1.0424593569300042,-1.6505925078083143,-1.1139272607099633,-1.5561816678882086,-1.1449829656978214,0.899596844247937
0.6524277090075894,0.6651340819487818,0.4715895435612741,0.283876141360225,-0.38055998282377856,-0.388237160450896,-1.391710675381379,0.3508976991969962,0.3085442621924311,-0.2578378049593966,0.5819102773560916,0.47105096165005234,0.2699027300317128,-1.8649501798049255,2.385232312214537,-1.283588466242714,1.196902658221142,1.0663457794627982,-0.646947183540723,1.9172029410447688,0.7394639389531156,-0.4801209570391619,-1.5286034775764532,-0.3390267570714838,-1.9759132473062715,0.9060614434216774,1.351652499545434,2.3825838504722854,0.9181188007825314,1.4664978129091222,0.643570858571066,0.34066122124309833,0.35583638032037535,0.5717167987689402,1.3032000300003799,-2.140273627157,-1.3162480103588294,-1.7207858956415087,-0.8165204888427487,0.9717674802925247
0.37884934710070084,0.18074202746533496,0.2625948170768125,-0.9163590966838443,-0.42463166291895693,-0.8051960041083832,-1.522578311668684,-0.026155409469299215,0.07727884840922773,0.24288176015409224,-0.10356260872623613,0.8600438493885815,0.06944014088047223,-1.1652880761474678,2.2197816590314705,-0.8376836330787037,1.064418796905572,1.5719138966880712,-0.7715173432994203,1.9425756164926664,0.35683430795405907,-0.30604806305850396,-1.3687654823314184,-0.17695174244862444,-2.2452882637430127,1.2337646220336258,1.1871928722605831,3.249966806345194,0.5914918718620523,1.517190445286528,0.503563383102613,0.2591963601315024,-0.4968547056773268,0.796770125233966,0.8704163867789485,-2.1318419064281846,-1.0872976191516246,-1.269611600386547,-0.4464708712782741,0.9524816311450817
0.5314409271668812,-0.012860500488931947,0.7543997647409636,-1.015797000474699,-1.2870421943441723,-1.0038334355180196,-1.182778594747034,-0.6487937250618615,-0.6580527466228767,0.6545542550417651,-0.6901499946847759,0.24283533230225984,-0.30078762373108425,-0.6647825258318067,0.9660636382068604,-0.4255558588243713,0.5658182650151415,1.5142317346411598,-1.4061166718819038,2.382099092765486,0.04942632584929624,1.2225654298200115,-2.3272527195797847,-0.3122631808839057,-2.2594227708949526,1.585618886766062,1.331013900279706,3.5997062582206354,0.51158360459457,1.1067117937400792,0.20142511904591873,0.5367551087935999,-0.7281814811607954,0.050951304538172676,-0.027376063954196617,-1.9422921980030992,-0.206946030355856,-1.3469002733484445,0.09273075785652682,1.3487281526828763
-0.06993194954381365,-0.06853963298279486,1.0754412661282307,-1.2473805776475115,-1.5628992686808731,-1.0172796241389181,-0.9710475930142526,-0.9718583485407425,-1.174999641795549,0.8077255084769022,-0.9188660376693707,0.020916022361747888,-0.0178952033283232,-0.5404484075704454,0.3569017984403921,0.30437933047120824,0.06777508146279526,1.173608512840113,-2.327594656761658,2.186527718115873,-0.3232186708735326,0.9178259181439397,-2.0603780814998225,-0.7320754533584215,-2.2234112178823517,2.0952225228870103,1.2316561869696407,3.1097068263751146,-0.023513145614104794,0.9111320576380455,-0.07581518744678306,0.7761548948404947,-0.7248931543829815,-0.0532569198678452,-0.05054044252294307,-1.5764810742014999,-0.3876831512475665,-0.7310241578384136,0.6822658672692009,2.0270785804940488
0.3846889326751086,-0.504761868558679,0.8548588602432785,-1.227214343325557,-2.2071011186337826,-0.2780371530479142,-0.49128050580500404,-1.0576950754977155,-1.959490172313657,1.1165758009887452,-0.4997926205024757,-1.0990634827224763,0.22450598642569686,-0.5318512134506398,-0.1623510864737161,-0.42387047579505693,-0.08602760303153109,0.32137385991229694,-2.8474921510749915,2.133055362991464,-0.4631517439922306,0.7300034492814534,-2.362356094100304,-0.677361367021556,-1.6187677009382175,1.5859040769404922,1.3391927741477392,2.570415919459832,-0.7072330986261877,0.8683366421349177,-0.3588121125074284,0.9509465569505602,0.1199446722086327,0.1720349192203868,0.06615624564595617,-1.1209139038648093,-0.5761996406006646,-0.7282361845686587,0.4215150073353208,2.4713627705491694
0.9958769112141814,-1.1467372806458287,1.0238253085140347,-0.4795743263134882,-1.8703315998315315,-0.6476845258068528,-1.1926621344244357,-0.7525961249474846,-1.9050732109378505,0.8162507333926009,-0.2683093714486527,-1.0209201633494653,0.25958019443592095,-0.764561928567548,-0.5495623516602397,-0.9531244930305226,0.6266278268614099,-0.07660130806250343,-3.061532665075751,1.5277666840248667,0.6162660079472728,0.05725352669535849,-2.274605116570304,-1.1288744733135259,-0.4268097512870532,1.1051665378428825,1.2870592860186127,2.5359929885829873,-1.4498385514113885,1.0804316486844532,-0.6475203659148137,0.8871483213371928,0.9839905671654725,0.7774530564008758,-0.6766566230561037,-1.6368749350851122,-1.1776933152223186,-0.9632278238866673,0.3521133157944596,2.547298545682728
0.8941519826456863,-1.1036553312083546,1.3716215448220863,-0.18598122551117802,-1.2595825416058093,-0.8351568570757352,-1.5422877695028183,-0.7216206259620492,-1.910162255722816,0.5315442595556634,-0.38725591348471033,-0.6580201773970094,0.42232004331705375,-0.6922372363659184,-0.3839492186373282,-0.8507558343258801,1.9370534564045627,-0.728983185742297,-2.497226817214245,1.048172593113442,1.0715146396177158,-0.29934234079323246,-2.458757602076974,-1.3809849506885417,0.42969322510816854,0.85583573399938,1.392990306312495,1.8713588800555128,-1.785083946035041,1.271934227365431,-0.3237515110412533,0.9689761939913486,1.2338065035560746,0.7646007715652067,-0.7186051280829715,-1.7376828831928934,-1.1061967652009694,-0.9807191343106281,1.0174720851508465,2.256498487926385
0.49194358908205893,-0.7868584292105743,0.9533275791487854,-0.060685473012242586,-1.4086047323880917,-0.6282494256067684,-2.3150425331844495,-0.16424060597486334,-1.9091750692823648,0.7485536596779248,1.0628938209408698,-0.3661375993458027,0.6577242528784524,-1.7156635350020757,0.16190346379222276,-1.083073727934583,2.912228917958549,-0.6849912805664593,-1.6063702855152227,0.5170325202188691,1.525599585765158,-1.757366888874603,-2.011122280847031,-0.09024062942867894,1.1052025480301517,0.40174625866937935,1.4851912046595745,2.650786340267417,-2.4912724275199247,1.1471525249545522,-0.1106277330957871,0.440134450650287,1.3766641995624944,1.0761723727679438,-0.24858518174230282,-1.0159755639327033,-1.9452812585617227,-1.196360143435537,-0.15498032916234122,1.3556645330444344
1.3342914110466002,-0.6506745507423529,0.44656553417178807,0.4210144696471502,-2.067898720195978,-0.702389736634654,-2.4264417232602087,0.2930261837137735,-1.9215706007956512,0.857461284068213,0.9445719571891947,-0.14415457163516443,0.6014382169169545,-1.9650323205279796,0.5231543759687507,-1.588780234544731,3.617654037911172,-0.5361367618382091,-0.9697751566286716,0.2026159238807792,1.594340914743573,-1.9371552703565735,-2.1486146863362867,0.10496482905075757,0.9241992741777755,0.511658735124138,1.375934050277172,2.8162953583858465,-2.1817083016620717,0.7328657188749332,0.6240187525106365,0.4107667639201138,0.9590897666987047,1.4238812571922947,-0.861101339094535,-1.1239235874118019,-2.1929341119796057,-1.3422410819488964,-0.3290860315817738,0.6477478304936966
1.1879334520723377,-0.4110000741742299,1.1105172794371607,0.738930562931813,-2.700279440925332,-0.9329004332303855,-1.7557219327801303,-0.07265913786435507,-1.8134813220489698,1.1304291305649028,0.5069444103080532,0.4575500080415832,0.6113514564811457,-1.5557869632146342,0.6325053281165085,-1.142463374647089,3.025554166157052,-0.14395482035824858,-0.939260771287487,0.633343586919207,0.6025705374921415,-0.9929531609965891,-2.5628885072319303,-0.2037793388443373,0.23992474773904737,1.5980837691381702,1.2290236984169438,2.7479110549566466,-1.8151134396671589,0.07350816615118472,0.9986384481194508,0.36966516082627865,0.8522153849944818,0.4426577974018356,-1.712837225155119,-1.3332906822215813,-1.5594841706677856,-1.1110255524661543,-0.05654344089751606,0.7757305084329159
0.7764906830195897,-0.574475398220283,1.62306852307711,0.46988898990698535,-2.330943119457146,-0.7842520807812482,-1.3860737559695828,-0.056651258974323215,-1.5675557766450443,0.9477230494471045,-0.07850838791917243,0.8791478143027238,0.8193560875556529,-1.7501303296404396,0.4854534088261191,-0.431487295661508,2.225055297838087,0.06977870597401348,-0.8471878665394587,0.8820333703299832,0.2324503876284291,-0.4871512256664088,-2.536814684091249,-0.7543023288375212,0.15935273662585003,1.940337450243341,1.4755428760828426,2.6320648069936894,-2.122259324004108,0.08009257945060913,1.4172254595957074,0.3270234527866974,0.8872190043593575,0.1064778887002617,-1.2196673871123447,-1.8956022345626933,-1.5409232888075572,-0.7276343699359472,0.6004479332599126,1.382434724980693
-0.018953439987058007,-0.41720641018606724,1.69660024496805,0.78036690181729,-1.8609747064814983,-1.3692710799688488,-0.7024435662759483,-0.2626650454788332,-1.6532045266816529,1.1220398226343824,-0.5513453282707934,0.17606756360655643,0.34567260215030177,-1.3777483149391432,0.768630982818862,-0.04011227983115939,1.817991363076519,-0.06354802660261138,-0.772337630393803,0.8286934131718601,-0.53483516038536,-0.270669099682394,-2.1778823826746354,-1.4985459586216023,-0.7672378304107381,1.835075638907897,2.1108200582668486,2.677997735006899,-1.6910912848238908,0.3926285209327402,1.428622260704815,0.18580049173066193,0.7095639475702703,0.3510867989300571,-1.2070547206248745,-1.8334148360019842,-1.6380916486373938,-0.6553823252814872,1.0730121178515182,1.5777976813357752
-0.1685749111550131,-0.46952324144689983,1.6080211998200158,-0.3909739515384852,-1.2458021361460512,-1.5070749219195636,-0.8393171600237108,-0.024884105483049423,-1.0971790070023457,1.203810535205066,-0.47422474816039073,-0.10177073212853366,0.6047575561059733,-0.949354365527301,0.1305714687537628,-0.2660893267472607,1.8486486485946974,0.0847884787692137,-1.1902987451930236,1.6249503078382133,-0.5429361433194927,-0.1734732260861885,-2.0772099693094237,-1.5908908457282909,-1.3208391688348438,1.8396288669317329,2.770920243077104,2.561709294675199,-1.2713664477138282,0.45856968500315703,1.644806040228053,0.3589670786442464,0.5429719398300874,0.5596330466268838,-0.9152918591914058,-2.1219455717713314,-1.7770025219369794,-0.5981108091044147,1.1679659771827957,2.0286000019080115
0.16268763045692936,-0.9074263372533439,1.2412628448874372,-0.6223165228807417,-1.6353486655899783,-0.7583157376334151,-0.9686446189487146,-0.22230373352474306,-1.5040804660992475,1.1591869969835191,-0.48134863538715134,-0.5950725180733945,0.5935464518085425,-1.4817338617776772,-0.3764662283413294,-0.7144293479103428,1.7673973557512044,0.372841607506734,-1.168908634689553,1.852617861653878,-0.11274668361013412,-0.1900682169198855,-1.7968688429396387,-1.0984629138633042,-1.2377467910894493,1.1651577968871902,3.135103809716552,3.0660081545100772,-1.6750167221585044,0.6956982467727354,0.36457349769222736,-0.05255290634544513,0.32515318552711536,0.38453811092269985,-0.7682540321672027,-1.8004915260127476,-1.5865813601947092,-1.0304572254523072,1.0685987078559491,2.0728342015524506
0.5752720735435752,-1.720082748749068,1.2251324127522194,-0.8767702829527868,-1.396234866816451,-0.7334721937982434,-0.7185289016198712,-0.7580182832432796,-1.1624730156184186,1.0545165308996696,-1.1677542789017488,-0.587479299441338,1.041763225413436,-1.4883741950392655,-0.7004248332141139,-1.1965509819173363,1.81526235294373,0.46173819262582244,-1.4932706570950502,2.0429677201472973,0.12486066508547217,-0.2260569296754572,-2.4921831314362892,-1.0359919027094313,-1.699866201996783,1.3929502976139392,2.571090788255226,3.1533816295999415,-1.8840604070549531,0.8657295377364178,-0.07939859271409108,0.12122777250007755,0.16518258677982722,0.6495163614866041,-1.1386758456703934,-2.125642902064521,-1.0534394296908305,-0.9210121331965291,0.8607373466425698,1.8925014993020186
0.914834148973036,-1.7911848319182024,1.5323390184561108,-0.568977787890406,-1.770842666891025,-0.40698509189293336,-0.8611166623763717,-1.046485156661872,-1.0842057392349038,1.060328678240853,-1.1345126886311738,-1.000098405628231,1.2591985561816381,-1.1755992130312962,0.004583348178516383,-1.6727786141515808,1.3865039559397236,0.03707910726721986,-1.2164844605876162,2.0944546122861043,0.7811933672589044,-0.0898735296771607,-2.5314089663527835,-0.18184973491817996,-1.4818834430151215,1.4093168386336625,2.5115320889066752,2.6695150259987352,-2.0444619749859965,0.6801963447622614,0.07742274874011401,0.08539215367522746,0.45906377353318595,0.1582131403890461,-1.7980093592646798,-2.371139412062874,-1.3151240298227456,-0.40268270880424806,0.86934317718335,2.7324980046063505
0.8231838481207631,0.028518792506765478,1.3880801362066109,0.5525602578600083,-1.7122348190590353,-0.45403343299776255,-1.9836107109111745,-0.37820455934408603,-0.6246759592297361,1.4135938083749755,0.7532840705299506,-0.25146196387334413,0.8428154893317171,-0.7617278037827746,0.9787771319067169,-1.8651936092062693,1.715240846972946,0.018995036640389595,-0.8083560482785337,1.3913391423564712,1.4116925986934423,-0.859601242460021,-2.6354026936684463,0.21156418723908854,-1.154132295014862,0.8974230400095569,2.317063104833877,1.9903187058769565,-2.345395647215604,0.5053310363900393,1.3265323633072128,-0.22903355141752435,1.5098660254485012,0.36749161352600357,-1.8304040397823398,-1.6732807574477793,-2.105796198377476,-0.40237485162464104,-0.32943356442119337,2.257185849997969
-0.14113532794251582,0.3262372401239436,1.3710943548622987,0.6484476707732829,-1.4570005831531694,-0.9633321369420662,-2.287794759021437,0.10236397967403697,-0.43100448684094284,1.2630617552687766,0.36186905194189906,1.0020181938610904,0.5840528213860732,-1.4787197311921556,2.0104911333295115,-1.2148819712167351,1.846873199197863,0.8667406063767609,-0.15574591192624643,1.0756017639090882,1.093336575022135,-1.0498546483415934,-2.4326734870240028,-0.05757515736689248,-1.184704699933305,0.6609976963627022,1.8642821031780747,1.2792718240745784,-2.071613305839139,0.8064186343854728,1.8002899794924425,-0.09492601564427983,1.1671722051767235,0.7432986438781659,-1.7078403587686202,-1.1993837192185384,-2.127464000557541,-0.6414839882649029,-0.525571557511945,2.010157371333213
-0.64989350912596,0.16998177935517944,0.9921815616806772,-0.03806803307982276,-0.6944094329361382,-2.2464337063738142,-2.4906682745311257,-0.13980458691821665,0.0653250451774526,0.3015453699987254,0.3085572455845962,1.4026481304440175,0.2440839974412034,-1.361619077902433,2.1760232701078674,-0.9094106591926464,1.8962209579077571,1.4699999677970725,-0.2535043694755075,1.226631180282288,1.3692557449120824,-0.30044665601097065,-2.42508869701225,-0.21208027772371543,-2.131428985934393,0.5299583292709,2.619535424060319,1.6093448920354807,-1.4404346790433826,1.0999344256082013,1.7146207829925166,-0.0331386120726217,1.0734981160768131,1.610635694992501,-1.2879641592837228,-0.9478910548604241,-2.067332267936227,-0.5530854647365258,0.592905924519934,1.8749005411477726
-0.6915814115505066,0.03927441109383778,-0.23863281863129648,-0.7310472943651766,-1.3375855072415874,-1.689656845874454,-2.240889088903013,-0.7702648321501926,-0.09664393115801936,1.4812428175326982,0.5336090445054219,1.1261199273327134,-0.009314597382473255,-0.9021162236019183,2.277327835339511,-1.3445245312091447,1.4102559688394993,1.373198179767678,-0.3944667569911057,1.1538443349654983,0.5395455402582772,-0.30756670711024037,-2.369626557574083,0.20854705481129535,-2.2459889486382676,0.05348716937736342,2.260847286022311,2.1381219228771817,-1.2457192843178069,1.3492549977788797,1.7577609318159502,-1.045330567098056,0.834014829887208,2.570163363793382,-1.000810342184479,-0.17672820778517417,-2.288832025111069,-0.23188927446202645,0.03504652529945375,2.097738310490373
-0.17921882178497078,0.4917719519868516,-0.09254137994060013,-1.3073073395483168,-1.9160626792903164,-2.0547111686735433,-2.4288915100472304,-0.8254837634214345,-0.8618799840255308,1.3442700757659773,-0.43193271963506635,0.9907873515585814,0.2250497975743828,-0.7949136909376633,1.3677862142140118,-1.2815663379120328,1.2537314759480933,1.7697392341880365,-0.5989468529932389,1.1061807632469196,0.4983203947708469,-0.07441604557756987,-2.4003735330573,0.2367360197787109,-2.0594940528988865,0.4171478193168208,1.4768073784023765,1.8176250594548613,-1.1602805191881882,0.7267373294532921,1.7943909651766385,-0.41667867515455265,-0.27025917844664854,1.9854121273966936,-1.9795498357916892,0.46555647183206345,-1.504635988541655,-0.2430081254925014,0.5497090050401107,1.0071951216052064
0.10081628569193973,0.12080208766991193,0.8428768100141246,-1.576004721144075,-2.741694717670045,-1.1711755925120502,-1.8015115130429706,-0.9106346194975696,-0.813924076692283,1.3022861042545752,-1.1825606186815092,0.989982899199628,0.09917739827997085,-0.5418604366209303,0.5070813496496236,-0.43539932745462745,-0.46963982915881985,2.558979359024893,-1.110143886325861,1.2604953351588484,0.26287210307934333,0.8474834061478809,-2.5663931840907797,-0.7389030301478872,-1.9835505211784656,0.35309080955273053,1.338955953279749,0.8935684134971847,-1.334994272884563,0.4259243060603064,1.6852307660501693,-0.11910155902346004,-1.1165388337451683,1.6225764299307734,-1.760004064051423,0.05725221941501968,-1.1563677499390446,0.012483515537203949,0.8739233876042687,1.9705695280249045
