0.09476769559070869,-0.8907746204079576,0.27722768573215906,-0.5250085925671755,0.12968838115206027,-0.2298617936670817,-0.3421475965282783,-0.8526878431679346,-0.06252786054691792,-0.03306096859000385,1.0489840112245956,-0.1340891001944403,0.4660914386605399,-0.7723535621164421,0.17072539801464767,-0.48985235576400854,0.8776255525660055,-0.05139793118492755,-0.7211566586388101,-0.5676564869651793,1.417319842541819,-0.7202293003622653,-1.2393843130218984,0.34976495486300485,0.5831910492048016,-0.8556846891418014,1.1693887952724131,1.05969386585126,-0.8101116836558628,0.39649480293152706,-0.8097678423674859,-0.1586152553686306,0.2998715400240517,0.7896202089874544,-0.4750664213015234,0.07618854552524282,-1.32316002429454,-0.4435663312958431,0.1443687200921097,1.2768806634588064
0.11324564524151992,-1.0500608200647428,0.21164448388985393,-0.5167213630535693,-0.6278239259760556,-0.01907768922945907,-1.8639045005284602,-0.35579072095905695,0.33335290729629935,0.5116217750508203,1.5703678396047112,0.8710535544217392,1.1390729191116438,-1.4757076621770173,0.9996827387322892,-1.7018899789849087,1.7578967179812968,-0.15691468561409055,-0.5557955798509995,-0.17067827035305677,2.25559801515759,-1.648970945653768,-2.1691764880805104,1.1080743793140495,0.5769351354056086,-0.9136975591631513,0.8316039413200096,1.6513150235101222,-1.2200304475158288,0.37079538734740364,-0.38021421243111625,-0.4899787538707242,0.24719711282553353,1.0597516565472502,-0.46869967613951,0.13001072003199593,-1.9358250006196274,-1.0509904586484986,-0.14960361789728915,1.00220656084018
0.3535060902838433,-1.2828450211239786,0.4344911317325858,-0.33831301622981946,-1.176672529834292,-0.4377918445193682,-1.8360537550048315,-0.2598838171414075,0.39450338408500163,0.4307644766268928,0.5614686792285858,1.7934600491580124,1.37004663066609,-1.7594307955479473,1.2377084512296546,-1.4862808528758493,1.6034736347662846,0.6455679273460417,-0.38301510457791105,0.853026056612336,1.3854117051780048,-1.3049805444119553,-2.685821514807222,0.7552455065275805,0.04527163345864431,0.1794467556194399,0.7487490708265293,1.6848056972296044,-1.6748053829776988,0.1401819218543561,0.5721282583124442,-0.14992275096115404,-0.21478340799962575,0.635502119180267,-0.8875158724532772,-0.13985005804932635,-1.2562400236720537,-1.0476324785605833,0.006907598913773981,0.9475469787458964
0.0008131058177281991,-1.4599580929842526,1.3729546387597293,-0.19083886708248896,-1.6144635778749783,-0.9239997956108295,-1.9141424782553746,-0.10396861716383456,0.3668031528972991,0.22784055521341773,-0.1593635578268796,1.9453990195338022,1.1581058039754057,-0.8906541053602688,1.4858295892407176,-1.1245501296656695,0.8763204764083072,0.6739173033320899,-0.8833962296338691,1.2558367662374799,0.8640689868728081,0.29430062747291197,-3.4580715995068774,0.2119980168708955,-0.7456408006975103,0.2895100900878854,1.319185414027797,0.756659147173014,-1.714464301768142,0.045905747416642745,1.0339844210259004,0.9743627770714941,-0.001965642104707066,0.6827849839473676,-1.248883432812173,-0.8365294312132293,-0.617519597888159,-0.3567993976944419,1.2321064609926573,2.2715479648621466
-0.7197219246808038,-0.7408194603572258,1.2855760735724284,-0.3341888721169573,-0.7392003026527976,-1.277367448164247,-2.386608113171158,-1.2981700088033699,0.45528667819716656,0.1491631690069912,0.28822883662236054,2.630144836540853,0.4623458165391342,-0.6347874820207211,2.252448761273424,-0.40890435380279977,0.4814297012634704,0.37288865847983804,-0.8300045978577261,0.8595505779939966,1.1756718016838252,0.17417477663259529,-3.4938041676014846,-0.2450406105319505,-1.0019084639592575,-0.4260423932694388,1.4931996245173833,1.1077352411043682,-1.7758870501213304,0.809065128713147,0.6981220297594138,-0.07650529150269611,0.4157776505847458,1.7438742219723502,-0.8349191148249074,-0.6806382311946051,-0.8296318564133149,-0.7488432898681154,1.9634114670126102,2.9314818830495297
-1.2430025775678597,-0.5394418448591844,0.193621790523635,-0.41550002060521196,-2.138336997721569,-1.2568190984922314,-2.406832845474564,-1.5990453828790894,0.05092231810053138,1.071709540788083,0.9285359644264376,2.679407113881825,-0.5252613869497953,-0.6742368596731609,2.376402925257484,0.5175885077461241,0.4160885471732326,0.2806379471204594,-0.45987600763105874,0.6665936397246089,0.8467838028062454,-0.059643937164022914,-3.2387315843166533,0.5894106112117391,-0.4383533123157236,-0.23586165168433587,0.9050689308032482,1.0176155495226513,-2.07290223900462,0.22876100262373442,1.1480847904385214,-1.0051607616273865,0.9791673016967326,1.1178847059995556,-0.19837414314296153,0.618916458015251,-1.3635145863767262,-0.47413188869218115,2.257084538282901,2.4988069850675587
-1.585946685843532,-0.40020991938679024,-0.08752263125543919,-0.658787674760679,-2.3587093340375853,-1.0876025918927,-2.058737499267833,-2.1408790867462306,-0.7261720130242004,1.4818712295301453,0.1473415476721091,2.846902020123124,-1.3893467027659527,-0.7411011859298987,1.1476578070709909,2.0817274155983516,0.5877819257997207,-0.06261941959894743,-0.9491161018132624,0.15367586708041314,0.7882296229371866,-0.3082161685857391,-3.3160905333140693,0.6182499738034701,-0.7035628975707402,0.7801722361167784,0.27003727637493474,1.390843457843663,-1.9280740376625236,-0.47549874627843497,0.4639638201518627,-1.6325592310724004,0.14506357240959397,0.4747881631570566,0.28799694442223156,0.4776303880826954,-0.7445982925894759,-0.5418656095895626,2.5867317252388724,2.085905791989965
-1.6745957990558678,-0.03152635639487088,0.22535240172112903,-0.8633500261897438,-2.631593092340134,-0.7256953190885026,-1.424826506340978,-2.419569851917625,-1.2919673874089237,1.6838065306410985,-0.19646508331549817,2.5058564643602717,-1.9597352560774226,-0.6380906776998614,-0.11662498433573043,3.135675098403201,-0.07077940886689485,-0.4680055467039218,-1.3264957301002196,0.31729304336648423,0.9946737707230688,-0.06608251426375752,-3.033255734694177,0.7884764475421778,-0.45477531212551847,1.213800290266078,0.5032732514174454,1.6177480065484862,-1.9815221907764369,-0.9587536045278129,0.44969347201452403,-1.1283588989863405,-0.26189173231690166,-0.09432544962478762,0.888903000463559,0.3114407371761634,-0.17568743968065345,-0.11631042347141962,2.114613920883502,2.128836489732248
-1.588729154516896,1.080398812988123,0.6508871953026871,-0.8168337787845773,-2.53756010545801,-0.7025867244966568,-1.4054817162619508,-2.640734564806357,-1.3986737489095316,1.5612376268515278,-0.7288316781749566,1.9122815005502685,-1.9694604615379703,-0.45386289579074707,-0.4211020258391675,3.6108913960671893,-0.287020405203556,-0.9680477260999397,-1.1316938123771267,0.210370248500204,1.0392873210596691,-0.7315532896061325,-2.57703062031581,0.7161546395280975,-0.36545807208930525,1.33227736680879,0.9121153989214013,1.1042577522798174,-2.176346465353015,-0.7513839451910269,0.41011119746026037,-1.3762876419845513,-0.2630401455276068,0.07873143737731358,1.1613941973470414,0.11469450718537166,-0.3011310021829814,0.07654444561377416,2.031827325974582,1.1159941531705415
-1.0067502794421677,1.9991286942419924,0.988449271612089,-0.7403157484406006,-2.7476254542714402,-0.5347560054511916,-1.3154022873469646,-2.2604836028102935,-0.8274590218955333,1.2662882178016819,-0.5239727411680117,1.0488008287579444,-2.0220465588804797,-1.0131022837892798,0.22437520286956295,3.4434142997272144,-0.8914915193379163,-1.1138083005050965,-0.9979829130274618,-0.06847379164310688,0.8459494667160399,-1.7144985467060687,-2.3727907076650623,0.6403733483159779,-0.09259501684740828,1.145797272819379,0.9592523283337728,0.07849759671613005,-2.0926323780317304,-1.0466780953823145,1.272987582513776,-1.808234982420772,0.12627192093928752,1.0527163138727458,1.9467472234689274,0.6701654840341585,-1.165729478579347,-0.3463204629502999,1.4856765023300762,0.9645015803159541
-1.5028349612820324,2.6483379416900577,0.2576423849262661,-0.6133035403582235,-2.738474034772189,-0.3782600902207607,-0.9217635028478677,-1.7211040654525291,-0.756434680188307,0.9022188460733145,-0.7033482701896712,0.9471473154915941,-1.69273723826692,-0.8819491651276433,0.10270176436382444,3.0788266819689047,-0.8849730313537294,-0.3067615902269255,-0.6063236817761396,0.07055747312000962,0.3261810714774155,-2.144075715154174,-1.3530151409358175,0.24296366100616185,-0.25860870024572513,1.3868173773611225,1.1457810588256483,-0.8623987647607239,-2.665982165600704,-0.5874405599620351,1.8111984510700603,-1.5980162772486817,0.024841204854041343,1.012435579851692,1.5539275880928334,0.6900047786333608,-1.0756578285505853,-0.9983187525602999,0.8141821002635934,-0.38362047526534004
-1.917922774722275,2.53729174090208,0.9022767255064896,-0.8984337023921639,-1.9456112359128337,-0.58986198341302,0.07655516017372133,-1.6995140514828215,-0.30007458442522594,0.24009156884093352,-1.7700359333501627,0.5652075034371796,-1.5128699114937243,-0.9566065617716609,-0.1931561226245217,2.7764758452336813,-1.2009405409270772,0.5931283810370336,-0.7543789525125603,0.3630821506310599,0.08571563264051602,-0.8764553607238358,-1.0418989231245903,-0.39758202582008245,-0.7061537174006867,0.7619673615882698,1.357100561306462,-0.7012015283531243,-2.3566363832484787,0.0945452854232291,1.8692201767780143,-1.1126551365152466,-0.22147746651178812,1.5595692268418953,1.252903426623647,0.7180330441470232,-0.5201068695819095,-1.4609886517706705,1.4712351416007856,-1.0097814956496065
-1.9009686269758288,0.8329516561494379,0.8112185479168137,-1.8099898433271755,-0.3529681083666033,-1.1469822437966828,0.9233390304498221,-2.4487297277421622,0.3531786872741345,0.07924179180683917,-1.7282830057704297,0.12677683876103135,-1.3349097214328156,-0.24796561453529958,-0.371962968378555,3.3840613176495924,-1.4202937599888001,0.7432673992087633,-1.2552709642741604,0.4690360094061862,-0.34905264320488305,0.4714046416928874,-1.0712250476244702,-1.4270227708898038,-1.6111258617592539,0.3455271910830794,1.4893245594361055,-0.7325989099560136,-1.8108040177739555,0.6490301692999064,1.4173985596249326,-0.44195538049087374,-0.3919128505481282,2.342565371808664,0.7004402093177352,-0.15283365669471824,-0.6234737491649793,-0.4846517998428601,2.3780613704523366,-0.7083182204735099
-1.909136071548755,0.7500490993676143,0.378120651622983,-2.296464626675517,-0.38767780145301955,-0.7957368070784838,0.6395643270397279,-2.6698777526935102,0.8707017043187182,0.28547237125895397,-1.392598546153349,-0.4439956100069494,-1.5821319630681456,0.49483315123155897,-0.2548598319366376,2.826448635324619,-1.7757475198764558,0.5899380018002036,-0.9970530738083516,0.4950754244009693,0.007659147396220006,0.6672061501849218,-0.7299591606667466,-0.8533137499563018,-1.4825577795422549,-0.5821247901244211,1.8080336465624658,-0.909377902864581,-1.901002693584075,0.8985446987069082,0.6530600595979672,-1.3863249617007531,0.5919087550814507,2.5207249851700624,0.4446039910103653,0.2650616101463873,-0.6343549547186439,0.12822653067799988,2.385448251286872,-0.17009505762439378
-1.7326847016103655,1.1823775958983727,-0.5976290936907505,-2.1535357088561415,-0.2825378900121529,-0.5045605056487196,0.052848539955753226,-2.776392845053818,0.9045191340558961,1.4500584191288315,-0.6018402784791801,-0.6133821828126554,-1.5094473495512557,0.7104285478719926,-0.11232383060492179,2.0019392291761946,-1.7258003328892209,0.2600502628695247,-0.623128723369859,0.7589034751626359,-0.4301417736250102,0.0022689068231556697,-0.5877761179645936,-0.19359515553735718,-0.9151681354245788,-0.672507617427345,1.198219395884703,-1.5186830374398368,-2.6261731500056062,0.9783524145220853,0.47102428800609913,-2.1691469338851,1.0552951268070736,1.8525939717948843,0.40340340342559383,0.9616693296977721,-1.1308608770571826,0.918553388560079,2.0537385929617082,-1.0429901245816091
-1.32986348852284,0.802714300411785,-0.8931075815042531,-1.8449476133604323,-0.1597895373317686,-0.11628945690536585,-0.14524281755828233,-1.9206403524809492,0.7059287563292913,1.4408837813569495,-1.0994778495993502,-0.6988171581165865,-1.7018346911420175,-0.09159626483154368,-0.6793449908423805,1.5886644832077181,-1.2302424122972504,0.21865798038154927,0.10275967613737771,0.6500317175101453,-0.15941494122414962,-0.9000097604538271,-0.3861298054322755,0.34277891325357446,0.07355238850127147,-0.35033169656349006,1.363321677955847,-1.9260719821423344,-2.4070446673863315,0.591954863639965,0.15358496781437958,-1.8928707514122132,1.1828410010894794,1.7819659860452308,0.7595967308169475,1.1999368894097864,-0.4580903885835328,0.6777272737046738,1.5186691600909956,-1.89111465198114
-0.8748703782025032,0.847915541209791,-0.18876006355657027,-1.757103322297735,-0.04946223611334885,0.29198877976497434,0.09692841920843376,-1.238555603426947,0.5975474248178704,1.3756531700656107,-1.0312217716814285,-0.9572097221121061,-1.1164130624731137,-0.46360721808422545,-0.8094468594739723,2.023153515205772,-1.0525303324890656,-0.30280888443768994,0.41875081366852596,0.37893117882254646,-0.1845172094574458,-1.560929842056136,-0.15981429868997551,0.5734067448580688,0.55525563556054,-0.12438820816732646,0.7732710862990526,-1.3849626758325009,-2.1766095824198746,0.2731933489301366,0.38507265163064036,-1.9027401094043286,0.7756741694708621,1.183603029805228,0.16827825733316182,1.0049536696340182,-0.5587676392350321,0.8088240232086344,1.1507782156715693,-2.6580733072446625
-0.8372637071915258,1.1587273200056183,-0.22266682400805812,-0.891628683672401,-0.3434493089203178,0.28458881286290527,0.6246184174542203,-0.5253867983216618,0.8658770522301772,0.8489525879441923,-0.8359505945814955,-0.45263868112846023,-0.9573357968044989,-0.822370586422707,-0.6503046440111938,1.8390272059628923,-0.6575334516250321,0.13483581071823528,0.5403369006665979,0.1708142432292119,-0.8875749288726217,-1.5969770869521909,0.6597792152960738,0.03355919330422194,0.36918236883533345,0.22500394140190869,0.8413283805942372,-1.257349709079629,-1.7991162663677411,-0.414731607191226,0.6281430707713158,-1.7447360716462872,0.9082561773612949,1.2587086015435407,0.4623948768450414,1.1896143170240265,-0.72806538783803,0.3977667436745733,0.8978821199200331,-2.942082187346329
-0.8518693083917199,0.966376482869905,-0.3274630794100495,-0.8625804784513058,0.20062969850633997,-0.09984195981789583,1.2469427441344882,-0.9892948138882639,0.8377935749519485,0.3464611420827495,-1.0350766167865535,-0.4841245957194964,-0.44176666915037854,-0.6874603646861978,-0.9187006514470936,1.5438472874973688,-1.1327765868427222,0.8328721632473925,0.5806659312119902,0.04220245929130639,-1.0729842537774803,-0.2496156285821471,0.8344814917927573,-0.4812877523759361,-0.6209407791860746,0.36525898766511444,0.728836102552823,-0.8631371586186336,-1.351087320539117,0.2912771811886166,0.9134337465914085,-1.3990710210406974,1.0150771806821024,1.4638968568709019,0.3505852063366472,1.1011391659204115,-0.4227271102871008,0.7644092424001868,1.278930204125336,-3.1893076827422693
-0.5974358988753807,0.5302097673604373,-0.13668943805378192,-1.487390892515198,0.5950059578334015,-0.16623617557092496,1.571754779147444,-1.3014693929610612,1.1680217957238477,0.11135000681245077,-1.9879088386858612,-0.6132012371601522,-0.19119398201047,-0.14938022829926378,-0.9948512653215982,1.455319553795528,-1.412000147663802,0.7204292552002589,0.09548640475170314,0.004400028164203235,-1.1461054907263275,0.6789473716193851,0.4389730460763528,-1.4266831078447577,-0.9171098349131764,0.5462412900879796,0.5562116759225894,-1.1456652429900165,-0.9918186813048065,0.4199353903116272,0.3603855348300634,-1.2033059123375998,0.5083194306740256,1.484668434108004,0.10442171687405456,0.30638093355448726,-0.4092355309113403,1.10858696548173,2.0003189386892424,-2.5702148973050196
-0.9492737956010643,0.5729695637039168,0.5033541532227134,-1.470975214783527,0.43694970157029384,0.16176438554451536,1.3554879753557887,-0.9161558196406259,1.1640491492477278,0.30709846853923306,-1.9642068554496916,-1.1282742151226741,-0.6203547286271542,0.283381657196303,-0.27022582801767503,1.3999968871257653,-1.8359905267871635,0.13042592112368842,0.22739166798996668,0.2831952000984114,-1.1703269760407586,0.4616732212411351,0.5491165820448554,-1.1654482889619107,-0.5055717048636237,0.15785010542009117,0.13069458496624387,-0.7767487384195831,-0.9690477638193035,0.22199081275015722,0.21469491763772353,-0.9810150792868547,0.7229023756355617,1.3994253757811819,0.37046893972521067,0.06918849671460135,-0.7696488659470051,1.4495611051567414,2.3636089204204422,-2.0120731729389436
-0.6563080910664134,1.2889449305847505,0.2271424493332473,-0.9006874042881532,-0.15682040218414822,0.19483692394531602,1.0449085666467481,-0.7997151933931046,1.2150165779394042,0.7911853163770897,-1.156032256243179,-1.186069802094376,-0.5935674636725965,0.5707748934732221,0.43067672681495484,0.6167711835006942,-1.0837039539788953,-0.6270949286285833,0.3132265881170808,0.02842865248310373,-2.1565068611618146,-0.23165521957755067,1.326316792308995,-0.6716157012489365,-0.4803576573815894,-0.032163537823896984,0.14661241452345364,-0.996810176694899,-1.1568444779471876,-0.0756174433674192,0.43297066897880315,-1.3717989298730697,1.1592141533331175,1.4796793787081044,0.6872814244535332,0.32354821758919033,-0.9242843257813877,1.3428009560355645,2.4346410668524134,-2.4385262074884553
-0.9558035464628224,1.4234561628789528,-0.43143233734293274,-0.7413765559773253,0.010751309005328794,0.29996688701203217,1.4157970399092084,-0.5060079607190626,1.235482863907778,1.002122395213021,-1.2829346849130463,-0.7775081760172565,-0.7094520284927908,0.12322585576189723,0.46908014732219194,0.384585814620065,-1.6705273617155851,-0.21138577287032925,0.6967983049717824,0.15888197440590673,-1.897365862251959,-0.4467660255835754,1.6158815079173365,-0.36804903921623844,-0.7887238323467213,0.12737498848398943,0.04087103825600627,-0.46295982316063067,-0.8500099232508692,0.4436283630359943,0.379723918501585,-1.7299065743267432,1.3893875645627203,1.506110208034852,0.7210612515213953,0.36064492644150653,-0.9303216709922164,0.48307086883022554,1.6319958823056135,-2.5953030309502787
-0.8014263471574382,1.2704297669791567,-0.27589044610512536,-1.0887576403775188,-0.04618578834472209,0.4078469194679567,1.461081924972908,-0.2561177692376854,1.262402539882061,0.5582523671517783,-2.1928232596181285,-0.6952332222387337,-0.5089201072850122,0.21824794155538157,-0.13122496518246518,0.7322559933084315,-2.260777278169609,0.6455688833472205,0.32108220173017005,0.1602560515735399,-1.8421775403409193,-0.18282170834106348,1.7067946194111605,-0.8267471647345036,-1.1925031085625706,0.4859462763348003,-0.3126999973492659,-0.17774890297155427,-0.44363129661287687,0.299196232732072,0.21180183030992827,-1.1110067682128528,0.48470898865123513,1.349242125304622,0.9602574633991886,0.18874267936487465,-0.5414075319680836,0.6623982018738609,1.788506262338644,-2.4330295604577463
-0.6037750884871952,1.216969051097844,-0.09347462346508545,-1.1494675171716584,0.19630152875369045,0.25867026185628034,1.3682830343055716,-0.6277007730959908,1.4710452790136412,0.2786473436400307,-1.9695931804086626,-0.8495438552649945,-0.12854505361184995,-0.025720184557051412,0.6048584228595548,0.436158826989553,-1.7359086612345207,0.318729391575557,0.08368707375502193,0.2990300893757302,-1.9805293428670065,-0.21231140905692905,1.6714353070811645,-0.9925257799346021,-0.9804324964555203,0.456719915645285,-0.28064287995786025,-0.10265840342653695,-0.251910175739292,0.47580451937156226,-0.4315260154620645,-1.457727916614838,0.7273501153949938,1.179960574772256,1.440622231606301,-0.2108953272108638,-0.8692333154644282,0.5424738267454647,1.7329079924727846,-2.2701051050260737
-0.5602062589593533,0.8894073044230637,0.24700638143819575,-1.535607206380895,0.8524950380425818,0.43660158439535,1.4116706395981207,-0.4165046588002641,2.029549456281159,0.27385154887523366,-1.037875256867197,-0.6450515180774486,-0.3405051869453791,0.47284122616554625,0.8188263880745814,0.1282979958527642,-2.054528463462601,0.6746017457522271,-0.6710978513306961,0.40519392865061005,-1.416837016482737,0.32008932494737175,0.9620219777753465,-0.9161546053758113,-1.27445794806724,0.10363253755577301,-0.14556963732524703,0.7127026269406611,0.2866786955383281,0.9345311566452811,0.06590029544604398,-0.6676519267633599,0.7690934746190079,1.8234068544250472,1.4748471825249352,-0.5612239958790767,-0.9120931963797998,0.04683184192207176,1.3982013333032988,-1.9035700369039406
-0.3155121237509544,0.48659956059785087,-0.04040291481496114,-1.3518838835790161,0.5354767072528155,0.40630145361325604,0.9334097412495096,-0.7120357834626794,1.7890155383635036,-0.04645439525946733,-1.1206207218762605,-0.3985211197036368,-0.2025102663431857,0.06075839913583315,1.4157735458411072,0.35323834695436224,-2.074914233193317,0.7614572563879745,-0.3188294179980186,0.9351571729437258,-1.3886800251220341,0.5287003221765247,0.6495943029050768,-0.8441988225457744,-1.782396925814793,0.6685672966193926,0.22759698969029313,0.2855850492829002,0.5564289832387173,0.36027218712398246,-0.043839483261862794,-0.9270684300100975,0.7002755672861913,1.268032190558302,1.489625586594757,-0.686381855536371,-0.9838925890691541,0.0561131567291342,1.635021264332994,-1.5440838485090356
-0.41493911935244443,0.558034033518552,-0.035795964942931024,-1.2976928785866837,0.9440943095573879,-0.014258142341238789,1.1121488948021212,-1.4855089118810059,1.86778480706176,0.21924980817810363,-0.45107082763072204,-0.4683884522327568,-0.6396019086881609,0.6889999481698016,1.3507646871521792,0.1575461377513366,-1.8990254401411422,0.8466738470345492,-0.5060922147020586,1.6470487621920216,-1.3948833340906488,1.3665078487069402,-0.2737862971723656,-0.7921924949755397,-2.4395566122053207,0.15087857616028838,1.3292760256333715,0.3873519087139986,0.8233793883520144,1.032354127020611,0.1281610372694857,-1.0588985764564514,1.0634217080099726,1.15660438593532,1.5382692249973986,-1.199886499333143,-0.23401043413354705,-0.39930983014021765,1.5612005140204022,-0.4926694889013107
-0.30835205419791073,0.273819988398209,0.2686806360791724,-1.6006629821595968,0.6929272244578594,0.11511975627762387,0.3060331576978378,-1.331262871641182,1.604499421430969,0.7213785129971617,-0.40069727481552364,-0.8525957644360103,-0.91027188712947,0.4532653433245,1.5506698532475047,0.2123213741267943,-1.7629699319604422,0.416558403569825,-0.3054100657413149,1.7446552154242956,-1.143357832224506,0.517703300339817,-0.5309958107471049,-0.2506877006544994,-2.2109410719957254,0.047349370247922566,1.5501278305901665,0.9876574663773027,0.4506397084201714,1.3173859012114708,-0.19327482847443106,-1.3231836197625415,0.8139757458763058,1.2159620182148776,1.4880968087835562,-1.3895605651738292,-0.6464041142254786,-0.35520217637648893,1.5404826179315785,-0.20813296025673564
0.020235088507353227,0.7041918339304355,-0.20946312544475815,-1.3040446643821122,0.5487249795934723,0.21236921615164142,-0.6652109052211617,-0.5597720584662893,1.6457309090949184,1.3717824333650535,0.4247032957937721,-1.0039533956479292,-1.235443876946492,0.5982557893122018,1.8437284435619246,-0.33273481862052845,-1.0580691795718076,0.03581940359285206,-0.05219515268521393,2.1975546560976604,-0.8975071870980655,-0.21291005454769263,-0.8257523368145281,0.6774622319459598,-1.6708468048928153,0.6887418727457767,1.3818790705900248,1.471752908102977,-0.05096269225786068,0.9210381015448864,0.5359673368336341,-1.5640385656545484,1.767931671521934,1.1090352927346117,1.645520586715282,-1.1543533240841237,-1.3521649695753941,-0.1903321872900412,0.8192423305637522,-0.7683022739090356
-0.009624106365435092,1.1931786604671113,-0.5445681880453297,-0.9983098472633535,0.0783451163143464,0.23017221712574154,-1.3860240183041612,0.13455707557694652,0.8387837405036128,1.7793218746201251,0.3093739430170478,-0.5986099206378465,-1.6847950184243325,0.3238789168870755,1.543642429099562,-0.3831979951283446,-0.4670382138620157,-0.08819505096041635,0.005932662829999855,1.9787378561924753,-0.9666990991925237,-0.9551657127980112,-0.2735945311718597,0.7988907395678364,-0.9438841773400937,0.9267797595244769,1.2310613008433477,1.6338231958928937,-0.06424643133646063,1.1246919047753878,0.5484334468949543,-1.6859984534482266,1.6626055308644572,1.0569524916742943,1.6880761498805068,-0.8799153401882382,-0.7757338043397215,-0.593461061002049,0.2656368379248926,-0.8432939435431139
0.6193851752708108,1.1260854573720744,-0.5270835958757759,-0.9056063300080834,-0.3948628996325583,0.09199238438261932,-1.6190490919947953,0.4516762033465328,0.4484887275318784,0.9823239058126221,-0.09887674192013944,-0.7582435165985617,-1.6869009377137782,-0.3316705615776053,1.114665247448026,0.010143573645633869,-0.0802024424773291,0.2159796581470325,0.23483015306682103,2.265276531079586,-0.2954609633023794,-1.1533934050263475,-0.12517103488818315,1.2410504209968913,-0.3781709379292747,0.8304337422232744,1.238923295736626,2.1058597364077887,-0.16258551424442574,0.9397450183749996,0.49069647307034314,-1.0163054800354112,0.8983399875753907,1.1495199984667444,1.7945229457687666,-0.8240816351401993,-0.6892679609782955,-1.0929818407762528,-0.00487251137106548,-1.119169278330635
0.5417967408785294,1.4661459909870462,-0.18334093586932937,-0.7554343166808657,-0.6526695350664409,0.2429922475511613,-1.667365951428774,0.4407205541124195,0.09995213977844225,1.094733253095452,-0.12162101459186336,-0.0629047101388597,-1.54992418794881,-0.8082648145645163,1.4867819065163668,0.07363203697668722,0.4607036610627244,-0.019509686649902894,0.29458544812784837,1.5245509068600969,-0.36340433745400524,-2.07211124013046,-0.4025593000542436,1.0319610437531375,0.3039630435980619,0.8749327542914735,0.4393368582099901,2.8429687118291063,-0.1709693760012016,1.5220541161095034,0.6767186508153883,-1.0994451186590837,0.9414057397947648,1.6556408876391893,1.965209536283412,-0.7851031385333826,-0.7377871674398628,-1.4660788049801439,-0.625895938478713,-1.5767075583985046
0.5015665969694594,1.8411166026037602,-0.17517144331291915,-0.28424388393485384,-1.4848016257263965,-0.012773612677866766,-1.7929202355936174,0.5822958898836681,0.028929045013476873,0.4954833655168916,-0.3834935221232113,0.5742506015559491,-1.2227553997505367,-0.6773305483997802,1.364395665125071,0.6682650332390354,0.5533596396141434,0.11094013741611869,0.09196122082071137,0.9628006789999455,-1.0021811867444226,-1.9150982852588774,-0.44066562721064795,0.8806079590727317,0.18951196036192686,1.3695491500894328,-0.19694535680273986,2.7779912891447704,0.23831455248153477,0.6223089968163767,0.965034854516742,-1.1010323783985185,0.7619227254800314,1.9824253928826048,1.862805820412092,-0.4431900037386268,-0.6569681122691278,-1.5832619904169345,-0.43844913609704633,-2.0440477698667645
0.4432165373043606,1.7060663290705387,-0.028562530551049084,-0.3025119164628191,-1.4570736812006284,-0.6632215356814328,-1.3814898235876727,0.1441095944613815,-0.0020211024534350225,-0.15952159602884294,-0.7228967047236944,1.32430506686992,-0.6149848124959556,-0.43802699292270464,0.9835556618098168,1.4538562120831928,-0.43531389693459704,0.5351856259867406,-0.16103488619101353,1.1600764624169655,-1.512777955760407,-1.15706105759215,-0.3165174929251107,-0.013435440304424777,-0.11806250141167624,2.164771606432071,0.02600481598534679,3.2665807384585994,0.4633042746694333,0.7137733377489247,1.1281550372993059,-0.6391908937957216,0.3979588565152795,2.1746079418847803,1.8898766362204766,-0.479419156620425,-0.6210548318913558,-1.5129191900210206,-0.058236488508780104,-1.8438226002877856
-0.11191587512432938,2.3459481467722783,-0.25889060086476723,-0.4454680479492586,-1.4040031119219414,-1.3542397046763248,-1.44236747534291,-0.1097516764541803,-0.5319841299609736,0.3432821652261072,-0.7666007776266857,0.6318726891534996,-0.8786167531134186,-0.019926091842046904,0.8235199328211812,1.3298830111702775,-0.43618508220296304,0.47956023881180454,-0.8787415776215861,1.2053539074740351,-2.1116372806093886,-0.8983374820613672,-0.08440408471950628,-0.32716068302060447,-0.7534251600774539,2.5149326527030573,0.574603618919677,3.121206522889157,0.42778435840179785,0.7225087128722485,1.1172518508005438,-0.7015115949409815,0.764433686192553,1.994973978573169,2.019430390638361,-0.3188244480003156,-1.285356932915278,-0.9802085652388454,0.05627330368673025,-1.3001191739152942
0.052163949433793155,1.0482515880120757,-1.002911698653214,-1.4356270525343386,-1.5434453283810001,-0.9792125041789691,-1.3185299841321596,-0.4755256548576622,-1.3667754284710114,0.9532959333801978,-0.40841287002492865,0.06418044520075517,-0.6031814515735358,-0.10225091486182228,-0.2325245768062091,0.6207328908123728,-0.7992350749398878,0.962825667860087,-1.8558004082338977,1.7650119888949107,-2.701094543566329,-0.20124286600771554,-0.4559969695230883,-0.5582685142751915,-1.055993042369282,2.3373497305998523,0.9578818043269013,3.467901281998052,-0.36037248933881927,1.2878311779166651,0.24020453922855686,-0.5433470252514385,0.8876232249668706,2.0621059055323125,1.1856528412489389,0.3457433408238678,-0.7035082889626019,-0.816659411572979,0.041985872033147034,-1.3110279738834107
0.34397704306404964,-0.5948936831069255,-0.163335395402084,-1.7528427685082353,-1.3128200881284537,-0.37048304743575433,-0.9269540477862822,-1.187696738847115,-2.0631542353160315,1.1520608561148447,-2.023138419245147,-1.0087796890095482,-0.841672874911917,0.5560497588219666,-2.171721614900528,0.6465647640620922,-1.525746650685318,-0.12817440670064673,-3.137156808483186,2.512048817827847,-2.4567082776892484,0.9587005126861587,-1.060402799654625,-1.1943816004429895,-0.7452063381607086,2.220857081586825,0.6856102055241817,2.717566246060368,-0.8357177680015149,1.0713512941026493,-0.4567326971734868,-0.13923984621084262,0.6725985707015876,1.4829501711113702,0.0730557754831424,-0.18889041953229752,0.19727747586547834,-0.23849707132733003,1.1574474063600546,-0.22067057671154366
1.1526208571410792,-1.062272521862759,1.0717940885429562,-0.6428050502122983,-1.4194274710612786,-0.1137843302380815,-1.3898827998390644,-1.3092986660147659,-2.2185380808136315,0.5304213292864527,-2.3178219457783293,-1.917566630087119,-0.6071017107556285,0.5850509051659842,-2.7480679945318167,0.46975040032637955,-1.0964971835482185,-1.2532104980956869,-2.591056189346744,2.3112428661709,-1.5903499779014718,0.3379132941755332,-0.8737746138735714,-1.0569620725489135,0.8046094249970968,1.173409151530425,1.0682606798375092,1.534244995802721,-1.4379645755116908,0.9025732822412031,-1.203912348823839,-0.12937714590962485,1.4026332445577967,1.0816784246249829,0.08986769088755181,-0.55746617665158,0.34858468029112866,0.44057223891401137,2.0285736505445007,0.5141672789491953
0.8048670270929301,-0.7230995144639195,1.3363343640023084,0.8446290587598847,-0.9365772510722119,-0.06514935151383262,-1.8207198050651838,-0.5648951135617837,-1.4266782652306171,0.11982439473535786,-1.1554852287418491,-0.8426814550115057,-0.006392815153434234,-0.33046398163434587,-1.4061817674985881,0.39923330109948924,-0.2960926051877603,-1.9332972274479483,-1.0566896735791405,1.1313933649098613,-0.47976840223084594,-1.184423226045452,-0.5929107286526542,-0.7846198733946677,2.083043788949886,0.1027017066710468,1.070222212932504,0.9211818553727578,-1.8519565404333527,1.1923081244809253,-0.7829225875387589,-0.06991776956181786,2.7271639910832954,2.42554288469313,0.4870170836581498,-0.47615083540814096,-0.45999898865840605,-0.3068438554943384,2.034586162068146,0.6137245508505473
0.38644017010851395,-1.0286979374509402,0.7944013942320494,0.6116134047018236,0.16274295566953756,-0.7891527743771679,-2.0071841557148438,-0.7780946036602708,0.1667183716427234,-0.7027813186772247,-0.4649569881345757,0.5041944693415377,-0.13567030720015538,-0.8777828274092538,0.10281487173360682,0.506698999502461,0.885462790690086,-0.9932619249909991,0.21544361249781252,0.20720783127852527,0.43393276680499315,-2.0143537636463806,-0.9196125141199002,-0.8655586472925497,1.761495250798924,-0.70151106680491,0.9965648501128407,1.8500837222178714,-1.861979981335964,1.95056550672822,-0.22658615834166473,-0.9564898316830994,3.0573955669393715,3.8410615911849177,0.12346399057577867,-0.3336745783047489,-1.3736606772627986,-1.0324129910282376,1.6720593840716251,-0.2291063958797941
-0.03052389492608687,-1.4319120345519076,-0.37895035132189914,-0.6577682484602216,0.21206284010991427,-1.1727526473752303,-2.046362934156888,-0.5688140275127331,0.8829174645751133,-0.5192506690865828,0.15637542545780314,1.662042643927982,-0.4560406406333782,-1.0877314275548027,1.7310803228749863,1.064699658812576,0.9007647677952741,-0.32196550004050745,0.9764356746344204,-0.0776695987711902,0.2423879677329434,-2.206466552641994,-1.2726215353246768,0.06852995776683224,1.1290230590385693,-0.2894499276812612,0.810158730231329,2.2591903524447337,-1.2351248544087547,1.4154053679202747,0.5978791194001799,-1.923945093962273,2.4751793945127276,3.852363483133437,0.4547393950950131,0.3250596260329846,-2.277409981930934,-0.5249868115662756,1.5303811227312702,-0.7768809088734797
-0.5368868045327259,-0.17548690477949952,-0.8689089114832091,-0.38947086687510957,-0.7596331179657421,-0.8186466690620211,-2.0137759533992994,-0.4945953318805326,0.6677670417170907,0.2530396310646202,0.04312382059270595,2.249412877528116,-1.09409639857544,-0.23618844982629247,0.8024349564373567,1.7216425758086835,0.8110024943922103,-0.1421605613664581,1.2101357375107866,0.23184663609858192,-0.6881098490784835,-1.4972779208925684,-0.9854271083675777,0.903315158143831,0.5854822932467323,0.09394229541692897,0.31486725491251977,2.014042276385575,-0.6588892039164884,0.44140985090949986,1.0179746607991627,-1.8524817330886925,1.3716282195029845,2.2430598528162045,0.8211750018107733,0.8028810246305459,-0.8623602866117661,-0.10793950284131633,1.5548396243969163,-1.5538823924834786
-0.9728080634375884,0.6221426584494063,-0.9341319675921685,-0.24335567144087555,-1.1281762003782998,-0.8382297321051564,-1.5918293145088065,-0.09750880975682163,0.19393969238642297,0.7273470157360725,-0.7838868594300185,1.746237052091588,-1.202824580746081,-0.0031575665510225337,0.2541796234696403,2.2500568347184817,-0.37347454523621515,-0.006014337592903596,1.2286715974033668,0.5413663339591706,-0.948059062729303,-0.7350178608575602,-0.3462327808809806,0.9806910818359805,0.2984088209170588,0.5788802291005402,0.10879305149076862,1.52878605033222,-0.6234298905879132,-0.17616155574123726,1.4698328877760476,-1.5308012855560547,0.16499177974913687,1.584351857353131,1.572678285698949,0.9358232529047379,-0.7025332732527023,0.18213403721801535,1.37048007245556,-1.4517597260412802
-1.212572642059839,0.9858147042088138,-0.7116795964357201,-0.5384854890333912,-0.8583781815584461,-0.5459587614080244,-1.1798793364376372,-0.46224115925637443,-0.031179811691431747,0.6598496745572437,-0.9675556407295498,1.5702647135693621,-0.9526177465869908,0.11516280164169229,-0.24771637356852377,2.5427691545958773,-1.2493940483225667,0.214139687596254,0.757935634325564,1.0469875827682322,-1.8306496058969386,-0.6697007077447961,0.12589937150058744,0.22001838033041066,-0.4939696922607957,0.9589727602007152,0.43105632854655057,1.2430614710899446,-0.5441536171955164,-0.19743542895494115,0.8704031260525009,-1.4843366955226005,-0.24291290676556493,1.1523162060564225,1.126196246766275,1.1260428252000196,0.05096220563681336,-0.03668675629990764,1.9091185983919927,-1.351322606042835
-1.20898251701467,0.04344444366464209,-0.5789695763805087,-1.043249325353056,-0.5378554697870344,-0.5794794180711909,-0.46896256954439913,-0.4185095124070099,-0.8028279997298544,1.0225524059189874,-1.6091848022479005,0.17240908334144223,-1.2322718659320984,0.5339540991830087,-1.8405992968066691,2.2512792771856907,-1.5547983032035184,0.1070324183610176,-0.8243890757603377,1.60036322819985,-2.2062201329882876,0.5172780671902399,0.41425973773193137,-0.9773887482626249,-0.8394207988612079,0.9873924789798075,0.08408450602150197,1.22389512547346,-0.93602302872558,-0.1892703733158222,0.16762247753525472,-1.0056784275356054,-0.09171458057204011,0.5959146682764094,0.8397982632455756,0.7900301041957174,0.36965626195120216,-0.03733624811923236,2.197484140811636,-0.5791213656297318
-0.5210939656319562,-0.39566985376597585,-0.2576428436406301,-1.1082761598184527,-0.2552474810660493,0.0018468879068222754,-0.29492041992694984,-0.4720766000754447,-1.64440957667552,0.9842092446964994,-1.7065406002434182,-1.3251980033332924,-1.5146426574007505,1.1278160134378576,-2.4974789264168256,0.6151896659642205,-1.5536803253248177,-0.7834642719420085,-2.2100260287982167,1.5205911997127008,-1.268840533309535,0.8638461696792361,0.9550643807257608,-1.5750168374491091,-0.3130656349910371,0.3593276329246711,0.42167318055884223,0.920856927960737,-1.501416652681956,-0.2471109439926179,-1.0468303910119423,-0.6307701455701004,0.1925167839568545,0.4555460964932001,0.9085349498579771,0.29972637108629424,0.6618244881667164,-0.4429457544708593,2.4025485117487317,0.33104703635414623
0.3336966943135916,-0.8095363436241885,-0.2267137868353153,-1.2133612676207917,0.45481082168528986,0.7651745170433599,-0.42521895795519166,-0.46494841106475226,-1.1933594064325588,0.8213848932945742,-0.95440200978214,-1.5397647432237684,-0.7049709360799399,0.36863049653401514,-2.425001203194407,-0.6852418460638109,-0.6235166492905111,-0.7087679703342611,-2.456645723695768,0.4166245228872315,0.5246230330663206,0.29914831711589385,0.4727213115554452,-1.4500000632636056,-0.039979006156263625,-0.6525592130290432,0.1349350590700923,0.7934009039277452,-1.3801274134223216,0.19504112826518416,-1.434487199198561,-0.42498691367709096,0.43873268033559115,1.5529622682171207,0.6235144776322753,0.1319815298099293,-0.06354075407165061,-1.1189266948802286,1.9242178727044796,0.17086892266034714
0.5628647018268713,-0.33993990766083837,0.009404920691603681,-0.5147607308573456,-0.46284415816125846,0.771196853014131,-0.3727804853378465,0.0880488045376136,-0.5990510806220439,0.43981770464538583,-0.37149838425406984,-1.0887344788056597,-0.06362704809144966,-0.36407693241531996,-1.0283519186071293,-0.7114901405044224,-0.10873828982359604,-0.6408261621267615,-0.6405485545532356,-0.17847163589568185,0.8031755265620849,-0.44592051236816443,0.3147687752656305,-0.6963667464169504,1.0353168121926961,-0.8677082836228914,-0.3379057328144506,0.38279182937486134,-1.1344014792880253,0.1734214976023738,-1.152680740854679,-0.5307447824601981,0.8344930286549901,0.7860695472907159,-0.03319190778207719,0.7171813259769172,-0.6867177839659442,-0.8907805797822618,1.7521576854511023,-0.42030509861691046
0.3434418110097808,-0.292180698588171,0.19130402165070415,-0.16120634907069228,-0.9489708938989441,0.6416875866968117,-0.024699059707004055,0.4957528450267304,-0.0016089714651589641,0.4081151706238778,0.022537696814560956,0.036816675162495205,0.6410933442942448,-1.182309571026434,-0.12139888701527746,-0.5584994836843189,0.11762289836978838,-0.3967275762462912,-0.014258837760230167,-0.8499042005848169,0.18660817725570317,-1.3073112306845882,0.636906756557458,-0.4631187202751522,1.6212074129607712,-0.8870674960073894,-1.0031874135287544,0.21961191391145263,-1.2578542710411798,-0.3033136904692319,-0.6270731008760251,-0.12108383919190299,-0.007636711955320369,1.1413572854866008,-0.2571513795025148,1.0078299219178166,-1.0568244735393744,-1.2519120183045445,1.6843082910153577,-0.9947547677470803
0.07312237907784297,-0.7760306068262558,1.1623170850937226,-0.29578567282122215,-0.77723017697731,0.38239530180727543,1.399465968364022,-0.07875911934663307,0.6605567763182005,-0.5181439928079115,-0.32285406925531485,0.14969579204982011,0.8039091182331032,-1.6533420988120702,0.20641132699828216,-0.17740430154313974,-0.11035462912284846,-0.003949103299230483,0.17075058596203427,-1.5721157406510131,0.019966915144648045,-0.8884582625251832,0.2593051163888922,-0.6280810500351361,0.874173579775653,-0.4204261903258518,-0.2627706826362416,0.9794644672085663,-0.2824740284186694,-0.24374627129779855,-0.8686698934693614,-0.44286724275377387,-0.27920014086026734,1.3251389471505164,-0.02188523994613748,0.846283244362827,-1.4160676379501447,-2.069860064891342,2.555291980736882,-1.2187375528735518
-0.7077129138123623,-1.7143197831547359,1.2817381559588894,-1.26454442672,0.5800071714052243,-0.19273672877219516,2.422435606135823,-1.260186056419175,2.455986054994362,-1.0430208988454353,-0.7309206345118464,1.1125429290310567,1.2592373548088998,-0.8489468917508581,0.4516718482495927,1.1204002358050027,-1.1125663089385243,0.138012739024866,0.1392995157176602,-1.4244794603869755,-0.3536714960130103,0.4327137910542813,-0.9750762757099174,-1.405742025024201,-0.5088717778315432,0.14737226497729494,-0.13772485211262098,1.5296463303978076,0.3981447381931786,-0.12100902943543651,-0.14873459413317702,-1.0289968752961725,-0.15623722021509767,1.4096522546946708,0.14323262164398104,-0.127515820216834,-1.2831744426052645,-0.7072759283816042,2.422741876495364,-0.9423492155636988
-1.0757215394701702,-2.1787467452107783,1.6910047546173412,-1.2740743798222196,0.5184902222020296,-0.33163568757883266,2.390283477161832,-2.0037473702874244,2.1947039633512384,-0.6518130788571248,-1.1041472033187154,0.33098742778661094,1.1291452532818826,1.249338837101302,-0.7793779348305294,2.6763627887145263,-2.9985885869621436,-0.45537482345727215,-0.2656707635154844,0.20271198293175152,-1.8179502569264394,2.6359509688153375,-1.0493135938470979,-1.639842285606644,-1.7455942096371744,0.9325682829001721,0.16339008732691546,0.2878004731644763,0.5740623997754877,-1.5028689568265632,0.30486144311644825,-0.9747940038771359,-0.45329104473196147,-0.8548047087872493,0.23740956141893943,-0.3853549337725069,-0.02513350393773328,1.8512577594933188,2.8396701888453033,0.48698067256158556
-1.9312805630702898,-1.081629589647441,1.157731855194405,-0.2762390444599046,0.9178152377614955,-0.3338669016343855,0.7104945618248957,-1.7669061752293105,1.6217066761505863,-0.5914941882048586,-1.1245697720685328,-0.4298175414890891,0.9405621024936031,1.42994768245821,-0.5764995598307555,2.241212620938222,-2.728526309860025,-1.521394235113422,-0.6114234705702286,1.1152448838948303,-2.4269982095692333,1.1140543872806037,-0.22338737973687325,-1.2950102442354554,-1.5004852164941915,0.7405650338618848,0.10852898971383579,-1.171775504463037,-0.3601818946279649,-1.3956930920799593,-0.251474737401461,-0.885427921037323,0.7539010968296235,-1.3042281829159352,1.1417968403780094,0.659004475415292,0.09720453378386672,2.3983468860006703,2.051059307290571,0.886523004004558
-2.072842645933052,-0.6137603987293219,0.6434806118340316,0.06530895731363304,1.1661534281381125,-0.4451183777127324,0.3082550755065032,-1.2669317523545436,1.0677784879841774,-0.5401725633023701,-1.1554162577415577,-0.9895047770330193,0.5996712092680128,1.3618462617990028,-1.162814203372466,1.488010948053771,-2.4075256920964923,-1.6036977214512718,-0.31938946106752875,1.3678783849572944,-1.9762402328915225,0.7513460436569696,-0.051329811600714814,-1.3134204966808753,-1.2180576315327398,0.2116315726534752,0.5324271740206745,-1.9109821885090328,-0.723432130460306,-0.9286905339046737,-0.6178583704145789,-1.2818398649234222,1.6072253830041232,-1.132875116588193,1.0406579312644018,1.2591313564173494,0.2243280849603849,3.0174704317461796,0.9586826806613318,0.9110397979154274
-2.0656767755933094,-1.335960237109076,-0.2985394149456182,0.017527190239561313,1.8148981049344721,-0.15154028731694813,-0.185033869105188,-1.1140084520952513,0.6398380333916822,0.22773799164425085,-1.2386108501893558,-1.2995888170246488,0.46476653245096194,1.0951415512239824,-1.472249740472176,0.42217445328505887,-1.6213588739105467,-1.8935461456827447,-0.41666994287087505,1.8010726027220936,-1.2011608142615355,-0.20657402340495729,-0.2502789225589324,-1.0007082578518762,-0.40764474640720194,-0.2341649202842234,-0.0376341150738298,-2.848479333717578,-1.0180399898598014,-0.339676732206749,-0.2873451639033076,-1.3988337635004986,1.787125774107501,-0.8806821432527815,-0.03460278584443577,1.7445621940301232,0.3439683192118725,2.723951318312012,-0.03420191280131135,0.6321252249503827
-1.927422006507652,-1.4821526624683161,-0.08608979639564357,0.3282476891119363,1.4831265000186018,0.07318583534369572,-0.2714062296284956,-0.2846460960924176,0.49627956846976706,0.0642817216734875,-0.9632441256914078,-1.3605270010829786,0.2824546947797816,0.42961729831690126,-1.820319541036494,0.1682956131736002,-0.6888641985923887,-1.6809833491838622,0.30658927766375554,1.854701696454268,-0.6437376664276567,-0.534479572668214,-0.4203423610942407,-0.3705303797346551,1.181516658678562,-0.09940314013934273,0.09003632786466292,-3.778066783468728,-1.2435578877555007,-0.7507131068123751,-0.2462294743269018,-0.5204059980681908,1.5706505644365294,-2.0430754983579713,-0.5117872549402234,2.0174660698437172,0.9200695193994837,2.836825822394757,-0.31998496343675614,0.44470457029345256
-1.5372563034296902,-1.9661195720235494,0.4624659897510306,0.8821507218013671,1.693977314680159,0.07272916575343447,0.20187479094304817,-0.054887386525976356,0.39181119111985874,-0.06768094473145367,-0.6763387429183116,-1.58016243983568,0.6406459395475621,0.09691950798178456,-2.502290919553008,0.050654445469989984,0.10973277562542777,-1.7271516324472378,0.596047645265632,1.4588278124750258,-0.07316034753133377,-0.4945821764142254,-0.20907968923754305,-0.0625411242702687,1.1830575394846607,-0.7894307852062523,0.4190533695851014,-3.798170359392751,-1.0333176175520522,-0.8607853814000399,-0.24683424835676449,0.16665484566382582,1.052828197357179,-2.391577908636344,-1.0677493518773713,1.9833286859262111,1.4411398065812717,2.1486135352630944,-0.5451321909828113,0.2625071694009484
-1.2251908907273157,-1.9928441871984626,0.9945818777448158,1.0322544308720263,1.8368809701773372,0.2138366771304872,0.4638615816345675,-0.032165382125884545,1.0760604029257412,-0.3709696142801153,-0.7103153370816435,-1.1798614041552091,1.4948216503812664,-1.0539606653643185,-2.026895082403721,0.034090856771571865,0.43316344687369596,-1.3344748160284865,1.3196708514211708,1.1618382896274086,0.4023622316790992,-0.7845516961773977,-0.38027236679179843,0.022435579903501646,1.2791773734689456,-1.1926360253828452,0.43858013163325604,-3.480132114885449,-0.9848613618070494,-0.779566376811877,-0.2987251651485783,0.21256039580727953,0.5257427686359759,-1.8639824761396993,-1.3164025679311133,1.5276075194944885,0.9836842570834536,1.7432219486400056,-0.0032262108034941672,0.3821049711458411
-1.4801433257075527,-2.1246347502730814,1.1983797553404636,0.7179179912539336,1.6944664195116443,-0.06455930303958396,0.7229978598924215,0.15177960131075086,1.2257125369872783,-0.1579166167956078,-0.3845953969230316,-0.7819239147489148,1.495895899221185,-1.1602040954747788,-1.4205489375605203,-0.06634826457202658,0.9350782979918516,-1.2365474398218805,1.4390931046638606,0.7381977552755531,0.4586859052386536,-1.0539455822253616,-0.643118604111764,-0.2067845233153811,1.0690914436207914,-0.7882210850968172,0.4250289637932314,-3.099848083965536,-0.9888020595586936,-1.1157896989099934,0.10704433749754297,-0.00473324205397152,0.15336001170470853,-2.238457718969667,-1.160262691022514,1.1672147718231327,0.5943572115679193,1.5065218053531026,-0.3342588491471463,0.36577334740938383
-1.8137036291362327,-2.3380736100598813,1.5257812889666786,0.6324548697487565,1.7566388382341702,-0.121285665151459,1.290302867320213,-0.08725062833953334,1.5243271231111384,-0.23495928496454627,-0.5931512183636343,-0.5844584182614346,1.6773308917380518,-1.3886506452344194,-0.7035436991066629,-0.1115455054884893,1.2880307491162872,-1.3135280204098017,1.439841445453647,0.934223124327019,-0.05849233488743805,-0.42675849911722713,-1.0687217367695203,-0.6009980158316748,0.01073971381540903,-0.23576089353518065,0.8656320915504562,-2.8940005537767934,-0.437576703721541,-1.7330350808414763,0.43046764228566775,0.08176899268987625,-0.37016471175648435,-2.840757410554444,-0.9769480235609809,0.592871831137471,0.5053052724727867,1.4807199903568162,0.3131832650688491,1.1287861255674376
-2.0290266468895464,-2.0627352962611596,1.5208408652287138,0.2965387033606499,1.7752387693434566,-0.41523307326164755,1.7594576389542491,-0.038740416186006765,1.5612697531455393,-0.47204121562710677,-0.7742375570355512,-0.6010736199355198,1.6099222154260322,-1.210630856198184,-0.9320124747622847,-0.05439324455799244,0.5491896877154802,-1.0659345447929938,1.39549879595604,1.447346955712279,0.31475887782232376,0.4169599030475453,-0.775017751670308,-1.0058079322931208,-0.6921637708532913,-0.5941737811221157,1.5212894755034136,-2.210917367353394,-0.6072837828038242,-1.8855498492471892,-0.045993098297477,-0.5652998956605292,-0.9191867581351076,-3.519194144785922,-0.13369616866642797,0.18894365459999252,0.6879263719424037,1.701001822384605,1.0370439628548502,1.9164450884694206
-1.8423789360826284,-2.2226867154352195,0.8326500324694043,0.5310583399648398,2.2632617729096567,0.32825565580813904,1.180126782798304,-0.25216094470408457,1.6078150940762972,0.1239765814912398,-0.01597414263137173,-0.5559806224457895,1.2127285450349374,-1.280488138657481,-0.2767456817444538,-1.182557701073851,0.6835299449348864,-0.9562000246905382,1.1376910174471875,1.7151724292229638,0.4208142178734059,-0.3416060535531623,-0.5445296506115375,-0.24229146613703467,-1.469081004572121,-1.309387639547116,1.266685366584591,-1.5014316816520796,-0.9056773975963288,-1.1263102281703627,-0.6387866323717697,-0.6272537746204867,-0.9833634716771537,-3.1010928265202105,-0.003512989521472276,0.0034139976861145283,0.4072442798609419,0.651782089933693,0.5170058566586073,2.1168705382170727
-0.9419766820217911,-2.9041174827657943,0.47753594467783556,-0.14061508746213103,2.0844965520200325,0.6755168980114343,1.5779909626330804,-0.5206398363748784,1.2313927879697597,0.4975741478496565,-0.8467946492812941,-0.7656381004193176,1.0494805913500496,-1.5384025037365918,-0.8703306442960822,-1.7239216036816627,0.32547361403726544,-0.8156724708353706,0.6867593079688965,2.1998968776027397,0.623015006465695,0.22454590856534987,-0.7363445482094444,-0.7340281188539306,-1.7227224885397514,-0.9929145767557309,0.6757178600902722,-0.43615249265165246,-0.7912543691417927,-1.3010628591610467,-1.0635292437986226,-0.5463621043138946,-1.1288775815780836,-2.745657732482855,-0.7241400564365794,-0.7807232782469198,0.9053515606715045,0.1377253784093197,0.6006674216035854,1.9516313199139357
-0.6639428741721928,-2.555324802732759,1.4213364446057024,-0.18139288374425597,1.7302304082887736,0.7054390312889265,1.3907186776896348,0.07746438531094402,1.3224467472506563,0.8915288691446837,-0.5755667456413345,-1.0014105448294472,0.7115928581594331,-0.37227932973317923,-1.0817044555394633,-1.490893787858242,0.22992883146540535,-1.0859868359830582,-0.3941925812827196,1.8054289796644365,1.1848180044031726,0.6981233146051535,-0.8730794831668857,-0.9615316358483577,-1.4585114086529534,-0.8273062527819474,-0.19550684548240715,-0.19492307897239813,-0.9630391356522024,-1.9082567235293724,-1.0028238216145895,-0.19200870068680825,-1.0947936105213099,-3.249111814564314,-0.9281311027824213,-1.0161226274562603,1.0713485908920588,0.1868076640532747,0.8598463844971849,2.2277654166690657
-0.5540484575347993,-2.4509086463087097,1.5563890388496264,0.6448755548527451,1.799189284343898,0.7793594172901679,1.1270517608050756,0.27147399641916675,1.134465152540988,1.194022893572631,-0.4413873994398335,-1.0305317071068307,0.40640417409700613,-0.6948619025954232,-0.16924799825758585,-1.4168249993146484,0.5772337796305551,-1.5870633031944634,-0.21166822946478145,1.54337471871827,1.3301543386218206,0.2440838114066217,-0.6393821969421337,-1.2662709588008243,-0.8642126091901559,-1.285222305604069,-0.44284217097102596,-0.12025404600537637,-1.185324402150798,-2.155929841313249,-1.001681054099442,-0.36306374328331387,-0.3612218738949317,-3.2585568867984733,-0.7576295860525355,-1.406805936254436,0.06956833225727588,0.31428663517098454,0.9316608055111799,2.48086421530036
-0.9795900803231351,-1.5838079656757702,1.0841251297698316,1.3335646670128565,1.1927591756715656,0.8959706592562429,1.0145450927422357,0.24923745355643934,0.8652018396134555,1.3960562320577061,0.6775340398632385,-0.24602705939874636,0.3593598294553689,-1.0774854605055975,0.6913211993649857,-2.0630470103476464,1.1001648302450269,-1.9576885559052781,0.4982066208216166,0.5099444051152364,1.2901796336406153,-0.4570760906989479,0.07757936218804651,-0.2503762476181357,-0.4755055653365057,-0.5810580625999531,-0.3225231596791975,-0.2853037084415195,-1.1710906429708046,-1.841169125726905,-1.0268027093787409,-0.4857925023815173,0.6586639524548233,-2.864503227514703,-0.681732889825887,-1.0461512920022553,0.08161095672573315,-0.2369104838287971,0.9962886860688769,2.6604874611983713
-1.2674694722436968,-1.2078303107756339,0.30336208649914664,0.811479158310151,1.8069008477342758,-0.03237097695882438,1.1535563331656982,0.6286256165174706,2.081959062695718,0.6210017914724336,0.3841730885914649,0.743765725747354,0.28994761278137804,-1.5260061815345065,1.4310965826235118,-1.6108777263381282,1.5316768671620693,-0.9378185639421904,0.6212510941194272,0.1051177835427457,1.4156136170009452,-0.6835081475267524,-0.30969112873680305,-0.8281944491034388,-1.6029779789317873,-0.18579619980158368,-0.38801506999514424,0.44168118767526954,-1.0270654797324177,-1.4848657554928255,-0.4105982814128622,-1.0503556243247596,0.43176807042998155,-2.009122368227415,0.11779005765572359,-0.8523315805725512,-0.32347300657880906,-1.2244453469724434,1.1264854243329956,1.6685601281689895
-1.508458257803488,-1.5548347747862072,0.20583388787024692,-0.23078013831018657,1.330361378210801,-0.16866337700601403,1.9643029426690224,0.7838944329485569,1.0542053187861398,0.9909314029835348,-0.024253300902396607,0.4742394162706863,0.29211408563714014,-1.038105304218491,0.3153879876228274,-0.8393803455484994,0.48987895776404744,-0.020738410876395386,-0.10023722459131146,0.9451834376421486,0.14692023232015267,0.5257945721019405,-0.08987220992971956,-1.5569826581278843,-2.3818911097263062,0.049723542843124455,-0.19433571676680883,1.5008829210622856,-0.3672371828630707,-2.078544368506453,-0.21824670003824334,-0.4701702877937053,-1.7599736435037956,-2.941091798277065,0.1417715789556424,-0.7073676385780578,0.1489285062139778,-1.2033969142477772,0.7456220162076204,1.3671195376283116
-0.5696193137653175,-2.0101440168228293,1.581048651600645,-0.966162914830407,2.068460368482943,0.15704699778445258,2.577110357170968,-0.6845262401657163,1.528643164656354,0.8078841134253256,-0.27714103234563275,-0.7560772204575221,-0.16890925317462213,0.44524113151202904,-0.41286463138910634,-1.1904374556095048,-0.3244668198501642,-0.05975968842540347,-1.727808962720407,1.3408552012929325,0.72783177598222,2.4866863086708877,-0.7350122893586192,-2.0143238389855362,-2.877870528781254,-0.023476434657477785,0.8305564505741327,2.0668003143768563,0.34334033595858404,-1.607557894125558,-1.5690256763029726,0.07881908967112927,-1.5812151054036012,-2.679246541101554,0.2328509611554218,-2.442271994077621,0.5063159021147124,-1.0615325268474647,2.4475653110343076,2.7535416973951823
-0.533717791822889,-1.4699900112612458,1.2206224545073903,-1.3818347952285883,2.344637057998481,0.037279480388469066,0.962290139619547,-0.7925744277388765,2.2586487839286473,1.065548856858792,1.5691423331162675,-1.0146487834332891,0.1751687484305044,-0.28884641209269313,1.17387623792908,-1.7777152898297373,0.09830901462245659,-0.797922530143458,-1.7105018609815672,1.3488102163717597,1.4699523792487457,0.7572098150566173,-0.8790764580935942,-0.30915319143584197,-1.893027251204472,-0.5349052249384443,0.608355751714141,3.3422272333262373,0.29840212155942597,-0.1464402253872215,-2.3739935773182177,-0.573861541430217,-0.02267313391083825,-1.5039035717042724,1.215062669939562,-2.5110168590003203,-0.8199184670181798,-1.2451723649703397,1.7528124217694483,2.8521212353898404
0.2599745691680988,-1.552788972501693,-0.25410322008837755,-1.0430245737998567,1.3408877205052443,0.5664535395196492,-0.4259607899245519,0.03142667088268214,1.2514242906796735,0.8763793357541569,1.4403936820679373,0.023813564540573512,-0.4239687338565025,-0.5783823237995755,1.6389304663353244,-2.708394417754098,0.872544326488851,-0.6591699445031369,-2.0961166667530713,1.1218901000386792,1.8255868174132197,-0.1237714266955535,-2.002865217455083,-0.11639423502827106,-1.4433411309426203,0.48831876036374133,-0.683016349253115,3.07268674223905,0.542082654346945,-0.6401629860229454,-1.7269748144840382,-0.6249064533865666,0.9579356006762598,-1.378053458458058,1.6884700386680378,-1.1328432556891106,-0.7211728257903829,-1.4015836043624237,0.5072541964011482,2.205374728781205
0.3366222715354126,-0.9214258669572702,-0.5684725331143139,-0.9814760042428773,0.19785093512376,0.4547899328542768,-0.9672754481076663,0.27079683370913704,0.27095021884410814,1.3710412992678505,1.582496242801009,0.8053203159993639,-0.15200564167537298,-0.5385976017043865,1.5599675401823678,-1.9877936301743757,1.0265860583165343,-0.578923953330681,-1.9985849088057437,1.253726868519602,1.0663716393330955,-0.49465895187505743,-1.9185601650167399,0.08685903366575337,-0.8067185222727566,1.4931638283608935,-1.2340825373430409,3.228754018926619,0.5635316480181601,-0.5315179798071553,-1.0250627579908178,0.051379380054501794,-0.2592098760033258,-1.6750360190969598,1.210154068107162,-0.9992644015802878,-0.22330052479244433,-1.7526069550522108,-0.6134662059135874,1.8025412089433606
0.6590289332377388,-0.7128244887811724,0.38762363067269284,-0.9991528071566373,-0.7655979578845733,-0.035111319302896404,-0.8764069404155357,0.5755849034997066,-0.3938616480057297,1.293547408460298,1.0000349293889257,0.8411853560336215,-0.09498715460375247,-0.2347916845292946,1.0950449520583285,-1.0602791398111944,0.6701246068472111,-0.15379416481884994,-2.663207055131966,1.1037088351589823,0.7605103814706565,0.2524217599332065,-2.6380485765453354,-0.5123478742305807,-0.4783284393482098,2.329205902386164,-1.5415003693834155,3.1972698281150183,0.4187632023345039,-0.7721744031299929,-0.48826671570873753,0.6554700793597672,-0.17548816928452654,-2.211640783017599,0.6647620881702723,-1.1130525049007134,-0.0039001874628803446,-1.2460909913247085,-0.22018131382777115,1.8633729202015195
0.8867774957350223,-0.4275546794679752,1.0673134781566562,-0.30360240312778897,-1.4472730605764728,0.0030444425219702254,-0.7117899081371915,0.01817758043218054,-1.0124527133766554,1.261305328310569,1.0386018056165458,0.282923557576916,0.005540491433672634,-0.25804280758355136,0.2609513774280042,-0.6362189913707043,0.22151365486319133,-0.3893764111223559,-3.2785116050525733,1.097390850932383,0.45487893813211444,0.9551220282764454,-2.4010245872283322,-0.7464237807536807,-0.6586450439430485,2.8768286425859295,-0.6452435181517937,2.5664888994015955,0.5500871539766117,-1.1216982303080203,-0.17225450638766746,1.0567573813517033,0.1300568397305114,-2.423731823331769,0.3779953640188841,-1.0936938861444818,-0.12375959550958249,-1.4039146403283072,0.4805131285656532,2.606508268406815
0.19731659616909347,0.12245795600082286,1.3040127939322874,0.20937602209137066,-1.6404906742893863,-0.2785855273038656,-0.8840794993662426,0.5471266283843378,-0.7895910439217865,0.3866387462979822,0.4045255893316745,-0.20396160145143122,0.16435863443673127,-0.6128857455122525,0.9282926335936245,-0.46640155055810373,0.3856248058364627,-0.4123239317138161,-2.586088678644551,1.0540039435384978,0.3317438089214516,0.3208464822000644,-2.765741999012616,-1.3131430365956334,-0.9329832834710118,2.2496610037992117,0.32810261771917487,1.830740983042434,0.7910346492642375,-1.050267528472892,0.20503165940976859,0.5225209142910507,-0.036424856290075414,-1.8475784046782207,1.5137910892933253,-1.3802588078911706,-0.4904842730470753,-0.8610590504503064,0.11113846544270051,3.284768168371213
-0.21734810112398784,0.6147147712632122,1.315794733727171,-0.4403328636714708,-0.8049417171432609,-0.33526459829685806,-1.5297221991369274,0.137286595629101,-0.14430432368707208,0.5154953598943215,1.4362581537724697,0.5054410450669997,0.21185709419784474,-1.1585966645666994,1.4059790983394547,-0.4402831324043216,-0.007650796359899237,-0.09320724621770105,-2.086953656596332,1.4340074116934993,0.3331101200425014,-0.830972428873935,-2.8054474530383677,-1.20833237655824,-0.8397552331711526,2.477665314509441,0.9714794507079508,1.9632099061804964,0.8992416425010663,-0.6141332605618778,0.2672715762758616,-0.22093571242297216,0.1363884916702296,-1.4001378038407974,2.4239439759069494,-0.6911174992621931,-1.1685158505794684,-1.3617327527303906,-0.7252672882546142,3.160190893080827
-0.04460444723558277,0.6433931345668664,0.18062847529099357,-0.26804691108830087,-0.45967607706006414,-0.5713346275205706,-2.15144796386743,0.3874102841603284,-0.7058312893460996,0.45724323515963744,1.4103065183088868,0.7068350674254233,0.3727049197589012,-0.4627729382859861,1.0176099563947325,-0.42578672695592723,0.7119524228290295,-0.6922560028098087,-2.1368423157391234,1.757827250996745,0.17980202501899126,-1.3821679405434408,-2.4014926319235097,-0.7959061029591341,-1.1748337129269935,2.5146930180701457,0.672331758091438,2.728286263289902,0.4262429723056603,-0.40173866907483335,0.09093704712558386,-0.11205561431252001,-0.28454949335301727,-1.5206456908875392,1.9601764661937053,-0.36726181886373355,-0.792712275875073,-1.5505042730002232,-1.129381695362341,1.9165022203500621
-0.159204406883525,-0.12483075998006787,0.2723093068624315,-0.0947309345502041,-1.0196764594443959,-1.1414473506266296,-1.8122668701047453,0.1737441211418764,-1.4639970652172898,0.5042741199413501,0.5710970177726129,0.37796656728321537,0.4206237867470054,-0.8738539645808229,-0.6174681076552544,-0.12379969672360122,0.5918295767635077,-0.024150458044096546,-2.040715353588562,1.7726082919991182,-0.193752314717769,-0.6733057614579636,-2.4959477340741048,-1.3512920364971475,-0.8488488082832838,2.708087687171322,0.46804851010273274,3.043199478670644,0.18843710693783725,-0.6714567264628086,0.2351102278090595,-0.03920295898587445,-0.3737100449330126,-1.864702451284988,1.01252202538127,-0.29720776928772064,-0.16872342240510851,-1.6018624431582629,-0.7691291444344163,1.7790726851014609
-0.29218171222004097,-1.401339104908091,1.299515793720456,-0.5928635248107479,-0.4207142048673443,-1.2942661691656139,-0.8239574472827969,-0.02140920015574986,-1.216342939586911,0.03460899117443464,-0.5079022366996695,-0.05782508324292354,0.7798934423464142,-0.43242086717357686,-1.8451077671603544,0.6736105767091338,0.3311217842857365,-0.10212174225877946,-2.9734964075070884,1.7440971135961694,0.3813036937488273,0.7348088662811172,-2.601451916541608,-2.5229106641287258,-0.9575725570652911,1.952178383057964,0.9027634584887974,2.8246377454378204,-0.653249589565561,-0.6275119459735206,-0.05907368571689889,0.6052584083203472,-0.8121203854014307,-1.4931888799528115,0.4194932948945877,-0.9419523960524072,-0.10501742898806393,-1.1510276727719355,0.7287948528725908,3.1865491754489157
-0.40967488952373987,-1.793570163581152,1.0308989392486239,-0.5530669437909058,-0.5880816566487341,-1.5497731364297014,-1.110230145826799,-0.11909583351319414,-1.6304292361552164,0.02069653004402737,-0.1189192441212909,-0.7194750568970886,1.3702973337178332,-0.10137137887308817,-1.815908940144815,-0.3014574727089425,0.9893406317489335,-0.9659491400387754,-3.314096080620423,1.5072519850434716,1.071493274674974,0.15029799329772606,-2.5103107882507603,-1.800169904829362,0.1358580025406958,1.3697894754881754,1.2640576626511661,2.954176117923278,-1.7115586747935163,0.006716941494177675,-0.9120101459423453,0.807924195424302,0.01063322980270609,-0.5062152957272117,0.6170609169465893,-0.8342819338512921,-0.06612020331544266,-0.9510152473731417,0.7366720440890742,3.7503995964308645
-0.10215780186215295,-2.6008714133168738,0.562615424904552,-0.021807701362710263,-0.8991776179768486,-1.0262445756791103,-1.554773184620387,-0.18453022299500071,-1.7362865893194876,0.057683418266386524,-0.17116370878262954,-0.5988993644824965,1.0658155417311526,-0.7829717921352045,-1.7144166703840775,-0.9086539167141845,2.130824551082351,-1.2442892063111177,-2.8477067118318673,1.2992200385761743,1.6975920701534353,-0.7439926076544356,-2.4563769201265884,-0.9351217152407173,0.7566071372006091,0.9923019873058595,1.1349374604601525,2.2379349197111527,-2.3611848866672105,0.3923276188023127,-0.8212077892455192,1.1759504501498994,0.7467786170649746,-0.2104233872645464,-0.18530054405786683,-0.49909420992329057,-0.611493545374463,-0.6380581837599333,0.4302122097426786,3.5345771091177056
0.10945349297614604,-2.3080241017222027,0.8944178931810212,0.373380926407051,-0.8572404169435215,-1.0169780627113039,-2.4932725073233213,-0.26892469595088087,-1.329277288870427,-0.08523337397231096,0.07148269644033178,0.3196784188391551,1.6412024782348005,-1.6444373803325552,-0.777557018651737,-1.3771853643942213,3.0112018289967466,-1.0780399985586282,-1.7993022643170424,0.2914941918555606,2.642816702013599,-1.7921727800146412,-2.901091140534772,-0.24834083575833737,1.131456249466796,0.04219598316043649,0.7487772120203218,2.2234595696958355,-2.4964192497055757,0.4299088902902537,-0.4234811027140365,0.3380868229886143,1.2587001745379474,0.5467464442043899,-0.7194829543129008,-0.2489306245765086,-1.300989048490323,-0.5682820067442189,-0.3744415345278809,2.5178153029933754
-0.004614724674450454,-1.5342553700775339,0.9950278362776204,1.127826611624558,-1.5077300335182606,-0.8211257965409811,-2.56409158197028,-0.7660146307400997,-0.505203510030442,-0.03410278178338824,0.47741085847387976,2.0627813252650977,1.7527134693986333,-1.40366124581474,0.3917512932571673,-1.1520101649272092,2.555123638902164,-0.7071804227542157,-0.6581966096008589,-0.06908352679898425,2.2076500929450944,-1.5678391245305834,-3.2699552666619156,0.05209088961931209,1.4040499298659146,-0.19438495227003574,0.360935704471397,1.453730537018483,-2.117597612967326,0.3770376339133714,0.705192475316232,0.2225955879799987,1.289908776647054,1.1272784127723856,-1.618848428794038,-0.27281757867841083,-1.4155981385673155,-0.795330909510134,-0.11154224005649976,2.7627093195083576
-0.5832678523967243,-0.46432390741811247,1.1024517849697824,1.3438534188588935,-2.612143658611773,-1.4955901307722606,-2.9400865621247716,0.23864087631625563,-0.29555203438794214,0.10502331268666362,0.4318565619144247,2.8207968377565265,1.64644205061286,-1.111744223521817,1.7700130646303731,-0.5026900626228274,1.5295922691766355,0.07747245069625996,0.031554662613631435,-0.02536421664231603,0.909507615237449,-1.7311474957129627,-3.016676635845962,-0.07511410409015802,0.9406870765331896,0.3439241392924145,0.06628655391828588,0.5718123474416985,-2.0824930962886086,0.11795920240102983,2.0947465410237314,0.18721617138771435,1.0840083878628766,1.0787804460203683,-1.9022671740143324,0.6637641635358581,-1.6528645024633168,-0.5164802360127877,0.13200152193485137,2.0658274087033743
-1.2736896783440366,0.3771025518009263,1.2952370564224114,0.9404158922243346,-2.7048685210794785,-2.2786338755562863,-2.620996762335472,-0.16582544043105146,-0.4174438264279072,-0.3995670834511002,0.33054463595072026,3.1226361896780954,1.8160136395533466,-0.7457309726274357,1.4790370981678487,0.459012150306664,0.648590376077119,1.0144404557364728,-0.12578411162034892,0.47535439133343804,-0.7848585742333518,-0.29562214257186237,-2.487862476802435,-1.2309370295193642,0.08259912851421344,0.9761001638746516,0.6302186993987905,0.3972020841735463,-1.8315920250599624,-0.2128303196044684,2.0946058006021397,0.28100587105111596,0.48342863531023117,1.0758591378561495,-1.839481923939302,1.345257407276685,-0.9909654203825426,-0.7524965624479797,1.5425310769432379,1.7520511883688294
-1.9512172746115233,-0.182629803651356,1.0125363262096845,-0.11807445663783284,-2.002067977955392,-2.6642652766643815,-1.6112835602565836,-0.5152393428230209,-1.0135984391639488,-0.18779349329419082,-0.13229661344994115,1.7625843150917664,0.8129384821325252,-0.5202463366033565,0.280103642637449,1.2572911035877008,0.46787684802748625,1.2335178416578916,-1.1743866564046836,0.940895298294787,-2.411493185640926,0.9497770152620726,-1.9650712434249247,-2.0735522235397315,-0.8437434869170386,0.2145733434764845,1.5485127351220278,0.7426519285825115,-1.725396188453192,-0.05601375635982247,1.284894195034966,0.25989443156746583,-0.0038628655437868975,1.6277479944805386,-1.3560071900850337,1.489400111303199,-0.5035259468876654,-0.35241175725928525,2.869991788205822,2.433800183991322
-1.7661787436322307,-0.9717493038038207,0.13289989789822054,-1.412306666769652,-1.6586804495936542,-1.8345116365099208,-1.3091997479620943,-0.6306763776949615,-1.7592868737030984,0.6486015912660534,-0.6027407593987533,0.1977836815059389,0.586710598232429,0.05729689449059425,-1.5799140563769147,0.5450137568397966,0.555307340120372,0.6894199892722677,-2.2608364629471644,1.0641294080990495,-1.0979226564036244,0.6135220559510848,-0.9117606499063362,-2.116572876064414,-0.6123463430176677,-0.03681837630036848,1.933274444656528,1.4069314059195164,-2.0436723022579697,0.9222373020910445,-0.7086576746470646,0.1876052008058255,-0.17437000968540428,1.3598011041317877,-0.8379532274881851,1.3316559149783838,-1.0544083891590805,-0.12782742996960703,2.8346585072469557,2.01196913361251
0.06235994982646348,-2.083484816580108,0.11795979505696136,-1.5071238183517122,-1.4998552100739149,-1.0121052322170958,-1.1842061680458698,-1.4888530120918582,-2.792440127725009,0.5964039254595546,-0.21136806849930045,-1.2637332253540494,0.46975931474356625,-0.2878842807227897,-2.9601572574563444,-0.8837618756901522,0.6925462531385872,0.012082780336803434,-2.9800149889589025,0.8905879995588919,0.635433067307861,0.6566775611557362,-1.4272943834392429,-1.2299008131637856,0.23993401342033607,-0.24564065496301624,1.5129297530403565,1.846969381112209,-2.510745526468676,0.7211806754024721,-2.3909372473243806,0.2667822279144083,-0.16579184505206157,1.0811761116918055,-1.0061930270596584,1.3245299978630174,-0.31971387534016954,-0.6158162321860402,2.4813993753814443,1.6139103696759618
0.858118937926657,-2.4007615358741226,0.6081179964275689,-0.5864007327001965,-1.495650009027515,-0.19287254596292025,-1.5208842375415004,-0.8438457000258677,-2.46031112720953,0.7892429985613125,-0.5796113033607073,-1.0265894014327999,0.6133634059831604,-0.6428630039826569,-2.6422779719941425,-1.7159354109129192,1.0813681109390023,-0.6766030149080272,-2.541452930244804,0.3418920088569388,1.86949430012153,-0.3873036033626126,-1.658463061000919,-0.6444177024005286,1.4860489930161744,-0.9404805164095239,1.0528568770829483,1.3569926570770305,-2.854652736505431,0.479829518767915,-1.7444320701657183,0.3738458317517984,0.07867637896398194,1.0603470809184614,-1.2176876564558459,0.6879706857112503,-0.521460764062931,-1.2964985560678306,1.7774087065654767,1.5479586992648353
0.8013692312437695,-1.8811076892243825,1.054932183906557,-0.38531455039151363,-0.9214565526505631,0.09724925417502789,-2.356986367537555,-0.20853186427162096,-0.9570406665076582,0.48799959719491026,0.8357601923570239,-0.05663175223390593,1.120771018263605,-1.6530134613605039,-1.2142107066409127,-0.8769721371913944,1.2693848375752699,-0.8387603517236161,-1.7128154810530936,-0.5888007681877896,2.7030151058519327,-2.2368207392513653,-2.3439480436413884,0.0736604534080131,2.863365331707535,-1.329239279687544,0.28658474692710856,1.4486106521750761,-2.481459944905412,0.6119898120865592,-0.5030270511680777,0.031925094885713344,0.6794287879125565,1.8243573025077822,-0.7290986530850426,0.8487589835770251,-1.8426267541719978,-1.1642206032261178,1.270333141789104,1.3487508015392273
1.0777326720951574,-0.782916485450238,0.8476329179864077,0.08014801251599835,-1.6829053298744776,-0.159448130476899,-2.4608549274639753,0.3843600062065504,-0.012760751311346685,-0.154282335162318,1.3509432981844092,1.3893893094722523,1.565899155136285,-2.1279325043424118,0.2778907690032133,-0.4244091000882834,1.6512201558779511,-0.755138723766752,-0.21616402131591128,-0.6868000703005751,1.7632036365897843,-2.7754957223051115,-2.9472842757094218,0.1507939634590526,2.744233160078751,-0.5100312816082051,0.20716664464372592,0.6397457105382962,-2.620347717543122,-0.3910435589244303,0.6855531258891343,-0.46272476186373956,0.759604283559917,1.7027712103785786,-1.2600144188050042,1.2873425776775513,-1.949127903186108,-1.165912094107676,0.7361849907830256,-0.035934682320442723
0.08200357893479066,-1.0716804145911225,1.3279067388457617,-0.028909076757471425,-1.5780315352509477,-0.7716673816106179,-1.2223286640579019,0.21149462372039685,0.15915162403424526,-0.20260948166849985,0.1504170050735008,1.9943772060054494,1.4075838856808782,-1.6538670274321858,-0.03837041259574828,0.9516319299474285,1.232131084047202,-0.05093653685110322,-0.0351981758016264,-0.4153794030186948,0.015379490527036993,-1.8923045782494525,-2.3888449678180224,-0.4872735741669685,1.9167633541766858,0.5984459753268112,0.10094153354946223,0.8496731111580504,-1.7976557986720518,-0.9221611011751102,1.5576087773541232,-0.02525884995968479,-0.12449123299948867,0.8260963213209898,-0.9451907834163196,1.1029730783860547,-0.9741155486954338,-0.8495227217818252,1.0261679922559388,-0.28505429675876
-0.3127035515496027,-0.787973448682853,2.3825496098333017,-0.075481498627855,-1.0828651280060357,-1.501929998145577,-0.1469320256827024,-0.6861976781960204,0.6599852757149505,-0.745690611502252,-0.857682002523337,1.4905032914122036,1.5454521505231882,-1.564878753310912,0.1852823650608451,1.9595660918485454,-0.16838393095234094,-0.4716154512958685,0.26246472277932514,-0.11240975163676947,-0.795728354025115,-0.8515389011767018,-2.163463223335391,-1.172596318769613,0.5577076852294234,0.7796798745019826,0.6215743351281157,0.45088773663080706,-0.8714703306052052,-1.3749203509495707,1.3695024290411688,-0.18662296278796092,-0.6708992953959323,0.7379204355833324,-0.344596245358217,0.5532742944429184,-1.0294686227239769,0.056046886049469016,1.9696121839722238,0.4422030290405513
-1.5562346405278857,-1.1912837774055003,1.8722300299094248,-0.47755175864810895,-0.28746140717435065,-1.0725372703781355,0.6763987821276061,-1.1368139580990686,1.4267482519506425,-1.2883128513715068,-2.2014693181009646,1.409990986978963,1.7304743258906767,-0.5633313366915768,0.044491466682567316,2.1784210722685167,-1.422131265168318,-0.2116160443872928,0.8858644079884869,-0.22612603668809794,-1.3132179067766077,0.6735672708359903,-1.8966343551411966,-1.97163874375872,-0.9361514549941163,0.8341572507026271,1.119065513621543,-0.43303945909558267,-0.43429903554683813,-0.4551322172371597,1.7073440824901853,-1.1794556940699363,-0.4847151847257607,0.7760025086394917,0.630247768661522,0.05240891191238023,-0.9813797248513096,0.5038802300024707,1.97929153035071,1.0505776613147049
-1.9029915014407996,-0.28040231471546556,1.0755024373292927,-0.17976063716673626,-0.1370866864675942,-0.9188562769915668,-0.3172598114248889,-0.4893510248393034,1.490446360040815,-1.18452390534157,-1.9170312419184543,0.5842106786695479,1.5677634943995022,0.4980971376542586,0.10467222257109396,1.1922323808443551,-2.075279698603251,-0.4997987320795051,1.2330088035195534,0.5936036452856259,-1.749931073016966,0.1676429131657039,-0.15405472425686165,-1.5965188576697358,-1.3048689424590854,-0.12681542365077192,1.7617577754275116,-1.4775174242303795,-0.6220066752348301,-0.40794064176297595,0.8729496772370646,-1.6513065360497148,-0.18645956321194046,0.5468449727270933,1.4910978355087747,0.871133556096693,-0.8974598272457139,1.395919353444123,2.7346959643799607,1.0631662387854894
-2.4330973469112234,-0.6933935420674116,0.04820095407154172,-0.5109487451520898,1.1654629878194012,-0.5835663017529221,-0.6474922021901663,-0.3364422649883046,1.5572300536443409,-0.38296534222916523,-1.8289575520476111,-0.35519866388292626,0.6711365680877583,0.7124560377958581,-0.03611689065300405,0.5024622612500835,-2.184416569272331,-0.23012487478184598,1.6123938772024005,1.0452129950858278,-1.5835153802309165,0.4479731586599587,0.5872632029673239,-1.2056560126663611,-2.0767937344290153,-1.1394238947997952,1.697234666834738,-1.809675941149369,-0.4253651295208881,0.5016979396271105,0.806581391712049,-2.138245889109938,0.05985642233790878,1.0890659730130672,1.4231888016665637,1.0083314544601425,-0.972138534698393,1.2807262764548775,2.049727733601576,1.0264673743999628
-2.3855646476616372,-0.4995678946090064,-0.8003462722681468,-0.9740425917372448,1.724176052758407,0.0012050144669308038,-1.3702649981708175,0.11339519994360366,1.572092045671961,0.5047081383082108,-1.2337818705534704,-0.968330361306082,0.06215957670518141,0.8258352420616828,-0.25315145753800616,-0.3396687031893826,-1.7835679543368133,0.28913364980866485,1.6519251556964623,1.8759737629819977,-1.3159688992453147,-0.24347413383982075,0.9301923226956472,-0.6381378898025045,-1.9671746082980037,-2.1688877686298453,1.2074269166555167,-2.255342420854919,-0.5968505589258464,0.5095548597132862,0.662780116350169,-2.3320234092290946,0.0011847865633275445,0.9479659409768625,0.6600633174961978,1.5891099761122598,-0.4240905692025194,1.072202984721761,1.3904399734278825,0.8250785244163968
-1.153077737375001,-0.7278253046893536,-1.5194738532796264,-0.8656812060309967,1.6182564543707783,0.588031917428665,-1.6647642623693584,0.8167891442858386,0.3850988431580993,1.2488317284677268,-1.4197733487213007,-1.5181391887558688,-0.35435208057668566,0.9580462936338703,-0.8435659314125239,-1.3884750071569696,-1.724445708715506,0.008593036777039209,1.4490314280980021,2.123017642363453,-0.11317618587855077,-0.22119122687415538,1.7604276479690115,-0.1256843319362732,-1.401795069332317,-2.893075359576038,0.7043799797077888,-2.7937763637102155,-1.090780974116248,0.022442031549398465,0.16757124331118334,-2.031971125844674,-0.9258551321593406,0.19908585771881196,0.07507756690348127,2.1860937165836942,0.5560692698205285,0.3806591053311923,1.058419428723698,0.3761451848340175
-0.511117509314595,-0.47734863005187744,-1.1542387501464562,-0.6672432586990369,1.2164862489539106,1.260594044281274,-0.9158690950785646,1.5456282340364147,-0.033441997337453566,1.6278588963404843,-1.3888697016364757,-2.042248497206937,-0.6098911386537346,-0.09782532162958471,-1.2435392958880969,-2.1619289225056093,-0.753344606266305,0.435815535101797,1.7336470596514169,1.427153207485599,0.8658714536467238,-0.2830205915285924,2.075973236006808,0.2745555495153402,-0.5962694263016526,-2.8098848051537995,-0.21778776133064276,-2.620424523994157,-0.921162206238724,-0.37209721853556377,-0.030009659140811995,-1.0927402539693531,-0.9679423679767769,-0.5779339819531122,-0.845918282786011,1.965398149548423,0.7657183943923682,0.4581011263744714,0.8802625341189971,-0.15294307773420573
0.27432977885980714,0.4631514033030009,-0.6837086371344526,-0.17251321713565615,1.251436123678244,1.797619330628791,-1.1250253083486155,2.2142268373395533,0.4644098839684616,1.639570147462304,-0.24357432349942942,-1.2453323938422671,-0.6201088239310087,-0.6167922855037926,-0.42479275960259755,-2.3026043317553926,-0.1781372085107231,0.580318292793967,1.65898589727773,0.8081617602691373,1.3608217997924699,-0.5861886643751237,2.0273340551583816,0.19487822180307857,-0.036372512029144405,-2.859474224111296,-0.7949687566146482,-2.563923520906093,-0.9981030234019607,-0.7785567973821457,0.18362097837460345,-0.7458342745602001,-0.9384519340540567,-0.21749626538235023,-1.0553174836840977,1.6152382569034025,0.38129546558494226,-0.28680497281820844,0.7356500772194551,-1.1202077148471237
0.1402631996038766,0.33790306439677,-0.44528546186276313,-0.5841585165757799,0.7015655313301874,1.411242390982456,0.70805429413367,2.2308611661337463,0.9186559075259977,1.3173794718302458,-0.43537967530806077,-1.4303799410469564,-0.9064666687242277,-0.8865626866418908,0.1579471570540919,-2.1951525430263605,0.029642899408950082,0.8140342897130521,2.066642350201359,0.24822003279936855,1.1928969740663198,-0.22053345360408394,2.058388488505994,0.23222035857236545,-0.00569703744769845,-2.1082363576202,-1.3360141776470744,-1.767042562370599,-0.4527852057837458,-0.7762657328372002,0.15086432234534977,-0.19425492832438887,-0.9529327635573273,-0.7338361224207794,-0.9746064121602156,1.3681479011632565,0.4312783808844458,-0.656242944192087,1.2950574396670158,-1.6774936283981026
0.16783171644955458,0.4910182215716553,0.3623721314449,-0.8899569607371837,0.845520815946226,1.2207765219112545,1.4838576065215856,1.9757619429567295,1.5645005735504738,1.1853147342434867,-1.09584656888455,-0.9903194628749447,-0.685748998193124,-0.822786169380811,0.4676344146466091,-1.2396895365016627,-0.5506027970814978,1.1571120011945264,1.7788833560271808,-0.12014050856359015,0.7413806007749204,0.04129712230863358,2.089408190628434,-0.3977530685912708,-0.14607993893402194,-1.3629994108142856,-1.5752385812100325,-1.1818431729010646,-0.14331836101985868,-1.03697000175907,0.26403648909116195,-0.45182370803428074,-0.8821885820783189,-0.7301245049568432,-1.0112283558635327,0.5770474615353451,0.07545006143663635,-0.6004426687540365,1.791015750197574,-2.089210348116429
0.09773414846130288,0.23223367243288456,0.984557200424707,-1.3725281892440273,1.0803603969102424,1.1484711633806048,2.2200243906332076,1.8265871890842629,1.8094626243691558,0.5907760916333794,-1.2523460579822852,-1.269150178004928,-1.0228818722949373,-0.3734753960784112,0.4343486630528999,-0.34451608369888764,-0.9737349864707823,1.311314592332619,1.2895558788536152,0.23364742251692233,0.2979442685622288,1.14405204367866,1.925346036080704,-1.206522061034061,-0.4685810084488931,-0.89760104774755,-1.065808559746177,-0.8156971049580748,0.06697337453347718,-1.370295584236131,0.3882355013330967,0.09545184379379607,-1.089361702648604,-0.9091316335188662,-0.7280622439185341,0.1441329237200925,0.13261281733683006,0.00571892091019216,2.5462701495313556,-1.4378229518108965
0.01934229707178725,0.8121955494969699,0.9584485358435069,-1.0505107598422618,1.2927312028018603,0.23045656288893895,2.034037060459677,1.684618137427409,1.8912780174755766,0.9897397949020028,-0.3752033346936571,-1.5532691727445038,-0.7119232411732791,-0.43305658687235693,0.44621730489583267,-0.44433925061639123,-1.028228282549056,1.0095185924834396,1.1673773247966266,0.08197710647408685,-0.264305272311425,1.2001683516917634,2.292565189417818,-0.9604677623938845,-1.1359611184891345,-0.9300033746748899,-0.7121339521716004,-0.8851614638803283,0.38971117786692616,-1.2816798111210377,0.5106683970087097,0.1756825049944174,-0.9165682052398552,-1.0039651845494362,-0.2802692394393915,-0.19128208044731693,-0.3806948553366385,-0.25951137811082714,2.4755055949323976,-1.4720268598280766
-0.2897584171383625,0.9055428739763677,1.1935470950945908,-1.3739595181666622,1.6107032374614247,-0.17594849606369106,2.0961982599293156,0.615926205605946,1.561570934116941,0.6728112858266696,-0.37599897962280915,-1.4760147787816171,-0.83454094216752,-0.3445220328664724,0.4348581050852135,-0.6050554494218598,-0.9718384223522567,1.2931933107601388,0.5795264518089864,0.3719004480351507,-0.5154001831761315,1.9646897502974647,1.9610647647486958,-1.5492905406067603,-1.8795393290473172,-0.7117838183404019,0.057268163453587595,0.3124048798183621,0.8417295407184792,-0.8649274140015348,-0.6562246004145693,0.08342392756386036,-0.5816841195038605,-0.7069337121400927,-0.2412858654937926,-0.05718146599228251,-0.43422619053013445,-0.42034662809013523,2.8087112057418864,-1.4293290283571234
-0.2236509416479687,0.28794018603665594,0.6997058854976466,-1.8726938341504769,1.7688888006896355,0.1305212113091585,1.2323715491549536,0.007664905191453283,2.0146528126133605,0.282661554142861,0.06306113413958897,-1.145075067754755,-0.5514089935938353,0.15752986056247767,0.9755707842062049,-0.6411341372562588,-1.1403047713001173,1.3369863999007336,0.5922198540759347,0.2528964501522205,-0.23410057274597074,2.1425870539562135,1.0849403920094178,-1.6988318689644069,-1.8680856261588512,-1.1392885762479559,-0.14139109925142712,0.8413080289255357,1.0174505911985905,0.058281067097657124,-0.9520579734174673,-0.2121664597910789,-0.1994577866257901,-0.21760939799547474,0.2994756114718876,-0.6619393317879878,-0.6279584918207879,-0.2937502400310479,2.8691457680955446,-0.9334789537308552
-0.1252416169990249,0.281543335498315,-0.07499032724227583,-1.7181524696541068,1.7011538620517777,0.5795311244216814,0.479829579535991,0.06655699239199915,2.5980300073030804,0.9994684018710883,0.9551113955253271,-0.5964542139542532,-0.9124851822326056,0.18010748128188975,1.6685041911395349,-0.34936530806449373,-1.309835476833351,0.9085057030220741,0.5655949329744062,0.5311381567512041,-0.015688542782232934,1.1707231192576513,1.4533553450080212,-0.6361877283897331,-1.8746690661556078,-1.6261367585509652,-0.3032603221815072,1.3299289770464184,1.2497814061777277,0.23734742960737765,-0.7144552490354664,-0.9233869909460616,-0.07621892745946118,0.6873758521004202,1.091649208010008,-0.8988172531589027,-1.3734633996474248,0.050677844376342096,2.3723661092489587,-0.366623757888585
-0.3341398563933696,0.8886993080134409,-0.7619513150753252,-1.7794221907964878,1.5851210071784918,0.5522954486806106,0.2873882468633467,-0.08766175703500162,2.2082435122838246,1.5694868423919641,0.34512615998940493,-0.37045498302312907,-1.3869538680612745,0.30979787448676754,1.694149690316262,-1.0172477284830999,-1.0731955748908075,1.2259611973993751,0.36239832661537963,1.1050505405595947,-0.7346789290647973,1.4114759756342188,0.7258108340935137,-0.39189554133121113,-2.595395533343006,-0.48548739802145513,-0.23552906785949584,1.2628762465976542,1.2571797189259424,-0.08548376377077366,-0.6259852546213522,-1.3710743847466067,0.6379148917981483,0.34491019162565606,0.5651796349856765,-0.22742233140618112,-0.909864731430547,0.22231758468159638,1.9803435446946098,-0.8343866478918038
0.02016165661780942,0.1779507436687943,-0.4894141152335286,-1.9139390436188386,1.1694164950589825,1.1456462986710896,0.22771437392968163,0.34180498159912065,1.5679386678573077,1.0339147058091487,-0.2571851806727521,-0.10830185573544784,-1.6083519771429153,0.06301961205724568,1.271136445253488,-0.9542469163198075,-1.934670435815226,1.0035376410645673,-0.3547780051883287,1.441317077344222,-0.08069225128811512,1.7137315483169542,0.497662759302869,-0.6300849209531679,-2.271697536186835,-0.5702661220793962,-1.1562022532926801,1.1488131078408657,1.1384198105110284,-0.1656559904128755,-0.5233814303402221,-0.878503695081659,-0.02445954805667888,-0.09371009831535126,0.8798206616723581,-0.2876992555240728,0.05894299038950451,-1.0291953027207084,1.5547570441953058,-0.30411226032009014
0.5761519162159251,0.5488621324899972,-0.013546242652228702,-1.68806896826394,1.1220879803409656,1.111722641295757,0.14666913597888553,0.5146097728027855,1.3164401642189716,0.8598999578672167,0.03953536542428507,-0.2846472413338872,-1.598926433496407,0.8484888464625239,1.4397838906337084,-0.8060959742675591,-2.2291599431438907,0.2710309079709843,-1.267949935693302,0.9627805166302577,0.17368069031579178,1.242463283380077,0.3016113064137881,-0.6018141851031569,-1.2551344539948315,-0.14390033489172077,-1.6776294136077858,0.8500113848532074,1.1139670289200296,-0.4992307300645984,-0.4868333027061805,-0.4976443524731923,0.07632472648441088,-0.2001142445640552,0.6419132178898151,-0.5341026242148751,0.037004808537531186,-1.5689972745329097,2.345174017272215,0.7557604090383527
0.1794295911300532,1.4417050839239969,0.2692531520400041,-0.6679184017573498,0.5178271293402072,0.6054837685172949,-0.6480465378115086,1.430564959297276,1.3936302006323407,0.7827129480359458,0.7457477281541403,0.02342666166828644,-0.8486804425389604,0.5715693234427794,2.0247477308430133,-0.7692774566450891,-1.8841751456259797,-0.03149104309334949,-0.10740484301006922,0.71754591787796,-0.6766321878849573,0.11439427817003381,0.8488185397872978,-0.49599685304952507,-0.3229707556815594,-0.31511990266675893,-1.8190538660974467,0.9803748279261602,0.9708351393482608,-0.43106757859766914,-0.2554499418086697,-0.4700118610224331,0.13475627084029515,-0.322289930458404,2.001004836623294,0.2781655154322872,-0.16552887097711416,-1.443355897906556,1.8552016136990637,-0.4037669107730294
0.07899269967819095,1.420065909032567,-0.31736565594547006,-0.7546277028695119,0.7184966366730936,0.32438019321350353,-0.6730123280898643,1.611708271812451,1.8778065435146685,0.36035053562954944,0.7508511241685967,0.3101597548537609,-0.5265437898722356,0.14905714329499942,1.6905510211665071,-0.09059291467829256,-1.3193365438782645,0.7202267918432737,-0.25029092113809975,0.7753391626191302,-0.7981128904977774,0.21332428718558344,1.2545579180119668,-1.0492829415112972,-1.1435755862058075,-0.026958945928301614,-1.5884765313771836,1.5118503076039176,1.478781206507234,-0.573767326820002,0.05647205470675276,-0.42007056889346883,-0.01751284728734348,0.14227279718589836,2.1690003931499846,-0.25980686115766205,-0.5402733698972116,-1.4301779877208405,1.121807919295092,-0.6765842621014383
0.04445876404383221,1.4855631734887678,-0.09694753593269462,-0.9684653129070202,1.0263432314433154,-0.18567149683363265,-0.5346417388592855,1.6918121275310245,1.0173286605700655,0.2734290733810295,0.39457412861095215,0.09765572227579444,-0.9187964263078667,0.21399725257541885,1.3429346341993285,-0.5201259901335312,-1.0849645452757468,1.4308616901090354,-0.5877370946173448,0.7895443436330243,-0.7439804105608873,0.5607531350607773,1.3449175414538255,-1.2340427427150507,-1.524382138308225,0.28291418499397175,-0.9322426740385179,2.1292344231210176,1.5745570695293598,0.10189672194695254,-0.2287693738348865,-0.04257481871916763,-0.05549120807615793,0.30058446671477734,1.6088668290596935,-0.13128266365201963,-0.5503685750949459,-1.62666223286934,1.1446327437795123,-0.959110637005083
0.4225973877337615,0.10932543820352186,-0.24437355972400476,-2.097830312517114,2.331525121308523,-0.6360505781131858,-0.13905294725633088,0.8357734561167132,1.061305998871817,-0.47268183221953874,0.34299785066864713,-0.06441136995090724,-1.4768791755983504,-0.14342737724317006,0.7189392461999762,-0.43101356695557047,-0.6791715200473865,2.527272892086005,-1.859718096039865,0.9264268937624949,-0.051793829153314264,1.6233510375641627,0.5461709079962964,-1.6170504576851217,-2.3380448121474418,0.21161977722941444,-0.25016857707243245,3.595908984970498,2.3777307346159398,1.0392111323221735,-1.1927028123477663,0.6355501249082287,-0.320195910240833,2.1376333631401625,1.160390637913208,-0.5909895380097137,-0.5165410197774243,-1.3226960476883487,1.8650710117270903,0.13769830951422674
1.4985843177703733,-0.8287018198180853,-0.30005818975897103,-2.717860945655371,0.8846096325314285,-0.5145623476222049,-0.41565564787126175,-0.19725264277977184,0.6330106013188933,0.339611954911404,0.23089158775767166,-0.6607030424010294,-0.7055650007856469,0.22358993008387418,0.3374439531919642,-1.15081764486451,-0.8492350483952981,1.717517521984847,-2.632169099451572,1.2883007826371062,1.0618945283809114,2.007206045693522,-0.8002551743532769,-1.3182439833892978,-1.3802510918614723,0.06558016679532605,-0.4655613868724757,3.955164531073941,1.436751691324669,0.5875092476824935,-1.7775207389911998,0.2930679233809249,0.35839771527452546,1.338762687445691,0.3958482509255048,-0.5022685091998672,-0.9794706170391112,-0.953478641678247,1.9277600043827243,0.4888220173938321
1.4500627202881462,-1.5088292506648096,-0.06741253735830857,-2.1973291260171486,0.40354892964642586,-0.3730054919456844,-1.0163116008492208,-0.013790871633856783,-0.064305858435179,0.55061737690493,0.4216276307917731,-0.7016136077861383,-0.6367647111310353,0.3585238507134283,0.18815207445052556,-1.205019723601416,-0.25710991259638283,0.6334928073146242,-2.857453736479237,1.4534334358725798,1.1288818313629931,1.2920249647363518,-1.9316883222215029,-0.9289245762968003,-0.3678971592730581,0.8218316898998896,-0.7191709855508261,3.2565953959045415,0.5122645892446847,0.6741848843519007,-1.4662066931273716,0.47911381423385674,0.9405024063110365,0.06164951523852874,-0.11971566162763614,-0.5260383964546946,-0.41181911718535946,-0.7548954534771235,1.5105511525987114,1.5273370567549953
1.2410477306981662,-1.0627110704937608,0.2593654820840505,-1.070126929648526,-0.2851830750044091,0.3446009650642669,-1.6412170366589418,0.801488338749122,-0.4743777645298769,0.8928313728550862,0.7732913070843929,-0.07751125038532383,-0.5118638404045134,-0.04861230899735566,0.15451406824022482,-0.560396097913087,0.4858924076607095,0.025047261134646726,-2.123990780416574,1.3972466316316217,0.9226237613624528,0.6273449271230255,-2.4765081868165586,-0.7501823221797967,0.5766011365678032,0.7973853465370049,-1.2233041799603528,2.0940335847201674,-0.05291759578048394,-0.2638350251816206,-0.0889508017394694,0.9122244248509727,0.5953878686088979,-0.814469027196263,0.21414258147804596,-0.7132052961824522,0.1701728002090636,-0.742721909725754,1.141012465222273,1.3028425426487176
0.670167813502734,-0.6813021574402987,0.7445834906560156,-0.1971492277043441,-0.6277863743740385,0.13653711877494817,-1.6444820671396074,1.833171302285322,-1.0800501223098078,0.6927752267810482,0.3894653518237631,0.1192950319733885,-0.622306659792122,-0.8054785658142593,0.3188383729447567,-0.1551501704490732,0.8025648015877004,-0.02431051406684165,-1.4754729832541533,1.4243083162436427,0.6159954487558761,0.28447783469382604,-1.5978964545002399,-0.8758674529203594,0.9733577725189534,1.2858260619681203,-0.6349744586581049,1.6774855323087572,-0.32725760503996515,-0.5476728947290851,0.3987199852901243,1.4360595601020079,-0.36194863162566315,-1.506739891319115,1.2738437778016063,-0.2679655663911862,0.04677040505044597,-1.0192366720227823,0.8766026959294242,1.07801633055024
0.8854162080723487,-0.8725514521735404,0.6913556557750844,-0.07721957710350885,-0.8468750761967861,0.16455254227265148,-0.8669698373449117,1.1597236796362507,-1.2073631536195886,0.5362845359167041,0.7384582698416208,-0.39840977685150886,-0.26017781653067495,-0.8293538995363136,-0.11452452181900949,-0.3013556688309871,1.1675522324731418,-0.2108700992300705,-1.9733285554208575,1.4822811819261656,0.914668864901288,0.5509441317423007,-1.4052484783341288,-1.3077847973301004,0.12152976509066804,1.2470430606300469,0.09098936185523354,2.431677886811782,-0.07218063847052214,-0.3470524623014758,-0.28830525129815876,1.4686219417016286,-0.47476741910053233,-1.4793254418695776,1.1567483202861435,-1.4094095811798715,0.10822095885044747,-1.4186248835186293,0.9844106633548175,1.3750216661870955
0.7591453945457847,-0.8399264126614246,1.4111295111303248,-0.38429254244150174,-0.3203996725292498,0.27160341320514614,-0.9761172139175067,0.9378257921961239,-0.8628415975952461,0.3310018605683044,0.39803925412546787,-0.6305880960366962,-0.05249778681588388,-1.0270505096678222,-0.005735795917684666,-0.47765158372095895,1.2521173522485054,-0.25297328007354114,-1.4749741433506078,0.8730952410013475,1.4837540342134212,0.7291219494843275,-1.6398911839207466,-0.9500254570994682,-0.3064644257257981,1.0975393732672425,0.49113313522871693,2.2282840188500987,0.008956802924249496,0.08119676461380315,0.10373776687650046,0.9739883175744017,-0.5375355781813771,-1.0877233409623566,1.317825750256194,-1.8521086005867096,-0.24854731484299794,-1.9052445676252587,0.44344475981848513,1.434578221311461
0.8448777910190934,0.03936329617764045,1.5721288378007579,-0.22564045690743403,-0.27794599778895046,0.460609837119779,-1.116250394348316,0.8515601044618458,-0.756289517202835,0.19490114507419123,0.7120887562350708,-0.6824440233901599,-0.22272124607790073,-1.3704227348795468,0.7987171538897081,-0.9541004410759457,1.3306891316623342,-0.32099572456291037,-1.238261089925902,1.0295413367986757,1.4861254295597695,-0.37541784372539466,-1.6592453363938993,-1.246687469865325,-0.5858060864051811,0.7747486560101532,1.0360625881863679,1.6744458753878706,-0.19555173385142482,-0.03515173932344107,0.08963441964570465,0.6071137324932511,-0.6471223071198222,-1.0592085412488372,1.4703311069278717,-1.79267689954589,-0.9354965576275801,-1.9741231348077193,0.055091906085035384,1.6743985048103385
0.5352855128188184,-0.04694804636266492,1.4484884325388885,-0.28545665816040006,0.03291002954193073,-0.8197571465577459,-1.157799538721629,0.8086860968029941,-0.5378926322694915,-0.02777022307784202,0.39311119802456185,-0.8731694668156635,0.0842995014032214,-1.51816787667921,1.1585037802942617,-1.1104331000223386,1.9814149740162297,-0.1664655430952141,-0.936588424795375,0.8977211763327255,1.891164509584201,-0.8178184090116791,-1.5610994942082514,-1.1315470858954262,-0.8380415257747953,0.42560159037446593,1.5078322550290928,1.9621279547004113,-0.18952821821029636,0.3350394755403218,0.43282955776810383,0.5971100589538652,-0.45287649016705184,-0.618728925128138,1.3459103286937333,-1.700912947828189,-1.179021948964389,-1.8330130517357135,0.06440031674857,1.456287177898026
0.5756009231023441,-0.6257768391627622,0.8842499356401519,-1.0327821075703523,0.053791964871541975,-0.3931538027223005,-0.9850352837790161,0.12993017165159806,0.08125521915971043,0.015687278031740595,-0.2186475985026544,0.23662554983652306,0.41743018826706113,-1.6949148021255136,0.9639436363815931,-0.9499528097229959,1.4644337791447601,0.6524176709087892,-0.6076526076817201,0.19107016014841133,2.610685864686767,-0.9723317886171723,-2.0368805957994036,-1.180321945139912,-1.0040739102512004,0.02136717511772407,0.9282688313370109,2.1869189748176288,-0.33133570660958467,0.6066335687432287,0.4404040693469951,-0.007350886066834261,-0.5680880595877553,0.4326695956875529,0.6875763859939412,-1.207972436818696,-1.1077785372024145,-1.8187684399721438,-0.06327136574102206,1.4496353103906803
0.3069863073251634,-0.18847943517101384,0.6308840591311401,-1.0568896565308668,-1.0582296286040096,-0.4115914304773949,-1.1387948827256489,0.4076818892622644,0.5489551402332213,0.4215197035309831,0.41257739882725236,0.7671531386519381,0.7806673909262817,-1.4355751350842214,1.4708340728861564,-0.3892082760974352,0.5261255346455774,0.9236005312833818,-0.12332253734810233,0.47522323032949926,1.698567844225568,-1.1179523720046418,-2.021868078665284,-0.7570462764814294,-0.8684728123027328,0.1756180224385652,0.3498923822691097,1.8786073693253005,-0.467737869890292,-0.4087869494724765,1.292254350174673,-0.49570057122313005,-1.0863848475458275,0.14519467339483372,0.31818550721135924,-0.5695177652569277,-1.5219872306740314,-1.4274478769669003,0.431013491647421,1.1807957728570033
-0.5447026463017713,0.32984465296258497,0.4543341253541707,-0.9373988738094512,-1.4746076577523335,-1.139993056091414,-0.7418005098128718,0.007372651311282577,0.31915281520473593,0.44993294803530354,-0.09481087169551822,1.1485634284047914,0.605643149107276,-0.9456577939331613,1.2019117807168178,0.20318960602202574,-0.12668973940767045,1.6767684706706352,-0.009225677433995105,0.7136018102510198,-0.0391393512934165,-0.25696767833320155,-1.8232250231920877,-1.1736549468844344,-1.7248228281710072,0.6302225179146067,0.5919951232311929,1.5033995589417664,-1.1131536949233347,-0.8850603469820822,1.4038104807451681,-0.5040056850425222,-1.3057083330779733,-0.32199309665006237,-0.2320975441418046,0.4280629512225862,-0.4494422900544436,-1.5841466869753373,1.6958666923500303,1.1856585341748263
-0.9064174312196852,-0.5171446516120642,0.9930325710152543,-2.0238925653668787,-1.5429132325212582,-1.345907718846239,0.16891599733369445,0.5867470374304089,-0.7973071945739613,1.1199016422401527,-1.538891179082366,0.06097573119135519,-0.460973456829441,0.024549181125625957,-1.3362035756643365,0.5278603327751896,-0.9632836710635846,1.6024771025387206,-2.250487981567643,1.2125250848518565,-0.2884862971728045,1.9099779142536137,-1.4415942248961178,-2.3119695710338344,-1.3804163552883804,1.1934182142800986,0.6336170048004677,1.1557206668066224,-2.1728673795284617,-0.9973066274626476,0.7610664257331295,0.5311884806141509,-2.0154373052942063,-0.7760249029344939,-0.7238784564668543,0.19183344623508458,0.3963293685275191,-1.4333394896244207,3.0452785585242363,2.049183521408956
-0.10118408557339847,-1.1324428188053466,1.4776401097127292,-2.0331616515204605,-1.1245302901623588,-0.47669895622472735,-0.23033329704998995,0.14436967151832225,-1.8245947609752742,1.5607976651774278,-0.03487981529488565,-2.253850548106053,-0.9882425068877222,0.2682873579305033,-1.8679774369852484,0.23883149632470022,-0.44929154830438667,0.5194620640539902,-2.889063925778351,0.7297401988710902,1.338430433214811,1.6861940035666945,-1.05354681245537,-1.7777672435487866,-0.5380572463544404,-0.15122664026580415,1.242895345335832,1.0174119853154913,-2.770957345510808,-0.7206242205559499,-0.6672409228410873,0.7473517102719465,-1.1002181914849718,-1.1006569115854683,-0.09019098367868067,0.21918204944420228,-0.11222388102663539,-1.0421443071138092,3.0324168571727625,2.5591334625260997
0.48855379682246014,-0.9478850601272408,0.8539571256417439,-1.4058300573198337,-0.8341369810540725,-0.04268987234828425,-1.1479989749464468,0.2755821970796048,-2.179470891955372,1.8285005310288969,1.1796685673800067,-2.532423259425964,-0.9882757335092369,-0.5931814635278995,-1.9643406106858048,-0.6019058305740407,1.1070365035629228,-0.16268797049961892,-2.306508317687114,-0.08441603227198818,2.8164597778179905,0.030328876012079287,-0.9863028197058392,-0.6463425138971379,0.8246503116316591,-0.7413022234840414,1.6788154976840597,1.110711217226111,-3.0710716999601124,-0.186400053709324,-1.1040183389007396,0.48690639801011104,0.07428511670429727,-0.4364388443075472,0.04924325848332982,0.483557365789786,-0.7513523622843569,-1.3208371858281442,1.982649321692368,1.697245362071242
0.9917160176530995,-1.6025624891965518,0.5380214273153097,-1.4688185369729152,-0.6165969557813339,0.27698255638110186,-1.196836989227103,0.34878300056443906,-1.9268520486135263,1.4513968380522237,0.6951914459425914,-1.7795776327327193,-0.5969524941829963,-1.9625157987240645,-1.4929857593022584,-1.055862933657401,2.231519059769596,-0.14583753108579622,-1.399195643300327,-0.3424956771366998,3.1183822725690535,-1.088405858279138,-1.2789051050791769,-0.3813209749276867,1.438718118388,-0.8111522975656473,1.3331483537072977,1.4325681155379475,-3.0595559444534137,0.19308986906989112,-0.9224728531757015,-0.09051792843536913,0.035654930673283625,0.39321130598651866,-0.452890438084117,0.11127239084406476,-1.2750339448204033,-1.649932978551027,1.2841176329151212,0.8034180584265735
