0.15506184893378058,-0.0005445505641839682,0.7514910270913295,0.9604244607574608,-0.4731693187999993,0.42663882033144895,0.2315167698456349,-0.1512027739913849,0.03802579257893292,-0.41664763457448634,0.05612081687879747,0.06729522378681468,0.3717661378129308,-0.3710286644675537,0.2989395488102443,-0.37366037530085383,0.2898845380050216,-0.2734866983674019,-0.156872893173971,-0.14176526135366582,-0.2416658818919822,-0.07391402286600186,0.14768843420852557,-0.08997247693926451,0.3808621273386128,-0.6545875325080581,-0.15344520021310562,-0.36827295779420244,-0.12025218325578896,0.34998460642038426,-0.3654211471758769,0.430569422079238,0.5336802957041618,0.6460077205154732,-0.06618160784126154,-0.24455626543940867,-0.0899335122309967,-0.4802391995056266,0.06909377274316614,0.16747296542201165
-0.5496768268900093,0.10441029891312414,0.926890852532479,1.196382967678381,-0.02426781632638806,-0.25859345099745246,-0.7148511722806122,0.2739393342488393,1.333362633553651,-1.3845883441154263,0.5601605028376375,1.1974106391133217,0.8217758912150089,-0.8659201929469098,1.918000073907057,-0.5159004710266237,0.34494913052108295,-0.2889591660560159,-0.03481855987262927,-0.21528785809438195,-0.11411090008564101,-0.5608051047637053,-0.21478757843276444,-0.36838421029008434,0.7491579899709546,-1.3141124115537532,-0.5046709700053384,0.10032034429272964,0.10110530920575085,0.5895386837342483,-0.3761786832126369,0.24440481366447409,1.2184210981514487,1.9957529461979195,0.9991500980681902,0.2215024944799186,-0.7874115279517817,-1.5427090990527403,1.2197415757848602,0.21966581548760394
-1.2213776263680065,-0.09604774646257658,-0.19077458122532043,0.01894683063603013,1.2622178408809774,-0.7798331115922729,-0.7171475398393319,0.10726161840858708,1.5361717312632428,-1.352267818925666,1.1337986657677033,2.2055820940604924,-0.018441203332486444,-0.591085524685298,2.6382203678594873,0.27664591809373706,0.6322772706929536,0.4525316911231203,0.143377766263282,0.2051351344022912,-0.9120025457212364,-0.11565399322274045,-0.15319215328514602,-0.7273068444826183,0.21279653048819383,-0.6121676207635154,-0.2675211703890059,1.6904445174338045,0.9583682796490505,1.2781095886477263,-0.773341538523829,0.14861478714945986,1.1071680590215323,2.11949516010846,1.3477863550215758,0.0863046188944473,-0.9374656267318662,-1.1009915769792906,1.2451637606862505,0.015476846889413975
-0.6244842949458285,-0.15380694596609612,-1.1108184100215992,-0.6232322049806798,0.6745520455195502,-0.6710466790959364,-1.0877228417936908,-0.8155426053111053,1.0922752667968818,0.02593674735551793,1.2634249707427903,1.4578396342027247,-0.7449147608555075,0.42480252600854174,1.6244573094718462,-0.47000462177949237,0.8979655156161792,0.3639369321514053,-0.13853567445435583,0.741211195002085,-1.0342134451961253,0.37290671316584856,-0.29877052480595734,0.9302964258975854,-0.21590912863379497,-0.27144642114732354,-0.44426723668061696,3.282862193378851,1.2779240646897572,1.4509975712591787,-1.2728586846819956,0.007667283546672676,1.21816888740351,1.9760483365572654,0.9799890624709705,0.4592155612707884,-0.7530284398623522,-0.4452848083256589,1.0719360543644743,-1.1002913426488778
0.2796914328893893,-0.30801106633301145,-0.8286589075293428,-1.2844778887200685,-0.18403737340750215,-0.03568769975072572,-1.4838534658115752,-0.8592173133569334,0.6181010263803345,0.39151547710868767,-0.11227210513685887,1.236087519806906,-1.0485515439252864,0.17285682573830163,1.4795178441794534,0.012060827715967934,-0.14767635289231673,0.4541381307478819,0.6513353936518306,0.8063426206631826,-1.077164594618202,0.48882582962626553,-0.598393537799,1.6028424193907824,-0.299183936910023,0.34651279095448767,-0.4889484730309404,3.1794484577704556,2.4128579349537924,1.4744120378851742,-1.0355179986434815,-1.0002275371522191,0.5150448089462261,1.5941313588508068,1.0708706015947769,0.1912514852969153,-0.5528513698790161,0.0033448207903489235,1.1301141830281993,-1.082440718240744
0.3395539462882312,0.5236887152690299,-0.7236113464556894,-0.5622755335301766,-0.649547839008723,0.5218609924748041,-2.1629461758047555,-0.2646847286429465,-0.3026567411047396,0.8811394252626583,0.0749633300653012,1.024250230634969,-1.6646787265427676,0.4704053569196825,1.3639358371758779,0.5166118826546532,-0.48223417457159856,0.5351362285569325,0.7651771023659624,1.5945621744738563,-1.5439716258721987,0.7810179310421546,-0.29205053015092863,2.378535517049559,-0.13149009503367437,0.8102968096988397,-0.07438328894547275,2.192419281163426,2.2502598952486492,0.9059722178274348,-0.19378704482620357,-0.6751691026959751,0.11330605657984427,1.0668032158384042,1.692884522780282,0.2223841973891436,-0.2187953972152376,0.805173207695438,0.052862661280054374,-0.9974650076227726
0.3963112491050101,2.086168112130413,-0.7549744169282564,0.20983344414336488,-1.1090883881345812,0.5823806707464417,-2.753326123191513,0.4214457733013577,-0.7241332850112908,1.0157036837138236,-0.04272279608975868,0.7156627501641285,-1.6748190270379344,0.4445823686259654,1.1796047859485534,0.3901626265676599,0.0014192202509616877,0.25670251899973173,0.38959666229196455,1.3431922052823673,-0.8507392807345654,-0.6823760563357145,0.46014244955307193,2.279734915238077,0.44740572851768284,0.5509621829870988,-0.5640679740050915,1.4158764437491984,1.5423518003259373,1.1334657570073052,0.4315126655342169,-0.2820387789057822,0.44643622680194006,0.9342439043541664,2.1044171138310084,0.34192490515789203,-0.305789080291751,0.11449368272896066,-0.7148972330809341,-1.426591509279643
0.31034390652108695,2.7350860604949103,-0.6643307392127794,0.30003370615465147,-1.198079557089298,0.6696382071772394,-2.852232154619223,0.9679378961158713,-0.9464016015038257,0.8458627748759909,0.029090240430919095,0.5974980755442937,-1.558814210536848,-0.3923298073612783,1.120920764146644,0.38181962996410984,0.5289652683066581,0.6597343081198248,0.4669954759574855,0.79115996405704,-0.9772165630649071,-1.1204268261764634,0.6423954072480498,1.900630563350078,0.677904562255694,0.5961234249611964,-0.6128482575933141,1.3773291868064446,1.578611708937921,0.9959584652662621,0.6308112749936742,0.032052645643668755,0.3171557140128092,1.5256694100436232,1.979319968582776,0.5985228659797412,-0.5776899578266798,-0.30560740836371625,-1.570398844497068,-2.0709147557447487
0.35082694656073377,2.9068662838607953,-0.44827854413477786,0.3706357636158303,-1.468521585727524,0.043684447514942715,-2.224169848359806,0.7330868798511069,-0.8631628700114883,0.16427225990764754,-0.2979434553239837,0.8013787543288116,-1.24151788058617,-0.6317525549715091,1.6775012418504955,0.4183568034077655,0.6257325274855845,0.44035765480243655,0.521269410995929,0.5085300067280363,-0.7757960824940733,-1.381973768087803,0.8381295407532602,1.5070293146126883,0.4274307104140141,0.7871756983671475,-0.9761265920341741,1.3248506819920371,2.1131046375175795,1.3200098295910057,0.864782548958071,0.018648009006651978,0.06003666726335552,1.6710386485900295,1.9748305238355524,0.5997278975464243,-1.2069194777964924,-0.773571743079185,-1.203463476851713,-2.425409681151552
0.38618313724976183,2.6932692917286927,-0.3675927952173933,-0.07528698422014421,-1.747237709170321,0.19928679817051698,-1.3573774731531607,0.5413874096424551,-0.6245398492551824,-0.4035380131964778,-0.5880220074339191,0.9209181439583904,-1.0904017930504477,-0.7826988350265163,1.765319768317195,0.8314232738826208,0.09548009043620322,0.9115866577502885,0.42970807544917045,0.2166008581007113,-1.313327583843996,-0.6558610048055389,0.3278618956178859,0.6978152523348553,-0.17106811466493937,1.0170981727498707,-0.49023453126550853,1.0952043629124075,2.123429511651692,1.0863661321902485,0.872969303277779,0.07654489294996461,-0.21342522938461908,1.9436178517460974,2.0105504140090757,0.2853119978649272,-0.7958879683171685,-0.4858498439474329,-1.1129862896309062,-1.8475528004690671
0.007927114999999652,2.9170349177489863,0.11888878388035418,-0.347778351833025,-1.6487314625711442,-0.5662233123686667,-1.118164322986298,0.44727641059931045,-0.7090933858321221,-0.6136179191849622,-0.9724612569016953,0.15801697341843784,-0.6555501460744177,-0.3505720345724641,1.9229929751597759,1.1552233272471648,-0.43325681637666175,0.5209999824930613,0.2269289725818887,0.43344324012637514,-1.5147499781938707,-0.4311386899038623,0.4522888904340895,0.31500852077379615,-0.4855583718014406,1.2512882098133777,-0.4512986022663634,0.5129877359527395,2.4210898368759577,1.1297930951787316,1.4900502302909195,0.09908986886075327,-0.4524143346530602,1.4640268411662922,2.332080554376824,0.14210581896069127,-1.2161821815646634,-0.04067707632732023,-0.40915439588047,-1.8136943451177088
-0.3729788500578262,3.063544960173843,-0.17923206794978427,-0.38181678718619205,-1.3625491112462926,-0.07554465629435657,-1.3707162047496722,0.556476216838331,-0.2612117393468773,-0.2420531239317443,-0.6180817694953268,-0.2753678230528679,-0.7373499082734225,-0.15816141999606073,1.6117756584647054,0.9455012275999455,-0.3382227122103415,0.9146955982408913,0.10454985325163463,0.5716607728249963,-1.394565962937387,-0.800505113886304,0.5304413877068863,0.5305938256278647,-0.23539009497345825,1.1076950102944156,-0.037649658939371916,0.23085425120427477,2.2264368482132295,1.513447754482533,1.0862285393310716,0.3044215622227433,-0.20547539134321222,1.4959294792040332,2.8952851451462562,0.3908027916533908,-1.2109367402438196,-0.16067505259614878,-1.0346774443340632,-1.9200328388529182
-0.251846591607715,3.4426412125896384,-0.3508647587706636,-0.4758053993079629,-0.9802571448333781,-0.5709152935512946,-1.1469824278101237,0.46335262738712923,-0.3693840391042226,-0.5912028835294536,-1.0864254163989226,-0.1980708660298368,-0.7974070075165858,-0.9121820747892573,1.4535118925270962,0.6610047237414151,0.009675168149845675,1.1312138797021711,0.0018360833366890539,0.5857002395855738,-1.2886970800909547,-1.236282324729585,0.8225514283233396,0.2836985997153206,-0.23933408510983847,1.0072414693484557,0.19502933401066538,-0.05023737608682427,2.5477553656465135,1.6407258206494442,1.1773091931476234,0.3790360411092947,-0.2357868245609161,1.7861079727174973,2.594600033144476,0.428297995150103,-1.348861327450381,-0.4690792297038705,-1.2553719706556137,-1.9995615208972302
-0.47383608205729744,2.7247587428243563,-0.5524478978231838,-0.521221936802127,-1.0200338313977053,-0.5177207378473648,-0.8811910858668326,0.5848812542848005,-0.06419617315678469,-1.0429743245677976,-1.2839331203703868,0.1454444218266175,-0.5048802438481284,-0.9209834000946493,1.3853263439349792,0.6946400091629445,-0.015759188104153138,1.3752819834136274,0.14838420175909173,0.3611526241852389,-1.153722655622987,-0.9766420655631243,0.48552705760874504,0.07787315192476135,-0.33781073770909775,0.8756954431501893,-0.12650465488660972,0.2211769598573491,2.556928822481082,1.942750432184637,1.085590031347646,0.8915603773169545,-0.31248415961684484,2.260173080009084,2.6661411752504423,0.7369609860800304,-1.3179787416811313,-0.39856387115163855,-1.4598710690391279,-2.5752807479489177
-0.4365561099546482,2.070961214479738,0.061248530263705456,-1.0388599699786638,-1.07290907383317,-0.39669046405622016,-0.4470075667951967,-0.13661501564160025,0.42927468560762005,-1.5539637952177785,-1.7020773378390004,0.35895608110239363,0.31481800519331626,-0.4830136757575313,1.1822102210342729,0.9556559192429027,-1.2237049857748008,1.6375585411522011,-0.22415205978232455,-0.10977972625314236,-1.5717626407112846,-0.053609020134614216,0.49202002418341473,-0.0663353377092516,-0.719244330803317,1.045230097088691,-0.5298212766496966,0.5627305894142757,2.4103962396198892,2.024851267497514,0.9151578092079262,0.38222645490399765,-0.4396133475010932,2.3570517345022566,2.1329756935577207,0.941304791028576,-1.0118184560353416,-0.041008065936076435,-1.034329824567461,-2.3609568724243326
-0.12109948947346627,0.5475144143993937,0.7877631962539997,-1.5425702516639865,-0.4318582283250228,-0.7290914704574014,0.5950711028076427,-1.3214586428727162,1.3007593532799873,-2.2537526418229743,-2.6057604526246405,0.903034508861043,1.1372964936393508,0.498058175867922,0.40606969403188664,2.222210597684853,-3.125209500825191,2.2502360621462043,-1.1092200581320628,0.21627388637737766,-1.6477799673968918,2.3340036849078887,-0.856708208621476,-1.394018286152986,-1.8519456590851882,0.9195097400022302,-0.25012253617686486,0.12915747080296391,2.752744420192308,1.6654230306350328,1.1331233572577315,0.6426710582755636,-0.9766977763283804,2.7233677606336433,0.9334264085088433,0.23549068528383915,-0.2776316947085766,0.3593246377286363,0.28898552245240955,-0.7714696614403026
-1.1128542732454583,1.238698860437139,0.938979236377613,-1.2716189779589524,-0.9031647266781888,-0.980907121960352,-0.5994698617793752,-1.2004615625342794,1.077190116951263,-1.9996539286511685,-1.6098662947907156,0.3696081697767113,1.156088685543976,0.9231688930399501,0.9091295844868255,1.9621381408455152,-3.1637348295432473,1.8723447810576137,-0.977861423642819,0.5713652316996236,-1.8366858431236168,2.238394699510844,-0.5664385189469978,-1.294304697429901,-2.2869242032771906,0.6022843169436483,0.3862873644006692,-1.0365952001373144,2.276802851875838,1.4238061276503162,0.9750500579114879,0.0236435559482385,0.02923180455715574,2.1211245466715476,1.212867873226096,0.997319165920665,-1.060908858181217,1.6054372147796607,0.5629381282957117,0.14090809829846118
-1.6158920495253535,2.1138215177629203,0.13924999848935432,-0.9178603020162723,-1.276066186204535,-0.6380114776405501,-1.2918184605882774,-0.9902063021326826,0.621242301157865,-1.303127486197598,-0.8803973349634078,0.47056652241028335,0.8417742188239123,0.6551695474635206,1.2253097551264027,1.3857165196823202,-3.031003732960695,1.3586913779132186,-0.4628183764005068,0.9498023995068147,-2.1391461404516345,1.0099638406528897,-0.43365855496985184,-0.8954185647795024,-2.0809990254849087,0.22602109672818263,0.6221194718425541,-1.9338259410741812,1.5069674874784735,1.2867640161596852,0.9109912548732756,-0.4170895190093906,0.3180902058037154,1.8676031405672,1.5007320052936612,2.383249834656026,-1.191430789286851,1.50908725097104,0.340333116011065,0.19555211044374876
-1.937041294094751,2.27090706518429,-0.3650660813672479,-0.7750402151005797,-1.0828463667091717,-0.6575213107925149,-1.6054168136382108,-0.7194389395670338,0.09008552442903384,-1.0232837985782264,-1.2909013962787241,0.29956426945705683,0.9647747238710056,0.5191156100649009,0.716330100238531,1.2643239959013783,-3.22441408578053,1.5346050790967067,-0.2983313373578297,0.886394300136021,-2.277233484908365,0.674906710651676,-0.14017501956206874,-0.8522374406900091,-2.10668552817675,0.23443095900553168,0.4089125512933451,-2.4937240572843438,1.1950000734326272,1.1147844681754164,0.9284161268719996,-0.6929377101025255,-0.3762152256455764,1.5081052501568024,1.529466175917914,2.862538740246468,-0.7975909959089631,1.121347108915826,0.34371262435440686,-0.3292736511973119
-1.9721003002446331,1.6788915850337318,-0.5530489355015269,-1.44379363146886,-0.878327163339342,-0.34570667043572434,-1.1989031906231673,-0.03971443720154422,-0.28911424779331,-0.8053563076909482,-1.593261804791619,-0.2518926507118783,0.4367989461185692,0.3972481154606684,-0.2513622921347348,0.9851895416231,-3.061569891672627,1.744157536756463,-0.8685348205735475,1.5817221998510502,-2.3539578905058427,1.1200138431846771,0.07495951502097842,-0.9851736847600404,-1.413896917784938,-0.03491975141910758,0.526068444865888,-2.7286382051050326,0.9334954817705372,1.1756980751534847,0.5134215407256163,0.0743170460804379,-1.0926137345544955,1.4745201901429614,1.543355540278946,3.156164930057946,-0.1958529213879323,1.1668146243287485,0.5258480862912616,-0.28077670227885587
-1.559037606899413,1.3659570060259139,-0.5979678260492747,-1.4604708444572723,-0.40159971863884114,0.2902251912176381,-1.3582554131390059,0.16537871206566312,-0.5914962335960464,-0.4174614352402125,-1.4045825919100512,-1.254172543228409,0.26053743810072755,0.2577777420418542,-0.9804087778645343,0.7522817208984568,-2.1985511077527633,1.605176098778096,-0.980440247031834,1.4398853023131717,-1.333390487578492,1.212509057390866,0.3190594644579897,-0.6720956189667577,-1.326401696559827,-0.37043855710760437,0.8610755929415491,-2.934174781034921,1.0812943046864991,1.4708884734357208,0.3800308303011866,0.42481617050356335,-0.6969195240294193,1.325727834397073,1.2551173977708476,2.386778406803433,-0.5263700199058379,1.6802226266807103,0.292008409421985,-0.28175270728973356
-0.6059180931299343,1.6650110083910086,-0.8461877057386855,-0.9284328131737045,-0.7614593422138339,0.6349968279940081,-1.607860609097238,0.1138282695332618,-0.9238885535830674,-0.3027743221141797,-0.6794541944948993,-1.9675837109254712,-0.36962010769668946,-0.12945788616211734,-1.0162498124809183,-0.35765908627739806,-0.9038266453680166,0.9876763976687406,-0.8540350415332938,0.7911695043176922,0.004629703309551293,0.04355283952379388,0.9199882641329934,0.0731066552604072,-0.4233194191090075,-1.0653391700033192,0.8876672699122494,-2.9336885480161974,0.5237861994280706,1.5393243482528924,-0.40502999164560444,-0.04184098863986085,-0.07634827914073489,1.4101306280157946,1.0920232347886865,2.515033500113885,-0.6494358141823828,1.146495500520015,-0.5038411803668391,-0.44522489022541645
-0.6456905795891857,1.281420849710309,-0.8065108510277219,-0.9336056042532379,-0.5363427639157681,0.9979015625692156,-1.6318038544722404,0.7861718682813681,-0.9712966117960897,-0.013836573341706383,-0.8621389115782316,-1.279167310855054,-0.014950717989907936,-0.9974816812067969,-0.6674693813831729,-0.29310727650823887,-0.3156281632725517,0.8554556995954932,-0.3755990120015395,0.23948717673040287,0.7806030286554935,-0.927579558087133,0.5796146113518166,0.24551323237813516,0.5554829626411986,-1.0881110667909384,-0.16104299331024913,-2.8205969706335594,0.38071703724082706,1.355753704545834,0.13386402255978025,0.2687643461857237,-0.4434451771681504,1.2369215658886357,0.876710734318864,2.2559348250614164,-0.7923391015233985,0.2524635901771346,-1.0287629796800037,-1.1305902236761247
0.06606417568934794,1.6794741534758952,-0.36295515728879696,-0.29342015323361537,-1.0069403834354311,0.5726555930410778,-1.5271522934355892,1.0745388052531788,-0.47537644061717665,-0.670750929437348,-0.4548322545693506,-0.6548963030255693,0.2996375777755501,-1.1630041895158465,0.02013589733856022,-0.4281069977757538,0.03193885646206465,0.7887775956373195,0.21182017011848706,-0.2023342991459861,1.3134569385436827,-1.2441602276859194,0.5287902394014403,0.11528902713788057,1.1132108007778598,-1.1683726873406897,-0.25871378202615813,-2.5376958979418407,0.07462310739578042,0.7569596242882337,0.135729003960926,0.4515238463351452,-0.5667637163058277,1.0423830028914138,1.077700874560531,2.271315923822429,-0.6508829877780831,-0.1780844888016371,-0.7000677977970768,-1.6149142506959884
-0.3319804102693896,2.0103234147994904,-0.39074633092151756,0.10364010408621563,-0.5117602334580288,0.49533649347809094,-1.1755567343000397,0.9041951591138637,0.041184840636903315,-1.0484382382881379,-0.12403135673118225,0.17688845835548817,0.10072839034778984,-1.503390501021383,0.9384407915527793,-0.3379962984545308,0.13827308203500216,1.3388626227952831,0.3837082594564173,-0.6176810705332378,1.0859760623389936,-1.1277524050437773,0.33828711639911363,-0.3969765132988349,0.8200516946447057,-1.0084383545896707,-0.9620969511507516,-2.070307663895792,0.39467734816413774,0.8149079943164746,0.5947235484233487,0.570459404772801,-0.58462701260346,1.5510510436491005,0.7852199144975922,1.9096009298535486,-1.0220739299048465,-0.9488897308788073,-0.6851578147835189,-1.4971648347272957
-0.34578360760140936,1.7171391488312995,-0.6202816499874269,-0.4145787258920816,-1.0936422469391454,0.5886621621725575,-0.609550039208887,1.0385301467382901,-0.22628020188558734,-0.9128213369366168,-0.15026793481256473,0.5733032088682037,0.3248033213153569,-1.3477644906725246,0.4635464001348792,-0.028456599113511172,0.39976371783528725,1.604211032298016,0.03936504333709015,-0.9961703252349259,0.2695840161642141,-0.32150410615930847,0.42195640767486375,-0.7143515658730262,0.1912651382467961,-0.4820406400266884,-0.9776440402955666,-1.5199324184026284,0.8001365956215947,0.2661403481791262,0.6206999751528829,0.41064487951944467,-1.2300906076661964,1.0974161095091886,0.8543954786191459,1.87454996603304,-0.8652431309515012,-0.5727809554502458,-0.0614021779973683,-1.8421066056400965
-0.9954524722266052,1.7243556186462994,-0.40338341467540706,-0.8943347313016595,-1.333545059005458,0.5000189825078387,0.19100565089703553,0.8194575225903031,-0.43733001258666243,-0.684572919126667,-1.065085702754001,0.44783230875004637,0.596187956097326,-1.2108720441686314,0.20487390965797278,0.40122755191565895,-0.3143920783135546,1.4927192009566366,-0.49997232253896107,-0.8127802456029194,-0.1733991776959595,0.4186331088205411,0.7446585268733942,-1.3212053745470191,-0.15786623140446382,0.06439034639651578,-0.7522910158171014,-1.2884737277118288,1.42645791115328,0.06310355418793527,0.11349812902401006,0.46864601432512065,-1.661310718091232,0.6075914604692015,1.40593918663245,1.6145787020864872,-0.945763056009263,-0.7768738342160462,0.8544712348889416,-0.8833394471922212
-0.7995603053302762,1.6338216150854956,-0.15100132148903295,-0.8162794577155981,-1.7356132245827598,0.2622961361334995,0.271126082182928,0.73057058965424,-0.9633618601178231,-1.013315961319241,-0.5939424469630776,-0.31858452779623964,0.4982119788618477,-1.0828827441742035,-0.4114444162530831,0.5192288225275847,-0.02360389590288679,1.2969600519869746,-1.0297280516054363,-1.025114591511992,0.03445983779860158,0.863585155456061,0.7094319541029989,-1.4345329230794328,-0.8915016720729665,0.21090358303321707,-0.43343390864264025,-1.1536252104880937,0.9228000848836869,-0.17700312549257094,-0.6468818535376657,0.9120590544144149,-2.2809636798380106,-0.49208599398506814,1.866936112484857,1.5622373517970385,-0.9284354014707923,0.11225928205413568,0.5328097505236877,-1.1271138735061892
-0.4474893947984444,1.1516358890054952,0.05525862277362864,-0.8955773809298235,-1.4616474457063384,0.6082880817154614,0.8669899142424646,-0.1347383560397225,-0.9495237857110927,-0.8729994164510418,-0.4667290762083729,-0.8103331619274616,0.5614314225994591,-1.5107428088268549,-0.4750996989028263,0.2429815505600016,-0.11483938848710253,0.7034043624533732,-1.0222024208007336,-1.456615601101102,0.6513128041436839,0.26361026829215867,0.8701963213216282,-0.9528352638176446,-0.5068475444606608,-0.1303419735607056,0.2675579089808985,-0.6543545337901193,1.5884135355595748,0.23390839802900343,-1.381721132741622,0.38921162864925885,-1.9453874547662582,-0.020606429750203284,2.789271787061385,0.9509537338869498,-1.3281286223263518,-0.435686372601665,0.8948220221197885,-0.2792897235997127
-0.8128482400024064,0.8637119621619663,-0.5574225797622206,-0.7385066875788447,-0.5929906658392923,0.5657251959003667,0.7467589070891267,-0.13178020353100858,0.40521571942729673,-1.5395690633309715,-0.30977777641427834,-0.0546132826987497,0.5617847182591494,-2.361615337950691,0.6334314223399169,0.11335540105460656,0.5251977588239236,0.7613468688178371,-0.3549144220832816,-1.430589589008356,0.7674010688068256,-0.16843883972463297,0.28715408439528334,-0.7904090389642819,-0.7454986201243623,-0.20418213568878307,0.23091417909986897,-0.17272879419476977,1.8287359267751142,0.36921112591906763,-1.2176770408990232,0.0044015024475056175,-1.0165852083117877,0.6578092716727197,3.240791980683489,0.8709091437431002,-1.9559636700454928,-0.6433644608132961,0.48051676173397984,-0.38258958521877856
-1.1834716921328363,0.028252229943168228,-0.448409788246088,-1.6987325093589924,0.5196336714653171,-0.24676729622319826,1.26530824705611,-0.8342655458178287,1.2893224296010708,-1.662226481113782,-1.3705352507396886,1.3939638564223777,1.2202037670391346,-1.5743732456831285,0.7048380609177797,0.771022791267985,-0.25464628222636154,1.4630376895270119,-0.3407377957806086,-0.7512480629521383,0.2926608944011597,0.4327544300367747,-1.0467194429436435,-1.8062759462139997,-1.5264192289708256,0.919999700816972,-0.3506568763773462,0.5780876620173477,2.387424383367085,0.22807951315826264,-0.4511561513756742,-0.3742607843199674,-1.400449093880749,0.19220887427016584,1.9880610557424672,0.35959177879065307,-1.1149636802078957,-0.19847120203343382,-0.15420807714532514,-0.9667942474287949
-1.054942516003882,-0.3964479563369053,0.24599755545556512,-2.3647889647121887,0.3717372209409122,-0.9859045160480768,1.0844809312836279,-1.1917120463596682,0.8450553765147899,-1.6099036936457949,-1.0960277472246531,0.7405707204851786,1.3249319522553002,0.09325110871556241,0.10506426340821595,1.413755119051648,-1.636575358267758,1.323524279570489,-1.0753790305631208,0.3831034679118728,-0.9050768917258621,2.2703687430811987,-1.3948371308968892,-1.30749631860617,-2.2760716633742075,1.518694982668561,-0.18896627463992488,0.6804676018164386,2.4093746827517513,-0.24323163327356606,-0.37601990360070736,0.028620158746952437,-2.3534763571068895,-1.37432126744358,1.662401888026916,0.53073898133491,0.07340222541695485,1.6056149932605899,0.09036576042836203,0.5700893227865366
-1.1144957777807765,0.6792175904774731,0.6548367245133433,-0.9699424331748101,-0.9563650280036857,-0.24319885722329787,-0.8868859900339525,0.05459079278557,-0.5689343259677653,-0.7285362052537223,-1.0104303379467672,-1.0324577156024533,1.510347074317397,1.021115383901147,-0.8183666799419204,0.5157921676313041,-1.322459394263463,-0.09544580417231469,-1.9945173208523448,1.472402693549041,-1.2311462953252392,1.8558376491457422,-0.49262662047091277,-0.6834101613541893,-1.3915927645022863,1.2757588622470657,0.06301883404635072,-0.608233881191885,1.7716283752333362,-0.462544372321609,-0.43499492328195277,1.0276594371108392,-1.4084004873568088,-2.3363442578587525,1.9749955032244613,1.0724268182097298,0.2685525835407334,2.3456200406218652,-0.854280511667311,1.526451556463513
-0.07074240113750721,1.434002295908638,0.17821003889379394,0.7185667584182437,-0.40171486418228647,0.7703035169080334,-1.6413841229567276,0.28078106007034087,-1.5096949452235537,-0.5015103710016604,-0.5109011818166843,-1.7067013115616096,1.7538466399077062,-0.05314977959386047,-1.0989148445296624,-1.2082296759375564,-0.8304139968429609,-0.6496756537471671,-1.6516469772672862,1.7397033524378136,-0.014859316888875207,0.3829348285214316,-0.42754998979050635,-0.8151686721846875,-0.7280606846728652,1.0520911462750075,-0.029091670463193928,-1.7072206417916862,1.3842851718730451,0.36797484639902717,-1.1038374881201096,1.02517210144108,-0.40280523432293935,-1.2383155295651678,1.0516541816145857,0.6867296081532959,-0.08949416309526992,1.4044524877222548,-2.1192299780604493,1.79167001191643
-0.16970041524171758,0.7184736105071904,-0.3239532135301884,1.1436848561162682,-0.5287974903191258,0.49309758449934105,-1.3291266758771545,0.7049352098808546,-1.9048608655674677,-0.6643137035628726,-0.4705053837523452,-1.2227414334041145,1.807091803678519,-0.9076490512155436,-0.5165772445140323,-1.277751083263304,0.7915079601752422,-0.2733056935149355,-1.6305128851203472,0.6773832354489292,0.20785407668414654,-0.6799734006301703,0.06477504686107474,-1.1165984816476793,-0.1943595163876376,0.8768068257745085,-0.3644448111757077,-1.8620738728850585,0.9325980154451609,0.8009836317837032,-0.6412369867727595,1.4520175790036869,0.10206571822608548,-1.071728592110213,0.534715694030257,0.9350753701115593,-0.8856796025404969,1.2212859487984438,-2.9122751211367746,0.9054789938202235
-0.07483570457984395,0.4029294304257769,-0.16931029000730477,1.1481798176453892,-0.5848100022573268,0.6496588961880322,-1.0004359760557873,0.9438666310059232,-1.5942600969563583,-0.7820982912706763,-0.6421108649131708,-1.1452222440934658,1.6454536814247276,-1.453980238594831,-0.5731409727397735,-1.72988357317184,1.3301901987288092,-0.21951217721501035,-1.218743779905636,0.3894771932299811,0.6124715009226392,-0.7726529423731776,-0.3270184878574606,-0.9868346391948182,0.576199152188204,0.5815379135955796,-0.3305219867183921,-1.77794008581758,1.0815745474462295,0.8341857231525889,-0.6534745160265674,1.565480951976651,0.1783670676777382,-0.8618629275122969,0.5591195140166797,0.9742032717245654,-0.9342003257967026,0.9975734648570167,-2.648339290991375,0.27749541342921247
0.20135652335157248,0.47845756936252,0.30770161551776193,1.0968360878997303,-0.7177769187619379,0.388827145676859,-0.9871285993033002,0.9368848822158988,-1.1962751519198114,-1.4513290206541878,-0.06400821253294993,-1.081934352748354,1.6099063687305115,-1.8424392525926527,-0.3314719680402597,-1.481323932142473,1.3999163999539006,0.11857359493863268,-0.5580854836057729,0.24444848166461458,0.8135516241549735,-0.9872509598620626,-0.44253613617471155,-0.7354721450584796,0.8108748553237768,0.5481867965820097,-0.46104188450702666,-1.6482824235362183,0.9719524832709214,0.5234977798261222,-0.6909577666677963,1.1463494967915702,0.1334840926550688,-1.1781774656916704,0.31751057904817337,1.3218969932773152,-0.7097275657093645,0.26654676981600334,-2.218920050921541,-0.4851864468417959
0.04032256116617812,-0.03396838524404777,0.9029655110215535,0.7064389525468899,-0.22673227892766654,0.5441095357837031,-0.33241016580491956,0.868278040867082,-0.4711905451967534,-1.441273627925728,-0.33351745122120396,-0.8403573531649808,1.6107050632967088,-1.6276262844858926,-0.07839415846865885,-1.010868460175591,1.6258469719363222,0.012076499126382714,-0.8486778224179543,0.28828707802808196,0.5681832293406546,-1.0374790542578505,-0.6866755256032517,-0.9303760478559752,1.151959153566993,0.4440107648774717,-0.718288016525325,-1.3786155415459664,0.8813588013406162,0.5186386179810683,-0.36224640348470644,1.2696708847721516,-0.208352109136757,-0.8920723951342081,0.27668873715983533,0.7299760290530624,-0.6028043197034978,0.3609610472640037,-1.7596647078193437,-0.7013564842715319
0.1141734325368724,-0.15592237798798214,1.0443269495912653,0.9592910605852195,-0.6053977021606659,0.46665162063342114,0.20752512790563368,0.9384342693007497,-0.4999700768081348,-1.4234952584913545,-0.07873166320982332,-0.8438755045822237,1.5488613410609284,-1.3160689938058703,-0.29178632060343734,-0.741496166303808,1.6814420313385734,-0.6125858080118128,-0.9102561381805498,0.1276654834731905,0.15697332523889862,-0.8792737981054815,-0.5854538666982823,-0.7062865815642614,1.4149862185620803,0.37752867015794744,-0.8762622404148535,-0.8947434399143945,0.8604572982709271,0.1709976345804923,-0.42874728111053584,1.7700196677729285,0.06809932785550546,-0.9826706719070611,0.45917383209263507,0.3639367690800015,-0.3067894360134632,0.6491942416287051,-1.59195099336743,-0.3093528937752862
-0.13567214069327901,0.013995740158091186,1.2305355697453582,1.2203357427308161,-0.4218373229741811,0.2898385464077697,0.24028606230314525,0.4335262587081785,0.050129773365295796,-1.6253940513688037,0.4017388311464208,-0.36365314588723097,1.6885300340980558,-1.5618291066578676,0.5837624281766052,-0.625646715638661,1.6225048317496955,-0.8027176401543213,-0.25899934571354055,-0.3821204093588453,0.4214549474175047,-1.2352164200292648,-0.3136814976187837,-0.344181553090666,1.2758371507397974,0.45978694131260844,-0.7639915231109269,-0.6571000112259384,0.9175443211511352,0.35328542250679973,-0.22569889479450797,1.6652816902525185,0.6952341929098652,-0.5507382927923403,0.6835997245487714,0.3375344720491961,-0.9678431091468812,0.16251246990886242,-1.2250012857073793,-0.42068101688210213
-0.5016556398746805,0.3175974846089089,1.3130673273746594,0.5254242142151672,0.1751110601079305,-0.43394137506742253,0.34893664548697234,-0.14890472494222445,0.9510847374413667,-1.724650486928691,0.5328222873441387,0.5971578611656303,1.7852543366264446,-1.9933371963134578,1.1940013269167413,0.018179483927394904,1.2836027448903622,-0.05939561907113266,0.3814968799207681,-0.7185563733009477,-0.05179847051317382,-1.2306886409445812,-0.8788606847195035,-0.8028192237153016,0.09827234647667576,0.9554102637267753,-0.3162919570984243,0.0006848811749227413,1.6079643710771432,0.19826175359385742,0.2810496250293107,0.8098583077396639,0.17760665999200392,0.0017298143219161427,0.3930455455962834,0.720009575657531,-1.574609214526372,-0.17984859094961925,-0.7592553402090172,-0.9903567809362662
-0.8081744489262193,-0.987795232996723,1.4999465488414625,-1.1137608935962418,0.7810980003074912,-1.2185955527124828,1.419727113171763,-0.670727729684192,1.0299827358546312,-1.2586130559644382,-0.967468956693651,0.5499867865964878,1.7751787346026369,-1.442111091091011,0.2688656615729248,1.252014728300651,-0.394803827695152,0.8462605777211272,-0.27266530342931783,0.4613805235863702,-1.7853881512221972,0.7534067837373764,-2.0774941407492844,-2.437361671313806,-1.6521971353020817,1.8415399071531162,0.3677654177700885,0.3822312411255587,2.246372005937806,-0.23859236895347458,0.7084069816634988,0.6977378142811497,-1.0184243566508373,-0.645412865848898,0.1492965793366674,0.2823792671839042,-1.1297062217303007,1.3361153926245954,0.4703614937148044,-0.07372938927918615
-1.0148004007048916,-1.2867507625105934,1.3778072626417137,-1.5653624753333728,1.006408788626373,-0.9698699097052533,1.0902285258246738,-0.6759229575410516,0.6029040966902202,-0.9431424469735787,-1.5243963994927077,-1.0690440158148486,1.6330018437375595,0.6512170432447739,-1.2357793503759358,0.5192582557048928,-0.9436477687220932,0.45553665230586704,-1.9876871095074482,2.0526286623364944,-1.6368691073070574,2.881637013541572,-1.3272306173676904,-2.5159423394844604,-2.3934668235959133,1.932789067012172,1.0704300120888022,0.19576513686682195,1.1461306543352103,-0.05752269727906388,-0.4947875554396519,0.9640329790413693,-0.3104422480248212,-1.5970473672202767,-0.08863166079946411,-0.4203108901321421,-0.21432961698267106,2.4914851106769906,0.8796781417763764,1.8901158043404818
-0.4677700413337633,-0.996511678591182,0.6056750155386927,-0.09931136041324523,0.7025875929933213,-0.16720632543193162,-1.0964124228200784,-0.30210637973068344,-0.472797391078831,-0.17772628212820374,-0.4225086126257154,-2.5404925795463784,1.3863255442103912,0.3365230143586646,-1.1223038317868488,-1.805863696624997,0.37819247309302567,-0.494367322533807,-1.4392418633987079,2.0844080877388746,-0.33181604611144655,0.9193908890331156,-0.6101935438581181,-0.5377681768393197,-0.8873890808517726,0.02721268065650892,1.0648477137762395,-0.7287038761699663,0.27888078941547323,0.7784206364565371,-1.3406277937011466,1.1673598507561231,0.837722965575777,-1.0456270435161328,0.53566106348622,0.19855395571006854,-0.21656405536323803,2.3022296309491947,-0.7811538744680454,1.6335618230548763
0.535044963808156,-1.1965276236339764,0.3972938851821495,0.3768163900549021,0.9761335864203577,0.7749027283418735,-1.895394242165833,0.2446061101807054,-0.3017651151108212,0.09219858495011601,-0.26420256274443676,-1.737556391711545,1.4499882206919035,-0.27748757497690996,-0.8926672364906173,-3.0522300274530996,1.4525537825243995,-0.2196245765891972,-1.355944195639875,1.6980274412668812,0.8779172988855679,-0.548352503820557,-1.107269438067544,0.3128231744118012,0.2578408492037423,-0.7996599726042818,0.2015383477234179,-0.7598125891581835,0.3096091855459407,0.8491003004536978,-1.1923601369388679,1.2783674807495158,1.002300902147852,-0.08475243569399371,-0.8679669115475858,0.44959530702030814,-0.2700381085838999,1.4275344258169482,-2.1266178803219136,1.0229406861341988
1.245088502124496,-0.7456912266745972,0.6754119688560982,0.8428318196146848,0.09010324442556292,0.9318006566537425,-2.1314658379052145,0.8745225619940608,-0.7008774926011692,-0.18581675836160474,0.20131033563759784,-0.8088982864563231,1.6816734356003302,-1.1162772463705632,-0.28404191317346056,-2.7631958223781465,1.7089406287609685,0.030138833810786914,-0.5262570456845644,1.3525518034403914,1.850141302710069,-0.6169454873067177,-1.2746982768613362,0.2100318185144397,1.5369182558819292,-0.5253324798762888,-0.4179101312279476,-1.2396206981195648,0.19115935360639683,0.5831630067045741,-0.3014346220526889,1.8493538632344857,0.6745282687296097,-0.44804229735829026,-1.6857495996078775,0.40590615266461527,-0.514026418282928,1.2655686760992149,-2.335902773470587,0.2445921616205301
0.8474019019135757,-0.1118942632212111,1.1870238261947896,1.5864402966443252,-0.8161091065682042,0.5300366762778491,-1.9444383439963353,1.6021221012867146,-0.42916394049156315,-0.46143129790466686,0.6926801170674148,0.03555851104214697,2.481441559379256,-1.9058396086479688,0.5282890522950157,-2.1109766203319054,1.4508420926438474,-0.03654666604068463,-0.04853101693212597,0.7674445895719082,0.9436025141906994,-1.013572765780646,-1.3261500014458796,-0.08030207043102536,1.7436771749967352,-0.5232348080874021,-0.6051720995820882,-1.6556666015025572,0.6022832405338744,0.28475793645234104,0.5088603227729931,1.9188616253554414,0.09490672158470231,-0.6511287723357025,-1.4364522777825266,0.7033500874584262,-0.678493889501361,0.364237735378082,-2.1611341956507726,0.8076541983046509
0.15925052532648548,-0.4682144329880985,1.9104547733540451,2.0175409331468934,-0.7158205333097282,-0.12427828773412519,-1.187113018484028,1.6596911475662388,0.019150318403144184,-1.6863766210484095,0.4477917801244191,0.8119746672289047,2.8197647152861687,-2.1106276082515576,1.2139881087989095,-1.3814102206683165,1.972655166898211,0.5415166539241836,0.5343531659756808,0.12859523493409186,0.16206443448500085,-1.2437311468303807,-1.2683370297634093,-1.0693432749022367,1.2719299836977347,-0.4954929103707294,-0.5093520849030272,-0.9059953318413856,1.0454657498178097,0.09688233322071188,0.7251315211704851,2.0456692288586247,-0.45626110483700494,-0.20136617886517494,-1.0461594090137443,1.302144371393796,-0.7447717944978093,-0.4532618067081052,-1.5449431249691687,1.0775121650698487
-0.4306364880628818,-0.21061883396686057,1.8660000708773785,1.7292696570629924,-0.06932953055940377,-1.2805107410623764,-0.5596509655811532,0.8484890588998448,0.8828983383874016,-1.908364160527688,0.8751220496253866,1.2253599779199709,2.542870834330469,-1.9062028293043114,1.751896367745964,-0.8594922869940947,2.153111744913462,0.5527729028465672,0.30494951367200196,0.1730949233095102,0.18219773628250824,-0.20256202469535908,-0.7364501399156457,-1.3586791495544228,-0.318166079926225,-0.6807968467082611,0.4363241491736533,-0.3878994300967919,1.4379227815155868,0.13924727018617028,0.5297302144712289,1.7619494432952363,-0.40219234109846036,0.15697679662050518,-0.9734770705136095,-0.19416884467171186,-1.4668158494200068,-0.07372232724742489,-0.5504170806872629,1.180996160610833
-1.1794694361720677,-0.8117088545628627,1.1449394359987137,0.4957047282291068,1.2153242332195426,-1.855293388891103,-0.26589679437076524,-0.6177507607878393,1.9308527952864385,-2.40389178853126,0.6757179526483165,1.6952873578059784,1.8244229567830086,-1.1962779139169806,2.4013086078886463,-0.6870655424278379,1.5827706180435808,0.9407318589782947,0.5736879135673196,0.028198374076247867,0.4713021539097183,0.5258408323361567,-1.0800872157149024,-1.5585610645314762,-1.41642196387216,-1.0495711458335422,1.1344594005366615,1.2308881938220124,1.499956043264577,1.4523631710538716,-0.3156932578614181,0.7315870831515577,0.29261918783114005,1.154826657841075,-0.18815561021039234,-0.92017501114417,-1.6187572074172074,-0.23342005835744273,0.5701296278397979,1.88050562751507
-1.6370063879829078,-0.14979209213897593,0.8475749602914151,-0.40744833598863683,1.4587474428136713,-1.4672775197141819,-1.1485510149575753,-0.8981225481657127,2.1878347359245978,-1.0085995713374345,0.6182177396716908,1.373720625682342,0.4693673887528821,-0.35333639921991344,3.245535682404629,-0.9772336106536397,1.118663886889419,0.48747630313656704,1.1858795729798661,0.7438217005326875,-0.4876875409741843,0.33356178721935437,-1.2678856089102337,-0.2986944487826159,-1.2793711135571524,-1.0597068386910344,1.2195840247011385,1.462070336055822,1.6911900080923425,0.9545987248658094,-0.31429092282451343,-0.5517413292949471,0.7964576571512016,1.2754262142727557,0.5330048482584862,-0.533575722941495,-1.8254397466111523,0.32350319739838196,1.2748787979713017,1.493123874812866
-1.1316333258171738,0.1288967494864637,-0.1787535460109293,-0.6789778774989464,1.3985453934574488,-0.8695197818919143,-1.739052515489075,-0.47533603018107246,2.428983227587315,-0.15465149135044975,0.3465724184720759,2.04591032604143,-0.3584219681268117,0.21522376220782313,3.2778791490973846,-0.5846208768097123,0.00507729478481439,0.8697791243697544,1.342204628529054,1.4092685894914845,-0.42835717736421924,0.4772019342815459,-0.9668094970329282,0.307424113012973,-1.8640994596859572,-1.0838962121172808,0.44249904829124964,1.91938620125296,1.351336035874163,1.2192167007508745,0.23382950908685096,-0.899594495650339,0.6439995661259108,1.567462251978112,0.42945030109438553,-0.11795349797824095,-1.4196887968193899,-0.05705646429943673,1.403489639053502,0.9883037508198065
-0.8197452459654236,0.3349137478216047,-0.7016327461660716,-0.8032887709802878,0.6910812549314054,-0.5824752349669924,-1.8050119973729508,-0.4045313766910682,1.6696726705642293,0.8841056185605614,0.6140213010597345,1.641723809459739,-1.1937045497084728,1.5399471539432699,2.6259334268029786,-0.5174679129423383,-0.5073815062087343,1.3082856850575637,0.867698662958619,1.7879878614517613,-0.9406008109550591,1.579553495422764,-0.4471759780369554,0.5494483075120444,-2.3919402041857705,-0.3338114589024154,0.3092238072906702,1.8290489247617656,1.1938282466194068,0.87742860443522,0.8606273385863432,-0.9287050400939038,0.5749345346464303,1.107032910840283,0.11822780963079016,-0.19816436846679292,-0.6059070945801661,0.6242684050152789,1.6374806699096793,0.509580750773945
-0.5008887355976042,1.027383826225775,-1.0234162900395436,-0.7691422610946318,-0.144400329520048,-0.04601858212158225,-2.5005928689685217,-0.11943271674685879,0.5328119780603903,1.8114887804556774,0.5697123001398077,1.0207219200693807,-2.001199041293492,1.6384750549790312,2.3331067344735477,-0.4597858296415937,-0.8483274198021515,0.9499628226951045,0.9741792994393166,1.7998153440493558,-0.8434286937013618,1.52748638476822,0.42738565716152355,1.529977667602692,-1.7574316878555591,-0.6533058973689803,-0.05458200441619529,1.5813675622391956,1.1083751531164965,0.7894785624264666,0.6033989330534171,-0.9473271463426831,0.27648027221129723,0.5916916588362159,0.6266235443086472,-0.14855946432404668,-0.2749973035757945,1.0066964020115772,1.1297550025274565,0.725627341435817
-0.0901716772586682,1.8727126485347219,-1.6690911166170612,-0.23422064017267702,-0.1488711203079407,0.35683712887240315,-3.2873977169180058,0.45161527274555424,-0.17759987129575558,2.2840810016886617,0.5532793940109205,1.0206117523266043,-2.3119788241788353,1.3085678665351528,1.8254825173319997,-0.1720448332334722,-0.21909997813898785,0.7686347770748292,1.4904146744639535,1.6364253417738728,-0.5461067889223818,0.4875059009992645,0.800007398088739,2.0738211859771765,-1.2417096133168848,-0.5817172170545574,-0.22656460489696226,1.212490077020918,1.5499474885588072,1.1489258650823282,0.6304049858635674,-1.0704633633564666,0.06304663700911345,0.5095591203878845,1.1495125016441459,-0.09065943661776782,-0.27279512859615185,0.840430029947135,0.4319204171605053,0.06123544379437487
0.0563504692102296,2.4286641681848495,-1.784079681441935,0.057949479422795463,-0.5545373288042525,0.11365454768931821,-3.5904444629072247,1.368209312654275,-1.2847681385799108,1.9477408391039912,-0.40948970936756146,0.6478815609380523,-2.6091105854984686,0.3040090755417286,1.6001683151317385,-0.28973098637416944,0.32410621819560703,0.8703656798626644,1.6213877967544934,1.3845502049618508,-0.0876133200359614,-0.5286540862352931,1.4291409746796355,2.4261961702026045,-0.7335907895903206,-0.15694661496554405,-0.5770524288964758,0.6894609441696968,1.784102766312563,0.8375109633359101,0.9683402140502643,-0.5553858307587033,-0.39231228344844044,0.5608753698052474,1.5947862066029372,0.4306190546874423,-0.18224016788038344,0.4023774211490837,-0.32822517502513554,-1.0568097364695759
0.4747554577165942,2.7182563260047865,-1.385010765610157,0.49616029509178844,-1.3910162244636988,0.9018841620755019,-3.0057757859876837,1.8161787800610059,-1.6398095248822815,1.6528373291906606,-1.1140975497757961,0.0066997845341649764,-2.4112583928117006,-0.3029814390037978,0.9105865859392427,-0.44880298131999463,0.3529485165044113,1.0573066495279635,1.6843297497431486,1.1688784726717607,0.1149770436216273,-0.6251224016005591,1.1720011323576,1.867367244669782,-0.17581608825962347,0.2998258041595985,-0.593459646843222,0.09623042182773567,1.7428980230773614,0.8085561314385716,1.15562938246446,-0.10954588504033244,-1.0507558080317152,0.21681153759134655,1.5589551527333918,0.645903516995282,-0.17798509945977536,-0.204708903462058,-1.0331041621232024,-1.610560948302065
0.5794596218434269,3.364700090906285,-0.1645910716754511,0.45881526475673107,-1.7360673042528463,0.7911856419629075,-2.2641599169489903,1.5199791085925527,-1.2592794591949947,0.8924356359858477,-0.8987742332285942,0.016315275387312173,-1.6691247531390574,-0.6927272778536383,1.0893015483084048,-0.012204415229381371,0.4232556866310365,0.8369787334457114,1.1587091596701058,0.6755995775727601,-0.3689156799900892,-1.0068077146827021,1.2823226838935573,1.5529719446631411,0.043971642023270655,0.3834665907294022,-0.736323316365199,-0.352331653509519,1.6916558512412714,0.423662928010464,1.768890201242538,-0.13781369470722443,-1.2298609227202306,0.4520667898227023,1.4935467308744281,0.3444317325495708,-0.3855077017306503,-0.5701829745807869,-1.0436272147288617,-1.7478542210328782
-0.03033907943420537,3.6223368123152944,-0.20637750827586981,0.5213326603489362,-1.8075286470093541,0.27347238717270395,-1.3183573798776789,1.2398526337525546,-0.7433337942386207,0.48953421138638514,-0.9226297307747433,0.18394780218489717,-1.0451425161926908,-0.8966896290866296,1.7188187654435076,0.2187165045949061,0.18635914857084399,0.7129253937159395,1.4706976854219858,-0.12462157632087383,-0.5556187876241436,-1.475286909591031,1.4430002192238358,0.6578071869646289,0.17161130272536967,0.19312318777063497,-0.48988788833198965,-0.20350807057486475,1.6817844590827373,0.8811774288965171,1.693296386263346,-0.045983541380902326,-0.9413702379607658,1.5915177365157374,2.0096966581516496,0.11834083055434619,-1.1853271319685084,-0.8405401751593841,-0.797585829776585,-1.593532169934186
-0.6504964954556585,3.580083420506373,-0.47411175227677,-0.20752313663342434,-1.8731632869576138,0.13849236601205517,-0.9224681744402378,0.8278222151621009,0.013234699849087594,-0.23377336817308905,-0.9261402271229282,1.0148310454062144,-0.46588692337680815,-0.8783997407790205,2.384273341090846,0.6850929192782323,-0.698424479336589,1.4584423185969744,0.8377690467986998,-0.35077458661630645,-1.1070714734275442,-1.3514269361019544,1.6481392092423568,-0.03574488860863709,-0.53614832984314,0.3747360528107002,-0.9579434024698401,0.24996849792868875,1.2502700555875257,0.9334989324798662,1.6614753243175733,-0.5087099609138994,-0.7180681319242052,2.1598939635607324,2.037550874386533,0.8797939597792719,-1.4494410696577407,-1.399739432567978,-0.38407159115622247,-2.224366746472513
-0.9591941763570931,3.265872310403544,-0.6428940100732101,-1.0568136354959814,-1.6556944309709924,-0.07863730595588632,0.059768097150082355,0.25563627726008287,0.43218458730836495,-0.21985449481182168,-1.6415383492796958,0.7502310322120791,-0.8153728208997719,-0.6209584938140607,1.591411460657464,0.9315809069414025,-1.7228651969102062,2.309725593193814,-0.1396910371786455,0.1107317346928362,-1.612228810530628,0.017235591405192707,0.9703075236174941,-0.6689709603696692,-1.7293146368055858,0.9937041094323112,-0.731521573589206,0.6084711660766121,1.5340146538481634,0.8591251411125286,1.0401731424966756,-0.44466164095692673,-0.9468949255673031,2.1428028332707414,2.01206887040608,0.9801652974440087,-1.3283731443863516,-0.965644054410031,0.21255042159776072,-2.329903232932257
-0.7722049472600028,2.810525772728203,-0.33713524281491203,-1.7749667876075341,-1.872342602362981,-0.3062816971736152,0.3512736439432722,-0.6732417896611046,0.2741585279168268,-0.25717123526678615,-2.019023652714817,-0.11441801868405488,-0.9047902332449453,0.26549267311144753,0.9052574093093019,1.0721382483049202,-3.05693941384975,2.09768223096298,-1.0677281091836706,0.6611797603750312,-1.6887912402689778,0.8194123146166915,0.6446161526635548,-1.1766178170685997,-2.269664808020158,1.285726129789102,-0.658552421508783,0.3979538407952742,1.4700539474667926,0.6130531457523524,0.47456979833834523,-0.5740412871232848,-0.5393582827512241,1.8910698549431395,1.8904927368625764,1.2618869622805002,-1.208897937082146,-0.28403973324358567,1.047102042694074,-1.440741809054731
-1.1926185679775363,2.50340009054634,-0.2943222916921495,-1.6936707850658204,-1.4848658745412213,-0.22063099643627382,-0.36326186199051863,0.10673800177510051,-0.35848801068086344,-0.2702399353151166,-1.8393103828441861,-0.8664721338253378,-0.510968369320194,0.7472282195434016,0.06749247888008658,1.4124126552282896,-2.8946921496544333,1.376140181440428,-1.3472937022141669,0.8164781632793708,-2.1644213297616566,1.0874150337124746,1.311824824491917,-1.6241483288070548,-1.7930168555348298,0.6188287997977608,-0.2182006772836827,-0.4925315284225603,0.9625349485529706,1.1358721986155313,0.40411667873663254,-0.5196441668841775,-0.4886356646329265,1.7356664697184172,1.8203980289782102,1.5869696509870592,-1.0675500897834982,-0.09409221330824524,1.3465982814091717,-0.611467260626543
-0.6109168870277479,2.3528328524480253,-0.8493500197545022,-1.3639036973232297,-1.3450806384232032,0.1704196155875786,-0.8031336338547994,0.08188552324227208,-1.1670941427784263,-0.05070490727983962,-0.7508033081949669,-1.993658462721773,-0.7400298765166389,0.5306427040552028,-0.5668524292307823,0.17626876107634232,-1.8899435002203562,1.021533766191723,-1.3971980724221393,0.77628822448841,-1.2491616870005495,0.4182660289255036,1.7150446026985875,-0.9989800250179762,-1.0378406425159787,-0.21500723202900546,0.18957305045845332,-0.48701809593034917,0.3031370822737913,1.3265185530865113,-1.06168058451849,-0.16288872330378995,-0.014866908033634475,1.4167767411011962,1.912439918427506,1.756199727688898,-0.9077692407397355,-0.03394578926181202,0.8707055097121259,-1.215747143173347
0.2433742893121247,1.5189989934540082,-1.1931258922672723,-1.2885433591536892,-0.7543797103693529,1.0985601159972833,-1.0112725686344217,0.1485895247857622,-1.3929510005636594,0.25531702316208793,-0.22183044844575844,-1.9026148216792265,-0.8367554703754945,-0.20335185483111684,-0.7639053953375503,-0.9629187865050427,-0.9939488760629909,0.7079605507384883,-1.5033722998403456,0.3332323433721776,-0.4342592679838373,-0.31497866676844827,1.2537910220341917,-0.45895298651874517,0.24440511042276472,-0.8624661321425459,-0.32822215354332207,-1.0031249933733408,-0.06573992429712872,1.7467890026152986,-0.9394927324502469,0.49854851398401884,0.20842621781391435,1.9657392891902798,1.2379290602165602,1.5326932632317598,-0.7661960257622251,-0.7194819842667611,0.27224312387661553,-1.928464023516426
0.42956152822876625,1.059249110228273,-0.4390615338496769,-0.9785880401696248,-1.0919363557011392,0.917568699015187,-0.48316883139964917,0.6208558939507155,-0.8685027666147571,-0.061884508733503985,-0.6489041077036916,-1.6659573986732215,-0.25106942590019293,-1.028573760846579,-0.3604902162502357,-0.9306786775352702,-0.1916918276452246,0.5755891425519609,-0.6136240459940107,-0.11418851629659119,0.03844779497837161,-0.63224466551382,1.0136298830718826,0.018235527501569815,1.6214048910945817,-0.9308351825881377,-0.48373477288617417,-1.07259162678299,0.11359442768337724,1.5634833108596053,-1.00824634928097,0.5922995025084652,0.03648756646979637,2.155438023848616,0.9470517890311141,1.7074008532963982,-0.6992066855328807,-0.8458488184136151,0.49631946484882034,-2.3747827462275786
0.7558035237398589,0.6023974649623703,-0.0009097872610285967,-0.9497906927813373,-0.8868316124586939,0.9107290435097122,0.49259203385360567,0.06202401131777306,-0.1917396746188944,-0.8293020756459101,-0.6340327276404708,-0.8049832698310697,0.11109102812534163,-2.0681216304533,0.2006389329812445,-0.6977169867004346,0.05873486862328091,1.0129979011118992,-0.12007697845604914,-0.7617853782962951,0.13989223312194488,-0.6460303853633863,0.5424985189720205,-0.4326303667742373,1.2690544341515329,-0.6004605883367549,-0.7160716479829385,-0.5380371735986438,0.46661652303983225,1.4095766016056892,-1.1389295286008572,0.43816967625665065,0.3639920548514748,2.463802222748294,0.30312595027037614,1.403246577060401,-1.2866086442982894,-0.8068708971473011,0.8150886035189243,-2.484369979116101
0.16754626700816438,0.3302568210083022,-0.21427030498718172,-1.1416804706261277,-0.9563656590212604,0.6795581676245004,0.9798666857869572,0.24564942896894798,-0.01070734134121587,-0.8462963246858204,-0.029921338348257692,-0.3861254600984506,0.4047987690438315,-1.5119998634917173,0.22085700683372475,-0.1425263638587314,0.5899391282831333,1.2604411635371542,-0.49904840523918126,-1.1484804508174031,-0.1652012264882458,-0.35661809017088986,0.32660149381516684,-0.6259015421629531,0.943167094688456,-0.5769484186005644,-0.5682561203801156,-0.16062151125123292,0.5997865958414115,1.4105786513081213,-0.7981570046976021,1.0519105889150406,-0.4096696691537945,1.813546243202287,0.5506338658656351,1.012959496556308,-1.2829749346487858,-0.7985463829427233,0.8915423282430532,-2.665526982239205
-0.2707125502703147,0.1708054239856192,0.24508736607832193,-1.5636344775089015,-1.3702233053288366,0.4449788101345761,1.4705180572845147,-0.6424178797956718,0.026543419214354935,-1.0764551182296018,-0.17801603423239168,-0.613759514911455,1.064127178874078,-1.6793829670910498,0.44465282061610173,0.020263594027672915,0.512997397176406,0.7650601378570556,-0.6735003484816433,-1.8859806115525601,-0.06426021970143292,0.22440308661353922,0.13929068386508858,0.1481391221348452,0.5685083341760087,-0.041001527816360545,-0.39021063170669756,0.233475812830194,1.0722657565371327,1.1326478674137634,-1.3398574798562648,0.6293334803009859,-0.9878921574600259,1.3955588631618996,0.7431924933664315,1.10803274387562,-1.582929474310124,-1.1241276119508345,1.2551377557459804,-2.4571208533297098
-0.2939308861576881,-0.17672265506334173,0.8885247619308242,-2.066707303047102,-1.1272858258421004,0.7680195365178026,2.156293121455623,-1.4242501950903512,0.7733957118050994,-1.243267699675073,-0.7627123467026218,0.14300215750555256,1.2705411130166515,-1.6589678314098615,0.0066924528329035185,0.9636221723064262,-0.6980400024687436,1.1406421865864464,-0.8279260070526577,-1.2722447100445313,-0.6653560803171064,0.8188449525528008,-1.1955369405573744,-0.7212380345032394,-0.16499336791169672,0.5393601179280779,-0.28819575042847234,0.14425087108378828,1.5739583909348256,0.6580001146536032,-0.6634320313758526,0.49190766752234083,-1.0932392240602595,1.0474335525369112,0.3836288999517669,0.8540716226901133,-1.2812072130528296,-0.39687681514064077,1.5823210019824074,-1.992220144285576
-0.368444170736735,-1.1388168284478835,1.7376871438939803,-2.1064741733187855,-0.2073270741228986,-0.03454108494276392,2.254435386578421,-1.6152252947841115,1.3120812879949868,-1.7778932218758317,-1.4588925257323742,-0.2379388460340493,1.4201962269873034,-0.0014157452056430264,-0.520738087857098,2.336093782050999,-2.33211392663196,1.2572060896471617,-1.6819397965485847,-0.7215067206076247,-1.3717555436528768,2.7037410678793945,-1.887135619633222,-2.073105329669258,-1.232900732436966,1.5841561218142801,-0.029597269057545547,-0.6652713869044575,1.6049179525860577,-0.20204760861479226,0.33020791877512934,0.7145146736462877,-1.010972795986543,0.3270783928896923,0.45182521368029216,0.32734694713965273,-0.6091314486356472,1.2096471255117625,1.6818642218172202,-0.19565073674240474
-1.0525072626985539,0.0019875115039925118,1.237111611322667,-1.4023678066084824,-0.7020775432544843,-0.6993654548085766,1.10990050163314,-0.37994565610881065,0.3506253559117608,-0.7817248840363072,-0.6339046466593348,-2.0006895923906276,1.6286255228223285,0.75882824059683,-1.195101353912918,1.3093695685893405,-2.055032330545107,0.40357296556369515,-1.8331525996915028,0.8113260770539394,-1.8563584770602806,2.003440500796299,-1.1240091348949095,-2.031447571600082,-1.4206002654828764,1.5667735184401335,0.820858854981471,-1.554262655115638,0.7399974587580999,-0.8206845290433921,0.14509933959195503,0.41695767143388324,-0.5478456755453128,-1.3604435024087143,0.9232405599984466,1.2799071605096526,-0.7657813874013428,2.69831084605204,0.839720442888356,0.4883022046186789
-1.386649545995597,-0.3607807032179956,1.0848213829910769,-1.104667651901418,0.47151034840822537,-0.1345479165425617,0.5313137656944278,-0.16056402535689784,-0.6278127571510187,-0.5356425294056464,-0.6338771412616215,-2.4760282488178413,1.6610611113135985,-0.16321154700514537,-2.1596631453394237,0.4645141843867976,-1.3411575498454922,0.07666438894344507,-2.490756871271103,1.595522854538159,-1.4166805880572018,1.0730689882278612,-0.6875525844039398,-2.026536520734722,-1.1834684430917006,1.0983280635430497,1.4573245625597537,-1.516937490708431,0.15633908600891933,0.10560581273700931,-0.5293132694292016,0.8807717907324026,-0.38118498453434874,-1.3913622055543273,1.0915528520817366,1.176240652269524,-0.6895345720409961,1.7490966631392908,-0.4312250517295105,1.2961199852083347
-0.29923197237092963,-1.2712080907238914,0.7984311069511154,-1.2344252203948511,1.4614861624368027,0.16931470741770976,-0.17757066473232663,-0.37368163002888244,-0.5979151100865683,-1.1859569377718875,-0.5241374177474003,-3.332461983157274,2.065814683277729,-0.4782636395100971,-2.490476365301426,-1.4536245343902716,-0.08050832404159447,-0.43836765198578465,-2.6188819956594003,1.875689629491585,0.3660787596607804,0.2550388716887096,-1.5156092759063187,-1.9616937163063508,-0.6521618900951358,0.2218641951217703,2.1740594053189968,-1.0026874661693819,0.14042527829217288,0.8580388959368876,-1.739348653740808,0.9421780111617871,-0.018579968397407276,-0.5575141430053577,0.47232715229293537,0.6684570021854349,-0.8603745658687523,1.052843838153446,-1.1955995969616993,1.5690879513056637
0.6776372262788519,-2.100316519799811,1.043608205409896,-0.24028486879127475,0.9195076414015667,0.4670687948510236,-0.9028190325791627,0.05235028639199385,-0.9280757688126852,-1.033140480986547,-0.20034770169565075,-2.6830931813984265,1.913364385118869,-1.636212251530527,-1.4093273310903713,-1.9181034404886064,0.7950673516500928,-0.44219974768539305,-1.349202549715669,1.5132686432971718,1.3266245844362874,-0.22842986992142056,-1.7438115873220128,-1.4431550586522404,0.4524865866149712,-0.33457005819559266,1.5293406795670554,-1.7394636537926638,-0.23862012084238304,0.7266247618001839,-1.4464150968364362,0.834683794180062,1.009278726977511,-0.9736343548397022,0.04635821084867703,0.7670167523373146,-0.6796634271202479,1.209913718483429,-1.5381131311407261,1.2956941866361789
0.6045764293314815,-1.7217313695140817,0.812239898431822,0.35701897834276547,1.1357060147572695,0.22636494729823475,-1.8952979128577356,1.2618512996215454,-0.5490968196884684,-0.5182875524367707,0.6703505579495079,-2.103787465401246,1.6670057111021763,-1.7401052716024683,-1.3172129281727913,-2.0920721291743765,2.4842361417042857,-0.3437687383746786,-0.6870375946150196,1.4348152028794567,1.638615611783512,-1.332891382909894,-1.4862825458187334,-0.9292229847593855,1.3906019012443638,-0.41991831494439075,1.0875164443125422,-1.4955700623090549,-0.5683629798961529,0.622316887459422,-0.6538429155019199,1.14559122875692,0.8495667773185045,-1.0596325139815574,-0.40086373728929015,0.441980801976848,-0.5598635885634144,0.7833354135228445,-1.825908703339567,0.8806024093106163
1.4204852093627418,-2.0222220248044627,0.30396597949232,0.7921555506017398,0.9964657313914477,-0.06642163985041905,-2.0636917359275664,1.7484677898598546,-0.7748942016770766,-0.7863920639747723,1.3385306237993453,-1.649543029646726,2.1375258065070004,-2.3004262113586713,-0.9547280999287264,-2.4488702325291434,3.3918841014286523,0.11499081678682566,-0.2350478538441142,1.0815661759220587,2.679619321203905,-1.6966507033521958,-1.158168456830066,-0.9199385708115679,1.2483762165743109,-0.563885580506681,1.26516662927845,0.18091840286515426,-0.14509099029173403,0.45980194914698813,-0.5909150397948875,1.3101089567977269,0.3397470578158661,-1.244496777544859,-0.88304451275824,0.30768739818605984,-1.1124818284785711,0.06036832419005536,-2.4323359743622293,0.7096961724539772
0.957704659727171,-1.6679078445727715,0.535856838770989,1.1040238703846281,0.7230419581288126,-0.17956515893715902,-1.4540826631056851,1.7308436619718368,-1.00390894394955,-0.47950913492087666,0.7470975240815184,-1.1773988717702848,2.3738004939840316,-2.158912179928572,-0.5305731828189502,-2.820213921555542,3.9478039896124515,-0.020294639263795933,0.502452796044626,0.5298395685406722,2.0018752019651327,-1.6758565064077309,-1.1988583693769628,-0.703605807058642,1.2120724206105922,-0.37926339285568433,0.5431943376472544,0.3662411794264525,0.29455975701209836,0.41247556974458666,-0.32228862374195205,1.4394833841046397,-0.5617426409721861,-1.776905355866797,-1.4730447205357695,-0.02376062481558064,-0.9415716805875476,-0.03099022811670271,-2.7853081645008855,0.7364783526269387
1.178347308076389,-1.1738812406431467,1.4785996170081375,1.4114917148744908,0.3672154237277594,-0.19797175896006608,-1.135101471645381,1.557910156742873,-0.5634018978244781,-0.4932380237066934,0.4964822007856214,-0.5100759193742304,1.9470600021548765,-2.0150315316919296,-0.28854694974086514,-2.6422702857179914,3.4087026770000146,0.17831929409000047,0.8040071300938538,0.45763665686432364,2.259917886451441,-0.8667075889379114,-0.8106919519926866,-0.3655614707943322,1.0157851718715962,-0.4540761904415179,-0.2966713087179712,0.5031980649042044,0.5904574013872461,-0.635401474534545,0.36313340437055697,1.7866068579337744,-0.6005462978257973,-1.695901405700942,-1.9680995844299751,-0.3260764459457379,-0.6206309572348551,-0.11489449837430177,-2.0355564253018095,0.8378920834904784
