0.7484749365521255,-0.3885138414557153,-0.4904165827588199,0.6225520283608645,-0.6455658665443125,0.05496805282768201,0.43882298459557045,1.1270658041537442,-0.0026462573414553978,0.5036736958233753,0.4401716673398496,-0.10951146752184089,0.10244793311312946,0.27812512116984067,-0.5330234465427766,0.07776688938075178,-0.1667378237663133,-0.17134456685113555,0.16286653670773635,0.18960207754210603,0.24909286659112523,0.22731476140703674,0.14981387333618354,0.4535048220017781,0.19565383031955447
0.987426081638511,-0.8034914604280157,-0.8106569430907983,0.6630231547024692,-1.0120606461687165,0.40424994950876836,-0.03251132342544019,1.1382007404643715,0.626397076309622,0.7376059654099262,-0.19664525300600913,0.47977443283522075,-0.027213263017200853,0.38805095302236486,-1.5592652794992454,-0.37492368054615727,-0.6213653244369509,-0.3155152257002079,0.39481489424607114,-0.13969689959917528,-0.15146741833782895,0.4404126103236589,0.2482522053096789,0.3602346744986246,-0.19955894679500494
0.7023698813121084,-0.8433947327396019,-0.6328136090222389,0.266052784634645,-1.576306078611849,0.46689507619576875,0.11051494656774014,0.9851820324598699,0.38836808936984246,0.4380040152074694,0.06404961664637043,0.8018516277146819,0.019054082064564118,0.589372710416588,-1.9559490467417475,0.12896822815622772,-0.47510101764495943,-0.1897892798416237,0.5619353888059175,-0.28073251770655583,-0.3752532167611253,0.6443541915668569,-0.07431669646907077,0.9338037365035514,-0.5155272369411439
0.1555617173206995,-0.9968392839719035,-0.5298541496390251,-0.025585698982357886,-1.5863076283478807,0.34140920663955504,-0.06307053270597977,0.495858938011192,0.006374422629096141,-0.0477896741254485,0.025191502207671253,1.3442203667297932,0.10827756391783618,0.49047193286113044,-2.3267161831664995,0.0865999793142866,-0.9066813653887431,0.04019913631863718,0.16851429104668758,-0.5121362430533758,-0.7548022624004432,0.661835331213508,-0.5145804032378554,0.45686845082246447,-0.8462811365260428
-0.40271233917540417,-1.1457580548478814,-0.43741420384376595,-0.08877082837858236,-1.8667280233354608,0.33723584010311924,0.05989559478061679,0.05935639244187951,-0.1658161548552906,-0.1195571486884391,-0.4981284168803002,1.5070561433972887,0.30071781207875137,0.5437874046834777,-2.582680451165368,0.21122586115432362,-1.302945219644058,0.27173736736765186,0.14675282651923705,-0.5458206427259792,-0.9364674428248617,0.5964674465366588,-0.6478402656788094,0.25888578255899175,-0.8753094492596715
-0.578126834441521,-1.1580259622839064,-0.4339445306127604,-0.6169072625402556,-1.8022453308073076,0.5245631974252194,0.1661287885803205,-0.3169948660607744,-0.6115544249891811,-0.19023918859851685,-0.6797395401719326,1.1603541433661728,0.3470440962985537,0.5371619722451851,-2.262678217631449,0.5349196336315211,-1.253551005407473,0.7679622579293655,-0.3425403904740793,-0.3990681611306657,-1.12112044042174,0.3158063138705432,-0.38684678904171194,0.12102427577391521,-0.9190775411823531
-0.8708424596193735,-1.0066387931950191,-0.27055655704412856,-1.141676073503506,-1.579082067285525,0.6892635790230488,0.3847738051595666,-0.2811919780649131,-0.48354040825398903,-0.6408147561433363,-0.9435552312345528,1.0410438591934934,0.024582365174569853,0.020387975218359486,-2.220817700375384,0.6931120876797098,-1.0828342298095013,0.829537961090112,0.14973271675595984,-0.6020066962796388,-1.0943443198523588,0.08195453250807966,-0.10350510436235263,0.0998687535390357,-0.8668866140950484
-0.7725367972676748,-0.8444517446238503,-0.2724145638930304,-1.4198843844269367,-1.8474967960502837,0.9131214075547033,0.504875845964711,-0.015508209542611251,-0.7651030269601689,-0.5104618711091614,-1.0373379172803734,0.980824939162682,-0.12510200367496324,-0.11848350638965839,-2.291951000138376,1.0413888951166494,-0.8592446225772508,1.222923449770931,0.1480252123495685,-0.9555141189051727,-1.2677138499786686,-0.011576089140943609,-0.02214307350919147,-0.08824552777036543,-0.6864693194685599
-0.5079590427724766,-0.5227058559520898,-0.1821134069578063,-1.5565347012981303,-1.7669700532641595,1.0607994526379867,0.6181039589533027,0.04077372256012955,-1.0071077009079819,-0.25134520349495926,-0.8829555884492348,1.0922258673166734,-0.2649821197700198,0.021048592054871848,-2.2878143287062915,1.156054658499973,-0.1977878777969755,1.4016602619409464,0.4450413199722037,-0.8185361208610733,-1.2674135027514715,-0.13250410204425694,0.6243725253922306,0.11777846130873859,-0.5459356278804437
-0.7679951783044492,-0.7418598003595943,-0.2928707672684287,-1.506528561763366,-1.706786980775608,1.2483729713496963,0.658735290798552,-0.03222799623096233,-1.0304808461942743,-0.3462161894036963,-0.6057666531863288,1.4609870943141376,-0.9086062442103289,0.24627092692997263,-2.354396773582293,1.3158199783732967,0.11983372901106441,1.5097548346838376,0.6758659818288978,-0.6811738640825907,-1.37022353494052,-0.09522097079049131,0.3186531155739969,0.5988861716000222,-0.5659813111455949
-1.1285419877468545,-1.5102997774429123,-0.5416439948974617,-1.6863568995374516,-1.0521652891989968,1.0967593206561126,0.144937629408327,-0.179088362366287,-0.9759557246480796,-0.7122235211883181,-0.7190772111549693,1.6741479781312933,-0.9235491627569531,0.09001100261456824,-2.2888846836032104,1.6248105583610828,0.0642891704477827,1.4698295197428384,0.14809040627536202,-0.22854826773027923,-1.4160523930452336,0.21998586561598374,-0.014285155629457966,0.28682833019558596,-0.5139102711159862
-1.1925725136636833,-1.4486643722948889,0.07131729620667875,-1.6515828147267066,-0.735945549635359,0.9343518046143979,-0.021483912722648157,-0.2743714455441323,-1.0878494272109014,-0.8170904652634434,-1.1843164169871936,2.0645087933045767,-0.7319920811396454,-0.387103356977202,-1.69976613663337,0.8778074031024308,-0.42104834371564875,1.7637025932526522,0.540873929027667,-0.2888167369790785,-1.5224618987288627,0.007207002776831251,-0.28114605665970593,-0.48083943141646746,-0.6418038062984791
-1.3310828678422795,-1.1011575176609418,1.0025920067458993,-1.8387641300580484,-0.4464580496795995,1.205573585045212,0.36653138239640776,-0.16722580413944552,-1.4576840209127855,-0.34649831447652424,-1.1865448000601353,2.110235852805937,-0.3778672775203322,-0.659557333897566,-1.5717096683190335,0.846113150609389,-0.6503039361395622,1.8672131774317449,0.8764315663033118,-0.11563344088999836,-1.536536664355907,0.16654669698483948,0.034088792916265605,-0.15270348563568836,-0.6045871353294429
-1.246621099262207,-0.6111812499206335,1.5233329649995424,-1.408788894541588,0.03327166847476919,1.3872622893199638,0.45699148221366265,-0.5254799911147684,-1.0549390841382214,-0.42910821372972124,-1.584248046278467,1.821982434726624,-0.43985644403273433,-0.5714472000863577,-1.4551406080376514,0.5275124514561815,-0.7229808354352417,1.334207645191893,1.0790874062077207,-0.194471837014591,-1.5633881427771779,-0.057194305655487776,0.3130467013106241,0.33211067366382097,-0.5248355580854746
-0.947898598087777,0.10024947952163746,1.9008605395313911,-1.2207715951364406,0.49029414043222874,1.7774445500768588,0.3399757259909022,-0.7540925769522745,-1.220286330500868,-0.0038732850819488684,-1.7607457498370926,1.1843619598947026,-0.2887440426980581,-0.37196325961509186,-1.102197595587133,0.8181023004380694,-0.6316738104383526,1.281572814460514,0.5255616624392816,-0.25244109527524833,-1.3865373327970174,-0.18448574567662426,0.3677309276143259,0.7426253270374512,-0.24739540182779574
-0.55378916556175,1.0214168879409753,2.5051596687483206,-0.2910680728355598,0.8114629618031323,2.5269010189015297,0.11235509853206371,-1.4913022727291052,-1.2935793430153715,0.30912932230797013,-1.6155670293894753,1.1186072813958188,-0.28690469556912723,0.00860832303999072,-1.0028502843613543,0.9367456578474822,-0.4555887160278748,1.1727134927485239,0.7189682530117949,-0.5099907873372206,-0.8490750829210925,-0.11862309777800022,0.27810148257849604,1.5233730693731364,-0.27268967212592077
-0.20459012771238397,1.594356573563845,2.442466878018901,0.3400021143973693,1.221974380052736,2.621786021220298,-0.5246690991718906,-2.4001856810447793,-1.115840580158705,0.10886239410224796,-1.1261947279429232,1.4243347213958006,-0.24142276612653885,0.24043815140687486,-0.9658887300081198,0.06439696649313537,-0.0986354109743845,0.6995840302617787,0.6219247189496774,-0.44066625274263427,-0.5702644927405203,0.0691874414044038,0.11868827955715111,2.0180673673946434,-0.21026937268347706
-0.4461335758304295,1.9868540586763992,2.557979898488025,0.6302822198325212,1.6138638512793855,2.223338155398929,-0.6598508840316212,-2.5985223801156794,-0.4450354650541687,0.02455664332259612,-0.49045746393672507,1.4135520447394805,-0.3087057565435326,0.7772703945447851,-0.828252880136373,-0.4477186496532145,0.22805988936074434,0.03582528159021175,0.8847167658161428,-0.06595978582144985,-0.4612415660623107,0.31628846783356623,-0.26189542704669333,2.456768967401685,-0.2008480128782673
-0.6678257690829467,1.8827879837314485,2.0101731345068483,0.4347400157421911,2.1175252391672252,1.4933833979660947,-0.6178904084064738,-2.379654860002851,0.4526820096347168,-1.0586645354058006,0.6099880725533202,1.0617899102828683,-0.4541628720102897,0.4014542092156782,-0.5563626073527006,-0.8484034290200028,0.209993900959989,-0.7987137880412014,1.1000971477279569,-0.12011580637201713,-0.08522629779787438,0.07140885652157292,-0.08589979788123944,1.8254500004547702,-0.14270787544034833
-0.8086814243117131,1.5287679220804975,1.22094041333086,0.20026610486640703,1.9154467298654207,0.5694964912963615,-0.44045096812211953,-1.9799517943768936,1.0393664390215256,-1.2015768174416772,0.7582125983825874,0.5486197951616577,-0.17540241772745702,0.4912363257523657,-0.5711537185439105,-1.018255612533767,0.07031052809291734,-1.1810291934850692,0.9724500888004359,-0.0975665751618343,-0.2155111246762127,0.14286918393236195,-0.09799371153630596,0.9574211900077532,0.12279248449896873
-1.0060885424778419,1.2065535666623524,0.681326543975583,0.1840386996805017,1.6491762785587425,-0.06325607038147615,-0.6482153664559289,-1.822820596166152,1.0313747939187046,-1.2735645108180282,0.8879988945133863,0.36721737458230685,-0.16199222133764973,0.054150925555817964,-0.16524217516382816,-1.2818750815682143,0.05959732321863821,-1.1602461762295184,0.8634771197556985,-0.19731860225555656,0.007595706515799947,0.103745616387127,-0.3427965550564413,0.1093556914858429,0.08826496733671224
-1.0831391126621732,1.2677123739909322,0.5796237675163762,-0.2977048054962852,1.1934507481163554,-0.5170034784649046,-0.16022467594883505,-1.580244157306743,1.202783684563621,-1.5705429663541548,0.6539418005635772,-0.012403819753864394,0.1438410534588637,-0.22829392104527357,0.17580630283798251,-1.4858660360063094,-0.04959094868518561,-1.1389184985233904,0.6202070433623722,-0.3609939738461517,-0.09553896929816365,-0.11566836312802477,-0.23184825821192412,-0.1974229405191118,-0.053713076430888025
-1.0419239140720418,1.1497127683626844,0.28317678713275984,-0.5897189422666751,0.8809057885006049,-0.721881316052544,-0.12499453812582523,-1.1937564149288005,1.3902325529450799,-1.4351025728627425,0.23568510685942534,-0.5877562432831043,0.08433700815665673,-0.738603912018597,0.2587402457685186,-1.4801647327769558,-0.15246302307755502,-1.2175042241433722,0.536495775909885,-0.7324109846672333,-0.35713909025587565,-0.27111649848960295,0.15505875188557908,-0.8325564202493021,-0.020457998611088136
-0.9335014680764271,1.7531009307415655,0.26255559212767116,-0.8561985080822196,0.46329217656170696,-1.0902797761242031,0.31786663792916914,-0.9008060500780867,1.7527334776624959,-1.3181904635635397,-0.2801142727208197,-1.082604914729389,0.22890930109615554,-0.5634901469610306,0.4958818746712659,-1.7651367584997646,0.4352824013769325,-1.3823834335682317,0.9509131332436971,-1.225905349605124,0.03400291929724772,-0.5181408046918106,0.32016235950783745,-0.8715956537985385,0.1406055189547828
-0.6080503204724369,2.1490578493528427,0.1174413970076687,-0.9859006680361881,0.712798198875156,-1.1038405541668797,0.7509332464283625,-0.31460295856640225,1.59564355059596,-1.0834579081612559,-0.03301071467539368,-1.3721100931216232,0.046252052918071496,-1.0837927328867338,0.596911777672811,-1.4701629148386168,1.254212374641964,-1.2910039645748268,1.2418872708076834,-1.491841489694434,0.2641232876038726,-0.5542742808461023,1.642225677791514,-1.1568961559775426,0.6792075286153649
0.012191746193696932,1.7842938323679978,-0.10118347449835706,-1.0757432750268086,0.7227091164475413,-1.0082173805223127,0.9806905670526473,0.7364399801145444,1.6290149174138726,-0.5239623282104278,-0.3325546375893444,-1.5529154893020463,-0.09375140599648772,-0.9130669635067968,0.8221193512610473,-1.3197961805911385,1.7848968963200327,-1.1306554335407255,1.2034205862216185,-1.0589549392320348,0.28991423697151836,-0.5848344576498173,2.041224508586255,-0.7596360034250614,1.0947641057342266
0.5508350788473834,1.0873733398321623,-0.6944781488265688,-0.7700560201146696,0.8295459447985551,-0.8959039794190424,1.1233083327157702,1.2169286127772263,1.5085073088315368,-0.39766228352714095,0.13203150566891705,-1.131369654817851,-0.33648264675416817,-0.7701656314314784,0.4503480171012879,-0.9044937213008704,1.7506391462970101,-0.997425109350224,1.3425786954154841,-0.869151451925312,0.4663557782650144,-0.3411874484858362,1.937012537204137,-0.6769147322968272,1.244801762163017
0.6398804083266971,0.6619585144731506,-0.5869815510257466,-0.3705318073492331,0.6811126080923775,-0.867354879940675,0.9675158232099798,1.6925993483616486,1.4904372687776533,-0.1959209747096236,-0.051080337999980546,-1.023165700088803,-0.23458980937324225,-0.6190951497102156,0.3063722394489208,-1.1591943201023345,0.9735552523260217,-1.0185319148321088,1.2496284693214526,-0.7611337062488923,0.46246397534424677,-0.3387531647646162,1.4452451985446069,-0.7114722778915439,1.0731214441417987
0.8152496248845381,0.40937614946433276,-0.36542230090006944,-0.029539530267311792,0.07810067584666147,-1.1406266858705967,1.0154923191811849,1.893059061259629,1.311624041328016,0.5510412457824654,0.14609482202899907,-0.8120672681760606,0.005984550717833104,-0.791103463718161,0.22076877018586016,-1.5232818266855102,0.6049409262319301,-1.4128823483546078,1.0893316656715557,-0.09843914417224234,0.32623155711689716,-0.12861226029654682,1.8987524087810874,-0.042700577671026335,0.9692341151273582
1.1514915917451884,0.06539193674055359,-0.6466071950294965,0.14082506911329878,-0.4487047882978986,-0.9311495565786425,0.9851031678292809,2.4218170552101603,1.519898963305054,0.637756455742305,0.03251057642947315,-0.9375420500050712,0.35414814209480167,-0.31304844355475187,-0.35814187454587637,-1.1935649896685967,0.2929107956318817,-1.4640554596123263,0.7264174175193381,-0.0739631087108209,0.3230756462551313,0.1443981443547501,1.5157866724118254,0.2600503404405258,0.4848138111317616
1.3528152225390366,-0.1825067359925255,-0.7571360616050438,0.6774231350508825,-0.7668253985728448,-0.6432988347292308,0.9109458710712205,2.650136655315724,1.6837369857195084,0.8938011000581594,0.11732366233358782,-0.7309522611276068,0.7124154711088485,0.2446047834097526,-1.2494953331869698,-0.9858205269475138,-0.13376358961906543,-1.6842001522182575,0.5815934563231054,-0.20879686953463547,0.013441802140792311,0.4128995246788415,1.169576513979324,0.6118069712669802,0.4645789770813701
1.4173294509561065,-0.3872644425739763,-0.8176019577708094,0.7882972090072656,-1.3858222806814782,-0.5688538055401912,0.5164352941464205,2.2869221243829077,1.7383796393195527,0.7553578550557699,-0.4498914024358133,-0.8055529547714754,0.5414667618441728,0.4959622539455496,-1.1898594648297844,-0.8328711006573565,-0.6384954338133609,-1.515450971395355,0.28760677961068265,-0.5849116156754873,-0.0636845847960065,0.14475426726552504,0.3411380206078897,0.3798514767580029,-0.09803353809383114
1.3483345429155758,-0.6615995456738966,-0.5285091671248717,0.9813137437895413,-1.2863729511667066,-0.289198358921124,-0.0645308905191427,2.008421083352261,1.633042331208901,0.6699431617159207,-0.24162646417711778,-0.7733150840490597,0.40732538206278285,0.42127900506808874,-0.9408750070536085,-0.574915766053186,-0.6899654869177526,-1.4929246867067079,-0.07358949334036716,-0.721320992938833,-0.5482270652211803,0.4058862252721276,-0.07358788077883288,0.32055458104266876,-0.5695004703414336
0.6074254162026368,-0.4554457108788129,-0.37943128331881526,0.45406697411347535,-1.3937611157454899,-0.3018704614828365,-0.07592608784270408,1.2808853520388537,1.16044358683511,0.5427140090134968,-0.5359606065199157,-0.07876513145364179,0.45480180142078996,0.6727977562817983,-1.4474245464833266,-0.7280086756996942,-0.7255167251332116,-1.282472124544721,-0.10992958870975941,-0.4171186740034194,-0.5314677377587773,0.4775663484671698,-0.3897240319095293,0.5673989713120196,-0.6238269982685026
0.7060792373341203,-0.13323927129872232,0.05183652402800418,0.6815062614132841,-1.6593418848268995,0.0035392396142083227,-0.1740282591184305,0.7453296250272431,0.8328528363116641,0.7042431281669425,-0.8421709241202033,0.2079910212471102,0.2099247157066383,0.780489853046858,-1.5386271562369391,-0.5984228450701494,-0.7640467360618903,-0.9281176357439183,0.3254792560447748,-0.9139300281213447,-0.5705650204170751,0.48615179427631205,-0.7595458656975028,0.8231597494701671,-0.8721024385222284
0.7048713814504268,0.21383003544078505,0.2241427922878376,0.4913740533388961,-1.5066015095255711,0.4055240860087547,-0.5755680538222971,0.31698879652483447,0.6857260114249379,0.42124547756281605,-0.5926032612071049,0.44439415018029177,0.06886778838136337,0.8252668834909455,-1.8385350215235532,-0.5951605332304094,-0.1144334924302996,-1.0025472964443587,0.08984170722325889,-1.3689450664912375,-0.7782854295577772,0.7016114336072717,-0.9791579404733171,1.429533526463612,-1.0358270046435236
0.38760101970919675,0.7938235513768621,0.18613080622614353,0.492125957225641,-1.770570645272506,0.24895128768548788,-0.7080714828552856,-0.4153515833473863,0.5972680105191581,0.39316532973203255,-0.7818555954631801,0.33541386511738525,-0.29384524172795534,1.125003863706113,-1.8525793754078101,-0.8973912299547857,0.10699982790593596,-1.1426253856094868,0.30524706104357,-1.706966711644779,-0.606715054106213,0.5744407950590685,-1.301641485020478,1.4283206889450126,-0.9881740580880412
0.0975255959969693,1.0585688361744396,0.20175711986619854,0.4502193028607789,-1.4129950518495062,0.29641715445669564,-0.9055785660814774,-0.9822156824547809,0.7591019628216936,-0.07526486005342531,-0.4451069774509861,0.45150897886373237,-0.5368663008478997,0.946951434364867,-1.6152096612730513,-0.8753969114911255,0.11520619408593655,-1.1021146526460905,0.41833963859230766,-2.0095519901514445,-0.4523883730914481,0.34730217176353373,-1.356610151073665,1.080047412814646,-0.6863810081633553
-0.09531475247834198,1.3162788408021957,0.026021398421502417,0.2832401942740469,-1.2834742921909428,0.6209813933061794,-1.2292110797630873,-1.777195270194757,0.6186270948182137,-0.3848575196870702,0.15520672156263046,0.7067947154758375,-0.3840576336047342,1.05188560730169,-2.0038197211338273,-0.935945434138214,0.33511160160114123,-0.9248356565984708,0.5028760707119833,-1.8338072314604479,-0.3436594545398578,0.5680811022612435,-1.2201638515064204,1.1677206918096636,-1.0173785166478015
-0.3573412349744107,1.391370705244063,0.2110378498831836,0.15178706216208038,-0.8405926618478713,0.5589410968117596,-0.9351117485064172,-1.937729917370304,0.7380017439943644,-0.7167781753733777,0.2844080591241268,0.5030830135961808,-0.4042533238492581,0.9445836312509939,-1.6790749121449504,-0.8294669025004872,0.29734351899223005,-0.8576692409076436,0.5762337475169149,-1.8665089355920692,-0.25122036742059994,0.4046404993345227,-1.1017962207669194,1.1517788833521883,-0.7312879012426303
-0.5187659289545037,1.2510535558575642,-0.15496889995304453,-0.045836924786442725,-1.2290007155289207,0.05213370338891615,-0.6947879790980058,-2.011305885121925,0.6288476756895289,-0.8470322335765929,0.42647615843789,0.4200121758109318,-0.10066292031482524,0.76262282422105,-1.6556897307875678,-0.810908098108347,0.025002252891820308,-0.8341091706752767,0.5204744448198279,-1.6253673906923218,-0.10967265591597979,0.3655826634140037,-0.7901261922417533,0.5109493972662404,-0.6112489431894028
-0.7686441230129739,1.1784982204385501,0.12609810800262153,0.005358906160920234,-0.9215698860364916,0.08619934354081571,-0.1610765145270406,-1.7941774563734367,0.5530376591094727,-0.8908268477955354,0.6421914559632252,0.5700805549423932,0.26880340003340736,0.6121520813434957,-1.8556883394472814,-1.004716958098204,-0.25691540372053573,-0.6590288454089138,0.7525611913652451,-1.4427392563061632,-0.21887666141965306,0.3625535290969747,-0.5221203432450966,0.7120963783072622,-0.6176988568532857
-0.9190039089543167,0.8238326230444726,-0.07901830126061661,-0.536802591654149,-1.0582036618917052,-0.5028171099452258,-0.06295400448135396,-1.5929495646554628,0.7218788621363231,-1.1748661602800357,0.847723440688248,0.7629226660738854,0.2016626846205692,0.6196527436737089,-1.9227878303054107,-1.416549249525598,-0.17643915757031053,-1.0090315538859518,0.5455382003485021,-1.3370247382712654,-0.5739064400372972,0.46505670685294925,-0.8140093220163523,0.5689268189866323,-0.8661873401110586
-1.1744370993944069,0.42583346935691235,-0.17160256457635156,-0.4950630724019175,-1.1675997641438913,-0.6456537304741873,0.13994831705231692,-1.3094003211201897,1.1085621180072098,-1.687327479153382,0.9151018099404807,0.8446791960738506,0.22264718215150678,0.644284418040308,-2.1733814041063084,-1.546935148282569,-0.29465306245905454,-1.3190448871939242,0.7652453244007362,-1.488904666367674,-0.7867332944897646,0.47788075560088455,-0.8107036244381043,0.543962716174122,-0.9494522606162937
-1.4828068811228377,0.42682471950943496,-0.3960486040306037,-1.0112063156270947,-1.626096276678869,-1.22045993209638,0.07460928100306725,-1.37890461169668,1.3637034647081532,-1.8787123062339242,0.8603491276523719,0.624186988757439,0.39353677255891356,0.6339477717718581,-2.072670339248416,-1.6296708748045101,-0.44402820132966164,-1.4024435343685826,0.4832783048038095,-1.5933122827439008,-1.00146797203105,0.30986211897943516,-1.1013414190933024,0.1701965631937328,-1.1207929762978204
-1.582829284661816,0.6712522472241355,-0.4872133652997988,-1.099323557700258,-2.118975496268684,-1.3582596107830875,0.2106647447647512,-1.4768162436799217,1.3426376997209748,-1.8952561736031026,0.14081394290398272,0.10166111443568673,0.2130991029984814,0.40204390923694994,-1.9150160070810054,-1.7519497880152761,-0.5903850559260313,-1.3040240104626086,0.619190070346586,-2.2338800613382586,-0.8781972218005616,0.053636910475923366,-1.0542305441482613,-0.48969901729896903,-1.1493986509832954
-1.443531036382864,1.0865738900260782,-0.6070084977881607,-1.287694226595807,-2.3052780327818923,-1.4435967616222174,0.18226031075143811,-1.4424985081449422,1.5022608014805312,-1.5790556557119568,0.014877758336601266,-0.3359980627436592,0.35615145526905245,0.29245488776914386,-1.8393545839751455,-1.7503911694349417,-0.27846146043561903,-1.4235597137939824,0.7106452269668386,-2.5646129804799527,-0.632356288544214,0.04692093031528162,-0.9705530617505581,-0.6767443153193731,-1.0204607591076587
-1.5362614792782263,0.945693760062266,-0.5821853552611411,-1.4991493055325866,-2.4849188831417104,-1.4617441678683911,0.1556724675307503,-1.3359277072544558,1.4272653971842115,-1.6177256257650723,-0.04743090738696649,-0.44652756120993914,0.2826549091370927,0.1094937104819715,-1.8447067442708343,-1.39527896371282,-0.3034841310772502,-1.4171899069054068,0.2580411336075577,-2.524187793273524,-0.965594767955328,0.003449318383756911,-0.8998227762067802,-0.44804495715849174,-1.154910334424169
-1.6929471384717385,1.2869719261188,-0.5559635948358215,-1.5511184545954662,-2.606973377899403,-1.686760325798975,0.2026058564715294,-1.3697571017666672,1.2735543968014094,-1.2383896896544826,-0.2974163866213223,-0.7890884351563776,0.051941024631779284,0.3008636782354978,-1.6600988072329104,-1.9345719136727089,0.19826434098971094,-1.7170470565093405,0.33101771029021854,-2.573044692386645,-0.9503169887005074,0.21281950729217727,-0.892088778607236,-0.12077302928414678,-1.208307077666946
-1.366049594611969,1.4191515894425504,-0.628995622221827,-1.6926625546889413,-2.435162524591679,-1.4134216639154187,0.47439845650141765,-1.2531137817661637,1.6743066885124118,-1.5844843504183523,-0.24922339907847704,-0.8732265368901506,0.22976383325829497,0.4573894655842762,-1.940668510245414,-1.7469553366559039,0.33022462017783505,-1.6376237990174536,0.46000238466139187,-2.7830611116972563,-0.8469885214515669,-0.050867291015902705,-0.5454703837550908,-0.024470198978749604,-1.144219726283646
-0.9064102158715253,1.429699094929781,-0.5441057438479557,-1.5305067242615837,-2.1129674726715417,-1.1753799257899635,0.8051114609837261,-0.8395254185141656,1.6771435622383801,-1.7034165073171899,-0.372316376146545,-0.6094804699454478,0.1149128228774216,0.5473609874695755,-1.9706409382926813,-1.579968120170868,0.7590625246137686,-1.5022827410364454,0.8243806990836795,-3.264480515331077,-0.8750211203411395,-0.12149145036346617,-0.5820876518669311,-0.024113291356930508,-0.8981684405269327
-0.7455975553254279,1.371174441076903,-0.6661734253576361,-1.7180474943126827,-2.02580446689106,-1.282989540907804,0.46015751250137155,-0.4832864673004711,1.805085320868281,-1.5551300473872425,-0.04117975594643077,-0.5595540061931811,0.06670160260925401,0.32872895778994726,-1.9062406104349938,-1.5282924121310277,1.137987065390711,-1.5438151843021168,0.6923348761726629,-2.9360329747603187,-0.8700672803855949,0.0012893802162687274,-0.41990185521397905,-0.025537713834254124,-0.9353317039983357
-0.7904388775167821,1.416022999107291,-0.6430581358581515,-1.9678437515258302,-1.7658676249641427,-1.224499510762925,0.44593911734386477,-0.5301984063477829,1.9914046704410282,-1.7863112940678982,0.052286273547713355,-0.26176484149322454,-0.0007388534265592855,0.3017861298004807,-1.953630486743814,-1.9047307703766319,1.4738754875746514,-1.5719223607750263,1.043936372022458,-2.946566644710267,-0.9646719444074925,0.052074461196244745,-0.30082541461084583,0.11765884176451347,-1.1227497892473106
-0.7124694433518929,1.2557807023722884,-0.5683065594934319,-1.9017144671522046,-1.5645093448501959,-1.286800311586945,0.781150909206495,-0.14140102685338438,2.0177505140916163,-2.229992664668936,0.37017410413678836,-0.39986392099837526,-0.23616988543481032,0.05483436838517659,-1.6475294571087822,-1.8701156443352582,1.3773502659560088,-1.7088168970657422,1.2101839993994399,-3.1229250155272186,-0.9203307391735984,-0.2604169437785744,-0.3041425760700021,0.012781648185818426,-0.9011983124368073
-0.8527177344795838,0.9839098865862093,-0.409923562288748,-2.3045147632460865,-1.397792947079819,-1.6103944558471355,0.7838419575767012,0.24318972251441304,1.858370709881523,-2.0159551922223176,0.05744279074645245,-0.30840470348003735,-0.2188524778360108,0.08802231294622394,-1.4974468889842636,-1.5755931867080908,1.723192079136207,-1.4028377720885594,1.034579434339472,-2.78201416660188,-1.1415782000925923,-0.0948072234519809,-0.38946488468033635,-0.09472918807664693,-0.8669453271640356
-0.9127157323072408,1.2382685592000318,-0.08812502760048221,-2.6677466771540836,-1.4952303018315642,-1.4367529749768744,0.9002850875871526,0.3577157330443891,1.9677905773106799,-1.9504600901499178,-0.3682827880443668,-0.38953855385220615,-0.22649171185963515,-0.1630480950253604,-1.3261071565311813,-1.599803233618605,1.6474182176063068,-1.3306759541572994,1.2159448284038983,-3.0423531602595664,-1.3371884316612006,-0.39037051489634667,-0.3085928022387261,-0.26877083481092456,-0.9791076093088388
-0.6748708577756701,1.5912139881420964,-0.16616574745604645,-2.7015410617015654,-1.4338003310944352,-1.295318175488099,1.1047332700949677,0.24139734920247946,2.0294729928240924,-2.1786150863268015,-0.3357308404470184,-0.3002391299084949,-0.14311312380780125,0.12605665999444424,-1.5603268025824724,-1.7014080708208428,1.9717108882355716,-1.1337050253931473,1.739298171961772,-3.60892733777863,-1.1592963346667515,-0.4169126693682184,-0.36095051943794243,-0.4157252669476217,-0.8551758626019372
-0.5030333506605212,1.7947077042700077,-0.26871901949183397,-2.533893313287509,-1.2078575810708458,-1.3520687514089318,1.3022516965427953,0.4452747320846711,2.04157874638776,-2.4922489320698324,0.09183404929696307,-0.4873263045307019,-0.33594300389117304,0.19600403068826608,-1.1867062344671362,-1.6420589644041415,2.3498408035216074,-1.0285507848132553,1.6345790166281304,-3.8285365903967077,-0.9856679326212735,-0.792838097027179,-0.5321388613052339,-0.4422490223532748,-0.5408173472782991
-0.335751833538665,1.482486085516106,-0.7186771388427428,-2.481059527882522,-0.8485158607993624,-1.3157271608435976,1.468015811778982,0.5800653148143516,2.137139408561418,-2.7374046742519043,0.4112999768757496,-0.34246223186156777,-0.5937708158942704,0.013447935324726434,-0.9584816783206698,-1.6162259221830755,2.8634149666546826,-1.144492757622193,1.7252544077501843,-3.439250193155181,-0.7784689578987548,-0.7601645706847192,-0.0999593827993266,-0.2843551833965866,-0.19016123124970966
-0.12965477759046776,1.1166426540810221,-0.8218418519598583,-2.403570723862214,-0.6603576799712135,-1.449091862500874,1.4425783170309858,1.3255900121116346,1.9909285729303299,-2.0006734309365606,0.19311258437458637,-0.7009707614956261,-0.6071773685258657,-0.2917836296480593,-1.1379851819711944,-1.324441382873649,2.5519932292852365,-1.166535146578462,1.651538107345869,-3.4030773149350484,-0.8588772868064959,-0.3989219451293055,0.13472685428053324,-0.6727427747404707,0.086687326724044
0.14908229137287493,0.7031295216229827,-0.9281994738084782,-2.202117722817208,-1.2013254418709818,-1.4746782839169446,1.4109752790942254,1.7065595627210173,1.7887024941775902,-1.3803236245951223,0.15930731370211237,-0.5602560363684772,-0.5693630431296645,-0.23245391427590184,-1.2006993086686333,-1.4517009805105103,2.2582081129266456,-0.9760841159579883,1.5448300629072713,-2.8103418334984998,-0.9418435536717205,-0.3863268414359518,0.3585836427390092,-0.23454129995568246,0.03032659877522839
0.4700940182831485,0.4261805766053111,-1.020605497720863,-1.5811522588951084,-1.9131716438571937,-1.227489954450139,1.7086088834024074,2.0683671982067198,1.8677876471977086,-1.00970976159636,0.320798095895669,-0.35413343310985806,-0.3372304384154121,0.3878899402295828,-1.9645597745396146,-1.5662054152907496,1.6870039123415328,-1.229528289226838,1.7533903971966196,-2.5880218101611563,-0.7584482179428317,-0.07370530008922187,0.26523012836353216,0.3719444381296989,-0.20949717485421515
0.7944029890014668,-0.18349379034611174,-1.4500313494393289,-1.1579374383670133,-2.597377082243705,-1.1190052328442386,1.5569240226988514,2.2748035835443696,1.9543058659945334,-0.5399066353064508,0.14745197449711614,0.009070369532775874,-0.012431522411482654,1.092154510199967,-2.8950399040005936,-1.2503705836574686,1.071658680984767,-1.2804821851213988,1.4158639328247495,-2.230049922302108,-1.0098385830449834,0.14327928441932417,0.160828236130502,0.6645450717743497,-0.6298833329546055
0.8330602329683742,-0.759129662942277,-1.7098713154726974,-1.1081982062044242,-3.192113782310262,-0.7968884978463728,1.2481462876843645,2.3197175438009405,1.6925609849559013,-0.49947322927109933,0.10977994446184158,0.18478032866239807,-0.07670557336606637,1.0562893205763666,-3.513285833722381,-0.571918656778226,0.09874164040430787,-1.0745072671431068,0.8321253787683661,-2.1765226463834977,-1.3852760310877446,0.15633264936323307,-0.20990973110141242,0.446946834905564,-1.0752287864704053
0.6779986363389174,-1.1502839246277072,-1.828941878012542,-1.237037933538103,-3.6819172009153145,-0.5080786884766683,0.7189896386867978,2.124089920070398,0.9056894338905949,-0.4167266992170396,-0.16919711326341524,0.42544257039421923,-0.31828758188317186,0.9695611062043819,-3.401709516266916,0.0885002150344451,-0.04129404816655163,-0.5306481026592973,0.2771510048042649,-2.145538765270343,-1.3458383041337043,0.2582783193610914,-0.6849726793956744,0.4861478977126544,-1.189741536534549
0.32259387797439654,-1.3807158905771146,-1.9125533020381165,-1.2040663897621195,-3.741116466320633,-0.0858715705278326,0.2177129784322658,1.4763605724151254,0.4706941771969298,0.013148701883565057,-0.5976904844105912,0.8918215703981541,-0.7812414011765221,1.0160693396390135,-3.6760542984042535,0.48406603792989017,0.0684469602249761,0.018699293224070712,0.2562752141215808,-2.100270091238844,-1.5618925988716021,0.42934976473600245,-0.9426150025241888,0.414746398143611,-1.2699946835508598
0.03451311122564235,-1.3052163089088065,-1.5770269496519023,-1.243258993444608,-3.335360321560092,0.0774882551675391,-0.21037634849207287,1.1121230305146272,0.28713427570765276,-0.3244709057609555,-0.4052943038859027,1.3124938780802669,-0.66679566095748,0.9132083256019584,-3.4685160766437084,0.4591655742472428,-0.12237156214755734,0.33506540645233107,0.2777729648646943,-2.024440179065951,-1.7330960271431128,0.5084264183384315,-1.3322024557702308,0.030605700648140055,-1.3370394150424907
-0.3835349150536941,-1.29856744122961,-1.5071315106808445,-1.3740428969204108,-3.1540673657329585,0.12819853326842978,-0.4096404768894437,0.4511051149599646,0.10955357233583966,-0.7105441070277502,-0.11316449615446429,1.6313246924627827,-0.5211723702483023,0.8157367991681733,-3.3598223028119323,0.3618732288195893,-0.23104282647630098,0.5354234346415068,0.3640567710377617,-1.8517323956435137,-1.6011356952381792,0.48969754249407654,-1.3783622238348798,-0.16072848234016235,-1.5341645175969636
-0.7663473477542637,-1.4720040147657227,-1.3043845353763288,-1.4005246643777678,-2.8724214446579133,0.09827485144811055,-0.3648982266748698,-0.12281043015304291,-0.1561607685930149,-1.005228963371703,-0.3772931442161909,1.740097183223329,-0.5133545774629202,0.6272581528742251,-3.076835115029826,0.5263124438778202,-0.47258723701036753,0.7232297271475533,0.21756426316402244,-1.6197780714147592,-1.7204749432487394,0.4793394914436783,-1.3596674341964516,-0.3976140595469433,-1.3929846993312434
-0.884485749119948,-1.387386491802342,-1.0116697858896277,-1.2353181772593427,-2.683879682097173,0.14028074662207535,-0.24360562746694278,-0.4396097586369198,-0.37708620457545683,-0.7336862935785323,-0.37148708968562205,1.9541132315313818,-0.4462067473676656,0.8859624417846123,-3.169207806345291,0.37178552681757476,-0.5776371613648458,0.764269589236038,0.29245484170034425,-1.37827095044556,-1.7479337725096848,0.6142316517012332,-1.2494287881809318,-0.05676230912975361,-1.359525810397464
-0.975511736635255,-1.1889877618738445,-0.865932767498389,-1.4062721951066257,-2.1686682094531378,0.15941853472982637,-0.481354923490355,-0.7104782535835362,-0.24163994808202283,-1.1285397443379184,-0.30895523407808895,2.1458318756058175,-0.4478919866298009,0.7780771329549396,-2.7425306361132122,0.14387602220709111,-0.41340250267600254,0.8279506919089972,0.2705234550466581,-1.5173446619324698,-1.583936507799804,0.42256865204004407,-1.6841276105816827,-0.41109423920897276,-1.3949337708886818
-1.323633389585305,-1.2219540851573405,-0.6673073131471101,-1.5002940161006273,-2.0740275408239337,0.054088622584765184,-0.8027995736290839,-0.8486199080195047,-0.34362016896211584,-1.3486407138440446,-0.04984753538588423,1.995061617198667,-0.6949772869333931,0.2241629579133342,-2.177865265986221,0.41562503387921973,-0.35182086783783284,0.9945998799509342,0.29882486263590535,-1.4815353603733834,-1.9633967618206596,0.40060577483361853,-1.5847137171676269,-0.83077707855911,-1.2955091515423733
-1.6573167960495123,-1.1358457961580888,-0.5398673793989055,-1.7177640843683224,-1.7188219192071967,0.05811388385905725,-0.4355455540950881,-1.0732814917883624,-0.481555250571561,-1.36333953512646,0.019796537389925567,2.249714113313845,-0.5585472957827617,0.06573997950095634,-2.388203871481801,0.22746061182185068,-0.28398406564097367,1.0166363515271424,0.6203482623410667,-1.2631776451222243,-1.5428459490713244,0.505253212617631,-1.258123082976492,-0.5976004366642742,-1.0663579511564494
-1.7199916593469993,-0.9355029747648453,-0.4933184135380086,-1.6040478935445517,-1.6942271959329818,0.18543692425072553,-0.4729029605713668,-1.168777681937251,-0.54496874676986,-1.1847216521448092,-0.07863536437127186,2.1489852614844853,-0.4234709048200614,-0.1854483149559363,-2.4838465762179687,0.12309685246678305,-0.38920262392118066,1.1266904295680589,0.6671224126425597,-1.1970502817997242,-1.5181301712248292,0.5482177104576289,-0.8966955983457875,-0.7098492431225591,-1.10703112715299
-1.7852420623988874,-1.133955063151371,-0.1849106063893708,-1.6564071128943287,-1.733875021210551,0.3523722848594198,-0.22735301796292,-1.0650866392826785,-0.7119770413658837,-1.0552848024406252,-0.03733599548774508,2.258192268858891,-0.191780728562532,-0.14399621884972452,-2.4876561024842907,0.15357051361833238,-0.754068689486518,1.0221226844260332,0.5811277545443476,-0.5945812199628409,-1.6054101535357945,0.6427384150562536,-0.5978718476089718,-0.24430461471344941,-1.1068508350396378
-1.7346935625900723,-0.8760481731764397,-0.03155135181551116,-1.3863139980284958,-1.4105642071153899,0.21836989396730175,-0.1716953489995666,-1.382863299451112,-0.6551897237482415,-1.216446603728941,0.10615521145873553,2.3468107552545616,-0.07388020209761564,0.1845061995584555,-2.5444596877639207,0.012461199529961251,-0.9075039139651964,0.8760524055827126,0.5989546227384213,-0.7682995039325087,-1.3318143690427982,0.6657163630669736,-0.7647353267347199,-0.2334261347877497,-1.150139859845011
-1.746794731547522,-0.81465990358061,-0.06752697163311602,-0.9475701812024895,-1.3666598358233202,0.21498266305545877,-0.012523902718643148,-1.7325888371369043,-0.6374282869951231,-1.0354493972757304,0.20011958780180175,2.1900126406565885,0.24547952964001274,0.5546512473491491,-2.5003766830600767,-0.2686333343136146,-1.1223099523907343,0.8081906428238268,0.5460634638095121,-0.28667710071211583,-1.1914660846074088,0.598880817099611,-0.6026273027119269,0.028460119988947263,-1.0727058412158081
-1.6836647760219334,-0.7265042513038421,-0.038109250665127645,-0.5914600575018794,-1.1646680673429548,0.21475718942762959,-0.09872860329605182,-1.9248001340501657,-0.6034860576931484,-1.066447437008195,0.6054785984285208,2.0756355728691727,0.3548396180784963,0.3137928305538972,-2.3194768390018266,-0.20725755637955942,-1.5210106612916605,0.6735691948982557,0.475163263601938,-0.026408116080604147,-0.8492960122721745,0.5989799520972532,-0.4419452181364527,0.006822060756034386,-0.9803460649975282
-1.5717844154697327,-0.6507650658733242,-0.10853133843914589,-0.6449627615750111,-1.0066309661537742,-0.12442452814630306,-0.07785186399389352,-1.7087494761518238,-0.488151309379176,-1.1144813493304677,0.7974923049394186,1.9187859939177876,0.3929143945146455,0.14507368175636484,-2.071153303791412,-0.6182273136430299,-1.302658824075632,0.3320819568709922,0.3271687966273868,-0.1034400515928029,-0.901784287373742,0.7188953865201925,-0.5783628202705842,-0.05155495662737547,-0.9739519432439715
-1.692563982184524,-0.6180270837974623,-0.19708166717089934,-0.47302445640866875,-1.1131773526924167,-0.305882358869348,-0.01171174262548125,-1.692363895359877,-0.21526483465713897,-1.0253411017482175,0.7793533844971575,1.5140215758184017,0.5335188716002103,0.021627800506627028,-1.7212527730302387,-0.690295518938373,-1.5850678024469222,0.19950455948692314,0.30186505663139784,0.1649054524170075,-0.7680703141511603,0.5704327449525775,-0.38239637881024213,-0.2583997882664314,-0.8078153173441297
-1.3542258431337912,-0.8182250868517883,-0.36465859677392626,-0.5506035690901935,-0.969567406567251,-0.5014810057964353,0.13010677039712953,-1.165530757337063,0.20063471428990923,-1.0688989627790202,0.5087199458168216,1.208600427836018,0.5620268203229776,-0.24647665385813983,-1.5838890913971826,-0.8077293215077144,-1.6161907248525949,-0.06460302387228559,0.4933608316286022,0.16493873162686903,-0.6069200255182103,0.493492424090003,0.014824025965130695,-0.6056282369538947,-0.7354859094118115
-1.1360544501474448,-0.9013619194757656,-0.4356963510933575,-0.4869347154994375,-1.4526057027736576,-0.8049071101690773,0.404153092672253,-0.3239349795219881,0.3306505280477194,-0.5365930176851658,0.4737778799547934,0.9044571623601245,0.7307546054827417,-0.3097099720438395,-1.814863748604339,-0.8479702369794075,-1.8495711037659508,-0.31968914686772504,0.4296082200705448,0.10737791105854046,-0.7647434493931055,0.498828523661195,-0.039693706781429985,-0.5115768952123032,-0.6135390504130231
-1.1208332373504541,-0.9969466474605679,-0.6208433893605708,-0.7668782309142368,-1.7571170729032972,-1.0965029568829978,0.38224491734946364,-0.25087179747410454,0.34950185908593756,-0.6689901707561688,0.13971440745319838,0.9581284136769441,0.7575973804446569,0.05010664190370133,-1.853519300784812,-0.8973724332326463,-1.3956649552667686,-0.2617449193374156,0.2715123464261791,-0.30505923551514674,-0.7848642594364745,0.6021699383551337,-0.1645596614371124,-0.6710490869902804,-0.9622393681612464
-1.2498616810877377,-0.8927352439201705,-0.3423837729095827,-0.9807087317130142,-2.2337397159025576,-1.1916371402977124,0.30419631727354285,-0.28899932771562176,0.3079597393583768,-0.5804074102622564,-0.2501112220146031,1.0828240789652315,0.5831370042936029,-0.25222806017745014,-1.7785372113615079,-1.345600946611915,-1.4383090877901101,-0.3193765139731968,0.4654861075953718,-0.7287615011659776,-1.020197135765359,0.4042824458406105,-0.4396947883232768,-0.7488769362215971,-1.131642805397156
-1.5030839521255421,-0.36189540147106036,-0.05181951956996679,-1.1006936272800978,-2.4496652033740967,-1.2058958053519095,0.33816652784112733,-0.5347141597997926,0.4501049104640949,-0.7689863219609712,-0.08279875934030057,1.1176474948223194,0.5364299430239059,-0.33831758412200064,-2.062836692687469,-1.564468947182938,-1.3434399475319425,-0.5314311890215476,0.7179230395003511,-1.095585416106431,-1.301417653287758,0.3757356928229234,-0.712273712397933,-0.39369311141663876,-1.3682918345404875
-1.5576821382456532,-0.08375387350277556,0.09634656089784212,-1.2461519620715509,-2.2654648140556652,-0.8723852230173924,0.6201365468105272,-0.7411412839314467,0.4608904866132096,-1.2513353762493313,-0.0643190070201308,1.029492603599,0.5863704141151015,-0.11906417126988614,-2.2739034660188073,-1.319186246384778,-1.0313557908782225,-0.4297951047569395,0.696852267217819,-1.5002607459870094,-1.476008393646248,0.29878249217639585,-0.4814038599780504,-0.26326192738833326,-1.3992256010041928
-1.492365537573235,0.611711819366641,0.22961592010093274,-1.7320614022068859,-2.0253946742496693,-1.0069579563942268,0.5012156148459332,-1.0984271944195296,0.5173262703364154,-0.959267279154147,-0.18661035766881928,0.6423069355711059,0.5957141517559283,-0.056930167899110165,-2.049292049386615,-1.5202397871574056,-0.3565239282807507,-0.650643421458734,0.6211789585467145,-1.6699496785216499,-1.098241641191906,0.37944734268565494,-0.19328708055185312,-0.011258814315191087,-1.3791075075224797
-1.5992704138778253,0.933971972480992,0.12170408846909272,-1.5895797034790888,-1.6372034037471175,-0.8291431450541783,0.7779742431704424,-1.241087358195449,0.8761484054695559,-1.3883543867810595,-0.20184067287588495,0.1398733386280409,0.30752144231489187,0.06717361486190886,-1.7133077036910982,-1.3661265647864516,0.04838195535509523,-0.9068638808275475,0.8627877440581224,-1.651705943171015,-0.9174410098332857,0.18692126612064783,0.00669026323811144,0.20423173423574784,-0.8009714180472565
-1.371226456475694,1.1693278394424524,0.18199578347174755,-1.447032508088055,-1.8163163810831309,-0.900706994597442,1.0129510528658054,-0.9348865752118185,1.1036916730856505,-1.21042515088691,-0.23554350103822966,-0.2804425926924795,0.5553556766345743,0.4486725610890936,-1.9209053119100217,-1.453670315741887,-0.09419843033202853,-1.017573802607981,0.9299556786078771,-1.8577387116532096,-0.7686120078490376,0.0003002202166043494,-0.11843841562946777,0.3770001757649183,-0.8026778585662495
-0.9839267435559295,0.9075441945010075,-0.0895422623923612,-1.2168935742353815,-1.9629568967591313,-0.7207627961316452,1.1504415919797581,-0.8801071147932372,0.8572739610738851,-1.2589480546322132,0.1787848460842087,0.08089712932687781,0.6785956736097916,0.5161817793084785,-2.3203952516342032,-1.2620833437931902,-0.0708570304455978,-1.0284697832573275,0.6159048785685964,-1.7945871254987744,-1.1147179532141,0.051315781876434194,0.013561775217683703,0.6859072656744967,-0.9776055642296607
-0.9864821581608902,0.6982997954516494,-0.06086093490845498,-1.3943640899332714,-1.9708617860573638,-0.567659390404857,0.8018133653194045,-0.7177270240819765,0.9638513868429947,-1.6763302770615682,0.053572350266764074,0.36217177238152853,0.42959312587955634,0.5407042364359951,-2.280436982314999,-1.0179012848068971,0.027844614070974605,-0.7830508934461875,0.7118143802473353,-2.106619636625516,-1.065685383209297,-0.013882122076134942,-0.4327204078206312,0.4400288087150872,-1.1418882701800048
-1.0367200639053558,0.503496174857758,0.07919204843251358,-1.4996437615390659,-1.8810585346224244,-0.449607770036877,0.5971142148837862,-0.794541689069434,0.7272715361514156,-1.623519503129251,0.16477614957227824,0.7634247265900447,0.22883438247957966,0.5955065432756534,-2.281992200813159,-1.0034133188810852,0.23088872070161898,-0.6784615261434473,0.6992856548721714,-2.087671085259232,-1.2863499483351717,0.14612788452804898,-0.9437219206959752,0.605628161768239,-1.0800971463346387
-1.10207387465306,0.45303130901055316,0.29233822113063546,-1.7965879916888765,-1.982290493112296,-0.41567410424122825,0.5561979729926242,-0.723757182874423,0.7456025441380545,-1.5715632755266016,-0.1460994600662657,0.8655466259201459,0.07781803843545634,0.03408856872753803,-2.2543628005607355,-1.1259915888193621,0.21247774573210917,-0.6311377135568796,0.7356261064474605,-2.075810345182688,-1.4403121670897,0.03346485198896389,-0.5964427683382171,0.7444055067241233,-1.2736939406448693
-1.061854035189037,0.6129775602072758,0.07473769099629018,-1.8440971560245067,-1.6757699646187405,-0.5877588158631203,0.5551341978670336,-0.7331451160191133,1.002639337503467,-1.7609667775870876,-0.14230286751542237,0.5755537082188048,0.05775308175398611,0.35077724413269523,-2.2847535810413593,-1.0742760799627264,0.6022364190862999,-0.7037330668711361,0.6256874748744887,-2.3589183136159706,-1.368998469011427,0.1199275314592033,-0.5228226277871753,0.5685998874681011,-1.3289547219536522
-1.2128748954941027,0.7725998960255529,-0.061384948844209836,-1.8749746377592307,-1.6226499203831164,-0.7050348780644715,0.517125412198655,-0.6400241813476784,1.3107459387935285,-1.6894495059872825,-0.19045722154111605,0.12966083419136565,-0.14267531786246065,0.3712705816135491,-2.1307212874723778,-1.1004039256051432,0.7029857519082233,-1.0463405288266105,0.8493677589948317,-2.449566475197143,-1.4377040155592509,0.06769797768615685,-0.4493405091905811,0.39391537845003033,-1.037871403283303
-1.0135954696622809,0.8847478011731894,-0.3062641575097578,-1.7946620584745894,-1.6881166692991192,-0.6084884539310093,0.47318584460508945,-0.6347909654613986,1.3056767637589963,-1.5729769789956476,-0.022248845550407785,0.21209303347396352,-0.13293070152707098,0.3616384873221428,-2.3149824421384606,-1.2074849008860287,0.8638473920552979,-0.9063694595040646,0.9039687320077309,-2.538065705193725,-1.2838634376638445,0.08292789577803447,-0.4516622497138899,0.33942094672060774,-1.1094145847717087
-0.934022396369466,0.8223916308482624,-0.2406994925559079,-1.7369599478658464,-1.6226578756750358,-0.5734239292899302,0.4756105528371803,-0.3610841407247991,1.2226893281574631,-1.7817425985846356,0.11209619838169521,0.330000222407522,-0.2124373785765243,0.2974875022390127,-2.0793598525939676,-1.0199733170884524,0.8589360739637522,-0.9463168403091801,0.8933788576795529,-2.5897305996477673,-1.2450322206519728,0.07180620338908678,-0.6567837934211568,0.20765187950439354,-0.9221545372021527
-0.6887404382183913,0.9187343713955286,-0.3280950210442873,-1.7201023251002443,-1.4541276614218703,-0.7416586536027536,0.6073546868165913,-0.08722605482767015,1.5770539202260938,-1.5325910204453794,-0.043320338071027545,-0.23751041762120698,-0.21329300767543066,0.27838485385089135,-1.957121149171593,-1.1191936911397795,0.9632879617185585,-1.114212474474398,0.8914196135812105,-2.5996274715501015,-1.0946995922952747,-0.031953184905436256,-0.32403005417271247,0.31443081659657934,-0.8838653137657941
-0.35880881373234114,0.8447845993012519,-0.7249570327297419,-1.6820208551102391,-1.1166684702371004,-0.9251081315881388,0.38698090922341744,0.08965036654898692,1.608466096881096,-1.367147580708109,0.20935231804892074,-0.262765915421991,-0.27509527909899956,0.20058766911010928,-1.731238520848157,-1.2209262710999744,1.4390825946307182,-1.3242830815205484,0.7331976982274854,-2.359829849141953,-0.7632287329443622,0.14770172476681298,-0.07578172270843428,0.32755632030687487,-0.7697856705725814
-0.23082439664132084,0.5245815334229579,-0.8411448522995142,-1.3241443423433699,-0.8810751874733062,-1.042541527434088,0.50681531774427,0.49755326257384774,1.60232271453882,-1.217778727454302,0.22422131213541432,-0.40086241347345053,-0.48975643003873803,-0.13649260522029028,-1.2355582709848252,-1.106639739577631,1.3197776587755377,-1.3708558127795505,0.8695587843485011,-2.2375120325077,-0.4712446865431232,0.07724528552871625,0.16186539445120415,0.11631826881021064,-0.21244175902754103
0.18656332288656524,0.5408789767376191,-1.027698886807439,-1.2480239916650782,-1.176335506704079,-0.762707121628245,0.6457813903158998,0.8644259449180562,1.5273530906827946,-0.6848915734918669,-0.24472954665902916,-0.7748813315518462,-0.32960775550310883,0.05443376345255327,-1.4206785487507956,-0.9376365024698103,1.1750803331511785,-1.15182009446396,0.8699521657870719,-1.7856676019238802,-0.4400506217077042,0.09874982742845545,0.7249503117137204,0.1230090611466125,-0.3525847240477677
0.5984686676909496,0.4529083478073163,-1.0198412750201413,-0.9700205818491048,-1.009667995087545,-0.4341251285336953,0.657524572187325,1.3720276596102836,1.6281513750422028,-0.3402920313867226,-0.28858929680752454,-0.9348865443898452,-0.08723553554132592,0.21869678233486417,-1.5267020079944889,-0.749066074185511,1.169705312826172,-1.1459297144776777,0.5826761595533735,-1.6305008206311085,-0.6308081016191674,0.07645570855265647,0.878900222581783,0.45255845919746357,-0.2906483646897315
0.8030824852244411,0.13363971400940988,-1.0986686989254053,-0.5903295320832802,-1.11123384999932,-0.45781513876395985,0.5747093618679924,1.6303692208506901,1.524517504345918,-0.0712168953267179,-0.4675263239156386,-0.7179264283259693,-0.25100596507744044,0.3630902021205035,-1.4138179396314223,-0.5793620938327715,1.0417261545088496,-1.0317403567067351,0.593694137334673,-1.4367427892643951,-0.5522757373129704,0.11576069715496254,0.6379184970585747,0.36568620292018283,-0.002981647004956206
1.073802781689573,-0.07743464038085501,-1.3688318656789438,-0.298469516329441,-1.3784412466404787,-0.25092584441951515,0.3041087336406735,1.7931183795753647,1.3139074543344347,0.09025292436297781,0.00021292559889427584,-0.5036367774072947,-0.3452625118896218,0.368019907617696,-1.5873840008214077,-0.5183990000231515,0.8262118781935976,-1.0296564136048505,0.5165382806470518,-1.3742139715647494,-0.2095763102904195,0.2125586750131135,0.4722940856338472,0.4440875262582253,-0.15693790230089744
0.9437227210707135,-0.7064156967985024,-1.695939139918797,-0.2326012551568447,-1.7328769109763182,-0.19225620341297806,-0.04163983008354433,1.7398083810711285,0.9889602569811021,0.4506408340432955,-0.023221168653543674,-0.12717515329317458,-0.38278746340914394,0.5420481781776811,-2.0668763590146004,-0.14439332461310614,0.25001032319702954,-0.7139376973152649,0.1640424842567818,-0.8869465907786739,-0.3488481125652219,0.42746360566911645,0.19891861504631242,0.3576372088842744,-0.26072377192654017
0.7010454164842912,-0.9957350100314911,-1.5432752497700473,-0.3082215262774499,-2.0965470686772902,0.21453459017260154,0.04273777035872485,1.4122270880540087,0.5056842523655911,0.2615168304658833,-0.44427705883641805,0.04693024992886262,-0.30592191465858604,0.7321220690875662,-2.07581159417889,0.5689622381002972,-0.4150340782889613,-0.08127236249410308,0.04160308503273318,-0.8529476814562346,-0.506630958539464,0.1770618085026513,-0.25765591089673834,0.29013543834556715,-0.4351590562432603
0.6143667470882426,-1.124817215331688,-1.4418241751898384,-0.24114187123881256,-2.1734556795447197,0.6708175264912244,-0.21263622930267992,0.9569325166580939,-0.29890814442714964,0.3600545312757874,-0.46242465003694966,0.35567696053244635,-0.6948426426469198,0.6883655293709728,-2.040059661374328,0.9841153339893354,-0.4858648441685556,0.5013387487040714,-0.2051957363903587,-0.8227938048060894,-0.5231962121024243,0.2785940541235693,-0.5757445464377076,0.3691818338880596,-0.510144598879821
0.414687053800973,-1.2555474194839311,-1.3657992071018594,-0.12478417727681008,-1.964834914175677,1.2777069386374544,-0.560198109054438,0.616455542163972,-0.5186869725339108,0.6156891107601498,-0.8387308734047356,0.8046824476294463,-0.6904211808801354,0.7263672680982264,-2.3644505253625296,1.5928690006880084,-0.7148010023949679,1.0548884906592548,-0.266777142059912,-0.5210665455622631,-0.6828771434231005,0.33745774543431184,-0.24374895502530122,0.05131621784506903,-0.469093210902089
0.08826058454514826,-1.515889827879251,-1.4951011992407222,-0.19150593753920248,-1.623051878669269,1.4382963526688377,-1.2288867489846766,-0.08180928184618094,-0.9613192302049048,0.522593570076832,-0.8945662920697097,0.9990814297335723,-0.865051419022697,0.18600414814372973,-1.9348390971998828,1.8462263977312243,-0.9518120778390393,1.3945448405014704,-0.5384825630313916,-0.2909509610800181,-0.47305030232379186,0.3720333461841777,-0.6045482843363849,-0.49332559750648874,-0.30927342147028736
-0.07238958421898674,-1.6413706989819554,-1.3718777756546656,-0.016883793497754658,-1.176996816068333,1.7050969260089137,-1.3230797252304245,-0.6166035282780244,-1.4615656547901326,0.44145301887976524,-1.276429575286943,0.9417480832888008,-1.0126044446626767,-0.3411665927623532,-1.3425914101755452,2.177210020436656,-1.0031472626480418,1.8658960096736532,-0.8503866322280007,0.0037482962694584954,-0.3636853950877442,0.20779174405285136,-0.259273827911644,-0.6151319321637355,-0.28152454920709813
-0.029405696342537757,-1.5319529499058924,-0.5311617917858142,-0.39033022937875084,-0.19884225824108426,2.204205748471343,-1.2571275777927953,-0.3146331750978402,-1.7273119572859303,0.9250372474842544,-1.635640443083045,1.3288965749320665,-1.2259066503924247,-0.49709849079748186,-0.9421307066835168,2.1468739346264867,-0.7875511849291095,2.201100931518194,-0.1566526713536899,0.3515079653316418,-0.6078040847210604,0.28469241057664857,0.23437905711723597,-0.574134432035148,0.08615603782118164
0.14314710061697533,-1.1582763113119405,0.4132311658182686,-0.05513534216732448,0.34521044858172983,2.32113511451427,-1.194152105427821,-0.29506860564496945,-1.8438081168784644,1.2986078090291169,-1.5940558219734344,1.256750504120889,-1.0103009811021073,-0.6296570142017256,-0.3639351497266038,1.965272282385762,-0.6012144420733047,2.14873241101969,-0.10564640795357776,0.6708032945485037,-0.2718837245494489,0.32056242187162604,0.4073051196222372,0.2247433519566683,0.25765631276531575
0.17249249829669572,-0.7957291673946855,0.9138991513423664,0.6229354116539834,0.8403456183171294,2.778039361891237,-1.3367388518660754,-0.5206460565277446,-1.820913389089278,2.0191703291994414,-1.8455160681120177,1.2012764945843113,-0.9446523383869343,-0.2998241291673154,-0.6531087143493266,1.6706985048564262,-0.8045787553363833,1.6033854937115042,-0.06801177724799604,1.0967309833271461,-0.27909825821744066,0.6284692685609624,0.6141269935455607,0.8717829078352284,0.3702682748562142
0.170367647104912,-0.42536404224571656,1.726708104741303,1.4248242380368326,1.2422927605098852,2.741416822925453,-1.012527955705709,-0.939856744086676,-2.4867166952560726,2.2667734374356616,-1.3005788791751904,1.290377888993955,-0.9116156596825796,-0.46066643184725004,0.06167195361177718,1.1471120444550351,-0.8712341981826823,1.2677743836256876,-0.19755493572729307,1.9667073669169357,0.26753224104248624,0.8269904201454487,0.8862711896005111,2.123284972434695,0.6513255889146139
-0.02056997129889311,0.20388631145304092,2.2049717657916332,1.8030292917942234,1.6953619415040073,2.8093334529881044,-0.792583063228194,-1.479166405601081,-1.936095070384124,2.284038995947334,-1.0064143963013505,1.227376603102589,-0.3092657633855808,-0.23542021471222452,-0.28448627174172586,0.9312704950076087,-1.1805944082276898,0.7645434481929099,0.051109406864293994,2.3250724008959045,0.37909527463816495,1.0410291686026163,1.4714946426101174,2.667417784296484,0.43360682628892533
-0.34421833071874997,0.5518272146079376,2.2673153110996767,1.5972860737462629,1.8381942151351136,2.4881073024079465,-0.8683618342562651,-1.5015123193574271,-1.0381861153569374,1.6798097182732112,-0.5594217921787777,1.087977072720014,-0.3187903212758625,-0.49358093207690273,-0.41500459740367845,0.1467892453986572,-1.5376635323250651,-0.03332262632654255,0.38924895974500795,2.284582738216368,0.26180960122724134,0.7682235891813516,1.7978688426013514,2.390739748594671,0.2796369009581666
