0.017312839787618,-0.834078183427133,0.00273428912757966,-0.000945057200883004,-3.73709878706209e-05
0.017312839787618,-0.834078183427133,0.00273428912757966,-0.000945057200883004,-3.73709878706209e-05
0.0200471289151977,-0.835023240628016,0.00270309110487583,-0.000920834625020905,-3.86504646209427e-05
0.0200471289151977,-0.835023240628016,0.00270309110487583,-0.000920834625020905,-3.86504646209427e-05
0.0227502200200735,-0.835944075253037,0.00267146648187078,-0.000893675312310216,-3.98771412127223e-05
0.0227502200200735,-0.835944075253037,0.00267146648187078,-0.000893675312310216,-3.98771412127223e-05
0.0254216865019443,-0.836837750565348,0.00263941123225256,-0.000863609209596161,-4.10372529871753e-05
0.0254216865019443,-0.836837750565348,0.00263941123225256,-0.000863609209596161,-4.10372529871753e-05
0.0280610977341968,-0.837701359774944,0.00260692097622651,-0.000830680488372426,-4.21168574770057e-05
0.0280610977341968,-0.837701359774944,0.00260692097622651,-0.000830680488372426,-4.21168574770057e-05
0.0306680187104233,-0.838532040263316,0.00257399114662306,-0.000794947357381059,-4.31019787269149e-05
0.0306680187104233,-0.838532040263316,0.00257399114662306,-0.000794947357381059,-4.31019787269149e-05
0.0332420098570464,-0.839326987620697,0.002540617160878,-0.000756481799649267,-4.39787607600974e-05
0.0332420098570464,-0.839326987620697,0.002540617160878,-0.000756481799649267,-4.39787607600974e-05
0.0357826270179244,-0.840083469420347,0.00250679459741106,-0.00071536923588611,-4.47336313027773e-05
0.0357826270179244,-0.840083469420347,0.00250679459741106,-0.00071536923588611,-4.47336313027773e-05
0.0382894216153355,-0.840798838656233,0.00247251937487626,-0.000671708116775416,-4.53534772552368e-05
0.0382894216153355,-0.840798838656233,0.00247251937487626,-0.000671708116775416,-4.53534772552368e-05
0.0407619409902117,-0.841470546773008,0.00243778793270721,-0.000625609446969877,-4.58258335006641e-05
0.0407619409902117,-0.841470546773008,0.00243778793270721,-0.000625609446969877,-4.58258335006641e-05
0.0431997289229189,-0.842096156219978,0.00240259741136727,-0.00057719624398811,-4.61390866745206e-05
0.0431997289229189,-0.842096156219978,0.00240259741136727,-0.00057719624398811,-4.61390866745206e-05
0.0456023263342862,-0.842673352463966,0.00236694583069225,-0.000526602935677634,-4.62826953922966e-05
0.0456023263342862,-0.842673352463966,0.00236694583069225,-0.000526602935677634,-4.62826953922966e-05
0.0479692721649785,-0.843199955399644,0.00233083226470399,-0.000473974700142987,-4.62474279214449e-05
0.0479692721649785,-0.843199955399644,0.00233083226470399,-0.000473974700142987,-4.62474279214449e-05
0.0503001044296824,-0.843673930099787,0.00229425701128314,-0.00041946675237492,-4.60256174410266e-05
0.0503001044296824,-0.843673930099787,0.00229425701128314,-0.00041946675237492,-4.60256174410266e-05
0.0525943614409656,-0.844093396852162,0.00225722175512189,-0.000363243582053641,-4.56114337150284e-05
0.0525943614409656,-0.844093396852162,0.00225722175512189,-0.000363243582053641,-4.56114337150284e-05
0.0548515831960875,-0.844456640434215,0.00221972972239988,-0.000305478147273774,-4.50011681419936e-05
0.0548515831960875,-0.844456640434215,0.00221972972239988,-0.000305478147273774,-4.50011681419936e-05
0.0570713129184873,-0.844762118581489,0.00218178582566025,-0.000246351029115188,-4.41935266310813e-05
0.0570713129184873,-0.844762118581489,0.00218178582566025,-0.000246351029115188,-4.41935266310813e-05
0.0592530987441476,-0.845008469610604,0.00214339679742277,-0.000186049552176049,-4.31899216729037e-05
0.0592530987441476,-0.845008469610604,0.00214339679742277,-0.000186049552176049,-4.31899216729037e-05
0.0613964955415704,-0.84519451916278,0.00210457131113877,-0.000124766876389959,-4.19947514088879e-05
0.0613964955415704,-0.84519451916278,0.00210457131113877,-0.000124766876389959,-4.19947514088879e-05
0.0635010668527091,-0.84531928603917,0.00206532008817907,-6.27010653908577e-05,-4.06156496593987e-05
0.0635010668527091,-0.84531928603917,0.00206532008817907,-6.27010653908577e-05,-4.06156496593987e-05
0.0655663869408882,-0.845381987104561,0.00202565598960965,-5.41369169493322e-08,-3.90636871845209e-05
0.0655663869408882,-0.845381987104561,0.00202565598960965,-5.41369169493322e-08,-3.90636871845209e-05
0.0675920429304979,-0.845382041241478,0.00198559409161607,6.29688992154209e-05,-3.73535014767297e-05
0.0675920429304979,-0.845382041241478,0.00198559409161607,6.29688992154209e-05,-3.73535014767297e-05
0.0695776370221139,-0.845319072342263,0.00194515174356107,0.000126161010079673,-3.55033308540554e-05
0.0695776370221139,-0.845319072342263,0.00194515174356107,0.000126161010079673,-3.55033308540554e-05
0.071522788765675,-0.845192911332183,0.00190434860779266,0.00018931411005052,-3.35349293445599e-05
0.071522788765675,-0.845192911332183,0.00190434860779266,0.00018931411005052,-3.35349293445599e-05
0.0734271373734676,-0.845003597222132,0.00186320668043068,0.000252220027267103,-3.14733424439408e-05
0.0734271373734676,-0.845003597222132,0.00186320668043068,0.000252220027267103,-3.14733424439408e-05
0.0752903440538983,-0.844751377194865,0.0018217502925085,0.000314671460694749,-2.93465307510559e-05
0.0752903440538983,-0.844751377194865,0.0018217502925085,0.000314671460694749,-2.93465307510559e-05
0.0771120943464068,-0.844436705734171,0.00178000609100847,0.000376462922579646,-2.7184838759853e-05
0.0771120943464068,-0.844436705734171,0.00178000609100847,0.000376462922579646,-2.7184838759853e-05
0.0788921004374153,-0.844060242811591,0.00173800299945573,0.000437391661129771,-2.50203188538844e-05
0.0788921004374153,-0.844060242811591,0.00173800299945573,0.000437391661129771,-2.50203188538844e-05
0.080630103436871,-0.843622851150461,0.00169577215790039,0.000497258558480485,-2.28859346191391e-05
0.080630103436871,-0.843622851150461,0.00169577215790039,0.000497258558480485,-2.28859346191391e-05
0.0823258755947714,-0.843125592591981,0.00165334684227277,0.000555868999177922,-2.08146809631e-05
0.0823258755947714,-0.843125592591981,0.00165334684227277,0.000555868999177922,-2.08146809631e-05
0.0839792224370442,-0.842569723592803,0.00161076236327339,0.000613033704653043,-1.8838669198371e-05
0.0839792224370442,-0.842569723592803,0.00161076236327339,0.000613033704653043,-1.8838669198371e-05
0.0855899848003176,-0.84195668988815,0.00156805594510528,0.000668569529380103,-1.69882311800925e-05
0.0855899848003176,-0.84195668988815,0.00156805594510528,0.000668569529380103,-1.69882311800925e-05
0.0871580407454228,-0.84128812035877,0.0015252665845175,0.000722300214718197,-1.52910966813931e-05
0.0871580407454228,-0.84128812035877,0.0015252665845175,0.000722300214718197,-1.52910966813931e-05
0.0886833073299403,-0.840565820144051,0.00148243489078773,0.000774057096691316,-1.37716921035835e-05
0.0886833073299403,-0.840565820144051,0.00148243489078773,0.000774057096691316,-1.37716921035835e-05
0.0901657422207281,-0.83979176304736,0.00143960290744351,0.000823679764333729,-1.24505973506071e-05
0.0901657422207281,-0.83979176304736,0.00143960290744351,0.000823679764333729,-1.24505973506071e-05
0.0916053451281716,-0.838968083283026,0.00139681391666156,0.000871016665596303,-1.13441829611392e-05
0.0916053451281716,-0.838968083283026,0.00139681391666156,0.000871016665596303,-1.13441829611392e-05
0.0930021590448331,-0.83809706661743,0.00135411222746017,0.000915925658063643,-1.04644335343987e-05
0.0930021590448331,-0.83809706661743,0.00135411222746017,0.000915925658063643,-1.04644335343987e-05
0.0943562712722933,-0.837181140959366,0.00131154294895533,0.000958274502200873,-9.8189485497808e-06
0.0943562712722933,-0.837181140959366,0.00131154294895533,0.000958274502200873,-9.8189485497808e-06
0.0956678142212486,-0.836222866457165,0.00126915175009001,0.000997941295281635,-9.41109962753948e-06
0.0956678142212486,-0.836222866457165,0.00126915175009001,0.000997941295281635,-9.41109962753948e-06
0.0969369659713386,-0.835224925161884,0.00122698460739559,0.00103481484446422,-9.24031499506214e-06
0.0969369659713386,-0.835224925161884,0.00122698460739559,0.00103481484446422,-9.24031499506214e-06
0.0981639505787342,-0.83419011031742,0.00118508754249361,0.00106879497796308,-9.30245794396952e-06
0.0981639505787342,-0.83419011031742,0.00118508754249361,0.00106879497796308,-9.30245794396952e-06
0.0993490381212278,-0.833121315339457,0.00114350635116409,0.00109979279372019,-9.59026587109995e-06
0.0993490381212278,-0.833121315339457,0.00114350635116409,0.00109979279372019,-9.59026587109995e-06
0.100492544472392,-0.832021522545736,0.00110228632594325,0.00112773084539408,-1.00938192585942e-05
0.100492544472392,-0.832021522545736,0.00110228632594325,0.00112773084539408,-1.00938192585942e-05
0.101594830798335,-0.830893791700342,0.00106147197432013,0.00115254326593495,-1.08010146569549e-05
0.101594830798335,-0.830893791700342,0.00106147197432013,0.00115254326593495,-1.08010146569549e-05
0.102656302772655,-0.829741248434407,0.00102110673470157,0.00117417582944834,-1.16980213989916e-05
0.102656302772655,-0.829741248434407,0.00102110673470157,0.00117417582944834,-1.16980213989916e-05
0.103677409507357,-0.828567072604959,0.000981232692389908,0.00119258595246374,-1.27697074721292e-05
0.103677409507357,-0.828567072604959,0.000981232692389908,0.00119258595246374,-1.27697074721292e-05
0.104658642199747,-0.827374486652495,0.000941890297870035,0.00120774263620493,-1.4000025324412e-05
0.104658642199747,-0.827374486652495,0.000941890297870035,0.00120774263620493,-1.4000025324412e-05
0.105600532497617,-0.82616674401629,0.000903118089750563,0.00121962635181649,-1.5372352824854e-05
0.105600532497617,-0.82616674401629,0.000903118089750563,0.00121962635181649,-1.5372352824854e-05
0.106503650587367,-0.824947117664474,0.000864952424711615,0.0012282288708777,-1.68697880607461e-05
0.106503650587367,-0.824947117664474,0.000864952424711615,0.0012282288708777,-1.68697880607461e-05
0.107368603012079,-0.823718888793596,0.000827427216819915,0.0012335530439096,-1.8475399202883e-05
0.107368603012079,-0.823718888793596,0.000827427216819915,0.0012335530439096,-1.8475399202883e-05
0.108196030228899,-0.822485335749687,0.000790573688541685,0.00123561252992566,-2.01724323777379e-05
0.108196030228899,-0.822485335749687,0.000790573688541685,0.00123561252992566,-2.01724323777379e-05
0.108986603917441,-0.821249723219761,0.000754420135724132,0.00123443148036662,-2.19444814871753e-05
0.108986603917441,-0.821249723219761,0.000754420135724132,0.00123443148036662,-2.19444814871753e-05
0.109741024053165,-0.820015291739394,0.000718991708746966,0.00123004418098793,-2.37756243218897e-05
0.109741024053165,-0.820015291739394,0.000718991708746966,0.00123004418098793,-2.37756243218897e-05
0.110460015761912,-0.818785247558406,0.000684310211964051,0.00122249465550206,-2.56505294099095e-05
0.110460015761912,-0.818785247558406,0.000684310211964051,0.00122249465550206,-2.56505294099095e-05
0.111144325973876,-0.817562752902904,0.00065039392342231,0.00121183623494359,-2.75545377999586e-05
0.111144325973876,-0.817562752902904,0.00065039392342231,0.00121183623494359,-2.75545377999586e-05
0.111794719897298,-0.816350916667961,0.000617257436713814,0.00119813109687839,-2.9473723660223e-05
0.111794719897298,-0.816350916667961,0.000617257436713814,0.00119813109687839,-2.9473723660223e-05
0.112411977334012,-0.815152785571082,0.000584911526668702,0.0011814497786391,-3.13949370406861e-05
0.112411977334012,-0.815152785571082,0.000584911526668702,0.0011814497786391,-3.13949370406861e-05
0.112996888860681,-0.813971335792443,0.000553363040422042,0.00116187066889295,-3.33058317987904e-05
0.112996888860681,-0.813971335792443,0.000553363040422042,0.00116187066889295,-3.33058317987904e-05
0.113550251901103,-0.81280946512355,0.00052261481520216,0.00113947948178417,-3.51948811530447e-05
0.113550251901103,-0.81280946512355,0.00052261481520216,0.00113947948178417,-3.51948811530447e-05
0.114072866716305,-0.811669985641766,0.000492665623992389,0.00111436871786363,-3.70513828609228e-05
0.114072866716305,-0.811669985641766,0.000492665623992389,0.00111436871786363,-3.70513828609228e-05
0.114565532340297,-0.810555616923902,0.00046351014999764,0.00108663711597712,-3.88654556298484e-05
0.114565532340297,-0.810555616923902,0.00046351014999764,0.00108663711597712,-3.88654556298484e-05
0.115029042490295,-0.809468979807925,0.000435138990625,0.00105638910016304,-4.06280279477273e-05
0.115029042490295,-0.809468979807925,0.000435138990625,0.00105638910016304,-4.06280279477273e-05
0.11546418148092,-0.808412590707762,0.000407538691461776,0.00102373422548085,-4.23308201464947e-05
0.11546418148092,-0.808412590707762,0.000407538691461776,0.00102373422548085,-4.23308201464947e-05
0.115871720172382,-0.807388856482281,0.000380691810486861,0.000988786626516802,-4.39663201109389e-05
0.115871720172382,-0.807388856482281,0.000380691810486861,0.000988786626516802,-4.39663201109389e-05
0.116252411982868,-0.806400069855765,0.000354577012533594,0.00095166447208761,-4.55277525078413e-05
0.116252411982868,-0.806400069855765,0.000354577012533594,0.00095166447208761,-4.55277525078413e-05
0.116606988995402,-0.805448405383677,0.000329169193762108,0.000912489429497398,-4.70090409557446e-05
0.116606988995402,-0.805448405383677,0.000329169193762108,0.000912489429497398,-4.70090409557446e-05
0.116936158189164,-0.80453591595418,0.000304439635656573,0.00087138614134108,-4.84047614757494e-05
0.116936158189164,-0.80453591595418,0.000304439635656573,0.00087138614134108,-4.84047614757494e-05
0.117240597824821,-0.803664529812839,0.000280356187823377,0.000828481717692675,-4.97100844060319e-05
0.117240597824821,-0.803664529812839,0.000280356187823377,0.000828481717692675,-4.97100844060319e-05
0.117520954012644,-0.802836048095146,0.000256883478623723,0.000783905246144023,-5.09206995626016e-05
0.117520954012644,-0.802836048095146,0.000256883478623723,0.000783905246144023,-5.09206995626016e-05
0.117777837491268,-0.802052142849002,0.000233983152467462,0.000737787321942518,-5.20327157529681e-05
0.117777837491268,-0.802052142849002,0.000233983152467462,0.000737787321942518,-5.20327157529681e-05
0.118011820643735,-0.801314355527059,0.000211614132331783,0.000690259600042653,-5.30425184136423e-05
0.118011820643735,-0.801314355527059,0.000211614132331783,0.000690259600042653,-5.30425184136423e-05
0.118223434776067,-0.800624095927017,0.000189732905874568,0.000641454370664096,-5.3946555676143e-05
0.118223434776067,-0.800624095927017,0.000189732905874568,0.000641454370664096,-5.3946555676143e-05
0.118413167681942,-0.799982641556353,0.000168293833326727,0.00059150415959397,-5.47409958506141e-05
0.118413167681942,-0.799982641556353,0.000168293833326727,0.00059150415959397,-5.47409958506141e-05
0.118581461515268,-0.799391137396759,0.000147249475128577,0.000540541354162372,-5.54211414842953e-05
0.118581461515268,-0.799391137396759,0.000147249475128577,0.000540541354162372,-5.54211414842953e-05
0.118728710990397,-0.798850596042596,0.000126550937110115,0.000488697855447362,-5.59803541004304e-05
0.118728710990397,-0.798850596042596,0.000126550937110115,0.000488697855447362,-5.59803541004304e-05
0.118855261927507,-0.798361898187149,0.000106148230853212,0.000436104757044586,-5.64079244269135e-05
0.118855261927507,-0.798361898187149,0.000106148230853212,0.000436104757044586,-5.64079244269135e-05
0.11896141015836,-0.797925793430104,8.59906467271521e-05,0.000382892050329375,-5.66844676992727e-05
0.11896141015836,-0.797925793430104,8.59906467271521e-05,0.000382892050329375,-5.66844676992727e-05
0.119047400805087,-0.797542901379775,6.60271369654075e-05,0.000329188355952081,-5.67708575487943e-05
0.119047400805087,-0.797542901379775,6.60271369654075e-05,0.000329188355952081,-5.67708575487943e-05
0.119113427942053,-0.797213713023823,4.62067060454235e-05,0.000275120680920837,-5.65777921563579e-05
0.119113427942053,-0.797213713023823,4.62067060454235e-05,0.000275120680920837,-5.65777921563579e-05
0.119159634648098,-0.796938592342902,2.64788055424348e-05,0.000220814200417196,-5.58654307434116e-05
0.119159634648098,-0.796938592342902,2.64788055424348e-05,0.000220814200417196,-5.58654307434116e-05
0.119186113453641,-0.796717778142485,6.79373056727828e-06,0.000166392063295495,-5.38152065491549e-05
0.119186113453641,-0.796717778142485,6.79373056727828e-06,0.000166392063295495,-5.38152065491549e-05
0.119192907184208,-0.796551386079189,-1.28969851513477e-05,0.000111975219904026,-4.64386058503159e-05
0.119192907184208,-0.796551386079189,-1.28969851513477e-05,0.000111975219904026,-4.64386058503159e-05
0.119180010199057,-0.796439410859285,-3.26401785167157e-05,5.76822707736291e-05,-1.36708675954251e-05
0.119180010199057,-0.796439410859285,-3.26401785167157e-05,5.76822707736291e-05,-1.36708675954251e-05
0.11914737002054,-0.796381728588512,-5.24806736034999e-05,3.62933442943358e-06,3.54711915218997e-05
0.11914737002054,-0.796381728588512,-5.24806736034999e-05,3.62933442943358e-06,3.54711915218997e-05
0.119094889346936,-0.796378099254082,-7.2460908421168e-05,-5.00700674623822e-05,5.06690208154376e-05
0.119094889346936,-0.796378099254082,-7.2460908421168e-05,-5.00700674623822e-05,5.06690208154376e-05
0.119022428438515,-0.796428169321545,-9.26205748265213e-05,-0.000103305109546148,5.3852047362362e-05
0.119022428438515,-0.796428169321545,-9.26205748265213e-05,-0.000103305109546148,5.3852047362362e-05
0.118929807863689,-0.796531474431091,-0.00011299627441759,-0.000155967748873831,5.45838211063315e-05
0.118929807863689,-0.796531474431091,-0.00011299627441759,-0.000155967748873831,5.45838211063315e-05
0.118816811589271,-0.796687442179965,-0.000133621193149816,-0.000207952799696209,5.45475504708178e-05
0.118816811589271,-0.796687442179965,-0.000133621193149816,-0.000207952799696209,5.45475504708178e-05
0.118683190396121,-0.796895394979661,-0.000154524797349676,-0.00025915799908327,5.41668482642163e-05
0.118683190396121,-0.796895394979661,-0.000154524797349676,-0.00025915799908327,5.41668482642163e-05
0.118528665598772,-0.797154552978744,-0.000175732553638508,-0.000309484065546872,5.35862567057599e-05
0.118528665598772,-0.797154552978744,-0.000175732553638508,-0.000309484065546872,5.35862567057599e-05
0.118352933045133,-0.797464037044291,-0.000197265675143235,-0.000358834752707704,5.28665751116682e-05
0.118352933045133,-0.797464037044291,-0.000197265675143235,-0.000358834752707704,5.28665751116682e-05
0.11815566736999,-0.797822871796999,-0.000219140896199024,-0.000407116900075333,5.2037710555952e-05
0.11815566736999,-0.797822871796999,-0.000219140896199024,-0.000407116900075333,5.2037710555952e-05
0.117936526473791,-0.798229988697074,-0.000241370277567918,-0.000454240482932078,5.11163725789173e-05
0.117936526473791,-0.798229988697074,-0.000241370277567918,-0.000454240482932078,5.11163725789173e-05
0.117695156196223,-0.798684229180006,-0.000263961044004293,-0.000500118663143811,5.01129753885787e-05
0.117695156196223,-0.798684229180006,-0.000263961044004293,-0.000500118663143811,5.01129753885787e-05
0.117431195152219,-0.79918434784315,-0.000286915455777845,-0.000544667842577562,4.90346581482322e-05
0.117431195152219,-0.79918434784315,-0.000286915455777845,-0.000544667842577562,4.90346581482322e-05
0.117144279696441,-0.799729015685727,-0.000310230715536597,-0.000587807720804912,4.78867314771727e-05
0.117144279696441,-0.799729015685727,-0.000310230715536597,-0.000587807720804912,4.78867314771727e-05
0.116834048980904,-0.800316823406532,-0.000333898911646965,-0.000629461358404249,4.66734238359395e-05
0.116834048980904,-0.800316823406532,-0.000333898911646965,-0.000629461358404249,4.66734238359395e-05
0.116500150069257,-0.800946284764937,-0.00035790699890581,-0.000669555247132969,4.53982924282633e-05
0.116500150069257,-0.800946284764937,-0.00035790699890581,-0.000669555247132969,4.53982924282633e-05
0.116142243070351,-0.80161584001207,-0.000382236817234066,-0.000708019387896219,4.40644636335949e-05
0.116142243070351,-0.80161584001207,-0.000382236817234066,-0.000708019387896219,4.40644636335949e-05
0.115760006253117,-0.802323859399966,-0.000406865148714866,-0.000744787377304212,4.26747825520321e-05
0.115760006253117,-0.802323859399966,-0.000406865148714866,-0.000744787377304212,4.26747825520321e-05
0.115353141104403,-0.80306864677727,-0.000431763813056554,-0.000779796503354357,4.12319121929672e-05
0.115353141104403,-0.80306864677727,-0.000431763813056554,-0.000779796503354357,4.12319121929672e-05
0.114921377291346,-0.803848443280624,-0.000456899801279845,-0.000812987850507318,3.97384039351027e-05
0.114921377291346,-0.803848443280624,-0.000456899801279845,-0.000812987850507318,3.97384039351027e-05
0.114464477490066,-0.804661431131132,-0.000482235447140086,-0.000844306414221729,3.81967511044096e-05
0.114464477490066,-0.804661431131132,-0.000482235447140086,-0.000844306414221729,3.81967511044096e-05
0.113982242042926,-0.805505737545353,-0.000507728635543658,-0.000873701224679446,3.66094324349055e-05
0.113982242042926,-0.805505737545353,-0.000507728635543658,-0.000873701224679446,3.66094324349055e-05
0.113474513407382,-0.806379438770033,-0.000533333046913456,-0.000901125479239262,3.49789492433423e-05
0.113474513407382,-0.806379438770033,-0.000533333046913456,-0.000901125479239262,3.49789492433423e-05
0.112941180360469,-0.807280564249272,-0.000558998436217831,-0.000926536682870016,3.33078585215492e-05
0.112941180360469,-0.807280564249272,-0.000558998436217831,-0.000926536682870016,3.33078585215492e-05
0.112382181924251,-0.808207100932142,-0.000584670945076748,-0.000949896795605976,3.15988031339733e-05
0.112382181924251,-0.808207100932142,-0.000584670945076748,-0.000949896795605976,3.15988031339733e-05
0.111797510979174,-0.809156997727748,-0.000610293445130305,-0.000971172385795471,2.98545397161695e-05
0.111797510979174,-0.809156997727748,-0.000610293445130305,-0.000971172385795471,2.98545397161695e-05
0.111187217534044,-0.810128170113544,-0.000635805910597947,-0.000990334787684288,2.80779645352258e-05
0.111187217534044,-0.810128170113544,-0.000635805910597947,-0.000990334787684288,2.80779645352258e-05
0.110551411623446,-0.811118504901228,-0.000661145817736936,-0.00100736026168979,2.62721372538493e-05
0.110551411623446,-0.811118504901228,-0.000661145817736936,-0.00100736026168979,2.62721372538493e-05
0.109890265805709,-0.812125865162918,-0.000686248568678952,-0.00102223015546621,2.44403025633447e-05
0.109890265805709,-0.812125865162918,-0.000686248568678952,-0.00102223015546621,2.44403025633447e-05
0.10920401723703,-0.813148095318384,-0.000711047936937284,-0.00103493106380836,2.25859093757749e-05
0.10920401723703,-0.813148095318384,-0.000711047936937284,-0.00103493106380836,2.25859093757749e-05
0.108492969300093,-0.814183026382192,-0.000735476531706233,-0.00104545498518827,2.07126273012947e-05
0.108492969300093,-0.814183026382192,-0.000735476531706233,-0.00104545498518827,2.07126273012947e-05
0.107757492768387,-0.81522848136738,-0.000759466277885326,-0.00105379947261175,1.88243601889203e-05
0.107757492768387,-0.81522848136738,-0.000759466277885326,-0.00105379947261175,1.88243601889203e-05
0.106998026490501,-0.816282280839992,-0.000782948908668535,-0.00105996777643902,1.69252563518296e-05
0.106998026490501,-0.816282280839992,-0.000782948908668535,-0.00105996777643902,1.69252563518296e-05
0.106215077581833,-0.817342248616431,-0.000805856467398169,-0.00106396897665217,1.50197153082462e-05
0.106215077581833,-0.817342248616431,-0.000805856467398169,-0.00106396897665217,1.50197153082462e-05
0.105409221114435,-0.818406217593083,-0.000828121815298608,-0.00106581810213824,1.31123907190864e-05
0.105409221114435,-0.818406217593083,-0.000828121815298608,-0.00106581810213824,1.31123907190864e-05
0.104581099299136,-0.819472035695222,-0.000849679141655804,-0.00106553623444805,1.12081893343338e-05
0.104581099299136,-0.819472035695222,-0.000849679141655804,-0.00106553623444805,1.12081893343338e-05
0.10373142015748,-0.82053757192967,-0.000870464472958091,-0.00106315059355078,9.3122658178285e-06
0.10373142015748,-0.82053757192967,-0.000870464472958091,-0.00106315059355078,9.3122658178285e-06
0.102860955684522,-0.82160072252322,-0.000890416177526152,-0.00105869460319152,7.43001332058064e-06
0.102860955684522,-0.82160072252322,-0.000890416177526152,-0.00105869460319152,7.43001332058064e-06
0.101970539506996,-0.822659417126412,-0.000909475462170281,-0.00105220793354677,5.56704974661779e-06
0.101970539506996,-0.822659417126412,-0.000909475462170281,-0.00105220793354677,5.56704974661779e-06
0.101061064044826,-0.823711625059959,-0.000927586857460139,-0.00104373651902012,3.72919969532587e-06
0.101061064044826,-0.823711625059959,-0.000927586857460139,-0.00104373651902012,3.72919969532587e-06
0.100133477187366,-0.824755361578979,-0.000944698688258208,-0.00103333254920013,1.9224720765286e-06
0.100133477187366,-0.824755361578979,-0.000944698688258208,-0.00103333254920013,1.9224720765286e-06
0.0991887784991074,-0.825788694128179,-0.000960763526292679,-0.00102105443113787,1.53033489651722e-07
0.0991887784991074,-0.825788694128179,-0.000960763526292679,-0.00102105443113787,1.53033489651722e-07
0.0982280149728147,-0.826809748559317,-0.000975738621642672,-0.00100696672137901,-1.57282250269272e-06
0.0982280149728147,-0.826809748559317,-0.000975738621642672,-0.00100696672137901,-1.57282250269272e-06
0.097252276351172,-0.827816715280696,-0.000989586310180729,-0.000991140026444515,-3.24871006913106e-06
0.097252276351172,-0.827816715280696,-0.000989586310180729,-0.000991140026444515,-3.24871006913106e-06
0.0962626900409913,-0.82880785530714,-0.00100227439416105,-0.000973650870744636,-4.8681895756064e-06
0.0962626900409913,-0.82880785530714,-0.00100227439416105,-0.000973650870744636,-4.8681895756064e-06
0.0952604156468302,-0.829781506177885,-0.00101377649335133,-0.000954581531215748,-6.42480966386882e-06
0.0952604156468302,-0.829781506177885,-0.00101377649335133,-0.000954581531215748,-6.42480966386882e-06
0.0942466391534789,-0.830736087709101,-0.00102407236430169,-0.000934019838225053,-7.91215270364801e-06
0.0942466391534789,-0.830736087709101,-0.00102407236430169,-0.000934019838225053,-7.91215270364801e-06
0.0932225667891772,-0.831670107547326,-0.00103314818554551,-0.000912058942638017,-9.32388330477686e-06
0.0932225667891772,-0.831670107547326,-0.00103314818554551,-0.000912058942638017,-9.32388330477686e-06
0.0921894186036317,-0.832582166489964,-0.00104099680676935,-0.000888797049348633,-1.0653799694811e-05
0.0921894186036317,-0.832582166489964,-0.00104099680676935,-0.000888797049348633,-1.0653799694811e-05
0.0911484217968624,-0.833470963539312,-0.00104761796022351,-0.000864337117782332,-1.18958876070545e-05
0.0911484217968624,-0.833470963539312,-0.00104761796022351,-0.000864337117782332,-1.18958876070545e-05
0.0901008038366388,-0.834335300657095,-0.00105301843285606,-0.000838786530309776,-1.30443763378728e-05
0.0901008038366388,-0.834335300657095,-0.00105301843285606,-0.000838786530309776,-1.30443763378728e-05
0.0890477854037828,-0.835174087187405,-0.00105721219791782,-0.000812256729798344,-1.40937966018721e-05
0.0890477854037828,-0.835174087187405,-0.00105721219791782,-0.000812256729798344,-1.40937966018721e-05
0.087990573205865,-0.835986343917203,-0.00106022050500149,-0.000784862827818977,-1.50390396393843e-05
0.087990573205865,-0.835986343917203,-0.00106022050500149,-0.000784862827818977,-1.50390396393843e-05
0.0869303527008635,-0.836771206745022,-0.00106207192775641,-0.000756723185376895,-1.58754170715982e-05
0.0869303527008635,-0.836771206745022,-0.00106207192775641,-0.000756723185376895,-1.58754170715982e-05
0.0858682807731071,-0.837527929930399,-0.00106280236871466,-0.000727958968231857,-1.65987207559858e-05
0.0858682807731071,-0.837527929930399,-0.00106280236871466,-0.000727958968231857,-1.65987207559858e-05
0.0848054784043924,-0.838255888898631,-0.00106245502090613,-0.00069869367913955,-1.72052816457889e-05
0.0848054784043924,-0.838255888898631,-0.00106245502090613,-0.00069869367913955,-1.72052816457889e-05
0.0837430233834863,-0.83895458257777,-0.00106108028621099,-0.000669052669656334,-1.76920266046451e-05
0.0837430233834863,-0.83895458257777,-0.00106108028621099,-0.000669052669656334,-1.76920266046451e-05
0.0826819430972753,-0.839623635247427,-0.00105873565057638,-0.00063916263424546,-1.8056531693966e-05
0.0826819430972753,-0.839623635247427,-0.00105873565057638,-0.00063916263424546,-1.8056531693966e-05
0.0816232074466989,-0.840262797881672,-0.00105548551649683,-0.000609151089605353,-1.82970701448713e-05
0.0816232074466989,-0.840262797881672,-0.00105548551649683,-0.000609151089605353,-1.82970701448713e-05
0.0805677219302021,-0.840871948971277,-0.00105140099335266,-0.000579145842381501,-1.84126529491526e-05
0.0805677219302021,-0.840871948971277,-0.00105140099335266,-0.000579145842381501,-1.84126529491526e-05
0.0795163209368494,-0.841451094813659,-0.00104655964642214,-0.000549274448444992,-1.84030595393831e-05
0.0795163209368494,-0.841451094813659,-0.00104655964642214,-0.000549274448444992,-1.84030595393831e-05
0.0784697612904273,-0.842000369262104,-0.00104104520561864,-0.000519663667070791,-1.82688557760153e-05
0.0784697612904273,-0.842000369262104,-0.00104104520561864,-0.000519663667070791,-1.82688557760153e-05
0.0774287160848087,-0.842520032929175,-0.001034947235187,-0.000490438913396729,-1.80113961371629e-05
0.0774287160848087,-0.842520032929175,-0.001034947235187,-0.000490438913396729,-1.80113961371629e-05
0.0763937688496217,-0.843010471842571,-0.00102836076583498,-0.000461723712586126,-1.76328069408872e-05
0.0763937688496217,-0.843010471842571,-0.00102836076583498,-0.000461723712586126,-1.76328069408872e-05
0.0753654080837867,-0.843472195555158,-0.00102138589095464,-0.000433639159143739,-1.71359475346254e-05
0.0753654080837867,-0.843472195555158,-0.00102138589095464,-0.000433639159143739,-1.71359475346254e-05
0.074344022192832,-0.843905834714301,-0.00101412732880402,-0.000406303384753448,-1.65243467495761e-05
0.074344022192832,-0.843905834714301,-0.00101412732880402,-0.000406303384753448,-1.65243467495761e-05
0.073329894864028,-0.844312138099055,-0.0010066939527217,-0.000379831038016643,-1.58021127653184e-05
0.073329894864028,-0.844312138099055,-0.0010066939527217,-0.000379831038016643,-1.58021127653184e-05
0.0723232009113063,-0.844691969137071,-0.000999198291624301,-0.000354332779364031,-1.49738157124812e-05
0.0723232009113063,-0.844691969137071,-0.000999198291624301,-0.000354332779364031,-1.49738157124812e-05
0.071324002619682,-0.845046301916435,-0.00099175600323044,-0.000329914794345298,-1.40443440537748e-05
0.071324002619682,-0.845046301916435,-0.00099175600323044,-0.000329914794345298,-1.40443440537748e-05
0.0703322466164516,-0.845376216710781,-0.00098448532262807,-0.00030667832839415,-1.30187378926715e-05
0.0703322466164516,-0.845376216710781,-0.00098448532262807,-0.00030667832839415,-1.30187378926715e-05
0.0693477612938235,-0.845682895039175,-0.000977506488995361,-0.000284719245996601,-1.19020048568955e-05
0.0693477612938235,-0.845682895039175,-0.000977506488995361,-0.000284719245996601,-1.19020048568955e-05
0.0683702548048281,-0.845967614285171,-0.000970941153418017,-0.000264127616995236,-1.06989267313639e-05
0.0683702548048281,-0.845967614285171,-0.000970941153418017,-0.000264127616995236,-1.06989267313639e-05
0.0673993136514101,-0.846231741902167,-0.000964911770923463,-0.000244987332632896,-9.4138676033416e-06
0.0673993136514101,-0.846231741902167,-0.000964911770923463,-0.000244987332632896,-9.4138676033416e-06
0.0664344018804867,-0.8464767292348,-0.000959540979954834,-0.00022737575372922,-8.05059631181775e-06
0.0664344018804867,-0.8464767292348,-0.000959540979954834,-0.00022737575372922,-8.05059631181775e-06
0.0654748609005318,-0.846704104988529,-0.000954950972663404,-0.000211363393157638,-6.61213739589471e-06
0.0654748609005318,-0.846704104988529,-0.000954950972663404,-0.000211363393157638,-6.61213739589471e-06
0.0645199099278684,-0.846915468381686,-0.000951262859477095,-0.000197013634565812,-5.1006650018282e-06
0.0645199099278684,-0.846915468381686,-0.000951262859477095,-0.000197013634565812,-5.1006650018282e-06
0.0635686470683913,-0.847112482016252,-0.000948596031491625,-0.000184382489008428,-3.51745317634722e-06
0.0635686470683913,-0.847112482016252,-0.000948596031491625,-0.000184382489008428,-3.51745317634722e-06
0.0626200510368997,-0.847296864505261,-0.00094706752427573,-0.000173518390958138,-1.86289348618721e-06
0.0626200510368997,-0.847296864505261,-0.00094706752427573,-0.000173518390958138,-1.86289348618721e-06
0.061672983512624,-0.847470382896219,-0.000946791386709389,-0.000164462034862423,-1.3658691045749e-07
0.061672983512624,-0.847470382896219,-0.000946791386709389,-0.000164462034862423,-1.3658691045749e-07
0.0607261921259146,-0.847634844931081,-0.000947878058491336,-0.000157246253159493,1.66248828527532e-06
0.0607261921259146,-0.847634844931081,-0.000947878058491336,-0.000157246253159493,1.66248828527532e-06
0.0597783140674232,-0.847792091184241,-0.000950433759939313,-0.00015189593631515,3.53573718210197e-06
0.0597783140674232,-0.847792091184241,-0.000950433759939313,-0.00015189593631515,3.53573718210197e-06
0.0588278803074839,-0.847943987120556,-0.000954559897634016,-0.000148427995300571,5.48464842718862e-06
0.0588278803074839,-0.847943987120556,-0.000954559897634016,-0.000148427995300571,5.48464842718862e-06
0.0578733204098499,-0.848092415115856,-0.000960352489382747,-0.000146851366562673,7.51045151407934e-06
0.0578733204098499,-0.848092415115856,-0.000960352489382747,-0.000146851366562673,7.51045151407934e-06
0.0569129679204672,-0.848239266482419,-0.000967901611902834,-0.000147167059235342,9.6137538987118e-06
0.0569129679204672,-0.848239266482419,-0.000967901611902834,-0.000147167059235342,9.6137538987118e-06
0.0559450663085643,-0.848386433541654,-0.000977290874460024,-0.000149368244115822,1.17941843767238e-05
0.0559450663085643,-0.848386433541654,-0.000977290874460024,-0.000149368244115822,1.17941843767238e-05
0.0549677754341043,-0.84853580178577,-0.000988596921584511,-0.000153440383601433,1.40500702691373e-05
0.0549677754341043,-0.84853580178577,-0.000988596921584511,-0.000153440383601433,1.40500702691373e-05
0.0539791785125198,-0.848689242169372,-0.00100188896777584,-0.000159361401542712,1.63781743818454e-05
0.0539791785125198,-0.848689242169372,-0.00100188896777584,-0.000159361401542712,1.63781743818454e-05
0.052977289544744,-0.848848603570914,-0.00101722836693707,-0.000167101891714316,1.87735131527325e-05
0.052977289544744,-0.848848603570914,-0.00101722836693707,-0.000167101891714316,1.87735131527325e-05
0.0519600611778069,-0.849015705462629,-0.00103466821906342,-0.000176625363311755,2.12292703844433e-05
0.0519600611778069,-0.849015705462629,-0.00103466821906342,-0.000176625363311755,2.12292703844433e-05
0.0509253929587435,-0.84919233082594,-0.0010542530164817,-0.000187888521637869,2.37368122284079e-05
0.0509253929587435,-0.84919233082594,-0.0010542530164817,-0.000187888521637869,2.37368122284079e-05
0.0498711399422618,-0.849380219347578,-0.00107601833168103,-0.000200841581921352,2.62857998243366e-05
0.0498711399422618,-0.849380219347578,-0.00107601833168103,-0.000200841581921352,2.62857998243366e-05
0.0487951216105807,-0.8495810609295,-0.00109999054852877,-0.000215428614013913,2.88643873822718e-05
0.0487951216105807,-0.8495810609295,-0.00109999054852877,-0.000215428614013913,2.88643873822718e-05
0.047695131062052,-0.849796489543514,-0.00112618663839412,-0.00023158791543898,3.14594867811737e-05
0.047695131062052,-0.849796489543514,-0.00112618663839412,-0.00023158791543898,3.14594867811737e-05
0.0465689444236579,-0.850028077458953,-0.00115461398242186,-0.000249252410164158,3.40570756679011e-05
0.0465689444236579,-0.850028077458953,-0.00115461398242186,-0.000249252410164158,3.40570756679011e-05
0.045414330441236,-0.850277329869117,-0.00118527024093779,-0.000268350070241508,3.66425248930393e-05
0.045414330441236,-0.850277329869117,-0.00118527024093779,-0.000268350070241508,3.66425248930393e-05
0.0442290602002982,-0.850545679939358,-0.00121814327067694,-0.000288804357296168,3.92009227902742e-05
0.0442290602002982,-0.850545679939358,-0.00121814327067694,-0.000288804357296168,3.92009227902742e-05
0.0430109169296213,-0.850834484296654,-0.00125321109025671,-0.000310534680768582,4.17173775366479e-05
0.0430109169296213,-0.850834484296654,-0.00125321109025671,-0.000310534680768582,4.17173775366479e-05
0.0417577058393646,-0.851145018977423,-0.00129044189402231,-0.000333456869655802,4.41772839262211e-05
0.0417577058393646,-0.851145018977423,-0.00129044189402231,-0.000333456869655802,4.41772839262211e-05
0.0404672639453422,-0.851478475847079,-0.00132979411412246,-0.00035748365442223,4.65665463402561e-05
0.0404672639453422,-0.851478475847079,-0.00132979411412246,-0.00035748365442223,4.65665463402561e-05
0.0391374698312198,-0.851835959501501,-0.00137121653039765,-0.000382525155706914,4.88717548125974e-05
0.0391374698312198,-0.851835959501501,-0.00137121653039765,-0.000382525155706914,4.88717548125974e-05
0.0377662533008221,-0.852218484657208,-0.00141464842743389,-0.000408489376392596,5.10803152467805e-05
0.0377662533008221,-0.852218484657208,-0.00141464842743389,-0.000408489376392596,5.10803152467805e-05
0.0363516048733882,-0.852626974033601,-0.00146001979786171,-0.000435282693615369,5.3180537901769e-05
0.0363516048733882,-0.852626974033601,-0.00146001979786171,-0.000435282693615369,5.3180537901769e-05
0.0348915850755265,-0.853062256727216,-0.00150725159074528,-0.000462810347299891,5.51616901127898e-05
0.0348915850755265,-0.853062256727216,-0.00150725159074528,-0.000462810347299891,5.51616901127898e-05
0.0333843334847812,-0.853525067074516,-0.00155625600368126,-0.000490976921824204,5.70140200122412e-05
0.0333843334847812,-0.853525067074516,-0.00155625600368126,-0.000490976921824204,5.70140200122412e-05
0.0318280774811,-0.85401604399634,-0.00160693681699589,-0.000519686817490816,5.87287580646816e-05
0.0318280774811,-0.85401604399634,-0.00160693681699589,-0.000519686817490816,5.87287580646816e-05
0.0302211406641041,-0.854535730813831,-0.00165918976826585,-0.000548844708592622,6.02981025543635e-05
0.0302211406641041,-0.854535730813831,-0.00165918976826585,-0.000548844708592622,6.02981025543635e-05
0.0285619508958382,-0.855084575522423,-0.0017129029651467,-0.000578355984943046,6.17151943922965e-05
0.0285619508958382,-0.855084575522423,-0.0017129029651467,-0.000578355984943046,6.17151943922965e-05
0.0268490479306915,-0.855662931507366,-0.0017679573343461,-0.000608127173984285,6.29740854550206e-05
0.0268490479306915,-0.855662931507366,-0.0017679573343461,-0.000608127173984285,6.29740854550206e-05
0.0250810905963454,-0.856271058681351,-0.00182422710438142,-0.000638066340636678,6.40697037762889e-05
0.0250810905963454,-0.856271058681351,-0.00182422710438142,-0.000638066340636678,6.40697037762889e-05
0.023256863491964,-0.856909125021987,-0.001881580319634,-0.000668083462355917,6.49978178897219e-05
0.023256863491964,-0.856909125021987,-0.001881580319634,-0.000668083462355917,6.49978178897219e-05
0.02137528317233,-0.857577208484343,-0.00193987938304433,-0.000698090777032867,6.57550018735311e-05
0.02137528317233,-0.857577208484343,-0.00193987938304433,-0.000698090777032867,6.57550018735311e-05
0.0194354037892857,-0.858275299261376,-0.00199898162466422,-0.000728003101593266,6.63386020259707e-05
0.0194354037892857,-0.858275299261376,-0.00199898162466422,-0.000728003101593266,6.63386020259707e-05
0.0174364221646215,-0.85900330236297,-0.00205873989313967,-0.000757738119485873,6.67467056411665e-05
0.0174364221646215,-0.85900330236297,-0.00205873989313967,-0.000757738119485873,6.67467056411665e-05
0.0153776822714818,-0.859761040482455,-0.00211900316712165,-0.000787216635501409,6.69781119709278e-05
0.0153776822714818,-0.859761040482455,-0.00211900316712165,-0.000787216635501409,6.69781119709278e-05
0.0132586791043602,-0.860548257117957,-0.00217961718346977,-0.000816362796709713,6.70323052637273e-05
0.0132586791043602,-0.860548257117957,-0.00217961718346977,-0.000816362796709713,6.70323052637273e-05
0.0110790619208904,-0.861364619914667,-0.00224042507905548,-0.000845104278614395,6.69094295859076e-05
0.0110790619208904,-0.861364619914667,-0.00224042507905548,-0.000845104278614395,6.69094295859076e-05
0.00883863684183491,-0.862209724193281,-0.00230126804290044,-0.000873372435907349,6.66102650900766e-05
0.00883863684183491,-0.862209724193281,-0.00230126804290044,-0.000873372435907349,6.66102650900766e-05
0.00653736879893448,-0.863083096629188,-0.00236198597534297,-0.000901102417580679,6.61362053717154e-05
0.00653736879893448,-0.863083096629188,-0.00236198597534297,-0.000901102417580679,6.61362053717154e-05
0.0041753828235915,-0.863984199046769,-0.00242241815090047,-0.000928233246548782,6.54892355335694e-05
0.0041753828235915,-0.863984199046769,-0.00242241815090047,-0.000928233246548782,6.54892355335694e-05
0.00175296467269104,-0.864912432293318,-0.00248240388149128,-0.000954707864255444,6.46719106022066e-05
0.00175296467269104,-0.864912432293318,-0.00248240388149128,-0.000954707864255444,6.46719106022066e-05
-0.000729439208800246,-0.865867140157573,-0.00254178317668954,-0.000980473141076299,6.36873339965997e-05
-0.000729439208800246,-0.865867140157573,-0.00254178317668954,-0.000980473141076299,6.36873339965997e-05
-0.00327122238548979,-0.866847613298649,-0.00260039739773376,-0.0010054798536574,6.25391358012504e-05
-0.00327122238548979,-0.866847613298649,-0.00260039739773376,-0.0010054798536574,6.25391358012504e-05
-0.00587161978322355,-0.867853093152307,-0.00265808990204826,-0.0010296826307481,6.12314505980399e-05
-0.00587161978322355,-0.867853093152307,-0.00265808990204826,-0.0010296826307481,6.12314505980399e-05
-0.00852970968527181,-0.868882775783055,-0.00271470667512106,-0.00105303986929317,5.97688947308554e-05
-0.00852970968527181,-0.868882775783055,-0.00271470667512106,-0.00105303986929317,5.97688947308554e-05
-0.0112444163603929,-0.869935815652348,-0.00277009694669918,-0.00107551362290492,5.81565428371547e-05
-0.0112444163603929,-0.869935815652348,-0.00277009694669918,-0.00107551362290492,5.81565428371547e-05
-0.0140145133070921,-0.871011329275253,-0.00282411378835389,-0.00109706946505039,5.63999035821999e-05
-0.0140145133070921,-0.871011329275253,-0.00282411378835389,-0.00109706946505039,5.63999035821999e-05
-0.0168386270954459,-0.872108398740303,-0.00287661468960896,-0.00111767632956195,5.45048945396792e-05
-0.0168386270954459,-0.872108398740303,-0.00287661468960896,-0.00111767632956195,5.45048945396792e-05
-0.0197152417850549,-0.873226075069865,-0.00292746210997175,-0.00113730633126707,5.24778162071856e-05
-0.0197152417850549,-0.873226075069865,-0.00292746210997175,-0.00113730633126707,5.24778162071856e-05
-0.0226427038950267,-0.874363381401132,-0.00297652400438164,-0.00115593456968643,5.03253251204175e-05
-0.0226427038950267,-0.874363381401132,-0.00297652400438164,-0.00115593456968643,5.03253251204175e-05
-0.0256192278994083,-0.875519315970819,-0.00302367431973624,-0.00117353891882455,4.80544061585912e-05
-0.0256192278994083,-0.875519315970819,-0.00302367431973624,-0.00117353891882455,4.80544061585912e-05
-0.0286429022191445,-0.876692854889643,-0.0030687934603845,-0.00119009980621632,4.56723440797921e-05
-0.0286429022191445,-0.876692854889643,-0.0030687934603845,-0.00119009980621632,4.56723440797921e-05
-0.031711695679529,-0.87788295469586,-0.00311176872064622,-0.00120559998445591,4.31866943675072e-05
-0.031711695679529,-0.87788295469586,-0.00311176872064622,-0.00120559998445591,4.31866943675072e-05
-0.0348234644001753,-0.879088554680316,-0.00315249468264563,-0.00122002429839407,4.0605253473516e-05
-0.0348234644001753,-0.879088554680316,-0.00315249468264563,-0.00122002429839407,4.0605253473516e-05
-0.0379759590828209,-0.88030857897871,-0.00319087357795864,-0.00123335945113112,3.79360285756762e-05
-0.0379759590828209,-0.88030857897871,-0.00319087357795864,-0.00123335945113112,3.79360285756762e-05
-0.0411668326607795,-0.881541938429841,-0.00322681561177918,-0.00124559377191391,3.51872069902105e-05
-0.0411668326607795,-0.881541938429841,-0.00322681561177918,-0.00124559377191391,3.51872069902105e-05
-0.0443936482725587,-0.882787532201755,-0.00326023924856392,-0.00125671698889596,3.23671253883466e-05
-0.0443936482725587,-0.882787532201755,-0.00326023924856392,-0.00125671698889596,3.23671253883466e-05
-0.0476538875211226,-0.884044249190651,-0.00329107145833201,-0.00126672000963068,2.94842389428037e-05
-0.0476538875211226,-0.884044249190651,-0.00329107145833201,-0.00126672000963068,2.94842389428037e-05
-0.0509449589794546,-0.885310969200281,-0.00331924792302457,-0.00127559471192529,2.65470905801203e-05
-0.0509449589794546,-0.885310969200281,-0.00331924792302457,-0.00127559471192529,2.65470905801203e-05
-0.0542642069024792,-0.886586563912207,-0.00334471320256624,-0.00128333374750111,2.35642805055821e-05
-0.0542642069024792,-0.886586563912207,-0.00334471320256624,-0.00128333374750111,2.35642805055821e-05
-0.0576089201050454,-0.887869897659708,-0.00336742086047041,-0.00128993036074754,2.0544436160768e-05
-0.0576089201050454,-0.887869897659708,-0.00336742086047041,-0.00128993036074754,2.0544436160768e-05
-0.0609763409655159,-0.889159828020455,-0.00338733354906771,-0.00129537822453452,1.74961827698493e-05
-0.0609763409655159,-0.889159828020455,-0.00338733354906771,-0.00129537822453452,1.74961827698493e-05
-0.0643636745145836,-0.89045520624499,-0.00340442305464246,-0.00129967129476094,1.44281146924243e-05
-0.0643636745145836,-0.89045520624499,-0.00340442305464246,-0.00129967129476094,1.44281146924243e-05
-0.067768097569226,-0.891754877539751,-0.00341867030297459,-0.00130280368514579,1.13487676985154e-05
-0.067768097569226,-0.891754877539751,-0.00341867030297459,-0.00130280368514579,1.13487676985154e-05
-0.0711867678722006,-0.893057681224897,-0.00343006532596614,-0.00130476956337,8.26659234560555e-06
-0.0711867678722006,-0.893057681224897,-0.00343006532596614,-0.00130476956337,8.26659234560555e-06
-0.0746168331981668,-0.894362450788267,-0.00343860719021401,-0.00130556306943175,5.18992861309317e-06
-0.0746168331981668,-0.894362450788267,-0.00343860719021401,-0.00130556306943175,5.18992861309317e-06
-0.0780554403883808,-0.895668013857698,-0.00344430388856611,-0.00130517825677157,2.12698193407255e-06
-0.0780554403883808,-0.895668013857698,-0.00344430388856611,-0.00130517825677157,2.12698193407255e-06
-0.0814997442769469,-0.89697319211447,-0.00344717219585913,-0.00130360905640448,-9.14199246867999e-07
-0.0814997442769469,-0.89697319211447,-0.00344717219585913,-0.00130360905640448,-9.14199246867999e-07
-0.084946916472806,-0.898276801170874,-0.00344723749018459,-0.00130084926398011,-3.9257442642558e-06
-0.084946916472806,-0.898276801170874,-0.00344723749018459,-0.00130084926398011,-3.9257442642558e-06
-0.0883941539629906,-0.899577650434854,-0.00344453354114452,-0.00129689254946375,-6.89997925590932e-06
-0.0883941539629906,-0.899577650434854,-0.00344453354114452,-0.00129689254946375,-6.89997925590932e-06
-0.0918386875041351,-0.900874542984318,-0.00343910226670116,-0.00129173248881509,-9.8294443552859e-06
-0.0918386875041351,-0.900874542984318,-0.00343910226670116,-0.00129173248881509,-9.8294443552859e-06
-0.0952777897708363,-0.902166275473133,-0.00343099346029578,-0.00128536261679812,-1.27069089586296e-05
-0.0952777897708363,-0.902166275473133,-0.00343099346029578,-0.00128536261679812,-1.27069089586296e-05
-0.0987087832311321,-0.903451638089931,-0.00342026449003922,-0.00127777649977001,-1.55253849960283e-05
-0.0987087832311321,-0.903451638089931,-0.00342026449003922,-0.00127777649977001,-1.55253849960283e-05
-0.102129047721171,-0.904729414589701,-0.00340697997184515,-0.00126896782714103,-1.82781381981483e-05
-0.102129047721171,-0.904729414589701,-0.00340697997184515,-0.00126896782714103,-1.82781381981483e-05
-0.105536027693016,-0.905998382416842,-0.00339121141844083,-0.00125893051991588,-2.09586973005803e-05
-0.105536027693016,-0.905998382416842,-0.00339121141844083,-0.00125893051991588,-2.09586973005803e-05
-0.108927239111457,-0.907257312936758,-0.00337303686625232,-0.00124765885463951,-2.35608612011505e-05
-0.108927239111457,-0.907257312936758,-0.00337303686625232,-0.00124765885463951,-2.35608612011505e-05
-0.11230027597771,-0.908504971791398,-0.00335254048218607,-0.0012351476009258,-2.60787041125527e-05
-0.11230027597771,-0.908504971791398,-0.00335254048218607,-0.0012351476009258,-2.60787041125527e-05
-0.115652816459896,-0.909740119392324,-0.00332981215237166,-0.00122139217053507,-2.85065787334069e-05
-0.115652816459896,-0.909740119392324,-0.00332981215237166,-0.00122139217053507,-2.85065787334069e-05
-0.118982628612267,-0.910961511562859,-0.00330494705493058,-0.00120638877598622,-3.08391175039922e-05
-0.118982628612267,-0.910961511562859,-0.00330494705493058,-0.00120638877598622,-3.08391175039922e-05
-0.122287575667198,-0.912167900338845,-0.00327804521884896,-0.0011901345966211,-3.30712320669685e-05
-0.122287575667198,-0.912167900338845,-0.00327804521884896,-0.0011901345966211,-3.30712320669685e-05
-0.125565620886047,-0.913358034935466,-0.0032492110710251,-0.00117262794994055,-3.51981110021e-05
-0.125565620886047,-0.913358034935466,-0.0032492110710251,-0.00117262794994055,-3.51981110021e-05
-0.128814831957072,-0.914530662885407,-0.00321855297356466,-0.00115386846613907,-3.72152160536443e-05
-0.128814831957072,-0.914530662885407,-0.00321855297356466,-0.00115386846613907,-3.72152160536443e-05
-0.132033384930637,-0.915684531351546,-0.00318618275334334,-0.00113385726367443,-3.91182769759377e-05
-0.132033384930637,-0.915684531351546,-0.00318618275334334,-0.00113385726367443,-3.91182769759377e-05
-0.13521956768398,-0.91681838861522,-0.00315221522584305,-0.00111259712387957,-4.0903285224712e-05
-0.13521956768398,-0.91681838861522,-0.00315221522584305,-0.00111259712387957,-4.0903285224712e-05
-0.138371782909823,-0.9179309857391,-0.00311676771523636,-0.00109009266264903,-4.25664867742966e-05
-0.138371782909823,-0.9179309857391,-0.00311676771523636,-0.00109009266264903,-4.25664867742966e-05
-0.141488550625059,-0.919021078401749,-0.0030799595726223,-0.00106635049733328,-4.41043743319449e-05
-0.141488550625059,-0.919021078401749,-0.0030799595726223,-0.00106635049733328,-4.41043743319449e-05
-0.144568510197682,-0.920087428899082,-0.00304191169429091,-0.00104137940710292,-4.55136793190395e-05
-0.144568510197682,-0.920087428899082,-0.00304191169429091,-0.00104137940710292,-4.55136793190395e-05
-0.147610421891973,-0.921128808306185,-0.00300274604183273,-0.00101519048512566,-4.67913640370171e-05
-0.147610421891973,-0.921128808306185,-0.00300274604183273,-0.00101519048512566,-4.67913640370171e-05
-0.150613167933805,-0.922143998791311,-0.00296258516582301,-0.000987797281070013,-4.79346144557562e-05
-0.150613167933805,-0.922143998791311,-0.00296258516582301,-0.000987797281070013,-4.79346144557562e-05
-0.153575753099628,-0.923131796072381,-0.00292155173478134,-0.000959215932579083,-4.89408341790474e-05
-0.153575753099628,-0.923131796072381,-0.00292155173478134,-0.000959215932579083,-4.89408341790474e-05
-0.15649730483441,-0.92409101200496,-0.00287976807102056,-0.000929465284499553,-4.98076401955535e-05
-0.15649730483441,-0.92409101200496,-0.00287976807102056,-0.000929465284499553,-4.98076401955535e-05
-0.15937707290543,-0.925020477289459,-0.00283735569493815,-0.000898566994768646,-5.05328611056129e-05
-0.15937707290543,-0.925020477289459,-0.00283735569493815,-0.000898566994768646,-5.05328611056129e-05
-0.162214428600368,-0.925919044284228,-0.00279443487923262,-0.000866545625990645,-5.11145385781366e-05
-0.162214428600368,-0.925919044284228,-0.00279443487923262,-0.000866545625990645,-5.11145385781366e-05
-0.165008863479601,-0.926785589910219,-0.00275112421446094,-0.000833428721898399,-5.15509328709923e-05
-0.165008863479601,-0.926785589910219,-0.00275112421446094,-0.000833428721898399,-5.15509328709923e-05
-0.167759987694062,-0.927619018632117,-0.00270754018729791,-0.000799246868028791,-5.18405333397353e-05
-0.167759987694062,-0.927619018632117,-0.00270754018729791,-0.000799246868028791,-5.18405333397353e-05
-0.17046752788136,-0.928418265500146,-0.00266379677279757,-0.000764033736032177,-5.1982074911422e-05
-0.17046752788136,-0.928418265500146,-0.00266379677279757,-0.000764033736032177,-5.1982074911422e-05
-0.173131324654157,-0.929182299236178,-0.0026200050418973,-0.000727826111163843,-5.19745615741069e-05
-0.173131324654157,-0.929182299236178,-0.0026200050418973,-0.000727826111163843,-5.19745615741069e-05
-0.175751329696055,-0.929910125347342,-0.00257627278532049,-0.000690663902611077,-5.18172979011161e-05
-0.175751329696055,-0.929910125347342,-0.00257627278532049,-0.000690663902611077,-5.18172979011161e-05
-0.178327602481375,-0.930600789249953,-0.00253270415499918,-0.00065259013640262,-5.15099296377304e-05
-0.178327602481375,-0.930600789249953,-0.00253270415499918,-0.00065259013640262,-5.15099296377304e-05
-0.180860306636374,-0.931253379386355,-0.00248939932404821,-0.000613650930777254,-5.10524942219444e-05
-0.180860306636374,-0.931253379386355,-0.00248939932404821,-0.000613650930777254,-5.10524942219444e-05
-0.183349705960423,-0.931867030317133,-0.00244645416630107,-0.000573895453997109,-5.04454820016149e-05
-0.183349705960423,-0.931867030317133,-0.00244645416630107,-0.000573895453997109,-5.04454820016149e-05
-0.185796160126724,-0.93244092577113,-0.00240395995633474,-0.000533375864629981,-4.96899085819691e-05
-0.185796160126724,-0.93244092577113,-0.00240395995633474,-0.000533375864629981,-4.96899085819691e-05
-0.188200120083058,-0.93297430163576,-0.002362003090844,-0.000492147234432139,-4.87873983125368e-05
-0.188200120083058,-0.93297430163576,-0.002362003090844,-0.000492147234432139,-4.87873983125368e-05
-0.190562123173902,-0.933466448870192,-0.00232066483216609,-0.000450267454013775,-4.77402783159971e-05
-0.190562123173902,-0.933466448870192,-0.00232066483216609,-0.000450267454013775,-4.77402783159971e-05
-0.192882788006068,-0.933916716324206,-0.0022800210747046,-0.000407797121562137,-4.65516817392143e-05
-0.192882788006068,-0.933916716324206,-0.0022800210747046,-0.000407797121562137,-4.65516817392143e-05
-0.195162809080773,-0.934324513445768,-0.00224014213491525,-0.000364799414951933,-4.52256579177831e-05
-0.195162809080773,-0.934324513445768,-0.00224014213491525,-0.000364799414951933,-4.52256579177831e-05
-0.197402951215688,-0.93468931286072,-0.00220109256546772,-0.000321339947675914,-4.37672860897232e-05
-0.197402951215688,-0.93468931286072,-0.00220109256546772,-0.000321339947675914,-4.37672860897232e-05
-0.199604043781156,-0.935010652808396,-0.002162930994106,-0.000277486609089661,-4.21827880251547e-05
-0.199604043781156,-0.935010652808396,-0.002162930994106,-0.000277486609089661,-4.21827880251547e-05
-0.201766974775262,-0.935288139417485,-0.00212570998767903,-0.000233309389481517,-4.04796336922839e-05
-0.201766974775262,-0.935288139417485,-0.00212570998767903,-0.000233309389481517,-4.04796336922839e-05
-0.203892684762941,-0.935521448806967,-0.00208947594171005,-0.000188880190575169,-3.86666328557497e-05
-0.203892684762941,-0.935521448806967,-0.00208947594171005,-0.000188880190575169,-3.86666328557497e-05
-0.205982160704651,-0.935710328997542,-0.00205426899578101,-0.000144272622133346,-3.67540044702835e-05
-0.205982160704651,-0.935710328997542,-0.00205426899578101,-0.000144272622133346,-3.67540044702835e-05
-0.208036429700432,-0.935854601619675,-0.00202012297494214,-9.95617853776221e-05,-3.47534151485477e-05
-0.208036429700432,-0.935854601619675,-0.00202012297494214,-9.95617853776221e-05,-3.47534151485477e-05
-0.210056552675374,-0.935954163405053,-0.00198706535726209,-5.48240439662839e-05,-3.26779779525979e-05
-0.210056552675374,-0.935954163405053,-0.00198706535726209,-5.48240439662839e-05,-3.26779779525979e-05
-0.212043618032636,-0.936008987449019,-0.00195511726754372,-1.01367833800214e-05,-3.05422035435578e-05
-0.212043618032636,-0.936008987449019,-0.00195511726754372,-1.01367833800214e-05,-3.05422035435578e-05
-0.21399873530018,-0.936019124232399,-0.0019242934971242,3.44218402978935e-05,-2.83618973710039e-05
-0.21399873530018,-0.936019124232399,-0.0019242934971242,3.44218402978935e-05,-2.83618973710039e-05
-0.215923028797304,-0.935984702392101,-0.00189460254960089,7.87731612960085e-05,-2.6153999197319e-05
-0.215923028797304,-0.935984702392101,-0.00189460254960089,7.87731612960085e-05,-2.6153999197319e-05
-0.217817631346905,-0.935905929230805,-0.00186604671223381,0.000122838273747927,-2.39363647485502e-05
-0.217817631346905,-0.935905929230805,-0.00186604671223381,0.000122838273747927,-2.39363647485502e-05
-0.219683678059139,-0.935783090957057,-0.00183862215267805,0.000166538308813968,-2.17274933556365e-05
-0.219683678059139,-0.935783090957057,-0.00183862215267805,0.000166538308813968,-2.17274933556365e-05
-0.221522300211817,-0.935616552648244,-0.00181231904063006,0.00020979471819893,-1.95462098341297e-05
-0.221522300211817,-0.935616552648244,-0.00181231904063006,0.00020979471819893,-1.95462098341297e-05
-0.223334619252447,-0.935406757930045,-0.00178712169385478,0.000252529562898784,-1.74113129154079e-05
-0.223334619252447,-0.935406757930045,-0.00178712169385478,0.000252529562898784,-1.74113129154079e-05
-0.225121740946302,-0.935154228367146,-0.00176300874799951,0.000294665805841698,-1.53412059108735e-05
-0.225121740946302,-0.935154228367146,-0.00176300874799951,0.000294665805841698,-1.53412059108735e-05
-0.226884749694301,-0.934859562561304,-0.00173995334951024,0.000336127607065806,-1.33535273981781e-05
-0.226884749694301,-0.934859562561304,-0.00173995334951024,0.000336127607065806,-1.33535273981781e-05
-0.228624703043812,-0.934523434954238,-0.00171792337087234,0.000376840620040175,-1.14648002319002e-05
-0.228624703043812,-0.934523434954238,-0.00171792337087234,0.000376840620040175,-1.14648002319002e-05
-0.230342626414684,-0.934146594334198,-0.00169688164733642,0.000416732287688015,-9.69011611127784e-06
-0.230342626414684,-0.934146594334198,-0.00169688164733642,0.000416732287688015,-9.69011611127784e-06
-0.23203950806202,-0.93372986204651,-0.0016767862341823,0.000455732136565024,-8.04287018886041e-06
-0.23203950806202,-0.93372986204651,-0.0016767862341823,0.000455732136565024,-8.04287018886041e-06
-0.233716294296203,-0.933274129909945,-0.00165759068351196,0.000493772067637788,-6.53455634648699e-06
-0.233716294296203,-0.933274129909945,-0.00165759068351196,0.000493772067637788,-6.53455634648699e-06
-0.235373884979715,-0.932780357842307,-0.00163924433945334,0.000530786642080616,-5.17462913048744e-06
-0.235373884979715,-0.932780357842307,-0.00163924433945334,0.000530786642080616,-5.17462913048744e-06
-0.237013129319168,-0.932249571200227,-0.00162169265058995,0.000566713360406035,-3.97043356071929e-06
-0.237013129319168,-0.932249571200227,-0.00162169265058995,0.000566713360406035,-3.97043356071929e-06
-0.238634821969758,-0.931682857839821,-0.00160487749833918,0.000601492933273939,-2.927199658752e-06
-0.238634821969758,-0.931682857839821,-0.00160487749833918,0.000601492933273939,-2.927199658752e-06
-0.240239699468097,-0.931081364906547,-0.00158873753991995,0.000635069542239242,-2.04809487881785e-06
-0.240239699468097,-0.931081364906547,-0.00158873753991995,0.000635069542239242,-2.04809487881785e-06
-0.241828437008017,-0.930446295364307,-0.00157320856449383,0.000667391088747582,-1.33432513970137e-06
-0.241828437008017,-0.930446295364307,-0.00157320856449383,0.000667391088747582,-1.33432513970137e-06
-0.243401645572511,-0.92977890427556,-0.00155822386095769,0.000698409429673252,-7.8527367030983e-07
-0.243401645572511,-0.92977890427556,-0.00155822386095769,0.000698409429673252,-7.8527367030983e-07
-0.244959869433469,-0.929080494845887,-0.00154371459582811,0.000728080597699576,-3.9866653959433e-07
-0.244959869433469,-0.929080494845887,-0.00154371459582811,0.000728080597699576,-3.9866653959433e-07
-0.246503584029297,-0.928352414248187,-0.00152961019959313,0.000756365004889514,-1.70754304690615e-07
-0.246503584029297,-0.928352414248187,-0.00152961019959313,0.000756365004889514,-1.70754304690615e-07
-0.24803319422889,-0.927596049243298,-0.00151583875983613,0.000783227627783489,-9.65003004716174e-08
-0.24803319422889,-0.927596049243298,-0.00151583875983613,0.000783227627783489,-9.65003004716174e-08
-0.249549032988726,-0.926812821615514,-0.00150232741941247,0.00080863817247534,-1.69767721675679e-07
-0.249549032988726,-0.926812821615514,-0.00150232741941247,0.00080863817247534,-1.69767721675679e-07
-0.251051360408138,-0.926004183443039,-0.00148900277792274,0.000832571218142286,-3.8349935596615e-07
-0.251051360408138,-0.926004183443039,-0.00148900277792274,0.000832571218142286,-3.8349935596615e-07
-0.252540363186061,-0.925171612224896,-0.00147579129470038,0.000855006337605602,-7.29885540832163e-07
-0.252540363186061,-0.925171612224896,-0.00147579129470038,0.000855006337605602,-7.29885540832163e-07
-0.254016154480762,-0.924316605887291,-0.00146261969151246,0.00087592819361948,-1.20051747836661e-06
-0.254016154480762,-0.924316605887291,-0.00146261969151246,0.00087592819361948,-1.20051747836661e-06
-0.255478774172274,-0.923440677693671,-0.00144941535317994,0.000895326609702374,-1.786524403323e-06
-0.255478774172274,-0.923440677693671,-0.00144941535317994,0.000895326609702374,-1.786524403323e-06
-0.256928189525454,-0.922545351083969,-0.00143610672431466,0.00091319661446243,-2.47869414894859e-06
-0.256928189525454,-0.922545351083969,-0.00143610672431466,0.00091319661446243,-2.47869414894859e-06
-0.258364296249769,-0.921632154469507,-0.00142262370037965,0.000929538458556922,-3.26757749119521e-06
-0.258364296249769,-0.921632154469507,-0.00142262370037965,0.000929538458556922,-3.26757749119521e-06
-0.259786919950148,-0.92070261601095,-0.00140889801130206,0.000944357603575252,-4.14357723469761e-06
-0.259786919950148,-0.92070261601095,-0.00140889801130206,0.000944357603575252,-4.14357723469761e-06
-0.26119581796145,-0.919758258407374,-0.00139486359588942,0.000957664682294079,-5.09702331973364e-06
-0.26119581796145,-0.919758258407374,-0.00139486359588942,0.000957664682294079,-5.09702331973364e-06
-0.26259068155734,-0.91880059372508,-0.00138045696531564,0.000969475430028899,-6.11823546631121e-06
-0.26259068155734,-0.91880059372508,-0.00138045696531564,0.000969475430028899,-6.11823546631121e-06
-0.263971138522655,-0.917831118295051,-0.00136561755398928,0.000979810586973495,-7.19757486766564e-06
-0.263971138522655,-0.917831118295051,-0.00136561755398928,0.000979810586973495,-7.19757486766564e-06
-0.265336756076645,-0.916851307708078,-0.00135028805613918,0.000988695771761527,-8.3254865101876e-06
-0.265336756076645,-0.916851307708078,-0.00135028805613918,0.000988695771761527,-8.3254865101876e-06
-0.266687044132784,-0.915862611936316,-0.00133441474650381,0.000996161326634604,-9.49253355031487e-06
-0.266687044132784,-0.915862611936316,-0.00133441474650381,0.000996161326634604,-9.49253355031487e-06
-0.268021458879288,-0.914866450609682,-0.00131794778353717,0.00100224213490385,-1.06894250541795e-05
-0.268021458879288,-0.914866450609682,-0.00131794778353717,0.00100224213490385,-1.06894250541795e-05
-0.269339406662825,-0.913864208474778,-0.00130084149359611,0.00100697741166067,-1.19070382627894e-05
-0.269339406662825,-0.913864208474778,-0.00130084149359611,0.00100697741166067,-1.19070382627894e-05
-0.270640248156421,-0.912857231063117,-0.00128305463462636,0.00101041046896677,-1.31364364248836e-05
-0.270640248156421,-0.912857231063117,-0.00128305463462636,0.00101041046896677,-1.31364364248836e-05
-0.271923302791047,-0.91184682059415,-0.00126455063792269,0.00101258845698105,-1.43688830495916e-05
-0.271923302791047,-0.91184682059415,-0.00126455063792269,0.00101258845698105,-1.43688830495916e-05
-0.27318785342897,-0.910834232137169,-0.00124529782659677,0.00101356208279113,-1.55958533241826e-05
-0.27318785342897,-0.910834232137169,-0.00124529782659677,0.00101356208279113,-1.55958533241826e-05
-0.274433151255567,-0.909820670054378,-0.00122526960947278,0.00101338530895423,-1.68090433165947e-05
-0.274433151255567,-0.909820670054378,-0.00122526960947278,0.00101338530895423,-1.68090433165947e-05
-0.275658420865039,-0.908807284745424,-0.00120444464921127,0.00101211503401688,-1.80003775204179e-05
-0.275658420865039,-0.908807284745424,-0.00120444464921127,0.00101211503401688,-1.80003775204179e-05
-0.276862865514251,-0.907795169711407,-0.00118280700355516,0.00100981075747841,-1.91620152491204e-05
-0.276862865514251,-0.907795169711407,-0.00118280700355516,0.00100981075747841,-1.91620152491204e-05
-0.278045672517806,-0.906785358953929,-0.0011603462386775,0.00100653423182784,-2.02863562395188e-05
-0.278045672517806,-0.906785358953929,-0.0011603462386775,0.00100653423182784,-2.02863562395188e-05
-0.279206018756483,-0.905778824722101,-0.00113705751375448,0.00100234910451613,-2.13660459215082e-05
-0.279206018756483,-0.905778824722101,-0.00113705751375448,0.00100234910451613,-2.13660459215082e-05
-0.280343076270238,-0.904776475617585,-0.00111294163599651,0.000997320552787229,-2.23939806681941e-05
-0.280343076270238,-0.904776475617585,-0.00111294163599651,0.000997320552787229,-2.23939806681941e-05
-0.281456017906234,-0.903779155064798,-0.00108800508552126,0.000991514914488789,-2.33633134957482e-05
-0.281456017906234,-0.903779155064798,-0.00108800508552126,0.000991514914488789,-2.33633134957482e-05
-0.282544022991756,-0.902787640150309,-0.00106226000959608,0.000984999317947821,-2.42674605801471e-05
-0.282544022991756,-0.902787640150309,-0.00106226000959608,0.000984999317947821,-2.42674605801471e-05
-0.283606283001352,-0.901802640832361,-0.00103572418592845,0.000977841314127259,-2.51001090735997e-05
-0.283606283001352,-0.901802640832361,-0.00103572418592845,0.000977841314127259,-2.51001090735997e-05
-0.28464200718728,-0.900824799518234,-0.00100842095488374,0.000970108514227186,-2.58552267387838e-05
-0.28464200718728,-0.900824799518234,-0.00100842095488374,0.000970108514227186,-2.58552267387838e-05
-0.285650428142164,-0.899854691004007,-0.000980379120673058,0.000961868235904717,-2.65270740561188e-05
-0.285650428142164,-0.899854691004007,-0.000980379120673058,0.000961868235904717,-2.65270740561188e-05
-0.286630807262837,-0.898892822768102,-0.000951632821758364,0.000953187161149005,-2.71102195023134e-05
-0.286630807262837,-0.898892822768102,-0.000951632821758364,0.000953187161149005,-2.71102195023134e-05
-0.287582440084595,-0.897939635606953,-0.000922221370901088,0.000944131008795757,-2.75995588429106e-05
-0.287582440084595,-0.897939635606953,-0.000922221370901088,0.000944131008795757,-2.75995588429106e-05
-0.288504661455496,-0.896995504598157,-0.000892189065494764,0.000934764224506224,-2.79903394088295e-05
-0.288504661455496,-0.896995504598157,-0.000892189065494764,0.000934764224506224,-2.79903394088295e-05
-0.289396850520991,-0.896060740373651,-0.000861584969014895,0.000925149690866878,-2.8278190418587e-05
-0.289396850520991,-0.896060740373651,-0.000861584969014895,0.000925149690866878,-2.8278190418587e-05
-0.290258435490006,-0.895135590682784,-0.000830462664628828,0.000915348460097998,-2.84591605898606e-05
-0.290258435490006,-0.895135590682784,-0.000830462664628828,0.000915348460097998,-2.84591605898606e-05
-0.291088898154635,-0.894220242222686,-0.000798879982203571,0.000905419511579075,-2.85297643442925e-05
-0.291088898154635,-0.894220242222686,-0.000798879982203571,0.000905419511579075,-2.85297643442925e-05
-0.291887778136839,-0.893314822711107,-0.000766898700123753,0.000895419536136033,-2.84870378657429e-05
-0.291887778136839,-0.893314822711107,-0.000766898700123753,0.000895419536136033,-2.84870378657429e-05
-0.292654676836962,-0.892419403174971,-0.000734584223498036,0.000885402748824204,-2.83286061993281e-05
-0.292654676836962,-0.892419403174971,-0.000734584223498036,0.000885402748824204,-2.83286061993281e-05
-0.29338926106046,-0.891534000426147,-0.000702005240524328,0.000875420731647036,-2.80527624192039e-05
-0.29338926106046,-0.891534000426147,-0.000702005240524328,0.000875420731647036,-2.80527624192039e-05
-0.294091266300985,-0.8906585796945,-0.000669233358913057,0.000865522307265776,-2.76585592969541e-05
-0.294091266300985,-0.8906585796945,-0.000669233358913057,0.000865522307265776,-2.76585592969541e-05
-0.294760499659898,-0.889793057387234,-0.000636342724408823,0.0008557534444954,-2.71459131860211e-05
-0.294760499659898,-0.889793057387234,-0.000636342724408823,0.0008557534444954,-2.71459131860211e-05
-0.295396842384307,-0.888937303942738,-0.000603409623571194,0.000846157196045083,-2.65157187195537e-05
-0.295396842384307,-0.888937303942738,-0.000603409623571194,0.000846157196045083,-2.65157187195537e-05
-0.296000252007878,-0.888091146746693,-0.000570512073066132,0.000836773668609903,-2.5769971348036e-05
-0.296000252007878,-0.888091146746693,-0.000570512073066132,0.000836773668609903,-2.5769971348036e-05
-0.296570764080944,-0.887254373078083,-0.000537729397820097,0.000827640025071519,-2.49118927611019e-05
-0.296570764080944,-0.887254373078083,-0.000537729397820097,0.000827640025071519,-2.49118927611019e-05
-0.297108493478764,-0.886426733053012,-0.000505141800432818,0.00081879051824163,-2.39460518319617e-05
-0.297108493478764,-0.886426733053012,-0.000505141800432818,0.00081879051824163,-2.39460518319617e-05
-0.297613635279197,-0.88560794253477,-0.00047282992432085,0.00081025655527156,-2.28784712152778e-05
-0.297613635279197,-0.88560794253477,-0.00047282992432085,0.00081025655527156,-2.28784712152778e-05
-0.298086465203518,-0.884797685979499,-0.000440874413085268,0.0008020667914721,-2.17167071159184e-05
-0.298086465203518,-0.884797685979499,-0.000440874413085268,0.0008020667914721,-2.17167071159184e-05
-0.298527339616603,-0.883995619188027,-0.000409355468603601,0.00079424725201005,-2.04698877117752e-05
-0.298527339616603,-0.883995619188027,-0.000409355468603601,0.00079424725201005,-2.04698877117752e-05
-0.298936695085206,-0.883201371936017,-0.000378352410354665,0.000786821479656918,-1.91486947564788e-05
-0.298936695085206,-0.883201371936017,-0.000378352410354665,0.000786821479656918,-1.91486947564788e-05
-0.299315047495561,-0.88241455045636,-0.000347943238457105,0.000779810706459383,-1.77652734888609e-05
-0.299315047495561,-0.88241455045636,-0.000347943238457105,0.000779810706459383,-1.77652734888609e-05
-0.299662990734018,-0.8816347397499,-0.000318204202874872,0.000773234046982263,-1.63330589316945e-05
-0.299662990734018,-0.8816347397499,-0.000318204202874872,0.000773234046982263,-1.63330589316945e-05
-0.299981194936893,-0.880861505702918,-0.000289209381191924,0.000767108710496678,-1.48665119617302e-05
-0.299981194936893,-0.880861505702918,-0.000289209381191924,0.000767108710496678,-1.48665119617302e-05
-0.300270404318085,-0.880094396992421,-0.000261030267280637,0.000761450229338267,-1.33807664246689e-05
-0.300270404318085,-0.880094396992421,-0.000261030267280637,0.000761450229338267,-1.33807664246689e-05
-0.300531434585366,-0.879332946763083,-0.000233735373153687,0.000756272700392913,-1.18911978947947e-05
-0.300531434585366,-0.879332946763083,-0.000233735373153687,0.000756272700392913,-1.18911978947947e-05
-0.300765169958519,-0.87857667406269,-0.000207389846152206,0.000751589036632194,-1.04129347477885e-05
-0.300765169958519,-0.87857667406269,-0.000207389846152206,0.000751589036632194,-1.04129347477885e-05
-0.300972559804672,-0.877825085026058,-0.000182055103562617,0.000747411225433536,-8.96034091968508e-06
-0.300972559804672,-0.877825085026058,-0.000182055103562617,0.000747411225433536,-8.96034091968508e-06
-0.301154614908234,-0.877077673800624,-0.000157788486616461,0.000743750590340486,-7.54650550801683e-06
-0.301154614908234,-0.877077673800624,-0.000157788486616461,0.000743750590340486,-7.54650550801683e-06
-0.301312403394851,-0.876333923210284,-0.000134642935728291,0.000740618052944786,-6.1827761631731e-06
-0.301312403394851,-0.876333923210284,-0.000134642935728291,0.000740618052944786,-6.1827761631731e-06
-0.301447046330579,-0.875593305157339,-0.000112666688687646,0.000738024391527037,-4.87837012836572e-06
-0.301447046330579,-0.875593305157339,-0.000112666688687646,0.000738024391527037,-4.87837012836572e-06
-0.301559713019267,-0.874855280765812,-9.19030033925128e-05,0.000735980493114075,-3.64008934359357e-06
-0.301559713019267,-0.874855280765812,-9.19030033925128e-05,0.000735980493114075,-3.64008934359357e-06
-0.301651616022659,-0.874119300272698,-7.23899065632194e-05,0.000734497595727635,-2.47215566304246e-06
-0.301651616022659,-0.874119300272698,-7.23899065632194e-05,0.000734497595727635,-2.47215566304246e-06
-0.301724005929222,-0.87338480267697,-5.41599697328476e-05,0.000733587517680268,-1.37617051878354e-06
-0.301724005929222,-0.87338480267697,-5.41599697328476e-05,0.000733587517680268,-1.37617051878354e-06
-0.301778165898955,-0.87265121515929,-3.72401136531364e-05,0.000733262870961093,-3.51192455829048e-07
-0.301778165898955,-0.87265121515929,-3.72401136531364e-05,0.000733262870961093,-3.51192455829048e-07
-0.301815406012608,-0.871917952288329,-2.16514421299552e-05,0.000733537255919958,6.06082749100433e-07
-0.301815406012608,-0.871917952288329,-2.16514421299552e-05,0.000733537255919958,6.06082749100433e-07
-0.301837057454738,-0.871184415032409,-7.40910609936529e-06,0.000734425434644637,1.50106043740399e-06
-0.301837057454738,-0.871184415032409,-7.40910609936529e-06,0.000734425434644637,1.50106043740399e-06
-0.301844466560838,-0.870449989597764,5.47780137577503e-06,0.000735943480780543,2.3409270583166e-06
-0.301844466560838,-0.870449989597764,5.47780137577503e-06,0.000735943480780543,2.3409270583166e-06
-0.301838988759462,-0.869714046116984,1.70063186716307e-05,0.000738108903709622,3.13429465531806e-06
-0.301838988759462,-0.869714046116984,1.70063186716307e-05,0.000738108903709622,3.13429465531806e-06
-0.30182198244079,-0.868975937213274,2.71796573605432e-05,0.000740940745388996,3.89083003181779e-06
-0.30182198244079,-0.868975937213274,2.71796573605432e-05,0.000740940745388996,3.89083003181779e-06
-0.30179480278343,-0.868234996467885,3.60072119808819e-05,0.000744459648429729,4.62088516700859e-06
-0.30179480278343,-0.868234996467885,3.60072119808819e-05,0.000744459648429729,4.62088516700859e-06
-0.301758795571449,-0.867490536819456,4.35045377829568e-05,0.000748687894357114,5.33514154580261e-06
-0.301758795571449,-0.867490536819456,4.35045377829568e-05,0.000748687894357114,5.33514154580261e-06
-0.301715291033666,-0.866741848925098,4.96932965619035e-05,0.000753649411435409,6.04427717671449e-06
-0.301715291033666,-0.866741848925098,4.96932965619035e-05,0.000753649411435409,6.04427717671449e-06
-0.301665597737104,-0.865988199513663,5.4601170858315e-05,0.000759369751642147,6.75866243011016e-06
-0.301665597737104,-0.865988199513663,5.4601170858315e-05,0.000759369751642147,6.75866243011016e-06
-0.301610996566246,-0.865228829762021,5.82617469529478e-05,0.000765876036882163,7.48808853797734e-06
-0.301610996566246,-0.865228829762021,5.82617469529478e-05,0.000765876036882163,7.48808853797734e-06
-0.301552734819293,-0.864462953725139,6.07143672238242e-05,0.000773196874838789,8.24153135955356e-06
-0.301552734819293,-0.864462953725139,6.07143672238242e-05,0.000773196874838789,8.24153135955356e-06
-0.301492020452069,-0.8636897568503,6.20039525807692e-05,0.000781362245214856,9.02695231642654e-06
-0.301492020452069,-0.8636897568503,6.20039525807692e-05,0.000781362245214856,9.02695231642654e-06
-0.301430016499488,-0.862908394605085,6.21807958349208e-05,0.000790403357415981,9.851138195197e-06
-0.301430016499488,-0.862908394605085,6.21807958349208e-05,0.000790403357415981,9.851138195197e-06
-0.301367835703653,-0.862117991247669,6.13003269936407e-05,0.000800352481066469,1.07195814121805e-05
-0.301367835703653,-0.862117991247669,6.13003269936407e-05,0.000800352481066469,1.07195814121805e-05
-0.30130653537666,-0.861317638766603,5.94228515938822e-05,0.000811242751078356,1.1636402016032e-05
-0.30130653537666,-0.861317638766603,5.94228515938822e-05,0.000811242751078356,1.1636402016032e-05
-0.301247112525066,-0.860506396015524,5.66132633081362e-05,0.000823107949186719,1.26043123687347e-05
-0.301247112525066,-0.860506396015524,5.66132633081362e-05,0.000823107949186719,1.26043123687347e-05
-0.301190499261758,-0.859683288066338,5.29407321863129e-05,0.000835982264170365,1.3624624450117e-05
-0.301190499261758,-0.859683288066338,5.29407321863129e-05,0.000835982264170365,1.3624624450117e-05
-0.301137558529571,-0.858847305802167,4.84783700043234e-05,0.000849900033111139,1.46972985870055e-05
-0.301137558529571,-0.858847305802167,4.84783700043234e-05,0.000849900033111139,1.46972985870055e-05
-0.301089080159567,-0.857997405769056,4.33028742841679e-05,0.00086489546624724,1.5821030855066e-05
-0.301089080159567,-0.857997405769056,4.33028742841679e-05,0.00086489546624724,1.5821030855066e-05
-0.301045777285283,-0.857132510302809,3.74941526595229e-05,0.000881002358149585,1.69933746075552e-05
-0.301045777285283,-0.857132510302809,3.74941526595229e-05,0.000881002358149585,1.69933746075552e-05
-0.301008283132623,-0.856251507944659,3.11349293367624e-05,0.00089825378802022,1.82108899876249e-05
-0.301008283132623,-0.856251507944659,3.11349293367624e-05,0.00089825378802022,1.82108899876249e-05
-0.300977148203286,-0.855353254156639,2.43103354922725e-05,0.000916681812029529,1.94693137582924e-05
-0.300977148203286,-0.855353254156639,2.43103354922725e-05,0.000916681812029529,1.94693137582924e-05
-0.300952837867794,-0.854436572344609,1.71074855353504e-05,0.00093631715058895,2.07637409396404e-05
-0.300952837867794,-0.854436572344609,1.71074855353504e-05,0.00093631715058895,2.07637409396404e-05
-0.300935730382259,-0.853500255194021,9.61504119900702e-06,0.000957188873517367,2.20888093666677e-05
-0.300935730382259,-0.853500255194021,9.61504119900702e-06,0.000957188873517367,2.20888093666677e-05
-0.30092611534106,-0.852543066320503,1.92276552007931e-06,0.000979324086068489,2.34388784595423e-05
-0.30092611534106,-0.852543066320503,1.92276552007931e-06,0.000979324086068489,2.34388784595423e-05
-0.30092419257554,-0.851563742234435,-5.87893121140048e-06,0.00100274761864971,2.48081946115418e-05
-0.30092419257554,-0.851563742234435,-5.87893121140048e-06,0.00100274761864971,2.48081946115418e-05
-0.300930071506751,-0.850560994615785,-1.36994513956767e-05,0.00102748172309319,2.61910368414744e-05
-0.300930071506751,-0.850560994615785,-1.36994513956767e-05,0.00102748172309319,2.61910368414744e-05
-0.300943770958147,-0.849533512892692,-2.14484737874332e-05,0.0010535457781643,2.75818382192853e-05
-0.300943770958147,-0.849533512892692,-2.14484737874332e-05,0.0010535457781643,2.75818382192853e-05
-0.300965219431934,-0.848479967114527,-2.90364186862346e-05,0.00108095600689895,2.89752804322281e-05
-0.300965219431934,-0.848479967114527,-2.90364186862346e-05,0.00108095600689895,2.89752804322281e-05
-0.30099425585062,-0.847399011107628,-3.63749124333013e-05,0.00110972520820962,3.03663607410822e-05
-0.30099425585062,-0.847399011107628,-3.63749124333013e-05,0.00110972520820962,3.03663607410822e-05
-0.301030630763054,-0.846289285899419,-4.33772489952244e-05,0.00113986250506448,3.17504321701262e-05
-0.301030630763054,-0.846289285899419,-4.33772489952244e-05,0.00113986250506448,3.17504321701262e-05
-0.301074008012049,-0.845149423394354,-4.99588464091261e-05,0.00117137311134319,3.31232191443059e-05
-0.301074008012049,-0.845149423394354,-4.99588464091261e-05,0.00117137311134319,3.31232191443059e-05
-0.301123966858458,-0.843978050283011,-5.60376958679831e-05,0.00120425811929548,3.44808117677578e-05
-0.301123966858458,-0.843978050283011,-5.60376958679831e-05,0.00120425811929548,3.44808117677578e-05
-0.301180004554326,-0.842773792163716,-6.15348012520944e-05,0.00123851430935085,3.58196424539681e-05
-0.301180004554326,-0.842773792163716,-6.15348012520944e-05,0.00123851430935085,3.58196424539681e-05
-0.301241539355578,-0.841535277854365,-6.63746069300974e-05,0.00127413398375931,3.71364489830841e-05
-0.301241539355578,-0.841535277854365,-6.63746069300974e-05,0.00127413398375931,3.71364489830841e-05
-0.301307913962508,-0.840261143870606,-7.04854116907461e-05,0.00131110482537322,3.84282279661274e-05
-0.301307913962508,-0.840261143870606,-7.04854116907461e-05,0.00131110482537322,3.84282279661274e-05
-0.301378399374199,-0.838950039045232,-7.37997667230594e-05,0.00134940978263309,3.9692182549188e-05
-0.301378399374199,-0.838950039045232,-7.37997667230594e-05,0.00134940978263309,3.9692182549188e-05
-0.301452199140922,-0.837600629262599,-7.62548555989784e-05,0.00138902698166521,4.09256676952665e-05
-0.301452199140922,-0.837600629262599,-7.62548555989784e-05,0.00138902698166521,4.09256676952665e-05
-0.301528453996521,-0.836211602280934,-7.77928542767259e-05,0.00142992966613575,4.21261359633879e-05
-0.301528453996521,-0.836211602280934,-7.77928542767259e-05,0.00142992966613575,4.21261359633879e-05
-0.301606246850798,-0.834781672614798,-7.83612692163982e-05,0.00147208616530148,4.32910861984748e-05
-0.301606246850798,-0.834781672614798,-7.83612692163982e-05,0.00147208616530148,4.32910861984748e-05
-0.301684608120014,-0.833309586449497,-7.79132517899628e-05,0.00151545989050139,4.4418017047935e-05
-0.301684608120014,-0.833309586449497,-7.79132517899628e-05,0.00151545989050139,4.4418017047935e-05
-0.301762521371804,-0.831794126558995,-7.64078872420026e-05,0.00156000936015777,4.55043867041074e-05
-0.301762521371804,-0.831794126558995,-7.64078872420026e-05,0.00156000936015777,4.55043867041074e-05
-0.301838929259046,-0.830234117198838,-7.38104565574105e-05,0.00160568825314944,4.65475798630999e-05
-0.301838929259046,-0.830234117198838,-7.38104565574105e-05,0.00160568825314944,4.65475798630999e-05
-0.301912739715604,-0.828628428945688,-7.00926697023707e-05,0.00165244549025179,4.75448824871869e-05
-0.301912739715604,-0.828628428945688,-7.00926697023707e-05,0.00165244549025179,4.75448824871869e-05
-0.301982832385306,-0.826975983455436,-6.52328688260373e-05,0.00170022534315883,4.84934646826957e-05
-0.301982832385306,-0.826975983455436,-6.52328688260373e-05,0.00170022534315883,4.84934646826957e-05
-0.302048065254132,-0.825275758112278,-5.92162001200602e-05,0.00174896757048815,4.93903716423543e-05
-0.302048065254132,-0.825275758112278,-5.92162001200602e-05,0.00174896757048815,4.93903716423543e-05
-0.302107281454252,-0.823526790541789,-5.20347531673959e-05,0.0017986075799743,5.02325224449539e-05
-0.302107281454252,-0.823526790541789,-5.20347531673959e-05,0.0017986075799743,5.02325224449539e-05
-0.302159316207419,-0.821728182961815,-4.36876667411767e-05,0.00184907661594003,5.1016716326375e-05
-0.302159316207419,-0.821728182961815,-4.36876667411767e-05,0.00184907661594003,5.1016716326375e-05
-0.302203003874161,-0.819879106345875,-3.41812001825037e-05,0.00190030197102509,5.17396458284928e-05
-0.302203003874161,-0.819879106345875,-3.41812001825037e-05,0.00190030197102509,5.17396458284928e-05
-0.302237185074343,-0.81797880437485,-2.35287696279673e-05,0.00195220722098455,5.23979162339384e-05
-0.302237185074343,-0.81797880437485,-2.35287696279673e-05,0.00195220722098455,5.23979162339384e-05
-0.302260713843971,-0.816026597153865,-1.1750948505862e-05,0.00200471248131207,5.29880705454093e-05
-0.302260713843971,-0.816026597153865,-1.1750948505862e-05,0.00200471248131207,5.29880705454093e-05
-0.302272464792477,-0.814021884672553,1.12456810347217e-06,0.00205773468431769,5.35066191881778e-05
-0.302272464792477,-0.814021884672553,1.12456810347217e-06,0.00205773468431769,5.35066191881778e-05
-0.302271340224373,-0.811964149988236,1.50630354783798e-05,0.00211118787513787,5.39500736575333e-05
-0.302271340224373,-0.811964149988236,1.50630354783798e-05,0.00211118787513787,5.39500736575333e-05
-0.302256277188895,-0.809852962113098,3.00227677063059e-05,0.00216498352507744,5.43149832985361e-05
-0.302256277188895,-0.809852962113098,3.00227677063059e-05,0.00216498352507744,5.43149832985361e-05
-0.302226254421189,-0.80768797858802,4.59552824432774e-05,0.00221903086058362,5.45979744161203e-05
-0.302226254421189,-0.80768797858802,4.59552824432774e-05,0.00221903086058362,5.45979744161203e-05
-0.302180299138746,-0.805468947727437,6.28054816899648e-05,0.00227323720605921,5.4795790896239e-05
-0.302180299138746,-0.805468947727437,6.28054816899648e-05,0.00227323720605921,5.4795790896239e-05
-0.302117493657056,-0.803195710521378,8.05118681001527e-05,0.00232750833859607,5.4905335618115e-05
-0.302117493657056,-0.803195710521378,8.05118681001527e-05,0.00232750833859607,5.4905335618115e-05
-0.302036981788955,-0.800868202182782,9.90067961440522e-05,0.00238174885265707,5.49237119417448e-05
-0.302036981788955,-0.800868202182782,9.90067961440522e-05,0.00238174885265707,5.49237119417448e-05
-0.301937974992811,-0.798486453330124,0.000118216757261258,0.0024358625326526,5.48482646409222e-05
-0.301937974992811,-0.798486453330124,0.000118216757261258,0.0024358625326526,5.48482646409222e-05
-0.30181975823555,-0.796050590797472,0.000138062697951136,0.00248975273132268,5.46766196322145e-05
-0.30181975823555,-0.796050590797472,0.000138062697951136,0.00248975273132268,5.46766196322145e-05
-0.301681695537599,-0.793560838066149,0.000158460369560298,0.00254332275173841,5.44067219419029e-05
-0.301681695537599,-0.793560838066149,0.000158460369560298,0.00254332275173841,5.44067219419029e-05
-0.301523235168039,-0.791017515314411,0.000179320708339925,0.00259647623068671,5.40368714653594e-05
-0.301523235168039,-0.791017515314411,0.000179320708339925,0.00259647623068671,5.40368714653594e-05
-0.301343914459699,-0.788421039083724,0.000200550244148778,0.00264911752122199,5.3565756005949e-05
-0.301343914459699,-0.788421039083724,0.000200550244148778,0.00264911752122199,5.3565756005949e-05
-0.30114336421555,-0.785771921562502,0.000222051536027279,0.00270115207207411,5.29924813138772e-05
-0.30114336421555,-0.785771921562502,0.000222051536027279,0.00270115207207411,5.29924813138772e-05
-0.300921312679523,-0.783070769490428,0.000243723632659343,0.00275248680170392,5.2316597813721e-05
-0.300921312679523,-0.783070769490428,0.000243723632659343,0.00275248680170392,5.2316597813721e-05
-0.300677589046863,-0.780318282688724,0.00026546255558163,0.00280303046482688,5.15381236718807e-05
-0.300677589046863,-0.780318282688724,0.00026546255558163,0.00280303046482688,5.15381236718807e-05
-0.300412126491282,-0.777515252223897,0.000287161802849045,0.00285269400917987,5.06575640872465e-05
-0.300412126491282,-0.777515252223897,0.000287161802849045,0.00285269400917987,5.06575640872465e-05
-0.300124964688433,-0.774662558214717,0.000308712870695949,0.00290139092046382,4.96759265593981e-05
-0.300124964688433,-0.774662558214717,0.000308712870695949,0.00290139092046382,4.96759265593981e-05
-0.299816251817737,-0.771761167294253,0.000330005790585286,0.00294903755339293,4.85947320898157e-05
-0.299816251817737,-0.771761167294253,0.000330005790585286,0.00294903755339293,4.85947320898157e-05
-0.299486246027151,-0.768812129740861,0.000350929678933909,0.00299555344695179,4.74160221887294e-05
-0.299486246027151,-0.768812129740861,0.000350929678933909,0.00299555344695179,4.74160221887294e-05
-0.299135316348217,-0.765816576293909,0.00037137329665754,0.00304086162203177,4.61423616466357e-05
-0.299135316348217,-0.765816576293909,0.00037137329665754,0.00304086162203177,4.61423616466357e-05
-0.29876394305156,-0.762775714671877,0.000391225615568314,0.00308488885975289,4.47768370399628e-05
-0.29876394305156,-0.762775714671877,0.000391225615568314,0.00308488885975289,4.47768370399628e-05
-0.298372717435992,-0.759690825812124,0.000410376388585987,0.00312756595890262,4.33230509793827e-05
-0.298372717435992,-0.759690825812124,0.000410376388585987,0.00312756595890262,4.33230509793827e-05
-0.297962341047406,-0.756563259853221,0.000428716720642208,0.00316882797107365,4.17851121420443e-05
-0.297962341047406,-0.756563259853221,0.000428716720642208,0.00316882797107365,4.17851121420443e-05
-0.297533624326763,-0.753394431882148,0.000446139637082954,0.00320861441225428,4.01676211032294e-05
-0.297533624326763,-0.753394431882148,0.000446139637082954,0.00320861441225428,4.01676211032294e-05
-0.29708748468968,-0.750185817469894,0.000462540646357146,0.00324686944975183,3.847565202091e-05
-0.29708748468968,-0.750185817469894,0.000462540646357146,0.00324686944975183,3.847565202091e-05
-0.296624944043323,-0.746938948020142,0.000477818293745991,0.00328354206348558,3.67147302816361e-05
-0.296624944043323,-0.746938948020142,0.000477818293745991,0.00328354206348558,3.67147302816361e-05
-0.296147125749577,-0.743655405956656,0.000491874702872541,0.00331858618088543,3.48908062695512e-05
-0.296147125749577,-0.743655405956656,0.000491874702872541,0.00331858618088543,3.48908062695512e-05
-0.295655251046705,-0.740336819775771,0.000504616101781374,0.00335196078486577,3.30102252416565e-05
-0.295655251046705,-0.740336819775771,0.000504616101781374,0.00335196078486577,3.30102252416565e-05
-0.295150634944923,-0.736984858990905,0.000515953330404217,0.00338362999438868,3.10796936145953e-05
-0.295150634944923,-0.736984858990905,0.000515953330404217,0.00338362999438868,3.10796936145953e-05
-0.294634681614519,-0.733601228996516,0.000525802326283631,0.0034135631174842,2.91062416693318e-05
-0.294634681614519,-0.733601228996516,0.000525802326283631,0.0034135631174842,2.91062416693318e-05
-0.294108879288236,-0.730187665879032,0.000534084585542605,0.00344173467662345,2.70971829285749e-05
-0.294108879288236,-0.730187665879032,0.000534084585542605,0.00344173467662345,2.70971829285749e-05
-0.293574794702693,-0.726745931202409,0.000540727596165691,0.00346812440660949,2.50600704270782e-05
-0.293574794702693,-0.726745931202409,0.000540727596165691,0.00346812440660949,2.50600704270782e-05
-0.293034067106527,-0.723277806795799,0.000545665240822002,0.00349271722535272,2.30026500124066e-05
-0.293034067106527,-0.723277806795799,0.000545665240822002,0.00349271722535272,2.30026500124066e-05
-0.292488401865705,-0.719785089570446,0.000548838166600896,0.00351550317799942,2.09328109235293e-05
-0.292488401865705,-0.719785089570446,0.000548838166600896,0.00351550317799942,2.09328109235293e-05
-0.291939563699104,-0.716269586392447,0.000550194119213698,0.00353647735506346,1.88585339234823e-05
-0.291939563699104,-0.716269586392447,0.000550194119213698,0.00353647735506346,1.88585339234823e-05
-0.291389369579891,-0.712733109037384,0.000549688239422474,0.00355563978539164,1.67878372668707e-05
-0.291389369579891,-0.712733109037384,0.000549688239422474,0.00355563978539164,1.67878372668707e-05
-0.290839681340468,-0.709177469251992,0.000547283319695779,0.00357299530494293,1.47287208083378e-05
-0.290839681340468,-0.709177469251992,0.000547283319695779,0.00357299530494293,1.47287208083378e-05
-0.290292398020772,-0.705604473947049,0.000542950019321031,0.00358855340250464,1.26891085836705e-05
-0.290292398020772,-0.705604473947049,0.000542950019321031,0.00358855340250464,1.26891085836705e-05
-0.289749448001451,-0.702015920544544,0.00053666703648092,0.00360232804359317,1.06767902493597e-05
-0.289749448001451,-0.702015920544544,0.00053666703648092,0.00360232804359317,1.06767902493597e-05
-0.28921278096497,-0.698413592500951,0.000528421236094201,0.00361433747392337,8.6993618092575e-06
-0.28921278096497,-0.698413592500951,0.000528421236094201,0.00361433747392337,8.6993618092575e-06
-0.288684359728876,-0.694799255027028,0.000518207732507492,0.00362460400396736,6.76416601760963e-06
-0.288684359728876,-0.694799255027028,0.000518207732507492,0.00362460400396736,6.76416601760963e-06
-0.288166151996369,-0.69117465102306,0.000506029926468032,0.00363315377616613,4.87823304198788e-06
-0.288166151996369,-0.69117465102306,0.000506029926468032,0.00363315377616613,4.87823304198788e-06
-0.287660122069901,-0.687541497246894,0.00049189949612749,0.00364001651654988,3.04822183411733e-06
-0.287660122069901,-0.687541497246894,0.00049189949612749,0.00364001651654988,3.04822183411733e-06
-0.287168222573773,-0.683901480730344,0.000475836342159086,0.00364522527252664,1.28036278457819e-06
-0.287168222573773,-0.683901480730344,0.000475836342159086,0.00364522527252664,1.28036278457819e-06
-0.286692386231614,-0.680256255457818,0.000457868487435176,0.00364881613867518,-4.19597694981816e-07
-0.286692386231614,-0.680256255457818,0.000457868487435176,0.00364881613867518,-4.19597694981816e-07
-0.286234517744179,-0.676607439319143,0.000438031932038618,0.00365082797247696,-2.04645003454859e-06
-0.286234517744179,-0.676607439319143,0.000438031932038618,0.00365082797247696,-2.04645003454859e-06
-0.28579648581214,-0.672956611346666,0.000416370464757954,0.00365130210194786,-3.59557115746974e-06
-0.28579648581214,-0.672956611346666,0.000416370464757954,0.00365130210194786,-3.59557115746974e-06
-0.285380115347382,-0.669305309244718,0.00039293543252511,0.0036502820271479,-5.0629702155352e-06
-0.285380115347382,-0.669305309244718,0.00039293543252511,0.0036502820271479,-5.0629702155352e-06
-0.284987179914857,-0.66565502721757,0.000367785469613691,0.00364781311756679,-6.44532967243551e-06
-0.284987179914857,-0.66565502721757,0.000367785469613691,0.00364781311756679,-6.44532967243551e-06
-0.284619394445244,-0.662007214100003,0.00034098618871653,0.00364394230740728,-7.74004108149498e-06
-0.284619394445244,-0.662007214100003,0.00034098618871653,0.00364394230740728,-7.74004108149498e-06
-0.284278408256527,-0.658363271792596,0.000312609836326583,0.00363871779070624,-8.94523477494753e-06
-0.284278408256527,-0.658363271792596,0.000312609836326583,0.00363871779070624,-8.94523477494753e-06
-0.283965798420201,-0.65472455400189,0.000282734915109439,0.00363218871827553,-1.00598027269567e-05
-0.283965798420201,-0.65472455400189,0.000282734915109439,0.00363218871827553,-1.00598027269567e-05
-0.283683063505091,-0.651092365283614,0.000251445776206838,0.00362440489844706,-1.10834140369118e-05
-0.283683063505091,-0.651092365283614,0.000251445776206838,0.00362440489844706,-1.10834140369118e-05
-0.283431617728884,-0.647467960385167,0.000218832184609441,0.00361541650345143,-1.20165222649688e-05
-0.283431617728884,-0.647467960385167,0.000218832184609441,0.00361541650345143,-1.20165222649688e-05
-0.283212785544275,-0.643852543881716,0.000184988860945867,0.00360527378336273,-1.28603642572315e-05
-0.283212785544275,-0.643852543881716,0.000184988860945867,0.00360527378336273,-1.28603642572315e-05
-0.283027796683329,-0.640247270098353,0.000150015003138881,0.00359402678931231,-1.36169499501079e-05
-0.283027796683329,-0.640247270098353,0.000150015003138881,0.00359402678931231,-1.36169499501079e-05
-0.28287778168019,-0.63665324330904,0.00011401379152487,0.00358172510767929,-1.42890428148656e-05
-0.28287778168019,-0.63665324330904,0.00011401379152487,0.00358172510767929,-1.42890428148656e-05
-0.282763767888665,-0.633071518201361,7.70918810845678e-05,0.00356841760691939,-1.48801309263489e-05
-0.282763767888665,-0.633071518201361,7.70918810845678e-05,0.00356841760691939,-1.48801309263489e-05
-0.282686676007581,-0.629503100594442,3.93588844650461e-05,0.00355415219846245,-1.53943885463758e-05
-0.282686676007581,-0.629503100594442,3.93588844650461e-05,0.00355415219846245,-1.53943885463758e-05
-0.282647317123116,-0.625948948395979,9.26849466842405e-07,0.00353897561313254,-1.58366284889926e-05
-0.282647317123116,-0.625948948395979,9.26849466842405e-07,0.00353897561313254,-1.58366284889926e-05
-0.282646390273649,-0.622409972782847,-3.8090265367996e-05,0.00352293319437158,-1.62122457064611e-05
-0.282646390273649,-0.622409972782847,-3.8090265367996e-05,0.00352293319437158,-1.62122457064611e-05
-0.282684480539017,-0.618887039588475,-7.75771135416159e-05,0.00350606870939474,-1.65271526812215e-05
-0.282684480539017,-0.618887039588475,-7.75771135416159e-05,0.00350606870939474,-1.65271526812215e-05
-0.282762057652558,-0.615380970879081,-0.000117417478332937,0.00348842417930728,-1.67877075196296e-05
-0.282762057652558,-0.615380970879081,-0.000117417478332937,0.00348842417930728,-1.67877075196296e-05
-0.282879475130891,-0.611892546699773,-0.000157494782201395,0.00347003972900317,-1.70006356314208e-05
-0.282879475130891,-0.611892546699773,-0.000157494782201395,0.00347003972900317,-1.70006356314208e-05
-0.283036969913093,-0.60842250697077,-0.000197692584777809,0.00345095345766055,-1.71729463131743e-05
-0.283036969913093,-0.60842250697077,-0.000197692584777809,0.00345095345766055,-1.71729463131743e-05
-0.28323466249787,-0.604971553513109,-0.000237895066577121,0.00343120133038322,-1.73118455582401e-05
-0.28323466249787,-0.604971553513109,-0.000237895066577121,0.00343120133038322,-1.73118455582401e-05
-0.283472557564448,-0.601540352182726,-0.00027798749578628,0.00341081709141722,-1.74246465403489e-05
-0.283472557564448,-0.601540352182726,-0.00027798749578628,0.00341081709141722,-1.74246465403489e-05
-0.283750545060234,-0.598129535091309,-0.000317856675761008,0.00338983219924094,-1.75186793631285e-05
-0.283750545060234,-0.598129535091309,-0.000317856675761008,0.00338983219924094,-1.75186793631285e-05
-0.284068401735995,-0.594739702892068,-0.000357391371144433,0.00336827578362509,-1.760120163629e-05
-0.284068401735995,-0.594739702892068,-0.000357391371144433,0.00336827578362509,-1.760120163629e-05
-0.284425793107139,-0.591371427108443,-0.000396482710789403,0.00334617462462128,-1.76793113860975e-05
-0.284425793107139,-0.591371427108443,-0.000396482710789403,0.00334617462462128,-1.76793113860975e-05
-0.284822275817929,-0.588025252483822,-0.000435024565997477,0.00332355315333044,-1.7759863861151e-05
-0.284822275817929,-0.588025252483822,-0.000435024565997477,0.00332355315333044,-1.7759863861151e-05
-0.285257300383926,-0.584701699330491,-0.000472913902867134,0.00330043347407905,-1.78493936163942e-05
-0.285257300383926,-0.584701699330491,-0.000472913902867134,0.00330043347407905,-1.78493936163942e-05
-0.285730214286793,-0.581401265856412,-0.000510051107834919,0.00327683540747503,-1.79540431071005e-05
-0.285730214286793,-0.581401265856412,-0.000510051107834919,0.00327683540747503,-1.79540431071005e-05
-0.286240265394628,-0.578124430448937,-0.000546340285809077,0.0032527765536533,-1.80794987750905e-05
-0.286240265394628,-0.578124430448937,-0.000546340285809077,0.0032527765536533,-1.80794987750905e-05
-0.286786605680437,-0.574871653895284,-0.00058168953056803,0.00322827237492707,-1.8230935500848e-05
-0.286786605680437,-0.574871653895284,-0.00058168953056803,0.00322827237492707,-1.8230935500848e-05
-0.287368295211005,-0.571643381520357,-0.000616011167355213,0.00320333629686542,-1.841296998144e-05
-0.287368295211005,-0.571643381520357,-0.000616011167355213,0.00320333629686542,-1.841296998144e-05
-0.287984306378361,-0.568440045223491,-0.000649221967856772,0.00317797982670909,-1.8629623377221e-05
-0.287984306378361,-0.568440045223491,-0.000649221967856772,0.00317797982670909,-1.8629623377221e-05
-0.288633528346217,-0.565262065396782,-0.00068124333798697,0.00315221268791277,-1.88842933949995e-05
-0.288633528346217,-0.565262065396782,-0.00068124333798697,0.00315221268791277,-1.88842933949995e-05
-0.289314771684204,-0.56210985270887,-0.000712001479101554,0.00312604296943164,-1.91797355980306e-05
-0.289314771684204,-0.56210985270887,-0.000712001479101554,0.00312604296943164,-1.91797355980306e-05
-0.290026773163306,-0.558983809739438,-0.000741427523443861,0.00309947728836557,-1.95180536619577e-05
-0.290026773163306,-0.558983809739438,-0.000741427523443861,0.00309947728836557,-1.95180536619577e-05
-0.29076820068675,-0.555884332451072,-0.000769457644805294,0.00307252096444643,-1.99006980990332e-05
-0.29076820068675,-0.555884332451072,-0.000769457644805294,0.00307252096444643,-1.99006980990332e-05
-0.291537658331555,-0.552811811486626,-0.000796033145490371,0.00304517820477002,-2.03284727966577e-05
-0.291537658331555,-0.552811811486626,-0.000796033145490371,0.00304517820477002,-2.03284727966577e-05
-0.292333691477045,-0.549766633281856,-0.000821100520803031,0.00301745229712824,-2.0801548675928e-05
-0.292333691477045,-0.549766633281856,-0.000821100520803031,0.00301745229712824,-2.0801548675928e-05
-0.293154791997848,-0.546749180984728,-0.000844611502353043,0.00298934581019772,-2.13194836454914e-05
-0.293154791997848,-0.546749180984728,-0.000844611502353043,0.00298934581019772,-2.13194836454914e-05
-0.293999403500201,-0.54375983517453,-0.000866523081535286,0.00296086079881197,-2.18812479563031e-05
-0.293999403500201,-0.54375983517453,-0.000866523081535286,0.00296086079881197,-2.18812479563031e-05
-0.294865926581737,-0.540798974375718,-0.000886797514562832,0.00293199901256014,-2.2485254160281e-05
-0.294865926581737,-0.540798974375718,-0.000886797514562832,0.00293199901256014,-2.2485254160281e-05
-0.2957527240963,-0.537866975363158,-0.000905402310464154,0.00290276210586371,-2.31293908227906e-05
-0.2957527240963,-0.537866975363158,-0.000905402310464154,0.00290276210586371,-2.31293908227906e-05
-0.296658126406764,-0.534964213257294,-0.000922310203419319,0.00287315184768777,-2.38110591280699e-05
-0.296658126406764,-0.534964213257294,-0.000922310203419319,0.00287315184768777,-2.38110591280699e-05
-0.297580436610183,-0.532091061409606,-0.000937499110783058,0.00284317032910564,-2.4527211683311e-05
-0.297580436610183,-0.532091061409606,-0.000937499110783058,0.00284317032910564,-2.4527211683311e-05
-0.298517935720966,-0.529247891080501,-0.000950952078106138,0.00281282016689233,-2.52743928420215e-05
-0.298517935720966,-0.529247891080501,-0.000950952078106138,0.00281282016689233,-2.52743928420215e-05
-0.299468887799072,-0.526435070913608,-0.000962657212376428,0.00278210470135964,-2.60487799096563e-05
-0.299468887799072,-0.526435070913608,-0.000962657212376428,0.00278210470135964,-2.60487799096563e-05
-0.300431545011449,-0.523652966212249,-0.000972607604644071,0.00275102818671824,-2.68462247079754e-05
-0.300431545011449,-0.523652966212249,-0.000972607604644071,0.00275102818671824,-2.68462247079754e-05
-0.301404152616093,-0.520901938025531,-0.000980801243093687,0.00271959597231464,-2.76622950554717e-05
-0.301404152616093,-0.520901938025531,-0.000980801243093687,0.00271959597231464,-2.76622950554717e-05
-0.302384953859186,-0.518182342053216,-0.000987240917509513,0.00268781467317125,-2.84923158259415e-05
-0.302384953859186,-0.518182342053216,-0.000987240917509513,0.00268781467317125,-2.84923158259415e-05
-0.303372194776696,-0.515494527380045,-0.000991934115991411,0.00265569232831131,-2.93314092909645e-05
-0.303372194776696,-0.515494527380045,-0.000991934115991411,0.00265569232831131,-2.93314092909645e-05
-0.304364128892687,-0.512838835051733,-0.00099489291464161,0.0026232385454662,-3.0174534541618e-05
-0.304364128892687,-0.512838835051733,-0.00099489291464161,0.0026232385454662,-3.0174534541618e-05
-0.305359021807329,-0.510215596506267,-0.000996133860846349,0.002590464630853,-3.10165258367171e-05
-0.305359021807329,-0.510215596506267,-0.000996133860846349,0.002590464630853,-3.10165258367171e-05
-0.306355155668175,-0.507625131875414,-0.000995677850640808,0.0025573837028362,-3.18521297896293e-05
-0.306355155668175,-0.507625131875414,-0.000995677850640808,0.0025573837028362,-3.18521297896293e-05
-0.307350833518816,-0.505067748172578,-0.000993550000545018,0.00252401078840092,-3.26760413829701e-05
-0.307350833518816,-0.505067748172578,-0.000993550000545018,0.00252401078840092,-3.26760413829701e-05
-0.308344383519361,-0.502543737384177,-0.000989779514159794,0.00249036290145355,-3.34829387371111e-05
-0.308344383519361,-0.502543737384177,-0.000989779514159794,0.00249036290145355,-3.34829387371111e-05
-0.309334163033521,-0.500053374482723,-0.000984399543694447,0.00245645910218184,-3.42675167502153e-05
-0.309334163033521,-0.500053374482723,-0.000984399543694447,0.00245645910218184,-3.42675167502153e-05
-0.310318562577215,-0.497596915380542,-0.000977447046508428,0.00242232053674873,-3.50245196088467e-05
-0.310318562577215,-0.497596915380542,-0.000977447046508428,0.00242232053674873,-3.50245196088467e-05
-0.311296009623724,-0.495174594843793,-0.000968962636684667,0.00238797045678879,-3.57487722835023e-05
-0.311296009623724,-0.495174594843793,-0.000968962636684667,0.00238797045678879,-3.57487722835023e-05
-0.312264972260409,-0.492786624387004,-0.000958990431573048,0.00235343421828088,-3.64352110815863e-05
-0.312264972260409,-0.492786624387004,-0.000958990431573048,0.00235343421828088,-3.64352110815863e-05
-0.313223962691982,-0.490433190168723,-0.000947577893202545,0.00231873925952614,-3.70789133382148e-05
-0.313223962691982,-0.490433190168723,-0.000947577893202545,0.00231873925952614,-3.70789133382148e-05
-0.314171540585184,-0.488114450909197,-0.000934775664411192,0.00228391505812708,-3.76751262766454e-05
-0.314171540585184,-0.488114450909197,-0.000934775664411192,0.00228391505812708,-3.76751262766454e-05
-0.315106316249595,-0.48583053585107,-0.000920637399540569,0.00224899306707538,-3.82192952321074e-05
-0.315106316249595,-0.48583053585107,-0.000920637399540569,0.00224899306707538,-3.82192952321074e-05
-0.316026953649136,-0.483581542783995,-0.000905219589540762,0.00221400663009769,-3.87070912220445e-05
-0.316026953649136,-0.483581542783995,-0.000905219589540762,0.00221400663009769,-3.87070912220445e-05
-0.316932173238677,-0.481367536153897,-0.000888581381335518,0.00217899087667989,-3.91344380068544e-05
-0.316932173238677,-0.481367536153897,-0.000888581381335518,0.00217899087667989,-3.91344380068544e-05
-0.317820754620012,-0.479188545277217,-0.000870784391343693,0.00214398259726784,-3.94975387037859e-05
-0.317820754620012,-0.479188545277217,-0.000870784391343693,0.00214398259726784,-3.94975387037859e-05
-0.318691539011356,-0.477044562679949,-0.000851892513076102,0.00210902009931374,-3.97929019658474e-05
-0.318691539011356,-0.477044562679949,-0.000851892513076102,0.00210902009931374,-3.97929019658474e-05
-0.319543431524432,-0.474935542580635,-0.000831971718809832,0.00207414304502951,-4.00173677655912e-05
-0.319543431524432,-0.474935542580635,-0.000831971718809832,0.00207414304502951,-4.00173677655912e-05
-0.320375403243242,-0.472861399535606,-0.000811089855411284,0.00203939227186267,-4.01681328665564e-05
-0.320375403243242,-0.472861399535606,-0.000811089855411284,0.00203939227186267,-4.01681328665564e-05
-0.321186493098653,-0.470822007263743,-0.000789316434473775,0.00200480959678995,-4.02427759875808e-05
-0.321186493098653,-0.470822007263743,-0.000789316434473775,0.00200480959678995,-4.02427759875808e-05
-0.321975809533127,-0.468817197666953,-0.000766722417000654,0.00197043760567361,-4.02392826198165e-05
-0.321975809533127,-0.468817197666953,-0.000766722417000654,0.00197043760567361,-4.02392826198165e-05
-0.322742531950127,-0.46684676006128,-0.000743379992995674,0.00193631942906614,-4.01560694598241e-05
-0.322742531950127,-0.46684676006128,-0.000743379992995674,0.00193631942906614,-4.01560694598241e-05
-0.323485911943123,-0.464910440632214,-0.000719362356393194,0.00190249850596669,-3.99920084114343e-05
-0.323485911943123,-0.464910440632214,-0.000719362356393194,0.00190249850596669,-3.99920084114343e-05
-0.324205274299516,-0.463007942126247,-0.000694743475881998,0.00186901833709013,-3.97464500256151e-05
-0.324205274299516,-0.463007942126247,-0.000694743475881998,0.00186901833709013,-3.97464500256151e-05
-0.324900017775398,-0.461138923789157,-0.000669597862252402,0.0018359222293074,-3.94192461581502e-05
-0.324900017775398,-0.461138923789157,-0.000669597862252402,0.0018359222293074,-3.94192461581502e-05
-0.325569615637651,-0.459303001559849,-0.000644000332987948,0.00180325303302276,-3.90107716532293e-05
-0.325569615637651,-0.459303001559849,-0.000644000332987948,0.00180325303302276,-3.90107716532293e-05
-0.326213615970639,-0.457499748526827,-0.000618025774911601,0.00177105287423485,-3.85219446214888e-05
-0.326213615970639,-0.457499748526827,-0.000618025774911601,0.00177105287423485,-3.85219446214888e-05
-0.32683164174555,-0.455728695652592,-0.000591748905767409,0.00173936288315873,-3.79542448693073e-05
-0.32683164174555,-0.455728695652592,-0.000591748905767409,0.00173936288315873,-3.79542448693073e-05
-0.327423390651318,-0.453989332769433,-0.000565244035676593,0.00170822292130479,-3.73097298839501e-05
-0.327423390651318,-0.453989332769433,-0.000565244035676593,0.00170822292130479,-3.73097298839501e-05
-0.327988634686994,-0.452281109848128,-0.000538584829468058,0.00167767130894747,-3.65910476316099e-05
-0.327988634686994,-0.452281109848128,-0.000538584829468058,0.00167767130894747,-3.65910476316099e-05
-0.328527219516462,-0.450603438539181,-0.000511844070921308,0.00164774455496858,-3.58014453389858e-05
-0.328527219516462,-0.450603438539181,-0.000511844070921308,0.00164774455496858,-3.58014453389858e-05
-0.329039063587384,-0.448955693984212,-0.000485093429988592,0.00161847709105412,-3.49447732551256e-05
-0.329039063587384,-0.448955693984212,-0.000485093429988592,0.00161847709105412,-3.49447732551256e-05
-0.329524157017372,-0.447337216893158,-0.000458403234093241,0.00158990101225959,-3.40254822856869e-05
-0.329524157017372,-0.447337216893158,-0.000458403234093241,0.00158990101225959,-3.40254822856869e-05
-0.329982560251465,-0.445747315880898,-0.000431842244597469,0.00156204582599523,-3.30486144380477e-05
-0.329982560251465,-0.445747315880898,-0.000431842244597469,0.00156204582599523,-3.30486144380477e-05
-0.330414402496063,-0.444185270054903,-0.000405477439529178,0.00153493821138989,-3.20197847684801e-05
-0.330414402496063,-0.444185270054903,-0.000405477439529178,0.00153493821138989,-3.20197847684801e-05
-0.330819879935592,-0.442650331843513,-0.000379373803655769,0.00150860179113194,-3.09451538795151e-05
-0.330819879935592,-0.442650331843513,-0.000379373803655769,0.00150860179113194,-3.09451538795151e-05
-0.331199253739248,-0.441141730052381,-0.000353594126959678,0.00148305691771167,-2.98313899197975e-05
-0.331199253739248,-0.441141730052381,-0.000353594126959678,0.00148305691771167,-2.98313899197975e-05
-0.331552847866208,-0.43965867313467,-0.000328198812533487,0.00145832047605582,-2.86856194071467e-05
-0.331552847866208,-0.43965867313467,-0.000328198812533487,0.00145832047605582,-2.86856194071467e-05
-0.331881046678741,-0.438200352658614,-0.000303245694864784,0.00143440570447145,-2.75153664841112e-05
-0.331881046678741,-0.438200352658614,-0.000303245694864784,0.00143440570447145,-2.75153664841112e-05
-0.332184292373606,-0.436765946954143,-0.000278789869440965,0.00141132203579131,-2.63284808216216e-05
-0.332184292373606,-0.436765946954143,-0.000278789869440965,0.00141132203579131,-2.63284808216216e-05
-0.332463082243047,-0.435354624918351,-0.000254883534533845,0.00138907496042046,-2.51330546882894e-05
-0.332463082243047,-0.435354624918351,-0.000254883534533845,0.00138907496042046,-2.51330546882894e-05
-0.332717965777581,-0.433965549957931,-0.000231575845954124,0.00136766591301374,-2.3937330474234e-05
-0.332717965777581,-0.433965549957931,-0.000231575845954124,0.00136766591301374,-2.3937330474234e-05
-0.332949541623535,-0.432597884044917,-0.000208912785493121,0.00134709218433976,-2.27496005121731e-05
-0.332949541623535,-0.432597884044917,-0.000208912785493121,0.00134709218433976,-2.27496005121731e-05
-0.333158454409028,-0.431250791860577,-0.000186937043690272,0.00132734685974911,-2.15781016551992e-05
-0.333158454409028,-0.431250791860577,-0.000186937043690272,0.00132734685974911,-2.15781016551992e-05
-0.333345391452718,-0.429923445000828,-0.00016568791747068,0.00130841878546101,-2.04309074746255e-05
-0.333345391452718,-0.429923445000828,-0.00016568791747068,0.00130841878546101,-2.04309074746255e-05
-0.333511079370189,-0.428615026215367,-0.000145201223123337,0.00129029256373153,-1.93158212894444e-05
-0.333511079370189,-0.428615026215367,-0.000145201223123337,0.00129029256373153,-1.93158212894444e-05
-0.333656280593312,-0.427324733651636,-0.000125509224983333,0.00127294857778765,-1.8240273447446e-05
-0.333656280593312,-0.427324733651636,-0.000125509224983333,0.00127294857778765,-1.8240273447446e-05
-0.333781789818296,-0.426051785073848,-0.00010664058008969,0.00125636304714921,-1.72112261944083e-05
-0.333781789818296,-0.426051785073848,-0.00010664058008969,0.00125636304714921,-1.72112261944083e-05
-0.333888430398385,-0.424795422026699,-8.86202990090235e-05,0.00124050811369969,-1.62350891474955e-05
-0.333888430398385,-0.424795422026699,-8.86202990090235e-05,0.00124050811369969,-1.62350891474955e-05
-0.333977050697394,-0.423554913912999,-7.14697229017291e-05,0.00122535195862572,-1.53176478484346e-05
-0.333977050697394,-0.423554913912999,-7.14697229017291e-05,0.00122535195862572,-1.53176478484346e-05
-0.334048520420296,-0.422329561954373,-5.52065168218929e-05,0.00121085895013712,-1.44640073204568e-05
-0.334048520420296,-0.422329561954373,-5.52065168218929e-05,0.00121085895013712,-1.44640073204568e-05
-0.334103726937118,-0.421118703004236,-3.98446791513574e-05,0.00119698982155442,-1.36785517590964e-05
-0.334103726937118,-0.421118703004236,-3.98446791513574e-05,0.00119698982155442,-1.36785517590964e-05
-0.334143571616269,-0.419921713182682,-2.53945669518862e-05,0.00118370187904626,-1.29649206123737e-05
-0.334143571616269,-0.419921713182682,-2.53945669518862e-05,0.00118370187904626,-1.29649206123737e-05
-0.334168966183221,-0.418738011303636,-1.18629369562084e-05,0.0011709492380495,-1.23260005888803e-05
-0.334168966183221,-0.418738011303636,-1.18629369562084e-05,0.0011709492380495,-1.23260005888803e-05
-0.334180829120177,-0.417567062065586,7.46998176315294e-07,0.00115868308708705,-1.17639323163579e-05
-0.334180829120177,-0.417567062065586,7.46998176315294e-07,0.00115868308708705,-1.17639323163579e-05
-0.334180082122001,-0.416408378978499,1.24354987974806e-05,0.00114685197749775,-1.12801299661208e-05
-0.334180082122001,-0.416408378978499,1.24354987974806e-05,0.00114685197749775,-1.12801299661208e-05
-0.334167646623204,-0.415261527001001,2.32062129474353e-05,0.00113540213723962,-1.08753116751451e-05
-0.334167646623204,-0.415261527001001,2.32062129474353e-05,0.00113540213723962,-1.08753116751451e-05
-0.334144440410256,-0.414126124863762,3.30660773829594e-05,0.00112427780666985,-1.05495383284631e-05
-0.334144440410256,-0.414126124863762,3.30660773829594e-05,0.00112427780666985,-1.05495383284631e-05
-0.334111374332873,-0.413001847057092,4.20252056406167e-05,0.00111342159401051,-1.0302258301446e-05
-0.334111374332873,-0.413001847057092,4.20252056406167e-05,0.00111342159401051,-1.0302258301446e-05
-0.334069349127233,-0.411888425463081,5.00967638810135e-05,0.00110277484794835,-1.01323558106519e-05
-0.334069349127233,-0.411888425463081,5.00967638810135e-05,0.00110277484794835,-1.01323558106519e-05
-0.334019252363352,-0.410785650615133,5.7296835320908e-05,0.00109227804463541,-1.00382008844022e-05
-0.334019252363352,-0.410785650615133,5.7296835320908e-05,0.00109227804463541,-1.00382008844022e-05
-0.333961955528031,-0.409693372570497,6.36442741027698e-05,0.00108187118606612,-1.00176990525216e-05
-0.333961955528031,-0.409693372570497,6.36442741027698e-05,0.00108187118606612,-1.00176990525216e-05
-0.333898311253928,-0.408611501384431,6.91605495085623e-05,0.00107149420676977,-1.00683393660199e-05
-0.333898311253928,-0.408611501384431,6.91605495085623e-05,0.00107149420676977,-1.00683393660199e-05
-0.333829150704419,-0.407540007177662,7.38695814670454e-05,0.00106108738560434,-1.01872397415949e-05
-0.333829150704419,-0.407540007177662,7.38695814670454e-05,0.00106108738560434,-1.01872397415949e-05
-0.333755281122952,-0.406478919792057,7.77975683260435e-05,0.00105059175931571,-1.0371188992192e-05
-0.333755281122952,-0.406478919792057,7.77975683260435e-05,0.00105059175931571,-1.0371188992192e-05
-0.333677483554626,-0.405428328032742,8.09728078943195e-05,0.00103994953444086,-1.06166851609841e-05
-0.333677483554626,-0.405428328032742,8.09728078943195e-05,0.00103994953444086,-1.06166851609841e-05
-0.333596510746732,-0.404388378498301,8.34255127690198e-05,0.00102910449416416,-1.09199701997459e-05
-0.333596510746732,-0.404388378498301,8.34255127690198e-05,0.00102910449416416,-1.09199701997459e-05
-0.333513085233963,-0.403359274004137,8.51876209928548e-05,0.00101800239666427,-1.12770611618153e-05
-0.333513085233963,-0.403359274004137,8.51876209928548e-05,0.00101800239666427,-1.12770611618153e-05
-0.33342789761297,-0.402341271607472,8.6292603091398e-05,0.00100659136155695,-1.16837782652708e-05
-0.33342789761297,-0.402341271607472,8.6292603091398e-05,0.00100659136155695,-1.16837782652708e-05
-0.333341605009879,-0.401334680245915,8.67752665231758e-05,0.000994822241130011,-1.21357702725555e-05
-0.333341605009879,-0.401334680245915,8.67752665231758e-05,0.000994822241130011,-1.21357702725555e-05
-0.333254829743355,-0.400339858004785,8.66715585924882e-05,0.000982648973214928,-1.26285377920446e-05
-0.333254829743355,-0.400339858004785,8.66715585924882e-05,0.000982648973214928,-1.26285377920446e-05
-0.333168158184763,-0.39935720903157,8.6018368837093e-05,0.000970028912627763,-1.31574550322346e-05
-0.333168158184763,-0.39935720903157,8.6018368837093e-05,0.000970028912627763,-1.31574550322346e-05
-0.333082139815926,-0.398387180118943,8.48533319212086e-05,0.000956923138320853,-1.37177905320366e-05
-0.333082139815926,-0.398387180118943,8.48533319212086e-05,0.000956923138320853,-1.37177905320366e-05
-0.332997286484005,-0.397430256980622,8.32146320181582e-05,0.000943296733618704,-1.43047273755993e-05
-0.332997286484005,-0.397430256980622,8.32146320181582e-05,0.000943296733618704,-1.43047273755993e-05
-0.332914071851986,-0.396486960247003,8.11408096368371e-05,0.000929119037137105,-1.49133833239938e-05
-0.332914071851986,-0.396486960247003,8.11408096368371e-05,0.000929119037137105,-1.49133833239938e-05
-0.33283293104235,-0.395557841209866,7.86705718264225e-05,0.000914363862241974,-1.5538831111061e-05
-0.33283293104235,-0.395557841209866,7.86705718264225e-05,0.000914363862241974,-1.5538831111061e-05
-0.332754260470523,-0.394643477347624,7.58426066556628e-05,0.000899009683289487,-1.61761192389709e-05
-0.332754260470523,-0.394643477347624,7.58426066556628e-05,0.000899009683289487,-1.61761192389709e-05
-0.332678417863868,-0.393744467664334,7.26954028134608e-05,0.00088303978711668,-1.68202934244128e-05
-0.332678417863868,-0.393744467664334,7.26954028134608e-05,0.00088303978711668,-1.68202934244128e-05
-0.332605722461054,-0.392861427877218,6.92670751446522e-05,0.00086644238858824,-1.74664187097148e-05
-0.332605722461054,-0.392861427877218,6.92670751446522e-05,0.00086644238858824,-1.74664187097148e-05
-0.332536455385909,-0.39199498548863,6.55951968654422e-05,0.000849210709406079,-1.81096022513732e-05
-0.332536455385909,-0.39199498548863,6.55951968654422e-05,0.000849210709406079,-1.81096022513732e-05
-0.332470860189044,-0.391145774779223,6.17166391761459e-05,0.000831343019713493,-1.87450167624573e-05
-0.332470860189044,-0.391145774779223,6.17166391761459e-05,0.000831343019713493,-1.87450167624573e-05
-0.332409143549868,-0.39031443175951,5.76674189174953e-05,0.000812842642321565,-1.93679244096851e-05
-0.332409143549868,-0.39031443175951,5.76674189174953e-05,0.000812842642321565,-1.93679244096851e-05
-0.33235147613095,-0.389501589117188,5.34825548725859e-05,0.00079371791979177,-1.99737010808662e-05
-0.33235147613095,-0.389501589117188,5.34825548725859e-05,0.00079371791979177,-1.99737010808662e-05
-0.332297993576078,-0.388707871197397,4.91959332512559e-05,0.00077398214484492,-2.05578607031158e-05
-0.332297993576078,-0.388707871197397,4.91959332512559e-05,0.00077398214484492,-2.05578607031158e-05
-0.332248797642826,-0.387933889052552,4.48401828291867e-05,0.000753653454988901,-2.11160794657521e-05
-0.332248797642826,-0.387933889052552,4.48401828291867e-05,0.000753653454988901,-2.11160794657521e-05
-0.332203957459997,-0.387180235597563,4.04465601541171e-05,0.000732754692463145,-2.16442196539589e-05
-0.332203957459997,-0.387180235597563,4.04465601541171e-05,0.000732754692463145,-2.16442196539589e-05
-0.332163510899843,-0.3864474809051,3.6044845178107e-05,0.000711313230915611,-2.21383527749047e-05
-0.332163510899843,-0.3864474809051,3.6044845178107e-05,0.000711313230915611,-2.21383527749047e-05
-0.332127466054665,-0.385736167674184,3.16632476062839e-05,0.000689360770541825,-2.2594781796217e-05
-0.332127466054665,-0.385736167674184,3.16632476062839e-05,0.000689360770541825,-2.2594781796217e-05
-0.332095802807059,-0.385046806903642,2.73283241756239e-05,0.000666933103567191,-2.30100621942501e-05
-0.332095802807059,-0.385046806903642,2.73283241756239e-05,0.000666933103567191,-2.30100621942501e-05
-0.332068474482883,-0.384379873800075,2.30649070289135e-05,0.000644069852207441,-2.33810215830229e-05
-0.332068474482883,-0.384379873800075,2.30649070289135e-05,0.000644069852207441,-2.33810215830229e-05
-0.332045409575854,-0.383735803947868,1.88960433009644e-05,0.00062081418140747,-2.37047776856099e-05
-0.332045409575854,-0.383735803947868,1.88960433009644e-05,0.00062081418140747,-2.37047776856099e-05
-0.332026513532553,-0.38311498976646,1.48429459449484e-05,0.000597212488822885,-2.39787543575489e-05
-0.332026513532553,-0.38311498976646,1.48429459449484e-05,0.000597212488822885,-2.39787543575489e-05
-0.332011670586608,-0.382517777277637,1.09249557845859e-05,0.000573314074712228,-2.42006955203106e-05
-0.332011670586608,-0.382517777277637,1.09249557845859e-05,0.000573314074712228,-2.42006955203106e-05
-0.332000745630824,-0.381944463202925,7.15951471852438e-06,0.000549170794454545,-2.43686767799072e-05
-0.332000745630824,-0.381944463202925,7.15951471852438e-06,0.000549170794454545,-2.43686767799072e-05
-0.331993586116105,-0.38139529240847,3.56214992686121e-06,0.000524836696526865,-2.4481114597664e-05
-0.331993586116105,-0.38139529240847,3.56214992686121e-06,0.000524836696526865,-2.4481114597664e-05
-0.331990023966178,-0.380870455711944,1.46468894846041e-07,0.000500367648790967,-2.45367727958291e-05
-0.331990023966178,-0.380870455711944,1.46468894846041e-07,0.000500367648790967,-2.45367727958291e-05
-0.331989877497284,-0.380370088063153,-3.07583497427544e-06,0.000475820956022999,-2.45347662591825e-05
-0.331989877497284,-0.380370088063153,-3.07583497427544e-06,0.000475820956022999,-2.45347662591825e-05
-0.331992953332258,-0.37989426710713,-6.09496647346885e-06,0.0004512549716022,-2.44745616535029e-05
-0.331992953332258,-0.37989426710713,-6.09496647346885e-06,0.0004512549716022,-2.44745616535029e-05
-0.331999048298731,-0.379443012135527,-8.90300276085165e-06,0.000426728706263368,-2.43559749013523e-05
-0.331999048298731,-0.379443012135527,-8.90300276085165e-06,0.000426728706263368,-2.43559749013523e-05
-0.332007951301492,-0.379016283429264,-1.14938579771073e-05,0.000402301436836117,-2.4179165197783e-05
-0.332007951301492,-0.379016283429264,-1.14938579771073e-05,0.000402301436836117,-2.4179165197783e-05
-0.332019445159469,-0.378613981992428,-1.38632387315374e-05,0.000378032317792709,-2.39446252168299e-05
-0.332019445159469,-0.378613981992428,-1.38632387315374e-05,0.000378032317792709,-2.39446252168299e-05
-0.332033308398201,-0.378235949674635,-1.60085909338137e-05,0.000353979998337139,-2.36531669266071e-05
-0.332033308398201,-0.378235949674635,-1.60085909338137e-05,0.000353979998337139,-2.36531669266071e-05
-0.332049316989135,-0.377881969676298,-1.79290384650921e-05,0.000330202247727063,-2.33059022242439e-05
-0.332049316989135,-0.377881969676298,-1.79290384650921e-05,0.000330202247727063,-2.33059022242439e-05
-0.3320672460276,-0.377551767428571,-1.96253142205061e-05,0.00030675559139226,-2.29042171515882e-05
-0.3320672460276,-0.377551767428571,-1.96253142205061e-05,0.00030675559139226,-2.29042171515882e-05
-0.33208687134182,-0.377245011837179,-2.10996840978028e-05,0.000283694960262537,-2.2449737647914e-05
-0.33208687134182,-0.377245011837179,-2.10996840978028e-05,0.000283694960262537,-2.2449737647914e-05
-0.332107971025918,-0.376961316876916,-2.23558645141564e-05,0.000261073355597552,-2.19442835499123e-05
-0.332107971025918,-0.376961316876916,-2.23558645141564e-05,0.000261073355597552,-2.19442835499123e-05
-0.332130326890432,-0.376700243521319,-2.33989340628349e-05,0.000238941531430059,-2.13898052191076e-05
-0.332130326890432,-0.376700243521319,-2.33989340628349e-05,0.000238941531430059,-2.13898052191076e-05
-0.332153725824495,-0.376461301989889,-2.42352399307255e-05,0.000217347696626846,-2.07882932356618e-05
-0.332153725824495,-0.376461301989889,-2.42352399307255e-05,0.000217347696626846,-2.07882932356618e-05
-0.332177961064426,-0.376243954293262,-2.48722997249207e-05,0.000196337238378808,-2.01416442063641e-05
-0.332177961064426,-0.376243954293262,-2.48722997249207e-05,0.000196337238378808,-2.01416442063641e-05
-0.332202833364151,-0.376047617054883,-2.53186993632859e-05,0.000175952468702001,-1.94514513954802e-05
-0.332202833364151,-0.376047617054883,-2.53186993632859e-05,0.000175952468702001,-1.94514513954802e-05
-0.332228152063514,-0.375871664586181,-2.5583987689981e-05,0.000156232395388645,-1.8718660412312e-05
-0.332228152063514,-0.375871664586181,-2.5583987689981e-05,0.000156232395388645,-1.8718660412312e-05
-0.332253736051204,-0.375715432190792,-2.56785684922822e-05,0.000137212518600938,-1.7942969799956e-05
-0.332253736051204,-0.375715432190792,-2.56785684922822e-05,0.000137212518600938,-1.7942969799956e-05
-0.332279414619696,-0.375578219672191,-2.56135905829513e-05,0.000118924654229524,-1.71217223920152e-05
-0.332279414619696,-0.375578219672191,-2.56135905829513e-05,0.000118924654229524,-1.71217223920152e-05
-0.332305028210279,-0.375459295017962,-2.54008366076808e-05,0.000101396784739749,-1.6247713560468e-05
-0.332305028210279,-0.375459295017962,-2.54008366076808e-05,0.000101396784739749,-1.6247713560468e-05
-0.332330429046887,-0.375357898233222,-2.50526112332561e-05,8.46529382165784e-05,-1.53045271361395e-05
-0.332330429046887,-0.375357898233222,-2.50526112332561e-05,8.46529382165784e-05,-1.53045271361395e-05
-0.33235548165812,-0.375273245295006,-2.45816293752421e-05,6.87130959763915e-05,-1.42557634813893e-05
-0.33235548165812,-0.375273245295006,-2.45816293752421e-05,6.87130959763915e-05,-1.42557634813893e-05
-0.332380063287495,-0.375204532199029,-2.40009051123424e-05,5.35931290365221e-05,-1.30179339844166e-05
-0.332380063287495,-0.375204532199029,-2.40009051123424e-05,5.35931290365221e-05,-1.30179339844166e-05
-0.332404064192608,-0.375150939069993,-2.33236418948346e-05,3.93047634608679e-05,-1.13877574050961e-05
-0.332404064192608,-0.375150939069993,-2.33236418948346e-05,3.93047634608679e-05,-1.13877574050961e-05
-0.332427387834502,-0.375111634306532,-2.25631246660862e-05,2.5855574379785e-05,-8.86349914076026e-06
-0.332427387834502,-0.375111634306532,-2.25631246660862e-05,2.5855574379785e-05,-8.86349914076026e-06
-0.332449950959169,-0.375085778732152,-2.1732614477521e-05,1.32490083434855e-05,-4.55472120334505e-06
-0.332449950959169,-0.375085778732152,-2.1732614477521e-05,1.32490083434855e-05,-4.55472120334505e-06
-0.332471683573646,-0.375072529723809,-2.08452461655795e-05,1.48443350822536e-06,1.14126587775155e-06
-0.332471683573646,-0.375072529723809,-2.08452461655795e-05,1.48443350822536e-06,1.14126587775155e-06
-0.332492528819812,-0.3750710452903,-1.99139296265805e-05,-9.44278304881863e-06,5.18215234737873e-06
-0.332492528819812,-0.3750710452903,-1.99139296265805e-05,-9.44278304881863e-06,5.18215234737873e-06
-0.332512442749438,-0.375080488073349,-1.89512552060123e-05,-1.95411717790472e-05,6.74421616849109e-06
-0.332512442749438,-0.375080488073349,-1.89512552060123e-05,-1.95411717790472e-05,6.74421616849109e-06
-0.332531394004644,-0.375100029245128,-1.79694036817613e-05,-2.88230319302474e-05,7.02130132475985e-06
-0.332531394004644,-0.375100029245128,-1.79694036817613e-05,-2.88230319302474e-05,7.02130132475985e-06
-0.332549363408326,-0.375128852277058,-1.69800612814242e-05,-3.73042787937261e-05,6.77497186377515e-06
-0.332549363408326,-0.375128852277058,-1.69800612814242e-05,-3.73042787937261e-05,6.77497186377515e-06
-0.332566343469607,-0.375166156555852,-1.59943401645823e-05,-4.50042682300089e-05,6.31233136193214e-06
-0.332566343469607,-0.375166156555852,-1.59943401645823e-05,-4.50042682300089e-05,6.31233136193214e-06
-0.332582337809772,-0.375211160824082,-1.50227047480134e-05,-5.1945599916281e-05,5.75865361048414e-06
-0.332582337809772,-0.375211160824082,-1.50227047480134e-05,-5.1945599916281e-05,5.75865361048414e-06
-0.33259736051452,-0.375263106423998,-1.40749042180643e-05,-5.81539008753795e-05,5.1707051998989e-06
-0.33259736051452,-0.375263106423998,-1.40749042180643e-05,-5.81539008753795e-05,5.1707051998989e-06
-0.332611435418738,-0.375321260324874,-1.31599115406611e-05,-6.3657590957833e-05,4.57724426522592e-06
-0.332611435418738,-0.375321260324874,-1.31599115406611e-05,-6.3657590957833e-05,4.57724426522592e-06
-0.332624595330279,-0.375384917915832,-1.22858692405137e-05,-6.84876320434236e-05,3.99437167671392e-06
-0.332624595330279,-0.375384917915832,-1.22858692405137e-05,-6.84876320434236e-05,3.99437167671392e-06
-0.332636881199519,-0.375453405547875,-1.1460042182776e-05,-7.26772627858696e-05,3.43189487133903e-06
-0.332636881199519,-0.375453405547875,-1.1460042182776e-05,-7.26772627858696e-05,3.43189487133903e-06
-0.332648341241702,-0.375526082810661,-1.06887775513931e-05,-7.62617208112659e-05,2.89619888858619e-06
-0.332648341241702,-0.375526082810661,-1.06887775513931e-05,-7.62617208112659e-05,2.89619888858619e-06
-0.332659030019253,-0.375602344531472,-9.97747217079681e-06,-7.92779543499766e-05,2.39164003010531e-06
-0.332659030019253,-0.375602344531472,-9.97747217079681e-06,-7.92779543499766e-05,2.39164003010531e-06
-0.332669007491424,-0.375681622485822,-9.33054728757821e-06,-8.17643252692957e-05,1.92126578781451e-06
-0.332669007491424,-0.375681622485822,-9.33054728757821e-06,-8.17643252692957e-05,1.92126578781451e-06
-0.332678338038712,-0.375763386811091,-8.75143086587205e-06,-8.37603055440783e-05,1.48720702749264e-06
-0.332678338038712,-0.375763386811091,-8.75143086587205e-06,-8.37603055440783e-05,1.48720702749264e-06
-0.332687089469578,-0.375847147116636,-8.24254744125064e-06,-8.53061692575596e-05,1.09090162108086e-06
-0.332687089469578,-0.375847147116636,-8.24254744125064e-06,-8.53061692575596e-05,1.09090162108086e-06
-0.332695332017019,-0.375932453285893,-7.80531552452279e-06,-8.64426821216013e-05,7.33227399533443e-07
-0.332695332017019,-0.375932453285893,-7.80531552452279e-06,-8.64426821216013e-05,7.33227399533443e-07
-0.332703137332543,-0.376018895968015,-7.44015248943519e-06,-8.7210790594594e-05,4.14584375188688e-07
-0.332703137332543,-0.376018895968015,-7.44015248943519e-06,-8.7210790594594e-05,4.14584375188688e-07
-0.332710577485033,-0.376106106758609,-7.14648686467312e-06,-8.76513126421563e-05,1.34947682339405e-07
-0.332710577485033,-0.376106106758609,-7.14648686467312e-06,-8.76513126421563e-05,1.34947682339405e-07
-0.332717723971898,-0.376193758071251,-6.92277787983642e-06,-8.78046321281523e-05,-1.06096726013919e-07
-0.332717723971898,-0.376193758071251,-6.92277787983642e-06,-8.78046321281523e-05,-1.06096726013919e-07
-0.332724646749777,-0.37628156270338,-6.76654211506644e-06,-8.77103987784178e-05,-3.09326565892126e-07
-0.332724646749777,-0.37628156270338,-6.76654211506644e-06,-8.77103987784178e-05,-3.09326565892126e-07
-0.332731413291892,-0.376369273102158,-6.67438704138323e-06,-8.74072356291666e-05,-4.75863600998979e-07
-0.332731413291892,-0.376369273102158,-6.67438704138323e-06,-8.74072356291666e-05,-4.75863600998979e-07
-0.332738087678934,-0.376456680337787,-6.64205120459727e-06,-8.69324557781215e-05,-6.07157049861251e-07
-0.332738087678934,-0.376456680337787,-6.64205120459727e-06,-8.69324557781215e-05,-6.07157049861251e-07
-0.332744729730138,-0.376543612793565,-6.6644507721314e-06,-8.63217902178914e-05,-7.04968062926613e-07
-0.332744729730138,-0.376543612793565,-6.6644507721314e-06,-8.63217902178914e-05,-7.04968062926613e-07
-0.332751394180911,-0.376629934583783,-6.73573213066936e-06,-8.56091284056615e-05,-7.71353683669479e-07
-0.332751394180911,-0.376629934583783,-6.73573213066936e-06,-8.56091284056615e-05,-7.71353683669479e-07
-0.332758129913041,-0.376715543712189,-6.84933019046152e-06,-8.48262731770189e-05,-8.08649071430429e-07
-0.332758129913041,-0.376715543712189,-6.84933019046152e-06,-8.48262731770189e-05,-8.08649071430429e-07
-0.332764979243232,-0.376800369985366,-6.99803201936744e-06,-8.40027114682451e-05,-8.19446868233261e-07
-0.332764979243232,-0.376800369985366,-6.99803201936744e-06,-8.40027114682451e-05,-8.19446868233261e-07
-0.332771977275251,-0.376884372696834,-7.17404540423461e-06,-8.31654022637185e-05,-8.06572936427324e-07
-0.332771977275251,-0.376884372696834,-7.17404540423461e-06,-8.31654022637185e-05,-8.06572936427324e-07
-0.332779151320655,-0.376967538099098,-7.36907189408109e-06,-8.2338583011432e-05,-7.7305792819951e-07
-0.332779151320655,-0.376967538099098,-7.36907189408109e-06,-8.2338583011432e-05,-7.7305792819951e-07
-0.332786520392549,-0.377049876682109,-7.5743838852671e-06,-8.15435956277866e-05,-7.22104525684207e-07
-0.332786520392549,-0.377049876682109,-7.5743838852671e-06,-8.15435956277866e-05,-7.22104525684207e-07
-0.332794094776435,-0.377131420277737,-7.78090525838104e-06,-8.0798733106624e-05,-6.5705069729031e-07
-0.332794094776435,-0.377131420277737,-7.78090525838104e-06,-8.0798733106624e-05,-6.5705069729031e-07
-0.332801875681693,-0.377212219010844,-7.97929507306838e-06,-8.01191076103547e-05,-5.81329858874549e-07
-0.332801875681693,-0.377212219010844,-7.97929507306838e-06,-8.01191076103547e-05,-5.81329858874549e-07
-0.332809854976766,-0.377292338118454,-8.16003379322527e-06,-7.95165407697085e-05,-4.98429252191376e-07
-0.332809854976766,-0.377292338118454,-8.16003379322527e-06,-7.95165407697085e-05,-4.98429252191376e-07
-0.332818015010559,-0.377371854659224,-8.31351151597826e-06,-7.89994768355395e-05,-4.11848334999057e-07
-0.332818015010559,-0.377371854659224,-8.31351151597826e-06,-7.89994768355395e-05,-4.11848334999057e-07
-0.332826328522075,-0.377450854136059,-8.43011764661838e-06,-7.85729191312701e-05,-3.25059095916658e-07
-0.332826328522075,-0.377450854136059,-8.43011764661838e-06,-7.85729191312701e-05,-3.25059095916658e-07
-0.332834758639722,-0.377529427055191,-8.50033146015949e-06,-7.82383900884143e-05,-2.41470036476619e-07
-0.332834758639722,-0.377529427055191,-8.50033146015949e-06,-7.82383900884143e-05,-2.41470036476619e-07
-0.332843258971182,-0.377607665445279,-8.51481297936552e-06,-7.79939150283293e-05,-1.64395153828611e-07
-0.332843258971182,-0.377607665445279,-8.51481297936552e-06,-7.79939150283293e-05,-1.64395153828611e-07
-0.332851773784161,-0.377685659360307,-8.46449360453194e-06,-7.78340297378777e-05,-9.70287175012597e-08
-0.332851773784161,-0.377685659360307,-8.46449360453194e-06,-7.78340297378777e-05,-9.70287175012597e-08
-0.332860238277766,-0.377763493390045,-8.34066590849059e-06,-7.77498116887876e-05,-4.24257832477951e-08
-0.332860238277766,-0.377763493390045,-8.34066590849059e-06,-7.77498116887876e-05,-4.24257832477951e-08
-0.332868578943674,-0.377841243201734,-8.13507201274932e-06,-7.77289346607923e-05,-3.48779699040199e-09
-0.332868578943674,-0.377841243201734,-8.13507201274932e-06,-7.77289346607923e-05,-3.48779699040199e-09
-0.332876714015687,-0.377918972136395,-7.83998997561097e-06,-7.77557462992018e-05,1.70481395734602e-08
-0.332876714015687,-0.377918972136395,-7.83998997561097e-06,-7.77557462992018e-05,1.70481395734602e-08
-0.332884554005663,-0.377996727882694,-7.4483176261686e-06,-7.78113680932613e-05,1.66180124789011e-08
-0.332884554005663,-0.377996727882694,-7.4483176261686e-06,-7.78113680932613e-05,1.66180124789011e-08
-0.332892002323289,-0.378074539250787,-6.9536532760206e-06,-7.78738170634785e-05,-7.16041364283361e-09
-0.332892002323289,-0.378074539250787,-6.9536532760206e-06,-7.78738170634785e-05,-7.16041364283361e-09
-0.332898955976565,-0.378152413067851,-6.35037275087402e-06,-7.79181483380187e-05,-5.64770383139351e-08
-0.332898955976565,-0.378152413067851,-6.35037275087402e-06,-7.79181483380187e-05,-5.64770383139351e-08
-0.332905306349316,-0.378230331216189,-5.63370221373649e-06,-7.79166176704815e-05,-1.33315219209181e-07
-0.332905306349316,-0.378230331216189,-5.63370221373649e-06,-7.79166176704815e-05,-1.33315219209181e-07
-0.33291094005153,-0.378308247833859,-4.79978625195221e-06,-7.78388627800108e-05,-2.394320440838e-07
-0.33291094005153,-0.378308247833859,-4.79978625195221e-06,-7.78388627800108e-05,-2.394320440838e-07
-0.332915739837782,-0.378386086696639,-3.84575071771254e-06,-7.76521023708732e-05,-3.76331264537446e-07
-0.332915739837782,-0.378386086696639,-3.84575071771254e-06,-7.76521023708732e-05,-3.76331264537446e-07
-0.332919585588499,-0.37846373879901,-2.76975985308292e-06,-7.7321351488413e-05,-5.45226468298557e-07
-0.332919585588499,-0.37846373879901,-2.76975985308292e-06,-7.7321351488413e-05,-5.45226468298557e-07
-0.332922355348352,-0.378541060150498,-1.57106723053246e-06,-7.68096518171668e-05,-7.4699108731673e-07
-0.332922355348352,-0.378541060150498,-1.57106723053246e-06,-7.68096518171668e-05,-7.4699108731673e-07
-0.332923926415583,-0.378617869802316,-2.50060071538272e-07,-7.60783154237221e-05,-9.82089903077589e-07
-0.332923926415583,-0.378617869802316,-2.50060071538272e-07,-7.60783154237221e-05,-9.82089903077589e-07
-0.332924176475654,-0.378693948117739,1.19170345086461e-06,-7.50871803517628e-05,-1.25048327056479e-06
-0.332924176475654,-0.378693948117739,1.19170345086461e-06,-7.50871803517628e-05,-1.25048327056479e-06
-0.332922984772204,-0.378769035298091,2.7514642891302e-06,-7.37948764331642e-05,-1.55148951842178e-06
-0.332922984772204,-0.378769035298091,2.7514642891302e-06,-7.37948764331642e-05,-1.55148951842178e-06
-0.332920233307914,-0.378842830174524,4.42524032123748e-06,-7.21590995370058e-05,-1.88358062411718e-06
-0.332920233307914,-0.378842830174524,4.42524032123748e-06,-7.21590995370058e-05,-1.88358062411718e-06
-0.332915808067593,-0.378914989274061,6.20781217108846e-06,-7.01368924775347e-05,-2.24406810309372e-06
-0.332915808067593,-0.378914989274061,6.20781217108846e-06,-7.01368924775347e-05,-2.24406810309372e-06
-0.332909600255422,-0.378985126166539,8.09271730728423e-06,-6.76849307850169e-05,-2.62860293105505e-06
-0.332909600255422,-0.378985126166539,8.09271730728423e-06,-6.76849307850169e-05,-2.62860293105505e-06
-0.332901507538115,-0.379052811097324,1.00722526499841e-05,-6.47598114423831e-05,-3.03035084717238e-06
-0.332901507538115,-0.379052811097324,1.00722526499841e-05,-6.47598114423831e-05,-3.03035084717238e-06
-0.332891435285465,-0.379117570908766,1.21374858579326e-05,-6.13183426876884e-05,-3.43858406215768e-06
-0.332891435285465,-0.379117570908766,1.21374858579326e-05,-6.13183426876884e-05,-3.43858406215768e-06
-0.332879297799607,-0.379178889251454,1.42782754251058e-05,-5.73178329865143e-05,-3.8361936728059e-06
-0.332879297799607,-0.379178889251454,1.42782754251058e-05,-5.73178329865143e-05,-3.8361936728059e-06
-0.332865019524182,-0.37923620708444,1.64832996975561e-05,-5.27163772615635e-05,-4.19516012573277e-06
-0.332865019524182,-0.37923620708444,1.64832996975561e-05,-5.27163772615635e-05,-4.19516012573277e-06
-0.332848536224484,-0.379288923461702,1.87400948384875e-05,-4.74731384864646e-05,-4.46813773896417e-06
-0.332848536224484,-0.379288923461702,1.87400948384875e-05,-4.74731384864646e-05,-4.46813773896417e-06
-0.332829796129646,-0.379336396600188,2.10351017310151e-05,-4.15486227502426e-05,-4.57294315188288e-06
-0.332829796129646,-0.379336396600188,2.10351017310151e-05,-4.15486227502426e-05,-4.57294315188288e-06
-0.332808761027915,-0.379377945222939,2.33537217612656e-05,-3.49049459665296e-05,-4.36637675850767e-06
-0.332808761027915,-0.379377945222939,2.33537217612656e-05,-3.49049459665296e-05,-4.36637675850767e-06
-0.332785407306154,-0.379412850168905,2.56803813883932e-05,-2.75060904305069e-05,-3.61430490021513e-06
-0.332785407306154,-0.379412850168905,2.56803813883932e-05,-2.75060904305069e-05,-3.61430490021513e-06
-0.332759726924765,-0.379440356259336,2.79986053358106e-05,-1.93181494844152e-05,-2.01889791434989e-06
-0.332759726924765,-0.379440356259336,2.79986053358106e-05,-1.93181494844152e-05,-2.01889791434989e-06
-0.332731728319429,-0.37945967440882,3.02910982146187e-05,-1.03095585917146e-05,5.45501020855923e-07
-0.332731728319429,-0.37945967440882,3.02910982146187e-05,-1.03095585917146e-05,5.45501020855923e-07
-0.332701437221215,-0.379469983967412,3.25398342990169e-05,-4.51311276794542e-07,3.6736439693604e-06
-0.332701437221215,-0.379469983967412,3.25398342990169e-05,-4.51311276794542e-07,3.6736439693604e-06
-0.332668897386916,-0.379470435278689,3.47261551625344e-05,1.02828416170264e-05,6.6416892683665e-06
-0.332668897386916,-0.379470435278689,3.47261551625344e-05,1.02828416170264e-05,6.6416892683665e-06
-0.332634171231753,-0.379460152437072,3.68308748155965e-05,2.19162107154558e-05,9.06686428445502e-06
-0.332634171231753,-0.379460152437072,3.68308748155965e-05,2.19162107154558e-05,9.06686428445502e-06
-0.332597340356938,-0.379438236226356,3.88343919406897e-05,3.44690062115127e-05,1.09862614510382e-05
-0.332597340356938,-0.379438236226356,3.88343919406897e-05,3.44690062115127e-05,1.09862614510382e-05
-0.332558505964997,-0.379403767220145,4.07168087577237e-05,4.79581964836773e-05,1.25612250099262e-05
-0.332558505964997,-0.379403767220145,4.07168087577237e-05,4.79581964836773e-05,1.25612250099262e-05
-0.332517789156239,-0.379355809023661,4.24580560217103e-05,6.23973882008522e-05,1.39235407894346e-05
-0.332517789156239,-0.379355809023661,4.24580560217103e-05,6.23973882008522e-05,1.39235407894346e-05
-0.332475331100217,-0.37929341163546,4.40380236103599e-05,7.77967288647097e-05,1.51558671994998e-05
-0.332475331100217,-0.37929341163546,4.40380236103599e-05,7.77967288647097e-05,1.51558671994998e-05
-0.332431293076607,-0.379215614906595,4.54366960998542e-05,9.41628325315524e-05,1.63062243116817e-05
-0.332431293076607,-0.379215614906595,4.54366960998542e-05,9.41628325315524e-05,1.63062243116817e-05
-0.332385856380507,-0.379121452074064,4.66342926951913e-05,0.000111498729270298,1.74019202170309e-05
-0.332385856380507,-0.379121452074064,4.66342926951913e-05,0.000111498729270298,1.74019202170309e-05
-0.332339222087812,-0.379009953344794,4.76114108447501e-05,0.000129803838797737,1.84583071776164e-05
-0.332339222087812,-0.379009953344794,4.76114108447501e-05,0.000129803838797737,1.84583071776164e-05
-0.332291610676967,-0.378880149505996,4.83491728213159e-05,0.000149073968548297,1.94837917188298e-05
-0.332291610676967,-0.378880149505996,4.83491728213159e-05,0.000149073968548297,1.94837917188298e-05
-0.332243261504146,-0.378731075537448,4.8829374522108e-05,0.000169301336244765,2.04826650226629e-05
-0.332243261504146,-0.378731075537448,4.8829374522108e-05,0.000169301336244765,2.04826650226629e-05
-0.332194432129624,-0.378561774201203,4.90346356983862e-05,0.000190474616900693,2.1456727808598e-05
-0.332194432129624,-0.378561774201203,4.90346356983862e-05,0.000190474616900693,2.1456727808598e-05
-0.332145397493925,-0.378371299584302,4.89485508288201e-05,0.00021257901403382,2.2406248838184e-05
-0.332145397493925,-0.378371299584302,4.89485508288201e-05,0.00021257901403382,2.2406248838184e-05
-0.332096448943097,-0.378158720570268,4.85558397873564e-05,0.000235596354632439,2.33305484388174e-05
-0.332096448943097,-0.378158720570268,4.85558397873564e-05,0.000235596354632439,2.33305484388174e-05
-0.332047893103309,-0.377923124215636,4.78424974540426e-05,0.000259505207264865,2.42283656103559e-05
-0.332047893103309,-0.377923124215636,4.78424974540426e-05,0.000259505207264865,2.42283656103559e-05
-0.332000050605855,-0.377663619008371,4.67959413951724e-05,0.000284281022518873,2.50980967649906e-05
-0.332000050605855,-0.377663619008371,4.67959413951724e-05,0.000284281022518873,2.50980967649906e-05
-0.33195325466446,-0.377379337985852,4.54051567353453e-05,0.000309896294829692,2.59379561125664e-05
-0.33195325466446,-0.377379337985852,4.54051567353453e-05,0.000309896294829692,2.59379561125664e-05
-0.331907849507725,-0.377069441691022,4.36608373263758e-05,0.000336320744594498,2.67460867936156e-05
-0.331907849507725,-0.377069441691022,4.36608373263758e-05,0.000336320744594498,2.67460867936156e-05
-0.331864188670398,-0.376733120946428,4.15555223094444e-05,0.000363521519285759,2.7520640097157e-05
-0.331864188670398,-0.376733120946428,4.15555223094444e-05,0.000363521519285759,2.7520640097157e-05
-0.331822633148089,-0.376369599427142,3.90837271774247e-05,0.00039146341207702,2.82598334723373e-05
-0.331822633148089,-0.376369599427142,3.90837271774247e-05,0.00039146341207702,2.82598334723373e-05
-0.331783549420911,-0.375978136015065,3.62420684542619e-05,0.000420109096446131,2.89619939033443e-05
-0.331783549420911,-0.375978136015065,3.62420684542619e-05,0.000420109096446131,2.89619939033443e-05
-0.331747307352457,-0.375558026918619,3.3029381104388e-05,0.000449419375031734,2.96255908339001e-05
-0.331747307352457,-0.375558026918619,3.3029381104388e-05,0.000449419375031734,2.96255908339001e-05
-0.331714277971353,-0.375108607543587,2.94468278117521e-05,0.000479353440858199,3.02492614197542e-05
-0.331714277971353,-0.375108607543587,2.94468278117521e-05,0.000479353440858199,3.02492614197542e-05
-0.331684831143541,-0.374629254102729,2.5497999277202e-05,0.000509869148966891,3.08318299497265e-05
-0.331684831143541,-0.374629254102729,2.5497999277202e-05,0.000509869148966891,3.08318299497265e-05
-0.331659333144264,-0.374119384953762,2.11890047231988e-05,0.000540923296410423,3.13723226265268e-05
-0.331659333144264,-0.374119384953762,2.11890047231988e-05,0.000540923296410423,3.13723226265268e-05
-0.331638144139541,-0.373578461657352,1.6528551811501e-05,0.000572471908438676,3.18699786439e-05
-0.331638144139541,-0.373578461657352,1.6528551811501e-05,0.000572471908438676,3.18699786439e-05
-0.331621615587729,-0.373005989748913,1.15280152319097e-05,0.000604470528713263,3.23242580709155e-05
-0.331621615587729,-0.373005989748913,1.15280152319097e-05,0.000604470528713263,3.23242580709155e-05
-0.331610087572497,-0.3724015192202,6.2014932441512e-06,0.000636874511231789,3.27348470669893e-05
-0.331610087572497,-0.3724015192202,6.2014932441512e-06,0.000636874511231789,3.27348470669893e-05
-0.331603886079253,-0.371764644708968,5.65851515865745e-07,0.000669639311676407,3.31016607988182e-05
-0.331603886079253,-0.371764644708968,5.65851515865745e-07,0.000669639311676407,3.31016607988182e-05
-0.331603320227737,-0.371095005397292,-5.35924635886031e-06,0.000702720775905608,3.34248442901637e-05
-0.331603320227737,-0.371095005397292,-5.35924635886031e-06,0.000702720775905608,3.34248442901637e-05
-0.331608679474096,-0.370392284621386,-1.15513222131991e-05,0.00073607542325943,3.3704771479324e-05
-0.331608679474096,-0.370392284621386,-1.15513222131991e-05,0.00073607542325943,3.3704771479324e-05
-0.331620230796309,-0.369656209198127,-1.79850810355653e-05,0.000769660722408194,3.39420427027637e-05
-0.331620230796309,-0.369656209198127,-1.79850810355653e-05,0.000769660722408194,3.39420427027637e-05
-0.331638215877345,-0.368886548475718,-2.46324234801087e-05,0.000803435357528581,3.41374807990687e-05
-0.331638215877345,-0.368886548475718,-2.46324234801087e-05,0.000803435357528581,3.41374807990687e-05
-0.331662848300825,-0.36808311311819,-3.14624735260893e-05,0.000837359482660449,3.42921259965341e-05
-0.331662848300825,-0.36808311311819,-3.14624735260893e-05,0.000837359482660449,3.42921259965341e-05
-0.331694310774351,-0.367245753635529,-3.84416215816752e-05,0.000871394962170258,3.44072297895345e-05
-0.331694310774351,-0.367245753635529,-3.84416215816752e-05,0.000871394962170258,3.44072297895345e-05
-0.331732752395933,-0.366374358673359,-4.55335832231785e-05,0.000905505595394263,3.44842479580821e-05
-0.331732752395933,-0.366374358673359,-4.55335832231785e-05,0.000905505595394263,3.44842479580821e-05
-0.331778285979156,-0.365468853077965,-5.26994737006237e-05,0.000939657323660026,3.45248328508789e-05
-0.331778285979156,-0.365468853077965,-5.26994737006237e-05,0.000939657323660026,3.45248328508789e-05
-0.331830985452857,-0.364529195754305,-5.98978982543352e-05,0.000973818418005978,3.45308251138018e-05
-0.331830985452857,-0.364529195754305,-5.98978982543352e-05,0.000973818418005978,3.45308251138018e-05
-0.331890883351111,-0.363555377336299,-6.7085058197025e-05,0.00100795964613209,3.45042450175203e-05
-0.331890883351111,-0.363555377336299,-6.7085058197025e-05,0.00100795964613209,3.45042450175203e-05
-0.331957968409308,-0.362547417690167,-7.42148726249892e-05,0.00104205441733113,3.44472834361063e-05
-0.331957968409308,-0.362547417690167,-7.42148726249892e-05,0.00104205441733113,3.44472834361063e-05
-0.332032183281933,-0.361505363272836,-8.1239115528875e-05,0.00107607890429656,3.4362292655478e-05
-0.332032183281933,-0.361505363272836,-8.1239115528875e-05,0.00107607890429656,3.4362292655478e-05
-0.332113422397462,-0.360429284368539,-8.81075679941556e-05,0.00111001214100964,3.42517769633263e-05
-0.332113422397462,-0.360429284368539,-8.81075679941556e-05,0.00111001214100964,3.42517769633263e-05
-0.332201529965456,-0.359319272227529,-9.47681850845816e-05,0.00114383609602137,3.41183831740585e-05
-0.332201529965456,-0.359319272227529,-9.47681850845816e-05,0.00114383609602137,3.41183831740585e-05
-0.332296298150541,-0.358175436131508,-0.000101167276892744,0.00117753572079698,3.39648910808576e-05
-0.332296298150541,-0.358175436131508,-0.000101167276892744,0.00117753572079698,3.39648910808576e-05
-0.332397465427433,-0.356997900410711,-0.000107249703180046,0.00121109897301114,3.37942037865349e-05
-0.332397465427433,-0.356997900410711,-0.000107249703180046,0.00121109897301114,3.37942037865349e-05
-0.332504715130613,-0.3557868014377,-0.000112959080908415,0.00124451681489979,3.3609337895098e-05
-0.332504715130613,-0.3557868014377,-0.000112959080908415,0.00124451681489979,3.3609337895098e-05
-0.332617674211522,-0.3545422846228,-0.000118238003877891,0.00127778318705307,3.34134134855873e-05
-0.332617674211522,-0.3545422846228,-0.000118238003877891,0.00127778318705307,3.34134134855873e-05
-0.3327359122154,-0.353264501435747,-0.000123028273619097,0.00131089495827746,3.32096437397173e-05
-0.3327359122154,-0.353264501435747,-0.000123028273619097,0.00131089495827746,3.32096437397173e-05
-0.332858940489019,-0.35195360647747,-0.000127271140572704,0.00134385185237956,3.30013240373249e-05
-0.332858940489019,-0.35195360647747,-0.000127271140572704,0.00134385185237956,3.30013240373249e-05
-0.332986211629591,-0.35060975462509,-0.00013090755453149,0.0013766563529049,3.27918204056561e-05
-0.332986211629591,-0.35060975462509,-0.00013090755453149,0.0013766563529049,3.27918204056561e-05
-0.333117119184123,-0.349233098272185,-0.000133878423225875,0.00140931358713603,3.25845570223727e-05
-0.333117119184123,-0.349233098272185,-0.000133878423225875,0.00140931358713603,3.25845570223727e-05
-0.333250997607349,-0.347823784685049,-0.000136124877858856,0.00144183119074265,3.23830025650556e-05
-0.333250997607349,-0.347823784685049,-0.000136124877858856,0.00144183119074265,3.23830025650556e-05
-0.333387122485208,-0.346381953494306,-0.000137588544346756,0.00147421915465373,3.21906551754472e-05
-0.333387122485208,-0.346381953494306,-0.000137588544346756,0.00147421915465373,3.21906551754472e-05
-0.333524711029554,-0.344907734339653,-0.000138211818934253,0.00150648965586508,3.20110257350989e-05
-0.333524711029554,-0.344907734339653,-0.000138211818934253,0.00150648965586508,3.20110257350989e-05
-0.333662922848489,-0.343401244683788,-0.000137938146785366,0.00153865687394183,3.18476193409952e-05
-0.333662922848489,-0.343401244683788,-0.000137938146785366,0.00153865687394183,3.18476193409952e-05
-0.333800860995274,-0.341862587809846,-0.000136712302140019,0.00157073679517289,3.17039146532998e-05
-0.333800860995274,-0.341862587809846,-0.000136712302140019,0.00157073679517289,3.17039146532998e-05
-0.333937573297414,-0.340291851014673,-0.000134480668554759,0.001602747006271,3.1583340981805e-05
-0.333937573297414,-0.340291851014673,-0.000134480668554759,0.001602747006271,3.1583340981805e-05
-0.334072053965969,-0.338689104008402,-0.000131191517713514,0.00163470647957781,3.14892530599838e-05
-0.334072053965969,-0.338689104008402,-0.000131191517713514,0.00163470647957781,3.14892530599838e-05
-0.334203245483682,-0.337054397528824,-0.000126795285265158,0.0016666353518045,3.14249034165314e-05
-0.334203245483682,-0.337054397528824,-0.000126795285265158,0.0016666353518045,3.14249034165314e-05
-0.334330040768947,-0.33538776217702,-0.000121244842130941,0.00169855469827951,3.13934123711156e-05
-0.334330040768947,-0.33538776217702,-0.000121244842130941,0.00169855469827951,3.13934123711156e-05
-0.334451285611078,-0.33368920747874,-0.000114495759709732,0.00173048630463019,3.13977358270075e-05
-0.334451285611078,-0.33368920747874,-0.000114495759709732,0.00173048630463019,3.13977358270075e-05
-0.334565781370788,-0.33195872117411,-0.00010650656740091,0.00176245243781281,3.14406310732685e-05
-0.334565781370788,-0.33195872117411,-0.00010650656740091,0.00176245243781281,3.14406310732685e-05
-0.334672287938189,-0.330196268736297,-9.72390008940338e-05,0.00179447561830726,3.1524620962106e-05
-0.334672287938189,-0.330196268736297,-9.72390008940338e-05,0.00179447561830726,3.1524620962106e-05
-0.334769526939083,-0.32840179311799,-8.66582396828464e-05,0.00182657839522143,3.16519569776212e-05
-0.334769526939083,-0.32840179311799,-8.66582396828464e-05,0.00182657839522143,3.16519569776212e-05
-0.334856185178766,-0.326575214722768,-7.47331322900613e-05,0.00185878312599813,3.18245818049815e-05
-0.334856185178766,-0.326575214722768,-7.47331322900613e-05,0.00185878312599813,3.18245818049815e-05
-0.334930918311056,-0.32471643159677,-6.14364077151097e-05,0.00189111176232903,3.20440920634263e-05
-0.334930918311056,-0.32471643159677,-6.14364077151097e-05,0.00189111176232903,3.20440920634263e-05
-0.334992354718771,-0.322825319834441,-4.67448716872654e-05,0.00192358564372508,3.23117020755936e-05
-0.334992354718771,-0.322825319834441,-4.67448716872654e-05,0.00192358564372508,3.23117020755936e-05
-0.335039099590458,-0.320901734190716,-3.06395863493569e-05,0.001956225300141,3.26282095438985e-05
-0.335039099590458,-0.320901734190716,-3.06395863493569e-05,0.001956225300141,3.26282095438985e-05
-0.335069739176808,-0.318945508890575,-1.3106032085819e-05,0.00198905026491042,3.2993964067691e-05
-0.335069739176808,-0.318945508890575,-1.3106032085819e-05,0.00198905026491042,3.2993964067691e-05
-0.335082845208894,-0.316956458625665,5.86574972882836e-06,0.00202207889910955,3.34088395335191e-05
-0.335082845208894,-0.316956458625665,5.86574972882836e-06,0.00202207889910955,3.34088395335191e-05
-0.335076979459165,-0.314934379726555,2.62810341865038e-05,0.00205532822839721,3.38722113693009e-05
-0.335076979459165,-0.314934379726555,2.62810341865038e-05,0.00205532822839721,3.38722113693009e-05
-0.335050698424978,-0.312879051498158,4.81403115321077e-05,0.00208881379327375,3.43829395440223e-05
-0.335050698424978,-0.312879051498158,4.81403115321077e-05,0.00208881379327375,3.43829395440223e-05
-0.335002558113446,-0.310790237704884,7.14392079974591e-05,0.00212254951353291,3.49393581966129e-05
-0.335002558113446,-0.310790237704884,7.14392079974591e-05,0.00212254951353291,3.49393581966129e-05
-0.334931118905449,-0.308667688191351,9.6168429593646e-05,0.00215654756760092,3.55392726438409e-05
-0.334931118905449,-0.308667688191351,9.6168429593646e-05,0.00215654756760092,3.55392726438409e-05
-0.334834950475855,-0.30651114062375,0.000122313729533752,0.00219081828737011,3.61799641932742e-05
-0.334834950475855,-0.30651114062375,0.000122313729533752,0.00219081828737011,3.61799641932742e-05
-0.334712636746321,-0.30432032233638,0.00014985589983052,0.00222537006888918,3.68582032605636e-05
-0.334712636746321,-0.30432032233638,0.00014985589983052,0.00222537006888918,3.68582032605636e-05
-0.334562780846491,-0.302094952267491,0.000178770787472526,0.00226020929929616,3.75702708086353e-05
-0.334562780846491,-0.302094952267491,0.000178770787472526,0.00226020929929616,3.75702708086353e-05
-0.334384010059018,-0.299834742968195,0.000209029335448641,0.0022953403001435,3.83119880382498e-05
-0.334384010059018,-0.299834742968195,0.000209029335448641,0.0022953403001435,3.83119880382498e-05
-0.33417498072357,-0.297539402668051,0.000240597648727803,0.00233076528717724,3.90787539666544e-05
-0.33417498072357,-0.297539402668051,0.000240597648727803,0.00233076528717724,3.90787539666544e-05
-0.333934383074842,-0.295208637380874,0.000273437085146266,0.00236648434649367,3.98655903105219e-05
-0.333934383074842,-0.295208637380874,0.000273437085146266,0.00236648434649367,3.98655903105219e-05
-0.333660945989695,-0.292842153034381,0.000307504371016398,0.00240249542687004,4.0667192867471e-05
-0.333660945989695,-0.292842153034381,0.000307504371016398,0.00240249542687004,4.0667192867471e-05
-0.333353441618679,-0.290439657607511,0.000342751741105318,0.00243879434793548,4.14779883701599e-05
-0.333353441618679,-0.290439657607511,0.000342751741105318,0.00243879434793548,4.14779883701599e-05
-0.333010689877574,-0.288000863259575,0.000379127102464405,0.00247537482368748,4.22921956872093e-05
-0.333010689877574,-0.288000863259575,0.000379127102464405,0.00247537482368748,4.22921956872093e-05
-0.332631562775109,-0.285525488435888,0.00041657422143182,0.00251222850075178,4.31038901309495e-05
-0.332631562775109,-0.285525488435888,0.00041657422143182,0.00251222850075178,4.31038901309495e-05
-0.332214988553678,-0.283013259935136,0.000455032932997257,0.00254934501066789,4.39070695293971e-05
-0.332214988553678,-0.283013259935136,0.000455032932997257,0.00254934501066789,4.39070695293971e-05
-0.33175995562068,-0.280463914924468,0.000494439371534205,0.00258671203533728,4.469572082104e-05
-0.33175995562068,-0.280463914924468,0.000494439371534205,0.00258671203533728,4.469572082104e-05
-0.331265516249146,-0.277877202889131,0.000534726221786352,0.00262431538473817,4.54638858067946e-05
-0.331265516249146,-0.277877202889131,0.000534726221786352,0.00262431538473817,4.54638858067946e-05
-0.33073079002736,-0.275252887504392,0.000575822988824248,0.00266213908583612,4.62057248836866e-05
-0.33073079002736,-0.275252887504392,0.000575822988824248,0.00266213908583612,4.62057248836866e-05
-0.330154967038535,-0.272590748418556,0.000617656285583079,0.00270016548156043,4.69155776694507e-05
-0.330154967038535,-0.272590748418556,0.000617656285583079,0.00270016548156043,4.69155776694507e-05
-0.329537310752952,-0.269890582936996,0.000660150136446158,0.00273837533865245,4.75880196127015e-05
-0.329537310752952,-0.269890582936996,0.000660150136446158,0.00273837533865245,4.75880196127015e-05
-0.328877160616506,-0.267152207598343,0.000703226295231119,0.00277674796318494,4.82179137462472e-05
-0.328877160616506,-0.267152207598343,0.000703226295231119,0.00277674796318494,4.82179137462472e-05
-0.328173934321275,-0.264375459635158,0.000746804575832039,0.00281526132246479,4.88004569706509e-05
-0.328173934321275,-0.264375459635158,0.000746804575832039,0.00281526132246479,4.88004569706509e-05
-0.327427129745443,-0.261560198312694,0.000790803193658096,0.00285389217202892,4.93312204484673e-05
-0.327427129745443,-0.261560198312694,0.000790803193658096,0.00285389217202892,4.93312204484673e-05
-0.326636326551785,-0.258706306140665,0.00083513911596983,0.00289261618646652,4.98061838315419e-05
-0.326636326551785,-0.258706306140665,0.00083513911596983,0.00289261618646652,4.98061838315419e-05
-0.325801187435815,-0.255813689954198,0.000879728419117154,0.00293140809283415,5.02217631021254e-05
-0.325801187435815,-0.255813689954198,0.000879728419117154,0.00293140809283415,5.02217631021254e-05
-0.324921459016698,-0.252882281861364,0.00092448665063799,0.00297024180537045,5.0574832081215e-05
-0.324921459016698,-0.252882281861364,0.00092448665063799,0.00297024180537045,5.0574832081215e-05
-0.32399697236606,-0.249912040055994,0.000969329194159541,0.00300909056030516,5.08627377213706e-05
-0.32399697236606,-0.249912040055994,0.000969329194159541,0.00300909056030516,5.08627377213706e-05
-0.3230276431719,-0.246902949495688,0.00101417163499906,0.00304792704961115,5.10833094054344e-05
-0.3230276431719,-0.246902949495688,0.00101417163499906,0.00304792704961115,5.10833094054344e-05
-0.322013471536901,-0.243855022446077,0.00105893012440089,0.00308672355259537,5.12348625782747e-05
-0.322013471536901,-0.243855022446077,0.00105893012440089,0.00308672355259537,5.12348625782747e-05
-0.320954541412501,-0.240768298893482,0.0011035217403354,0.00312545206432582,5.13161970445309e-05
-0.320954541412501,-0.240768298893482,0.0011035217403354,0.00312545206432582,5.13161970445309e-05
-0.319851019672165,-0.237642846829156,0.00114786484282065,0.00316408441993318,5.13265903462493e-05
-0.319851019672165,-0.237642846829156,0.00114786484282065,0.00316408441993318,5.13265903462493e-05
-0.318703154829344,-0.234478762409223,0.00119187942178739,0.003202592413906,5.12657866711566e-05
-0.318703154829344,-0.234478762409223,0.00119187942178739,0.003202592413906,5.12657866711566e-05
-0.317511275407557,-0.231276169995317,0.00123548743557583,0.00324094791359403,5.11339817688881e-05
-0.317511275407557,-0.231276169995317,0.00123548743557583,0.00324094791359403,5.11339817688881e-05
-0.316275787971981,-0.228035222081723,0.00127861313822669,0.00327912296624741,5.09318042911993e-05
-0.316275787971981,-0.228035222081723,0.00127861313822669,0.00327912296624741,5.09318042911993e-05
-0.314997174833755,-0.224756099115476,0.00132118339381748,0.0033170898989644,5.06602940515701e-05
-0.314997174833755,-0.224756099115476,0.00132118339381748,0.0033170898989644,5.06602940515701e-05
-0.313675991439937,-0.221439009216511,0.00136312797621707,0.00335482141104701,5.03208777129982e-05
-0.313675991439937,-0.221439009216511,0.00136312797621707,0.00335482141104701,5.03208777129982e-05
-0.31231286346372,-0.218084187805464,0.0014043798527329,0.00339229065843008,4.9915342217093e-05
-0.31231286346372,-0.218084187805464,0.0014043798527329,0.00339229065843008,4.9915342217093e-05
-0.310908483610987,-0.214691897147034,0.00144487545025129,0.00342947132981597,4.9445806497809e-05
-0.310908483610987,-0.214691897147034,0.00144487545025129,0.00342947132981597,4.9445806497809e-05
-0.309463608160736,-0.211262425817218,0.00148455490259808,0.00346633771438423,4.89146917773435e-05
-0.309463608160736,-0.211262425817218,0.00148455490259808,0.00346633771438423,4.89146917773435e-05
-0.307979053258138,-0.207796088102834,0.00152336227796668,0.00350286476094527,4.83246908359212e-05
-0.307979053258138,-0.207796088102834,0.00152336227796668,0.00350286476094527,4.83246908359212e-05
-0.306455690980171,-0.204293223341889,0.00156124578540179,0.00353902812852361,4.76787365924687e-05
-0.306455690980171,-0.204293223341889,0.00156124578540179,0.00353902812852361,4.76787365924687e-05
-0.304894445194769,-0.200754195213365,0.0015981579594474,0.00357480422844586,4.69799703357978e-05
-0.304894445194769,-0.200754195213365,0.0015981579594474,0.00357480422844586,4.69799703357978e-05
-0.303296287235322,-0.197179390984919,0.00163405582221293,0.00361017025811311,4.62317098311729e-05
-0.303296287235322,-0.197179390984919,0.00163405582221293,0.00361017025811311,4.62317098311729e-05
-0.301662231413109,-0.193569220726806,0.00166890102222322,0.00364510422665099,4.54374176045748e-05
-0.301662231413109,-0.193569220726806,0.00166890102222322,0.00364510422665099,4.54374176045748e-05
-0.299993330390886,-0.189924116500155,0.00170265994954688,0.00367958497274049,4.46006696470944e-05
-0.299993330390886,-0.189924116500155,0.00170265994954688,0.00367958497274049,4.46006696470944e-05
-0.298290670441339,-0.186244531527414,0.00173530382683645,0.00371359217498846,4.37251247148484e-05
-0.298290670441339,-0.186244531527414,0.00173530382683645,0.00371359217498846,4.37251247148484e-05
-0.296555366614502,-0.182530939352426,0.00176680877601859,0.00374710635520864,4.28144944778792e-05
-0.296555366614502,-0.182530939352426,0.00176680877601859,0.00374710635520864,4.28144944778792e-05
-0.294788557838484,-0.178783832997217,0.0017971558605252,0.00378010887507255,4.18725147194555e-05
-0.294788557838484,-0.178783832997217,0.0017971558605252,0.00378010887507255,4.18725147194555e-05
-0.292991401977959,-0.175003724122145,0.00182633110305797,0.00381258192665579,4.09029176953761e-05
-0.292991401977959,-0.175003724122145,0.00182633110305797,0.00381258192665579,4.09029176953761e-05
-0.291165070874901,-0.171191142195489,0.00185432547900799,0.00384450851736734,3.99094058766824e-05
-0.291165070874901,-0.171191142195489,0.00185432547900799,0.00384450851736734,3.99094058766824e-05
-0.289310745395893,-0.167346633678122,0.00188113488578928,0.00387587244984189,3.889562717931e-05
-0.289310745395893,-0.167346633678122,0.00188113488578928,0.00387587244984189,3.889562717931e-05
-0.287429610510103,-0.16347076122828,0.00190676008843704,0.00390665829736569,3.78651518387211e-05
-0.287429610510103,-0.16347076122828,0.00190676008843704,0.00390665829736569,3.78651518387211e-05
-0.285522850421666,-0.159564102930914,0.00193120664197288,0.00393685137543703,3.68214509815371e-05
-0.285522850421666,-0.159564102930914,0.00193120664197288,0.00393685137543703,3.68214509815371e-05
-0.283591643779693,-0.155627251555477,0.00195448479115518,0.0039664377100001,3.57678770293015e-05
-0.283591643779693,-0.155627251555477,0.00195448479115518,0.0039664377100001,3.57678770293015e-05
-0.281637158988538,-0.151660813845477,0.0019766093483426,0.00399540400293338,3.47076460354917e-05
-0.281637158988538,-0.151660813845477,0.0019766093483426,0.00399540400293338,3.47076460354917e-05
-0.279660549640196,-0.147665409842544,0.00199759955033291,0.00402373759537555,3.36438219925928e-05
-0.279660549640196,-0.147665409842544,0.00199759955033291,0.00402373759537555,3.36438219925928e-05
-0.277662950089863,-0.143641672247168,0.00201747889513243,0.00405142642943276,3.25793031895434e-05
-0.277662950089863,-0.143641672247168,0.00201747889513243,0.00405142642943276,3.25793031895434e-05
-0.27564547119473,-0.139590245817735,0.00203627495973496,0.00407845900881648,3.15168106227812e-05
-0.27564547119473,-0.139590245817735,0.00203627495973496,0.00407845900881648,3.15168106227812e-05
-0.273609196234995,-0.135511786808919,0.00205401920008874,0.00410482435890419,3.04588784674513e-05
-0.273609196234995,-0.135511786808919,0.00205401920008874,0.00410482435890419,3.04588784674513e-05
-0.271555177034907,-0.131406962450015,0.00207074673451674,0.00413051198668127,2.94078466529044e-05
-0.271555177034907,-0.131406962450015,0.00207074673451674,0.00413051198668127,2.94078466529044e-05
-0.26948443030039,-0.127276450463333,0.00208649611195033,0.00415551184104006,2.83658555305238e-05
-0.26948443030039,-0.127276450463333,0.00208649611195033,0.00415551184104006,2.83658555305238e-05
-0.26739793418844,-0.123120938622293,0.00210130906640288,0.00417981427389562,2.73348425370943e-05
-0.26739793418844,-0.123120938622293,0.00210130906640288,0.00417981427389562,2.73348425370943e-05
-0.265296625122037,-0.118941124348398,0.0021152302591847,0.00420341000247619,2.63165408036573e-05
-0.265296625122037,-0.118941124348398,0.0021152302591847,0.00420341000247619,2.63165408036573e-05
-0.263181394862852,-0.114737714345921,0.00212830701041489,0.00422629007312243,2.53124797168257e-05
-0.263181394862852,-0.114737714345921,0.00212830701041489,0.00422629007312243,2.53124797168257e-05
-0.261053087852437,-0.110511424272799,0.00214058902142739,0.00424844582698965,2.4323987270051e-05
-0.261053087852437,-0.110511424272799,0.00214058902142739,0.00424844582698965,2.4323987270051e-05
-0.25891249883101,-0.106262978445809,0.00215212808972692,0.00426986886792328,2.33521940430203e-05
-0.25891249883101,-0.106262978445809,0.00215212808972692,0.00426986886792328,2.33521940430203e-05
-0.256760370741283,-0.101993109577886,0.0021629778181545,0.00429055103269499,2.23980387653857e-05
-0.256760370741283,-0.101993109577886,0.0021629778181545,0.00429055103269499,2.23980387653857e-05
-0.254597392923128,-0.0977025585451911,0.00217319331996324,0.00431048436382848,2.14622753146269e-05
-0.254597392923128,-0.0977025585451911,0.00217319331996324,0.00431048436382848,2.14622753146269e-05
-0.252424199603165,-0.0933920741813627,0.00218283092149091,0.00432966108520597,2.05454809835675e-05
-0.252424199603165,-0.0933920741813627,0.00218283092149091,0.00432966108520597,2.05454809835675e-05
-0.250241368681674,-0.0890624130961567,0.00219194786415017,0.00434807358057425,1.96480658198623e-05
-0.250241368681674,-0.0890624130961567,0.00219194786415017,0.00434807358057425,1.96480658198623e-05
-0.248049420817524,-0.0847143395155824,0.0022006020074023,0.00436571437501326,1.87702829107916e-05
-0.248049420817524,-0.0847143395155824,0.0022006020074023,0.00436571437501326,1.87702829107916e-05
-0.245848818810122,-0.0803486251405692,0.00220885153439188,0.00438257611942219,1.79122394876842e-05
-0.245848818810122,-0.0803486251405692,0.00220885153439188,0.00438257611942219,1.79122394876842e-05
-0.24363996727573,-0.075966049021147,0.00221675466186941,0.0043986515781053,1.7073908573589e-05
-0.24363996727573,-0.075966049021147,0.00221675466186941,0.0043986515781053,1.7073908573589e-05
-0.24142321261386,-0.0715673974430417,0.00222436935598136,0.00441393361939457,1.62551410301665e-05
-0.24142321261386,-0.0715673974430417,0.00222436935598136,0.00441393361939457,1.62551410301665e-05
-0.239198843257879,-0.0671534638236471,0.00223175305546386,0.00442841520924349,1.54556778190285e-05
-0.239198843257879,-0.0671534638236471,0.00223175305546386,0.00442841520924349,1.54556778190285e-05
-0.236967090202415,-0.0627250486144036,0.00223896240366914,0.00444208940770347,1.46751623123585e-05
-0.236967090202415,-0.0627250486144036,0.00223896240366914,0.00444208940770347,1.46751623123585e-05
-0.234728127798746,-0.0582829592067001,0.00224605299080677,0.00445494936815395,1.39131525176825e-05
-0.234728127798746,-0.0582829592067001,0.00224605299080677,0.00445494936815395,1.39131525176825e-05
-0.232482074807939,-0.0538280098385462,0.00225307910768227,0.00446698833916508,1.31691330391877e-05
-0.232482074807939,-0.0538280098385462,0.00225307910768227,0.00446698833916508,1.31691330391877e-05
-0.230228995700257,-0.0493610214993811,0.00226009351212736,0.00447819966881298,1.24425266393013e-05
-0.230228995700257,-0.0493610214993811,0.00226009351212736,0.00447819966881298,1.24425266393013e-05
-0.22796890218813,-0.0448828218305681,0.00226714720918433,0.00448857681126078,1.17327052804707e-05
-0.22796890218813,-0.0448828218305681,0.00226714720918433,0.00448857681126078,1.17327052804707e-05
-0.225701754978945,-0.0403942450193073,0.00227428924603482,0.00449811333538323,1.10390005602949e-05
-0.225701754978945,-0.0403942450193073,0.00227428924603482,0.00449811333538323,1.10390005602949e-05
-0.22342746573291,-0.0358961316839241,0.00228156652252126,0.0045068029352307,1.03607134466516e-05
-0.22342746573291,-0.0358961316839241,0.00228156652252126,0.0045068029352307,1.03607134466516e-05
-0.221145899210389,-0.0313893287486934,0.00228902361802336,0.0045146394420925,9.6971232458826e-06
-0.221145899210389,-0.0313893287486934,0.00228902361802336,0.0045146394420925,9.6971232458826e-06
-0.218856875592366,-0.0268746893066009,0.00229670263531526,0.00452161683791866,9.04749576075524e-06
-0.218856875592366,-0.0268746893066009,0.00229670263531526,0.00452161683791866,9.04749576075524e-06
-0.216560172957051,-0.0223530724686823,0.00230464306192177,0.00452772926985175,8.41109065616037e-06
-0.216560172957051,-0.0223530724686823,0.00230464306192177,0.00452772926985175,8.41109065616037e-06
-0.214255529895129,-0.0178253431988305,0.00231288164938956,0.00453297106565948,7.78716798729637e-06
-0.214255529895129,-0.0178253431988305,0.00231288164938956,0.00453297106565948,7.78716798729637e-06
-0.211942648245739,-0.013292372133171,0.00232145231074279,0.00453733674983275,7.17499392433561e-06
-0.211942648245739,-0.013292372133171,0.00232145231074279,0.00453733674983275,7.17499392433561e-06
-0.209621195934996,-0.00875503538333829,0.00233038603631508,0.00454082106012441,6.57384567981801e-06
-0.209621195934996,-0.00875503538333829,0.00233038603631508,0.00454082106012441,6.57384567981801e-06
-0.207290809898681,-0.00421421432321387,0.00233971082800674,0.00454341896430305,5.9830157195925e-06
-0.207290809898681,-0.00421421432321387,0.00233971082800674,0.00454341896430305,5.9830157195925e-06
-0.204951099070675,0.000329204641089172,0.00234945165192174,0.00454512567694063,5.4018153357498e-06
-0.204951099070675,0.000329204641089172,0.00234945165192174,0.00454512567694063,5.4018153357498e-06
-0.202601647418753,0.0048743303180298,0.00235963040922188,0.00454593667609705,4.82957761028212e-06
-0.202601647418753,0.0048743303180298,0.00235963040922188,0.00454593667609705,4.82957761028212e-06
-0.200242017009531,0.00942026699412686,0.00237026592492259,0.00454584771974235,4.26565988131174e-06
-0.200242017009531,0.00942026699412686,0.00237026592492259,0.00454584771974235,4.26565988131174e-06
-0.197871751084608,0.0139661147138692,0.00238137395425739,0.00454485486181589,3.70944578521187e-06
-0.197871751084608,0.0139661147138692,0.00238137395425739,0.00454485486181589,3.70944578521187e-06
-0.195490377130351,0.0185109695756851,0.00239296720612481,0.00454295446784236,3.16034700096821e-06
-0.195490377130351,0.0185109695756851,0.00239296720612481,0.00454295446784236,3.16034700096821e-06
-0.193097409924226,0.0230539240435275,0.0024050553830412,0.00454014323009367,2.61780471681045e-06
-0.193097409924226,0.0230539240435275,0.0024050553830412,0.00454014323009367,2.61780471681045e-06
-0.190692354541185,0.0275940672736211,0.00241764523692825,0.00453641818223963,2.08129094148978e-06
-0.190692354541185,0.0275940672736211,0.00241764523692825,0.00453641818223963,2.08129094148978e-06
-0.188274709304257,0.0321304854558608,0.00243074063999854,0.00453177671348987,1.55030979978946e-06
-0.188274709304257,0.0321304854558608,0.00243074063999854,0.00453177671348987,1.55030979978946e-06
-0.185843968664258,0.0366622621693506,0.00244434266991192,0.00452621658232908,1.02439877082677e-06
-0.185843968664258,0.0366622621693506,0.00244434266991192,0.00452621658232908,1.02439877082677e-06
-0.183399625994346,0.0411884787516797,0.00245844970829392,0.00451973592984781,5.03130046606085e-07
-0.183399625994346,0.0411884787516797,0.00245844970829392,0.00451973592984781,5.03130046606085e-07
-0.180941176286052,0.0457082146815275,0.00247305755168181,0.00451233329280013,-1.38879921833535e-08
-0.180941176286052,0.0457082146815275,0.00247305755168181,0.00451233329280013,-1.38879921833535e-08
-0.178468118734371,0.0502205479743277,0.00248815953389211,0.00450400761648158,-5.27009123261341e-07
-0.178468118734371,0.0502205479743277,0.00248815953389211,0.00450400761648158,-5.27009123261341e-07
-0.175979959200478,0.0547245555908092,0.00250374665875883,0.00449475826755367,-1.0365474519174e-06
-0.175979959200478,0.0547245555908092,0.00250374665875883,0.00449475826755367,-1.0365474519174e-06
-0.17347621254172,0.0592193138583629,0.00251980774215671,0.0044845850469158,-1.54277530577205e-06
-0.17347621254172,0.0592193138583629,0.00251980774215671,0.0044845850469158,-1.54277530577205e-06
-0.170956404799563,0.0637038989052787,0.00253632956219396,0.00447348820282237,-2.04592094196591e-06
-0.170956404799563,0.0637038989052787,0.00253632956219396,0.00447348820282237,-2.04592094196591e-06
-0.168420075237369,0.0681773871081011,0.00255329701643839,0.00446146844433989,-2.54616603405193e-06
-0.168420075237369,0.0681773871081011,0.00255329701643839,0.00446146844433989,-2.54616603405193e-06
-0.165866778220931,0.072638855552441,0.00257069328501761,0.00444852695528983,-3.04364295768567e-06
-0.165866778220931,0.072638855552441,0.00257069328501761,0.00444852695528983,-3.04364295768567e-06
-0.163296084935913,0.0770873825077308,0.00258849999842947,0.00443466540881796,-3.53843190640125e-06
-0.163296084935913,0.0770873825077308,0.00258849999842947,0.00443466540881796,-3.53843190640125e-06
-0.160707584937484,0.0815220479165488,0.00260669740887584,0.00441988598273831,-4.03055788837821e-06
-0.160707584937484,0.0815220479165488,0.00260669740887584,0.00441988598273831,-4.03055788837821e-06
-0.158100887528608,0.0859419338992871,0.00262526456396464,0.00440419137576487,-4.51998765907749e-06
-0.158100887528608,0.0859419338992871,0.00262526456396464,0.00440419137576487,-4.51998765907749e-06
-0.155475622964643,0.0903461252750519,0.00264417948161944,0.00438758482473874,-5.00662666466384e-06
-0.155475622964643,0.0903461252750519,0.00264417948161944,0.00438758482473874,-5.00662666466384e-06
-0.152831443483024,0.0947337100997907,0.00266341932506337,0.00437007012292029,-5.49031606280649e-06
-0.152831443483024,0.0947337100997907,0.00266341932506337,0.00437007012292029,-5.49031606280649e-06
-0.15016802415796,0.0991037802227109,0.00268296057675416,0.00435165163940694,-5.97082984611641e-06
-0.15016802415796,0.0991037802227109,0.00268296057675416,0.00435165163940694,-5.97082984611641e-06
-0.147485063581206,0.103455431862118,0.00270277921018555,0.00433233433976739,-6.44787221648624e-06
-0.147485063581206,0.103455431862118,0.00270277921018555,0.00433233433976739,-6.44787221648624e-06
-0.144782284371021,0.107787766201885,0.00272285085851018,0.00431212380787437,-6.92107524853658e-06
-0.144782284371021,0.107787766201885,0.00272285085851018,0.00431212380787437,-6.92107524853658e-06
-0.14205943351251,0.11209989000976,0.00274315097898495,0.00429102626893722,-7.38999694494761e-06
-0.14205943351251,0.11209989000976,0.00274315097898495,0.00429102626893722,-7.38999694494761e-06
-0.139316282533525,0.116390916278697,0.00276365501226902,0.00426904861369247,-7.85411973398212e-06
-0.139316282533525,0.116390916278697,0.00276365501226902,0.00426904861369247,-7.85411973398212e-06
-0.136552627521256,0.120659964892389,0.00278433853565732,0.00424619842371542,-8.31284952899306e-06
-0.136552627521256,0.120659964892389,0.00278433853565732,0.00424619842371542,-8.31284952899306e-06
-0.133768288985599,0.124906163316105,0.00280517740939229,0.00422248399773333,-8.76551538786519e-06
-0.133768288985599,0.124906163316105,0.00280517740939229,0.00422248399773333,-8.76551538786519e-06
-0.130963111576207,0.129128647313838,0.00282614791524299,0.00419791437884084,-9.21136985011697e-06
-0.130963111576207,0.129128647313838,0.00282614791524299,0.00419791437884084,-9.21136985011697e-06
-0.128136963660964,0.133326561692679,0.00284722688661113,0.00417249938247299,-9.64959003199768e-06
-0.128136963660964,0.133326561692679,0.00284722688661113,0.00417249938247299,-9.64959003199768e-06
-0.125289736774353,0.137499061075152,0.00286839182948265,0.00414624962494403,-1.00792794839582e-05
-0.125289736774353,0.137499061075152,0.00286839182948265,0.00414624962494403,-1.00792794839582e-05
-0.12242134494487,0.141645310700096,0.00288962103363144,0.00411917655237978,-1.04994709384182e-05
-0.12242134494487,0.141645310700096,0.00288962103363144,0.00411917655237978,-1.04994709384182e-05
-0.119531723911239,0.145764487252476,0.00291089367351419,0.00409129246977122,-1.09091299103142e-05
-0.119531723911239,0.145764487252476,0.00291089367351419,0.00409129246977122,-1.09091299103142e-05
-0.116620830237724,0.149855779722247,0.002932189898409,0.00406261056991422,-1.13071592134223e-05
-0.116620830237724,0.149855779722247,0.002932189898409,0.00406261056991422,-1.13071592134223e-05
-0.113688640339315,0.153918390292161,0.00295349091141542,0.00403314496193971,-1.16924044398425e-05
-0.113688640339315,0.153918390292161,0.00295349091141542,0.00403314496193971,-1.16924044398425e-05
-0.1107351494279,0.157951535254101,0.00297477903700935,0.00400291069907807,-1.20636603329269e-05
-0.1107351494279,0.157951535254101,0.00297477903700935,0.00400291069907807,-1.20636603329269e-05
-0.107760370390891,0.161954445953179,0.00299603777695623,0.00397192380535094,-1.24196780960191e-05
-0.107760370390891,0.161954445953179,0.00299603777695623,0.00397192380535094,-1.24196780960191e-05
-0.104764332613934,0.16592636975853,0.00301725185441987,0.00394020130083922,-1.27591736385768e-05
-0.104764332613934,0.16592636975853,0.00301725185441987,0.00394020130083922,-1.27591736385768e-05
-0.101747080759515,0.169866571059369,0.00303840724623061,0.00390776122510281,-1.30808367021793e-05
-0.101747080759515,0.169866571059369,0.00303840724623061,0.00390776122510281,-1.30808367021793e-05
-0.0987086735132839,0.173774332284472,0.00305949120334742,0.00387462265835503,-1.33833408556558e-05
-0.0987086735132839,0.173774332284472,0.00305949120334742,0.00387462265835503,-1.33833408556558e-05
-0.0956491823099365,0.177648954942827,0.00308049225960999,0.00384080573996023,-1.36653542956106e-05
-0.0956491823099365,0.177648954942827,0.00308049225960999,0.00384080573996023,-1.36653542956106e-05
-0.0925686900503265,0.181489760682787,0.0031014002289772,0.00380633168381286,-1.39255513773862e-05
-0.0925686900503265,0.181489760682787,0.0031014002289772,0.00380633168381286,-1.39255513773862e-05
-0.0894672898213493,0.1852960923666,0.00312220619151196,0.00377122279017605,-1.41626248517726e-05
-0.0894672898213493,0.1852960923666,0.00312220619151196,0.00377122279017605,-1.41626248517726e-05
-0.0863450836298373,0.189067315156776,0.00314290246845483,0.0037355024534855,-1.43752986643958e-05
-0.0863450836298373,0.189067315156776,0.00314290246845483,0.0037355024534855,-1.43752986643958e-05
-0.0832021811613825,0.192802817610262,0.00316348258680683,0.0036991951656932,-1.45623412827582e-05
-0.0832021811613825,0.192802817610262,0.00316348258680683,0.0036991951656932,-1.45623412827582e-05
-0.0800386985745757,0.196502012775955,0.00318394123389965,0.00366232651465878,-1.47225793634609e-05
-0.0800386985745757,0.196502012775955,0.00318394123389965,0.00366232651465878,-1.47225793634609e-05
-0.076854757340676,0.200164339290614,0.00320427420249918,0.0036249231772065,-1.48549117561427e-05
-0.076854757340676,0.200164339290614,0.00320427420249918,0.0036249231772065,-1.48549117561427e-05
-0.0736504831381768,0.20378926246782,0.00322447832705719,0.00358701290632038,-1.49583235849165e-05
-0.0736504831381768,0.20378926246782,0.00322447832705719,0.00358701290632038,-1.49583235849165e-05
-0.0704260048111196,0.20737627537414,0.0032445514117725,0.00354862451214627,-1.50319003599337e-05
-0.0704260048111196,0.20737627537414,0.0032445514117725,0.00354862451214627,-1.50319003599337e-05
-0.0671814533993471,0.210924899886287,0.00326449215116237,0.00350978783638323,-1.5074841928431e-05
-0.0671814533993471,0.210924899886287,0.00326449215116237,0.00350978783638323,-1.5074841928431e-05
-0.0639169612481848,0.21443468772267,0.00328430004390866,0.00347053371971454,-1.50864761300044e-05
-0.0639169612481848,0.21443468772267,0.00328430004390866,0.00347053371971454,-1.50864761300044e-05
-0.0606326612042761,0.217905221442385,0.00330397530076703,0.00343089396194857,-1.5066271953702e-05
-0.0606326612042761,0.217905221442385,0.00330397530076703,0.00343089396194857,-1.5066271953702e-05
-0.0573286859035091,0.221336115404333,0.00332351874735224,0.00339090127464167,-1.50138520362457e-05
-0.0573286859035091,0.221336115404333,0.00332351874735224,0.00339090127464167,-1.50138520362457e-05
-0.0540051671561568,0.224727016678975,0.00334293172265508,0.00335058922599832,-1.49290043400165e-05
-0.0540051671561568,0.224727016678975,0.00334293172265508,0.00335058922599832,-1.49290043400165e-05
-0.0506622354335018,0.228077605904973,0.0033622159741708,0.00330999217787625,-1.48116928239605e-05
-0.0506622354335018,0.228077605904973,0.0033622159741708,0.00330999217787625,-1.48116928239605e-05
-0.047300019459331,0.231387598082849,0.00338137355052217,0.00326914521481012,-1.46620669423669e-05
-0.047300019459331,0.231387598082849,0.00338137355052217,0.00326914521481012,-1.46620669423669e-05
-0.0439186459088088,0.234656743297659,0.00340040669247469,0.00322808406501182,-1.44804697961246e-05
-0.0439186459088088,0.234656743297659,0.00340040669247469,0.00322808406501182,-1.44804697961246e-05
-0.0405182392163341,0.237884827362671,0.00341931772324055,0.00318684501338348,-1.4267444745324e-05
-0.0405182392163341,0.237884827362671,0.00341931772324055,0.00318684501338348,-1.4267444745324e-05
-0.0370989214930936,0.241071672376055,0.00343810893897842,0.00314546480667499,-1.40237403686754e-05
-0.0370989214930936,0.241071672376055,0.00343810893897842,0.00314546480667499,-1.40237403686754e-05
-0.0336608125541151,0.24421713718273,0.00345678250037779,0.00310398055094507,-1.375031359265e-05
-0.0336608125541151,0.24421713718273,0.00345678250037779,0.00310398055094507,-1.375031359265e-05
-0.0302040300537373,0.247321117733675,0.00347534032619864,0.00306242960161776,-1.34483308742621e-05
-0.0302040300537373,0.247321117733675,0.00347534032619864,0.00306242960161776,-1.34483308742621e-05
-0.0267286897275387,0.250383547335293,0.00349378398962444,0.00302084944648712,-1.31191673612271e-05
-0.0267286897275387,0.250383547335293,0.00349378398962444,0.00302084944648712,-1.31191673612271e-05
-0.0232349057379143,0.25340439678178,0.00351211461827237,0.00297927758204797,-1.27644038867454e-05
-0.0232349057379143,0.25340439678178,0.00351211461827237,0.00297927758204797,-1.27644038867454e-05
-0.0197227911196419,0.256383674363828,0.00353033279866046,0.00293775138372027,-1.23858218048388e-05
-0.0197227911196419,0.256383674363828,0.00353033279866046,0.00293775138372027,-1.23858218048388e-05
-0.0161924583209814,0.259321425747548,0.00354843848588247,0.00289630797054374,-1.19853956060453e-05
-0.0161924583209814,0.259321425747548,0.00354843848588247,0.00289630797054374,-1.19853956060453e-05
-0.012644019835099,0.262217733718092,0.00356643091926207,0.00285498406498169,-1.15652833292236e-05
-0.012644019835099,0.262217733718092,0.00356643091926207,0.00285498406498169,-1.15652833292236e-05
-0.00907758891583689,0.265072717783073,0.00358430854465725,0.00281381584860402,-1.11278148174875e-05
-0.00907758891583689,0.265072717783073,0.00358430854465725,0.00281381584860402,-1.11278148174875e-05
-0.00549328037117963,0.267886533631677,0.00360206894407532,0.00277283881443841,-1.06754779316794e-05
-0.00549328037117963,0.267886533631677,0.00360206894407532,0.00277283881443841,-1.06754779316794e-05
-0.00189121142710432,0.270659372446116,0.00361970877317986,0.00273208761681859,-1.02109027483579e-05
-0.00189121142710432,0.270659372446116,0.00361970877317986,0.00273208761681859,-1.02109027483579e-05
0.00172849734607555,0.273391460062934,0.00363722370723752,0.00269159591973095,-9.73684397803393e-06
0.00172849734607555,0.273391460062934,0.00363722370723752,0.00269159591973095,-9.73684397803393e-06
0.00536572105331306,0.276083055982665,0.00365460839597602,0.00265139624459343,-9.25616175030067e-06
0.00536572105331306,0.276083055982665,0.00365460839597602,0.00265139624459343,-9.25616175030067e-06
0.00902032944928908,0.278734452227259,0.00367185642776879,0.00261151981849184,-8.77180097214828e-06
0.00902032944928908,0.278734452227259,0.00367185642776879,0.00261151981849184,-8.77180097214828e-06
0.0126921858770579,0.281345972045751,0.0036889603034818,0.00257199642396155,-8.286769520101e-06
0.0126921858770579,0.281345972045751,0.0036889603034818,0.00257199642396155,-8.286769520101e-06
0.0163811461805397,0.283917968469712,0.00370591142025264,0.00253285425138849,-7.80411548025398e-06
0.0163811461805397,0.283917968469712,0.00370591142025264,0.00253285425138849,-7.80411548025398e-06
0.0200870576007923,0.286450822721101,0.00372270006541362,0.00249411975517988,-7.32690373769773e-06
0.0200870576007923,0.286450822721101,0.00372270006541362,0.00249411975517988,-7.32690373769773e-06
0.0238097576662059,0.28894494247628,0.00373931542066851,0.00245581751486412,-6.85819220063236e-06
0.0238097576662059,0.28894494247628,0.00373931542066851,0.00245581751486412,-6.85819220063236e-06
0.0275490730868744,0.291400759991145,0.003755745576555,0.00241797010228734,-6.40100794306511e-06
0.0275490730868744,0.291400759991145,0.003755745576555,0.00241797010228734,-6.40100794306511e-06
0.0313048186634294,0.293818730093432,0.00377197755715623,0.00238059795606899,-5.95832354622662e-06
0.0313048186634294,0.293818730093432,0.00377197755715623,0.00238059795606899,-5.95832354622662e-06
0.0350767962205857,0.296199328049501,0.00378799735492826,0.00234371926450988,-5.53303396374442e-06
0.0350767962205857,0.296199328049501,0.00378799735492826,0.00234371926450988,-5.53303396374442e-06
0.0388647935755139,0.298543047314011,0.00380378997543562,0.00230734985803643,-5.12793412410333e-06
0.0388647935755139,0.298543047314011,0.00380378997543562,0.00230734985803643,-5.12793412410333e-06
0.0426685835509496,0.300850397172047,0.00381933949171145,0.00227150311232688,-4.74569753537366e-06
0.0426685835509496,0.300850397172047,0.00381933949171145,0.00227150311232688,-4.74569753537366e-06
0.046487923042661,0.303121900284374,0.0038346291078721,0.0022361898632105,-4.38885614811781e-06
0.046487923042661,0.303121900284374,0.0038346291078721,0.0022361898632105,-4.38885614811781e-06
0.0503225521505331,0.305358090147585,0.00384964123154931,0.00220141833430348,-4.0597816401873e-06
0.0503225521505331,0.305358090147585,0.00384964123154931,0.00220141833430348,-4.0597816401873e-06
0.0541721933820824,0.307559508481888,0.00386435755464421,0.00216719407832067,-3.7606682778725e-06
0.0541721933820824,0.307559508481888,0.00386435755464421,0.00216719407832067,-3.7606682778725e-06
0.0580365509367266,0.309726702560209,0.00387875914183811,0.00213351993295247,-3.4935175201806e-06
0.0580365509367266,0.309726702560209,0.00387875914183811,0.00213351993295247,-3.4935175201806e-06
0.0619153100785647,0.311860222493161,0.00389282652622433,0.00210039599205736,-3.26012444784758e-06
0.0619153100785647,0.311860222493161,0.00389282652622433,0.00210039599205736,-3.26012444784758e-06
0.0658081366047891,0.313960618485219,0.00390653981137697,0.00206781959284297,-3.06206607907696e-06
0.0658081366047891,0.313960618485219,0.00390653981137697,0.00206781959284297,-3.06206607907696e-06
0.069714676416166,0.316028438078062,0.00391987877912799,0.00203578531959875,-2.90069160578839e-06
0.069714676416166,0.316028438078062,0.00391987877912799,0.00203578531959875,-2.90069160578839e-06
0.073634555195294,0.31806422339766,0.0039328230022581,0.00200428502446959,-2.77711454540249e-06
0.073634555195294,0.31806422339766,0.0039328230022581,0.00200428502446959,-2.77711454540249e-06
0.0775673781975521,0.32006850842213,0.0039453519612969,0.00197330786560718,-2.69220677967443e-06
0.0775673781975521,0.32006850842213,0.0039453519612969,0.00197330786560718,-2.69220677967443e-06
0.081512730158849,0.322041816287737,0.00395744516456394,0.00194284036298614,-2.64659441567144e-06
0.081512730158849,0.322041816287737,0.00395744516456394,0.00194284036298614,-2.64659441567144e-06
0.085470175323413,0.323984656650723,0.00396908227058508,0.00191286647203565,-2.64065542743101e-06
0.085470175323413,0.323984656650723,0.00396908227058508,0.00191286647203565,-2.64065542743101e-06
0.089439257593998,0.325897523122759,0.0039802432119808,0.00188336767509445,-2.67451897028714e-06
0.089439257593998,0.325897523122759,0.0039802432119808,0.00188336767509445,-2.67451897028714e-06
0.0934195008059788,0.327780890797853,0.0039909083199125,0.0018543230906285,-2.74806628976308e-06
0.0934195008059788,0.327780890797853,0.0039909083199125,0.0018543230906285,-2.74806628976308e-06
0.0974104091258913,0.329635213888482,0.00400105844815329,0.00182570960002665,-2.86093310569811e-06
0.0974104091258913,0.329635213888482,0.00400105844815329,0.00182570960002665,-2.86093310569811e-06
0.101411467574045,0.331460923488508,0.00401067509587491,0.00179750199166662,-3.01251338590599e-06
0.101411467574045,0.331460923488508,0.00401067509587491,0.00179750199166662,-3.01251338590599e-06
0.10542214266992,0.333258425480175,0.00401974052821272,0.00176967312186987,-3.20196441117894e-06
0.10542214266992,0.333258425480175,0.00401974052821272,0.00176967312186987,-3.20196441117894e-06
0.109441883198132,0.335028098602045,0.00402823789370778,0.00174219409219795,-3.42821304444903e-06
0.109441883198132,0.335028098602045,0.00402823789370778,0.00174219409219795,-3.42821304444903e-06
0.11347012109184,0.336770292694243,0.00403615133771935,0.00171503444246907,-3.68996313774954e-06
0.11347012109184,0.336770292694243,0.00403615133771935,0.00171503444246907,-3.68996313774954e-06
0.117506272429559,0.338485327136712,0.00404346611093652,0.00168816235869401,-3.98570399293835e-06
0.117506272429559,0.338485327136712,0.00404346611093652,0.00168816235869401,-3.98570399293835e-06
0.121549738540496,0.340173489495406,0.00405016867214389,0.00166154489505232,-4.31371984744959e-06
0.121549738540496,0.340173489495406,0.00405016867214389,0.00166154489505232,-4.31371984744959e-06
0.12559990721264,0.341835034390458,0.00405624678442332,0.00163514820885691,-4.67210031985209e-06
0.12559990721264,0.341835034390458,0.00405624678442332,0.00163514820885691,-4.67210031985209e-06
0.129656153997063,0.343470182599315,0.00406168960402198,0.00160893780736987,-5.058751822609e-06
0.129656153997063,0.343470182599315,0.00406168960402198,0.00160893780736987,-5.058751822609e-06
0.133717843601085,0.345079120406685,0.00406648776115173,0.00158287880513908,-5.47140989742671e-06
0.133717843601085,0.345079120406685,0.00406648776115173,0.00158287880513908,-5.47140989742671e-06
0.137784331362237,0.346661999211824,0.00407063343205957,0.00155693619041247,-5.90765251422265e-06
0.137784331362237,0.346661999211824,0.00407063343205957,0.00155693619041247,-5.90765251422265e-06
0.141854964794296,0.348218935402237,0.00407412040173802,0.00153107509900113,-6.36491431657213e-06
0.141854964794296,0.348218935402237,0.00407412040173802,0.00153107509900113,-6.36491431657213e-06
0.145929085196034,0.349750010501238,0.00407694411671269,0.00150526109387289,-6.84050182415703e-06
0.145929085196034,0.349750010501238,0.00407694411671269,0.00150526109387289,-6.84050182415703e-06
0.150006029312747,0.351255271595111,0.00407910172742079,0.00147946044860647,-7.33160962818665e-06
0.150006029312747,0.351255271595111,0.00407910172742079,0.00147946044860647,-7.33160962818665e-06
0.154085131040168,0.352734732043717,0.00408059211974784,0.00145364043269536,-7.83533756336906e-06
0.154085131040168,0.352734732043717,0.00408059211974784,0.00145364043269536,-7.83533756336906e-06
0.158165723159916,0.354188372476412,0.00408141593537792,0.00142776959662672,-8.34870889213774e-06
0.158165723159916,0.354188372476412,0.00408141593537792,0.00142776959662672,-8.34870889213774e-06
0.162247139095294,0.355616142073039,0.00408157558068403,0.00140181805449691,-8.86868951399666e-06
0.162247139095294,0.355616142073039,0.00408157558068403,0.00140181805449691,-8.86868951399666e-06
0.166328714675978,0.357017960127536,0.00408107522394555,0.00137575776185256,-9.39220813678688e-06
0.166328714675978,0.357017960127536,0.00408107522394555,0.00137575776185256,-9.39220813678688e-06
0.170409789899923,0.358393717889389,0.00407992078079092,0.00134956278644544,-9.91617742087444e-06
0.170409789899923,0.358393717889389,0.00407992078079092,0.00134956278644544,-9.91617742087444e-06
0.174489710680714,0.359743280675834,0.00407811988782478,0.00132320956948301,-1.04375160085504e-05
0.174489710680714,0.359743280675834,0.00407811988782478,0.00132320956948301,-1.04375160085504e-05
0.178567830568539,0.361066490245317,0.00407568186451554,0.00129667717494458,-1.09531713942115e-05
0.178567830568539,0.361066490245317,0.00407568186451554,0.00129667717494458,-1.09531713942115e-05
0.182643512433054,0.362363167420262,0.0040726176634682,0.00126994752453818,-1.14601434998592e-05
0.182643512433054,0.362363167420262,0.0040726176634682,0.00126994752453818,-1.14601434998592e-05
0.186716130096523,0.3636331149448,0.00406893980933237,0.00124300561586893,-1.19555088358104e-05
0.186716130096523,0.3636331149448,0.00406893980933237,0.00124300561586893,-1.19555088358104e-05
0.190785069905855,0.364876120560669,0.00406466232665262,0.00121583972146938,-1.24364450614081e-05
0.190785069905855,0.364876120560669,0.00406466232665262,0.00121583972146938,-1.24364450614081e-05
0.194849732232508,0.366091960282138,0.0040598006570593,0.00118844156644721,-1.29002557254969e-05
0.194849732232508,0.366091960282138,0.0040598006570593,0.00118844156644721,-1.29002557254969e-05
0.198909532889567,0.367280401848585,0.00405437156630248,0.00116080648259337,-1.33443949973684e-05
0.198909532889567,0.367280401848585,0.00405437156630248,0.00116080648259337,-1.33443949973684e-05
0.202963904455869,0.368441208331179,0.00404839304166871,0.00113293353689059,-1.37664920677478e-05
0.202963904455869,0.368441208331179,0.00404839304166871,0.00113293353689059,-1.37664920677478e-05
0.207012297497538,0.369574141868069,0.00404188418041901,0.00110482563261499,-1.41643749213575e-05
0.207012297497538,0.369574141868069,0.00404188418041901,0.00110482563261499,-1.41643749213575e-05
0.211054181677957,0.370678967500684,0.00403486506996165,0.00107648958138501,-1.4536093150665e-05
0.211054181677957,0.370678967500684,0.00403486506996165,0.00107648958138501,-1.4536093150665e-05
0.215089046747919,0.371755457082069,0.00402735666053516,0.00104793614474208,-1.48799394602151e-05
0.215089046747919,0.371755457082069,0.00402735666053516,0.00104793614474208,-1.48799394602151e-05
0.219116403408454,0.372803393226811,0.00401938063124002,0.00101918004406953,-1.51944694999455e-05
0.219116403408454,0.372803393226811,0.00401938063124002,0.00101918004406953,-1.51944694999455e-05
0.223135784039694,0.373822573270881,0.00401095925029737,0.000990239937940618,-1.5478519642724e-05
0.223135784039694,0.373822573270881,0.00401095925029737,0.000990239937940618,-1.5478519642724e-05
0.227146743289991,0.374812813208822,0.00400211523046648,0.000961138366278425,-1.57312223327847e-05
0.227146743289991,0.374812813208822,0.00400211523046648,0.000961138366278425,-1.57312223327847e-05
0.231148858520458,0.3757739515751,0.00399287158058084,0.000931901661046564,-1.59520186372025e-05
0.231148858520458,0.3757739515751,0.00399287158058084,0.000931901661046564,-1.59520186372025e-05
0.235141730101039,0.376705853236147,0.00398325145422229,0.00090255982340548,-1.61406676392577e-05
0.235141730101039,0.376705853236147,0.00398325145422229,0.00090255982340548,-1.61406676392577e-05
0.239124981555261,0.377608413059552,0.00397327799657476,0.000873146367668998,-1.62972523909313e-05
0.239124981555261,0.377608413059552,0.00397327799657476,0.000873146367668998,-1.62972523909313e-05
0.243098259551836,0.378481559427221,0.00396297419049527,0.000843698132695025,-1.64221821566729e-05
0.243098259551836,0.378481559427221,0.00396297419049527,0.000843698132695025,-1.64221821566729e-05
0.247061233742331,0.379325257559916,0.00395236270285887,0.000814255061635016,-1.65161907267151e-05
0.247061233742331,0.379325257559916,0.00395236270285887,0.000814255061635016,-1.65161907267151e-05
0.25101359644519,0.380139512621551,0.00394146573225584,0.000784859951247108,-1.65803306843727e-05
0.25101359644519,0.380139512621551,0.00394146573225584,0.000784859951247108,-1.65803306843727e-05
0.254955062177446,0.380924372572798,0.00393030485908258,0.000755558172290061,-1.6615963536728e-05
0.254955062177446,0.380924372572798,0.00393030485908258,0.000755558172290061,-1.6615963536728e-05
0.258885367036528,0.381679930745088,0.00391890089906755,0.000726397362865505,-1.66247457486631e-05
0.258885367036528,0.381679930745088,0.00391890089906755,0.000726397362865505,-1.66247457486631e-05
0.262804267935596,0.382406328107954,0.00390727376126515,0.000697427096668424,-1.66086107783936e-05
0.262804267935596,0.382406328107954,0.00390727376126515,0.000697427096668424,-1.66086107783936e-05
0.266711541696861,0.383103755204622,0.00389544231150035,0.0006686985285006,-1.65697473342163e-05
0.266711541696861,0.383103755204622,0.00389544231150035,0.0006686985285006,-1.65697473342163e-05
0.270606984008361,0.383772453733123,0.00388342424221749,0.000640264019482473,-1.65105741150671e-05
0.270606984008361,0.383772453733123,0.00388342424221749,0.000640264019482473,-1.65105741150671e-05
0.274490408250579,0.384412717752605,0.0038712359496621,0.000612176744644644,-1.64337114468139e-05
0.274490408250579,0.384412717752605,0.0038712359496621,0.000612176744644644,-1.64337114468139e-05
0.278361644200241,0.38502489449725,0.00385889241924398,0.000584490285741479,-1.63419502797199e-05
0.278361644200241,0.38502489449725,0.00385889241924398,0.000584490285741479,-1.63419502797199e-05
0.282220536619485,0.385609384782991,0.00384640711986961,0.000557258212284417,-1.62382190612514e-05
0.282220536619485,0.385609384782991,0.00384640711986961,0.000557258212284417,-1.62382190612514e-05
0.286066943739355,0.386166642995276,0.00383379190799865,0.000530533653866905,-1.61255491066179e-05
0.286066943739355,0.386166642995276,0.00383379190799865,0.000530533653866905,-1.61255491066179e-05
0.289900735647353,0.386697176649143,0.00382105694208035,0.000504368866970972,-1.60070391081201e-05
0.289900735647353,0.386697176649143,0.00382105694208035,0.000504368866970972,-1.60070391081201e-05
0.293721792589434,0.387201545516114,0.00380821060796066,0.000478814799458938,-1.588581944889e-05
0.293721792589434,0.387201545516114,0.00380821060796066,0.000478814799458938,-1.588581944889e-05
0.297530003197394,0.387680360315573,0.0037952594557733,0.000453920656010409,-1.57650170269745e-05
0.297530003197394,0.387680360315573,0.0037952594557733,0.000453920656010409,-1.57650170269745e-05
0.301325262653168,0.388134280971583,0.00378220814872127,0.000429733467750382,-1.56477212319922e-05
0.301325262653168,0.388134280971583,0.00378220814872127,0.000429733467750382,-1.56477212319922e-05
0.305107470801889,0.388564014439333,0.00376905942409628,0.000406297669284239,-1.55369517483854e-05
0.305107470801889,0.388564014439333,0.00376905942409628,0.000406297669284239,-1.55369517483854e-05
0.308876530225985,0.388970312108618,0.00375581406675074,0.000383654686371304,-1.5435628744316e-05
0.308876530225985,0.388970312108618,0.00375581406675074,0.000383654686371304,-1.5435628744316e-05
0.312632344292736,0.389353966794989,0.00374247089518231,0.000361842537334345,-1.53465459911501e-05
0.312632344292736,0.389353966794989,0.00374247089518231,0.000361842537334345,-1.53465459911501e-05
0.316374815187918,0.389715809332323,0.00372902676026748,0.000340895451256762,-1.52723473504633e-05
0.316374815187918,0.389715809332323,0.00372902676026748,0.000340895451256762,-1.52723473504633e-05
0.320103841948186,0.39005670478358,0.0037154765565921,0.000320843505845603,-1.52155069563383e-05
0.320103841948186,0.39005670478358,0.0037154765565921,0.000320843505845603,-1.52155069563383e-05
0.323819318504778,0.390377548289426,0.00370181324624408,0.000301712287698819,-1.51783133229126e-05
0.323819318504778,0.390377548289426,0.00370181324624408,0.000301712287698819,-1.51783133229126e-05
0.327521131751022,0.390679260577124,0.00368802789483386,0.000283522577678774,-1.51628575089701e-05
0.327521131751022,0.390679260577124,0.00368802789483386,0.000283522577678774,-1.51628575089701e-05
0.331209159645856,0.390962783154803,0.00367410971942028,0.000266290063780872,-1.5171025342577e-05
0.331209159645856,0.390962783154803,0.00367410971942028,0.000266290063780872,-1.5171025342577e-05
0.334883269365276,0.391229073218584,0.00366004614793058,0.000250025083736505,-1.52044935896318e-05
0.334883269365276,0.391229073218584,0.00366004614793058,0.000250025083736505,-1.52044935896318e-05
0.338543315513206,0.391479098302321,0.00364582288958526,0.000234732399430004,-1.52647298308937e-05
0.338543315513206,0.391479098302321,0.00364582288958526,0.000234732399430004,-1.52647298308937e-05
0.342189138402792,0.391713830701751,0.0036314240157807,0.000220411004996202,-1.53529957417982e-05
0.342189138402792,0.391713830701751,0.0036314240157807,0.000220411004996202,-1.53529957417982e-05
0.345820562418572,0.391934241706747,0.0036168320508071,0.00020705397011278,-1.547035335614e-05
0.345820562418572,0.391934241706747,0.0036168320508071,0.00020705397011278,-1.547035335614e-05
0.34943739446938,0.39214129567686,0.00360202807171539,0.000194648319914614,-1.5617673820684e-05
0.34943739446938,0.39214129567686,0.00360202807171539,0.000194648319914614,-1.5617673820684e-05
0.353039422541095,0.392335943996774,0.00358699181660471,0.000183174952646858,-1.57956481017132e-05
0.353039422541095,0.392335943996774,0.00358699181660471,0.000183174952646858,-1.57956481017132e-05
0.3566264143577,0.392519118949421,0.00357170180054595,0.000172608595930546,-1.60047990371949e-05
0.3566264143577,0.392519118949421,0.00357170180054595,0.000172608595930546,-1.60047990371949e-05
0.360198116158246,0.392691727545352,0.00355613543833316,0.000162917802273177,-1.62454941526635e-05
0.360198116158246,0.392691727545352,0.00355613543833316,0.000162917802273177,-1.62454941526635e-05
0.363754251596579,0.392854645347625,0.00354026917319189,0.000154064984104085,-1.65179585699649e-05
0.363754251596579,0.392854645347625,0.00354026917319189,0.000154064984104085,-1.65179585699649e-05
0.367294520769771,0.393008710331729,0.00352407861058657,0.000146006488501771,-1.68222874314416e-05
0.367294520769771,0.393008710331729,0.00352407861058657,0.000146006488501771,-1.68222874314416e-05
0.370818599380357,0.393154716820231,0.00350753865621917,0.000138692711388111,-1.71584572159788e-05
0.370818599380357,0.393154716820231,0.00350753865621917,0.000138692711388111,-1.71584572159788e-05
0.374326138036576,0.393293409531619,0.00349062365732772,0.000132068250791428,-1.75263354049312e-05
0.374326138036576,0.393293409531619,0.00349062365732772,0.000132068250791428,-1.75263354049312e-05
0.377816761693904,0.39342547778241,0.00347330754638131,0.000126072098485697,-1.79256879973841e-05
0.377816761693904,0.39342547778241,0.00347330754638131,0.000126072098485697,-1.79256879973841e-05
0.381290069240285,0.393551549880896,0.00345556398627211,0.000120637869063911,-1.8356184429886e-05
0.381290069240285,0.393551549880896,0.00345556398627211,0.000120637869063911,-1.8356184429886e-05
0.384745633226558,0.39367218774996,0.00343736651612325,0.000115694065289884,-1.88173995407893e-05
0.384745633226558,0.39367218774996,0.00343736651612325,0.000115694065289884,-1.88173995407893e-05
0.388182999742681,0.39378788181525,0.00341868869684775,0.000111164378283291,-1.93088123082632e-05
0.388182999742681,0.39378788181525,0.00341868869684775,0.000111164378283291,-1.93088123082632e-05
0.391601688439529,0.393899046193533,0.00339950425560409,0.000106968020927134,-1.98298011361759e-05
0.391601688439529,0.393899046193533,0.00339950425560409,0.000106968020927134,-1.98298011361759e-05
0.395001192695133,0.39400601421446,0.00337978722835508,0.000103020092608264,-2.03796355671606e-05
0.395001192695133,0.39400601421446,0.00337978722835508,0.000103020092608264,-2.03796355671606e-05
0.398380979923488,0.394109034307068,0.0033595120997833,9.92319732253666e-05,-2.09574644128847e-05
0.398380979923488,0.394109034307068,0.0033595120997833,9.92319732253666e-05,-2.09574644128847e-05
0.401740492023271,0.394208266280294,0.00333865393984667,9.55117442326681e-05,-2.1562300356927e-05
0.401740492023271,0.394208266280294,0.00333865393984667,9.55117442326681e-05,-2.1562300356927e-05
0.405079145963118,0.394303778024526,0.00331718853631563,9.17646342785128e-05,-2.21930011444754e-05
0.405079145963118,0.394303778024526,0.00331718853631563,9.17646342785128e-05,-2.21930011444754e-05
0.408396334499433,0.394395542658805,0.00329509252271909,8.7893486838575e-05,-2.28482476113414e-05
0.408396334499433,0.394395542658805,0.00329509252271909,8.7893486838575e-05,-2.28482476113414e-05
0.411691427022152,0.394483436145644,0.00327234350115518,8.37992470755222e-05,-2.35265188165616e-05
0.411691427022152,0.394483436145644,0.00327234350115518,8.37992470755222e-05,-2.35265188165616e-05
0.414963770523308,0.394567235392719,0.00324892015951217,7.93814650645319e-05,-2.42260646310718e-05
0.414963770523308,0.394567235392719,0.00324892015951217,7.93814650645319e-05,-2.42260646310718e-05
0.41821269068282,0.394646616857784,0.00322480238271172,7.45388124075985e-05,-2.49448761789829e-05
0.41821269068282,0.394646616857784,0.00322480238271172,7.45388124075985e-05,-2.49448761789829e-05
0.421437493065531,0.394721155670191,0.0031999713576652,6.91696091417171e-05,-2.56806545885085e-05
0.421437493065531,0.394721155670191,0.0031999713576652,6.91696091417171e-05,-2.56806545885085e-05
0.424637464423197,0.394790325279333,0.00317440967169502,6.31723577933507e-05,-2.64307785444815e-05
0.424637464423197,0.394790325279333,0.00317440967169502,6.31723577933507e-05,-2.64307785444815e-05
0.427811874094892,0.394853497637126,0.00314810140423671,5.64462813261724e-05,-2.71922711153325e-05
0.427811874094892,0.394853497637126,0.00314810140423671,5.64462813261724e-05,-2.71922711153325e-05
0.430959975499128,0.394909943918452,0.00312103221174259,4.88918617776446e-05,-2.79617664291779e-05
0.430959975499128,0.394909943918452,0.00312103221174259,4.88918617776446e-05,-2.79617664291779e-05
0.434081007710871,0.39495883578023,0.00309318940573367,4.04113762902392e-05,-2.87354767240407e-05
0.434081007710871,0.39495883578023,0.00309318940573367,4.04113762902392e-05,-2.87354767240407e-05
0.437174197116605,0.39499924715652,0.00306456202403144,3.09094272730182e-05,-2.95091603482968e-05
0.437174197116605,0.39499924715652,0.00306456202403144,3.09094272730182e-05,-2.95091603482968e-05
0.440238759140636,0.395030156583793,0.0030351408952452,2.02934634758734e-05,-3.0278091284165e-05
0.440238759140636,0.395030156583793,0.0030351408952452,2.02934634758734e-05,-3.0278091284165e-05
0.443273900035881,0.395050450047269,0.00300491869664815,8.47428877698286e-06,-3.10370307801747e-05
0.443273900035881,0.395050450047269,0.00300491869664815,8.47428877698286e-06,-3.10370307801747e-05
0.446278818732529,0.395058924336046,0.00297389000563336,-4.63344446255398e-06,-3.17802017121309e-05
0.446278818732529,0.395058924336046,0.00297389000563336,-4.63344446255398e-06,-3.17802017121309e-05
0.449252708738163,0.395054290891584,0.00294205134498821,-1.9110760471619e-05,-3.25012663698128e-05
0.449252708738163,0.395054290891584,0.00294205134498821,-1.9110760471619e-05,-3.25012663698128e-05
0.452194760083151,0.395035180131112,0.00290940122223365,-3.50339065903205e-05,-3.31933083581593e-05
0.452194760083151,0.395035180131112,0.00290940122223365,-3.50339065903205e-05,-3.31933083581593e-05
0.455104161305385,0.395000146224522,0.00287594016334902,-5.24739239891603e-05,-3.38488194794105e-05
0.455104161305385,0.395000146224522,0.00287594016334902,-5.24739239891603e-05,-3.38488194794105e-05
0.457980101468734,0.394947672300533,0.00284167074118535,-7.14962453183809e-05,-3.44596925143368e-05
0.457980101468734,0.394947672300533,0.00284167074118535,-7.14962453183809e-05,-3.44596925143368e-05
0.460821772209919,0.394876176055214,0.00280659759892304,-9.21603217371447e-05,-3.50172210527508e-05
0.460821772209919,0.394876176055214,0.00280659759892304,-9.21603217371447e-05,-3.50172210527508e-05
0.463628369808842,0.394784015733477,0.00277072746890866,-0.000114519281713243,-3.55121076926809e-05
0.463628369808842,0.394784015733477,0.00277072746890866,-0.000114519281713243,-3.55121076926809e-05
0.466399097277751,0.394669496451764,0.00273406918722802,-0.000138619623682001,-3.59344822195174e-05
0.466399097277751,0.394669496451764,0.00273406918722802,-0.000138619623682001,-3.59344822195174e-05
0.469133166464979,0.394530876828082,0.00269663370435624,-0.000164500944578927,-3.6273931682779e-05
0.469133166464979,0.394530876828082,0.00269663370435624,-0.000164500944578927,-3.6273931682779e-05
0.471829800169335,0.394366375883503,0.00265843409222477,-0.000192195705896958,-3.65195446599921e-05
0.471829800169335,0.394366375883503,0.00265843409222477,-0.000192195705896958,-3.65195446599921e-05
0.47448823426156,0.394174180177606,0.00261948554802627,-0.000221729038808183,-3.66599724274299e-05
0.47448823426156,0.394174180177606,0.00261948554802627,-0.000221729038808183,-3.66599724274299e-05
0.477107719809586,0.393952451138798,0.00257980539504277,-0.000253118589543855,-3.66835101615229e-05
0.477107719809586,0.393952451138798,0.00257980539504277,-0.000253118589543855,-3.66835101615229e-05
0.479687525204629,0.393699332549254,0.00253941308075706,-0.000286374406037682,-3.65782017033851e-05
0.479687525204629,0.393699332549254,0.00253941308075706,-0.000286374406037682,-3.65782017033851e-05
0.482226938285386,0.393412958143216,0.00249833017248485,-0.000321498866552195,-3.63319717871656e-05
0.482226938285386,0.393412958143216,0.00249833017248485,-0.000321498866552195,-3.63319717871656e-05
0.484725268457871,0.393091459276664,0.00245658035071122,-0.000358486650738898,-3.59327897753638e-05
0.484725268457871,0.393091459276664,0.00245658035071122,-0.000358486650738898,-3.59327897753638e-05
0.487181848808582,0.392732972625925,0.00241418940030314,-0.000397324753351802,-3.53688689630816e-05
0.487181848808582,0.392732972625925,0.00241418940030314,-0.000397324753351802,-3.53688689630816e-05
0.489596038208885,0.392335647872573,0.00237118519969448,-0.00043799254047755,-3.46289050216042e-05
0.489596038208885,0.392335647872573,0.00237118519969448,-0.00043799254047755,-3.46289050216042e-05
0.49196722340858,0.391897655332096,0.00232759770810231,-0.000480461847907343,-3.37023561815335e-05
0.49196722340858,0.391897655332096,0.00232759770810231,-0.000480461847907343,-3.37023561815335e-05
0.494294821116682,0.391417193484188,0.0022834589507793,-0.0005246971210216,-3.2579766044225e-05
0.494294821116682,0.391417193484188,0.0022834589507793,-0.0005246971210216,-3.2579766044225e-05
0.496578280067461,0.390892496363167,0.00223880300226986,-0.000570655595285074,-3.1253127384855e-05
0.496578280067461,0.390892496363167,0.00223880300226986,-0.000570655595285074,-3.1253127384855e-05
0.498817083069731,0.390321840767882,0.00219366596755965,-0.00061828751614601,-2.97162816984492e-05
0.498817083069731,0.390321840767882,0.00219366596755965,-0.00061828751614601,-2.97162816984492e-05
0.501010749037291,0.389703553251736,0.00214808596096272,-0.000667536396892265,-2.79653446659269e-05
0.501010749037291,0.389703553251736,0.00214808596096272,-0.000667536396892265,-2.79653446659269e-05
0.503158834998253,0.389036016854843,0.00210210308252423,-0.000718339312773819,-2.59991422097185e-05
0.503158834998253,0.389036016854843,0.00210210308252423,-0.000718339312773819,-2.59991422097185e-05
0.505260938080778,0.38831767754207,0.00205575939167502,-0.000770627229457366,-2.3819635816184e-05
0.505260938080778,0.38831767754207,0.00205575939167502,-0.000770627229457366,-2.3819635816184e-05
0.507316697472453,0.387547050312612,0.00200909887779577,-0.000824325363657286,-2.14323098152937e-05
0.507316697472453,0.387547050312612,0.00200909887779577,-0.000824325363657286,-2.14323098152937e-05
0.509325796350248,0.386722724948955,0.00196216742731836,-0.000879353573588704,-1.88464884177172e-05
0.509325796350248,0.386722724948955,0.00196216742731836,-0.000879353573588704,-1.88464884177172e-05
0.511287963777567,0.385843371375366,0.00191501278692985,-0.0009356267766501,-1.60755474022229e-05
0.511287963777567,0.385843371375366,0.00191501278692985,-0.0009356267766501,-1.60755474022229e-05
0.513202976564497,0.384907744598716,0.00186768452245545,-0.000993055391590558,-1.31369859202521e-05
0.513202976564497,0.384907744598716,0.00186768452245545,-0.000993055391590558,-1.31369859202521e-05
0.515070661086952,0.383914689207126,0.00182023397290254,-0.00105154580229616,-1.00523286168303e-05
0.515070661086952,0.383914689207126,0.00182023397290254,-0.00105154580229616,-1.00523286168303e-05
0.516890895059855,0.382863143404829,0.00177271419915337,-0.00111100084015986,-6.8468378660526e-06
0.516890895059855,0.382863143404829,0.00177271419915337,-0.00111100084015986,-6.8468378660526e-06
0.518663609259008,0.38175214256467,0.00172517992678112,-0.0011713202819239,-3.54903008784957e-06
0.518663609259008,0.38175214256467,0.00172517992678112,-0.0011713202819239,-3.54903008784957e-06
0.520388789185789,0.380580822282746,0.0016776874824479,-0.00123240135975733,-1.90007451185675e-07
0.520388789185789,0.380580822282746,0.0016776874824479,-0.00123240135975733,-1.90007451185675e-07
0.522066476668237,0.379348420922988,0.00163029472333631,-0.00129413928031502,3.1973652815172e-06
0.522066476668237,0.379348420922988,0.00163029472333631,-0.00129413928031502,3.1973652815172e-06
0.523696771391573,0.378054281642673,0.00158306095910099,-0.00135642774949035,6.5793921978142e-06
0.523696771391573,0.378054281642673,0.00158306095910099,-0.00135642774949035,6.5793921978142e-06
0.525279832350674,0.376697853893183,0.00153604686580211,-0.00141915949956478,9.92252722142439e-06
0.525279832350674,0.376697853893183,0.00153604686580211,-0.00141915949956478,9.92252722142439e-06
0.526815879216476,0.375278694393618,0.00148931439132938,-0.0014822268155098,1.31943402631551e-05
0.526815879216476,0.375278694393618,0.00148931439132938,-0.0014822268155098,1.31943402631551e-05
0.528305193607806,0.373796467578108,0.0014429266518361,-0.00154552205720615,1.63644063235898e-05
0.528305193607806,0.373796467578108,0.0014429266518361,-0.00154552205720615,1.63644063235898e-05
0.529748120259642,0.372250945520902,0.00139694781872468,-0.0016089381744071,1.94050648308392e-05
0.529748120259642,0.372250945520902,0.00139694781872468,-0.0016089381744071,1.94050648308392e-05
0.531145068078367,0.370642007346495,0.00135144299577383,-0.00167236921144004,2.22920113929982e-05
0.531145068078367,0.370642007346495,0.00135144299577383,-0.00167236921144004,2.22920113929982e-05
0.53249651107414,0.368969638135055,0.00130647808603357,-0.0017357107987786,2.50047019302512e-05
0.53249651107414,0.368969638135055,0.00130647808603357,-0.0017357107987786,2.50047019302512e-05
0.533802989160174,0.367233927336276,0.00126211964816092,-0.00179886062870444,2.75265670780511e-05
0.533802989160174,0.367233927336276,0.00126211964816092,-0.00179886062870444,2.75265670780511e-05
0.535065108808335,0.365435066707572,0.00121843474191463,-0.00186171891243098,2.98450503783839e-05
0.535065108808335,0.365435066707572,0.00121843474191463,-0.00186171891243098,2.98450503783839e-05
0.53628354355025,0.363573347795141,0.00117549076261114,-0.00192418881634027,3.19514951233001e-05
0.53628354355025,0.363573347795141,0.00117549076261114,-0.00192418881634027,3.19514951233001e-05
0.537459034312861,0.361649158978801,0.00113335526439728,-0.00198617687512131,3.38409115212238e-05
0.537459034312861,0.361649158978801,0.00113335526439728,-0.00198617687512131,3.38409115212238e-05
0.538592389577258,0.359662982103679,0.00109209577230185,-0.00204759337974314,3.55116582527386e-05
0.538592389577258,0.359662982103679,0.00109209577230185,-0.00204759337974314,3.55116582527386e-05
0.53968448534956,0.357615388723936,0.00105177958307978,-0.00210835273850746,3.69650710133622e-05
0.53968448534956,0.357615388723936,0.00105177958307978,-0.00210835273850746,3.69650710133622e-05
0.54073626493264,0.355507035985429,0.00101247355499323,-0.00216837380960488,3.82050666256485e-05
0.54073626493264,0.355507035985429,0.00101247355499323,-0.00216837380960488,3.82050666256485e-05
0.541748738487633,0.353338662175824,0.000974243886774473,-0.00222758020376324,3.92377460201026e-05
0.541748738487633,0.353338662175824,0.000974243886774473,-0.00222758020376324,3.92377460201026e-05
0.542722982374407,0.351111081972061,0.000937155886138408,-0.0022859005558733,4.00710134033995e-05
0.542722982374407,0.351111081972061,0.000937155886138408,-0.0022859005558733,4.00710134033995e-05
0.543660138260546,0.348825181416187,0.000901273728353247,-0.00234326876463231,4.07142233981657e-05
0.543660138260546,0.348825181416187,0.000901273728353247,-0.00234326876463231,4.07142233981657e-05
0.544561411988899,0.346481912651555,0.000866660205497083,-0.00239962419947209,4.11778630412824e-05
0.544561411988899,0.346481912651555,0.000866660205497083,-0.00239962419947209,4.11778630412824e-05
0.545428072194396,0.344082288452083,0.000833376467175961,-0.00245491187420993,4.14732717476944e-05
0.545428072194396,0.344082288452083,0.000833376467175961,-0.00245491187420993,4.14732717476944e-05
0.546261448661572,0.341627376577873,0.000801481753672117,-0.00250908258716065,4.16123992420547e-05
0.546261448661572,0.341627376577873,0.000801481753672117,-0.00250908258716065,4.16123992420547e-05
0.547062930415244,0.339118293990712,0.000771033122590969,-0.00256209302759819,4.16075995016145e-05
0.547062930415244,0.339118293990712,0.000771033122590969,-0.00256209302759819,4.16075995016145e-05
0.547833963537835,0.336556200963114,0.000742085170254425,-0.00261390584864912,4.14714575042718e-05
0.547833963537835,0.336556200963114,0.000742085170254425,-0.00261390584864912,4.14714575042718e-05
0.54857604870809,0.333942295114465,0.000714689749237385,-0.00266448970692268,4.1216644895732e-05
0.54857604870809,0.333942295114465,0.000714689749237385,-0.00266448970692268,4.1216644895732e-05
0.549290738457327,0.331277805407542,0.000688895683622515,-0.00271381926937658,4.08558004086463e-05
0.549290738457327,0.331277805407542,0.000688895683622515,-0.00271381926937658,4.08558004086463e-05
0.549979634140949,0.328563986138166,0.000664748483652833,-0.00276187518806714,4.04014310683462e-05
0.549979634140949,0.328563986138166,0.000664748483652833,-0.00276187518806714,4.04014310683462e-05
0.550644382624602,0.325802110950099,0.000642290061619755,-0.00280864404367587,3.98658303527636e-05
0.550644382624602,0.325802110950099,0.000642290061619755,-0.00280864404367587,3.98658303527636e-05
0.551286672686222,0.322993466906423,0.000621558450913939,-0.00285411825880105,3.92610100105471e-05
0.551286672686222,0.322993466906423,0.000621558450913939,-0.00285411825880105,3.92610100105471e-05
0.551908231137136,0.320139348647622,0.000602587530299958,-0.00289829598222008,3.85986426197169e-05
0.551908231137136,0.320139348647622,0.000602587530299958,-0.00289829598222008,3.85986426197169e-05
0.552510818667436,0.317241052665402,0.00058540675554386,-0.00294118094547519,3.78900124583374e-05
0.552510818667436,0.317241052665402,0.00058540675554386,-0.00294118094547519,3.78900124583374e-05
0.55309622542298,0.314299871719927,0.000570040900571667,-0.00298278229330012,3.71459725945259e-05
0.55309622542298,0.314299871719927,0.000570040900571667,-0.00298278229330012,3.71459725945259e-05
0.553666266323551,0.311317089426626,0.000556509810389128,-0.00302311438944169,3.63769067308491e-05
0.553666266323551,0.311317089426626,0.000556509810389128,-0.00302311438944169,3.63769067308491e-05
0.554222776133941,0.308293975037185,0.000544828168015821,-0.00306219659967427,3.55926944325948e-05
0.554222776133941,0.308293975037185,0.000544828168015821,-0.00306219659967427,3.55926944325948e-05
0.554767604301956,0.30523177843751,0.000535005277654266,-0.00310005305375383,3.48026789589021e-05
0.554767604301956,0.30523177843751,0.000535005277654266,-0.00310005305375383,3.48026789589021e-05
0.555302609579611,0.302131725383757,0.000527044866320381,-0.0031367123882387,3.40156370493322e-05
0.555302609579611,0.302131725383757,0.000527044866320381,-0.0031367123882387,3.40156370493322e-05
0.555829654445931,0.298995012995518,0.000520944906077569,-0.00317220747211638,3.32397503547102e-05
0.555829654445931,0.298995012995518,0.000520944906077569,-0.00317220747211638,3.32397503547102e-05
0.556350599352009,0.295822805523402,0.000516697458960325,-0.00320657511724065,3.24825784572963e-05
0.556350599352009,0.295822805523402,0.000516697458960325,-0.00320657511724065,3.24825784572963e-05
0.556867296810969,0.292616230406161,0.000514288546558106,-0.00323985577567132,3.17510334934181e-05
0.556867296810969,0.292616230406161,0.000514288546558106,-0.00323985577567132,3.17510334934181e-05
0.557381585357527,0.28937637463049,0.000513698046098798,-0.00327209322595262,3.1051356690774e-05
0.557381585357527,0.28937637463049,0.000513698046098798,-0.00327209322595262,3.1051356690774e-05
0.557895283403626,0.286104281404537,0.000514899614749709,-0.003303334250428,3.03890972021092e-05
0.557895283403626,0.286104281404537,0.000514899614749709,-0.003303334250428,3.03890972021092e-05
0.558410183018376,0.282800947154109,0.000517860643682533,-0.0033336283056743,2.97690937202371e-05
0.558410183018376,0.282800947154109,0.000517860643682533,-0.0033336283056743,2.97690937202371e-05
0.558928043662058,0.279467318848435,0.000522542243263646,-0.00336302718810422,2.91954595299177e-05
0.558928043662058,0.279467318848435,0.000522542243263646,-0.00336302718810422,2.91954595299177e-05
0.559450585905322,0.27610429166033,0.000528899260525129,-0.00339158469683098,2.86715715110161e-05
0.559450585905322,0.27610429166033,0.000528899260525129,-0.00339158469683098,2.86715715110161e-05
0.559979485165847,0.272712706963499,0.00053688032987842,-0.00341935629572199,2.8200063872311e-05
0.559979485165847,0.272712706963499,0.00053688032987842,-0.00341935629572199,2.8200063872311e-05
0.560516365495725,0.269293350667777,0.000546427957782258,-0.00344639877664182,2.7782827201072e-05
0.560516365495725,0.269293350667777,0.000546427957782258,-0.00344639877664182,2.7782827201072e-05
0.561062793453508,0.265846951891136,0.000557478641862952,-0.00347276992575118,2.74210134803142e-05
0.561062793453508,0.265846951891136,0.000557478641862952,-0.00347276992575118,2.74210134803142e-05
0.56162027209537,0.262374181965384,0.000569963024713127,-0.00349852819469798,2.71150474971493e-05
0.56162027209537,0.262374181965384,0.000569963024713127,-0.00349852819469798,2.71150474971493e-05
0.562190235120084,0.258875653770686,0.000583806082357308,-0.00352373237832987,2.68646452592823e-05
0.562190235120084,0.258875653770686,0.000583806082357308,-0.00352373237832987,2.68646452592823e-05
0.562774041202441,0.255351921392357,0.000598927347089551,-0.00354844130064436,2.66688395899029e-05
0.562774041202441,0.255351921392357,0.000598927347089551,-0.00354844130064436,2.66688395899029e-05
0.56337296854953,0.251803480091712,0.000615241164157343,-0.00357271351043961,2.65260131658289e-05
0.56337296854953,0.251803480091712,0.000615241164157343,-0.00357271351043961,2.65260131658289e-05
0.563988209713688,0.248230766581273,0.000632656981496948,-0.00359660698812503,2.64339388811627e-05
0.563988209713688,0.248230766581273,0.000632656981496948,-0.00359660698812503,2.64339388811627e-05
0.564620866695185,0.244634159593148,0.000651079671458499,-0.00362017886492805,2.63898274190035e-05
0.564620866695185,0.244634159593148,0.000651079671458499,-0.00362017886492805,2.63898274190035e-05
0.565271946366643,0.24101398072822,0.000670409883212097,-0.00364348515569451,2.63903816404131e-05
0.565271946366643,0.24101398072822,0.000670409883212097,-0.00364348515569451,2.63903816404131e-05
0.565942356249855,0.237370495572525,0.000690544424288397,-0.00366658050635776,2.64318571317149e-05
0.565942356249855,0.237370495572525,0.000690544424288397,-0.00366658050635776,2.64318571317149e-05
0.566632900674144,0.233703915066167,0.00071137666945631,-0.00368951795695818,2.65101282622359e-05
0.566632900674144,0.233703915066167,0.00071137666945631,-0.00368951795695818,2.65101282622359e-05
0.5673442773436,0.230014397109209,0.000732796994930229,-0.00371234872109846,2.66207587073051e-05
0.5673442773436,0.230014397109209,0.000732796994930229,-0.00371234872109846,2.66207587073051e-05
0.56807707433853,0.226302048388111,0.000754693235680337,-0.00373512198249967,2.67590753619197e-05
0.56807707433853,0.226302048388111,0.000754693235680337,-0.00373512198249967,2.67590753619197e-05
0.568831767574211,0.222566926405611,0.000776951163413586,-0.00375788470922792,2.69202444982269e-05
0.568831767574211,0.222566926405611,0.000776951163413586,-0.00375788470922792,2.69202444982269e-05
0.569608718737624,0.218809041696383,0.000799454982655212,-0.00378068148610722,2.70993487962758e-05
0.569608718737624,0.218809041696383,0.000799454982655212,-0.00378068148610722,2.70993487962758e-05
0.570408173720279,0.215028360210276,0.000822087842152985,-0.00380355436565943,2.72914638922992e-05
0.570408173720279,0.215028360210276,0.000822087842152985,-0.00380355436565943,2.72914638922992e-05
0.571230261562432,0.211224805844616,0.000844732358728839,-0.00382654273778477,2.74917331462331e-05
0.571230261562432,0.211224805844616,0.000844732358728839,-0.00382654273778477,2.74917331462331e-05
0.572074993921161,0.207398263106832,0.000867271150581828,-0.00384968321834578,2.76954392558829e-05
0.572074993921161,0.207398263106832,0.000867271150581828,-0.00384968321834578,2.76954392558829e-05
0.572942265071743,0.203548579888486,0.000889587376943779,-0.0038730095566602,2.78980714466508e-05
0.572942265071743,0.203548579888486,0.000889587376943779,-0.0038730095566602,2.78980714466508e-05
0.573831852448687,0.199675570331826,0.00091156528094094,-0.00389655256177487,2.80953871406205e-05
0.573831852448687,0.199675570331826,0.00091156528094094,-0.00389655256177487,2.80953871406205e-05
0.574743417729628,0.195779017770051,0.000933090732473718,-0.00392034004733463,2.82834671005644e-05
0.574743417729628,0.195779017770051,0.000933090732473718,-0.00392034004733463,2.82834671005644e-05
0.575676508462101,0.191858677722716,0.000954051767900865,-0.00394439679475872,2.84587631808261e-05
0.575676508462101,0.191858677722716,0.000954051767900865,-0.00394439679475872,2.84587631808261e-05
0.576630560230002,0.187914280927957,0.000974339123339218,-0.00396874453430637,2.8618138026521e-05
0.576630560230002,0.187914280927957,0.000974339123339218,-0.00396874453430637,2.8618138026521e-05
0.577604899353342,0.183945536393651,0.000993846758419514,-0.00399340194352032,2.8758896276797e-05
0.577604899353342,0.183945536393651,0.000993846758419514,-0.00399340194352032,2.8758896276797e-05
0.578598746111761,0.179952134450131,0.00101247236738844,-0.00401838466247464,2.88788069444726e-05
0.578598746111761,0.179952134450131,0.00101247236738844,-0.00401838466247464,2.88788069444726e-05
0.57961121847915,0.175933749787656,0.00103011787454987,-0.00404370532510898,2.89761168996826e-05
0.57961121847915,0.175933749787656,0.00103011787454987,-0.00404370532510898,2.89761168996826e-05
0.580641336353699,0.171890044462547,0.0010466899111391,-0.00406937360586512,2.90495555455442e-05
0.580641336353699,0.171890044462547,0.0010466899111391,-0.00406937360586512,2.90495555455442e-05
0.581688026264839,0.167820670856682,0.00106210027083953,-0.00409539628076189,2.90983309249966e-05
0.581688026264839,0.167820670856682,0.00106210027083953,-0.00409539628076189,2.90983309249966e-05
0.582750126535678,0.16372527457592,0.0010762663412851,-0.00412177730195418,2.91221176498217e-05
0.582750126535678,0.16372527457592,0.0010762663412851,-0.00412177730195418,2.91221176498217e-05
0.583826392876963,0.159603497273966,0.00108911150905711,-0.00414851788473697,2.9121037247011e-05
0.583826392876963,0.159603497273966,0.00108911150905711,-0.00414851788473697,2.9121037247011e-05
0.58491550438602,0.155454979389229,0.0011005655358669,-0.00417561660595167,2.90956314930859e-05
0.58491550438602,0.155454979389229,0.0011005655358669,-0.00417561660595167,2.90956314930859e-05
0.586016069921887,0.151279362783277,0.00111056490373873,-0.00420306951263719,2.90468295029104e-05
0.586016069921887,0.151279362783277,0.00111056490373873,-0.00420306951263719,2.90468295029104e-05
0.587126634825626,0.14707629327064,0.00111905312722682,-0.00423087023974825,2.89759094010836e-05
0.587126634825626,0.14707629327064,0.00111905312722682,-0.00423087023974825,2.89759094010836e-05
0.588245687952853,0.142845423030892,0.0011259810308869,-0.00425901013575569,2.88844553971443e-05
0.588245687952853,0.142845423030892,0.0011259810308869,-0.00425901013575569,2.88844553971443e-05
0.58937166898374,0.138586412895136,0.00113130699039055,-0.00428747839489163,2.87743111597244e-05
0.58937166898374,0.138586412895136,0.00113130699039055,-0.00428747839489163,2.87743111597244e-05
0.59050297597413,0.134298934500245,0.00113499713589515,-0.00431626219478873,2.86475304280233e-05
0.59050297597413,0.134298934500245,0.00113499713589515,-0.00431626219478873,2.86475304280233e-05
0.591637973110025,0.129982672305456,0.00113702551644812,-0.00434534683830171,2.85063257631267e-05
0.591637973110025,0.129982672305456,0.00113702551644812,-0.00434534683830171,2.85063257631267e-05
0.592774998626473,0.125637325467154,0.00113737422440108,-0.00437471589829859,2.83530162971677e-05
0.592774998626473,0.125637325467154,0.00113737422440108,-0.00437471589829859,2.83530162971677e-05
0.593912372850875,0.121262609568856,0.00113603347903601,-0.00440435136417364,2.81899753782344e-05
0.593912372850875,0.121262609568856,0.00113603347903601,-0.00440435136417364,2.81899753782344e-05
0.595048406329911,0.116858258204682,0.00113300166881114,-0.00443423378887418,2.80195790540744e-05
0.595048406329911,0.116858258204682,0.00113300166881114,-0.00443423378887418,2.80195790540744e-05
0.596181407998722,0.112424024415808,0.0011282853518092,-0.00446434243536732,2.78441561454281e-05
0.596181407998722,0.112424024415808,0.0011282853518092,-0.00446434243536732,2.78441561454281e-05
0.597309693350531,0.10795968198044,0.00112189921418626,-0.00449465542144355,2.7665940704814e-05
0.597309693350531,0.10795968198044,0.00112189921418626,-0.00449465542144355,2.7665940704814e-05
0.598431592564717,0.103465026558997,0.00111386598663699,-0.00452514986182689,2.74870276021563e-05
0.598431592564717,0.103465026558997,0.00111386598663699,-0.00452514986182689,2.74870276021563e-05
0.599545458551354,0.0989398766971699,0.0011042163190782,-0.00455580200664749,2.73093319393333e-05
0.599545458551354,0.0989398766971699,0.0011042163190782,-0.00455580200664749,2.73093319393333e-05
0.600649674870432,0.0943840746905225,0.00109298861398954,-0.00458658737543495,2.71345528188322e-05
0.600649674870432,0.0943840746905225,0.00109298861398954,-0.00458658737543495,2.71345528188322e-05
0.601742663484422,0.0897974873150875,0.00108022881905767,-0.00461748088579567,2.69641420593287e-05
0.601742663484422,0.0897974873150875,0.00108022881905767,-0.00461748088579567,2.69641420593287e-05
0.60282289230348,0.0851800064292918,0.001065990179974,-0.00464845697609584,2.67992782579255e-05
0.60282289230348,0.0851800064292918,0.001065990179974,-0.00464845697609584,2.67992782579255e-05
0.603888882483454,0.080531549453196,0.00105033295446932,-0.00467948972151588,2.6640846621984e-05
0.603888882483454,0.080531549453196,0.00105033295446932,-0.00467948972151588,2.6640846621984e-05
0.604939215437923,0.0758520597316801,0.00103332408888024,-0.00471055294301156,2.64894247733721e-05
0.604939215437923,0.0758520597316801,0.00103332408888024,-0.00471055294301156,2.64894247733721e-05
0.605972539526803,0.0711415067886686,0.00101503685876914,-0.00474162030876028,2.63452747086201e-05
0.605972539526803,0.0711415067886686,0.00101503685876914,-0.00474162030876028,2.63452747086201e-05
0.606987576385572,0.0663998864799083,0.000995550475323848,-0.00477266542780719,2.62083409144909e-05
0.606987576385572,0.0663998864799083,0.000995550475323848,-0.00477266542780719,2.62083409144909e-05
0.607983126860896,0.0616272210521011,0.000974949659512947,-0.00480366193567464,2.60782545976265e-05
0.607983126860896,0.0616272210521011,0.000974949659512947,-0.00480366193567464,2.60782545976265e-05
0.608958076520409,0.0568235591164264,0.000953324186161453,-0.00483458357183252,2.59543438134629e-05
0.608958076520409,0.0568235591164264,0.000953324186161453,-0.00483458357183252,2.59543438134629e-05
0.60991140070657,0.0519889755445939,0.000930768400333015,-0.00486540424898862,2.58356492274306e-05
0.60991140070657,0.0519889755445939,0.000930768400333015,-0.00486540424898862,2.58356492274306e-05
0.610842169106903,0.0471235712956053,0.000907380708608629,-0.00489609811428008,2.57209450719035e-05
0.610842169106903,0.0471235712956053,0.000907380708608629,-0.00489609811428008,2.57209450719035e-05
0.611749549815512,0.0422274731813252,0.00088326304804065,-0.00492663960250328,2.56087647702618e-05
0.611749549815512,0.0422274731813252,0.00088326304804065,-0.00492663960250328,2.56087647702618e-05
0.612632812863553,0.0373008335788219,0.000858520335760948,-0.00495700348157525,2.54974306631156e-05
0.612632812863553,0.0373008335788219,0.000858520335760948,-0.00495700348157525,2.54974306631156e-05
0.613491333199314,0.0323438300972467,0.000833259902376704,-0.00498716489053239,2.53850871351664e-05
0.613491333199314,0.0323438300972467,0.000833259902376704,-0.00498716489053239,2.53850871351664e-05
0.61432459310169,0.0273566652067143,0.000807590912429768,-0.0050170993704177,2.52697363749572e-05
0.61432459310169,0.0273566652067143,0.000807590912429768,-0.0050170993704177,2.52697363749572e-05
0.61513218401412,0.0223395658362966,0.000781623775331752,-0.00504678288844118,2.51492759391304e-05
0.61513218401412,0.0223395658362966,0.000781623775331752,-0.00504678288844118,2.51492759391304e-05
0.615913807789452,0.0172927829478554,0.000755469550283494,-0.00507619185581292,2.50215373346335e-05
0.615913807789452,0.0172927829478554,0.000755469550283494,-0.00507619185581292,2.50215373346335e-05
0.616669277339735,0.0122165910920425,0.00072923934878466,-0.0051053031397214,2.48843247519425e-05
0.616669277339735,0.0122165910920425,0.00072923934878466,-0.0051053031397214,2.48843247519425e-05
0.61739851668852,0.00711128795232111,0.000703043738362275,-0.00513409406992782,2.47354531599034e-05
0.61739851668852,0.00711128795232111,0.000703043738362275,-0.00513409406992782,2.47354531599034e-05
0.618101560426882,0.00197719388239329,0.000676992151190769,-0.00516254244049517,2.45727849168256e-05
0.618101560426882,0.00197719388239329,0.000676992151190769,-0.00516254244049517,2.45727849168256e-05
0.618778552578073,-0.00318534855810188,0.000651192301279857,-0.00519062650712303,2.43942641822478e-05
0.618778552578073,-0.00318534855810188,0.000651192301279857,-0.00519062650712303,2.43942641822478e-05
0.619429744879353,-0.00837597506522491,0.000625749613846316,-0.00521832498058714,2.41979483938705e-05
0.619429744879353,-0.00837597506522491,0.000625749613846316,-0.00521832498058714,2.41979483938705e-05
0.620055494493199,-0.013594300045812,0.000600766670459274,-0.00524561701670521,2.39820363426551e-05
0.620055494493199,-0.013594300045812,0.000600766670459274,-0.00524561701670521,2.39820363426551e-05
0.620656261163659,-0.0188399170625173,0.000576342673447972,-0.00527248220335812,2.37448922603776e-05
0.620656261163659,-0.0188399170625173,0.000576342673447972,-0.00527248220335812,2.37448922603776e-05
0.621232603837107,-0.0241123992658754,0.000552572932951745,-0.00529890054497842,2.34850655759641e-05
0.621232603837107,-0.0241123992658754,0.000552572932951745,-0.00529890054497842,2.34850655759641e-05
0.621785176770058,-0.0294112998108538,0.000529548379846423,-0.00532485244493322,2.32013060846165e-05
0.621785176770058,-0.0294112998108538,0.000529548379846423,-0.00532485244493322,2.32013060846165e-05
0.622314725149905,-0.034736152255787,0.000507355107608021,-0.00535031868621589,2.28925743725574e-05
0.622314725149905,-0.034736152255787,0.000507355107608021,-0.00535031868621589,2.28925743725574e-05
0.622822080257513,-0.0400864709420029,0.000486073946004528,-0.00537528041082495,2.25580474381253e-05
0.622822080257513,-0.0400864709420029,0.000486073946004528,-0.00537528041082495,2.25580474381253e-05
0.623308154203517,-0.0454617513528279,0.00046578006927922,-0.00539971909815844,2.21971196462389e-05
0.623308154203517,-0.0454617513528279,0.00046578006927922,-0.00539971909815844,2.21971196462389e-05
0.623773934272796,-0.0508614704509863,0.000446542641274084,-0.00542361654278167,2.18093991414961e-05
0.623773934272796,-0.0508614704509863,0.000446542641274084,-0.00542361654278167,2.18093991414961e-05
0.624220476914071,-0.056285086993768,0.000428424499692937,-0.00544695483184039,2.13947000538041e-05
0.624220476914071,-0.056285086993768,0.000428424499692937,-0.00544695483184039,2.13947000538041e-05
0.624648901413764,-0.0617320418256084,0.000411481881406051,-0.00546971632242062,2.09530308380515e-05
0.624648901413764,-0.0617320418256084,0.000411481881406051,-0.00546971632242062,2.09530308380515e-05
0.62506038329517,-0.067201758148029,0.000395764190441517,-0.00549188361910265,2.04845792310723e-05
0.62506038329517,-0.067201758148029,0.000395764190441517,-0.00549188361910265,2.04845792310723e-05
0.625456147485611,-0.0726936417671316,0.000381313810018491,-0.00551343955197531,1.99896942781339e-05
0.625456147485611,-0.0726936417671316,0.000381313810018491,-0.00551343955197531,1.99896942781339e-05
0.62583746129563,-0.0782070813191069,0.000368165959669819,-0.00553436715530589,1.94688660025179e-05
0.62583746129563,-0.0782070813191069,0.000368165959669819,-0.00553436715530589,1.94688660025179e-05
0.626205627255299,-0.0837414484744128,0.000356348598171574,-0.00555464964706852,1.89227033492671e-05
0.626205627255299,-0.0837414484744128,0.000356348598171574,-0.00555464964706852,1.89227033492671e-05
0.626561975853471,-0.0892960981214813,0.000345882372692174,-0.00557427040956766,1.8351910924262e-05
0.626561975853471,-0.0892960981214813,0.000345882372692174,-0.00557427040956766,1.8351910924262e-05
0.626907858226163,-0.094870368531049,0.000336780614241028,-0.005593212971304,1.77572651507635e-05
0.626907858226163,-0.094870368531049,0.000336780614241028,-0.005593212971304,1.77572651507635e-05
0.627244638840404,-0.100463581502353,0.000329049379181323,-0.00561146099024,1.71395904739052e-05
0.627244638840404,-0.100463581502353,0.000329049379181323,-0.00561146099024,1.71395904739052e-05
0.627573688219585,-0.106075042492593,0.000322687536249644,-0.00562899823865511,1.64997361567056e-05
0.627573688219585,-0.106075042492593,0.000322687536249644,-0.00562899823865511,1.64997361567056e-05
0.627896375755835,-0.111704040731248,0.000317686898194447,-0.00564580858975174,1.58385542131014e-05
0.627896375755835,-0.111704040731248,0.000317686898194447,-0.00564580858975174,1.58385542131014e-05
0.62821406265403,-0.117349849321,0.000314032396838138,-0.00566187600618341,1.51568789497087e-05
0.62821406265403,-0.117349849321,0.000314032396838138,-0.00566187600618341,1.51568789497087e-05
0.628528095050868,-0.123011725327183,0.000311702300052175,-0.00567718453066034,1.44555085503312e-05
0.628528095050868,-0.123011725327183,0.000311702300052175,-0.00567718453066034,1.44555085503312e-05
0.62883979735092,-0.128688909857844,0.000310668468852193,-0.00569171827878923,1.37351891007333e-05
0.62883979735092,-0.128688909857844,0.000310668468852193,-0.00569171827878923,1.37351891007333e-05
0.629150465819772,-0.134380628136633,0.000310896652538473,-0.00570546143433309,1.29966012733518e-05
0.629150465819772,-0.134380628136633,0.000310896652538473,-0.00570546143433309,1.29966012733518e-05
0.629461362472311,-0.140086089570966,0.000312346819518416,-0.00571839824699757,1.22403499935725e-05
0.629461362472311,-0.140086089570966,0.000312346819518416,-0.00571839824699757,1.22403499935725e-05
0.629773709291829,-0.145804487817963,0.000314973521205242,-0.00573051303294456,1.14669571718079e-05
0.629773709291829,-0.145804487817963,0.000314973521205242,-0.00573051303294456,1.14669571718079e-05
0.630088682813034,-0.151535000850908,0.000318726286159254,-0.00574179017816553,1.06768575994171e-05
0.630088682813034,-0.151535000850908,0.000318726286159254,-0.00574179017816553,1.06768575994171e-05
0.630407409099193,-0.157276791029074,0.000323550041412601,-0.00575221414486923,9.8703979533217e-06
0.630407409099193,-0.157276791029074,0.000323550041412601,-0.00575221414486923,9.8703979533217e-06
0.630730959140606,-0.163029005173943,0.000329385557720441,-0.00576176948098048,9.04783892226226e-06
0.630730959140606,-0.163029005173943,0.000329385557720441,-0.00576176948098048,9.04783892226226e-06
0.631060344698327,-0.168790774654923,0.000336169915325812,-0.0057704408329286,8.20936024723603e-06
0.631060344698327,-0.168790774654923,0.000336169915325812,-0.0057704408329286,8.20936024723603e-06
0.631396514613652,-0.174561215487852,0.000343836986691159,-0.0057782129618312,7.35506840836633e-06
0.631396514613652,-0.174561215487852,0.000343836986691159,-0.0057782129618312,7.35506840836633e-06
0.631740351600343,-0.180339428449683,0.000352317932514334,-0.00578507076310891,6.4850067635052e-06
0.631740351600343,-0.180339428449683,0.000352317932514334,-0.00578507076310891,6.4850067635052e-06
0.632092669532858,-0.186124499212792,0.000361541707251778,-0.00579099928962329,5.59916776896648e-06
0.632092669532858,-0.186124499212792,0.000361541707251778,-0.00579099928962329,5.59916776896648e-06
0.63245421124011,-0.191915498502415,0.000371435570327927,-0.00579598377835558,4.69750690514255e-06
0.63245421124011,-0.191915498502415,0.000371435570327927,-0.00579598377835558,4.69750690514255e-06
0.632825646810438,-0.197711482280771,0.000381925599167166,-0.00580000968060043,3.77995790123899e-06
0.632825646810438,-0.197711482280771,0.000381925599167166,-0.00580000968060043,3.77995790123899e-06
0.633207572409605,-0.203511491961371,0.00039293720019018,-0.00580306269560221,2.84644892692334e-06
0.633207572409605,-0.203511491961371,0.00039293720019018,-0.00580306269560221,2.84644892692334e-06
0.633600509609795,-0.209314554656974,0.000404395613938791,-0.00580512880760659,1.89691929185741e-06
0.633600509609795,-0.209314554656974,0.000404395613938791,-0.00580512880760659,1.89691929185741e-06
0.634004905223734,-0.21511968346458,0.000416226410561715,-0.00580619432622351,9.3133616327172e-07
0.634004905223734,-0.21511968346458,0.000416226410561715,-0.00580619432622351,9.3133616327172e-07
0.634421131634295,-0.220925877790804,0.00042835597197044,-0.00580624592988851,-5.02890177625503e-08
0.634421131634295,-0.220925877790804,0.00042835597197044,-0.00580624592988851,-5.02890177625503e-08
0.634849487606266,-0.226732123720692,0.000440711957125028,-0.00580527071225456,-1.04788481950988e-06
0.634849487606266,-0.226732123720692,0.000440711957125028,-0.00580527071225456,-1.04788481950988e-06
0.635290199563391,-0.232537394432947,0.000453223747042153,-0.00580325623129449,-2.06130516533509e-06
0.635290199563391,-0.232537394432947,0.000453223747042153,-0.00580325623129449,-2.06130516533509e-06
0.635743423310433,-0.238340650664241,0.00046582286628527,-0.00580019056084696,-3.09031604490539e-06
0.635743423310433,-0.238340650664241,0.00046582286628527,-0.00580019056084696,-3.09031604490539e-06
0.636209246176718,-0.244140841225088,0.00047844337792935,-0.00579606234431249,-4.13458384402373e-06
0.636209246176718,-0.244140841225088,0.00047844337792935,-0.00579606234431249,-4.13458384402373e-06
0.636687689554648,-0.249936903569401,0.000491022249237694,-0.0057908608501881,-5.1936654802652e-06
0.636687689554648,-0.249936903569401,0.000491022249237694,-0.0057908608501881,-5.1936654802652e-06
0.637178711803885,-0.255727764419589,0.000503499685524766,-0.00578457602913396,-6.26700058276898e-06
0.637178711803885,-0.255727764419589,0.000503499685524766,-0.00578457602913396,-6.26700058276898e-06
0.63768221148941,-0.261512340448723,0.000515819429970032,-0.00577719857216691,-7.3539057414999e-06
0.63768221148941,-0.261512340448723,0.000515819429970032,-0.00577719857216691,-7.3539057414999e-06
0.63819803091938,-0.26728953902089,0.00052792902748644,-0.00576871996963879,-8.45357094792984e-06
0.63819803091938,-0.26728953902089,0.00052792902748644,-0.00576871996963879,-8.45357094792984e-06
0.638725959946867,-0.273058258990528,0.00053978005105626,-0.0057591325705772,-9.56505817649965e-06
0.638725959946867,-0.273058258990528,0.00053978005105626,-0.0057591325705772,-9.56505817649965e-06
0.639265739997923,-0.278817391561106,0.000551328289277064,-0.00574842964201061,-1.06873020454361e-05
0.639265739997923,-0.278817391561106,0.000551328289277064,-0.00574842964201061,-1.06873020454361e-05
0.6398170682872,-0.284565821203116,0.00056253389423977,-0.00573660542790677,-1.18191125099438e-05
0.6398170682872,-0.284565821203116,0.00056253389423977,-0.00573660542790677,-1.18191125099438e-05
0.64037960218144,-0.290302426631023,0.000573361489221824,-0.00572365520730611,-1.29591793920488e-05
0.64037960218144,-0.290302426631023,0.000573361489221824,-0.00572365520730611,-1.29591793920488e-05
0.640952963670661,-0.296026081838329,0.000583780236038445,-0.00570957535129935,-1.41060785951233e-05
0.640952963670661,-0.296026081838329,0.000583780236038445,-0.00570957535129935,-1.41060785951233e-05
0.6415367439067,-0.301735657189628,0.000593763862278385,-0.00569436337848889,-1.52582798111948e-05
0.6415367439067,-0.301735657189628,0.000593763862278385,-0.00569436337848889,-1.52582798111948e-05
0.642130507768978,-0.307430020568117,0.000603290649020982,-0.00567801800858142,-1.64141554194891e-05
0.642130507768978,-0.307430020568117,0.000603290649020982,-0.00567801800858142,-1.64141554194891e-05
0.642733798417999,-0.313108038576699,0.000612343379976399,-0.00566053921386134,-1.75719904236208e-05
0.642733798417999,-0.313108038576699,0.000612343379976399,-0.00566053921386134,-1.75719904236208e-05
0.643346141797976,-0.31876857779056,0.000620909253352786,-0.00564192826823395,-1.87299931699485e-05
0.643346141797976,-0.31876857779056,0.000620909253352786,-0.00564192826823395,-1.87299931699485e-05
0.643967051051328,-0.324410506058794,0.000628979758055315,-0.00562218779357282,-1.98863065652118e-05
0.643967051051328,-0.324410506058794,0.000628979758055315,-0.00562218779357282,-1.98863065652118e-05
0.644596030809384,-0.330032693852367,0.000636550516169732,-0.00560132180317074,-2.1039019594154e-05
0.644596030809384,-0.330032693852367,0.000636550516169732,-0.00560132180317074,-2.1039019594154e-05
0.645232581325554,-0.335634015655538,0.000643621093938562,-0.00557933574209174,-2.21861789492413e-05
0.645232581325554,-0.335634015655538,0.000643621093938562,-0.00557933574209174,-2.21861789492413e-05
0.645876202419492,-0.341213351397629,0.000650194783665015,-0.00555623652422127,-2.33258004605124e-05
0.645876202419492,-0.341213351397629,0.000650194783665015,-0.00555623652422127,-2.33258004605124e-05
0.646526397203157,-0.346769587921851,0.00065627835924098,-0.00553203256594764,-2.44558802779925e-05
0.646526397203157,-0.346769587921851,0.00065627835924098,-0.00553203256594764,-2.44558802779925e-05
0.647182675562398,-0.352301620487798,0.000661881808166953,-0.0055067338163044,-2.55744055470443e-05
0.647182675562398,-0.352301620487798,0.000661881808166953,-0.0055067338163044,-2.55744055470443e-05
0.647844557370565,-0.357808354304103,0.000667018043122414,-0.00548035178353162,-2.66793645209472e-05
0.647844557370565,-0.357808354304103,0.000667018043122414,-0.00548035178353162,-2.66793645209472e-05
0.648511575413687,-0.363288706087634,0.000671702596225621,-0.00545289955797118,-2.77687559867767e-05
0.648511575413687,-0.363288706087634,0.000671702596225621,-0.00545289955797118,-2.77687559867767e-05
0.649183278009913,-0.368741605645605,0.000675953299248966,-0.00542439183125321,-2.88405979400452e-05
0.649183278009913,-0.368741605645605,0.000675953299248966,-0.00542439183125321,-2.88405979400452e-05
0.649859231309162,-0.374165997476859,0.000679789953098919,-0.0053948449117453,-2.98929354763189e-05
0.649859231309162,-0.374165997476859,0.000679789953098919,-0.0053948449117453,-2.98929354763189e-05
0.650539021262261,-0.379560842388604,0.000683233989897891,-0.00536427673623974,-3.09238478419759e-05
0.650539021262261,-0.379560842388604,0.000683233989897891,-0.00536427673623974,-3.09238478419759e-05
0.651222255252159,-0.384925119124844,0.000686308130962043,-0.00533270687791215,-3.19314546904587e-05
0.651222255252159,-0.384925119124844,0.000686308130962043,-0.00533270687791215,-3.19314546904587e-05
0.651908563383121,-0.390257826002756,0.000689036043969637,-0.00530015655054994,-3.29139215612777e-05
0.651908563383121,-0.390257826002756,0.000689036043969637,-0.00530015655054994,-3.29139215612777e-05
0.652597599427091,-0.395557982553306,0.000691442002536125,-0.00526664860906662,-3.38694646163182e-05
0.652597599427091,-0.395557982553306,0.000691442002536125,-0.00526664860906662,-3.38694646163182e-05
0.653289041429627,-0.400824631162372,0.000693550551266076,-0.00523220754633935,-3.47963547003283e-05
0.653289041429627,-0.400824631162372,0.000693550551266076,-0.00523220754633935,-3.47963547003283e-05
0.653982591980893,-0.406056838708712,0.000695386179260238,-0.00519685948639648,-3.5692920804904e-05
0.653982591980893,-0.406056838708712,0.000695386179260238,-0.00519685948639648,-3.5692920804904e-05
0.654677978160153,-0.411253698195108,0.000696973004895796,-0.00516063217397245,-3.65575529929869e-05
0.654677978160153,-0.411253698195108,0.000696973004895796,-0.00516063217397245,-3.65575529929869e-05
0.655374951165049,-0.416414330369081,0.000698334474495521,-0.00512355496046829,-3.73887048760804e-05
0.655374951165049,-0.416414330369081,0.000698334474495521,-0.00512355496046829,-3.73887048760804e-05
0.656073285639544,-0.421537885329549,0.000699493077309987,-0.00508565878633788,-3.81848956720072e-05
0.656073285639544,-0.421537885329549,0.000699493077309987,-0.00508565878633788,-3.81848956720072e-05
0.656772778716854,-0.426623544115887,0.000700470079010085,-0.00504697615996796,-3.89447119967037e-05
0.656772778716854,-0.426623544115887,0.000700470079010085,-0.00504697615996796,-3.89447119967037e-05
0.657473248795864,-0.431670520275855,0.000701285275637065,-0.00500754113303742,-3.96668094601853e-05
0.657473248795864,-0.431670520275855,0.000701285275637065,-0.00500754113303742,-3.96668094601853e-05
0.658174534071501,-0.436678061408892,0.000701956769725398,-0.00496738927233081,-4.03499141405769e-05
0.658174534071501,-0.436678061408892,0.000701956769725398,-0.00496738927233081,-4.03499141405769e-05
0.658876490841227,-0.441645450681223,0.000702500770012215,-0.0049265576279669,-4.0992823905503e-05
0.658876490841227,-0.441645450681223,0.000702500770012215,-0.0049265576279669,-4.0992823905503e-05
0.659578991611239,-0.44657200830919,0.000702931415923369,-0.0048850846980707,-4.15944097099706e-05
0.659578991611239,-0.44657200830919,0.000702931415923369,-0.0048850846980707,-4.15944097099706e-05
0.660281923027162,-0.451457093007261,0.000703260627719193,-0.00484301038982399,-4.21536168774229e-05
0.660281923027162,-0.451457093007261,0.000703260627719193,-0.00484301038982399,-4.21536168774229e-05
0.660985183654882,-0.456300103397085,0.000703497982909473,-0.00480037597684158,-4.26694664228235e-05
0.660985183654882,-0.456300103397085,0.000703497982909473,-0.00480037597684158,-4.26694664228235e-05
0.661688681637791,-0.461100479373926,0.000703650619260365,-0.0047572240527704,-4.31410563886342e-05
0.661688681637791,-0.461100479373926,0.000703650619260365,-0.0047572240527704,-4.31410563886342e-05
0.662392332257051,-0.465857703426697,0.00070372316444367,-0.00471359848103403,-4.35675632435998e-05
0.662392332257051,-0.465857703426697,0.00070372316444367,-0.00471359848103403,-4.35675632435998e-05
0.663096055421495,-0.470571301907731,0.000703717692123629,-0.0046695443405782,-4.39482433035121e-05
0.663096055421495,-0.470571301907731,0.000703717692123629,-0.0046695443405782,-4.39482433035121e-05
0.663799773113619,-0.475240846248309,0.000703633703996287,-0.00462510786749387,-4.42824341604269e-05
0.663799773113619,-0.475240846248309,0.000703633703996287,-0.00462510786749387,-4.42824341604269e-05
0.664503406817615,-0.479865954115803,0.000703468137060126,-0.00458033639237487,-4.45695561197869e-05
0.664503406817615,-0.479865954115803,0.000703468137060126,-0.00458033639237487,-4.45695561197869e-05
0.665206874954675,-0.484446290508178,0.000703215395156942,-0.00453527827323214,-4.48091136167547e-05
0.665206874954675,-0.484446290508178,0.000703215395156942,-0.00453527827323214,-4.48091136167547e-05
0.665910090349832,-0.48898156878141,0.000702867403617802,-0.00448998282377333,-4.50006965565632e-05
0.665910090349832,-0.48898156878141,0.000702867403617802,-0.00448998282377333,-4.50006965565632e-05
0.66661295775345,-0.493471551605183,0.000702413685642833,-0.00444450023687271,-4.51439815501564e-05
0.66661295775345,-0.493471551605183,0.000702413685642833,-0.00444450023687271,-4.51439815501564e-05
0.667315371439093,-0.497916051842056,0.000701841458864538,-0.00439888150304552,-4.52387329446385e-05
0.667315371439093,-0.497916051842056,0.000701841458864538,-0.00439888150304552,-4.52387329446385e-05
0.668017212897957,-0.502314933345101,0.000701135750379445,-0.00435317832380899,-4.5284803741435e-05
0.668017212897957,-0.502314933345101,0.000701135750379445,-0.00435317832380899,-4.5284803741435e-05
0.668718348648337,-0.50666811166891,0.000700279528434988,-0.00430744301968267,-4.52821362479346e-05
0.668718348648337,-0.50666811166891,0.000700279528434988,-0.00430744301968267,-4.52821362479346e-05
0.669418628176772,-0.510975554688593,0.000699253848823078,-0.00426172843271999,-4.52307624641208e-05
0.669418628176772,-0.510975554688593,0.000699253848823078,-0.00426172843271999,-4.52307624641208e-05
0.670117882025595,-0.515237283121313,0.000698038013968949,-0.00421608782344751,-4.51308041953527e-05
0.670117882025595,-0.515237283121313,0.000698038013968949,-0.00421608782344751,-4.51308041953527e-05
0.670815920039564,-0.51945337094476,0.000696609742664167,-0.00417057476209459,-4.49824728799737e-05
0.670815920039564,-0.51945337094476,0.000696609742664167,-0.00417057476209459,-4.49824728799737e-05
0.671512529782228,-0.523623945706855,0.000694945348326814,-0.00412524301402772,-4.47860690835303e-05
0.671512529782228,-0.523623945706855,0.000694945348326814,-0.00412524301402772,-4.47860690835303e-05
0.672207475130555,-0.527749188720883,0.000693019923722615,-0.00408014641937116,-4.45419816044266e-05
0.672207475130555,-0.527749188720883,0.000693019923722615,-0.00408014641937116,-4.45419816044266e-05
0.672900495054277,-0.531829335140254,0.000690807530100646,-0.0040353387668941,-4.42506863198725e-05
0.672900495054277,-0.531829335140254,0.000690807530100646,-0.0040353387668941,-4.42506863198725e-05
0.673591302584378,-0.535864673907148,0.000688281388730005,-0.00399087366217388,-4.39127446952361e-05
0.673591302584378,-0.535864673907148,0.000688281388730005,-0.00399087366217388,-4.39127446952361e-05
0.674279583973108,-0.539855547569322,0.000685414072918444,-0.00394680439019035,-4.3528801997178e-05
0.674279583973108,-0.539855547569322,0.000685414072918444,-0.00394680439019035,-4.3528801997178e-05
0.674964998046026,-0.543802351959512,0.000682177698705599,-0.0039031837725495,-4.30995852280644e-05
0.674964998046026,-0.543802351959512,0.000682177698705599,-0.0039031837725495,-4.30995852280644e-05
0.675647175744732,-0.547705535732062,0.000678544112541646,-0.00386006401961514,-4.26259008535447e-05
0.675647175744732,-0.547705535732062,0.000678544112541646,-0.00386006401961514,-4.26259008535447e-05
0.676325719857274,-0.551565599751677,0.000674485074388609,-0.00381749657786845,-4.21086323280787e-05
0.676325719857274,-0.551565599751677,0.000674485074388609,-0.00381749657786845,-4.21086323280787e-05
0.677000204931662,-0.555383096329545,0.000669972434874211,-0.00377553197292568,-4.15487375203397e-05
0.677000204931662,-0.555383096329545,0.000669972434874211,-0.00377553197292568,-4.15487375203397e-05
0.677670177366536,-0.559158628302471,0.000664978305266239,-0.00373421964867759,-4.09472460737902e-05
0.677670177366536,-0.559158628302471,0.000664978305266239,-0.00373421964867759,-4.09472460737902e-05
0.678335155671803,-0.562892847951149,0.000659475219220496,-0.00369360780311623,-4.03052567935669e-05
0.678335155671803,-0.562892847951149,0.000659475219220496,-0.00369360780311623,-4.03052567935669e-05
0.678994630891023,-0.566586455754265,0.000653436285423692,-0.00365374322146916,-3.96239350673837e-05
0.678994630891023,-0.566586455754265,0.000653436285423692,-0.00365374322146916,-3.96239350673837e-05
0.679648067176447,-0.570240198975734,0.000646835330437301,-0.00361467110740132,-3.8904510523153e-05
0.679648067176447,-0.570240198975734,0.000646835330437301,-0.00361467110740132,-3.8904510523153e-05
0.680294902506884,-0.573854870083135,0.000639647031211776,-0.00357643491298998,-3.81482749017229e-05
0.680294902506884,-0.573854870083135,0.000639647031211776,-0.00357643491298998,-3.81482749017229e-05
0.680934549538096,-0.577431304996125,0.000631847036928535,-0.00353907616834415,-3.73565801917264e-05
0.680934549538096,-0.577431304996125,0.000631847036928535,-0.00353907616834415,-3.73565801917264e-05
0.681566396575024,-0.580970381164469,0.000623412079974295,-0.00350263431183528,-3.65308371339198e-05
0.681566396575024,-0.580970381164469,0.000623412079974295,-0.00350263431183528,-3.65308371339198e-05
0.682189808654999,-0.584473015476305,0.000614320076017694,-0.00346714652192581,-3.5672514222988e-05
0.682189808654999,-0.584473015476305,0.000614320076017694,-0.00346714652192581,-3.5672514222988e-05
0.682804128731016,-0.587940161998231,0.00060455021328587,-0.00343264755157169,-3.4783137197977e-05
0.682804128731016,-0.587940161998231,0.00060455021328587,-0.00343264755157169,-3.4783137197977e-05
0.683408678944302,-0.591372809549802,0.000594083031259074,-0.00339916956628517,-3.38642889963934e-05
0.683408678944302,-0.591372809549802,0.000594083031259074,-0.00339916956628517,-3.38642889963934e-05
0.684002761975561,-0.594771979116087,0.000582900489142668,-0.0033667419870419,-3.29176103153104e-05
0.684002761975561,-0.594771979116087,0.000582900489142668,-0.0033667419870419,-3.29176103153104e-05
0.684585662464704,-0.598138721103129,0.000570986024533648,-0.00333539133912975,-3.19448006860243e-05
0.684585662464704,-0.598138721103129,0.000570986024533648,-0.00333539133912975,-3.19448006860243e-05
0.685156648489238,-0.601474112442259,0.000558324602834004,-0.00330514110814384,-3.09476200880594e-05
0.685156648489238,-0.601474112442259,0.000558324602834004,-0.00330514110814384,-3.09476200880594e-05
0.685714973092072,-0.604779253550403,0.000544902757980803,-0.00327601160430291,-2.99278910603938e-05
0.685714973092072,-0.604779253550403,0.000544902757980803,-0.00327601160430291,-2.99278910603938e-05
0.686259875850053,-0.608055265154706,0.000530708625153364,-0.00324801983624889,-2.88875011301274e-05
0.686259875850053,-0.608055265154706,0.000530708625153364,-0.00324801983624889,-2.88875011301274e-05
0.686790584475206,-0.611303284990955,0.000515731966143851,-0.00322117939558808,-2.78284055599508e-05
0.686790584475206,-0.611303284990955,0.000515731966143851,-0.00322117939558808,-2.78284055599508e-05
0.68730631644135,-0.614524464386543,0.000499964188102275,-0.00319550035330141,-2.67526302411164e-05
0.68730631644135,-0.614524464386543,0.000499964188102275,-0.00319550035330141,-2.67526302411164e-05
0.687806280629452,-0.617719964739844,0.000483398356407982,-0.00317098916915259,-2.56622745250508e-05
0.687806280629452,-0.617719964739844,0.000483398356407982,-0.00317098916915259,-2.56622745250508e-05
0.68828967898586,-0.620890953908997,0.000466029202377372,-0.0031476486152292,-2.45595138186178e-05
0.68828967898586,-0.620890953908997,0.000466029202377372,-0.0031476486152292,-2.45595138186178e-05
0.688755708188237,-0.624038602524226,0.000447853126537723,-0.00312547771467608,-2.34466017360424e-05
0.688755708188237,-0.624038602524226,0.000447853126537723,-0.00312547771467608,-2.34466017360424e-05
0.689203561314775,-0.627164080238902,0.000428868198132704,-0.00310447169661532,-2.23258715223353e-05
0.689203561314775,-0.627164080238902,0.000428868198132704,-0.00310447169661532,-2.23258715223353e-05
0.689632429512908,-0.630268551935517,0.000409074151532018,-0.00308462196821968,-2.1199736546336e-05
0.689632429512908,-0.630268551935517,0.000409074151532018,-0.00308462196821968,-2.1199736546336e-05
0.69004150366444,-0.633353173903737,0.000388472380174809,-0.00306591610478102,-2.00706896388882e-05
0.69004150366444,-0.633353173903737,0.000388472380174809,-0.00306591610478102,-2.00706896388882e-05
0.690429976044615,-0.636419090008518,0.000367065928605359,-0.00304833785850245,-1.89413009913869e-05
0.690429976044615,-0.636419090008518,0.000367065928605359,-0.00304833785850245,-1.89413009913869e-05
0.69079704197322,-0.63946742786702,0.000344859483114468,-0.00303186718668336,-1.78142143587526e-05
0.69079704197322,-0.63946742786702,0.000344859483114468,-0.00303186718668336,-1.78142143587526e-05
0.691141901456334,-0.642499295053704,0.000321859361434584,-0.00301648029988644,-1.66921414767643e-05
0.691141901456334,-0.642499295053704,0.000321859361434584,-0.00301648029988644,-1.66921414767643e-05
0.691463760817769,-0.64551577535359,0.000298073501875495,-0.00300214973044599,-1.55778544639633e-05
0.691463760817769,-0.64551577535359,0.000298073501875495,-0.00300214973044599,-1.55778544639633e-05
0.691761834319645,-0.648517925084036,0.000273511452212771,-0.00298884442161773,-1.44741760852302e-05
0.691761834319645,-0.648517925084036,0.000273511452212771,-0.00298884442161773,-1.44741760852302e-05
0.692035345771857,-0.651506769505654,0.000248184358584758,-0.00297652983754026,-1.33839678432691e-05
0.692035345771857,-0.651506769505654,0.000248184358584758,-0.00297652983754026,-1.33839678432691e-05
0.692283530130442,-0.654483299343194,0.000222104954552549,-0.00296516809401137,-1.23101158729915e-05
0.692283530130442,-0.654483299343194,0.000222104954552549,-0.00296516809401137,-1.23101158729915e-05
0.692505635084995,-0.657448467437206,0.00019528755046383,-0.00295471810995418,-1.12555146864102e-05
0.692505635084995,-0.657448467437206,0.00019528755046383,-0.00295471810995418,-1.12555146864102e-05
0.692700922635458,-0.66040318554716,0.000167748023136127,-0.00294513577931976,-1.02230489678968e-05
0.692700922635458,-0.66040318554716,0.000167748023136127,-0.00294513577931976,-1.02230489678968e-05
0.692868670658595,-0.66334832132648,0.000139503805828611,-0.00293637416294856,-9.21557352612842e-06
0.692868670658595,-0.66334832132648,0.000139503805828611,-0.00293637416294856,-9.21557352612842e-06
0.693008174464423,-0.666284695489428,0.000110573878416065,-0.00292838369985049,-8.23589172398642e-06
0.693008174464423,-0.666284695489428,0.000110573878416065,-0.00292838369985049,-8.23589172398642e-06
0.693118748342839,-0.669213079189279,8.09787576310228e-05,-0.00292111243715021,-7.28673267969687e-06
0.693118748342839,-0.669213079189279,8.09787576310228e-05,-0.00292111243715021,-7.28673267969687e-06
0.69319972710047,-0.672134191626429,5.07404871766814e-05,-0.00291450627781997,-6.37072766427596e-06
0.69319972710047,-0.672134191626429,5.07404871766814e-05,-0.00291450627781997,-6.37072766427596e-06
0.693250467587647,-0.675048697904249,1.98826274397934e-05,-0.00290850924511854,-5.49038607923968e-06
0.693250467587647,-0.675048697904249,1.98826274397934e-05,-0.00290850924511854,-5.49038607923968e-06
0.693270350215087,-0.677957207149367,-1.1569755445584e-05,-0.0029030637625338,-4.64807146627203e-06
0.693270350215087,-0.677957207149367,-1.1569755445584e-05,-0.0029030637625338,-4.64807146627203e-06
0.693258780459641,-0.680860270911901,-4.35901015169993e-05,-0.00289811094787573,-3.84597800629069e-06
0.693258780459641,-0.680860270911901,-4.35901015169993e-05,-0.00289811094787573,-3.84597800629069e-06
0.693215190358124,-0.683758381859777,-7.61503702099153e-05,-0.00289359092002883,-3.08610807230351e-06
0.693215190358124,-0.683758381859777,-7.61503702099153e-05,-0.00289359092002883,-3.08610807230351e-06
0.693139039987914,-0.686651972779806,-0.000109221055249686,-0.00288944311663963,-2.37025117202439e-06
0.693139039987914,-0.686651972779806,-0.000109221055249686,-0.00288944311663963,-2.37025117202439e-06
0.693029818932665,-0.689541415896445,-0.000142771201576353,-0.0028856066210069,-1.69996482945979e-06
0.693029818932665,-0.689541415896445,-0.000142771201576353,-0.0028856066210069,-1.69996482945979e-06
0.692887047731088,-0.692427022517452,-0.000176768424687279,-0.00288202049620545,-1.07655772419151e-06
0.692887047731088,-0.692427022517452,-0.000176768424687279,-0.00288202049620545,-1.07655772419151e-06
0.692710279306401,-0.695309043013658,-0.000211178932747802,-0.00287862412444584,-5.01075469530338e-07
0.692710279306401,-0.695309043013658,-0.000211178932747802,-0.00287862412444584,-5.01075469530338e-07
0.692499100373653,-0.698187667138104,-0.000245967551817938,-0.00287535754954704,2.57106639693638e-08
0.692499100373653,-0.698187667138104,-0.000245967551817938,-0.00287535754954704,2.57106639693638e-08
0.692253132821835,-0.701063024687651,-0.000281097754527004,-0.00287216182030847,5.03311891289493e-07
0.692253132821835,-0.701063024687651,-0.000281097754527004,-0.00287216182030847,5.03311891289493e-07
0.691972035067308,-0.703935186507959,-0.000316531692488686,-0.00286897933255081,9.31526716155956e-07
0.691972035067308,-0.703935186507959,-0.000316531692488686,-0.00286897933255081,9.31526716155956e-07
0.69165550337482,-0.70680416584051,-0.000352230232726125,-0.00286575416751134,1.31044231536362e-06
0.69165550337482,-0.70680416584051,-0.000352230232726125,-0.00286575416751134,1.31044231536362e-06
0.691303273142093,-0.709669920008021,-0.000388152998341273,-0.00286243242427253,1.64043252699276e-06
0.691303273142093,-0.709669920008021,-0.000388152998341273,-0.00286243242427253,1.64043252699276e-06
0.690915120143752,-0.712532352432294,-0.000424258413609713,-0.0028589625439519,1.92215240802816e-06
0.690915120143752,-0.712532352432294,-0.000424258413609713,-0.0028589625439519,1.92215240802816e-06
0.690490861730142,-0.715391314976246,-0.000460503753642372,-0.00285529562332387,2.15652950992041e-06
0.690490861730142,-0.715391314976246,-0.000460503753642372,-0.00285529562332387,2.15652950992041e-06
0.6900303579765,-0.71824661059957,-0.00049684519871207,-0.00285138571562837,2.34475197614503e-06
0.6900303579765,-0.71824661059957,-0.00049684519871207,-0.00285138571562837,2.34475197614503e-06
0.689533512777788,-0.721097996315198,-0.000533237893250993,-0.00284719011632861,2.48825377866836e-06
0.689533512777788,-0.721097996315198,-0.000533237893250993,-0.00284719011632861,2.48825377866836e-06
0.689000274884537,-0.723945186431526,-0.000569636009541741,-0.00284266963175306,2.58869715880853e-06
0.689000274884537,-0.723945186431526,-0.000569636009541741,-0.00284266963175306,2.58869715880853e-06
0.688430638874995,-0.72678785606328,-0.000605992815999823,-0.00283778882846797,2.64795266843258e-06
0.688430638874995,-0.72678785606328,-0.000605992815999823,-0.00283778882846797,2.64795266843258e-06
0.687824646058995,-0.729625644891748,-0.000642260749949664,-0.00283251626142877,2.66807715089369e-06
0.687824646058995,-0.729625644891748,-0.000642260749949664,-0.00283251626142877,2.66807715089369e-06
0.687182385309046,-0.732458161153176,-0.000678391494701058,-0.00282682467910467,2.65128991173936e-06
0.687182385309046,-0.732458161153176,-0.000678391494701058,-0.00282682467910467,2.65128991173936e-06
0.686503993814345,-0.735284985832281,-0.000714336060721243,-0.00282069120379758,2.59994754918044e-06
0.686503993814345,-0.735284985832281,-0.000714336060721243,-0.00282069120379758,2.59994754918044e-06
0.685789657753623,-0.738105677036079,-0.000750044870626354,-0.00281409748563366,2.51651776806035e-06
0.685789657753623,-0.738105677036079,-0.000750044870626354,-0.00281409748563366,2.51651776806035e-06
0.685039612882997,-0.740919774521712,-0.000785467847698396,-0.0028070298288001,2.40355258079731e-06
0.685039612882997,-0.740919774521712,-0.000785467847698396,-0.0028070298288001,2.40355258079731e-06
0.684254145035299,-0.743726804350512,-0.000820554507590665,-0.00279947928878432,2.26366134458041e-06
0.684254145035299,-0.743726804350512,-0.000820554507590665,-0.00279947928878432,2.26366134458041e-06
0.683433590527708,-0.746526283639297,-0.000855254052856802,-0.00279144173960943,2.09948398899752e-06
0.683433590527708,-0.746526283639297,-0.000855254052856802,-0.00279144173960943,2.09948398899752e-06
0.682578336474851,-0.749317725378906,-0.000889515469933877,-0.00278291791020324,1.91366483803801e-06
0.682578336474851,-0.749317725378906,-0.000889515469933877,-0.00278291791020324,1.91366483803801e-06
0.681688821004917,-0.752100643289109,-0.000923287628193381,-0.00277391338925126,1.70882738771087e-06
0.681688821004917,-0.752100643289109,-0.000923287628193381,-0.00277391338925126,1.70882738771087e-06
0.680765533376724,-0.754874556678361,-0.00095651938065644,-0.00276443859807385,1.48755053267294e-06
0.680765533376724,-0.754874556678361,-0.00095651938065644,-0.00276443859807385,1.48755053267294e-06
0.679809013996068,-0.757638995276434,-0.000989159665994443,-0.00275450873140803,1.25234642597925e-06
0.679809013996068,-0.757638995276434,-0.000989159665994443,-0.00275450873140803,1.25234642597925e-06
0.678819854330073,-0.760393504007842,-0.00102115761144761,-0.0027441436660216,1.00564045053949e-06
0.678819854330073,-0.760393504007842,-0.00102115761144761,-0.0027441436660216,1.00564045053949e-06
0.677798696718625,-0.763137647673864,-0.00105246263631686,-0.00273336783747247,7.49753512087337e-07
0.677798696718625,-0.763137647673864,-0.00105246263631686,-0.00273336783747247,7.49753512087337e-07
0.676746234082309,-0.765871015511337,-0.00108302455570441,-0.00272221008546747,4.86886895179756e-07
0.676746234082309,-0.765871015511337,-0.00108302455570441,-0.00272221008546747,4.86886895179756e-07
0.675663209526604,-0.768593225596804,-0.00111279368422101,-0.00271070346848112,2.19109935773246e-07
0.675663209526604,-0.768593225596804,-0.00111279368422101,-0.00271070346848112,2.19109935773246e-07
0.674550415842383,-0.771303929065285,-0.00114172093944453,-0.0026988850485492,-5.16493194146865e-08
0.674550415842383,-0.771303929065285,-0.00114172093944453,-0.0026988850485492,-5.16493194146865e-08
0.673408694902939,-0.774002814113834,-0.00116975794492857,-0.00268679564738838,-3.2361038345384e-07
0.673408694902939,-0.774002814113834,-0.00116975794492857,-0.00268679564738838,-3.2361038345384e-07
0.67223893695801,-0.776689609761223,-0.00119685713262252,-0.00267447957517108,-5.95143506196012e-07
0.67223893695801,-0.776689609761223,-0.00119685713262252,-0.00267447957517108,-5.95143506196012e-07
0.671042079825388,-0.779364089336394,-0.00122297184461362,-0.00266198433345832,-8.64769750719054e-07
0.671042079825388,-0.779364089336394,-0.00122297184461362,-0.00266198433345832,-8.64769750719054e-07
0.669819107980774,-0.782026073669852,-0.00124805643415216,-0.00264936029400742,-1.13115798837903e-06
0.669819107980774,-0.782026073669852,-0.00124805643415216,-0.00264936029400742,-1.13115798837903e-06
0.668571051546622,-0.78467543396386,-0.00127206636596022,-0.00263666035542454,-1.39311900780245e-06
0.668571051546622,-0.78467543396386,-0.00127206636596022,-0.00263666035542454,-1.39311900780245e-06
0.667298985180662,-0.787312094319284,-0.00129495831585191,-0.00262393957976004,-1.64959693560451e-06
0.667298985180662,-0.787312094319284,-0.00129495831585191,-0.00262393957976004,-1.64959693560451e-06
0.66600402686481,-0.789936033899044,-0.00131669026973902,-0.00261125481132052,-1.89965827517838e-06
0.66600402686481,-0.789936033899044,-0.00131669026973902,-0.00261125481132052,-1.89965827517838e-06
0.664687336595071,-0.792547288710365,-0.00133722162209104,-0.0025986642801088,-2.14247888390834e-06
0.664687336595071,-0.792547288710365,-0.00133722162209104,-0.0025986642801088,-2.14247888390834e-06
0.66335011497298,-0.795145952990473,-0.00135651327398056,-0.00258622719244406,-2.37732929350525e-06
0.66335011497298,-0.795145952990473,-0.00135651327398056,-0.00258622719244406,-2.37732929350525e-06
0.661993601698999,-0.797732180182917,-0.00137452773078217,-0.00257400331146884,-2.60355882698415e-06
0.661993601698999,-0.797732180182917,-0.00137452773078217,-0.00257400331146884,-2.60355882698415e-06
0.660619073968217,-0.800306183494386,-0.00139122919965096,-0.00256205253032582,-2.82057908218428e-06
0.660619073968217,-0.800306183494386,-0.00139122919965096,-0.00256205253032582,-2.82057908218428e-06
0.659227844768566,-0.802868236024712,-0.00140658368686053,-0.0025504344408076,-3.02784727739805e-06
0.659227844768566,-0.802868236024712,-0.00140658368686053,-0.0025504344408076,-3.02784727739805e-06
0.657821261081705,-0.80541867046552,-0.00142055909504735,-0.00253920790039386,-3.22484999945669e-06
0.657821261081705,-0.80541867046552,-0.00142055909504735,-0.00253920790039386,-3.22484999945669e-06
0.656400701986658,-0.807957878365914,-0.00143312532041773,-0.0025284306006248,-3.41108793156485e-06
0.656400701986658,-0.807957878365914,-0.00143312532041773,-0.0025284306006248,-3.41108793156485e-06
0.65496757666624,-0.810486308966538,-0.00144425434991147,-0.00251815863977289,-3.58606213044085e-06
0.65496757666624,-0.810486308966538,-0.00144425434991147,-0.00251815863977289,-3.58606213044085e-06
0.653523322316329,-0.813004467606311,-0.00145392035829994,-0.00250844610273548,-3.74926234686683e-06
0.653523322316329,-0.813004467606311,-0.00145392035829994,-0.00250844610273548,-3.74926234686683e-06
0.652069401958029,-0.815512913709047,-0.00146209980513823,-0.00249934465108959,-3.9001578532199e-06
0.652069401958029,-0.815512913709047,-0.00146209980513823,-0.00249934465108959,-3.9001578532199e-06
0.650607302152891,-0.818012258360136,-0.0014687715314653,-0.00249090312621725,-4.03819123040612e-06
0.650607302152891,-0.818012258360136,-0.0014687715314653,-0.00249090312621725,-4.03819123040612e-06
0.649138530621425,-0.820503161486354,-0.00147391685609299,-0.00248316716831987,-4.16277546273379e-06
0.649138530621425,-0.820503161486354,-0.00147391685609299,-0.00248316716831987,-4.16277546273379e-06
0.647664613765332,-0.822986328654673,-0.00147751967127641,-0.00247617885406626,-4.27329462703496e-06
0.647664613765332,-0.822986328654673,-0.00147751967127641,-0.00247617885406626,-4.27329462703496e-06
0.646187094094056,-0.82546250750874,-0.0014795665375229,-0.00246997635549573,-4.3691082700502e-06
0.646187094094056,-0.82546250750874,-0.0014795665375229,-0.00246997635549573,-4.3691082700502e-06
0.644707527556533,-0.827932483864235,-0.00148004677725433,-0.00246459362277529,-4.44955962266994e-06
0.644707527556533,-0.827932483864235,-0.00148004677725433,-0.00246459362277529,-4.44955962266994e-06
0.643227480779279,-0.830397077487011,-0.00147895256699648,-0.002460060093187,-4.51398758314443e-06
0.643227480779279,-0.830397077487011,-0.00147895256699648,-0.002460060093187,-4.51398758314443e-06
0.641748528212282,-0.832857137580198,-0.00147627902773428,-0.00245640042860373,-4.56174235780602e-06
0.641748528212282,-0.832857137580198,-0.00147627902773428,-0.00245640042860373,-4.56174235780602e-06
0.640272249184548,-0.835313538008801,-0.00147202431303406,-0.00245363428349821,-4.59220443210784e-06
0.640272249184548,-0.835313538008801,-0.00147202431303406,-0.00245363428349821,-4.59220443210784e-06
0.638800224871514,-0.8377671722923,-0.00146618969449464,-0.00245177610542135,-4.60480655863809e-06
0.638800224871514,-0.8377671722923,-0.00146618969449464,-0.00245177610542135,-4.60480655863809e-06
0.637334035177019,-0.840218948397721,-0.0014587796440656,-0.00245083496960519,-4.59905829005474e-06
0.637334035177019,-0.840218948397721,-0.0014587796440656,-0.00245083496960519,-4.59905829005474e-06
0.635875255532954,-0.842669783367326,-0.00144980191272792,-0.0024508144491211,-4.5745724276112e-06
0.635875255532954,-0.842669783367326,-0.00144980191272792,-0.0024508144491211,-4.5745724276112e-06
0.634425453620226,-0.845120597816447,-0.00143926760500146,-0.0024517125218454,-4.53109279199447e-06
0.634425453620226,-0.845120597816447,-0.00143926760500146,-0.0024517125218454,-4.53109279199447e-06
0.632986186015224,-0.847572310338293,-0.00142719124870117,-0.0024535215151521,-4.46852260718115e-06
0.632986186015224,-0.847572310338293,-0.00142719124870117,-0.0024535215151521,-4.46852260718115e-06
0.631558994766523,-0.850025831853445,-0.00141359085931747,-0.00245622808895807,-4.38695256719211e-06
0.631558994766523,-0.850025831853445,-0.00141359085931747,-0.00245622808895807,-4.38695256719211e-06
0.630145403907206,-0.852482059942403,-0.00139848799839792,-0.00245981325759814,-4.28668786087941e-06
0.630145403907206,-0.852482059942403,-0.00139848799839792,-0.00245981325759814,-4.28668786087941e-06
0.628746915908808,-0.854941873200001,-0.00138190782521708,-0.00246425245061899,-4.16827325737997e-06
0.628746915908808,-0.854941873200001,-0.00138190782521708,-0.00246425245061899,-4.16827325737997e-06
0.627365008083591,-0.85740612565062,-0.00136387914099911,-0.00246951561232112,-4.03251538669356e-06
0.627365008083591,-0.85740612565062,-0.00136387914099911,-0.00246951561232112,-4.03251538669356e-06
0.626001128942592,-0.859875641262941,-0.00134443442492327,-0.00247556733958876,-3.88050132869985e-06
0.626001128942592,-0.859875641262941,-0.00134443442492327,-0.00247556733958876,-3.88050132869985e-06
0.624656694517668,-0.86235120860253,-0.00132360986110103,-0.00248236705731453,-3.71361278821971e-06
0.624656694517668,-0.86235120860253,-0.00132360986110103,-0.00248236705731453,-3.71361278821971e-06
0.623333084656567,-0.864833575659844,-0.00130144535567089,-0.00248986923036809,-3.53353502201411e-06
0.623333084656567,-0.864833575659844,-0.00130144535567089,-0.00248986923036809,-3.53353502201411e-06
0.622031639300896,-0.867323444890213,-0.00127798454314432,-0.00249802361090512,-3.34225994091551e-06
0.622031639300896,-0.867323444890213,-0.00127798454314432,-0.00249802361090512,-3.34225994091551e-06
0.620753654757752,-0.869821468501118,-0.00125327478110926,-0.00250677551950051,-3.14208293551678e-06
0.620753654757752,-0.869821468501118,-0.00125327478110926,-0.00250677551950051,-3.14208293551678e-06
0.619500379976643,-0.872328244020618,-0.00122736713239591,-0.00251606615828093,-2.9355929815557e-06
0.619500379976643,-0.872328244020618,-0.00122736713239591,-0.00251606615828093,-2.9355929815557e-06
0.618273012844247,-0.874844310178899,-0.0012003163337988,-0.00252583295410103,-2.72565583706941e-06
0.618273012844247,-0.874844310178899,-0.0012003163337988,-0.00252583295410103,-2.72565583706941e-06
0.617072696510448,-0.877370143133,-0.00117218075047609,-0.00253600992957437,-2.51539030657897e-06
0.617072696510448,-0.877370143133,-0.00117218075047609,-0.00253600992957437,-2.51539030657897e-06
0.615900515759972,-0.879906153062574,-0.00114302231514385,-0.00254652809958922,-2.30813776070553e-06
0.615900515759972,-0.879906153062574,-0.00114302231514385,-0.00254652809958922,-2.30813776070553e-06
0.614757493444828,-0.882452681162164,-0.0011129064512414,-0.00255731589072261,-2.10742524779303e-06
0.614757493444828,-0.882452681162164,-0.0011129064512414,-0.00255731589072261,-2.10742524779303e-06
0.613644586993587,-0.885009997052886,-0.00108190197931723,-0.00256829958081273,-1.9169227856307e-06
0.613644586993587,-0.885009997052886,-0.00108190197931723,-0.00256829958081273,-1.9169227856307e-06
0.612562685014269,-0.887578296633699,-0.00105008100590076,-0.00257940375577193,-1.74039544111266e-06
0.612562685014269,-0.887578296633699,-0.00105008100590076,-0.00257940375577193,-1.74039544111266e-06
0.611512604008369,-0.890157700389471,-0.00101751879428824,-0.0025905517806698,-1.58165118405683e-06
0.611512604008369,-0.890157700389471,-0.00101751879428824,-0.0025905517806698,-1.58165118405683e-06
0.61049508521408,-0.892748252170141,-0.000984293616717147,-0.0026016662818944,-1.44448543670057e-06
0.61049508521408,-0.892748252170141,-0.000984293616717147,-0.0026016662818944,-1.44448543670057e-06
0.609510791597363,-0.895349918452035,-0.000950486587538601,-0.00261266963717299,-1.33262339733218e-06
0.609510791597363,-0.895349918452035,-0.000950486587538601,-0.00261266963717299,-1.33262339733218e-06
0.608560305009825,-0.897962588089208,-0.000916181477149225,-0.00262348447016092,-1.24966136568882e-06
0.608560305009825,-0.897962588089208,-0.000916181477149225,-0.00262348447016092,-1.24966136568882e-06
0.607644123532675,-0.900586072559369,-0.000881464506583662,-0.00263403414617258,-1.19900814754331e-06
0.607644123532675,-0.900586072559369,-0.000881464506583662,-0.00263403414617258,-1.19900814754331e-06
0.606762659026092,-0.903220106705542,-0.000846424122833533,-0.00264424326569834,-1.18382775908359e-06
0.606762659026092,-0.903220106705542,-0.000846424122833533,-0.00264424326569834,-1.18382775908359e-06
0.605916234903258,-0.90586434997124,-0.000811150755137047,-0.00265403815227583,-1.20698456384377e-06
0.605916234903258,-0.90586434997124,-0.000811150755137047,-0.00265403815227583,-1.20698456384377e-06
0.605105084148121,-0.908518388123516,-0.000775736552662054,-0.00266334733127993,-1.27099180664402e-06
0.605105084148121,-0.908518388123516,-0.000775736552662054,-0.00266334733127993,-1.27099180664402e-06
0.604329347595459,-0.911181735454796,-0.000740275104210042,-0.00267210199630208,-1.37796446814803e-06
0.604329347595459,-0.911181735454796,-0.000740275104210042,-0.00267210199630208,-1.37796446814803e-06
0.603589072491249,-0.913853837451098,-0.000704861140731095,-0.00268023645986282,-1.5295772491002e-06
0.603589072491249,-0.913853837451098,-0.000704861140731095,-0.00268023645986282,-1.5295772491002e-06
0.602884211350518,-0.916534073910961,-0.000669590221662242,-0.00268768858526669,-1.72702834421151e-06
0.602884211350518,-0.916534073910961,-0.000669590221662242,-0.00268768858526669,-1.72702834421151e-06
0.602214621128856,-0.919221762496227,-0.00063455840625104,-0.00269440019652389,-1.97100943336633e-06
0.602214621128856,-0.919221762496227,-0.00063455840625104,-0.00269440019652389,-1.97100943336633e-06
0.601580062722605,-0.921916162692751,-0.00059986191122785,-0.00270031746346677,-2.26168224887364e-06
0.601580062722605,-0.921916162692751,-0.00059986191122785,-0.00270031746346677,-2.26168224887364e-06
0.600980200811377,-0.924616480156218,-0.000565596756367137,-0.00270539125933256,-2.59866187958362e-06
0.600980200811377,-0.924616480156218,-0.000565596756367137,-0.00270539125933256,-2.59866187958362e-06
0.60041460405501,-0.927321871415551,-0.000531858399613672,-0.0027095774883048,-2.98100688752136e-06
0.60041460405501,-0.927321871415551,-0.000531858399613672,-0.0027095774883048,-2.98100688752136e-06
0.599882745655396,-0.930031448903855,-0.000498741363597621,-0.00271283738068284,-3.40721608784421e-06
0.599882745655396,-0.930031448903855,-0.000498741363597621,-0.00271283738068284,-3.40721608784421e-06
0.599384004291799,-0.932744286284538,-0.000466338855496518,-0.00271513775364474,-3.87523184942418e-06
0.599384004291799,-0.932744286284538,-0.000466338855496518,-0.00271513775364474,-3.87523184942418e-06
0.598917665436302,-0.935459424038183,-0.000434742382331321,-0.00271645123576225,-4.38244959147108e-06
0.598917665436302,-0.935459424038183,-0.000434742382331321,-0.00271645123576225,-4.38244959147108e-06
0.598482923053971,-0.938175875273945,-0.000404041363848195,-0.0027167564537367,-4.92573313629324e-06
0.598482923053971,-0.938175875273945,-0.000404041363848195,-0.0027167564537367,-4.92573313629324e-06
0.598078881690122,-0.940892631727682,-0.000374322745248956,-0.00271603818008004,-5.50143546704414e-06
0.598078881690122,-0.940892631727682,-0.000374322745248956,-0.00271603818008004,-5.50143546704414e-06
0.597704558944874,-0.943608669907762,-0.000345670612087012,-0.00271428744080293,-6.10542454128728e-06
0.597704558944874,-0.943608669907762,-0.000345670612087012,-0.00271428744080293,-6.10542454128728e-06
0.597358888332786,-0.946322957348565,-0.00031816580968369,-0.00271150158238365,-6.73311367286461e-06
0.597358888332786,-0.946322957348565,-0.00031816580968369,-0.00271150158238365,-6.73311367286461e-06
0.597040722523103,-0.949034458930949,-0.00029188556943216,-0.00270768429763923,-7.37949606596962e-06
0.597040722523103,-0.949034458930949,-0.00029188556943216,-0.00270768429763923,-7.37949606596962e-06
0.596748836953671,-0.951742143228588,-0.000266903144408692,-0.00270284561039857,-8.03918307617363e-06
0.596748836953671,-0.951742143228588,-0.000266903144408692,-0.00270284561039857,-8.03918307617363e-06
0.596481933809262,-0.954444988838986,-0.000243287456636154,-0.00269700181919896,-8.70644580969063e-06
0.596481933809262,-0.954444988838986,-0.000243287456636154,-0.00269700181919896,-8.70644580969063e-06
0.596238646352626,-0.957141990658185,-0.000221102758373504,-0.00269017540052852,-9.375259753214e-06
0.596238646352626,-0.957141990658185,-0.000221102758373504,-0.00269017540052852,-9.375259753214e-06
0.596017543594252,-0.959832166058714,-0.000200408309736111,-0.00268239487240307,-1.00393521553538e-05
0.596017543594252,-0.959832166058714,-0.000200408309736111,-0.00268239487240307,-1.00393521553538e-05
0.595817135284516,-0.962514560931117,-0.000181258074879675,-0.00267369461934142,-1.06922519319654e-05
0.595817135284516,-0.962514560931117,-0.000181258074879675,-0.00267369461934142,-1.06922519319654e-05
0.595635877209637,-0.965188255550458,-0.00016370043890257,-0.00266411468006589,-1.13273418762437e-05
0.595635877209637,-0.965188255550458,-0.00016370043890257,-0.00266411468006589,-1.13273418762437e-05
0.595472176770734,-0.967852370230524,-0.000147777947536287,-0.00265370049954805,-1.19379130769826e-05
0.595472176770734,-0.967852370230524,-0.000147777947536287,-0.00265370049954805,-1.19379130769826e-05
0.595324398823198,-0.970506070730072,-0.000133527071568995,-0.00264250264722365,-1.25172214467868e-05
0.595324398823198,-0.970506070730072,-0.000133527071568995,-0.00264250264722365,-1.25172214467868e-05
0.595190871751629,-0.973148573377296,-0.000120977997834726,-0.0026305765034299,-1.30585462739625e-05
0.595190871751629,-0.973148573377296,-0.000120977997834726,-0.0026305765034299,-1.30585462739625e-05
0.595069893753794,-0.975779149880726,-0.000110154448460853,-0.00261798191634888,-1.35552508062366e-05
0.595069893753794,-0.975779149880726,-0.000110154448460853,-0.00261798191634888,-1.35552508062366e-05
0.594959739305333,-0.978397131797075,-0.000101073529894302,-0.00260478283187571,-1.40008447821636e-05
0.594959739305333,-0.978397131797075,-0.000101073529894302,-0.00260478283187571,-1.40008447821636e-05
0.594858665775439,-0.98100191462895,-9.37456130691849e-05,-0.00259104689903544,-1.43890488973645e-05
0.594858665775439,-0.98100191462895,-9.37456130691849e-05,-0.00259104689903544,-1.43890488973645e-05
0.59476492016237,-0.983592961527986,-8.8174245914896e-05,-0.00257684505366451,-1.47138610345088e-05
0.59476492016237,-0.983592961527986,-8.8174245914896e-05,-0.00257684505366451,-1.47138610345088e-05
0.594676745916455,-0.98616980658165,-8.43560992276338e-05,-0.00256225108325636,-1.49696240731262e-05
0.594676745916455,-0.98616980658165,-8.43560992276338e-05,-0.00256225108325636,-1.49696240731262e-05
0.594592389817227,-0.988732057664907,-8.22809467073693e-05,-0.00254734117597311,-1.5151095012714e-05
0.594592389817227,-0.988732057664907,-8.22809467073693e-05,-0.00254734117597311,-1.5151095012714e-05
0.59451010887052,-0.99127939884088,-8.19316797796565e-05,-0.00253219345688227,-1.52535150337867e-05
0.59451010887052,-0.99127939884088,-8.19316797796565e-05,-0.00253219345688227,-1.52535150337867e-05
0.59442817719074,-0.993811592297762,-8.32843576146214e-05,-0.00251688751448675,-1.52726797474504e-05
0.59442817719074,-0.993811592297762,-8.32843576146214e-05,-0.00251688751448675,-1.52726797474504e-05
0.594344892833125,-0.996328479812249,-8.63082925585124e-05,-0.00250150392080861,-1.52050089352448e-05
0.594344892833125,-0.996328479812249,-8.63082925585124e-05,-0.00250150392080861,-1.52050089352448e-05
0.594258584540567,-0.998829983733057,-9.09661709441734e-05,-0.00248612374820989,-1.50476147342785e-05
0.594258584540567,-0.998829983733057,-9.09661709441734e-05,-0.00248612374820989,-1.50476147342785e-05
0.594167618369623,-1.00131610748127,-9.72142090497341e-05,-0.00247082808615606,-1.47983670076074e-05
0.594167618369623,-1.00131610748127,-9.72142090497341e-05,-0.00247082808615606,-1.47983670076074e-05
0.594070404160573,-1.00378693556742,-0.000105002343761429,-0.00245569756110298,-1.44559543900128e-05
0.594070404160573,-1.00378693556742,-0.000105002343761429,-0.00245569756110298,-1.44559543900128e-05
0.593965401816812,-1.00624263312853,-0.000114274457270191,-0.002440811862646,-1.40199392125971e-05
0.593965401816812,-1.00624263312853,-0.000114274457270191,-0.002440811862646,-1.40199392125971e-05
0.593851127359541,-1.00868344499117,-0.000124968634917955,-0.00242624927905744,-1.34908045017622e-05
0.593851127359541,-1.00868344499117,-0.000124968634917955,-0.00242624927905744,-1.34908045017622e-05
0.593726158724623,-1.01110969427023,-0.000137017455091648,-0.00241208624510758,-1.28699907791172e-05
0.593726158724623,-1.01110969427023,-0.000137017455091648,-0.00241208624510758,-1.28699907791172e-05
0.593589141269532,-1.01352178051534,-0.000150348309846726,-0.00239839690513177,-1.21599206427355e-05
0.593589141269532,-1.01352178051534,-0.000150348309846726,-0.00239839690513177,-1.21599206427355e-05
0.593438792959685,-1.01592017742047,-0.000164883754741441,-0.00238525269402623,-1.13640089240597e-05
0.593438792959685,-1.01592017742047,-0.000164883754741441,-0.00238525269402623,-1.13640089240597e-05
0.593273909204944,-1.0183054301145,-0.000180541886171781,-0.00237272193877436,-1.04866564659793e-05
0.593273909204944,-1.0183054301145,-0.000180541886171781,-0.00237272193877436,-1.04866564659793e-05
0.593093367318772,-1.02067815205327,-0.000197236744288509,-0.00236086948291492,-9.53322586443733e-06
0.593093367318772,-1.02067815205327,-0.000197236744288509,-0.00236086948291492,-9.53322586443733e-06
0.592896130574483,-1.02303902153618,-0.000214878739411506,-0.00234975633615941,-8.50999793283475e-06
0.592896130574483,-1.02303902153618,-0.000214878739411506,-0.00234975633615941,-8.50999793283475e-06
0.592681251835072,-1.02538877787234,-0.000233375099671251,-0.00233943935118464,-7.4241083150811e-06
0.592681251835072,-1.02538877787234,-0.000233375099671251,-0.00233943935118464,-7.4241083150811e-06
0.592447876735401,-1.02772821722353,-0.000252630337468918,-0.00232997092936071,-6.28346424784128e-06
0.592447876735401,-1.02772821722353,-0.000252630337468918,-0.00232997092936071,-6.28346424784128e-06
0.592195246397932,-1.03005818815289,-0.000272546732173251,-0.00232139875705428,-5.0966424886491e-06
0.592195246397932,-1.03005818815289,-0.000272546732173251,-0.00232139875705428,-5.0966424886491e-06
0.591922699665758,-1.03237958690994,-0.000293024826358512,-0.00231376557381524,-3.87277010450646e-06
0.591922699665758,-1.03237958690994,-0.000293024826358512,-0.00231376557381524,-3.87277010450646e-06
0.5916296748394,-1.03469335248376,-0.000313963932768724,-0.00230710897360642,-2.6213908261739e-06
0.5916296748394,-1.03469335248376,-0.000313963932768724,-0.00230710897360642,-2.6213908261739e-06
0.591315710906631,-1.03700046145737,-0.000335262649061918,-0.00230146123992525,-1.35232025519393e-06
0.591315710906631,-1.03700046145737,-0.000335262649061918,-0.00230146123992525,-1.35232025519393e-06
0.590980448257569,-1.03930192269729,-0.000356819377349549,-0.00229684921553686,-7.54940243938643e-08
0.590980448257569,-1.03930192269729,-0.000356819377349549,-0.00229684921553686,-7.54940243938643e-08
0.59062362888022,-1.04159877191283,-0.000378532845451862,-0.00229329420723201,1.19918667225612e-06
0.59062362888022,-1.04159877191283,-0.000378532845451862,-0.00229329420723201,1.19918667225612e-06
0.590245096034768,-1.04389206612006,-0.000400302626738624,-0.00229081192583624,2.46200753105212e-06
0.590245096034768,-1.04389206612006,-0.000400302626738624,-0.00229081192583624,2.46200753105212e-06
0.589844793408029,-1.0461828780459,-0.000422029655405276,-0.0022894124614723,3.70358696458357e-06
0.589844793408029,-1.0461828780459,-0.000422029655405276,-0.0022894124614723,3.70358696458357e-06
0.589422763752624,-1.04847229050737,-0.000443616734046581,-0.00228910029383567,4.91501105744649e-06
0.589422763752624,-1.04847229050737,-0.000443616734046581,-0.00228910029383567,4.91501105744649e-06
0.588979147018577,-1.0507613908012,-0.000464969030381068,-0.00228987433705741,6.08795387102437e-06
0.588979147018577,-1.0507613908012,-0.000464969030381068,-0.00228987433705741,6.08795387102437e-06
0.588514177988196,-1.05305126513826,-0.000485994560039504,-0.00229172801845601,7.2147802108553e-06
0.588514177988196,-1.05305126513826,-0.000485994560039504,-0.00229172801845601,7.2147802108553e-06
0.588028183428157,-1.05534299315672,-0.000506604652369624,-0.00229464939038704,8.28862863329035e-06
0.588028183428157,-1.05534299315672,-0.000506604652369624,-0.00229464939038704,8.28862863329035e-06
0.587521578775787,-1.0576376425471,-0.000526714396308248,-0.00229862127410785,9.30347344335917e-06
0.587521578775787,-1.0576376425471,-0.000526714396308248,-0.00229862127410785,9.30347344335917e-06
0.586994864379479,-1.05993626382121,-0.00054624306347606,-0.00230362143435148,1.02541654486755e-05
0.586994864379479,-1.05993626382121,-0.00054624306347606,-0.00230362143435148,1.02541654486755e-05
0.586448621316003,-1.06223988525556,-0.000565114505770681,-0.00230962278319491,1.11364519621866e-05
0.586448621316003,-1.06223988525556,-0.000565114505770681,-0.00230962278319491,1.11364519621866e-05
0.585883506810232,-1.06454950803876,-0.000583257524901071,-0.00231659361158076,1.1946977321751e-05
0.585883506810232,-1.06454950803876,-0.000583257524901071,-0.00231659361158076,1.1946977321751e-05
0.585300249285331,-1.06686610165034,-0.000600606211475951,-0.00232449784668209,1.26832657679492e-05
0.585300249285331,-1.06686610165034,-0.000600606211475951,-0.00232449784668209,1.26832657679492e-05
0.584699643073855,-1.06919059949702,-0.000617100251444791,-0.00233329533312765,1.33436889874347e-05
0.584699643073855,-1.06919059949702,-0.000617100251444791,-0.00233329533312765,1.33436889874347e-05
0.58408254282241,-1.07152389483015,-0.0006326851979227,-0.00234294213597819,1.39274208346995e-05
0.58408254282241,-1.07152389483015,-0.0006326851979227,-0.00234294213597819,1.39274208346995e-05
0.583449857624488,-1.07386683696613,-0.000647312706643532,-0.00235339086318054,1.44343819769664e-05
0.583449857624488,-1.07386683696613,-0.000647312706643532,-0.00235339086318054,1.44343819769664e-05
0.582802544917844,-1.07622022782931,-0.000660940733578363,-0.00236459100518527,1.48651770350101e-05
0.582802544917844,-1.07622022782931,-0.000660940733578363,-0.00236459100518527,1.48651770350101e-05
0.582141604184266,-1.07858481883449,-0.000673533693484107,-0.00237648928925505,1.52210267403904e-05
0.582141604184266,-1.07858481883449,-0.000673533693484107,-0.00237648928925505,1.52210267403904e-05
0.581468070490782,-1.08096130812375,-0.000685062578467677,-0.00238903004590818,1.55036974624672e-05
0.581468070490782,-1.08096130812375,-0.000685062578467677,-0.00238903004590818,1.55036974624672e-05
0.580783007912314,-1.08335033816966,-0.000695505035916644,-0.00240215558494139,1.57154301336435e-05
0.580783007912314,-1.08335033816966,-0.000695505035916644,-0.00240215558494139,1.57154301336435e-05
0.580087502876397,-1.0857524937546,-0.000704845405496979,-0.00241580657841212,1.58588703364488e-05
0.580087502876397,-1.0857524937546,-0.000704845405496979,-0.00241580657841212,1.58588703364488e-05
0.5793826574709,-1.08816830033301,-0.00071307471518034,-0.0024299224479758,1.59370010160932e-05
0.5793826574709,-1.08816830033301,-0.00071307471518034,-0.0024299224479758,1.59370010160932e-05
0.57866958275572,-1.09059822278099,-0.000720190636601004,-0.00244444175399505,1.59530789713585e-05
0.57866958275572,-1.09059822278099,-0.000720190636601004,-0.00244444175399505,1.59530789713585e-05
0.577949392119119,-1.09304266453498,-0.000726197400369388,-0.0024593025838715,1.59105759504328e-05
0.577949392119119,-1.09304266453498,-0.000726197400369388,-0.0024593025838715,1.59105759504328e-05
0.57722319471875,-1.09550196711885,-0.000731105672244325,-0.00247444293707377,1.58131250582029e-05
0.57722319471875,-1.09550196711885,-0.000731105672244325,-0.00247444293707377,1.58131250582029e-05
0.576492089046505,-1.09797641005593,-0.000734932391406096,-0.00248980110450048,1.56644727724387e-05
0.576492089046505,-1.09797641005593,-0.000734932391406096,-0.00248980110450048,1.56644727724387e-05
0.575757156655099,-1.10046621116043,-0.00073770057235123,-0.0025053160398274,1.54684367133541e-05
0.575757156655099,-1.10046621116043,-0.00073770057235123,-0.0025053160398274,1.54684367133541e-05
0.575019456082748,-1.10297152720025,-0.000739439072165338,-0.00252092772057155,1.52288692805763e-05
0.575019456082748,-1.10297152720025,-0.000739439072165338,-0.00252092772057155,1.52288692805763e-05
0.574280017010583,-1.10549245492083,-0.000740182325199679,-0.00253657749683156,1.49496269216047e-05
0.574280017010583,-1.10549245492083,-0.000740182325199679,-0.00253657749683156,1.49496269216047e-05
0.573539834685383,-1.10802903241766,-0.000739970047420546,-0.00255220842568571,1.46345448305495e-05
0.573539834685383,-1.10802903241766,-0.000739970047420546,-0.00255220842568571,1.46345448305495e-05
0.572799864637962,-1.11058124084334,-0.000738846912865521,-0.0025677655894325,1.42874167093103e-05
0.572799864637962,-1.11058124084334,-0.000738846912865521,-0.0025677655894325,1.42874167093103e-05
0.572061017725097,-1.11314900643277,-0.000736862204844368,-0.00258319639597171,1.39119791889241e-05
0.572061017725097,-1.11314900643277,-0.000736862204844368,-0.00258319639597171,1.39119791889241e-05
0.571324155520253,-1.11573220282875,-0.000734069444659258,-0.00259845085979182,1.3511900456955e-05
0.571324155520253,-1.11573220282875,-0.000734069444659258,-0.00259845085979182,1.3511900456955e-05
0.570590086075593,-1.11833065368854,-0.000730526000718545,-0.00261348186220389,1.3090772612156e-05
0.570590086075593,-1.11833065368854,-0.000730526000718545,-0.00261348186220389,1.3090772612156e-05
0.569859560074875,-1.12094413555074,-0.000726292681017315,-0.00262824538964157,1.26521071910106e-05
0.569859560074875,-1.12094413555074,-0.000726292681017315,-0.00262824538964157,1.26521071910106e-05
0.569133267393857,-1.12357238094038,-0.000721433312043218,-0.00264270074896733,1.2199333402959e-05
0.569133267393857,-1.12357238094038,-0.000721433312043218,-0.00264270074896733,1.2199333402959e-05
0.568411834081814,-1.12621508168935,-0.000716014307178825,-0.00265681075896373,1.17357985318293e-05
0.568411834081814,-1.12621508168935,-0.000716014307178825,-0.00265681075896373,1.17357985318293e-05
0.567695819774635,-1.12887189244831,-0.000710104227648278,-0.00267054191734517,1.12647699987219e-05
0.567695819774635,-1.12887189244831,-0.000710104227648278,-0.00267054191734517,1.12647699987219e-05
0.566985715546987,-1.13154243436566,-0.000703773339064462,-0.00268386454279312,1.07894385840447e-05
0.566985715546987,-1.13154243436566,-0.000703773339064462,-0.00268386454279312,1.07894385840447e-05
0.566281942207923,-1.13422629890845,-0.000697093166553642,-0.00269675289168458,1.0312922377834e-05
0.566281942207923,-1.13422629890845,-0.000697093166553642,-0.00269675289168458,1.0312922377834e-05
0.565584849041369,-1.13692305180014,-0.000690136051375245,-0.00270918524938302,9.83827095040043e-06
0.565584849041369,-1.13692305180014,-0.000690136051375245,-0.00270918524938302,9.83827095040043e-06
0.564894712989994,-1.13963223704952,-0.000682974711850193,-0.00272114399605261,9.36846943501522e-06
0.564894712989994,-1.13963223704952,-0.000682974711850193,-0.00272114399605261,9.36846943501522e-06
0.564211738278144,-1.14235338104557,-0.000675681811281081,-0.0027326156472145,8.90644207798613e-06
0.564211738278144,-1.14235338104557,-0.000675681811281081,-0.0027326156472145,8.90644207798613e-06
0.563536056466862,-1.14508599669279,-0.000668329535411183,-0.00274359086933185,8.45505495038115e-06
0.563536056466862,-1.14508599669279,-0.000668329535411183,-0.00274359086933185,8.45505495038115e-06
0.562867726931451,-1.14782958756212,-0.000660989181810234,-0.00275406447087456,8.01711750354544e-06
0.562867726931451,-1.14782958756212,-0.000660989181810234,-0.00275406447087456,8.01711750354544e-06
0.562206737749641,-1.15058365203299,-0.000653730763389149,-0.00276403536941605,7.59538275339582e-06
0.562206737749641,-1.15058365203299,-0.000653730763389149,-0.00276403536941605,7.59538275339582e-06
0.561553006986252,-1.15334768740241,-0.000646622628073912,-0.0027735065354606,7.19254586693373e-06
0.561553006986252,-1.15334768740241,-0.000646622628073912,-0.0027735065354606,7.19254586693373e-06
0.560906384358178,-1.15612119393787,-0.000639731096446217,-0.00278248491378719,6.81124098702917e-06
0.560906384358178,-1.15612119393787,-0.000639731096446217,-0.00278248491378719,6.81124098702917e-06
0.560266653261732,-1.15890367885166,-0.000633120118978536,-0.00279098132317723,6.45403625560564e-06
0.560266653261732,-1.15890367885166,-0.000633120118978536,-0.00279098132317723,6.45403625560564e-06
0.559633533142753,-1.16169466017484,-0.000626850954240643,-0.00279901033555996,6.12342690766874e-06
0.559633533142753,-1.16169466017484,-0.000626850954240643,-0.00279901033555996,6.12342690766874e-06
0.559006682188513,-1.1644936705104,-0.000620981869271953,-0.0028065901356098,5.82182647810734e-06
0.559006682188513,-1.1644936705104,-0.000620981869271953,-0.0028065901356098,5.82182647810734e-06
0.558385700319241,-1.16730026064601,-0.00061556786306316,-0.00281374236196319,5.55155617300903e-06
0.558385700319241,-1.16730026064601,-0.00061556786306316,-0.00281374236196319,5.55155617300903e-06
0.557770132456177,-1.17011400300797,-0.000610660413912667,-0.00282049193129152,5.31483247496762e-06
0.557770132456177,-1.17011400300797,-0.000610660413912667,-0.00282049193129152,5.31483247496762e-06
0.557159472042265,-1.17293449493926,-0.000606307251190152,-0.00282686684651279,5.1137531009173e-06
0.557159472042265,-1.17293449493926,-0.000606307251190152,-0.00282686684651279,5.1137531009173e-06
0.556553164791075,-1.17576136178577,-0.000602552151814595,-0.00283289799046571,4.95028149806107e-06
0.556553164791075,-1.17576136178577,-0.000602552151814595,-0.00283289799046571,4.95028149806107e-06
0.55595061263926,-1.17859425977624,-0.000599434761578088,-0.00283861890641957,4.82623012347918e-06
0.55595061263926,-1.17859425977624,-0.000599434761578088,-0.00283861890641957,4.82623012347918e-06
0.555351177877682,-1.18143287868266,-0.000596990441252387,-0.00284406556686045,4.74324271935566e-06
0.555351177877682,-1.18143287868266,-0.000596990441252387,-0.00284406556686045,4.74324271935566e-06
0.55475418743643,-1.18427694424952,-0.00059525013725914,-0.00284927613197605,4.70277588783844e-06
0.55475418743643,-1.18427694424952,-0.00059525013725914,-0.00284927613197605,4.70277588783844e-06
0.55415893729917,-1.18712622038149,-0.000594240276495239,-0.00285429069930276,4.70608026150246e-06
0.55415893729917,-1.18712622038149,-0.000594240276495239,-0.00285429069930276,4.70608026150246e-06
0.553564697022675,-1.1899805110808,-0.00059398268476285,-0.00285915104598611,4.75418159589071e-06
0.553564697022675,-1.1899805110808,-0.00059398268476285,-0.00285915104598611,4.75418159589071e-06
0.552970714337912,-1.19283966212678,-0.000594494528131428,-0.00286390036508721,4.84786218846482e-06
0.552970714337912,-1.19283966212678,-0.000594494528131428,-0.00286390036508721,4.84786218846482e-06
0.552376219809781,-1.19570356249187,-0.000595788276446241,-0.00286858299740067,4.98764293061209e-06
0.552376219809781,-1.19570356249187,-0.000595788276446241,-0.00286858299740067,4.98764293061209e-06
0.551780431533335,-1.19857214548927,-0.000597871688101104,-0.00287324416015688,5.17376649916733e-06
0.551780431533335,-1.19857214548927,-0.000597871688101104,-0.00287324416015688,5.17376649916733e-06
0.551182559845234,-1.20144538964943,-0.000600747815132641,-0.0028779296740713,5.40618193208865e-06
0.551182559845234,-1.20144538964943,-0.000600747815132641,-0.0028779296740713,5.40618193208865e-06
0.550581812030101,-1.2043233193235,-0.000604415027634975,-0.00288268569001637,5.68453104175066e-06
0.550581812030101,-1.2043233193235,-0.000604415027634975,-0.00288268569001637,5.68453104175066e-06
0.549977397002466,-1.20720600501352,-0.000608867056454021,-0.00288755841661503,6.00813711688908e-06
0.549977397002466,-1.20720600501352,-0.000608867056454021,-0.00288755841661503,6.00813711688908e-06
0.549368529946012,-1.21009356343013,-0.000614093053118103,-0.00289259385007568,6.37599620622589e-06
0.549368529946012,-1.21009356343013,-0.000614093053118103,-0.00289259385007568,6.37599620622589e-06
0.548754436892894,-1.21298615728021,-0.000620077665954955,-0.00289783750746775,6.78677141744679e-06
0.548754436892894,-1.21298615728021,-0.000620077665954955,-0.00289783750746775,6.78677141744679e-06
0.548134359226939,-1.21588399478767,-0.000626801131380028,-0.00290333416467892,7.23879047822553e-06
0.548134359226939,-1.21588399478767,-0.000626801131380028,-0.00290333416467892,7.23879047822553e-06
0.547507558095559,-1.21878732895235,-0.000634239379362134,-0.00290912760018691,7.73004687548489e-06
0.547507558095559,-1.21878732895235,-0.000634239379362134,-0.00290912760018691,7.73004687548489e-06
0.546873318716197,-1.22169645655254,-0.000642364152172226,-0.00291526034577361,8.25820474519533e-06
0.546873318716197,-1.22169645655254,-0.000642364152172226,-0.00291526034577361,8.25820474519533e-06
0.546230954564024,-1.22461171689831,-0.000651143135533938,-0.0029217734452327,8.82060767895716e-06
0.546230954564024,-1.22461171689831,-0.000651143135533938,-0.0029217734452327,8.82060767895716e-06
0.545579811428491,-1.22753349034355,-0.000660540101412588,-0.00292870622208397,9.41429153478428e-06
0.545579811428491,-1.22753349034355,-0.000660540101412588,-0.00292870622208397,9.41429153478428e-06
0.544919271327078,-1.23046219656563,-0.000670515061738208,-0.00293609605727485,1.00360012355908e-05
0.544919271327078,-1.23046219656563,-0.000670515061738208,-0.00293609605727485,1.00360012355908e-05
0.54424875626534,-1.23339829262291,-0.000681024432464983,-0.00294397817778069,1.06822114357588e-05
0.54424875626534,-1.23339829262291,-0.000681024432464983,-0.00294397817778069,1.06822114357588e-05
0.543567731832875,-1.23634227080069,-0.000692021207454485,-0.00295238545692733,1.13491509086015e-05
0.543567731832875,-1.23634227080069,-0.000692021207454485,-0.00295238545692733,1.13491509086015e-05
0.54287571062542,-1.23929465625761,-0.000703455141735976,-0.0029613482272326,1.20328303928421e-05
0.54287571062542,-1.23929465625761,-0.000703455141735976,-0.0029613482272326,1.20328303928421e-05
0.542172255483684,-1.24225600448485,-0.000715272943780487,-0.00297089410649654,1.27290735761195e-05
0.542172255483684,-1.24225600448485,-0.000715272943780487,-0.00297089410649654,1.27290735761195e-05
0.541456982539904,-1.24522689859134,-0.000727418476515695,-0.00298104783781739,1.34335507932732e-05
0.541456982539904,-1.24522689859134,-0.000727418476515695,-0.00298104783781739,1.34335507932732e-05
0.540729564063388,-1.24820794642916,-0.000739832966836329,-0.00299183114413881,1.41418149037773e-05
0.540729564063388,-1.24820794642916,-0.000739832966836329,-0.00299183114413881,1.41418149037773e-05
0.539989731096552,-1.2511997775733,-0.000752455223433479,-0.0030032625977956,1.48493389522178e-05
0.539989731096552,-1.2511997775733,-0.000752455223433479,-0.0030032625977956,1.48493389522178e-05
0.539237275873118,-1.25420304017109,-0.000765221862782051,-0.00301535750558957,1.55515549618485e-05
0.539237275873118,-1.25420304017109,-0.000765221862782051,-0.00301535750558957,1.55515549618485e-05
0.538472054010336,-1.25721839767668,-0.00077806754315457,-0.00302812780976058,1.62438933758355e-05
0.538472054010336,-1.25721839767668,-0.00077806754315457,-0.00302812780976058,1.62438933758355e-05
0.537693986467182,-1.26024652548644,-0.000790925206527904,-0.00304158200524451,1.69218224617819e-05
0.537693986467182,-1.26024652548644,-0.000790925206527904,-0.00304158200524451,1.69218224617819e-05
0.536903061260654,-1.26328810749169,-0.000803726328206134,-0.0030557250734442,1.75808872137353e-05
0.536903061260654,-1.26328810749169,-0.000803726328206134,-0.0030557250734442,1.75808872137353e-05
0.536099334932448,-1.26634383256513,-0.000816401173993619,-0.00307055843277126,1.8216747140201e-05
0.536099334932448,-1.26634383256513,-0.000816401173993619,-0.00307055843277126,1.8216747140201e-05
0.535282933758454,-1.2694143909979,-0.000828879064691646,-0.00308607990608722,1.88252124404538e-05
0.535282933758454,-1.2694143909979,-0.000828879064691646,-0.00308607990608722,1.88252124404538e-05
0.534454054693762,-1.27250047090399,-0.000841088647640542,-0.00310228370511711,1.94022781152647e-05
0.534454054693762,-1.27250047090399,-0.000841088647640542,-0.00310228370511711,1.94022781152647e-05
0.533612966046122,-1.27560275460911,-0.000852958174949014,-0.00311916043185367,1.99441556066409e-05
0.533612966046122,-1.27560275460911,-0.000852958174949014,-0.00311916043185367,1.99441556066409e-05
0.532760007871173,-1.27872191504096,-0.000864415787970141,-0.003136697096906,2.04473015759403e-05
0.532760007871173,-1.27872191504096,-0.000864415787970141,-0.003136697096906,2.04473015759403e-05
0.531895592083203,-1.28185861213787,-0.000875389807513338,-0.0031548771546277,2.0908443566104e-05
0.531895592083203,-1.28185861213787,-0.000875389807513338,-0.0031548771546277,2.0908443566104e-05
0.531020202275689,-1.2850134892925,-0.000885809029169127,-0.00317368055482437,2.13246022886101e-05
0.531020202275689,-1.2850134892925,-0.000885809029169127,-0.00317368055482437,2.13246022886101e-05
0.53013439324652,-1.28818716984732,-0.000895603023003511,-0.00319308381073324,2.16931104463393e-05
0.53013439324652,-1.28818716984732,-0.000895603023003511,-0.00319308381073324,2.16931104463393e-05
0.529238790223517,-1.29138025365805,-0.000904702436780203,-0.00321306008296429,2.20116279364834e-05
0.529238790223517,-1.29138025365805,-0.000904702436780203,-0.00321306008296429,2.20116279364834e-05
0.528334087786737,-1.29459331374102,-0.000913039301779106,-0.00323357927895329,2.22781533958439e-05
0.528334087786737,-1.29459331374102,-0.000913039301779106,-0.00323357927895329,2.22781533958439e-05
0.527421048484957,-1.29782689301997,-0.000920547340153455,-0.00325460816741385,2.2491032170978e-05
0.527421048484957,-1.29782689301997,-0.000920547340153455,-0.00325460816741385,2.2491032170978e-05
0.526500501144804,-1.30108150118739,-0.000927162272636006,-0.00327611050728716,2.26489606782736e-05
0.526500501144804,-1.30108150118739,-0.000927162272636006,-0.00327611050728716,2.26489606782736e-05
0.525573338872168,-1.30435761169467,-0.000932822125339627,-0.00329804719051552,2.27509873360785e-05
0.525573338872168,-1.30435761169467,-0.000932822125339627,-0.00329804719051552,2.27509873360785e-05
0.524640516746828,-1.30765565888519,-0.000937467534296577,-0.00332037639799232,2.27965101913972e-05
0.524640516746828,-1.30765565888519,-0.000937467534296577,-0.00332037639799232,2.27965101913972e-05
0.523703049212532,-1.31097603528318,-0.000941042046245455,-0.00334305376798594,2.27852713507518e-05
0.523703049212532,-1.31097603528318,-0.000941042046245455,-0.00334305376798594,2.27852713507518e-05
0.522762007166286,-1.31431908905117,-0.000943492414169467,-0.00336603257620793,2.27173484456332e-05
0.522762007166286,-1.31431908905117,-0.000943492414169467,-0.00336603257620793,2.27173484456332e-05
0.521818514752117,-1.31768512162737,-0.000944768885977498,-0.00338926392670791,2.25931432910184e-05
0.521818514752117,-1.31768512162737,-0.000944768885977498,-0.00338926392670791,2.25931432910184e-05
0.520873745866139,-1.32107438555408,-0.000944825484672229,-0.00341269695268576,2.24133679953172e-05
0.520873745866139,-1.32107438555408,-0.000944825484672229,-0.00341269695268576,2.24133679953172e-05
0.519928920381467,-1.32448708250677,-0.00094362027832795,-0.0034362790263105,2.2179028654366e-05
0.519928920381467,-1.32448708250677,-0.00094362027832795,-0.0034362790263105,2.2179028654366e-05
0.518985300103139,-1.32792336153308,-0.000941115638189549,-0.0034599559764974,2.18914069123419e-05
0.518985300103139,-1.32792336153308,-0.000941115638189549,-0.0034599559764974,2.18914069123419e-05
0.51804418446495,-1.33138331750958,-0.000937278483185477,-0.00348367231361602,2.15520396327335e-05
0.51804418446495,-1.33138331750958,-0.000937278483185477,-0.00348367231361602,2.15520396327335e-05
0.517106905981764,-1.33486698982319,-0.000932080509172706,-0.0035073714600713,2.11626968678702e-05
0.517106905981764,-1.33486698982319,-0.000932080509172706,-0.0035073714600713,2.11626968678702e-05
0.516174825472591,-1.33837436128326,-0.000925498401295632,-0.00353099598560647,2.07253583687003e-05
0.516174825472591,-1.33837436128326,-0.000925498401295632,-0.00353099598560647,2.07253583687003e-05
0.515249327071296,-1.34190535726887,-0.000917514027875765,-0.00355448784615131,2.02421888834681e-05
0.515249327071296,-1.34190535726887,-0.000917514027875765,-0.00355448784615131,2.02421888834681e-05
0.51433181304342,-1.34545984511502,-0.000908114614332933,-0.0035777886250139,1.97155125294091e-05
0.51433181304342,-1.34545984511502,-0.000908114614332933,-0.0035777886250139,1.97155125294091e-05
0.513423698429087,-1.34903763374003,-0.000897292895744473,-0.00360083977522563,1.9147786409678e-05
0.513423698429087,-1.34903763374003,-0.000897292895744473,-0.00360083977522563,1.9147786409678e-05
0.512526405533343,-1.35263847351526,-0.000885047246749648,-0.00362358286175368,1.85415738067274e-05
0.512526405533343,-1.35263847351526,-0.000885047246749648,-0.00362358286175368,1.85415738067274e-05
0.511641358286593,-1.35626205637701,-0.000871381787652559,-0.00364595980235927,1.78995171057866e-05
0.511641358286593,-1.35626205637701,-0.000871381787652559,-0.00364595980235927,1.78995171057866e-05
0.51076997649894,-1.35990801617937,-0.000856306465725987,-0.00366791310576842,1.7224310709823e-05
0.51076997649894,-1.35990801617937,-0.000856306465725987,-0.00366791310576842,1.7224310709823e-05
0.509913670033214,-1.36357592928514,-0.000839837110870323,-0.00368938610583047,1.65186742625361e-05
0.509913670033214,-1.36357592928514,-0.000839837110870323,-0.00368938610583047,1.65186742625361e-05
0.509073832922344,-1.36726531539097,-0.000821995464949543,-0.00371032319040943,1.57853263406281e-05
0.509073832922344,-1.36726531539097,-0.000821995464949543,-0.00371032319040943,1.57853263406281e-05
0.508251837457395,-1.37097563858138,-0.000802809184293651,-0.00373067002367455,1.5026958901669e-05
0.508251837457395,-1.37097563858138,-0.000802809184293651,-0.00373067002367455,1.5026958901669e-05
0.507449028273101,-1.37470630860506,-0.000782311815038628,-0.00375037376051512,1.42462126825355e-05
0.507449028273101,-1.37470630860506,-0.000782311815038628,-0.00375037376051512,1.42462126825355e-05
0.506666716458062,-1.37845668236557,-0.000760542741160775,-0.00376938325178133,1.34456538086751e-05
0.506666716458062,-1.37845668236557,-0.000760542741160775,-0.00376938325178133,1.34456538086751e-05
0.505906173716901,-1.38222606561735,-0.000737547105210568,-0.00378764923912067,1.262775181255e-05
0.505906173716901,-1.38222606561735,-0.000737547105210568,-0.00378764923912067,1.262775181255e-05
0.505168626611691,-1.38601371485647,-0.000713375701938856,-0.00380512453819004,1.17948593252953e-05
0.505168626611691,-1.38601371485647,-0.000713375701938856,-0.00380512453819004,1.17948593252953e-05
0.504455250909752,-1.38981883939466,-0.000688084845165582,-0.00382176420912694,1.09491935825464e-05
0.504455250909752,-1.38981883939466,-0.000688084845165582,-0.00382176420912694,1.09491935825464e-05
0.503767166064586,-1.39364060360379,-0.000661736208414587,-0.00383752571315754,1.00928199655769e-05
0.503767166064586,-1.39364060360379,-0.000661736208414587,-0.00383752571315754,1.00928199655769e-05
0.503105429856172,-1.39747812931695,-0.00063439663995668,-0.0038523690543284,9.22763784055479e-06
0.503105429856172,-1.39747812931695,-0.00063439663995668,-0.0038523690543284,9.22763784055479e-06
0.502471033216215,-1.40133049837128,-0.000606137953045427,-0.00386625690551812,8.35536878720199e-06
0.502471033216215,-1.40133049837128,-0.000606137953045427,-0.00386625690551812,8.35536878720199e-06
0.50186489526317,-1.40519675527679,-0.000577036692286925,-0.0038791547179049,7.47754738566683e-06
0.50186489526317,-1.40519675527679,-0.000577036692286925,-0.0038791547179049,7.47754738566683e-06
0.501287858570883,-1.4090759099947,-0.000547173877145313,-0.00389103081320918,6.59551467551735e-06
0.501287858570883,-1.4090759099947,-0.000547173877145313,-0.00389103081320918,6.59551467551735e-06
0.500740684693738,-1.41296694080791,-0.000516634723745635,-0.0039018564581319,5.71041442383197e-06
0.500740684693738,-1.41296694080791,-0.000516634723745635,-0.0039018564581319,5.71041442383197e-06
0.500224049969992,-1.41686879726604,-0.000485508346199259,-0.00391160592058215,4.82319219956198e-06
0.500224049969992,-1.41686879726604,-0.000485508346199259,-0.00391160592058215,4.82319219956198e-06
0.499738541623793,-1.42078040318662,-0.000453887438780831,-0.0039202565073484,3.93459739148581e-06
0.499738541623793,-1.42078040318662,-0.000453887438780831,-0.0039202565073484,3.93459739148581e-06
0.499284654185012,-1.42470065969397,-0.000421867940325449,-0.00392778858311393,3.04518808295386e-06
0.499284654185012,-1.42470065969397,-0.000421867940325449,-0.00392778858311393,3.04518808295386e-06
0.498862786244686,-1.42862844827708,-0.000389548682315222,-0.00393418557076708,2.15533877346349e-06
0.498862786244686,-1.42862844827708,-0.000389548682315222,-0.00393418557076708,2.15533877346349e-06
0.498473237562371,-1.43256263384785,-0.000357031022152898,-0.00393943393313223,1.26525091315687e-06
0.498473237562371,-1.43256263384785,-0.000357031022152898,-0.00393943393313223,1.26525091315687e-06
0.498116206540218,-1.43650206778098,-0.000324418463169274,-0.00394352313643465,3.74966045082505e-07
0.498116206540218,-1.43650206778098,-0.000324418463169274,-0.00394352313643465,3.74966045082505e-07
0.497791788077049,-1.44044559091742,-0.000291816262935285,-0.00394644559586732,-5.15618513218484e-07
0.497791788077049,-1.44044559091742,-0.000291816262935285,-0.00394644559586732,-5.15618513218484e-07
0.497499971814114,-1.44439203651329,-0.000259331031495946,-0.00394819660385681,-1.40673174911336e-06
0.497499971814114,-1.44439203651329,-0.000259331031495946,-0.00394819660385681,-1.40673174911336e-06
0.497240640782618,-1.44834023311714,-0.000227070321165757,-0.00394877424165907,-2.29870895583975e-06
0.497240640782618,-1.44834023311714,-0.000227070321165757,-0.00394877424165907,-2.29870895583975e-06
0.497013570461452,-1.4522890073588,-0.000195142209504451,-0.00394817927512658,-3.19196995647412e-06
0.497013570461452,-1.4522890073588,-0.000195142209504451,-0.00394817927512658,-3.19196995647412e-06
0.496818428251948,-1.45623718663393,-0.000163654877126829,-0.00394641503558213,-4.08699586737071e-06
0.496818428251948,-1.45623718663393,-0.000163654877126829,-0.00394641503558213,-4.08699586737071e-06
0.496654773374821,-1.46018360166951,-0.000132716181991011,-0.00394348728684268,-4.98430474198987e-06
0.496654773374821,-1.46018360166951,-0.000132716181991011,-0.00394348728684268,-4.98430474198987e-06
0.49652205719283,-1.46412708895635,-0.000102433231795318,-0.0039394040795413,-5.88442644484932e-06
0.49652205719283,-1.46412708895635,-0.000102433231795318,-0.0039394040795413,-5.88442644484932e-06
0.496419623961034,-1.46806649303589,-7.29119561159175e-05,-0.00393417559400433,-6.78787723016987e-06
0.496419623961034,-1.46806649303589,-7.29119561159175e-05,-0.00393417559400433,-6.78787723016987e-06
0.496346712004918,-1.4720006686299,-4.42566798948274e-05,-0.00392781397293662,-7.69513432674531e-06
0.496346712004918,-1.4720006686299,-4.42566798948274e-05,-0.00392781397293662,-7.69513432674531e-06
0.496302455325024,-1.47592848260284,-1.65696998872811e-05,-0.00392033314533746,-8.60661097038234e-06
0.496302455325024,-1.47592848260284,-1.65696998872811e-05,-0.00392033314533746,-8.60661097038234e-06
0.496285885625136,-1.47984881574817,1.00491343680842e-05,-0.00391174864309751,-9.52263235187234e-06
0.496285885625136,-1.47984881574817,1.00491343680842e-05,-0.00391174864309751,-9.52263235187234e-06
0.496295934759504,-1.48376056439127,3.55028334955709e-05,-0.00390207741171555,-1.04434127751914e-05
0.496295934759504,-1.48376056439127,3.55028334955709e-05,-0.00390207741171555,-1.04434127751914e-05
0.496331437593,-1.48766264180299,5.96976736246257e-05,-0.00389133761671889,-1.13690345434044e-05
0.496331437593,-1.48766264180299,5.96976736246257e-05,-0.00389133761671889,-1.13690345434044e-05
0.496391135266625,-1.4915539794197,8.2543592624329e-05,-0.0038795484472689,-1.22994288894811e-05
0.496391135266625,-1.4915539794197,8.2543592624329e-05,-0.0038795484472689,-1.22994288894811e-05
0.496473678859249,-1.49543352786697,0.000103954575765897,-0.00386672991850068,-1.32343593343951e-05
0.496473678859249,-1.49543352786697,0.000103954575765897,-0.00386672991850068,-1.32343593343951e-05
0.496577633435015,-1.49930025778547,0.000123849029371847,-0.00385290267411209,-1.41734077874767e-05
0.496577633435015,-1.49930025778547,0.000123849029371847,-0.00385290267411209,-1.41734077874767e-05
0.496701482464387,-1.50315316045959,0.000142150141035247,-0.00383808779071027,-1.51159637045407e-05
0.496701482464387,-1.50315316045959,0.000142150141035247,-0.00383808779071027,-1.51159637045407e-05
0.496843632605422,-1.5069912482503,0.000158786225047836,-0.00382230658536953,-1.60612164832371e-05
0.496843632605422,-1.5069912482503,0.000158786225047836,-0.00382230658536953,-1.60612164832371e-05
0.49700241883047,-1.51081355483567,0.000173691051691405,-0.00380558042788848,-1.70081514236763e-05
0.49700241883047,-1.51081355483567,0.000173691051691405,-0.00380558042788848,-1.70081514236763e-05
0.497176109882161,-1.51461913526355,0.00018680415910316,-0.00378793055906579,-1.79555493142933e-05
0.497176109882161,-1.51461913526355,0.00018680415910316,-0.00378793055906579,-1.79555493142933e-05
0.497362914041264,-1.51840706582262,0.000198071146436773,-0.00376937791636212,-1.89019897699266e-05
0.497362914041264,-1.51840706582262,0.000198071146436773,-0.00376937791636212,-1.89019897699266e-05
0.497560985187701,-1.52217644373898,0.000207443947106478,-0.00374994296823861,-1.98458584657968e-05
0.497560985187701,-1.52217644373898,0.000207443947106478,-0.00374994296823861,-1.98458584657968e-05
0.497768429134808,-1.52592638670722,0.000214881080917384,-0.00372964555831468,-2.07853581951178e-05
0.497768429134808,-1.52592638670722,0.000214881080917384,-0.00372964555831468,-2.07853581951178e-05
0.497983310215725,-1.52965603226554,0.000220347883968408,-0.00370850476049611,-2.17185237686534e-05
0.497983310215725,-1.52965603226554,0.000220347883968408,-0.00370850476049611,-2.17185237686534e-05
0.498203658099693,-1.53336453702603,0.000223816715242631,-0.00368653874608849,-2.26432406669028e-05
0.498203658099693,-1.53336453702603,0.000223816715242631,-0.00368653874608849,-2.26432406669028e-05
0.498427474814936,-1.53705107577212,0.000225267138835195,-0.00366376466382667,-2.35572672782512e-05
0.498427474814936,-1.53705107577212,0.000225267138835195,-0.00366376466382667,-2.35572672782512e-05
0.498652741953771,-1.54071484043595,0.000224686080838032,-0.00364019853368736,-2.44582605867681e-05
0.498652741953771,-1.54071484043595,0.000224686080838032,-0.00364019853368736,-2.44582605867681e-05
0.498877428034609,-1.54435503896963,0.000222067959965433,-0.00361585515520257,-2.53438050528531e-05
0.498877428034609,-1.54435503896963,0.000222067959965433,-0.00361585515520257,-2.53438050528531e-05
0.499099495994575,-1.54797089412484,0.000217414791032544,-0.00359074803091297,-2.62114444410286e-05
0.499099495994575,-1.54797089412484,0.000217414791032544,-0.00359074803091297,-2.62114444410286e-05
0.499316910785607,-1.55156164215575,0.000210736260504718,-0.00356488930545096,-2.70587162119009e-05
0.499316910785607,-1.55156164215575,0.000210736260504718,-0.00356488930545096,-2.70587162119009e-05
0.499527647046112,-1.5551265314612,0.000202049773383173,-0.0035382897206846,-2.78831881003667e-05
0.499527647046112,-1.5551265314612,0.000202049773383173,-0.0035382897206846,-2.78831881003667e-05
0.499729696819495,-1.55866482118189,0.000191380470773828,-0.00351095858723482,-2.86824964824471e-05
0.499729696819495,-1.55866482118189,0.000191380470773828,-0.00351095858723482,-2.86824964824471e-05
0.499921077290269,-1.56217577976912,0.000178761217563161,-0.00348290377252969,-2.94543859656847e-05
0.499921077290269,-1.56217577976912,0.000178761217563161,-0.00348290377252969,-2.94543859656847e-05
0.500099838507832,-1.56565868354165,0.000164232559705546,-0.00345413170552766,-3.01967497570955e-05
0.500099838507832,-1.56565868354165,0.000164232559705546,-0.00345413170552766,-3.01967497570955e-05
0.500264071067538,-1.56911281524718,0.000147842650722985,-0.00342464739804171,-3.09076701680597e-05
0.500264071067538,-1.56911281524718,0.000147842650722985,-0.00342464739804171,-3.09076701680597e-05
0.500411913718261,-1.57253746264522,0.000129647147128487,-0.00339445448254261,-3.15854586216834e-05
0.500411913718261,-1.57253746264522,0.000129647147128487,-0.00339445448254261,-3.15854586216834e-05
0.500541560865389,-1.57593191712776,0.000109709072573017,-0.00336355526621768,-3.22286944828224e-05
0.500541560865389,-1.57593191712776,0.000109709072573017,-0.00336355526621768,-3.22286944828224e-05
0.500651269937962,-1.57929547239398,8.80986506185399e-05,-0.0033319508009626,-3.28362620876277e-05
0.500651269937962,-1.57929547239398,8.80986506185399e-05,-0.0033319508009626,-3.28362620876277e-05
0.500739368588581,-1.58262742319494,6.48931061602021e-05,-0.00329964096879243,-3.34073851369267e-05
0.500739368588581,-1.58262742319494,6.48931061602021e-05,-0.00329964096879243,-3.34073851369267e-05
0.500804261694741,-1.58592706416373,4.0176435660233e-05,-0.00326662458215088,-3.39416577602105e-05
0.500804261694741,-1.58592706416373,4.0176435660233e-05,-0.00326662458215088,-3.39416577602105e-05
0.500844438130401,-1.58919368874589,1.40391464465983e-05,-0.00323289949842986,-3.44390714394037e-05
0.500844438130401,-1.58919368874589,1.40391464465983e-05,-0.00323289949842986,-3.44390714394037e-05
0.500858477276848,-1.59242658824432,-1.34220345159308e-05,-0.00319846274795199,-3.49000370417547e-05
0.500858477276848,-1.59242658824432,-1.34220345159308e-05,-0.00319846274795199,-3.49000370417547e-05
0.500845055242332,-1.59562505099227,-4.21044818530447e-05,-0.00316331067455766,-3.53254012016267e-05
0.500845055242332,-1.59562505099227,-4.21044818530447e-05,-0.00316331067455766,-3.53254012016267e-05
0.500802950760479,-1.59878836166683,-7.19000222855204e-05,-0.00312743908786106,-3.57164563869142e-05
0.500802950760479,-1.59878836166683,-7.19000222855204e-05,-0.00312743908786106,-3.57164563869142e-05
0.500731050738193,-1.60191580075469,-0.000102695313619283,-0.00309084342611032,-3.60749439441989e-05
0.500731050738193,-1.60191580075469,-0.000102695313619283,-0.00309084342611032,-3.60749439441989e-05
0.500628355424574,-1.6050066441808,-0.000134372251232251,-0.00305351892856476,-3.64030495509098e-05
0.500628355424574,-1.6050066441808,-0.000134372251232251,-0.00305351892856476,-3.64030495509098e-05
0.500493983173342,-1.60806016310936,-0.000166808400917207,-0.00301546081623716,-3.67033906764225e-05
0.500493983173342,-1.60806016310936,-0.000166808400917207,-0.00301546081623716,-3.67033906764225e-05
0.500327174772424,-1.6110756239256,-0.000199877456805164,-0.00297666447972511,-3.69789957797707e-05
0.500327174772424,-1.6110756239256,-0.000199877456805164,-0.00297666447972511,-3.69789957797707e-05
0.500127297315619,-1.61405228840532,-0.000233449722922774,-0.00293712567274684,-3.72332749821154e-05
0.500127297315619,-1.61405228840532,-0.000233449722922774,-0.00293712567274684,-3.72332749821154e-05
0.499893847592697,-1.61698941407807,-0.000267392616800088,-0.00289684071004226,-3.74699823198132e-05
0.499893847592697,-1.61698941407807,-0.000267392616800088,-0.00289684071004226,-3.74699823198132e-05
0.499626454975896,-1.61988625478811,-0.000301571193348782,-0.00285580666816854,-3.76931698012578e-05
0.499626454975896,-1.61988625478811,-0.000301571193348782,-0.00285580666816854,-3.76931698012578e-05
0.499324883782548,-1.62274206145628,-0.000335848687122386,-0.00281402158767108,-3.79071336976777e-05
0.499324883782548,-1.62274206145628,-0.000335848687122386,-0.00281402158767108,-3.79071336976777e-05
0.498989035095425,-1.62555608304395,-0.00037008707090519,-0.00277148467507593,-3.81163537046341e-05
0.498989035095425,-1.62555608304395,-0.00037008707090519,-0.00277148467507593,-3.81163537046341e-05
0.49861894802452,-1.62832756771903,-0.000404147628409735,-0.0027281965031356,-3.83254258840473e-05
0.49861894802452,-1.62832756771903,-0.000404147628409735,-0.0027281965031356,-3.83254258840473e-05
0.49821480039611,-1.63105576422216,-0.000437891538753565,-0.00268415920768938,-3.85389904000466e-05
0.49821480039611,-1.63105576422216,-0.000437891538753565,-0.00268415920768938,-3.85389904000466e-05
0.497776908857357,-1.63373992342985,-0.000471180470241805,-0.00263937667954117,-3.8761655368019e-05
0.497776908857357,-1.63373992342985,-0.000471180470241805,-0.00263937667954117,-3.8761655368019e-05
0.497305728387115,-1.63637930010939,-0.00050387718082856,-0.00259385474969021,-3.89979181698091e-05
0.497305728387115,-1.63637930010939,-0.00050387718082856,-0.00259385474969021,-3.89979181698091e-05
0.496801851206286,-1.63897315485908,-0.000535846122568351,-0.00254760136630106,-3.9252085744249e-05
0.496801851206286,-1.63897315485908,-0.000535846122568351,-0.00254760136630106,-3.9252085744249e-05
0.496266005083718,-1.64152075622539,-0.000566954047203749,-0.00250062676184104,-3.95281954760529e-05
0.496266005083718,-1.64152075622539,-0.000566954047203749,-0.00250062676184104,-3.95281954760529e-05
0.495699051036514,-1.64402138298723,-0.000597070609980987,-0.00245294360881099,-3.98299382500193e-05
0.495699051036514,-1.64402138298723,-0.000597070609980987,-0.00245294360881099,-3.98299382500193e-05
0.495101980426533,-1.64647432659604,-0.000626068968724081,-0.00240456716258919,-4.01605852946565e-05
0.495101980426533,-1.64647432659604,-0.000626068968724081,-0.00240456716258919,-4.01605852946565e-05
0.494475911457809,-1.64887889375863,-0.000653826375083433,-0.0023555153899486,-4.05229203388462e-05
0.494475911457809,-1.64887889375863,-0.000653826375083433,-0.0023555153899486,-4.05229203388462e-05
0.493822085082726,-1.65123440914858,-0.000680224754859238,-0.00230580908187017,-4.09191784467569e-05
0.493822085082726,-1.65123440914858,-0.000680224754859238,-0.00230580908187017,-4.09191784467569e-05
0.493141860327867,-1.65354021823045,-0.000705151274293714,-0.0022554719493868,-4.13509927624746e-05
0.493141860327867,-1.65354021823045,-0.000705151274293714,-0.0022554719493868,-4.13509927624746e-05
0.492436709053573,-1.65579569017983,-0.000728498889187579,-0.00220453070129967,-4.18193502484711e-05
0.492436709053573,-1.65579569017983,-0.000728498889187579,-0.00220453070129967,-4.18193502484711e-05
0.491708210164385,-1.65800022088113,-0.000750166873711877,-0.00215301510266541,-4.23245571934648e-05
0.491708210164385,-1.65800022088113,-0.000750166873711877,-0.00215301510266541,-4.23245571934648e-05
0.490958043290673,-1.6601532359838,-0.000770061325831295,-0.00210095801310328,-4.28662150728709e-05
0.490958043290673,-1.6601532359838,-0.000770061325831295,-0.00210095801310328,-4.28662150728709e-05
0.490187981964842,-1.6622541939969,-0.000788095646318987,-0.00204839540407886,-4.34432071184632e-05
0.490187981964842,-1.6622541939969,-0.000788095646318987,-0.00204839540407886,-4.34432071184632e-05
0.489399886318523,-1.66430258940098,-0.000804190988400733,-0.00199536635442255,-4.40536956571912e-05
0.489399886318523,-1.66430258940098,-0.000804190988400733,-0.00199536635442255,-4.40536956571912e-05
0.488595695330122,-1.6662979557554,-0.000818276675174423,-0.00194191302349411,-4.46951300076773e-05
0.488595695330122,-1.6662979557554,-0.000818276675174423,-0.00194191302349411,-4.46951300076773e-05
0.487777418654948,-1.6682398687789,-0.000830290582096382,-0.00188808060159773,-4.5364264674263e-05
0.487777418654948,-1.6682398687789,-0.000830290582096382,-0.00188808060159773,-4.5364264674263e-05
0.486947128072852,-1.67012794938049,-0.00084017948197912,-0.00183391723727322,-4.60571871490679e-05
0.486947128072852,-1.67012794938049,-0.00084017948197912,-0.00183391723727322,-4.60571871490679e-05
0.486106948590873,-1.67196186661777,-0.000847899350082282,-0.00177947394138944,-4.67693546982778e-05
0.486106948590873,-1.67196186661777,-0.000847899350082282,-0.00177947394138944,-4.67693546982778e-05
0.48525904924079,-1.67374134055916,-0.000853415627090681,-0.00172480446800272,-4.74956391574358e-05
0.48525904924079,-1.67374134055916,-0.000853415627090681,-0.00172480446800272,-4.74956391574358e-05
0.4844056336137,-1.67546614502716,-0.000856703438011641,-0.00166996517221807,-4.82303787750795e-05
0.4844056336137,-1.67546614502716,-0.000856703438011641,-0.00166996517221807,-4.82303787750795e-05
0.483548930175688,-1.67713611019938,-0.000857747765245664,-0.00161501484546345,-4.89674361067562e-05
0.483548930175688,-1.67713611019938,-0.000857747765245664,-0.00161501484546345,-4.89674361067562e-05
0.482691182410442,-1.67875112504484,-0.00085654357435605,-0.00156001452871135,-4.97002608564397e-05
0.482691182410442,-1.67875112504484,-0.00085654357435605,-0.00156001452871135,-4.97002608564397e-05
0.481834638836086,-1.68031113957355,-0.000853095891340361,-0.00150502730438462,-5.04219565038606e-05
0.481834638836086,-1.68031113957355,-0.000853095891340361,-0.00150502730438462,-5.04219565038606e-05
0.480981542944746,-1.68181616687794,-0.000847419830471374,-0.00145011806795581,-5.11253496439023e-05
0.480981542944746,-1.68181616687794,-0.000847419830471374,-0.00145011806795581,-5.11253496439023e-05
0.480134123114274,-1.68326628494589,-0.000839540572100228,-0.00139535328041074,-5.18030609915139e-05
0.480134123114274,-1.68326628494589,-0.000839540572100228,-0.00139535328041074,-5.18030609915139e-05
0.479294582542174,-1.6846616382263,-0.000829493290116279,-0.00134080070292275,-5.24475770390396e-05
0.479294582542174,-1.6846616382263,-0.000829493290116279,-0.00134080070292275,-5.24475770390396e-05
0.478465089252058,-1.68600243892923,-0.000817323029082107,-0.00128652911525751,-5.30513213555155e-05
0.478465089252058,-1.68600243892923,-0.000817323029082107,-0.00128652911525751,-5.30513213555155e-05
0.477647766222976,-1.68728896804448,-0.000803084531373788,-0.00123260801966429,-5.36067246293007e-05
0.477647766222976,-1.68728896804448,-0.000803084531373788,-0.00123260801966429,-5.36067246293007e-05
0.476844681691602,-1.68852157606415,-0.000786842014969646,-0.00117910733217741,-5.41062926824065e-05
0.476844681691602,-1.68852157606415,-0.000786842014969646,-0.00117910733217741,-5.41062926824065e-05
0.476057839676632,-1.68970068339633,-0.000768668902832281,-0.00112609706333244,-5.4542671609118e-05
0.476057839676632,-1.68970068339633,-0.000768668902832281,-0.00112609706333244,-5.4542671609118e-05
0.4752891707738,-1.69082678045966,-0.000748647505146249,-0.00107364699051149,-5.49087093582685e-05
0.4752891707738,-1.69082678045966,-0.000748647505146249,-0.00107364699051149,-5.49087093582685e-05
0.474540523268654,-1.69190042745017,-0.000726868655951229,-0.001021826324203,-5.51975130329504e-05
0.474540523268654,-1.69190042745017,-0.000726868655951229,-0.001021826324203,-5.51975130329504e-05
0.473813654612703,-1.69292225377437,-0.000703431305989155,-0.000970703370600123,-5.54025012817834e-05
0.473813654612703,-1.69292225377437,-0.000703431305989155,-0.000970703370600123,-5.54025012817834e-05
0.473110223306713,-1.69389295714497,-0.000678442073811125,-0.000920345192995331,-5.55174510910694e-05
0.473110223306713,-1.69389295714497,-0.000678442073811125,-0.000920345192995331,-5.55174510910694e-05
0.472431781232902,-1.69481330233797,-0.00065201475745702,-0.000870817274449376,-5.55365381639551e-05
0.472431781232902,-1.69481330233797,-0.00065201475745702,-0.000870817274449376,-5.55365381639551e-05
0.471779766475445,-1.69568411961242,-0.000624269809235189,-0.000822183184295389,-5.54543699807025e-05
0.471779766475445,-1.69568411961242,-0.000624269809235189,-0.000822183184295389,-5.54543699807025e-05
0.47115549666621,-1.69650630279671,-0.000595333776351126,-0.000774504251015662,-5.52660104242217e-05
0.47115549666621,-1.69650630279671,-0.000595333776351126,-0.000774504251015662,-5.52660104242217e-05
0.470560162889859,-1.69728080704773,-0.000565338710280139,-0.000727839243972683,-5.49669943168194e-05
0.470560162889859,-1.69728080704773,-0.000565338710280139,-0.000727839243972683,-5.49669943168194e-05
0.469994824179579,-1.6980086462917,-0.000534421547953023,-0.000682244066525506,-5.45533297753468e-05
0.469994824179579,-1.6980086462917,-0.000534421547953023,-0.000682244066525506,-5.45533297753468e-05
0.469460402631626,-1.69869089035823,-0.00050272346795327,-0.000637771462838721,-5.40214850079193e-05
0.469460402631626,-1.69869089035823,-0.00050272346795327,-0.000637771462838721,-5.40214850079193e-05
0.468957679163673,-1.69932866182107,-0.000470389225063705,-0.0005944707407326,-5.33683546603182e-05
0.468957679163673,-1.69932866182107,-0.000470389225063705,-0.0005944707407326,-5.33683546603182e-05
0.468487289938609,-1.6999231325618,-0.00043756646657872,-0.000552387512795516,-5.25911981588871e-05
0.468487289938609,-1.6999231325618,-0.00043756646657872,-0.000552387512795516,-5.25911981588871e-05
0.46804972347203,-1.70047552007459,-0.000404405033875066,-0.000511563457786135,-5.16875379928908e-05
0.46804972347203,-1.70047552007459,-0.000404405033875066,-0.000511563457786135,-5.16875379928908e-05
0.467645318438155,-1.70098708353238,-0.000371056252797319,-0.000472036104236073,-5.06549984209464e-05
0.467645318438155,-1.70098708353238,-0.000371056252797319,-0.000472036104236073,-5.06549984209464e-05
0.467274262185358,-1.70145911963662,-0.000337672216442264,-0.000433838638055128,-4.94910523508835e-05
0.467274262185358,-1.70145911963662,-0.000337672216442264,-0.000433838638055128,-4.94910523508835e-05
0.466936589968916,-1.70189295827467,-0.000304405063933977,-0.000396999735669867,-4.81926212193851e-05
0.466936589968916,-1.70189295827467,-0.000304405063933977,-0.000396999735669867,-4.81926212193851e-05
0.466632184904982,-1.70228995801034,-0.000271406258796125,-0.00036154342408512,-4.6755431067966e-05
0.466632184904982,-1.70228995801034,-0.000271406258796125,-0.00036154342408512,-4.6755431067966e-05
0.466360778646185,-1.70265150143443,-0.000238825870487014,-0.000327488969068535,-4.51729492139823e-05
0.466360778646185,-1.70265150143443,-0.000238825870487014,-0.000327488969068535,-4.51729492139823e-05
0.466121952775698,-1.70297899040349,-0.00020681186261956,-0.000294850792465162,-4.34345717057184e-05
0.466121952775698,-1.70297899040349,-0.00020681186261956,-0.000294850792465162,-4.34345717057184e-05
0.465915140913079,-1.70327384119596,-0.000175509391362516,-0.000263638419377266,-4.15224185896157e-05
0.465915140913079,-1.70327384119596,-0.000175509391362516,-0.000263638419377266,-4.15224185896157e-05
0.465739631521716,-1.70353747961534,-0.00014506011743104,-0.000233856455769788,-3.94054364964494e-05
0.465739631521716,-1.70353747961534,-0.00014506011743104,-0.000233856455769788,-3.94054364964494e-05
0.465594571404285,-1.70377133607111,-0.000115601534977916,-0.000205504596831219,-3.702809352984e-05
0.465594571404285,-1.70377133607111,-0.000115601534977916,-0.000205504596831219,-3.702809352984e-05
0.465478969869307,-1.70397684066794,-8.7266320593582e-05,-0.000178577666231527,-3.42879321337233e-05
0.465478969869307,-1.70397684066794,-8.7266320593582e-05,-0.000178577666231527,-3.42879321337233e-05
0.465391703548714,-1.70415541833417,-6.01817055431164e-05,-0.000153065686084197,-3.09905025235194e-05
0.465391703548714,-1.70415541833417,-6.01817055431164e-05,-0.000153065686084197,-3.09905025235194e-05
0.465331521843171,-1.70430848402025,-3.44688742109356e-05,-0.000128953977378554,-2.67652530872525e-05
0.465331521843171,-1.70430848402025,-3.44688742109356e-05,-0.000128953977378554,-2.67652530872525e-05
0.46529705296896,-1.70443743799763,-1.02423916067962e-05,-0.000106223290258667,-2.0966100167173e-05
0.46529705296896,-1.70443743799763,-1.02423916067962e-05,-0.000106223290258667,-2.0966100167173e-05
0.465286810577353,-1.70454366128789,1.23903373566714e-05,-8.4849963361e-05,-1.28753509863891e-05
0.465286810577353,-1.70454366128789,1.23903373566714e-05,-8.4849963361e-05,-1.28753509863891e-05
0.46529920091471,-1.70462851125125,3.33295742857009e-05,-6.48061112589193e-05,-3.04578477912899e-06
0.46529920091471,-1.70462851125125,3.33295742857009e-05,-6.48061112589193e-05,-3.04578477912899e-06
0.465332530488995,-1.70469331736251,5.248371704758e-05,-4.60598387943545e-05,5.56606975163626e-06
0.465332530488995,-1.70469331736251,5.248371704758e-05,-4.60598387943545e-05,5.56606975163626e-06
0.465385014206043,-1.7047393772013,6.97697306246137e-05,-2.85754809583594e-05,1.06048993773128e-05
0.465385014206043,-1.7047393772013,6.97697306246137e-05,-2.85754809583594e-05,1.06048993773128e-05
0.465454783936668,-1.70476795268226,8.51135370598111e-05,-1.23138667702527e-05,1.24895668866896e-05
0.465454783936668,-1.70476795268226,8.51135370598111e-05,-1.23138667702527e-05,1.24895668866896e-05
0.465539897473727,-1.70478026654903,9.84503626424993e-05,2.76739456239739e-06,1.25014216907031e-05
0.465539897473727,-1.70478026654903,9.84503626424993e-05,2.76739456239739e-06,1.25014216907031e-05
0.46563834783637,-1.70477749915447,0.000109725040688069,1.67136070721163e-05,1.15242820575446e-05
0.46563834783637,-1.70477749915447,0.000109725040688069,1.67136070721163e-05,1.15242820575446e-05
0.465748072877058,-1.7047607855474,0.00011889226848516,2.9572663064803e-05,1.00315142078653e-05
0.465748072877058,-1.7047607855474,0.00011889226848516,2.9572663064803e-05,1.00315142078653e-05
0.465866965145543,-1.70473121288433,0.000125916817135752,4.13947019022309e-05,8.27226318733134e-06
0.465866965145543,-1.70473121288433,0.000125916817135752,4.13947019022309e-05,8.27226318733134e-06
0.465992881962679,-1.70468981818243,0.000130773693257535,5.22317547966278e-05,6.3868720661044e-06
0.465992881962679,-1.70468981818243,0.000130773693257535,5.22317547966278e-05,6.3868720661044e-06
0.466123655655936,-1.70463758642764,0.000133448251729729,6.21373779927659e-05,4.46364341855795e-06
0.466123655655936,-1.70463758642764,0.000133448251729729,6.21373779927659e-05,4.46364341855795e-06
0.466257103907666,-1.70457544904964,0.000133936258862211,7.11662767924892e-05,2.56651503803695e-06
0.466257103907666,-1.70457544904964,0.000133936258862211,7.11662767924892e-05,2.56651503803695e-06
0.466391040166528,-1.70450428277285,0.00013224390557931,7.93739228710511e-05,7.49613507612418e-07
0.466391040166528,-1.70450428277285,0.00013224390557931,7.93739228710511e-05,7.49613507612418e-07
0.466523284072108,-1.70442490884998,0.000128387770436555,8.68161674933976e-05,-9.3389527117745e-07
0.466523284072108,-1.70442490884998,0.000128387770436555,8.68161674933976e-05,-9.3389527117745e-07
0.466651671842544,-1.70433809268249,0.00012239473250969,9.35488531843554e-05,-2.4251845780082e-06
0.466651671842544,-1.70433809268249,0.00012239473250969,9.35488531843554e-05,-2.4251845780082e-06
0.466774066575054,-1.7042445438293,0.000114301834408359,9.96274264573049e-05,-3.65373016701748e-06
0.466774066575054,-1.7042445438293,0.000114301834408359,9.96274264573049e-05,-3.65373016701748e-06
0.466888368409462,-1.70414491640284,0.000104156095899255,0.000105106554237455,-4.53138101278114e-06
0.466888368409462,-1.70414491640284,0.000104156095899255,0.000105106554237455,-4.53138101278114e-06
0.466992524505361,-1.70403980984861,9.20142788093381e-05,0.000110039746550328,-4.94754449003533e-06
0.466992524505361,-1.70403980984861,9.20142788093381e-05,0.000110039746550328,-4.94754449003533e-06
0.467084538784171,-1.70392977010206,7.79426041303544e-05,0.000114478988038957,-4.76923819391718e-06
0.467084538784171,-1.70392977010206,7.79426041303544e-05,0.000114478988038957,-4.76923819391718e-06
0.467162481388301,-1.70381529111402,6.2016422442468e-05,0.000118474380813582,-3.8542316086268e-06
0.467162481388301,-1.70381529111402,6.2016422442468e-05,0.000118474380813582,-3.8542316086268e-06
0.467224497810744,-1.7036968167332,4.43198390046584e-05,0.000122073801051892,-2.08904950232321e-06
0.467224497810744,-1.7036968167332,4.43198390046584e-05,0.000122073801051892,-2.08904950232321e-06
0.467268817649748,-1.70357474293215,2.49452950574214e-05,0.00012532257173925,5.44175309460471e-07
0.467268817649748,-1.70357474293215,2.49452950574214e-05,0.00012532257173925,5.44175309460471e-07
0.467293762944806,-1.70344942036041,3.99310710508249e-06,0.000128263153776675,3.90014139772986e-06
0.467293762944806,-1.70344942036041,3.99310710508249e-06,0.000128263153776675,3.90014139772986e-06
0.467297756051911,-1.70332115720664,-1.84290338616777e-05,0.000130934857587084,7.66705121606898e-06
0.467297756051911,-1.70332115720664,-1.84290338616777e-05,0.000130934857587084,7.66705121606898e-06
0.467279327018049,-1.70319022234905,-4.22066010336009e-05,0.00013337357729637,1.14642432902446e-05
0.467279327018049,-1.70319022234905,-4.22066010336009e-05,0.00013337357729637,1.14642432902446e-05
0.467237120417015,-1.70305684877175,-6.72188059940293e-05,0.000135611549390235,1.49778756234023e-05
0.467237120417015,-1.70305684877175,-6.72188059940293e-05,0.000135611549390235,1.49778756234023e-05
0.467169901611021,-1.70292123722236,-9.33392059271898e-05,0.000137677137551417,1.80334410733513e-05
0.467169901611021,-1.70292123722236,-9.33392059271898e-05,0.000137677137551417,1.80334410733513e-05
0.467076562405094,-1.70278356008481,-0.000120436341081498,0.000139594645268915,2.0581805273137e-05
0.467076562405094,-1.70278356008481,-0.000120436341081498,0.000139594645268915,2.0581805273137e-05
0.466956126064013,-1.70264396543954,-0.000148374399605522,0.000141384157630986,2.26473590368625e-05
0.466956126064013,-1.70264396543954,-0.000148374399605522,0.000141384157630986,2.26473590368625e-05
0.466807751664407,-1.70250258128191,-0.000177013906681844,0.000143061413517387,2.42829874335846e-05
0.466807751664407,-1.70250258128191,-0.000177013906681844,0.000143061413517387,2.42829874335846e-05
0.466630737757725,-1.70235951986839,-0.000206212434749331,0.00014463770925377,2.55447321318256e-05
0.466630737757725,-1.70235951986839,-0.000206212434749331,0.00014463770925377,2.55447321318256e-05
0.466424525322976,-1.70221488215914,-0.000235825331437678,0.000146119834571579,2.64815273338032e-05
0.466424525322976,-1.70221488215914,-0.000235825331437678,0.000146119834571579,2.64815273338032e-05
0.466188699991538,-1.70206876232457,-0.000265706461724358,0.000147510041491161,2.71328567872972e-05
0.466188699991538,-1.70206876232457,-0.000265706461724358,0.000147510041491161,2.71328567872972e-05
0.465922993529814,-1.70192125228308,-0.000295708960702856,0.000148806046605943,2.75296258438402e-05
0.465922993529814,-1.70192125228308,-0.000295708960702856,0.000148806046605943,2.75296258438402e-05
0.465627284569111,-1.70177244623647,-0.000325685993234515,0.000150001066969274,2.76959412212421e-05
0.465627284569111,-1.70177244623647,-0.000325685993234515,0.000150001066969274,2.76959412212421e-05
0.465301598575877,-1.7016224451695,-0.000355491516675299,0.000151083889626591,2.76508726521738e-05
0.465301598575877,-1.7016224451695,-0.000355491516675299,0.000151083889626591,2.76508726521738e-05
0.464946107059201,-1.70147136127988,-0.000384981042786892,0.000152038974564617,2.74099098942235e-05
0.464946107059201,-1.70147136127988,-0.000384981042786892,0.000152038974564617,2.74099098942235e-05
0.464561126016414,-1.70131932230531,-0.000414012394883534,0.000152846590699474,2.69860818303023e-05
0.464561126016414,-1.70131932230531,-0.000414012394883534,0.000152846590699474,2.69860818303023e-05
0.464147113621531,-1.70116647571461,-0.000442446456225765,0.000153482984270203,2.63907868739384e-05
0.464147113621531,-1.70116647571461,-0.000442446456225765,0.000153482984270203,2.63907868739384e-05
0.463704667165305,-1.70101299273034,-0.000470147905659857,0.000153920578786382,2.56343992860956e-05
0.463704667165305,-1.70101299273034,-0.000470147905659857,0.000153920578786382,2.56343992860956e-05
0.463234519259645,-1.70085907215155,-0.00049698593648656,0.000154128205506865,2.47267088500621e-05
0.463234519259645,-1.70085907215155,-0.00049698593648656,0.000154128205506865,2.47267088500621e-05
0.462737533323159,-1.70070494394605,-0.000522834954561624,0.000154071363189567,2.36772390314566e-05
0.462737533323159,-1.70070494394605,-0.000522834954561624,0.000154071363189567,2.36772390314566e-05
0.462214698368597,-1.70055087258286,-0.000547575251661936,0.000153712505660319,2.24954772676765e-05
0.462214698368597,-1.70055087258286,-0.000547575251661936,0.000153712505660319,2.24954772676765e-05
0.461667123116935,-1.7003971600772,-0.000571093650244381,0.000153011355567001,2.11910418211487e-05
0.461667123116935,-1.7003971600772,-0.000571093650244381,0.000153011355567001,2.11910418211487e-05
0.461096029466691,-1.70024414872163,-0.000593284115783077,0.000151925242527939,1.97738028418039e-05
0.461096029466691,-1.70024414872163,-0.000593284115783077,0.000151925242527939,1.97738028418039e-05
0.460502745350908,-1.7000922234791,-0.00061404833298645,0.00015040946364242,1.82539704491679e-05
0.460502745350908,-1.7000922234791,-0.00061404833298645,0.00015040946364242,1.82539704491679e-05
0.459888697017921,-1.69994181401546,-0.000633296242336268,0.000148417664239009,1.6642159162339e-05
0.459888697017921,-1.69994181401546,-0.000633296242336268,0.000148417664239009,1.6642159162339e-05
0.459255400775585,-1.69979339635122,-0.000650946533536978,0.000145902236536877,1.49494356502706e-05
0.459255400775585,-1.69979339635122,-0.000650946533536978,0.000145902236536877,1.49494356502706e-05
0.458604454242048,-1.69964749411468,-0.000666927092641878,0.000142814733803176,1.31873551332299e-05
0.458604454242048,-1.69964749411468,-0.000666927092641878,0.000142814733803176,1.31873551332299e-05
0.457937527149406,-1.69950467938088,-0.000681175399859291,0.000139106297389002,1.13679906212695e-05
0.457937527149406,-1.69950467938088,-0.000681175399859291,0.000139106297389002,1.13679906212695e-05
0.457256351749547,-1.69936557308349,-0.000693638875251201,0.000134728093963421,9.50395843625496e-06
0.457256351749547,-1.69936557308349,-0.000693638875251201,0.000134728093963421,9.50395843625496e-06
0.456562712874296,-1.69923084498953,-0.000704275169798485,0.000129631760201976,7.6084429245333e-06
0.456562712874296,-1.69923084498953,-0.000704275169798485,0.000129631760201976,7.6084429245333e-06
0.455858437704497,-1.69910121322933,-0.000713052399584413,0.000123769852023115,5.69522298380092e-06
0.455858437704497,-1.69910121322933,-0.000713052399584413,0.000123769852023115,5.69522298380092e-06
0.455145385304913,-1.6989774433773,-0.000719949321181357,0.000117096295457753,3.77870269981226e-06
0.455145385304913,-1.6989774433773,-0.000719949321181357,0.000117096295457753,3.77870269981226e-06
0.454425435983731,-1.69886034708185,-0.000724955446621156,0.000109566836171249,1.87394819806477e-06
0.454425435983731,-1.69886034708185,-0.000724955446621156,0.000109566836171249,1.87394819806477e-06
0.45370048053711,-1.69875078024567,-0.000728071096683547,0.000101139484617985,-3.26747307986472e-09
0.45370048053711,-1.69875078024567,-0.000728071096683547,0.000101139484617985,-3.26747307986472e-09
0.452972409440427,-1.69864964076106,-0.000729307391596601,9.17749538538182e-05,-1.83641005533427e-06
0.452972409440427,-1.69864964076106,-0.000729307391596601,9.17749538538182e-05,-1.83641005533427e-06
0.45224310204883,-1.6985578658072,-0.000728686178640636,8.1437086911329e-05,-3.60811972387079e-06
0.45224310204883,-1.6985578658072,-0.000728686178640636,8.1437086911329e-05,-3.60811972387079e-06
0.451514415870189,-1.69847642872029,-0.000726239896535807,7.00932708073143e-05,-5.30013721835644e-06
0.451514415870189,-1.69847642872029,-0.000726239896535807,7.00932708073143e-05,-5.30013721835644e-06
0.450788175973654,-1.69840633544948,-0.000722011376904141,5.77148342482126e-05,-6.89322297018561e-06
0.450788175973654,-1.69840633544948,-0.000722011376904141,5.77148342482126e-05,-6.89322297018561e-06
0.45006616459675,-1.69834862061524,-0.000716053583501186,4.42774261280032e-05,-8.36707477059619e-06
0.45006616459675,-1.69834862061524,-0.000716053583501186,4.42774261280032e-05,-8.36707477059619e-06
0.449350111013248,-1.69830434318911,-0.000708429290329771,2.97613719948409e-05,-9.7002541405869e-06
0.449350111013248,-1.69830434318911,-0.000708429290329771,2.97613719948409e-05,-9.7002541405869e-06
0.448641681722919,-1.69827458181711,-0.000699210700191855,1.41520057950206e-05,-1.0870138451826e-05
0.448641681722919,-1.69827458181711,-0.000699210700191855,1.41520057950206e-05,-1.0870138451826e-05
0.447942471022727,-1.69826042981132,-0.000688479005628129,-2.5600256592373e-06,-1.18529255212434e-05
0.447942471022727,-1.69826042981132,-0.000688479005628129,-2.5600256592373e-06,-1.18529255212434e-05
0.447253992017099,-1.69826298983698,-0.000676323894603537,-2.03784879508895e-05,-1.2623730489192e-05
0.447253992017099,-1.69826298983698,-0.000676323894603537,-2.03784879508895e-05,-1.2623730489192e-05
0.446577668122495,-1.69828336832493,-0.000662843003708002,-3.93013163713096e-05,-1.31568314573419e-05
0.446577668122495,-1.69828336832493,-0.000662843003708002,-3.93013163713096e-05,-1.31568314573419e-05
0.445914825118787,-1.6983226696413,-0.000648141321988538,-5.93204074021969e-05,-1.34261394098414e-05
0.445914825118787,-1.6983226696413,-0.000648141321988538,-5.93204074021969e-05,-1.34261394098414e-05
0.445266683796799,-1.6983819900487,-0.000632330548902882,-8.04214462686303e-05,-1.34059862413133e-05
0.445266683796799,-1.6983819900487,-0.000632330548902882,-8.04214462686303e-05,-1.34059862413133e-05
0.444634353247896,-1.69846241149497,-0.000615528410198241,-0.000102583772330966,-1.30723351335391e-05
0.444634353247896,-1.69846241149497,-0.000615528410198241,-0.000102583772330966,-1.30723351335391e-05
0.444018824837697,-1.6985649952673,-0.000597857935835,-0.000125780283770416,-1.24045079560287e-05
0.444018824837697,-1.6985649952673,-0.000597857935835,-0.000125780283770416,-1.24045079560287e-05
0.443420966901862,-1.69869077555107,-0.000579446704349451,-0.000149977382857491,-1.13874773355757e-05
0.443420966901862,-1.69869077555107,-0.000579446704349451,-0.000149977382857491,-1.13874773355757e-05
0.442841520197513,-1.69884075293393,-0.000560426058279162,-0.00017513496284649,-1.00146673368587e-05
0.442841520197513,-1.69884075293393,-0.000560426058279162,-0.00017513496284649,-1.00146673368587e-05
0.442281094139234,-1.69901588789678,-0.000540930295493236,-0.000201206437248302,-8.29103561248996e-06
0.442281094139234,-1.69901588789678,-0.000540930295493236,-0.000201206437248302,-8.29103561248996e-06
0.441740163843741,-1.69921709433402,-0.000521095841445385,-0.000228138812005341,-6.23598685485418e-06
0.441740163843741,-1.69921709433402,-0.000521095841445385,-0.000228138812005341,-6.23598685485418e-06
0.441219068002295,-1.69944523314603,-0.000501060407506082,-0.000255872800764223,-3.88545298366384e-06
0.441219068002295,-1.69944523314603,-0.000501060407506082,-0.000255872800764223,-3.88545298366384e-06
0.440718007594789,-1.69970110594679,-0.000480962140612939,-0.000284342983266184,-1.29237897732908e-06
0.440718007594789,-1.69970110594679,-0.000480962140612939,-0.000284342983266184,-1.29237897732908e-06
0.440237045454176,-1.69998544893006,-0.000460938769563712,-0.000313478006467305,1.47500357115631e-06
0.440237045454176,-1.69998544893006,-0.000460938769563712,-0.000313478006467305,1.47500357115631e-06
0.439776106684612,-1.70029892693653,-0.000441126753313092,-0.000343200827749746,4.33729447670852e-06
0.439776106684612,-1.70029892693653,-0.000441126753313092,-0.000343200827749746,4.33729447670852e-06
0.439334979931299,-1.70064212776428,-0.000421660436609961,-0.000373428999321579,7.20997206815946e-06
0.439334979931299,-1.70064212776428,-0.000421660436609961,-0.000373428999321579,7.20997206815946e-06
0.438913319494689,-1.7010155567636,-0.000402671218274531,-0.000404074992579551,1.00103068235174e-05
0.438913319494689,-1.7010155567636,-0.000402671218274531,-0.000404074992579551,1.00103068235174e-05
0.438510648276415,-1.70141963175618,-0.000384286737338368,-0.000435046560949282,1.26638004314779e-05
0.438510648276415,-1.70141963175618,-0.000384286737338368,-0.000435046560949282,1.26638004314779e-05
0.438126361539076,-1.70185467831713,-0.00036663008217519,-0.000466247139398135,1.51089900601513e-05
0.438126361539076,-1.70185467831713,-0.00036663008217519,-0.000466247139398135,1.51089900601513e-05
0.437759731456901,-1.70232092545653,-0.000349819027596232,-0.00049757627855529,1.72999994477973e-05
0.437759731456901,-1.70232092545653,-0.000349819027596232,-0.00049757627855529,1.72999994477973e-05
0.437409912429305,-1.70281850173508,-0.000333965304707751,-0.000528930111115544,1.92068580017782e-05
0.437409912429305,-1.70281850173508,-0.000333965304707751,-0.000528930111115544,1.92068580017782e-05
0.437075947124597,-1.7033474318462,-0.000319173908130743,-0.000560201847951136,2.0814090015597e-05
0.437075947124597,-1.7033474318462,-0.000319173908130743,-0.000560201847951136,2.0814090015597e-05
0.436756773216467,-1.70390763369415,-0.000305542444929419,-0.000591282301098506,2.21182793388526e-05
0.436756773216467,-1.70390763369415,-0.000305542444929419,-0.000591282301098506,2.21182793388526e-05
0.436451230771537,-1.70449891599525,-0.000293160529352299,-0.000622060430495175,2.31252714567531e-05
0.436451230771537,-1.70449891599525,-0.000293160529352299,-0.000622060430495175,2.31252714567531e-05
0.436158070242185,-1.70512097642574,-0.00028210922719929,-0.000652423911220446,2.38474939563753e-05
0.436158070242185,-1.70512097642574,-0.00028210922719929,-0.000652423911220446,2.38474939563753e-05
0.435875961014986,-1.70577340033696,-0.000272460553302212,-0.000682259717722955,2.43016667842591e-05
0.435875961014986,-1.70577340033696,-0.000272460553302212,-0.000682259717722955,2.43016667842591e-05
0.435603500461683,-1.70645566005468,-0.000264277025290582,-0.000711454721395333,2.45070016216179e-05
0.435603500461683,-1.70645566005468,-0.000264277025290582,-0.000711454721395333,2.45070016216179e-05
0.435339223436393,-1.70716711477608,-0.000257611276466063,-0.000739896297696774,2.44838778526196e-05
0.435339223436393,-1.70716711477608,-0.000257611276466063,-0.000739896297696774,2.44838778526196e-05
0.435081612159927,-1.70790701107378,-0.00025250573025154,-0.000767472938939973,2.42529253043881e-05
0.435081612159927,-1.70790701107378,-0.00025250573025154,-0.000767472938939973,2.42529253043881e-05
0.434829106429675,-1.70867448401272,-0.000248992338269582,-0.00079407486870875,2.38344252692467e-05
0.434829106429675,-1.70867448401272,-0.000248992338269582,-0.00079407486870875,2.38344252692467e-05
0.434580114091406,-1.70946855888143,-0.000247092383723724,-0.000819594653778566,2.32479448741856e-05
0.434580114091406,-1.70946855888143,-0.000247092383723724,-0.000819594653778566,2.32479448741856e-05
0.434333021707682,-1.7102881535352,-0.000246816351356316,-0.000843927809454748,2.25121332284565e-05
0.434333021707682,-1.7102881535352,-0.000246816351356316,-0.000843927809454748,2.25121332284565e-05
0.434086205356326,-1.71113208134466,-0.000248163864830175,-0.00086697339417463,2.16446240158882e-05
0.434086205356326,-1.71113208134466,-0.000248163864830175,-0.00086697339417463,2.16446240158882e-05
0.433838041491495,-1.71199905473883,-0.000251123691977329,-0.00088863458927757,2.06620040985557e-05
0.433838041491495,-1.71199905473883,-0.000251123691977329,-0.00088863458927757,2.06620040985557e-05
0.433586917799518,-1.71288768932811,-0.000255673817923963,-0.000908819259865412,1.95798200916009e-05
0.433586917799518,-1.71288768932811,-0.000255673817923963,-0.000908819259865412,1.95798200916009e-05
0.433331243981594,-1.71379650858798,-0.000261781585681076,-0.000927440492796583,1.84126043065667e-05
0.433331243981594,-1.71379650858798,-0.000261781585681076,-0.000927440492796583,1.84126043065667e-05
0.433069462395913,-1.71472394908077,-0.000269403903377208,-0.000944417108020179,1.71739081996005e-05
0.433069462395913,-1.71472394908077,-0.000269403903377208,-0.000944417108020179,1.71739081996005e-05
0.432800058492536,-1.71566836618879,-0.00027848751690418,-0.00095967413952569,1.58763364315896e-05
0.432800058492536,-1.71566836618879,-0.00027848751690418,-0.00095967413952569,1.58763364315896e-05
0.432521570975632,-1.71662804032832,-0.00028896934631012,-0.000973143282466227,1.45315777935586e-05
0.432521570975632,-1.71662804032832,-0.00028896934631012,-0.000973143282466227,1.45315777935586e-05
0.432232601629321,-1.71760118361078,-0.000300776883893905,-0.000984763303191638,1.31504314698323e-05
0.432232601629321,-1.71760118361078,-0.000300776883893905,-0.000984763303191638,1.31504314698323e-05
0.431931824745428,-1.71858594691398,-0.000313828651557768,-0.000994480409215015,1.17428284360241e-05
0.431931824745428,-1.71858594691398,-0.000313828651557768,-0.000994480409215015,1.17428284360241e-05
0.43161799609387,-1.71958042732319,-0.000328034714600189,-0.00100224857639719,1.03178486350259e-05
0.43161799609387,-1.71958042732319,-0.000328034714600189,-0.00100224857639719,1.03178486350259e-05
0.43128996137927,-1.72058267589959,-0.000343297248770913,-0.00100802983092407,8.88373516295189e-06
0.43128996137927,-1.72058267589959,-0.000343297248770913,-0.00100802983092407,8.88373516295189e-06
0.430946664130499,-1.72159070573051,-0.000359511157086434,-0.00101179448406641,7.44790681623348e-06
0.430946664130499,-1.72159070573051,-0.000359511157086434,-0.00101179448406641,7.44790681623348e-06
0.430587152973412,-1.72260250021458,-0.000376564732578077,-0.0010135213180178,6.01697053323447e-06
0.430587152973412,-1.72260250021458,-0.000376564732578077,-0.0010135213180178,6.01697053323447e-06
0.430210588240834,-1.7236160215326,-0.000394340362827705,-0.00101319772153108,4.59673517707888e-06
0.430210588240834,-1.7236160215326,-0.000394340362827705,-0.00101319772153108,4.59673517707888e-06
0.429816247878006,-1.72462921925413,-0.000412715271913999,-0.0010108197744132,3.19222808056155e-06
0.429816247878006,-1.72462921925413,-0.000412715271913999,-0.0010108197744132,3.19222808056155e-06
0.429403532606092,-1.72564003902854,-0.00043156229510305,-0.00100639228038157,1.80771562012234e-06
0.429403532606092,-1.72564003902854,-0.00043156229510305,-0.00100639228038157,1.80771562012234e-06
0.428971970310989,-1.72664643130892,-0.000450750681449674,-0.000999928748183221,4.4672888725901e-07
0.428971970310989,-1.72664643130892,-0.000450750681449674,-0.000999928748183221,4.4672888725901e-07
0.42852121962954,-1.72764636005711,-0.00047014691924413,-0.000991451321290082,-8.87904690817683e-07
0.42852121962954,-1.72764636005711,-0.00047014691924413,-0.000991451321290082,-8.87904690817683e-07
0.428051072710296,-1.7286378113784,-0.000489615579113978,-0.00098099065685453,-2.19402310670694e-06
0.428051072710296,-1.7286378113784,-0.000489615579113978,-0.00098099065685453,-2.19402310670694e-06
0.427561457131182,-1.72961880203525,-0.00050902016944615,-0.000968585755054763,-3.47008459555408e-06
0.427561457131182,-1.72961880203525,-0.00050902016944615,-0.000968585755054763,-3.47008459555408e-06
0.427052436961736,-1.73058738779031,-0.000528223998717658,-0.000954283740255635,-4.71511538076459e-06
0.427052436961736,-1.73058738779031,-0.000528223998717658,-0.000954283740255635,-4.71511538076459e-06
0.426524212963018,-1.73154167153056,-0.000547091039269421,-0.000938139595805909,-5.92865051065694e-06
0.426524212963018,-1.73154167153056,-0.000547091039269421,-0.000938139595805909,-5.92865051065694e-06
0.425977121923748,-1.73247981112637,-0.000565486787043379,-0.000920215854626205,-7.1106682475086e-06
0.425977121923748,-1.73247981112637,-0.000565486787043379,-0.000920215854626205,-7.1106682475086e-06
0.425411635136705,-1.73340002698099,-0.000583279111814439,-0.000900582248036352,-8.26151871772098e-06
0.425411635136705,-1.73340002698099,-0.000583279111814439,-0.000900582248036352,-8.26151871772098e-06
0.424828356024891,-1.73430060922903,-0.000600339092509339,-0.000879315315553741,-9.3818477905985e-06
0.424828356024891,-1.73430060922903,-0.000600339092509339,-0.000879315315553741,-9.3818477905985e-06
0.424228016932381,-1.73517992454458,-0.000616541832305473,-0.00085649797863252,-1.04725173772863e-05
0.424228016932381,-1.73517992454458,-0.000616541832305473,-0.00085649797863252,-1.04725173772863e-05
0.423611475100076,-1.73603642252322,-0.0006317672483383,-0.000832219081514207,-1.15345235193677e-05
0.423611475100076,-1.73603642252322,-0.0006317672483383,-0.000832219081514207,-1.15345235193677e-05
0.422979707851737,-1.73686864160473,-0.000645900830991919,-0.000806572902550817,-1.25689137519933e-05
0.422979707851737,-1.73686864160473,-0.000645900830991919,-0.000806572902550817,-1.25689137519933e-05
0.422333807020746,-1.73767521450728,-0.000658834367966432,-0.000779658639519454,-1.35767053371218e-05
0.422333807020746,-1.73767521450728,-0.000658834367966432,-0.000779658639519454,-1.35767053371218e-05
0.421674972652779,-1.7384548731468,-0.000670466628529542,-0.000751579872565467,-1.45588059306057e-05
0.421674972652779,-1.7384548731468,-0.000670466628529542,-0.000751579872565467,-1.45588059306057e-05
0.42100450602425,-1.73920645301937,-0.000680704003674648,-0.000722444008513179,-1.5515938269842e-05
0.42100450602425,-1.73920645301937,-0.000680704003674648,-0.000722444008513179,-1.5515938269842e-05
0.420323802020575,-1.73992889702788,-0.000689461098176802,-0.000692361710335154,-1.64485703132392e-05
0.420323802020575,-1.73992889702788,-0.000689461098176802,-0.000692361710335154,-1.64485703132392e-05
0.419634340922398,-1.74062125873821,-0.000696661270903842,-0.000661446315610936,-1.7356852229213e-05
0.419634340922398,-1.74062125873821,-0.000696661270903842,-0.000661446315610936,-1.7356852229213e-05
0.418937679651494,-1.74128270505383,-0.000702237120046911,-0.000629813247724043,-1.82405612249261e-05
0.418937679651494,-1.74128270505383,-0.000702237120046911,-0.000629813247724043,-1.82405612249261e-05
0.418235442531447,-1.74191251830155,-0.000706130910382685,-0.000597579423599282,-1.90990551309636e-05
0.418235442531447,-1.74191251830155,-0.000706130910382685,-0.000597579423599282,-1.90990551309636e-05
0.417529311621065,-1.74251009772515,-0.00070829494005098,-0.000564862661657894,-1.99312352543973e-05
0.417529311621065,-1.74251009772515,-0.00070829494005098,-0.000564862661657894,-1.99312352543973e-05
0.416821016681014,-1.74307496038681,-0.000708691844751586,-0.000531781093669137,-2.07355187868656e-05
0.416821016681014,-1.74307496038681,-0.000708691844751586,-0.000531781093669137,-2.07355187868656e-05
0.416112324836262,-1.74360674148048,-0.000707294837713257,-0.000498452584031472,-2.15098207401197e-05
0.416112324836262,-1.74360674148048,-0.000707294837713257,-0.000498452584031472,-2.15098207401197e-05
0.415405029998549,-1.74410519406451,-0.000704087884241034,-0.000464994159845356,-2.22515450578002e-05
0.415405029998549,-1.74410519406451,-0.000704087884241034,-0.000464994159845356,-2.22515450578002e-05
0.414700942114308,-1.74457018822435,-0.000699065810071009,-0.000431521455010575,-2.29575842277186e-05
0.414700942114308,-1.74457018822435,-0.000699065810071009,-0.000431521455010575,-2.29575842277186e-05
0.414001876304237,-1.74500170967936,-0.000692234343227238,-0.00039814817142525,-2.36243264601867e-05
0.414001876304237,-1.74500170967936,-0.000692234343227238,-0.00039814817142525,-2.36243264601867e-05
0.41330964196101,-1.74539985785079,-0.00068361008952289,-0.00036498556016773,-2.42476692647044e-05
0.41330964196101,-1.74539985785079,-0.00068361008952289,-0.00036498556016773,-2.42476692647044e-05
0.412626031871487,-1.74576484341096,-0.000673220442249045,-0.000332141925343921,-2.48230379572952e-05
0.412626031871487,-1.74576484341096,-0.000673220442249045,-0.000332141925343921,-2.48230379572952e-05
0.411952811429238,-1.7460969853363,-0.000661103427055054,-0.000299722153092041,-2.5345407509557e-05
0.411952811429238,-1.7460969853363,-0.000661103427055054,-0.000299722153092041,-2.5345407509557e-05
0.411291708002183,-1.74639670748939,-0.000647307483408521,-0.000267827267981913,-2.58093259615106e-05
0.411291708002183,-1.74639670748939,-0.000647307483408521,-0.000267827267981913,-2.58093259615106e-05
0.410644400518774,-1.74666453475737,-0.000631891184406652,-0.00023655401879985,-2.62089374643695e-05
0.410644400518774,-1.74666453475737,-0.000631891184406652,-0.00023655401879985,-2.62089374643695e-05
0.410012509334367,-1.74690108877617,-0.000614922897097525,-0.00020599449551173,-2.65380030527655e-05
0.410012509334367,-1.74690108877617,-0.000614922897097525,-0.00020599449551173,-2.65380030527655e-05
0.40939758643727,-1.74710708327169,-0.000596480385773479,-0.000176235778963418,-2.6789917230293e-05
0.40939758643727,-1.74710708327169,-0.000596480385773479,-0.000176235778963418,-2.6789917230293e-05
0.408801106051496,-1.74728331905065,-0.000576650361081732,-0.000147359624600218,-2.69577187833838e-05
0.408801106051496,-1.74728331905065,-0.000576650361081732,-0.000147359624600218,-2.69577187833838e-05
0.408224455690415,-1.74743067867525,-0.00055552797803915,-0.000119442181268248,-2.70340947548674e-05
0.408224455690415,-1.74743067867525,-0.00055552797803915,-0.000119442181268248,-2.70340947548674e-05
0.407668927712376,-1.74755012085652,-0.000533216286313198,-9.25537458693615e-05,-2.70113775238044e-05
0.407668927712376,-1.74755012085652,-0.000533216286313198,-9.25537458693615e-05,-2.70113775238044e-05
0.407135711426062,-1.74764267460239,-0.000509825636393624,-6.67585544409377e-05,-2.68815369169519e-05
0.407135711426062,-1.74764267460239,-0.000509825636393624,-6.67585544409377e-05,-2.68815369169519e-05
0.406625885789669,-1.74770943315683,-0.000485473045460483,-4.21146099860437e-05,-2.6636172492771e-05
0.406625885789669,-1.74770943315683,-0.000485473045460483,-4.21146099860437e-05,-2.6636172492771e-05
0.406140412744208,-1.74775154776681,-0.00046028152699118,-1.86735471403576e-05,-2.62665167734633e-05
0.406140412744208,-1.74775154776681,-0.00046028152699118,-1.86735471403576e-05,-2.62665167734633e-05
0.405680131217217,-1.74777022131395,-0.000434379388246198,3.51946646715007e-06,-2.57634690790002e-05
0.405680131217217,-1.74777022131395,-0.000434379388246198,3.51946646715007e-06,-2.57634690790002e-05
0.405245751828971,-1.74776670184749,-0.00040789949993747,2.44257925117175e-05,-2.51176937230723e-05
0.405245751828971,-1.74776670184749,-0.00040789949993747,2.44257925117175e-05,-2.51176937230723e-05
0.404837852329033,-1.74774227605498,-0.000380978542478427,4.40133484804761e-05,-2.43198373430426e-05
0.404837852329033,-1.74774227605498,-0.000380978542478427,4.40133484804761e-05,-2.43198373430426e-05
0.404456873786555,-1.74769826270649,-0.000353756233310909,6.22565991743596e-05,-2.33609496391073e-05
0.404456873786555,-1.74769826270649,-0.000353756233310909,6.22565991743596e-05,-2.33609496391073e-05
0.404103117553244,-1.74763600610732,-0.000326374539796392,7.91365141543654e-05,-2.22332284756864e-05
0.404103117553244,-1.74763600610732,-0.000326374539796392,7.91365141543654e-05,-2.22332284756864e-05
0.403776743013448,-1.74755686959317,-0.00029897688224606,9.46404922510524e-05,-2.09312469603338e-05
0.403776743013448,-1.74755686959317,-0.00029897688224606,9.46404922510524e-05,-2.09312469603338e-05
0.403477766131202,-1.74746222910091,-0.000271707331616799,0.000108762254445116,-1.94538351273715e-05
0.403477766131202,-1.74746222910091,-0.000271707331616799,0.000108762254445116,-1.94538351273715e-05
0.403206058799585,-1.74735346684647,-0.000244709806389687,0.000121501706525251,-1.78067387758847e-05
0.403206058799585,-1.74735346684647,-0.000244709806389687,0.000121501706525251,-1.78067387758847e-05
0.402961348993195,-1.74723196513994,-0.000218127273085733,0.000132864773139785,-1.60059947851142e-05
0.402961348993195,-1.74723196513994,-0.000218127273085733,0.000132864773139785,-1.60059947851142e-05
0.402743221720109,-1.7470991003668,-0.000192100954827468,0.000142863204908528,-1.40815783083866e-05
0.402743221720109,-1.7470991003668,-0.000192100954827468,0.000142863204908528,-1.40815783083866e-05
0.402551120765282,-1.7469562371619,-0.000166769552214785,0.000151514360403837,-1.20803043444679e-05
0.402551120765282,-1.7469562371619,-0.000166769552214785,0.000151514360403837,-1.20803043444679e-05
0.402384351213067,-1.74680472280149,-0.000142268480704644,0.000158840964920026,-1.00664225777763e-05
0.402384351213067,-1.74680472280149,-0.000142268480704644,0.000158840964920026,-1.00664225777763e-05
0.402242082732363,-1.74664588183657,-0.000118729128544992,0.000164870847979337,-8.11831052200329e-06
0.402242082732363,-1.74664588183657,-0.000118729128544992,0.000164870847979337,-8.11831052200329e-06
0.402123353603818,-1.74648101098859,-9.62781391501411e-05,0.00016963666161951,-6.32064845530861e-06
0.402123353603818,-1.74648101098859,-9.62781391501411e-05,0.00016963666161951,-6.32064845530861e-06
0.402027075464667,-1.74631137432697,-7.50367216437176e-05,0.000173175581593021,-4.75338554758691e-06
0.402027075464667,-1.74631137432697,-7.50367216437176e-05,0.000173175581593021,-4.75338554758691e-06
0.401952038743024,-1.74613819874538,-5.5119993107422e-05,0.000175528993541452,-3.48065058079707e-06
0.401952038743024,-1.74613819874538,-5.5119993107422e-05,0.000175528993541452,-3.48065058079707e-06
0.401896918749916,-1.74596266975184,-3.66363558922944e-05,0.000176742166350108,-2.54312411442455e-06
0.401896918749916,-1.74596266975184,-3.66363558922944e-05,0.000176742166350108,-2.54312411442455e-06
0.401860282394024,-1.74578592758549,-1.96869130951738e-05,0.00017686391481786,-1.95583887773642e-06
0.401860282394024,-1.74578592758549,-1.96869130951738e-05,0.00017686391481786,-1.95583887773642e-06
0.401840595480929,-1.74560906367067,-4.3649251116884e-06,0.000175946253810011,-1.71099066406568e-06
0.401840595480929,-1.74560906367067,-4.3649251116884e-06,0.000175946253810011,-1.71099066406568e-06
0.401836230555817,-1.74543311741686,9.24469005542106e-06,0.000174044046011845,-1.78367878202965e-06
0.401836230555817,-1.74543311741686,9.24469005542106e-06,0.000174044046011845,-1.78367878202965e-06
0.401845475245872,-1.74525907337085,2.10658103079187e-05,0.000171214645373174,-2.13823239499691e-06
0.401845475245872,-1.74525907337085,2.10658103079187e-05,0.000171214645373174,-2.13823239499691e-06
0.40186654105618,-1.74508785872548,3.10315146243023e-05,0.000167517538359085,-2.73350278405461e-06
0.40186654105618,-1.74508785872548,3.10315146243023e-05,0.000167517538359085,-2.73350278405461e-06
0.401897572570805,-1.74492034118712,3.90844379674071e-05,0.000163013984998406,-3.52643521679894e-06
0.401897572570805,-1.74492034118712,3.90844379674071e-05,0.000163013984998406,-3.52643521679894e-06
0.401936657008772,-1.74475732720212,4.51770742965207e-05,0.000157766661656122,-4.47388109652458e-06
0.401936657008772,-1.74475732720212,4.51770742965207e-05,0.000157766661656122,-4.47388109652458e-06
0.401981834083069,-1.74459956054046,4.92720263038926e-05,0.000151839307451551,-5.53286147845204e-06
0.401981834083069,-1.74459956054046,4.92720263038926e-05,0.000151839307451551,-5.53286147845204e-06
0.402031106109373,-1.74444772123301,5.13422007872855e-05,0.00014529637606131,-6.65943075762727e-06
0.402031106109373,-1.74444772123301,5.13422007872855e-05,0.00014529637606131,-6.65943075762727e-06
0.40208244831016,-1.74430242485695,5.13709488392244e-05,0.000138202694670353,-7.80600287543653e-06
0.40208244831016,-1.74430242485695,5.13709488392244e-05,0.000138202694670353,-7.80600287543653e-06
0.402133819258999,-1.74416422216228,4.93521503260319e-05,0.000130623131704199,-8.91648204345841e-06
0.402133819258999,-1.74416422216228,4.93521503260319e-05,0.000130623131704199,-8.91648204345841e-06
0.402183171409325,-1.74403359903057,4.52902424091239e-05,0.000122622274844053,-9.91763081689215e-06
0.402183171409325,-1.74403359903057,4.52902424091239e-05,0.000122622274844053,-9.91763081689215e-06
0.402228461651734,-1.74391097675573,3.92001921388774e-05,0.000114264120739005,-1.07034906161305e-05
0.402228461651734,-1.74391097675573,3.92001921388774e-05,0.000114264120739005,-1.07034906161305e-05
0.402267661843873,-1.74379671263499,3.11074134332623e-05,0.000105611777719172,-1.11071101650475e-05
0.402267661843873,-1.74379671263499,3.11074134332623e-05,0.000105611777719172,-1.11071101650475e-05
0.402298769257306,-1.74369110085727,2.10476290266048e-05,9.67271826901595e-05,-1.08522469800671e-05
0.402298769257306,-1.74369110085727,2.10476290266048e-05,9.67271826901595e-05,-1.08522469800671e-05
0.402319816886333,-1.74359437367458,9.06667825700813e-06,8.76708332884224e-05,-9.49149854038467e-06
0.402319816886333,-1.74359437367458,9.06667825700813e-06,8.76708332884224e-05,-9.49149854038467e-06
0.40232888356459,-1.74350670284129,-4.7797281567119e-06,7.85015362290142e-05,-6.42211131946336e-06
0.40232888356459,-1.74350670284129,-4.7797281567119e-06,7.85015362290142e-05,-6.42211131946336e-06
0.402324103836433,-1.74342820130507,-2.04263049459752e-05,6.92761727125735e-05,-1.26939502840798e-06
0.402324103836433,-1.74342820130507,-2.04263049459752e-05,6.92761727125735e-05,-1.26939502840798e-06
0.402303677531487,-1.74335892513235,-3.77985390662139e-05,6.00494815814478e-05,5.30648567938669e-06
0.402303677531487,-1.74335892513235,-3.77985390662139e-05,6.00494815814478e-05,5.30648567938669e-06
0.402265878992421,-1.74329887565077,-5.68130845067794e-05,5.08738608315795e-05,1.16844454750774e-05
0.402265878992421,-1.74329887565077,-5.68130845067794e-05,5.08738608315795e-05,1.16844454750774e-05
0.402209065907914,-1.74324800178994,-7.73782029816483e-05,4.17991879346769e-05,1.67428602600873e-05
0.402209065907914,-1.74324800178994,-7.73782029816483e-05,4.17991879346769e-05,1.67428602600873e-05
0.402131687704933,-1.743206202602,-9.93942480720378e-05,3.28726593297191e-05,2.04158198292537e-05
0.402131687704933,-1.743206202602,-9.93942480720378e-05,3.28726593297191e-05,2.04158198292537e-05
0.402032293456861,-1.74317332994268,-0.000122754190230445,2.41386493078366e-05,2.30667494672669e-05
0.402032293456861,-1.74317332994268,-0.000122754190230445,2.41386493078366e-05,2.30667494672669e-05
0.40190953926663,-1.74314919129337,-0.000147344179803999,1.56385884244603e-05,2.50309948909149e-05
0.40190953926663,-1.74314919129337,-0.000147344179803999,1.56385884244603e-05,2.50309948909149e-05
0.401762195086826,-1.74313355270494,-0.000173044145042545,7.41086140787495e-06,2.65263084830869e-05
0.401762195086826,-1.74313355270494,-0.000173044145042545,7.41086140787495e-06,2.65263084830869e-05
0.401589150941784,-1.74312614184353,-0.000199728421879708,-5.09275454474434e-07,2.76812765387232e-05
0.401589150941784,-1.74312614184353,-0.000199728421879708,-5.09275454474434e-07,2.76812765387232e-05
0.401389422519904,-1.74312665111899,-0.000227266412084537,-8.08975775345999e-06,2.85706738035041e-05
0.401389422519904,-1.74312665111899,-0.000227266412084537,-8.08975775345999e-06,2.85706738035041e-05
0.401162156107819,-1.74313474087674,-0.000255523266241564,-1.53017574360259e-05,2.92385876530665e-05
0.401162156107819,-1.74313474087674,-0.000255523266241564,-1.53017574360259e-05,2.92385876530665e-05
0.400906632841578,-1.74315004263418,-0.000284360587868071,-2.21197087757474e-05,2.97117014320957e-05
0.400906632841578,-1.74315004263418,-0.000284360587868071,-2.21197087757474e-05,2.97117014320957e-05
0.40062227225371,-1.74317216234295,-0.000313637154860158,-2.85213162749542e-05,3.00067383444892e-05
0.40062227225371,-1.74317216234295,-0.000313637154860158,-2.85213162749542e-05,3.00067383444892e-05
0.40030863509885,-1.74320068365923,-0.00034320965435003,-3.44875450655202e-05,3.01346753789189e-05
0.40030863509885,-1.74320068365923,-0.00034320965435003,-3.44875450655202e-05,3.01346753789189e-05
0.3999654254445,-1.7432351712043,-0.000372933426982414,-4.00025944671256e-05,3.0103182971607e-05
0.3999654254445,-1.7432351712043,-0.000372933426982414,-4.00025944671256e-05,3.0103182971607e-05
0.399592492017517,-1.74327517379876,-0.000402663216543309,-4.50538554219726e-05,2.99180743687624e-05
0.399592492017517,-1.74327517379876,-0.000402663216543309,-4.50538554219726e-05,2.99180743687624e-05
0.399189828800974,-1.74332022765418,-0.000432253920844172,-4.96318525486927e-05,2.95841883340121e-05
0.399189828800974,-1.74332022765418,-0.000432253920844172,-4.96318525486927e-05,2.95841883340121e-05
0.39875757488013,-1.74336985950673,-0.000461561339712535,-5.37301716663219e-05,2.91059384130306e-05
0.39875757488013,-1.74336985950673,-0.000461561339712535,-5.37301716663219e-05,2.91059384130306e-05
0.398296013540417,-1.7434235896784,-0.000490442915975275,-5.73453736605334e-05,2.84876601837285e-05
0.398296013540417,-1.7434235896784,-0.000490442915975275,-5.73453736605334e-05,2.84876601837285e-05
0.397805570624442,-1.74348093505206,-0.000518758465334002,-6.04768956398161e-05,2.77338324758441e-05
0.397805570624442,-1.74348093505206,-0.000518758465334002,-6.04768956398161e-05,2.77338324758441e-05
0.397286812159108,-1.7435414119477,-0.000546370891065462,-6.31269403321699e-05,2.68492176601627e-05
0.397286812159108,-1.7435414119477,-0.000546370891065462,-6.31269403321699e-05,2.68492176601627e-05
0.396740441268042,-1.74360453888803,-0.000573146879566555,-6.5300354714859e-05,2.5838948449091e-05
0.396740441268042,-1.74360453888803,-0.000573146879566555,-6.5300354714859e-05,2.5838948449091e-05
0.396167294388476,-1.74366983924275,-0.000598957572882086,-6.70044989090623e-05,2.4708578229151e-05
0.396167294388476,-1.74366983924275,-0.000598957572882086,-6.70044989090623e-05,2.4708578229151e-05
0.395568336815594,-1.74373684374166,-0.000623679214419082,-6.82491063332957e-05,2.34641059005531e-05
0.395568336815594,-1.74373684374166,-0.000623679214419082,-6.82491063332957e-05,2.34641059005531e-05
0.394944657601175,-1.74380509284799,-0.000647193764262755,-6.90461362298223e-05,2.21119822943272e-05
0.394944657601175,-1.74380509284799,-0.000647193764262755,-6.90461362298223e-05,2.21119822943272e-05
0.394297463836912,-1.74387413898422,-0.000669389480640548,-6.94096195918981e-05,2.06591029335666e-05
0.394297463836912,-1.74387413898422,-0.000669389480640548,-6.94096195918981e-05,2.06591029335666e-05
0.393628074356271,-1.74394354860381,-0.000690161464272365,-6.93554995294665e-05,1.91127904307106e-05
0.393628074356271,-1.74394354860381,-0.000690161464272365,-6.93554995294665e-05,1.91127904307106e-05
0.392937912891999,-1.74401290410334,-0.000709412162573086,-6.89014671402255e-05,1.74807688408618e-05
0.392937912891999,-1.74401290410334,-0.000709412162573086,-6.89014671402255e-05,1.74807688408618e-05
0.392228500729426,-1.74408180557048,-0.000727051830918923,-6.80667938943724e-05,1.5771131670335e-05
0.392228500729426,-1.74408180557048,-0.000727051830918923,-6.80667938943724e-05,1.5771131670335e-05
0.391501448898507,-1.74414987236437,-0.000742998948448703,-6.68721615859624e-05,1.39923048228427e-05
0.391501448898507,-1.74414987236437,-0.000742998948448703,-6.68721615859624e-05,1.39923048228427e-05
0.390758449950058,-1.74421674452596,-0.000757180586157591,-6.53394908300964e-05,1.21530054983662e-05
0.390758449950058,-1.74421674452596,-0.000757180586157591,-6.53394908300964e-05,1.21530054983662e-05
0.390001269363901,-1.74428208401679,-0.000769532725343358,-6.34917691006986e-05,1.02621978653839e-05
0.390001269363901,-1.74428208401679,-0.000769532725343358,-6.34917691006986e-05,1.02621978653839e-05
0.389231736638557,-1.74434557578589,-0.000780000524784552,-6.13528792066109e-05,8.32904620194218e-06
0.389231736638557,-1.74434557578589,-0.000780000524784552,-6.13528792066109e-05,8.32904620194218e-06
0.388451736113773,-1.7444069286651,-0.000788538535349992,-5.89474291561309e-05,6.36286614103118e-06
0.388451736113773,-1.7444069286651,-0.000788538535349992,-5.89474291561309e-05,6.36286614103118e-06
0.387663197578423,-1.74446587609425,-0.000795110861110448,-5.63005842664221e-05,4.3730745629023e-06
0.387663197578423,-1.74446587609425,-0.000795110861110448,-5.63005842664221e-05,4.3730745629023e-06
0.386868086717312,-1.74452217667852,-0.000799691266362923,-5.34379023762188e-05,2.3691386435283e-06
0.386868086717312,-1.74452217667852,-0.000799691266362923,-5.34379023762188e-05,2.3691386435283e-06
0.386068395450949,-1.7445756145809,-0.000802263228344424,-5.03851728772542e-05,3.60524543867899e-07
0.386068395450949,-1.7445756145809,-0.000802263228344424,-5.03851728772542e-05,3.60524543867899e-07
0.385266132222605,-1.74462599975377,-0.00080281993577408,-4.71682603446766e-05,-1.64335380088091e-06
0.385266132222605,-1.74462599975377,-0.00080281993577408,-4.71682603446766e-05,-1.64335380088091e-06
0.384463312286831,-1.74467316801412,-0.00080136423373639,-4.38129534729992e-05,-3.63318540167466e-06
0.384463312286831,-1.74467316801412,-0.00080136423373639,-4.38129534729992e-05,-3.63318540167466e-06
0.383661948053095,-1.74471698096759,-0.000797908515742018,-4.03448199401968e-05,-5.59981202232634e-06
0.383661948053095,-1.74471698096759,-0.000797908515742018,-4.03448199401968e-05,-5.59981202232634e-06
0.382864039537352,-1.74475732578753,-0.000792474564170698,-3.67890677599458e-05,-7.53427668587019e-06
0.382864039537352,-1.74475732578753,-0.000792474564170698,-3.67890677599458e-05,-7.53427668587019e-06
0.382071564973182,-1.74479411485529,-0.00078509334064214,-3.31704136118383e-05,-9.42787055207054e-06
0.382071564973182,-1.74479411485529,-0.00078509334064214,-3.31704136118383e-05,-9.42787055207054e-06
0.38128647163254,-1.7448272852689,-0.000775804728145479,-2.95129586962428e-05,-1.12721778131253e-05
0.38128647163254,-1.7448272852689,-0.000775804728145479,-2.95129586962428e-05,-1.12721778131253e-05
0.380510666904394,-1.7448567982276,-0.000764657227084631,-2.58400724588714e-05,-1.30591183238385e-05
0.380510666904394,-1.7448567982276,-0.000764657227084631,-2.58400724588714e-05,-1.30591183238385e-05
0.37974600967731,-1.74488263830006,-0.000751707607643204,-2.21742846211459e-05,-1.47809876892499e-05
0.37974600967731,-1.74488263830006,-0.000751707607643204,-2.21742846211459e-05,-1.47809876892499e-05
0.378994302069666,-1.74490481258468,-0.000737020521125453,-1.85371857839289e-05,-1.64304945474677e-05
0.378994302069666,-1.74490481258468,-0.000737020521125453,-1.85371857839289e-05,-1.64304945474677e-05
0.378257281548541,-1.74492334977046,-0.000720668073159347,-1.49493368797327e-05,-1.8000794812871e-05
0.378257281548541,-1.74492334977046,-0.000720668073159347,-1.49493368797327e-05,-1.8000794812871e-05
0.377536613475382,-1.74493829910734,-0.00070272936185195,-1.14301876417144e-05,-1.94855226866844e-05
0.377536613475382,-1.74493829910734,-0.00070272936185195,-1.14301876417144e-05,-1.94855226866844e-05
0.37683388411353,-1.74494972929499,-0.000683289984142466,-7.99800419404306e-06,-2.08788182587289e-05
0.37683388411353,-1.74494972929499,-0.000683289984142466,-7.99800419404306e-06,-2.08788182587289e-05
0.376150594129387,-1.74495772729918,-0.000662441513728018,-4.66980590863031e-06,-2.21753514929647e-05
0.376150594129387,-1.74495772729918,-0.000662441513728018,-4.66980590863031e-06,-2.21753514929647e-05
0.375488152615659,-1.74496239710509,-0.000640280954091133,-1.46131153111462e-06,-2.33703424763581e-05
0.375488152615659,-1.74496239710509,-0.000640280954091133,-1.46131153111462e-06,-2.33703424763581e-05
0.374847871661568,-1.74496385841662,-0.000616910170204488,1.61310543345117e-06,-2.44595777548721e-05
0.374847871661568,-1.74496385841662,-0.000616910170204488,1.61310543345117e-06,-2.44595777548721e-05
0.374230961491363,-1.74496224531119,-0.000592435302567251,4.54045212272547e-06,-2.54394225936108e-05
0.374230961491363,-1.74496224531119,-0.000592435302567251,4.54045212272547e-06,-2.54394225936108e-05
0.373638526188796,-1.74495770485906,-0.000566966167255489,7.30914263535887e-06,-2.63068289808972e-05
0.373638526188796,-1.74495770485906,-0.000566966167255489,7.30914263535887e-06,-2.63068289808972e-05
0.373071560021541,-1.74495039571643,-0.000540615645657994,9.90901542508027e-06,-2.70593390790012e-05
0.373071560021541,-1.74495039571643,-0.000540615645657994,9.90901542508027e-06,-2.70593390790012e-05
0.372530944375883,-1.744940486701,-0.000513499067590684,1.23313419395643e-05,-2.76950838066238e-05
0.372530944375883,-1.744940486701,-0.000513499067590684,1.23313419395643e-05,-2.76950838066238e-05
0.372017445308292,-1.74492815535906,-0.000485733591388871,1.45688267889632e-05,-2.82127759661685e-05
0.372017445308292,-1.74492815535906,-0.000485733591388871,1.45688267889632e-05,-2.82127759661685e-05
0.371531711716903,-1.74491358653227,-0.000457437584549691,1.66155996612627e-05,-2.86116970639987e-05
0.371531711716903,-1.74491358653227,-0.000457437584549691,1.66155996612627e-05,-2.86116970639987e-05
0.371074274132353,-1.74489697093261,-0.000428730008395717,1.84671993688212e-05,-2.88916764352652e-05
0.371074274132353,-1.74489697093261,-0.000428730008395717,1.84671993688212e-05,-2.88916764352652e-05
0.370645544123958,-1.74487850373324,-0.000399729810118765,2.01205503236324e-05,-2.90530603408711e-05
0.370645544123958,-1.74487850373324,-0.000399729810118765,2.01205503236324e-05,-2.90530603408711e-05
0.370245814313839,-1.74485838318292,-0.0003705553254581,2.15739317974695e-05,-2.90966671363931e-05
0.370245814313839,-1.74485838318292,-0.0003705553254581,2.15739317974695e-05,-2.90966671363931e-05
0.369875258988381,-1.74483680925112,-0.00034132369509815,2.28269403546033e-05,-2.90237216530226e-05
0.369875258988381,-1.74483680925112,-0.00034132369509815,2.28269403546033e-05,-2.90237216530226e-05
0.369533935293283,-1.74481398231077,-0.000312150297717417,2.38804458785324e-05,-2.88357564166466e-05
0.369533935293283,-1.74481398231077,-0.000312150297717417,2.38804458785324e-05,-2.88357564166466e-05
0.369221784995565,-1.74479010186489,-0.000283148202465222,2.4736541665682e-05,-2.85344565789797e-05
0.369221784995565,-1.74479010186489,-0.000283148202465222,2.4736541665682e-05,-2.85344565789797e-05
0.3689386367931,-1.74476536532322,-0.00025442764346667,2.53984890479231e-05,-2.81214033545083e-05
0.3689386367931,-1.74476536532322,-0.00025442764346667,2.53984890479231e-05,-2.81214033545083e-05
0.368684209149633,-1.74473996683418,-0.00022609551873809,2.5870656978233e-05,-2.75976226286079e-05
0.368684209149633,-1.74473996683418,-0.00022609551873809,2.5870656978233e-05,-2.75976226286079e-05
0.368458113630895,-1.7447140961772,-0.000198254915704688,2.61584570737661e-05,-2.69627336205188e-05
0.368458113630895,-1.7447140961772,-0.000198254915704688,2.61584570737661e-05,-2.69627336205188e-05
0.368259858715191,-1.74468793772012,-0.000171004665310948,2.62682745879594e-05,-2.6213210946641e-05
0.368259858715191,-1.74468793772012,-0.000171004665310948,2.62682745879594e-05,-2.6213210946641e-05
0.36808885404988,-1.74466166944554,-0.00014443892651228,2.6207395856348e-05,-2.53384923774176e-05
0.36808885404988,-1.74466166944554,-0.00014443892651228,2.6207395856348e-05,-2.53384923774176e-05
0.367944415123367,-1.74463546204968,-0.000118646802696132,2.59839326748335e-05,-2.43112219944402e-05
0.367944415123367,-1.74463546204968,-0.000118646802696132,2.59839326748335e-05,-2.43112219944402e-05
0.367825768320671,-1.744609478117,-9.37119913824724e-05,2.56067441348762e-05,-2.30590472256752e-05
0.367825768320671,-1.744609478117,-9.37119913824724e-05,2.56067441348762e-05,-2.30590472256752e-05
0.367732056329289,-1.74458387137287,-6.97124683288197e-05,2.50853564285336e-05,-2.13666013750993e-05
0.367732056329289,-1.74458387137287,-6.97124683288197e-05,2.50853564285336e-05,-2.13666013750993e-05
0.36766234386096,-1.74455878601644,-4.6720206948847e-05,2.44298810723187e-05,-1.84515900197975e-05
0.36766234386096,-1.74455878601644,-4.6720206948847e-05,2.44298810723187e-05,-1.84515900197975e-05
0.367615623654011,-1.74453435613537,-2.48009337308619e-05,2.36509320892253e-05,-1.11595078552584e-05
0.367615623654011,-1.74453435613537,-2.48009337308619e-05,2.36509320892253e-05,-1.11595078552584e-05
0.36759082272028,-1.74451070520328,-4.01392016458058e-06,2.27595426398608e-05,3.66228950479944e-06
0.36759082272028,-1.74451070520328,-4.01392016458058e-06,2.27595426398608e-05,3.66228950479944e-06
0.367586808800116,-1.74448794566064,1.5588188578386e-05,2.17670815860771e-05,1.29902823188358e-05
0.367586808800116,-1.74448794566064,1.5588188578386e-05,2.17670815860771e-05,1.29902823188358e-05
0.367602396988694,-1.74446617857905,3.3959508115633e-05,2.06851703756783e-05,1.49036003393027e-05
0.367602396988694,-1.74446617857905,3.3959508115633e-05,2.06851703756783e-05,1.49036003393027e-05
0.36763635649681,-1.74444549340868,5.10610126178146e-05,1.95256007486933e-05,1.46528722188529e-05
0.36763635649681,-1.74444549340868,5.10610126178146e-05,1.95256007486933e-05,1.46528722188529e-05
0.367687417509428,-1.74442596780793,6.68605961607338e-05,1.83002536982002e-05,1.37752255310629e-05
0.367687417509428,-1.74442596780793,6.68605961607338e-05,1.83002536982002e-05,1.37752255310629e-05
0.367754278105588,-1.74440766755423,8.13330981671023e-05,1.70210200731713e-05,1.26610340347854e-05
0.367754278105588,-1.74440766755423,8.13330981671023e-05,1.70210200731713e-05,1.26610340347854e-05
0.367835611203755,-1.74439064653416,9.44602935956662e-05,1.5699723227236e-05,1.14393391273406e-05
0.367835611203755,-1.74439064653416,9.44602935956662e-05,1.5699723227236e-05,1.14393391273406e-05
0.367930071497351,-1.74437494681093,0.000106230848687938,1.43480440817356e-05,1.01645343006643e-05
0.367930071497351,-1.74437494681093,0.000106230848687938,1.43480440817356e-05,1.01645343006643e-05
0.368036302346039,-1.74436059876685,0.000116640243260524,1.29774489787682e-05,8.86476590657489e-06
0.368036302346039,-1.74436059876685,0.000116640243260524,1.29774489787682e-05,8.86476590657489e-06
0.3681529425893,-1.74434762131787,0.000125690660644773,1.15991206395272e-05,7.55735643244405e-06
0.3681529425893,-1.74434762131787,0.000125690660644773,1.15991206395272e-05,7.55735643244405e-06
0.368278633249944,-1.74433602219723,0.000133390846535686,1.02238925423492e-05,6.25455648077457e-06
0.368278633249944,-1.74433602219723,0.000133390846535686,1.02238925423492e-05,6.25455648077457e-06
0.36841202409648,-1.74432579830469,0.000139755938099673,8.86218698004093e-06,4.96595937443997e-06
0.36841202409648,-1.74432579830469,0.000139755938099673,8.86218698004093e-06,4.96595937443997e-06
0.36855178003458,-1.74431693611771,0.000144807264825408,7.52395710978959e-06,3.69960969602689e-06
0.36855178003458,-1.74431693611771,0.000144807264825408,7.52395710978959e-06,3.69960969602689e-06
0.368696587299405,-1.7443094121606,0.000148572122676993,6.21863316685456e-06,2.46254768449406e-06
0.368696587299405,-1.7443094121606,0.000148572122676993,6.21863316685456e-06,2.46254768449406e-06
0.368845159422082,-1.74430319352743,0.000151083523222628,4.95507306430554e-06,1.26108996720229e-06
0.368845159422082,-1.74430319352743,0.000151083523222628,4.95507306430554e-06,1.26108996720229e-06
0.368996242945305,-1.74429823845437,0.000152379919442114,3.74151759041652e-06,1.00979110779923e-07
0.368996242945305,-1.74429823845437,0.000152379919442114,3.74151759041652e-06,1.00979110779923e-07
0.369148622864747,-1.74429449693678,0.000152504910026885,2.5855503276162e-06,-1.01253542897671e-06
0.369148622864747,-1.74429449693678,0.000152504910026885,2.5855503276162e-06,-1.01253542897671e-06
0.369301127774774,-1.74429191138645,0.000151506924026212,1.49406241689576e-06,-2.07465360531673e-06
0.369301127774774,-1.74429191138645,0.000151506924026212,1.49406241689576e-06,-2.07465360531673e-06
0.3694526346988,-1.74429041732403,0.00014943888771074,4.73222279140373e-07,-3.0810017418013e-06
0.3694526346988,-1.74429041732403,0.00014943888771074,4.73222279140373e-07,-3.0810017418013e-06
0.369602073586511,-1.74428994410175,0.000146357875594749,-4.71549614022848e-07,-4.02762107072692e-06
0.369602073586511,-1.74428994410175,0.000146357875594749,-4.71549614022848e-07,-4.02762107072692e-06
0.369748431462105,-1.74429041565137,0.00014232474754261,-1.33560089965457e-06,-4.91096257728075e-06
0.369748431462105,-1.74429041565137,0.00014232474754261,-1.33560089965457e-06,-4.91096257728075e-06
0.369890756209648,-1.74429175125227,0.000137403773926126,-2.11506237191017e-06,-5.72788501040927e-06
0.369890756209648,-1.74429175125227,0.000137403773926126,-2.11506237191017e-06,-5.72788501040927e-06
0.370028159983574,-1.74429386631464,0.000131662250800635,-2.8068579516205e-06,-6.47565409566582e-06
0.370028159983574,-1.74429386631464,0.000131662250800635,-2.8068579516205e-06,-6.47565409566582e-06
0.370159822234375,-1.74429667317259,0.000125170107040828,-3.4087095939217e-06,-7.15194155973671e-06
0.370159822234375,-1.74429667317259,0.000125170107040828,-3.4087095939217e-06,-7.15194155973671e-06
0.370284992341416,-1.74430008188218,0.000117999505382937,-3.91913715236392e-06,-7.75482285815734e-06
0.370284992341416,-1.74430008188218,0.000117999505382937,-3.91913715236392e-06,-7.75482285815734e-06
0.370402991846799,-1.74430400101934,0.000110224439287432,-4.33745332473201e-06,-8.28277242914221e-06
0.370402991846799,-1.74430400101934,0.000110224439287432,-4.33745332473201e-06,-8.28277242914221e-06
0.370513216286086,-1.74430833847266,0.000101920327500504,-4.66375375030026e-06,-8.7346547583177e-06
0.370513216286086,-1.74430833847266,0.000101920327500504,-4.66375375030026e-06,-8.7346547583177e-06
0.370615136613586,-1.74431300222641,9.31636081835663e-05,-4.8989023706536e-06,-9.10970825431827e-06
0.370615136613586,-1.74431300222641,9.31636081835663e-05,-4.8989023706536e-06,-9.10970825431827e-06
0.37070830022177,-1.74431790112878,8.40313344195875e-05,-5.04451219485169e-06,-9.40751569666854e-06
0.37070830022177,-1.74431790112878,8.40313344195875e-05,-5.04451219485169e-06,-9.40751569666854e-06
0.37079233155619,-1.74432294564098,7.46007728547049e-05,-5.1029216587839e-06,-9.62794691245607e-06
0.37079233155619,-1.74432294564098,7.46007728547049e-05,-5.1029216587839e-06,-9.62794691245607e-06
0.370866932329044,-1.74432804856264,6.49490071729097e-05,-5.07716671616087e-06,-9.77103702010451e-06
0.370866932329044,-1.74432804856264,6.49490071729097e-05,-5.07716671616087e-06,-9.77103702010451e-06
0.370931881336217,-1.74433312572935,5.51525480567139e-05,-4.97094889118088e-06,-9.83669448853407e-06
0.370931881336217,-1.74433312572935,5.51525480567139e-05,-4.97094889118088e-06,-9.83669448853407e-06
0.370987033884274,-1.74433809667824,4.52869512347909e-05,-4.78859952690591e-06,-9.82388117896553e-06
0.370987033884274,-1.74433809667824,4.52869512347909e-05,-4.78859952690591e-06,-9.82388117896553e-06
0.371032320835509,-1.74434288527777,3.54264451303266e-05,-4.53504043607111e-06,-9.72774917729676e-06
0.371032320835509,-1.74434288527777,3.54264451303266e-05,-4.53504043607111e-06,-9.72774917729676e-06
0.371067747280639,-1.74434742031821,2.56435695418222e-05,-4.21574120434975e-06,-9.52563166126898e-06
0.371067747280639,-1.74434742031821,2.56435695418222e-05,-4.21574120434975e-06,-9.52563166126898e-06
0.371093390850181,-1.74435163605941,1.60088267403546e-05,-3.83667336922855e-06,-9.04449765349183e-06
0.371093390850181,-1.74435163605941,1.60088267403546e-05,-3.83667336922855e-06,-9.04449765349183e-06
0.371109399676921,-1.74435547273278,6.5903462870831e-06,-3.40426179379349e-06,-3.53926892676027e-06
0.371109399676921,-1.74435547273278,6.5903462870831e-06,-3.40426179379349e-06,-3.53926892676027e-06
0.371115990023208,-1.74435887699457,-2.54643519470577e-06,-2.92533349455226e-06,7.71335941823486e-06
0.371115990023208,-1.74435887699457,-2.54643519470577e-06,-2.92533349455226e-06,7.71335941823486e-06
0.371113443588014,-1.74436180232807,-1.13390781814604e-05,-2.40706426324344e-06,8.22387599886409e-06
0.371113443588014,-1.74436180232807,-1.13390781814604e-05,-2.40706426324344e-06,8.22387599886409e-06
0.371102104509832,-1.74436420939233,-1.97284272694942e-05,-1.85692336351906e-06,7.87297798657028e-06
0.371102104509832,-1.74436420939233,-1.97284272694942e-05,-1.85692336351906e-06,7.87297798657028e-06
0.371082376082563,-1.7443660663157,-2.76588800894317e-05,-1.28261661580531e-06,7.3968593659438e-06
0.371082376082563,-1.7443660663157,-2.76588800894317e-05,-1.28261661580531e-06,7.3968593659438e-06
0.371054717202473,-1.74436734893231,-3.50786372040335e-05,-6.92028178095327e-07,6.85457298781937e-06
0.371054717202473,-1.74436734893231,-3.50786372040335e-05,-6.92028178095327e-07,6.85457298781937e-06
0.371019638565269,-1.74436804096049,-4.19399321927028e-05,-9.31613512999974e-08,6.26186063573088e-06
0.371019638565269,-1.74436804096049,-4.19399321927028e-05,-9.31613512999974e-08,6.26186063573088e-06
0.370977698633077,-1.74436813412184,-4.81992411808796e-05,5.05921264659648e-07,5.6267574117452e-06
0.370977698633077,-1.74436813412184,-4.81992411808796e-05,5.05921264659648e-07,5.6267574117452e-06
0.370929499391896,-1.74436762820058,-5.38174711840478e-05,1.0971579536001e-06,4.95527187735926e-06
0.370929499391896,-1.74436762820058,-5.38174711840478e-05,1.0971579536001e-06,4.95527187735926e-06
0.370875681920712,-1.74436653104262,-5.87601267068583e-05,1.67254800920169e-06,4.25278072276457e-06
0.370875681920712,-1.74436653104262,-5.87601267068583e-05,1.67254800920169e-06,4.25278072276457e-06
0.370816921794005,-1.74436485849461,-6.29974541185851e-05,2.22421154427721e-06,3.52446069416863e-06
0.370816921794005,-1.74436485849461,-6.29974541185851e-05,2.22421154427721e-06,3.52446069416863e-06
0.370753924339886,-1.74436263428307,-6.65045634136718e-05,2.74444859993395e-06,2.77543874295633e-06
0.370753924339886,-1.74436263428307,-6.65045634136718e-05,2.74444859993395e-06,2.77543874295633e-06
0.370687419776472,-1.74435988983447,-6.92615270447838e-05,3.2257972597538e-06,2.01084351749616e-06
0.370687419776472,-1.74435988983447,-6.92615270447838e-05,3.2257972597538e-06,2.01084351749616e-06
0.370618158249428,-1.74435666403721,-7.12534555882272e-05,3.66109045346619e-06,1.23581751018862e-06
0.370618158249428,-1.74435666403721,-7.12534555882272e-05,3.66109045346619e-06,1.23581751018862e-06
0.370546904793839,-1.74435300294676,-7.24705501126688e-05,4.04351110727674e-06,4.55511865304952e-07
0.370546904793839,-1.74435300294676,-7.24705501126688e-05,4.04351110727674e-06,4.55511865304952e-07
0.370474434243727,-1.74434895943565,-7.29081311918733e-05,4.36664532021958e-06,-3.24927076778781e-07
0.370474434243727,-1.74434895943565,-7.29081311918733e-05,4.36664532021958e-06,-3.24927076778781e-07
0.370401526112535,-1.74434459279033,-7.25666445475781e-05,4.62453330452028e-06,-1.10037534654393e-06
0.370401526112535,-1.74434459279033,-7.25666445475781e-05,4.62453330452028e-06,-1.10037534654393e-06
0.370328959467987,-1.74433996825702,-7.14516434227042e-05,4.81171778599077e-06,-1.86575102619631e-06
0.370328959467987,-1.74433996825702,-7.14516434227042e-05,4.81171778599077e-06,-1.86575102619631e-06
0.370257507824565,-1.74433515653924,-6.95737478473846e-05,4.92328952383936e-06,-2.61603496321984e-06
0.370257507824565,-1.74433515653924,-6.95737478473846e-05,4.92328952383936e-06,-2.61603496321984e-06
0.370187934076717,-1.74433023324971,-6.69485810458337e-05,4.95492974095235e-06,-3.34629192963459e-06
0.370187934076717,-1.74433023324971,-6.69485810458337e-05,4.95492974095235e-06,-3.34629192963459e-06
0.370120985495671,-1.74432527831997,-6.3596683286482e-05,4.90294921084988e-06,-4.05169182159648e-06
0.370120985495671,-1.74432527831997,-6.3596683286482e-05,4.90294921084988e-06,-4.05169182159648e-06
0.370057388812385,-1.74432037537076,-5.95434035742248e-05,4.76432368534674e-06,-4.72753060445506e-06
0.370057388812385,-1.74432037537076,-5.95434035742248e-05,4.76432368534674e-06,-4.72753060445506e-06
0.369997845408811,-1.74431561104708,-5.48187696470803e-05,4.53672551636863e-06,-5.36925071724392e-06
0.369997845408811,-1.74431561104708,-5.48187696470803e-05,4.53672551636863e-06,-5.36925071724392e-06
0.369943026639164,-1.74431107432156,-4.94573368082785e-05,4.21855124699277e-06,-5.97246048000761e-06
0.369943026639164,-1.74431107432156,-4.94573368082785e-05,4.21855124699277e-06,-5.97246048000761e-06
0.369893569302355,-1.74430685577031,-4.3498016205068e-05,3.80894493678952e-06,-6.53295147895295e-06
0.369893569302355,-1.74430685577031,-4.3498016205068e-05,3.80894493678952e-06,-6.53295147895295e-06
0.36985007128615,-1.74430304682538,-3.69838832263159e-05,3.30781705826233e-06,-7.04671070644546e-06
0.36985007128615,-1.74430304682538,-3.69838832263159e-05,3.30781705826233e-06,-7.04671070644546e-06
0.369813087402924,-1.74429973900832,-2.99619667530893e-05,2.71585881317371e-06,-7.50991396261137e-06
0.369813087402924,-1.74429973900832,-2.99619667530893e-05,2.71585881317371e-06,-7.50991396261137e-06
0.369783125436171,-1.74429702314951,-2.24830200689086e-05,2.0345516860143e-06,-7.91881799344864e-06
0.369783125436171,-1.74429702314951,-2.24830200689086e-05,2.0345516860143e-06,-7.91881799344864e-06
0.369760642416102,-1.74429498859782,-1.46012743106327e-05,1.26617217399705e-06,-8.26847824591569e-06
0.369760642416102,-1.74429498859782,-1.46012743106327e-05,1.26617217399705e-06,-8.26847824591569e-06
0.369746041141791,-1.74429372242565,-6.37417537913132e-06,4.13791568565358e-07,-4.18766645398571e-06
0.369746041141791,-1.74429372242565,-6.37417537913132e-06,4.13791568565358e-07,-4.18766645398571e-06
0.369739666966412,-1.74429330863408,2.13789468039849e-06,-5.18729222909187e-07,8.77866284028325e-06
0.369739666966412,-1.74429330863408,2.13789468039849e-06,-5.18729222909187e-07,8.77866284028325e-06
0.369741804861093,-1.7442938273633,1.08719107732025e-05,-1.52674994646773e-06,8.95485503560595e-06
0.369741804861093,-1.7442938273633,1.08719107732025e-05,-1.52674994646773e-06,8.95485503560595e-06
0.369752676771866,-1.74429535411325,1.97625112129951e-05,-2.60486634129364e-06,9.05207404784046e-06
0.369752676771866,-1.74429535411325,1.97625112129951e-05,-2.60486634129364e-06,9.05207404784046e-06
0.369772439283079,-1.74429795897959,2.87423163811695e-05,-3.74693056737208e-06,9.07944960587351e-06
0.369772439283079,-1.74429795897959,2.87423163811695e-05,-3.74693056737208e-06,9.07944960587351e-06
0.36980118159946,-1.74430170591015,3.77422583568987e-05,-4.94607667200775e-06,9.03609796768324e-06
0.36980118159946,-1.74430170591015,3.77422583568987e-05,-4.94607667200775e-06,9.03609796768324e-06
0.369838923857817,-1.74430665198683,4.66919202269378e-05,-6.19475106677925e-06,8.92106374198334e-06
0.369838923857817,-1.74430665198683,4.66919202269378e-05,-6.19475106677925e-06,8.92106374198334e-06
0.369885615778044,-1.74431284673789,5.55198837721704e-05,-7.48474794010079e-06,8.73367495646915e-06
0.369885615778044,-1.74431284673789,5.55198837721704e-05,-7.48474794010079e-06,8.73367495646915e-06
0.369941135661816,-1.74432033148583,6.4154084141177e-05,-8.80724948149059e-06,8.47360223399248e-06
0.369941135661816,-1.74432033148583,6.4154084141177e-05,-8.80724948149059e-06,8.47360223399248e-06
0.370005289745957,-1.74432913873532,7.25221701022294e-05,-1.01528707896481e-05,8.14087673617333e-06
0.370005289745957,-1.74432913873532,7.25221701022294e-05,-1.01528707896481e-05,8.14087673617333e-06
0.370077811916059,-1.7443392916061,8.05518684068862e-05,-1.15117093213435e-05,7.73589800564246e-06
0.370077811916059,-1.7443392916061,8.05518684068862e-05,-1.15117093213435e-05,7.73589800564246e-06
0.370158363784466,-1.74435080331543,8.8171350785704e-05,-1.2873398691049e-05,7.2594379272158e-06
0.370158363784466,-1.74435080331543,8.8171350785704e-05,-1.2873398691049e-05,7.2594379272158e-06
0.370246535135252,-1.74436367671412,9.53096020441802e-05,-1.42271666294658e-05,6.71264248024374e-06
0.370246535135252,-1.74436367671412,9.53096020441802e-05,-1.42271666294658e-05,6.71264248024374e-06
0.370341844737296,-1.74437790388075,0.000101896787694289,-1.55618968422644e-05,6.09703191567707e-06
0.370341844737296,-1.74437790388075,0.000101896787694289,-1.55618968422644e-05,6.09703191567707e-06
0.37044374152499,-1.74439346577759,0.000107864619570353,-1.68661945367798e-05,5.41449960018773e-06
0.37044374152499,-1.74439346577759,0.000107864619570353,-1.68661945367798e-05,5.41449960018773e-06
0.370551606144561,-1.74441033197213,0.000113146717811374,-1.81284553062433e-05,4.667309799277e-06
0.370551606144561,-1.74441033197213,0.000113146717811374,-1.81284553062433e-05,4.667309799277e-06
0.370664752862372,-1.74442846042743,0.000117678967602841,-1.93369370591334e-05,3.85809469618987e-06
0.370664752862372,-1.74442846042743,0.000117678967602841,-1.93369370591334e-05,3.85809469618987e-06
0.370782431829975,-1.74444779736449,0.000121399869061289,-2.04798346798984e-05,2.98985105765415e-06
0.370782431829975,-1.74444779736449,0.000121399869061289,-2.04798346798984e-05,2.98985105765415e-06
0.370903831699036,-1.74446827719917,0.000124250878632992,-2.15453570717727e-05,2.06593719834577e-06
0.370903831699036,-1.74446827719917,0.000124250878632992,-2.15453570717727e-05,2.06593719834577e-06
0.371028082577669,-1.74448982255624,0.000126176740390616,-2.25218061984389e-05,1.09007126641872e-06
0.371028082577669,-1.74448982255624,0.000126176740390616,-2.25218061984389e-05,1.09007126641872e-06
0.37115425931806,-1.74451234436244,0.000127125805619521,-2.33976577534989e-05,6.63325000074084e-08
0.37115425931806,-1.74451234436244,0.000127125805619521,-2.33976577534989e-05,6.63325000074084e-08
0.371281385123679,-1.74453574202019,0.00012705033910887,-2.41616430154412e-05,-1.00083179748988e-06
0.371281385123679,-1.74453574202019,0.00012705033910887,-2.41616430154412e-05,-1.00083179748988e-06
0.371408435462788,-1.74455990366321,0.000125906810569731,-2.48028314924209e-05,-2.10658884173648e-06
0.371408435462788,-1.74455990366321,0.000125906810569731,-2.48028314924209e-05,-2.10658884173648e-06
0.371534342273358,-1.7445847064947,0.000123656169640773,-2.53107138445952e-05,-3.24568404734869e-06
0.371534342273358,-1.7445847064947,0.000123656169640773,-2.53107138445952e-05,-3.24568404734869e-06
0.371657998442999,-1.74461001720855,0.000120264102990875,-2.56752846889974e-05,-4.41237019912586e-06
0.371657998442999,-1.74461001720855,0.000120264102990875,-2.56752846889974e-05,-4.41237019912586e-06
0.37177826254599,-1.74463569249324,0.000115701272047186,-2.58871248082215e-05,-5.60027164462413e-06
0.37177826254599,-1.74463569249324,0.000115701272047186,-2.58871248082215e-05,-5.60027164462413e-06
0.371893963818037,-1.74466157961804,0.000109943529975731,-2.59374822728642e-05,-6.80212104484825e-06
0.371893963818037,-1.74466157961804,0.000109943529975731,-2.59374822728642e-05,-6.80212104484825e-06
0.372003907348013,-1.74468751710032,0.000102972116545197,-2.58183519616928e-05,-8.00923149845648e-06
0.372003907348013,-1.74468751710032,0.000102972116545197,-2.58183519616928e-05,-8.00923149845648e-06
0.372106879464558,-1.74471333545228,9.47738296555589e-05,-2.55225530183534e-05,-9.21037922646889e-06
0.372106879464558,-1.74471333545228,9.47738296555589e-05,-2.55225530183534e-05,-9.21037922646889e-06
0.372201653294213,-1.7447388580053,8.53411723055753e-05,-2.50438037072698e-05,-1.03892497335488e-05
0.372201653294213,-1.7447388580053,8.53411723055753e-05,-2.50438037072698e-05,-1.03892497335488e-05
0.372286994466519,-1.744763901809,7.46724739107973e-05,-2.4376793233305e-05,-1.15179593527032e-05
0.372286994466519,-1.744763901809,7.46724739107973e-05,-2.4376793233305e-05,-1.15179593527032e-05
0.37236166694043,-1.74478827860224,6.27719849830566e-05,-2.35172499813974e-05,-1.2538127426988e-05
0.37236166694043,-1.74478827860224,6.27719849830566e-05,-2.35172499813974e-05,-1.2538127426988e-05
0.372424438925413,-1.74481179585222,4.96499442586562e-05,-2.24620056872293e-05,-1.32937090697001e-05
0.372424438925413,-1.74481179585222,4.96499442586562e-05,-2.24620056872293e-05,-1.32937090697001e-05
0.372474088869671,-1.74483425785791,3.53226174903964e-05,-2.12090550650856e-05,-1.32206817542617e-05
0.372474088869671,-1.74483425785791,3.53226174903964e-05,-2.12090550650856e-05,-1.32206817542617e-05
0.372509411487162,-1.74485546691297,1.98123072376322e-05,-1.97576103788677e-05,-9.60055319708498e-06
0.372509411487162,-1.74485546691297,1.98123072376322e-05,-1.97576103788677e-05,-9.60055319708498e-06
0.372529223794399,-1.74487522452335,3.14733311990167e-06,-1.81081505308267e-05,3.5004815682937e-06
0.372529223794399,-1.74487522452335,3.14733311990167e-06,-1.81081505308267e-05,3.5004815682937e-06
0.372532371127519,-1.74489333267388,-1.46380178630001e-05,-1.62624642057185e-05,1.45177249341757e-05
0.372532371127519,-1.74489333267388,-1.46380178630001e-05,-1.62624642057185e-05,1.45177249341757e-05
0.372517733109656,-1.74490959513809,-3.35035712253351e-05,-1.42236866431666e-05,1.83363606726572e-05
0.372517733109656,-1.74490959513809,-3.35035712253351e-05,-1.42236866431666e-05,1.83363606726572e-05
0.372484229538431,-1.74492381882473,-5.34033752038199e-05,-1.19963296130177e-05,2.01676275639114e-05
0.372484229538431,-1.74492381882473,-5.34033752038199e-05,-1.19963296130177e-05,2.01676275639114e-05
0.372430826163227,-1.74493581515434,-7.42858412648428e-05,-9.58630421044049e-06,2.14467789309768e-05
0.372430826163227,-1.74493581515434,-7.42858412648428e-05,-9.58630421044049e-06,2.14467789309768e-05
0.372356540321962,-1.74494540145855,-9.60939146925632e-05,-7.00093608396735e-06,2.24926524281097e-05
0.372356540321962,-1.74494540145855,-9.60939146925632e-05,-7.00093608396735e-06,2.24926524281097e-05
0.37226044640727,-1.74495240239464,-0.000118765274918942,-4.24897278739067e-06,2.33976258910441e-05
0.37226044640727,-1.74495240239464,-0.000118765274918942,-4.24897278739067e-06,2.33976258910441e-05
0.372141681132351,-1.74495665136742,-0.000142232565050415,-1.34058295619965e-06,2.41935794548736e-05
0.372141681132351,-1.74495665136742,-0.000142232565050415,-1.34058295619965e-06,2.41935794548736e-05
0.3719994485673,-1.74495799195038,-0.00016642364989905,1.7126529547884e-06,2.48921393172408e-05
0.3719994485673,-1.74495799195038,-0.00016642364989905,1.7126529547884e-06,2.48921393172408e-05
0.371833024917401,-1.74495627929743,-0.000191261901671902,4.89776064105385e-06,2.54970397907297e-05
0.371833024917401,-1.74495627929743,-0.000191261901671902,4.89776064105385e-06,2.54970397907297e-05
0.371641763015729,-1.74495138153679,-0.000216666512264041,8.20039878113299e-06,2.60086481049248e-05
0.371641763015729,-1.74495138153679,-0.000216666512264041,8.20039878113299e-06,2.60086481049248e-05
0.371425096503465,-1.744943181138,-0.000242552830948817,1.1604894868178e-05,2.64258568280826e-05
0.371425096503465,-1.744943181138,-0.000242552830948817,1.1604894868178e-05,2.64258568280826e-05
0.371182543672517,-1.74493157624314,-0.000268832726085133,1.50942901913087e-05,2.67469641557698e-05
0.371182543672517,-1.74493157624314,-0.000268832726085133,1.50942901913087e-05,2.67469641557698e-05
0.370913710946431,-1.74491648195294,-0.000295414969293362,1.86503940018401e-05,2.69701214788396e-05
0.370913710946431,-1.74491648195294,-0.000295414969293362,1.86503940018401e-05,2.69701214788396e-05
0.370618295977138,-1.74489783155894,-0.000322205640412132,2.22538468910294e-05,2.709357915258e-05
0.370618295977138,-1.74489783155894,-0.000322205640412132,2.22538468910294e-05,2.709357915258e-05
0.370296090336726,-1.74487557771205,-0.000349108551339905,2.58841933162834e-05,2.71158309952732e-05
0.370296090336726,-1.74487557771205,-0.000349108551339905,2.58841933162834e-05,2.71158309952732e-05
0.369946981785386,-1.74484969351874,-0.000376025686768477,2.9519963162139e-05,2.70357044243544e-05
0.369946981785386,-1.74484969351874,-0.000376025686768477,2.9519963162139e-05,2.70357044243544e-05
0.369570956098618,-1.74482017355557,-0.000402857659631939,3.31387622591883e-05,2.68524195034086e-05
0.369570956098618,-1.74482017355557,-0.000402857659631939,3.31387622591883e-05,2.68524195034086e-05
0.369168098438986,-1.74478703479331,-0.000429504178969031,3.67173716562252e-05,2.65656290158824e-05
0.369168098438986,-1.74478703479331,-0.000429504178969031,3.67173716562252e-05,2.65656290158824e-05
0.368738594260017,-1.74475031742166,-0.000455864527772243,4.0231855354067e-05,2.6175446162941e-05
0.368738594260017,-1.74475031742166,-0.000455864527772243,4.0231855354067e-05,2.6175446162941e-05
0.368282729732244,-1.7447100855663,-0.000481838048295602,4.36576762152807e-05,2.56824635772439e-05
0.368282729732244,-1.7447100855663,-0.000481838048295602,4.36576762152807e-05,2.56824635772439e-05
0.367800891683949,-1.74466642789009,-0.000507324632185169,4.6969819673004e-05,2.50877657996539e-05
0.367800891683949,-1.74466642789009,-0.000507324632185169,4.6969819673004e-05,2.50877657996539e-05
0.367293567051764,-1.74461945807042,-0.000532225212706572,5.01429248493945e-05,2.43929365041774e-05
0.367293567051764,-1.74461945807042,-0.000532225212706572,5.01429248493945e-05,2.43929365041774e-05
0.366761341839057,-1.74456931514557,-0.000556442256283984,5.31514225881047e-05,2.36000612567427e-05
0.366761341839057,-1.74456931514557,-0.000556442256283984,5.31514225881047e-05,2.36000612567427e-05
0.366204899582773,-1.74451616372298,-0.000579880250510423,5.59696798894116e-05,2.27117262868471e-05
0.366204899582773,-1.74451616372298,-0.000579880250510423,5.59696798894116e-05,2.27117262868471e-05
0.365625019332263,-1.74446019404309,-0.00060244618574401,5.85721501218384e-05,2.17310136151936e-05
0.365625019332263,-1.74446019404309,-0.00060244618574401,5.85721501218384e-05,2.17310136151936e-05
0.365022573146519,-1.74440162189297,-0.000624050027396239,6.09335284367241e-05,2.0661492774352e-05
0.365022573146519,-1.74440162189297,-0.000624050027396239,6.09335284367241e-05,2.0661492774352e-05
0.364398523119122,-1.74434068836453,-0.000644605176042701,6.30289116472227e-05,1.95072092865429e-05
0.364398523119122,-1.74434068836453,-0.000644605176042701,6.30289116472227e-05,1.95072092865429e-05
0.36375391794308,-1.74427765945288,-0.000664028912492898,6.48339618922744e-05,1.82726700295369e-05
0.36375391794308,-1.74427765945288,-0.000664028912492898,6.48339618922744e-05,1.82726700295369e-05
0.363089889030587,-1.74421282549099,-0.00068224282499818,6.63250732648724e-05,1.69628256442525e-05
0.363089889030587,-1.74421282549099,-0.00068224282499818,6.63250732648724e-05,1.69628256442525e-05
0.362407646205589,-1.74414650041773,-0.000699173215863214,6.74795405699591e-05,1.5583050112033e-05
0.362407646205589,-1.74414650041773,-0.000699173215863214,6.74795405699591e-05,1.5583050112033e-05
0.361708472989725,-1.74407902087716,-0.000714751484806264,6.8275729400602e-05,1.4139117642687e-05
0.361708472989725,-1.74407902087716,-0.000714751484806264,6.8275729400602e-05,1.4139117642687e-05
0.360993721504919,-1.74401074514776,-0.000728914486540944,6.86932465563395e-05,1.26371770462418e-05
0.360993721504919,-1.74401074514776,-0.000728914486540944,6.86932465563395e-05,1.26371770462418e-05
0.360264807018378,-1.7439420519012,-0.000741604860197198,6.87131099241789e-05,1.10837237326723e-05
0.360264807018378,-1.7439420519012,-0.000741604860197198,6.87131099241789e-05,1.10837237326723e-05
0.359523202158181,-1.74387333879127,-0.000752771328340007,6.8317916876115e-05,9.48556952287661e-06
0.359523202158181,-1.74387333879127,-0.000752771328340007,6.8317916876115e-05,9.48556952287661e-06
0.358770430829841,-1.7438050208744,-0.000762368963533655,6.74920101280119e-05,7.84981049122718e-06
0.358770430829841,-1.7438050208744,-0.000762368963533655,6.74920101280119e-05,7.84981049122718e-06
0.358008061866307,-1.74373752886427,-0.00077035942060949,6.62216401190463e-05,6.18379304469577e-06
0.358008061866307,-1.74373752886427,-0.00077035942060949,6.62216401190463e-05,6.18379304469577e-06
0.357237702445698,-1.74367130722415,-0.000776711133018138,6.44951228152557e-05,4.49507848740015e-06
0.357237702445698,-1.74367130722415,-0.000776711133018138,6.44951228152557e-05,4.49507848740015e-06
0.35646099131268,-1.74360681210134,-0.000781399471892763,6.23029919424312e-05,2.79140628703725e-06
0.35646099131268,-1.74360681210134,-0.000781399471892763,6.23029919424312e-05,2.79140628703725e-06
0.355679591840787,-1.74354450910939,-0.000784406866681575,5.9638144571883e-05,1.08065633898401e-06
0.355679591840787,-1.74354450910939,-0.000784406866681575,5.9638144571883e-05,1.08065633898401e-06
0.354895184974105,-1.74348487096482,-0.000785722886511464,5.64959789908226e-05,-6.29189507306695e-07
0.354895184974105,-1.74348487096482,-0.000785722886511464,5.64959789908226e-05,-6.29189507306695e-07
0.354109462087594,-1.74342837498583,-0.000785344281711564,5.28745238885797e-05,-2.33008635360085e-06
0.354109462087594,-1.74342837498583,-0.000785344281711564,5.28745238885797e-05,-2.33008635360085e-06
0.353324117805882,-1.74337550046194,-0.000783274985250826,4.87745577879561e-05,-4.01396534795411e-06
0.353324117805882,-1.74337550046194,-0.000783274985250826,4.87745577879561e-05,-4.01396534795411e-06
0.352540842820632,-1.74332672590415,-0.000779526074090431,4.41997177296205e-05,-5.67277266308149e-06
0.352540842820632,-1.74332672590415,-0.000779526074090431,4.41997177296205e-05,-5.67277266308149e-06
0.351761316746541,-1.74328252618642,-0.000774115690770349,3.91565962216678e-05,-7.29850807088526e-06
0.351761316746541,-1.74328252618642,-0.000774115690770349,3.91565962216678e-05,-7.29850807088526e-06
0.350987201055771,-1.7432433695902,-0.000767068925847547,3.36548254957769e-05,-8.88326283503109e-06
0.350987201055771,-1.7432433695902,-0.000767068925847547,3.36548254957769e-05,-8.88326283503109e-06
0.350220132129923,-1.74320971476471,-0.000758417662092947,2.77071481822322e-05,-1.04192566815119e-05
0.350220132129923,-1.74320971476471,-0.000758417662092947,2.77071481822322e-05,-1.04192566815119e-05
0.34946171446783,-1.74318200761653,-0.000748200381614772,2.13294734876524e-05,-1.18988735605876e-05
0.34946171446783,-1.74318200761653,-0.000748200381614772,2.13294734876524e-05,-1.18988735605876e-05
0.348713514086215,-1.74316067814304,-0.000736461937381139,1.45409181078193e-05,-1.33146960504001e-05
0.348713514086215,-1.74316067814304,-0.000736461937381139,1.45409181078193e-05,-1.33146960504001e-05
0.347977052148834,-1.74314613722493,-0.000723253290802806,7.36383109778416e-06,-1.46595381784872e-05
0.347977052148834,-1.74314613722493,-0.000723253290802806,7.36383109778416e-06,-1.46595381784872e-05
0.347253798858032,-1.74313877339383,-0.000708631217311684,-1.76197999968153e-07,-1.59264765459982e-05
0.347253798858032,-1.74313877339383,-0.000708631217311684,-1.76197999968153e-07,-1.59264765459982e-05
0.34654516764072,-1.74313894959183,-0.000692657982064693,-8.05034839657104e-06,-1.71088796925887e-05
0.34654516764072,-1.74313894959183,-0.000692657982064693,-8.05034839657104e-06,-1.71088796925887e-05
0.345852509658655,-1.74314699994023,-0.000675400988083275,-1.62265952579066e-05,-1.82004356991804e-05
0.345852509658655,-1.74314699994023,-0.000675400988083275,-1.62265952579066e-05,-1.82004356991804e-05
0.345177108670572,-1.74316322653549,-0.000656932399321186,-2.46697552828135e-05,-1.91951781837831e-05
0.345177108670572,-1.74316322653549,-0.000656932399321186,-2.46697552828135e-05,-1.91951781837831e-05
0.344520176271251,-1.74318789629077,-0.000637328741267595,-3.33415510722634e-05,-2.00875109526019e-05
0.344520176271251,-1.74318789629077,-0.000637328741267595,-3.33415510722634e-05,-2.00875109526019e-05
0.343882847529983,-1.74322123784184,-0.000616670481829562,-4.22006945344222e-05,-2.08722317883313e-05
0.343882847529983,-1.74322123784184,-0.000616670481829562,-4.22006945344222e-05,-2.08722317883313e-05
0.343266177048154,-1.74326343853638,-0.000595041595338019,-5.12029895409771e-05,-2.15445561650675e-05
0.343266177048154,-1.74326343853638,-0.000595041595338019,-5.12029895409771e-05,-2.15445561650675e-05
0.342671135452816,-1.74331464152592,-0.000572529112575326,-6.03014539310998e-05,-2.21001420658768e-05
0.342671135452816,-1.74331464152592,-0.000572529112575326,-6.03014539310998e-05,-2.21001420658768e-05
0.34209860634024,-1.74337494297985,-0.000549222659760318,-6.94464608295142e-05,-2.25351175907146e-05
0.34209860634024,-1.74337494297985,-0.000549222659760318,-6.94464608295142e-05,-2.25351175907146e-05
0.34154938368048,-1.74344438944068,-0.000525213989457707,-7.85858991785293e-05,-2.28461137755952e-05
0.34154938368048,-1.74344438944068,-0.000525213989457707,-7.85858991785293e-05,-2.28461137755952e-05
0.341024169691022,-1.74352297533986,-0.000500596506381346,-8.76653532249083e-05,-2.30303060184574e-05
0.341024169691022,-1.74352297533986,-0.000500596506381346,-8.76653532249083e-05,-2.30303060184574e-05
0.340523573184641,-1.74361064069308,-0.00047546479102073,-9.66283006134105e-05,-2.30854687259699e-05
0.340523573184641,-1.74361064069308,-0.00047546479102073,-9.66283006134105e-05,-2.30854687259699e-05
0.34004810839362,-1.74370726899369,-0.000449914123997808,-0.000105416328588293,-2.30100493943993e-05
0.34004810839362,-1.74370726899369,-0.000449914123997808,-0.000105416328588293,-2.30100493943993e-05
0.339598194269622,-1.74381268532228,-0.000424040013986882,-0.000113969367716349,-2.28032702258269e-05
0.339598194269622,-1.74381268532228,-0.000424040013986882,-0.000113969367716349,-2.28032702258269e-05
0.339174154255635,-1.74392665469,-0.000397937731943965,-0.000122225942408516,-2.2465267442982e-05
0.339174154255635,-1.74392665469,-0.000397937731943965,-0.000122225942408516,-2.2465267442982e-05
0.338776216523691,-1.74404888063241,-0.000371701854295303,-0.000130123437432683,-2.19972804419195e-05
0.338776216523691,-1.74404888063241,-0.000371701854295303,-0.000130123437432683,-2.19972804419195e-05
0.338404514669396,-1.74417900406984,-0.000345425817617317,-0.000137598379432058,-2.140190402678e-05
0.338404514669396,-1.74417900406984,-0.000345425817617317,-0.000137598379432058,-2.140190402678e-05
0.338059088851779,-1.74431660244927,-0.000319201487208931,-0.000144586732392149,-2.06834160407989e-05
0.338059088851779,-1.74431660244927,-0.000319201487208931,-0.000144586732392149,-2.06834160407989e-05
0.33773988736457,-1.74446118918166,-0.000293118741815368,-0.000151024205883754,-1.98481877239718e-05
0.33773988736457,-1.74446118918166,-0.000293118741815368,-0.000151024205883754,-1.98481877239718e-05
0.337446768622755,-1.74461221338755,-0.000267265076600853,-0.000156846574765446,-1.89051721792342e-05
0.337446768622755,-1.74461221338755,-0.000267265076600853,-0.000156846574765446,-1.89051721792342e-05
0.337179503546154,-1.74476905996231,-0.000241725226327261,-0.000161990008904489,-1.78664441348422e-05
0.337179503546154,-1.74476905996231,-0.000241725226327261,-0.000161990008904489,-1.78664441348422e-05
0.336937778319826,-1.74493104997122,-0.000216580810501854,-0.000166391411454914,-1.67477291798256e-05
0.336937778319826,-1.74493104997122,-0.000216580810501854,-0.000166391411454914,-1.67477291798256e-05
0.336721197509325,-1.74509744138267,-0.000191910002062257,-0.000169988764067597,-1.5568813326309e-05
0.336721197509325,-1.74509744138267,-0.000191910002062257,-0.000169988764067597,-1.5568813326309e-05
0.336529287507262,-1.74526743014674,-0.000167787221015681,-0.000172721477287086,-1.43536719542027e-05
0.336529287507262,-1.74526743014674,-0.000167787221015681,-0.000172721477287086,-1.43536719542027e-05
0.336361500286247,-1.74544015162403,-0.000144282854237732,-0.000174530744394108,-1.31301193035352e-05
0.336361500286247,-1.74544015162403,-0.000144282854237732,-0.000174530744394108,-1.31301193035352e-05
0.336217217432009,-1.74561468236842,-0.000121463002464739,-0.000175359896795957,-1.19287837569984e-05
0.336217217432009,-1.74561468236842,-0.000121463002464739,-0.000175359896795957,-1.19287837569984e-05
0.336095754429544,-1.74579004226522,-9.93892553007303e-05,-0.000175154759018303,-1.07812885921268e-05
0.336095754429544,-1.74579004226522,-9.93892553007303e-05,-0.000175154759018303,-1.07812885921268e-05
0.335996365174243,-1.74596519702424,-7.81184948809854e-05,-0.000173864001310475,-9.71767091102377e-06
0.335996365174243,-1.74596519702424,-7.81184948809854e-05,-0.000173864001310475,-9.71767091102377e-06
0.335918246679362,-1.74613906102555,-5.77027286296494e-05,-0.000171439487825609,-8.76326950995568e-06
0.335918246679362,-1.74613906102555,-5.77027286296494e-05,-0.000171439487825609,-8.76326950995568e-06
0.335860543950733,-1.74631050051337,-3.81889513799138e-05,-0.00016783661829689,-7.93547823316049e-06
0.335860543950733,-1.74631050051337,-3.81889513799138e-05,-0.00016783661829689,-7.93547823316049e-06
0.335822354999353,-1.74647833713167,-1.96190369317062e-05,-0.000163014661062499,-7.24080611881779e-06
0.335822354999353,-1.74647833713167,-1.96190369317062e-05,-0.000163014661062499,-7.24080611881779e-06
0.335802735962421,-1.74664135179273,-2.02965895057527e-06,-0.000156937075328711,-6.6725671416859e-06
0.335802735962421,-1.74664135179273,-2.02965895057527e-06,-0.000156937075328711,-6.6725671416859e-06
0.335800706303471,-1.74679828886806,1.45477590662302e-05,-0.000149571820535321,-6.2092849586473e-06
0.335800706303471,-1.74679828886806,1.45477590662302e-05,-0.000149571820535321,-6.2092849586473e-06
0.335815254062537,-1.7469478606886,3.00870651910867e-05,-0.000140891650694197,-5.81366556087187e-06
0.335815254062537,-1.7469478606886,3.00870651910867e-05,-0.000140891650694197,-5.81366556087187e-06
0.335845341127728,-1.74708875233929,4.45673724365769e-05,-0.000130874391570446,-5.43191985904326e-06
0.335845341127728,-1.74708875233929,4.45673724365769e-05,-0.000130874391570446,-5.43191985904326e-06
0.335889908500164,-1.74721962673086,5.79730248410071e-05,-0.000119503198681148,-4.99346299074794e-06
0.335889908500164,-1.74721962673086,5.79730248410071e-05,-0.000119503198681148,-4.99346299074794e-06
0.335947881525005,-1.74733912992954,7.02935371325042e-05,-0.000106766794096158,-4.41171989310377e-06
0.335947881525005,-1.74733912992954,7.02935371325042e-05,-0.000106766794096158,-4.41171989310377e-06
0.336018175062138,-1.74744589672364,8.15235089886013e-05,-9.26596800991941e-05,-3.58799850827837e-06
0.336018175062138,-1.74744589672364,8.15235089886013e-05,-9.26596800991941e-05,-3.58799850827837e-06
0.336099698571127,-1.74753855640374,9.16625150365058e-05,-7.71823278016281e-05,-2.42181793295312e-06
0.336099698571127,-1.74753855640374,9.16625150365058e-05,-7.71823278016281e-05,-2.42181793295312e-06
0.336191361086163,-1.74761573873154,0.000100714971826565,-6.03413389423935e-05,-8.31180743088403e-07
0.336191361086163,-1.74761573873154,0.000100714971826565,-6.03413389423935e-05,-8.31180743088403e-07
0.33629207605799,-1.74767608007048,0.000108689983111199,-4.21495791824711e-05,1.21806111208729e-06
0.33629207605799,-1.74767608007048,0.000108689983111199,-4.21495791824711e-05,1.21806111208729e-06
0.336400766041101,-1.74771822964966,0.000115601164869195,-2.2626281395377e-05,3.68510214226223e-06
0.336400766041101,-1.74771822964966,0.000115601164869195,-2.2626281395377e-05,3.68510214226223e-06
0.33651636720597,-1.74774085593106,0.000121466451574681,-1.79711751946421e-06,6.44994590888048e-06
0.33651636720597,-1.74774085593106,0.000121466451574681,-1.79711751946421e-06,6.44994590888048e-06
0.336637833657545,-1.74774265304858,0.000126307885265575,2.03057622951697e-05,9.3443368300109e-06
0.336637833657545,-1.74774265304858,0.000126307885265575,2.03057622951697e-05,9.3443368300109e-06
0.33676414154281,-1.74772234728628,0.000130151389035549,4.36437243345189e-05,1.22031771504873e-05
0.33676414154281,-1.74772234728628,0.000130151389035549,4.36437243345189e-05,1.22031771504873e-05
0.336894292931846,-1.74767870356195,0.000133026526625613,6.81716807033883e-05,1.49049343263934e-05
0.336894292931846,-1.74767870356195,0.000133026526625613,6.81716807033883e-05,1.49049343263934e-05
0.337027319458471,-1.74761053188124,0.000134966249779711,9.38381541455424e-05,1.73831993858997e-05
0.337027319458471,-1.74761053188124,0.000134966249779711,9.38381541455424e-05,1.73831993858997e-05
0.337162285708251,-1.7475166937271,0.000136006635096719,0.000120585378851956,1.96157649422521e-05
0.337162285708251,-1.7475166937271,0.000136006635096719,0.000120585378851956,1.96157649422521e-05
0.337298292343348,-1.74739610834825,0.000136186612086919,0.000148349437566253,2.1606726374512e-05
0.337298292343348,-1.74739610834825,0.000136186612086919,0.000148349437566253,2.1606726374512e-05
0.337434478955435,-1.74724775891068,0.000135547684168957,0.00017706043513277,2.3371751506803e-05
0.337434478955435,-1.74724775891068,0.000135547684168957,0.00017706043513277,2.3371751506803e-05
0.337570026639604,-1.74707069847555,0.00013413364429915,0.000206642708356242,2.49291578121374e-05
0.337570026639604,-1.74707069847555,0.00013413364429915,0.000206642708356242,2.49291578121374e-05
0.337704160283903,-1.74686405576719,0.000131990286935613,0.000237015071863578,2.6295643999377e-05
0.337704160283903,-1.74686405576719,0.000131990286935613,0.000237015071863578,2.6295643999377e-05
0.337836150570839,-1.74662704069533,0.000129165117989327,0.000268091099348,2.7484806638867e-05
0.337836150570839,-1.74662704069533,0.000129165117989327,0.000268091099348,2.7484806638867e-05
0.337965315688828,-1.74635894959598,0.000125707064388081,0.000299779439401293,2.85070340146277e-05
0.337965315688828,-1.74635894959598,0.000125707064388081,0.000299779439401293,2.85070340146277e-05
0.338091022753216,-1.74605917015658,0.000121666184806746,0.000331984164839039,2.93699586556082e-05
0.338091022753216,-1.74605917015658,0.000121666184806746,0.000331984164839039,2.93699586556082e-05
0.338212688938023,-1.74572718599174,0.000117093383105282,0.000364605154240749,3.00790611449722e-05
0.338212688938023,-1.74572718599174,0.000117093383105282,0.000364605154240749,3.00790611449722e-05
0.338329782321128,-1.7453625808375,0.000112040125936352,0.000397538504118167,3.06382493184753e-05
0.338329782321128,-1.7453625808375,0.000112040125936352,0.000397538504118167,3.06382493184753e-05
0.338441822447064,-1.74496504233338,0.000106558165910375,0.000430676969977117,3.10503514114306e-05
0.338441822447064,-1.74496504233338,0.000106558165910375,0.000430676969977117,3.10503514114306e-05
0.338548380612975,-1.7445343653634,0.000100699271633864,0.000463910434189696,3.13175129488301e-05
0.338548380612975,-1.7445343653634,0.000100699271633864,0.000463910434189696,3.13175129488301e-05
0.338649079884609,-1.74407045492921,9.45149658753697e-05,0.000497126398465442,3.14415067585039e-05
0.338649079884609,-1.74407045492921,9.45149658753697e-05,0.000497126398465442,3.14415067585039e-05
0.338743594850484,-1.74357332853075,8.80562730065648e-05,0.000530210498438155,3.14239711255191e-05
0.338743594850484,-1.74357332853075,8.80562730065648e-05,0.000530210498438155,3.14239711255191e-05
0.338831651123491,-1.74304311803231,8.13734768076446e-05,0.000563047037680731,3.12665908847274e-05
0.338831651123491,-1.74304311803231,8.13734768076446e-05,0.000563047037680731,3.12665908847274e-05
0.338913024600298,-1.74248007099463,7.45158896187093e-05,0.000595519538291622,3.09712339883966e-05
0.338913024600298,-1.74248007099463,7.45158896187093e-05,0.000595519538291622,3.09712339883966e-05
0.338987540489917,-1.74188455145634,6.75316337363507e-05,0.000627511304988282,3.05400535093127e-05
0.338987540489917,-1.74188455145634,6.75316337363507e-05,0.000627511304988282,3.05400535093127e-05
0.339055072123653,-1.74125704015135,6.04674358587465e-05,0.000658905999446846,2.99755628237578e-05
0.339055072123653,-1.74125704015135,6.04674358587465e-05,0.000658905999446846,2.99755628237578e-05
0.339115539559512,-1.7405981341519,5.33684352672648e-05,0.000689588221546744,2.92806897288855e-05
0.339115539559512,-1.7405981341519,5.33684352672648e-05,0.000689588221546744,2.92806897288855e-05
0.339168907994779,-1.73990854593036,4.62780063706925e-05,0.00071944409400504,2.84588138605431e-05
0.339168907994779,-1.73990854593036,4.62780063706925e-05,0.00071944409400504,2.84588138605431e-05
0.33921518600115,-1.73918910183635,3.92375961203451e-05,0.000748361846813372,2.75137906190506e-05
0.33921518600115,-1.73918910183635,3.92375961203451e-05,0.000748361846813372,2.75137906190506e-05
0.33925442359727,-1.73844073998954,3.22865767174441e-05,0.000776232397780463,2.64499640048658e-05
0.33925442359727,-1.73844073998954,3.22865767174441e-05,0.000776232397780463,2.64499640048658e-05
0.339286710173988,-1.73766450759176,2.54621139330613e-05,0.000802949925411633,2.52721702417877e-05
0.339286710173988,-1.73766450759176,2.54621139330613e-05,0.000802949925411633,2.52721702417877e-05
0.339312172287921,-1.73686155766635,1.8799051279994e-05,0.000828412430386338,2.39857335563781e-05
0.339312172287921,-1.73686155766635,1.8799051279994e-05,0.000828412430386338,2.39857335563781e-05
0.339330971339201,-1.73603314523596,1.2329810156253e-05,0.000852522281881374,2.25964551279018e-05
0.339330971339201,-1.73603314523596,1.2329810156253e-05,0.000852522281881374,2.25964551279018e-05
0.339343301149357,-1.73518062295408,6.08430602516696e-06,0.00087518674496212,2.11105960603681e-05
0.339343301149357,-1.73518062295408,6.08430602516696e-06,0.00087518674496212,2.11105960603681e-05
0.339349385455382,-1.73430543620912,8.98805911919709e-08,0.000896318485335224,1.95348551269287e-05
0.339349385455382,-1.73430543620912,8.98805911919709e-08,0.000896318485335224,1.95348551269287e-05
0.339349475335973,-1.73340911772378,-5.6287501513097e-06,0.000915836047915786,1.78763418142257e-05
0.339349475335973,-1.73340911772378,-5.6287501513097e-06,0.000915836047915786,1.78763418142257e-05
0.339343846585822,-1.73249328167587,-1.10495322096504e-05,0.000933664305742488,1.61425451451471e-05
0.339343846585822,-1.73249328167587,-1.10495322096504e-05,0.000933664305742488,1.61425451451471e-05
0.339332797053612,-1.73155961737012,-1.61530944972621e-05,0.000949734875913322,1.4341298736714e-05
0.339332797053612,-1.73155961737012,-1.61530944972621e-05,0.000949734875913322,1.4341298736714e-05
0.339316643959115,-1.73060988249421,-2.09227547174895e-05,0.00096398649941376,1.24807425093787e-05
0.339316643959115,-1.73060988249421,-2.09227547174895e-05,0.00096398649941376,1.24807425093787e-05
0.339295721204398,-1.7296458959948,-2.53445106307426e-05,0.000976365381930355,1.05692814771356e-05
0.339295721204398,-1.7296458959948,-2.53445106307426e-05,0.000976365381930355,1.05692814771356e-05
0.339270376693767,-1.72866953061287,-2.94070172038863e-05,0.000986825493023868,8.61554192667325e-06
0.339270376693767,-1.72866953061287,-2.94070172038863e-05,0.000986825493023868,8.61554192667325e-06
0.339240969676563,-1.72768270511984,-3.31015501858212e-05,0.000995328821232544,6.62832543411808e-06
0.339240969676563,-1.72768270511984,-3.31015501858212e-05,0.000995328821232544,6.62832543411808e-06
0.339207868126377,-1.72668737629861,-3.64219567098867e-05,0.00100184558304095,4.61656110269971e-06
0.339207868126377,-1.72668737629861,-3.64219567098867e-05,0.00100184558304095,4.61656110269971e-06
0.339171446169667,-1.72568553071557,-3.9364593576785e-05,0.0010063543839709,2.58925640233458e-06
0.339171446169667,-1.72568553071557,-3.9364593576785e-05,0.0010063543839709,2.58925640233458e-06
0.339132081576091,-1.7246791763316,-4.19282539114718e-05,0.00100884233038667,5.55447021982104e-07
0.339132081576091,-1.7246791763316,-4.19282539114718e-05,0.00100884233038667,5.55447021982104e-07
0.339090153322179,-1.72367033400121,-4.41140829351427e-05,0.00100930509098496,-1.47585385195563e-06
0.339090153322179,-1.72367033400121,-4.41140829351427e-05,0.00100930509098496,-1.47585385195563e-06
0.339046039239244,-1.72266102891023,-4.59254836178147e-05,0.00100774690733108,-3.49570639108544e-06
0.339046039239244,-1.72266102891023,-4.59254836178147e-05,0.00100774690733108,-3.49570639108544e-06
0.339000113755626,-1.72165328200289,-4.73680130150811e-05,0.00100418055322837,-5.49529470371098e-06
0.339000113755626,-1.72165328200289,-4.73680130150811e-05,0.00100418055322837,-5.49529470371098e-06
0.338952745742611,-1.72064910144967,-4.84492701121608e-05,0.000998627243109729,-7.46597679221624e-06
0.338952745742611,-1.72064910144967,-4.84492701121608e-05,0.000998627243109729,-7.46597679221624e-06
0.338904296472499,-1.71965047420656,-4.91787760305007e-05,0.000991116489979849,-9.39933343640956e-06
0.338904296472499,-1.71965047420656,-4.91787760305007e-05,0.000991116489979849,-9.39933343640956e-06
0.338855117696468,-1.71865935771658,-4.95678474636829e-05,0.000981685913889141,-1.12872156099261e-05
0.338855117696468,-1.71865935771658,-4.95678474636829e-05,0.000981685913889141,-1.12872156099261e-05
0.338805549849005,-1.71767767180269,-4.96294641992856e-05,0.000970381002315612,-1.31217900491556e-05
0.338805549849005,-1.71767767180269,-4.96294641992856e-05,0.000970381002315612,-1.31217900491556e-05
0.338755920384805,-1.71670729080037,-4.93781316104891e-05,0.000957254824214271,-1.48955826416308e-05
0.338755920384805,-1.71670729080037,-4.93781316104891e-05,0.000957254824214271,-1.48955826416308e-05
0.338706542253195,-1.71575003597616,-4.88297389926173e-05,0.000942367699831692,-1.66015192860017e-05
0.338706542253195,-1.71575003597616,-4.88297389926173e-05,0.000942367699831692,-1.66015192860017e-05
0.338657712514202,-1.71480766827633,-4.80014146208574e-05,0.000925786828736452,-1.82329639030695e-05
0.338657712514202,-1.71480766827633,-4.80014146208574e-05,0.000925786828736452,-1.82329639030695e-05
0.338609711099581,-1.71388188144759,-4.69113783863606e-05,0.000907585878842987,-1.97837533626847e-05
0.338609711099581,-1.71388188144759,-4.69113783863606e-05,0.000907585878842987,-1.97837533626847e-05
0.338562799721195,-1.71297429556875,-4.5578792880363e-05,0.000887844539446014,-2.12482290716218e-05
0.338562799721195,-1.71297429556875,-4.5578792880363e-05,0.000887844539446014,-2.12482290716218e-05
0.338517220928315,-1.7120864510293,-4.40236137522754e-05,0.00086664804154446,-2.26212649395899e-05
0.338517220928315,-1.7120864510293,-4.40236137522754e-05,0.00086664804154446,-2.26212649395899e-05
0.338473197314562,-1.71121980298776,-4.22664401580897e-05,0.000844086649021136,-2.38982916406009e-05
0.338473197314562,-1.71121980298776,-4.22664401580897e-05,0.000844086649021136,-2.38982916406009e-05
0.338430930874404,-1.71037571633873,-4.03283661094544e-05,0.000820255124330371,-2.50753169060891e-05
0.338430930874404,-1.71037571633873,-4.03283661094544e-05,0.000820255124330371,-2.50753169060891e-05
0.338390602508295,-1.7095554612144,-3.82308334721526e-05,0.000795252172614447,-2.61489418310359e-05
0.338390602508295,-1.7095554612144,-3.82308334721526e-05,0.000795252172614447,-2.61489418310359e-05
0.338352371674823,-1.70876020904179,-3.59954873679347e-05,0.000769179868188363,-2.71163730613827e-05
0.338352371674823,-1.70876020904179,-3.59954873679347e-05,0.000769179868188363,-2.71163730613827e-05
0.338316376187455,-1.7079910291736,-3.36440346942468e-05,0.000742143067464784,-2.79754308493435e-05
0.338316376187455,-1.7079910291736,-3.36440346942468e-05,0.000742143067464784,-2.79754308493435e-05
0.338282732152761,-1.70724888610614,-3.11981064126665e-05,0.000714248812403673,-2.87245528761586e-05
0.338282732152761,-1.70724888610614,-3.11981064126665e-05,0.000714248812403673,-2.87245528761586e-05
0.338251534046348,-1.70653463729373,-2.86791242650186e-05,0.000685605728664607,-2.93627938846982e-05
0.338251534046348,-1.70653463729373,-2.86791242650186e-05,0.000685605728664607,-2.93627938846982e-05
0.338222854922083,-1.70584903156507,-2.61081725080881e-05,0.000656323422590033,-2.98898211711757e-05
0.338222854922083,-1.70584903156507,-2.61081725080881e-05,0.000656323422590033,-2.98898211711757e-05
0.338196746749575,-1.70519270814248,-2.35058752054429e-05,0.000626511881084868,-3.03059059862026e-05
0.338196746749575,-1.70519270814248,-2.35058752054429e-05,0.000626511881084868,-3.03059059862026e-05
0.338173240874369,-1.70456619626139,-2.08922796215427e-05,0.00059628087838437,-3.06119109201597e-05
0.338173240874369,-1.70456619626139,-2.08922796215427e-05,0.00059628087838437,-3.06119109201597e-05
0.338152348594748,-1.70396991538301,-1.82867461821501e-05,0.000565739393597386,-3.08092733438819e-05
0.338152348594748,-1.70396991538301,-1.82867461821501e-05,0.000565739393597386,-3.08092733438819e-05
0.338134061848566,-1.70340417598941,-1.57078454302573e-05,0.000534995042793973,-3.08999849814059e-05
0.338134061848566,-1.70340417598941,-1.57078454302573e-05,0.000534995042793973,-3.08999849814059e-05
0.338118354003135,-1.70286918094662,-1.31732623477321e-05,0.000504153529260698,-3.08865677537985e-05
0.338118354003135,-1.70286918094662,-1.31732623477321e-05,0.000504153529260698,-3.08865677537985e-05
0.338105180740788,-1.70236502741736,-1.06997083981208e-05,0.000473318115303156,-3.07720458790479e-05
0.338105180740788,-1.70236502741736,-1.06997083981208e-05,0.000473318115303156,-3.07720458790479e-05
0.33809448103239,-1.70189170930205,-8.30284156072558e-06,0.000442589118834213,-3.05599142397765e-05
0.33809448103239,-1.70189170930205,-8.30284156072558e-06,0.000442589118834213,-3.05599142397765e-05
0.338086178190829,-1.70144912018322,-5.99719463412196e-06,0.000412063437730703,-3.0254102881454e-05
0.338086178190829,-1.70144912018322,-5.99719463412196e-06,0.000412063437730703,-3.0254102881454e-05
0.338080180996195,-1.70103705674549,-3.79611198431107e-06,0.000381834104698386,-2.9858937199066e-05
0.338080180996195,-1.70103705674549,-3.79611198431107e-06,0.000381834104698386,-2.9858937199066e-05
0.33807638488421,-1.70065522264079,-1.71169489526779e-06,0.000351989875210679,-2.93790932251988e-05
0.33807638488421,-1.70065522264079,-1.71169489526779e-06,0.000351989875210679,-2.93790932251988e-05
0.338074673189315,-1.70030323276558,2.45244362095942e-07,0.00032261485065499,-2.88195463623964e-05
0.338074673189315,-1.70030323276558,2.45244362095942e-07,0.00032261485065499,-2.88195463623964e-05
0.338074918433677,-1.69998061791493,2.0652196891513e-06,0.000293788138739481,-2.81855108971465e-05
0.338074918433677,-1.69998061791493,2.0652196891513e-06,0.000293788138739481,-2.81855108971465e-05
0.338076983653366,-1.69968682977619,3.74009952830434e-06,0.000265583552804927,-2.74823649643956e-05
0.338076983653366,-1.69968682977619,3.74009952830434e-06,0.000265583552804927,-2.74823649643956e-05
0.338080723752895,-1.69942124622338,5.26312645571236e-06,0.000238069351376824,-2.67155503218091e-05
0.338080723752895,-1.69942124622338,5.26312645571236e-06,0.000238069351376824,-2.67155503218091e-05
0.33808598687935,-1.699183176872,6.62892807112847e-06,0.000211308019089751,-2.58904253619955e-05
0.33808598687935,-1.699183176872,6.62892807112847e-06,0.000211308019089751,-2.58904253619955e-05
0.338092615807422,-1.69897186885291,7.83351928834719e-06,0.000185356089707378,-2.50120241111266e-05
0.338092615807422,-1.69897186885291,7.83351928834719e-06,0.000185356089707378,-2.50120241111266e-05
0.33810044932671,-1.69878651276321,8.87429618140478e-06,0.000160264011780598,-2.40846112508252e-05
0.33810044932671,-1.69878651276321,8.87429618140478e-06,0.000160264011780598,-2.40846112508252e-05
0.338109323622891,-1.69862624875143,9.75002156078375e-06,0.000136076057084766,-2.31107517032887e-05
0.338109323622891,-1.69862624875143,9.75002156078375e-06,0.000136076057084766,-2.31107517032887e-05
0.338119073644452,-1.69849017269434,1.04608024947828e-05,0.000112830271725262,-2.20890867147213e-05
0.338119073644452,-1.69849017269434,1.04608024947828e-05,0.000112830271725262,-2.20890867147213e-05
0.338129534446947,-1.69837734242262,1.10080600433382e-05,9.05584695578554e-05,-2.10081136799158e-05
0.338129534446947,-1.69837734242262,1.10080600433382e-05,9.05584695578554e-05,-2.10081136799158e-05
0.33814054250699,-1.69828678395306,1.13944914898467e-05,6.92862672175831e-05,-1.9824809028115e-05
0.33814054250699,-1.69828678395306,1.13944914898467e-05,6.92862672175831e-05,-1.9824809028115e-05
0.33815193699848,-1.69821749768584,1.16240253843491e-05,4.90331598252958e-05,-1.83652125145874e-05
0.33815193699848,-1.69821749768584,1.16240253843491e-05,4.90331598252958e-05,-1.83652125145874e-05
0.338163561023864,-1.69816846452602,1.17017697550681e-05,2.98126361730766e-05,-1.55751884556012e-05
0.338163561023864,-1.69816846452602,1.17017697550681e-05,2.98126361730766e-05,-1.55751884556012e-05
0.338175262793619,-1.69813865188984,1.16339538552279e-05,1.1632331946787e-05,-3.76673002145521e-06
0.338175262793619,-1.69813865188984,1.16339538552279e-05,1.1632331946787e-05,-3.76673002145521e-06
0.338186896747475,-1.6981270195579,1.14278638662646e-05,-5.50578072089358e-06,1.16010014712109e-05
0.338186896747475,-1.6981270195579,1.14278638662646e-05,-5.50578072089358e-06,1.16010014712109e-05
0.338198324611341,-1.69813252533862,1.10917729652105e-05,-2.1605169234773e-05,1.3899293598031e-05
0.338198324611341,-1.69813252533862,1.10917729652105e-05,-2.1605169234773e-05,1.3899293598031e-05
0.338209416384306,-1.69815413050785,1.0634866210224e-05,-3.66744842050792e-05,1.35312597535925e-05
0.338209416384306,-1.69815413050785,1.0634866210224e-05,-3.66744842050792e-05,1.35312597535925e-05
0.338220051250516,-1.69819080499206,1.00671607027869e-05,-5.07272730372321e-05,1.27539628702508e-05
0.338220051250516,-1.69819080499206,1.00671607027869e-05,-5.07272730372321e-05,1.27539628702508e-05
0.338230118411219,-1.69824153226509,9.39942151534368e-06,-6.3781665938567e-05,1.18802852475608e-05
0.338230118411219,-1.69824153226509,9.39942151534368e-06,-6.3781665938567e-05,1.18802852475608e-05
0.338239517832734,-1.69830531393103,8.64307389158991e-06,-7.58600369472617e-05,1.09877257320935e-05
0.338239517832734,-1.69830531393103,8.64307389158991e-06,-7.58600369472617e-05,1.09877257320935e-05
0.338248160906626,-1.69838117396798,7.81011221262506e-06,-8.69886427434796e-05,1.01042233291668e-05
0.338248160906626,-1.69838117396798,7.81011221262506e-06,-8.69886427434796e-05,1.01042233291668e-05
0.338255971018839,-1.69846816261072,6.9130062554934e-06,-9.7197242060254e-05,9.2427940528335e-06
0.338255971018839,-1.69846816261072,6.9130062554934e-06,-9.7197242060254e-05,9.2427940528335e-06
0.338262884025094,-1.69856535985278,5.96460526869347e-06,-0.000106518698661517,8.41070960233728e-06
0.338262884025094,-1.69856535985278,5.96460526869347e-06,-0.000106518698661517,8.41070960233728e-06
0.338268848630363,-1.69867187855144,4.97804040550109e-06,-0.00011498857088621,7.6125451071097e-06
0.338268848630363,-1.69867187855144,4.97804040550109e-06,-0.00011498857088621,7.6125451071097e-06
0.338273826670768,-1.69878686712233,3.96662605212095e-06,-0.000122644690869977,6.85136444063933e-06
0.338273826670768,-1.69878686712233,3.96662605212095e-06,-0.000122644690869977,6.85136444063933e-06
0.338277793296821,-1.6989095118132,2.94376060022694e-06,-0.000129526736508456,6.12924031601582e-06
0.338277793296821,-1.6989095118132,2.94376060022694e-06,-0.000129526736508456,6.12924031601582e-06
0.338280737057421,-1.69903903854971,1.9228271903593e-06,-0.000135675799322721,5.44750695016366e-06
0.338280737057421,-1.69903903854971,1.9228271903593e-06,-0.000135675799322721,5.44750695016366e-06
0.338282659884611,-1.69917471434903,9.17094969243859e-07,-0.000141133951321759,4.80689548178439e-06
0.338282659884611,-1.69917471434903,9.17094969243859e-07,-0.000141133951321759,4.80689548178439e-06
0.33828357697958,-1.69931584830035,-6.0378608113254e-08,-0.000145943813945282,4.20761472905086e-06
0.33828357697958,-1.69931584830035,-6.0378608113254e-08,-0.000145943813945282,4.20761472905086e-06
0.338283516600972,-1.6994617921143,-9.96843901424072e-07,-0.000150148132142425,3.64940540509672e-06
0.338283516600972,-1.6994617921143,-9.96843901424072e-07,-0.000150148132142425,3.64940540509672e-06
0.338282519757071,-1.69961194024644,-1.87995311989875e-06,-0.000153789356529099,3.13158129363334e-06
0.338282519757071,-1.69961194024644,-1.87995311989875e-06,-0.000153789356529099,3.13158129363334e-06
0.338280639803951,-1.69976572960297,-2.69785176121307e-06,-0.000156909236537439,2.65306404585226e-06
0.338280639803951,-1.69976572960297,-2.69785176121307e-06,-0.000156909236537439,2.65306404585226e-06
0.33827794195219,-1.69992263883951,-3.43926695756114e-06,-0.000159548427351996,2.21241495541231e-06
0.33827794195219,-1.69992263883951,-3.43926695756114e-06,-0.000159548427351996,2.21241495541231e-06
0.338274502685232,-1.70008218726686,-4.09359225073125e-06,-0.00016174611330122,1.80786539457736e-06
0.338274502685232,-1.70008218726686,-4.09359225073125e-06,-0.00016174611330122,1.80786539457736e-06
0.338270409092981,-1.70024393338016,-4.6509683230278e-06,-0.000163539650268607,1.43734663128061e-06
0.338270409092981,-1.70024393338016,-4.6509683230278e-06,-0.000163539650268607,1.43734663128061e-06
0.338265758124658,-1.70040747303043,-5.10235924922053e-06,-0.00016496422952561,1.09851928427348e-06
0.338265758124658,-1.70040747303043,-5.10235924922053e-06,-0.00016496422952561,1.09851928427348e-06
0.338260655765409,-1.70057243725996,-5.43962383231511e-06,-0.000166052565254926,7.88802322026626e-07
0.338260655765409,-1.70057243725996,-5.43962383231511e-06,-0.000166052565254926,7.88802322026626e-07
0.338255216141577,-1.70073848982521,-5.65558164633551e-06,-0.000166834607802091,5.0540149527722e-07
0.338255216141577,-1.70073848982521,-5.65558164633551e-06,-0.000166834607802091,5.0540149527722e-07
0.33824956055993,-1.70090532443301,-5.74407337922134e-06,-0.00016733728456142,2.4533698969698e-07
0.33824956055993,-1.70090532443301,-5.74407337922134e-06,-0.00016733728456142,2.4533698969698e-07
0.338243816486551,-1.70107266171757,-5.70001512467666e-06,-0.000167584270180932,5.47012173453482e-09
0.338243816486551,-1.70107266171757,-5.70001512467666e-06,-0.000167584270180932,5.47012173453482e-09
0.338238116471427,-1.70124024598775,-5.51944629972878e-06,-0.000167595787536223,-2.1747090480197e-07
0.338238116471427,-1.70124024598775,-5.51944629972878e-06,-0.000167595787536223,-2.1747090480197e-07
0.338232597025127,-1.70140784177529,-5.19957088707113e-06,-0.000167388440786453,-4.26866124400024e-07
0.338232597025127,-1.70140784177529,-5.19957088707113e-06,-0.000167388440786453,-4.26866124400024e-07
0.33822739745424,-1.70157523021608,-4.73879172196989e-06,-0.000166975081601795,-6.26179745668291e-07
0.33822739745424,-1.70157523021608,-4.73879172196989e-06,-0.000166975081601795,-6.26179745668291e-07
0.338222658662518,-1.70174220529768,-4.1367375879231e-06,-0.00016636470930198,-8.18936405807527e-07
0.338222658662518,-1.70174220529768,-4.1367375879231e-06,-0.00016636470930198,-8.18936405807527e-07
0.33821852192493,-1.70190857000698,-3.39428291190602e-06,-0.000165562405578079,-1.00869740910227e-06
0.33821852192493,-1.70190857000698,-3.39428291190602e-06,-0.000165562405578079,-1.00869740910227e-06
0.338215127642018,-1.70207413241256,-2.51355987712643e-06,-0.000164569304123008,-1.19903629482808e-06
0.338215127642018,-1.70207413241256,-2.51355987712643e-06,-0.000164569304123008,-1.19903629482808e-06
0.338212614082141,-1.70223870171668,-1.49796282228332e-06,-0.000163382595374628,-1.39351331902743e-06
0.338212614082141,-1.70223870171668,-1.49796282228332e-06,-0.000163382595374628,-1.39351331902743e-06
0.338211116119319,-1.70240208431206,-3.52144819304456e-07,-0.000161995566154705,-1.59564801212374e-06
0.338211116119319,-1.70240208431206,-3.52144819304456e-07,-0.000161995566154705,-1.59564801212374e-06
0.338210763974499,-1.70256407987821,9.17993652482796e-07,-0.000160397673961699,-1.8088892863091e-06
0.338210763974499,-1.70256407987821,9.17993652482796e-07,-0.000160397673961699,-1.8088892863091e-06
0.338211681968152,-1.70272447755217,2.30532396211514e-06,-0.000158574655336086,-2.03658243197967e-06
0.338211681968152,-1.70272447755217,2.30532396211514e-06,-0.000158574655336086,-2.03658243197967e-06
0.338213987292114,-1.70288305220751,3.80151651779848e-06,-0.000156508667517929,-2.28193238608823e-06
0.338213987292114,-1.70288305220751,3.80151651779848e-06,-0.000156508667517929,-2.28193238608823e-06
0.338217788808632,-1.70303956087503,5.39707584557014e-06,-0.000154178462354659,-2.54796250388794e-06
0.338217788808632,-1.70303956087503,5.39707584557014e-06,-0.000154178462354659,-2.54796250388794e-06
0.338223185884477,-1.70319373933738,7.08138348087806e-06,-0.000151559591217154,-2.83746780071413e-06
0.338223185884477,-1.70319373933738,7.08138348087806e-06,-0.000151559591217154,-2.83746780071413e-06
0.338230267267958,-1.7033452989286,8.84274854950906e-06,-0.000148624639519701,-3.15296123874295e-06
0.338230267267958,-1.7033452989286,8.84274854950906e-06,-0.000148624639519701,-3.15296123874295e-06
0.338239110016508,-1.70349392356812,1.06684658905953e-05,-0.000145343489200256,-3.49661074407765e-06
0.338239110016508,-1.70349392356812,1.06684658905953e-05,-0.000145343489200256,-3.49661074407765e-06
0.338249778482398,-1.70363926705732,1.25448815193052e-05,-0.000141683607302046,-3.87016300069031e-06
0.338249778482398,-1.70363926705732,1.25448815193052e-05,-0.000141683607302046,-3.87016300069031e-06
0.338262323363918,-1.70378095066462,1.44574652090057e-05,-0.000137610358689644,-4.27484754806344e-06
0.338262323363918,-1.70378095066462,1.44574652090057e-05,-0.000137610358689644,-4.27484754806344e-06
0.338276780829127,-1.70391856102331,1.63908899175613e-05,-0.000133087340693283,-4.71124998664338e-06
0.338276780829127,-1.70391856102331,1.63908899175613e-05,-0.000133087340693283,-4.71124998664338e-06
0.338293171719044,-1.704051648364,1.83291177476286e-05,-0.000128076737344163,-5.17913489951472e-06
0.338293171719044,-1.704051648364,1.83291177476286e-05,-0.000128076737344163,-5.17913489951472e-06
0.338311500836792,-1.70417972510135,2.02554921021059e-05,-0.000122539690764034,-5.67718433188602e-06
0.338311500836792,-1.70417972510135,2.02554921021059e-05,-0.000122539690764034,-5.67718433188602e-06
0.338331756328894,-1.70430226479211,2.21528356447731e-05,-0.000116436687106702,-6.20258973809803e-06
0.338331756328894,-1.70430226479211,2.21528356447731e-05,-0.000116436687106702,-6.20258973809803e-06
0.338353909164539,-1.70441870147922,2.40035536495653e-05,-0.000109727954330063,-6.75038078998981e-06
0.338353909164539,-1.70441870147922,2.40035536495653e-05,-0.000109727954330063,-6.75038078998981e-06
0.338377912718188,-1.70452842943355,2.57897422786257e-05,-0.000102373868995809,-7.31226329954524e-06
0.338377912718188,-1.70452842943355,2.57897422786257e-05,-0.000102373868995809,-7.31226329954524e-06
0.338403702460467,-1.70463080330254,2.74933013061363e-05,-9.43353691991167e-05,-7.87450074894218e-06
0.338403702460467,-1.70463080330254,2.74933013061363e-05,-9.43353691991167e-05,-7.87450074894218e-06
0.338431195761773,-1.70472513867174,2.90960507883242e-05,-8.55743707421919e-05,-8.41384033956995e-06
0.338431195761773,-1.70472513867174,2.90960507883242e-05,-8.55743707421919e-05,-8.41384033956995e-06
0.338460291812561,-1.70481071304249,3.05798511150979e-05,-7.60541835380657e-05,-8.88922754858114e-06
0.338460291812561,-1.70481071304249,3.05798511150979e-05,-7.60541835380657e-05,-8.88922754858114e-06
0.338490871663676,-1.70488676722602,3.19267258701017e-05,-6.57399252661506e-05,-9.2239938606324e-06
0.338490871663676,-1.70488676722602,3.19267258701017e-05,-6.57399252661506e-05,-9.2239938606324e-06
0.338522798389546,-1.70495250715129,3.31189869105519e-05,-5.45989292812799e-05,-9.26590512895926e-06
0.338522798389546,-1.70495250715129,3.31189869105519e-05,-5.45989292812799e-05,-9.26590512895926e-06
0.338555917376457,-1.70500710608057,3.41393610365781e-05,-4.26011437888452e-05,-8.69894382574709e-06
0.338555917376457,-1.70500710608057,3.41393610365781e-05,-4.26011437888452e-05,-8.69894382574709e-06
0.338590056737494,-1.70504970722436,3.49711176025336e-05,-2.97195193277311e-05,-6.89355859184046e-06
0.338590056737494,-1.70504970722436,3.49711176025336e-05,-2.97195193277311e-05,-6.89355859184046e-06
0.338625027855096,-1.70507942674369,3.55981963957586e-05,-1.59303816713585e-05,-2.97432237399867e-06
0.338625027855096,-1.70507942674369,3.55981963957586e-05,-1.59303816713585e-05,-2.97432237399867e-06
0.338660626051492,-1.70509535712536,3.60053351057821e-05,-1.2137873424134e-06,2.92999199773187e-06
0.338660626051492,-1.70509535712536,3.60053351057821e-05,-1.2137873424134e-06,2.92999199773187e-06
0.338696631386598,-1.7050965709127,3.61781956946805e-05,1.4446140976343e-05,8.67027891346549e-06
0.338696631386598,-1.7050965709127,3.61781956946805e-05,1.4446140976343e-05,8.67027891346549e-06
0.338732809582292,-1.70508212477173,3.6103488946837e-05,3.10609017777352e-05,1.27479239851462e-05
0.338732809582292,-1.70508212477173,3.6103488946837e-05,3.10609017777352e-05,1.27479239851462e-05
0.338768913071239,-1.70505106386995,3.57690964913338e-05,4.86373272829965e-05,1.54502411655611e-05
0.338768913071239,-1.70505106386995,3.57690964913338e-05,4.86373272829965e-05,1.54502411655611e-05
0.338804682167731,-1.70500242654266,3.51641895857679e-05,6.71773235441098e-05,1.73856823299583e-05
0.338804682167731,-1.70500242654266,3.51641895857679e-05,6.71773235441098e-05,1.73856823299583e-05
0.338839846357316,-1.70493524921912,3.42793439206401e-05,8.66776402534963e-05,1.89186664015828e-05
0.338839846357316,-1.70493524921912,3.42793439206401e-05,8.66776402534963e-05,1.89186664015828e-05
0.338874125701237,-1.70484857157887,3.31066497461507e-05,0.000107129672301864,2.02280931096264e-05
0.338874125701237,-1.70484857157887,3.31066497461507e-05,0.000107129672301864,2.02280931096264e-05
0.338907232350983,-1.70474144190657,3.16398166004817e-05,0.000128519294824603,2.14002054007982e-05
0.338907232350983,-1.70474144190657,3.16398166004817e-05,0.000128519294824603,2.14002054007982e-05
0.338938872167584,-1.70461292261174,2.98742719287426e-05,0.000150826733367415,2.24772218296186e-05
0.338938872167584,-1.70461292261174,2.98742719287426e-05,0.000150826733367415,2.24772218296186e-05
0.338968746439512,-1.70446209587837,2.78072529140139e-05,0.000174026470509681,2.34797545808784e-05
0.338968746439512,-1.70446209587837,2.78072529140139e-05,0.000174026470509681,2.34797545808784e-05
0.338996553692426,-1.70428806940786,2.5437890840474e-05,0.000198087190073526,2.44172630709397e-05
0.338996553692426,-1.70428806940786,2.5437890840474e-05,0.000198087190073526,2.44172630709397e-05
0.339021991583267,-1.70408998221779,2.27672873435725e-05,0.000222971759793023,2.52931607398596e-05
0.339021991583267,-1.70408998221779,2.27672873435725e-05,0.000222971759793023,2.52931607398596e-05
0.33904475887061,-1.703867010458,1.97985819118673e-05,0.000248637253083439,2.61074495275747e-05
0.33904475887061,-1.703867010458,1.97985819118673e-05,0.000248637253083439,2.61074495275747e-05
0.339064557452522,-1.70361837320491,1.65370100576046e-05,0.00027503501026338,2.68581553648409e-05
0.339064557452522,-1.70361837320491,1.65370100576046e-05,0.00027503501026338,2.68581553648409e-05
0.33908109446258,-1.70334333819465,1.29899515857179e-05,0.000302110739315076,2.75421531152797e-05
0.33908109446258,-1.70334333819465,1.29899515857179e-05,0.000302110739315076,2.75421531152797e-05
0.339094084414166,-1.70304122745534,9.1669684302853e-06,0.000329804656000965,2.81556659445191e-05
0.339094084414166,-1.70304122745534,9.1669684302853e-06,0.000329804656000965,2.81556659445191e-05
0.339103251382596,-1.70271142279933,5.07983157005398e-06,0.000358051662905146,2.86945834636665e-05
0.339103251382596,-1.70271142279933,5.07983157005398e-06,0.000358051662905146,2.86945834636665e-05
0.339108331214166,-1.70235337113643,7.42536584996678e-07,0.000386781566669825,2.9154674817277e-05
0.339108331214166,-1.70235337113643,7.42536584996678e-07,0.000386781566669825,2.9154674817277e-05
0.339109073750751,-1.70196658956976,-3.8286925422848e-06,0.000415919332342973,2.95317386738756e-05
0.339109073750751,-1.70196658956976,-3.8286925422848e-06,0.000415919332342973,2.95317386738756e-05
0.339105245058209,-1.70155067023742,-8.61541172514357e-06,0.000445385373635032,2.98217137174593e-05
0.339105245058209,-1.70155067023742,-8.61541172514357e-06,0.000445385373635032,2.98217137174593e-05
0.339096629646483,-1.70110528486378,-1.35969774582301e-05,0.000475095877524367,3.00207634250068e-05
0.339096629646483,-1.70110528486378,-1.35969774582301e-05,0.000475095877524367,3.00207634250068e-05
0.339083032669025,-1.70063018898626,-1.8750580130511e-05,0.000504963161358729,3.01253434697906e-05
0.339083032669025,-1.70063018898626,-1.8750580130511e-05,0.000504963161358729,3.01253434697906e-05
0.339064282088895,-1.7001252258249,-2.40512901209522e-05,0.000534896060428114,3.01322567482556e-05
0.339064282088895,-1.7001252258249,-2.40512901209522e-05,0.000534896060428114,3.01322567482556e-05
0.339040230798774,-1.69959032976447,-2.94721167944378e-05,0.000564800343698879,3.00386991666911e-05
0.339040230798774,-1.69959032976447,-2.94721167944378e-05,0.000564800343698879,3.00386991666911e-05
0.339010758681979,-1.69902552942077,-3.49840804358403e-05,0.000594579155177133,2.98422981817068e-05
0.339010758681979,-1.69902552942077,-3.49840804358403e-05,0.000594579155177133,2.98422981817068e-05
0.338975774601543,-1.69843095026559,-4.05562970882123e-05,0.000624133478181577,2.95411453252483e-05
0.338975774601543,-1.69843095026559,-4.05562970882123e-05,0.000624133478181577,2.95411453252483e-05
0.338935218304455,-1.69780681678741,-4.61560761983448e-05,0.000653362619588593,2.91338234858443e-05
0.338935218304455,-1.69780681678741,-4.61560761983448e-05,0.000653362619588593,2.91338234858443e-05
0.338889062228257,-1.69715345416782,-5.17490309030477e-05,0.000682164710903876,2.86194295446551e-05
0.338889062228257,-1.69715345416782,-5.17490309030477e-05,0.000682164710903876,2.86194295446551e-05
0.338837313197354,-1.69647128945692,-5.72992007191186e-05,0.000710437222937177,2.79975927072481e-05
0.338837313197354,-1.69647128945692,-5.72992007191186e-05,0.000710437222937177,2.79975927072481e-05
0.338780013996635,-1.69576085223398,-6.27691863139268e-05,0.000738077490722855,2.72684886863488e-05
0.338780013996635,-1.69576085223398,-6.27691863139268e-05,0.000738077490722855,2.72684886863488e-05
0.338717244810321,-1.69502277474326,-6.81202959529892e-05,0.000764983245142847,2.64328499847839e-05
0.338717244810321,-1.69502277474326,-6.81202959529892e-05,0.000764983245142847,2.64328499847839e-05
0.338649124514368,-1.69425779149812,-7.33127031720127e-05,0.000791053147704446,2.54919723809386e-05
0.338649124514368,-1.69425779149812,-7.33127031720127e-05,0.000791053147704446,2.54919723809386e-05
0.338575811811196,-1.69346673835041,-7.83056151278938e-05,0.000816187324838458,2.44477177828966e-05
0.338575811811196,-1.69346673835041,-7.83056151278938e-05,0.000816187324838458,2.44477177828966e-05
0.338497506196068,-1.69265055102557,-8.30574510155557e-05,0.0008402878981002,2.3302513530447e-05
0.338497506196068,-1.69265055102557,-8.30574510155557e-05,0.0008402878981002,2.3302513530447e-05
0.338414448745052,-1.69181026312747,-8.75260298649483e-05,0.000863259506613145,2.20593483001346e-05
0.338414448745052,-1.69181026312747,-8.75260298649483e-05,0.000863259506613145,2.20593483001346e-05
0.338326922715187,-1.69094700362086,-9.16687669513805e-05,0.000885009818146987,2.07217648304953e-05
0.338326922715187,-1.69094700362086,-9.16687669513805e-05,0.000885009818146987,2.07217648304953e-05
0.338235253948236,-1.69006199380271,-9.54428780039485e-05,0.000905450025342702,1.92938496146387e-05
0.338235253948236,-1.69006199380271,-9.54428780039485e-05,0.000905450025342702,1.92938496146387e-05
0.338139811070232,-1.68915654377737,-9.88055903113905e-05,0.000924495323654906,1.77802197674795e-05
0.338139811070232,-1.68915654377737,-9.88055903113905e-05,0.000924495323654906,1.77802197674795e-05
0.338041005479921,-1.68823204845372,-0.000101714359762306,0.000942065367696143,1.61860073793991e-05
0.338041005479921,-1.68823204845372,-0.000101714359762306,0.000942065367696143,1.61860073793991e-05
0.337939291120158,-1.68728998308602,-0.00010412709280605,0.000958084702879392,1.45168415957687e-05
0.337939291120158,-1.68728998308602,-0.00010412709280605,0.000958084702879392,1.45168415957687e-05
0.337835164027352,-1.68633189838314,-0.00010600237226982,0.000972483169382476,1.27788288436677e-05
0.337835164027352,-1.68633189838314,-0.00010600237226982,0.000972483169382476,1.27788288436677e-05
0.337729161655083,-1.68535941521376,-0.000107299685896123,0.00098519627575433,1.09785315675806e-05
0.337729161655083,-1.68535941521376,-0.000107299685896123,0.00098519627575433,1.09785315675806e-05
0.337621861969186,-1.684374218938,-0.000107979656438772,0.000996165539692173,9.12294593712211e-06
0.337621861969186,-1.684374218938,-0.000107979656438772,0.000996165539692173,9.12294593712211e-06
0.337513882312748,-1.68337805339831,-0.000108004272106832,0.00100533879380316,7.21947902310822e-06
0.337513882312748,-1.68337805339831,-0.000108004272106832,0.00100533879380316,7.21947902310822e-06
0.337405878040641,-1.68237271460451,-0.00010733711611649,0.00101267045444287,5.27592608045766e-06
0.337405878040641,-1.68237271460451,-0.00010733711611649,0.00101267045444287,5.27592608045766e-06
0.337298540924524,-1.68136004415007,-0.000105943594065683,0.00101812175210014,3.30044849063691e-06
0.337298540924524,-1.68136004415007,-0.000105943594065683,0.00101812175210014,3.30044849063691e-06
0.337192597330459,-1.68034192239797,-0.000103791157833766,0.0010216609220266,1.30155323864738e-06
0.337192597330459,-1.68034192239797,-0.000103791157833766,0.0010216609220266,1.30155323864738e-06
0.337088806172625,-1.67932026147594,-0.000100849524705071,0.00102326335428904,-7.11925372390938e-07
0.337088806172625,-1.67932026147594,-0.000100849524705071,0.00102326335428904,-7.11925372390938e-07
0.33698795664792,-1.67829699812165,-9.70908903982215e-05,0.0010229117026419,-2.73084071995095e-06
0.33698795664792,-1.67829699812165,-9.70908903982215e-05,0.0010229117026419,-2.73084071995095e-06
0.336890865757522,-1.67727408641901,-9.24901346725515e-05,0.00102059595207282,-4.74574452507702e-06
0.336890865757522,-1.67727408641901,-9.24901346725515e-05,0.00102059595207282,-4.74574452507702e-06
0.336798375622849,-1.67625349046694,-8.70250182166687e-05,0.00101631344519038,-6.74689198408053e-06
0.336798375622849,-1.67625349046694,-8.70250182166687e-05,0.00101631344519038,-6.74689198408053e-06
0.336711350604632,-1.67523717702174,-8.06763695085366e-05,0.00101006886792709,-8.72423986595099e-06
0.336711350604632,-1.67523717702174,-8.06763695085366e-05,0.00101006886792709,-8.72423986595099e-06
0.336630674235124,-1.67422710815382,-7.34282603869207e-05,0.00100187419543762,-1.06674359763067e-05
0.336630674235124,-1.67422710815382,-7.34282603869207e-05,0.00100187419543762,-1.06674359763067e-05
0.336557245974737,-1.67322523395838,-6.52681691033496e-05,0.000991748599339815,-1.25657980739307e-05
0.336557245974737,-1.67322523395838,-6.52681691033496e-05,0.000991748599339815,-1.25657980739307e-05
0.336491977805634,-1.67223348535904,-5.61871296466676e-05,0.000979718317749789,-1.44082800343365e-05
0.336491977805634,-1.67223348535904,-5.61871296466676e-05,0.000979718317749789,-1.44082800343365e-05
0.336435790675987,-1.67125376704129,-4.61798662024782e-05,0.000965816489830518,-1.61834227465114e-05
0.336435790675987,-1.67125376704129,-4.61798662024782e-05,0.000965816489830518,-1.61834227465114e-05
0.336389610809784,-1.67028795055146,-3.52449116648446e-05,0.000950082956792553,-1.78792867972446e-05
0.336389610809784,-1.67028795055146,-3.52449116648446e-05,0.000950082956792553,-1.78792867972446e-05
0.33635436589812,-1.66933786759467,-2.33847091787309e-05,0.000932564031557837,-1.94833637284156e-05
0.33635436589812,-1.66933786759467,-2.33847091787309e-05,0.000932564031557837,-1.94833637284156e-05
0.336330981188941,-1.66840530356311,-1.06056957902001e-05,0.000913312239479547,-2.09824624662769e-05
0.336330981188941,-1.66840530356311,-1.06056957902001e-05,0.000913312239479547,-2.09824624662769e-05
0.336320375493151,-1.66749199132363,3.08163268364359e-06,0.000892386032621539,-2.23625674709756e-05
0.336320375493151,-1.66749199132363,3.08163268364359e-06,0.000892386032621539,-2.23625674709756e-05
0.336323457125834,-1.66659960529101,1.76626763052079e-05,0.000869849480234608,-2.36086656180674e-05
0.336323457125834,-1.66659960529101,1.76626763052079e-05,0.000869849480234608,-2.36086656180674e-05
0.336341119802139,-1.66572975581077,3.311870585615e-05,0.000845771938197126,-2.4704540234339e-05
0.336341119802139,-1.66572975581077,3.311870585615e-05,0.000845771938197126,-2.4704540234339e-05
0.336374238507996,-1.66488398387258,4.94268584250723e-05,0.000820227700250031,-2.56325336306438e-05
0.336374238507996,-1.66488398387258,4.94268584250723e-05,0.000820227700250031,-2.56325336306438e-05
0.336423665366421,-1.66406375617233,6.65601541726679e-05,0.000793295633899627,-2.63732850287186e-05
0.336423665366421,-1.66406375617233,6.65601541726679e-05,0.000793295633899627,-2.63732850287186e-05
0.336490225520593,-1.66327046053843,8.44875345960006e-05,0.000765058803861685,-2.69054605218697e-05
0.336490225520593,-1.66327046053843,8.44875345960006e-05,0.000765058803861685,-2.69054605218697e-05
0.336574713055189,-1.66250540173457,0.000103173922492206,0.000735604085899455,-2.72055079864336e-05
0.336574713055189,-1.66250540173457,0.000103173922492206,0.000735604085899455,-2.72055079864336e-05
0.336677886977682,-1.66176979764867,0.000122580303697162,0.00070502177384979,-2.7247495648441e-05
0.336677886977682,-1.66176979764867,0.000122580303697162,0.00070502177384979,-2.7247495648441e-05
0.336800467281379,-1.66106477587482,0.000142663830509537,0.000673405182595843,-2.70031319110451e-05
0.336800467281379,-1.66106477587482,0.000142663830509537,0.000673405182595843,-2.70031319110451e-05
0.336943131111888,-1.66039137069222,0.000163377946607479,0.000640850249601366,-2.6442118266225e-05
0.336943131111888,-1.66039137069222,0.000163377946607479,0.000640850249601366,-2.6442118266225e-05
0.337106509058496,-1.65975052044262,0.000184672533096619,0.000607455137587642,-2.5533055495177e-05
0.337106509058496,-1.65975052044262,0.000184672533096619,0.000607455137587642,-2.5533055495177e-05
0.337291181591592,-1.65914306530503,0.000206494075191244,0.000573319840774245,-2.42451935921131e-05
0.337291181591592,-1.65914306530503,0.000206494075191244,0.000573319840774245,-2.42451935921131e-05
0.337497675666784,-1.65856974546426,0.000228785848897628,0.000538545796908485,-2.25513555042716e-05
0.337497675666784,-1.65856974546426,0.000228785848897628,0.000538545796908485,-2.25513555042716e-05
0.337726461515681,-1.65803119966735,0.000251488126914945,0.000503235507195221,-2.0432310472341e-05
0.337726461515681,-1.65803119966735,0.000251488126914945,0.000503235507195221,-2.0432310472341e-05
0.337977949642596,-1.65752796416015,0.00027453840281183,0.000467492166028372,-1.78826288132388e-05
0.337977949642596,-1.65752796416015,0.00027453840281183,0.000467492166028372,-1.78826288132388e-05
0.338252488045408,-1.65706047199413,0.000297871632443825,0.000431419302258762,-1.49175239139512e-05
0.338252488045408,-1.65706047199413,0.000297871632443825,0.000431419302258762,-1.49175239139512e-05
0.338550359677852,-1.65662905269187,0.000321420491390556,0.000395120433522189,-1.15793839899584e-05
0.338550359677852,-1.65662905269187,0.000321420491390556,0.000395120433522189,-1.15793839899584e-05
0.338871780169242,-1.65623393225834,0.000345115647095606,0.0003586987350086,-7.94186243350961e-06
0.338871780169242,-1.65623393225834,0.000345115647095606,0.0003586987350086,-7.94186243350961e-06
0.339216895816338,-1.65587523352334,0.000368886044250782,0.000322256723781056,-4.10908422691729e-06
0.339216895816338,-1.65587523352334,0.000368886044250782,0.000322256723781056,-4.10908422691729e-06
0.339585781860589,-1.65555297679955,0.000392659201859491,0.000285895959575955,-2.08368365576075e-07
0.339585781860589,-1.65555297679955,0.000392659201859491,0.000285895959575955,-2.08368365576075e-07
0.339978441062448,-1.65526708083998,0.000416361520299613,0.00024971676279284,3.62301315476142e-06
0.339978441062448,-1.65526708083998,0.000416361520299613,0.00024971676279284,3.62301315476142e-06
0.340394802582748,-1.65501736407719,0.000439918596606748,0.000213817950192041,7.25399320256146e-06
0.340394802582748,-1.65501736407719,0.000439918596606748,0.000213817950192041,7.25399320256146e-06
0.340834721179355,-1.65480354612699,0.00046325554610821,0.000178296588621452,1.0574333168166e-05
0.340834721179355,-1.65480354612699,0.00046325554610821,0.000178296588621452,1.0574333168166e-05
0.341297976725463,-1.65462524953837,0.000486297328466612,0.000143247766887233,1.35039570332689e-05
0.341297976725463,-1.65462524953837,0.000486297328466612,0.000143247766887233,1.35039570332689e-05
0.341784274053929,-1.65448200177148,0.000508969076138677,0.000108764385742477,1.59955619278684e-05
0.341784274053929,-1.65448200177148,0.000508969076138677,0.000108764385742477,1.59955619278684e-05
0.342293243130068,-1.65437323738574,0.000531196423197045,7.49369657244703e-05,1.80315280502114e-05
0.342293243130068,-1.65437323738574,0.000531196423197045,7.49369657244703e-05,1.80315280502114e-05
0.342824439553265,-1.65429830042002,0.000552905832421069,4.18534724562214e-05,1.96175073064787e-05
0.342824439553265,-1.65429830042002,0.000552905832421069,4.18534724562214e-05,1.96175073064787e-05
0.343377345385686,-1.65425644694756,0.000574024918567007,9.59915883091966e-06,2.07751010990088e-05
0.343377345385686,-1.65425644694756,0.000574024918567007,9.59915883091966e-06,2.07751010990088e-05
0.343951370304253,-1.65424684778873,0.000594482765736815,-2.17435765819118e-05,2.15352800750945e-05
0.343951370304253,-1.65424684778873,0.000594482765736815,-2.17435765819118e-05,2.15352800750945e-05
0.34454585306999,-1.65426859136531,0.000614210236748347,-5.20953157145954e-05,2.19333034707478e-05
0.34454585306999,-1.65426859136531,0.000614210236748347,-5.20953157145954e-05,2.19333034707478e-05
0.345160063306738,-1.65432068668103,0.000633140272474741,-8.13797327081645e-05,2.20052369425824e-05
0.345160063306738,-1.65432068668103,0.000633140272474741,-8.13797327081645e-05,2.20052369425824e-05
0.345793203579213,-1.65440206641374,0.000651208179166918,-0.000109523692156888,2.17858231844559e-05
0.345793203579213,-1.65440206641374,0.000651208179166918,-0.000109523692156888,2.17858231844559e-05
0.34644441175838,-1.65451159010589,0.000668351901854436,-0.000136457334997786,2.13073519340106e-05
0.34644441175838,-1.65451159010589,0.000668351901854436,-0.000136457334997786,2.13073519340106e-05
0.347112763660235,-1.65464804744089,0.000684512282001726,-0.000162114153187787,2.05991981878195e-05
0.347112763660235,-1.65464804744089,0.000684512282001726,-0.000162114153187787,2.05991981878195e-05
0.347797275942236,-1.65481016159408,0.000699633297732538,-0.00018643105438465,1.96877692047768e-05
0.347797275942236,-1.65481016159408,0.000699633297732538,-0.00018643105438465,1.96877692047768e-05
0.348496909239969,-1.65499659264846,0.000713662285045769,-0.00020934841782716,1.85966780154854e-05
0.348496909239969,-1.65499659264846,0.000713662285045769,-0.00020934841782716,1.85966780154854e-05
0.349210571525015,-1.65520594106629,0.000726550138619442,-0.000230810142680893,1.73470250272543e-05
0.349210571525015,-1.65520594106629,0.000726550138619442,-0.000230810142680893,1.73470250272543e-05
0.349937121663634,-1.65543675120897,0.000738251490945918,-0.000250763690060385,1.59577160295443e-05
0.349937121663634,-1.65543675120897,0.000738251490945918,-0.000250763690060385,1.59577160295443e-05
0.35067537315458,-1.65568751489903,0.000748724868722905,-0.000269160119922285,1.44457763713117e-05
0.35067537315458,-1.65568751489903,0.000748724868722905,-0.000269160119922285,1.44457763713117e-05
0.351424098023303,-1.65595667501895,0.000757932825645735,-0.000285954123981025,1.28266409957452e-05
0.351424098023303,-1.65595667501895,0.000757932825645735,-0.000285954123981025,1.28266409957452e-05
0.352182030848949,-1.65624262914293,0.000765842050936494,-0.000301104055775214,1.11144120400809e-05
0.352182030848949,-1.65624262914293,0.000765842050936494,-0.000301104055775214,1.11144120400809e-05
0.352947872899885,-1.65654373319871,0.000772423453170634,-0.000314571958954124,9.32208252552458e-06
0.352947872899885,-1.65654373319871,0.000772423453170634,-0.000314571958954124,9.32208252552458e-06
0.353720296353056,-1.65685830515766,0.000777652219194735,-0.000326323594720401,7.46172830873109e-06
0.353720296353056,-1.65685830515766,0.000777652219194735,-0.000326323594720401,7.46172830873109e-06
0.35449794857225,-1.65718462875238,0.000781507848141683,-0.000336328469304759,5.5446722498991e-06
0.35449794857225,-1.65718462875238,0.000781507848141683,-0.000336328469304759,5.5446722498991e-06
0.355279456420392,-1.65752095722169,0.00078397416081577,-0.000344559862247129,3.58162515555081e-06
0.355279456420392,-1.65752095722169,0.00078397416081577,-0.000344559862247129,3.58162515555081e-06
0.356063430581208,-1.65786551708394,0.000785039284925959,-0.00035099485610357,1.58280821581922e-06
0.356063430581208,-1.65786551708394,0.000785039284925959,-0.00035099485610357,1.58280821581922e-06
0.356848469866134,-1.65821651194004,0.000784695616866671,-0.000355614368091395,-4.41938435936278e-07
0.356848469866134,-1.65821651194004,0.000784695616866671,-0.000355614368091395,-4.41938435936278e-07
0.357633165483001,-1.65857212630813,0.000782939760978374,-0.00035840318409841,-2.48305666153588e-06
0.357633165483001,-1.65857212630813,0.000782939760978374,-0.00035840318409841,-2.48305666153588e-06
0.358416105243979,-1.65893052949223,0.000779772447415061,-0.000359349995283198,-4.53117645439461e-06
0.358416105243979,-1.65893052949223,0.000779772447415061,-0.000359349995283198,-4.53117645439461e-06
0.359195877691394,-1.65928987948751,0.000775198429929402,-0.000358447437388776,-6.57702299165037e-06
0.359195877691394,-1.65928987948751,0.000775198429929402,-0.000358447437388776,-6.57702299165037e-06
0.359971076121323,-1.6596483269249,0.000769226365034403,-0.000355692132746332,-8.61132006926022e-06
0.359971076121323,-1.6596483269249,0.000769226365034403,-0.000355692132746332,-8.61132006926022e-06
0.360740302486358,-1.66000401905765,0.000761868674183097,-0.000351084734772522,-1.06246849376888e-05
0.360740302486358,-1.66000401905765,0.000761868674183097,-0.000351084734772522,-1.06246849376888e-05
0.361502171160541,-1.66035510379242,0.000753141390709533,-0.000344629974658339,-1.26075087178641e-05
0.361502171160541,-1.66035510379242,0.000753141390709533,-0.000344629974658339,-1.26075087178641e-05
0.36225531255125,-1.66069973376708,0.000743063993401183,-0.000336336709792384,-1.45498153885082e-05
0.36225531255125,-1.66069973376708,0.000743063993401183,-0.000336336709792384,-1.45498153885082e-05
0.362998376544652,-1.66103607047687,0.000731659228603576,-0.00032621797329524,-1.64410903582897e-05
0.362998376544652,-1.66103607047687,0.000731659228603576,-0.00032621797329524,-1.64410903582897e-05
0.363730035773255,-1.66136228845017,0.000718952922858895,-0.000314291023988611,-1.82700671693387e-05
0.363730035773255,-1.66136228845017,0.000718952922858895,-0.000314291023988611,-1.82700671693387e-05
0.364448988696114,-1.66167657947415,0.000704973788089092,-0.000300577395830226,-2.00244570284331e-05
0.364448988696114,-1.66167657947415,0.000704973788089092,-0.000300577395830226,-2.00244570284331e-05
0.365153962484203,-1.66197715686999,0.000689753221356781,-0.000285102945899451,-2.16906009128491e-05
0.365153962484203,-1.66197715686999,0.000689753221356781,-0.000285102945899451,-2.16906009128491e-05
0.36584371570556,-1.66226225981588,0.000673325101218314,-0.000267897899859149,-2.32530171599042e-05
0.36584371570556,-1.66226225981588,0.000673325101218314,-0.000267897899859149,-2.32530171599042e-05
0.366517040806778,-1.66253015771574,0.000655725582623112,-0.000248996893665865,-2.46938082843726e-05
0.366517040806778,-1.66253015771574,0.000655725582623112,-0.000248996893665865,-2.46938082843726e-05
0.367172766389401,-1.66277915460941,0.000636992892292909,-0.000228439010238946,-2.59918792689485e-05
0.367172766389401,-1.66277915460941,0.000636992892292909,-0.000228439010238946,-2.59918792689485e-05
0.367809759281694,-1.66300759361965,0.000617167126407692,-0.000206267809769178,-2.7121905892736e-05
0.367809759281694,-1.66300759361965,0.000617167126407692,-0.000206267809769178,-2.7121905892736e-05
0.368426926408102,-1.66321386142942,0.00059629005233236,-0.000182531352263204,-2.80529779147891e-05
0.368426926408102,-1.66321386142942,0.00059629005233236,-0.000182531352263204,-2.80529779147891e-05
0.369023216460434,-1.66339639278168,0.000574404916007798,-0.000157282210816456,-2.87468341505075e-05
0.369023216460434,-1.66339639278168,0.000574404916007798,-0.000157282210816456,-2.87468341505075e-05
0.369597621376442,-1.6635536749925,0.000551556256503605,-0.000130577474139804,-2.91556198609383e-05
0.369597621376442,-1.6635536749925,0.000551556256503605,-0.000130577474139804,-2.91556198609383e-05
0.370149177632946,-1.66368425246664,0.000527789729085126,-0.000102478736869305,-2.92191650348902e-05
0.370149177632946,-1.66368425246664,0.000527789729085126,-0.000102478736869305,-2.92191650348902e-05
0.370676967362031,-1.66378673120351,0.000503151937973789,-7.30520761307307e-05,-2.88619740176943e-05
0.370676967362031,-1.66378673120351,0.000503151937973789,-7.30520761307307e-05,-2.88619740176943e-05
0.371180119300005,-1.66385978327964,0.000477690279851006,-4.23680128824877e-05,-2.79905603701467e-05
0.371180119300005,-1.66385978327964,0.000477690279851006,-4.23680128824877e-05,-2.79905603701467e-05
0.371657809579856,-1.66390215129252,0.000451452798951535,-1.05014566225137e-05,-2.64926525356201e-05
0.371657809579856,-1.66390215129252,0.000451452798951535,-1.05014566225137e-05,-2.64926525356201e-05
0.372109262378807,-1.66391265274914,0.00042448805441897,2.24683679022064e-05,-2.42413264912033e-05
0.372109262378807,-1.66391265274914,0.00042448805441897,2.24683679022064e-05,-2.42413264912033e-05
0.372533750433226,-1.66389018438124,0.000396845000448065,5.64580132984549e-05,-2.11091195834411e-05
0.372533750433226,-1.66389018438124,0.000396845000448065,5.64580132984549e-05,-2.11091195834411e-05
0.372930595433674,-1.66383372636794,0.000368572879508644,9.13799226518464e-05,-1.699820637688e-05
0.372930595433674,-1.66383372636794,0.000368572879508644,9.13799226518464e-05,-1.699820637688e-05
0.373299168313183,-1.66374234644529,0.000339721128794712,0.000127142564219973,-1.18889275311754e-05
0.373299168313183,-1.66374234644529,0.000339721128794712,0.000127142564219973,-1.18889275311754e-05
0.373638889441978,-1.66361520388107,0.000310339299855023,0.000163650588679953,-5.89542591720213e-06
0.373638889441978,-1.66361520388107,0.000310339299855023,0.000163650588679953,-5.89542591720213e-06
0.373949228741833,-1.66345155329239,0.000280476991175393,0.000200805009713312,7.03461416222352e-07
0.373949228741833,-1.66345155329239,0.000280476991175393,0.000200805009713312,7.03461416222352e-07
0.374229705733008,-1.66325074828268,0.000250183793324754,0.00023850340860343,7.49609495504709e-06
0.374229705733008,-1.66325074828268,0.000250183793324754,0.00023850340860343,7.49609495504709e-06
0.374479889526333,-1.66301224487407,0.000219509246087823,0.000276640163347164,1.4037157602134e-05
0.374479889526333,-1.66301224487407,0.000219509246087823,0.000276640163347164,1.4037157602134e-05
0.374699398772421,-1.66273560471073,0.000188502806892032,0.000315106702515111,1.99636247714811e-05
0.374699398772421,-1.66273560471073,0.000188502806892032,0.000315106702515111,1.99636247714811e-05
0.374887901579313,-1.66242049800821,0.000157213829677927,0.000353791783971991,2.50625212941601e-05
0.374887901579313,-1.66242049800821,0.000157213829677927,0.000353791783971991,2.50625212941601e-05
0.37504511540899,-1.66206670622424,0.000125691553236162,0.000392581798324576,2.9269013384707e-05
0.37504511540899,-1.66206670622424,0.000125691553236162,0.000392581798324576,2.9269013384707e-05
0.375170806962227,-1.66167412442591,9.39850978900481e-05,0.000431361096741467,3.26216080371756e-05
0.375170806962227,-1.66167412442591,9.39850978900481e-05,0.000431361096741467,3.26216080371756e-05
0.375264792060117,-1.66124276332917,6.21434693350853e-05,0.000470012342558501,3.52112154545473e-05
0.375264792060117,-1.66124276332917,6.21434693350853e-05,0.000470012342558501,3.52112154545473e-05
0.375326935529452,-1.66077275098661,3.02155683263305e-05,0.000508416885907081,3.71440011819398e-05
0.375326935529452,-1.66077275098661,3.02155683263305e-05,0.000508416885907081,3.71440011819398e-05
0.375357151097778,-1.66026433410071,-1.74979512235218e-06,0.00054645516027696,3.85208791888131e-05
0.375357151097778,-1.66026433410071,-1.74979512235218e-06,0.00054645516027696,3.85208791888131e-05
0.375355401302656,-1.65971787894043,-3.37038844409054e-05,0.000584007099731831,3.94290390934224e-05
0.375355401302656,-1.65971787894043,-3.37038844409054e-05,0.000584007099731831,3.94290390934224e-05
0.375321697418215,-1.6591338718407,-6.55980175752191e-05,0.000620952575286715,3.99402170138263e-05
0.375321697418215,-1.6591338718407,-6.55980175752191e-05,0.000620952575286715,3.99402170138263e-05
0.37525609940064,-1.65851291926541,-9.73835478881302e-05,0.000657171848658544,4.0112033798194e-05
0.37525609940064,-1.65851291926541,-9.73835478881302e-05,0.000657171848658544,4.0112033798194e-05
0.375158715852752,-1.65785574741675,-0.000129011846346727,0.000692546041409781,3.99903628618549e-05
0.375158715852752,-1.65785574741675,-0.000129011846346727,0.000692546041409781,3.99903628618549e-05
0.375029704006405,-1.65716320137534,-0.000160434286464672,0.000726957617284585,3.96117684635097e-05
0.375029704006405,-1.65716320137534,-0.000160434286464672,0.000726957617284585,3.96117684635097e-05
0.37486926971994,-1.65643624375806,-0.000191602233400368,0.000760290875348346,3.90056409290009e-05
0.37486926971994,-1.65643624375806,-0.000191602233400368,0.000760290875348346,3.90056409290009e-05
0.37467766748654,-1.65567595288271,-0.000222467038567598,0.000792432451308445,3.81959343484023e-05
0.37467766748654,-1.65567595288271,-0.000222467038567598,0.000792432451308445,3.81959343484023e-05
0.374455200447972,-1.6548835204314,-0.000252980041051842,0.000823271824216709,3.72025284229051e-05
0.374455200447972,-1.6548835204314,-0.000252980041051842,0.000823271824216709,3.72025284229051e-05
0.37420222040692,-1.65406024860719,-0.000283092577025412,0.000852701825645674,3.6042274332173e-05
0.37420222040692,-1.65406024860719,-0.000283092577025412,0.000852701825645674,3.6042274332173e-05
0.373919127829895,-1.65320754678154,-0.00031275599826891,0.00088061914820603,3.47297893550498e-05
0.373919127829895,-1.65320754678154,-0.00031275599826891,0.00088061914820603,3.47297893550498e-05
0.373606371831626,-1.65232692763333,-0.000341921700790004,0.00090692485018784,3.32780572152844e-05
0.373606371831626,-1.65232692763333,-0.000341921700790004,0.00090692485018784,3.32780572152844e-05
0.373264450130836,-1.65142000278315,-0.000370541164388671,0.000931524853009291,3.16988802538136e-05
0.373264450130836,-1.65142000278315,-0.000370541164388671,0.000931524853009291,3.16988802538136e-05
0.372893908966447,-1.65048847793014,-0.000398566003873058,0.000954330428091232,3.00032191742155e-05
0.372893908966447,-1.65048847793014,-0.000398566003873058,0.000954330428091232,3.00032191742155e-05
0.372495342962574,-1.64953414750205,-0.000425948032487078,0.000975258669721368,2.820144748572e-05
0.372495342962574,-1.64953414750205,-0.000425948032487078,0.000975258669721368,2.820144748572e-05
0.372069394930087,-1.64855888883232,-0.000452639337950256,0.000994232950455531,2.63035409822602e-05
0.372069394930087,-1.64855888883232,-0.000452639337950256,0.000994232950455531,2.63035409822602e-05
0.371616755592137,-1.64756465588187,-0.000478592371341235,0.00101118335560191,2.43192174910545e-05
0.371616755592137,-1.64756465588187,-0.000478592371341235,0.00101118335560191,2.43192174910545e-05
0.371138163220796,-1.64655347252627,-0.000503760048867874,0.00102604709341558,2.22580382380517e-05
0.371138163220796,-1.64655347252627,-0.000503760048867874,0.00102604709341558,2.22580382380517e-05
0.370634403171928,-1.64552742543285,-0.000528095866388023,0.00103876887769316,2.0129479335612e-05
0.370634403171928,-1.64552742543285,-0.000528095866388023,0.00103876887769316,2.0129479335612e-05
0.37010630730554,-1.64448865655516,-0.000551554026367529,0.00104930127955094,1.79429798474087e-05
0.37010630730554,-1.64448865655516,-0.000551554026367529,0.00104930127955094,1.79429798474087e-05
0.369554753279172,-1.64343935527561,-0.000574089576794778,0.00105760504533947,1.57079712992119e-05
0.369554753279172,-1.64343935527561,-0.000574089576794778,0.00105760504533947,1.57079712992119e-05
0.368980663702377,-1.64238175023027,-0.000595658561375223,0.00106364937781445,1.34338923579867e-05
0.368980663702377,-1.64238175023027,-0.000595658561375223,0.00106364937781445,1.34338923579867e-05
0.368385005141002,-1.64131810085245,-0.000616218180153227,0.0010674121778611,1.11301916235283e-05
0.368385005141002,-1.64131810085245,-0.000616218180153227,0.0010674121778611,1.11301916235283e-05
0.367768786960849,-1.64025068867459,-0.000635726959551941,0.00106888024433571,8.80632083878749e-06
0.367768786960849,-1.64025068867459,-0.000635726959551941,0.00106888024433571,8.80632083878749e-06
0.367133060001297,-1.63918180843026,-0.000654144930622547,0.00106804942989225,6.47172034110889e-06
0.367133060001297,-1.63918180843026,-0.000654144930622547,0.00106804942989225,6.47172034110889e-06
0.366478915070675,-1.63811375900036,-0.000671433814178168,0.00106492475092712,4.13579821827831e-06
0.366478915070675,-1.63811375900036,-0.000671433814178168,0.00106492475092712,4.13579821827831e-06
0.365807481256496,-1.63704883424944,-0.000687557211345446,0.00105952045006541,1.80790442019362e-06
0.365807481256496,-1.63704883424944,-0.000687557211345446,0.00105952045006541,1.80790442019362e-06
0.365119924045151,-1.63598931379937,-0.000702480797909522,0.00105186000999713,-5.02699180627338e-07
0.365119924045151,-1.63598931379937,-0.000702480797909522,0.00105186000999713,-5.02699180627338e-07
0.364417443247241,-1.63493745378937,-0.000716172520745351,0.00104197611776868,-2.78687187337348e-06
0.364417443247241,-1.63493745378937,-0.000716172520745351,0.00104197611776868,-2.78687187337348e-06
0.363701270726496,-1.63389547767161,-0.000728602794516253,0.00102991057905011,-5.03562956718443e-06
0.363701270726496,-1.63389547767161,-0.000728602794516253,0.00102991057905011,-5.03562956718443e-06
0.36297266793198,-1.63286556709256,-0.000739744696759637,0.00101571418228708,-7.24018200320194e-06
0.36297266793198,-1.63286556709256,-0.000739744696759637,0.00101571418228708,-7.24018200320194e-06
0.36223292323522,-1.63184985291027,-0.000749574159411182,0.000999446512992552,-9.39197114034531e-06
0.36223292323522,-1.63184985291027,-0.000749574159411182,0.000999446512992552,-9.39197114034531e-06
0.361483349075809,-1.63085040639728,-0.000758070154786128,0.000981175718817173,-1.1482710184658e-05
0.361483349075809,-1.63085040639728,-0.000758070154786128,0.000981175718817173,-1.1482710184658e-05
0.360725278921023,-1.62986923067846,-0.000765214874010101,0.00096097822645369,-1.35044229170197e-05
0.360725278921023,-1.62986923067846,-0.000765214874010101,0.00096097822645369,-1.35044229170197e-05
0.359960064047013,-1.628908252452,-0.000770993895934435,0.000938938411646273,-1.54494828179931e-05
0.359960064047013,-1.628908252452,-0.000770993895934435,0.000938938411646273,-1.54494828179931e-05
0.359189070151078,-1.62796931404036,-0.00077539634458379,0.000915148224078566,-1.7310651735889e-05
0.359189070151078,-1.62796931404036,-0.00077539634458379,0.000915148224078566,-1.7310651735889e-05
0.358413673806495,-1.62705416581628,-0.000778415033222069,0.000889706769158227,-1.90811177897586e-05
0.358413673806495,-1.62705416581628,-0.000778415033222069,0.000889706769158227,-1.90811177897586e-05
0.357635258773272,-1.62616445904712,-0.000780046593231554,0.00086271984902786,-2.07545322858411e-05
0.357635258773272,-1.62616445904712,-0.000780046593231554,0.00086271984902786,-2.07545322858411e-05
0.356855212180041,-1.62530173919809,-0.000780291586102488,0.000834299465389376,-2.23250454293334e-05
0.356855212180041,-1.62530173919809,-0.000780291586102488,0.000834299465389376,-2.23250454293334e-05
0.356074920593938,-1.6244674397327,-0.000779154596943832,0.000804563287024607,-2.37873406931913e-05
0.356074920593938,-1.6244674397327,-0.000779154596943832,0.000804563287024607,-2.37873406931913e-05
0.355295765996995,-1.62366287644568,-0.000776644308093044,0.000773634085085684,-2.51366677622654e-05
0.355295765996995,-1.62366287644568,-0.000776644308093044,0.000773634085085684,-2.51366677622654e-05
0.354519121688902,-1.62288924236059,-0.000772773551537931,0.000741639139412831,-2.63688739067125e-05
0.354519121688902,-1.62288924236059,-0.000772773551537931,0.000741639139412831,-2.63688739067125e-05
0.353746348137364,-1.62214760322118,-0.000767559339096446,0.000708709619359205,-2.74804337778241e-05
0.353746348137364,-1.62214760322118,-0.000767559339096446,0.000708709619359205,-2.74804337778241e-05
0.352978788798267,-1.62143889360182,-0.000761022869469941,0.000674979942728582,-2.84684776171746e-05
0.352978788798267,-1.62143889360182,-0.000761022869469941,0.000674979942728582,-2.84684776171746e-05
0.352217765928797,-1.62076391365909,-0.000753189511513264,0.0006405871165307,-2.93308179041508e-05
0.352217765928797,-1.62076391365909,-0.000753189511513264,0.0006405871165307,-2.93308179041508e-05
0.351464576417284,-1.62012332654256,-0.000744088763283579,0.000605670063335451,-3.00659744420919e-05
0.351464576417284,-1.62012332654256,-0.000744088763283579,0.000605670063335451,-3.00659744420919e-05
0.350720487654,-1.61951765647923,-0.000733754186663327,0.000570368937114596,-3.06731979541283e-05
0.350720487654,-1.61951765647923,-0.000733754186663327,0.000570368937114596,-3.06731979541283e-05
0.349986733467337,-1.61894728754211,-0.000722223317590531,0.00053482443244679,-3.11524922195913e-05
0.349986733467337,-1.61894728754211,-0.000722223317590531,0.00053482443244679,-3.11524922195913e-05
0.349264510149747,-1.61841246310967,-0.000709537552147921,0.000499177090997671,-3.15046347621238e-05
0.349264510149747,-1.61841246310967,-0.000709537552147921,0.000499177090997671,-3.15046347621238e-05
0.348554972597599,-1.61791328601867,-0.000695742009016176,0.000463566609141264,-3.17311960559361e-05
0.348554972597599,-1.61791328601867,-0.000695742009016176,0.000463566609141264,-3.17311960559361e-05
0.347859230588582,-1.61744971940953,-0.000680885368991968,0.000428131150572275,-3.18345571542659e-05
0.347859230588582,-1.61744971940953,-0.000680885368991968,0.000428131150572275,-3.18345571542659e-05
0.34717834521959,-1.61702158825895,-0.000665019692496327,0.000393006667618101,-3.18179254463431e-05
0.34717834521959,-1.61702158825895,-0.000665019692496327,0.000393006667618101,-3.18179254463431e-05
0.346513325527094,-1.61662858159134,-0.000648200216164185,0.000358326234974449,-3.16853480841919e-05
0.346513325527094,-1.61662858159134,-0.000648200216164185,0.000358326234974449,-3.16853480841919e-05
0.34586512531093,-1.61627025535636,-0.000630485129827163,0.00032421939943772,-3.14417223942328e-05
0.34586512531093,-1.61627025535636,-0.000630485129827163,0.00032421939943772,-3.14417223942328e-05
0.345234640181103,-1.61594603595692,-0.000611935335344926,0.000290811549042758,-3.10928021598221e-05
0.345234640181103,-1.61594603595692,-0.000611935335344926,0.000290811549042758,-3.10928021598221e-05
0.344622704845758,-1.61565522440788,-0.000592614188901219,0.00025822330493197,-3.06451982950165e-05
0.344622704845758,-1.61565522440788,-0.000592614188901219,0.00025822330493197,-3.06451982950165e-05
0.344030090656857,-1.61539700110295,-0.000572587228490129,0.000226569939097976,-3.01063718633157e-05
0.344030090656857,-1.61539700110295,-0.000572587228490129,0.000226569939097976,-3.01063718633157e-05
0.343457503428367,-1.61517043116385,-0.000551921888436779,0.000195960820954078,-2.94846167670284e-05
0.343457503428367,-1.61517043116385,-0.000551921888436779,0.000195960820954078,-2.94846167670284e-05
0.34290558153993,-1.6149744703429,-0.000530687202903057,0.000166498895498801,-2.87890287921247e-05
0.34290558153993,-1.6149744703429,-0.000530687202903057,0.000166498895498801,-2.87890287921247e-05
0.342374894337027,-1.6148079714474,-0.000508953500390263,0.000138280195656648,-2.8029457062878e-05
0.342374894337027,-1.6148079714474,-0.000508953500390263,0.000138280195656648,-2.8029457062878e-05
0.341865940836636,-1.61466969125174,-0.000486792091289823,0.000111393391150294,-2.72164333745929e-05
0.341865940836636,-1.61466969125174,-0.000486792091289823,0.000111393391150294,-2.72164333745929e-05
0.341379148745347,-1.61455829786059,-0.000464274950583377,8.59193760787136e-05,-2.63610746190088e-05
0.341379148745347,-1.61455829786059,-0.000464274950583377,8.59193760787136e-05,-2.63610746190088e-05
0.340914873794763,-1.61447237848451,-0.000441474397792296,6.19308971083754e-05,-2.54749535387667e-05
0.340914873794763,-1.61447237848451,-0.000441474397792296,6.19308971083754e-05,-2.54749535387667e-05
0.340473399396971,-1.6144104475874,-0.000418462776293815,3.94922239974616e-05,-2.45699337374629e-05
0.340473399396971,-1.6144104475874,-0.000418462776293815,3.94922239974616e-05,-2.45699337374629e-05
0.340054936620677,-1.61437095536341,-0.000395312134090831,1.86588638966256e-05,-2.36579661990769e-05
0.340054936620677,-1.61437095536341,-0.000395312134090831,1.86588638966256e-05,-2.36579661990769e-05
0.339659624486586,-1.61435229649951,-0.000372093908083071,-5.2267935335415e-07,-2.27508467355675e-05
0.339659624486586,-1.61435229649951,-0.000372093908083071,-5.2267935335415e-07,-2.27508467355675e-05
0.339287530578503,-1.61435281917886,-0.00034887861381544,-1.80150998820849e-05,-2.185993661941e-05
0.339287530578503,-1.61435281917886,-0.00034887861381544,-1.80150998820849e-05,-2.185993661941e-05
0.338938651964688,-1.61437083427875,-0.000325735542644923,-3.37904376961351e-05,-2.09958520631443e-05
0.338938651964688,-1.61437083427875,-0.000325735542644923,-3.37904376961351e-05,-2.09958520631443e-05
0.338612916422043,-1.61440462471644,-0.000302732468157041,-4.78301793229718e-05,-2.01681315382838e-05
0.338612916422043,-1.61440462471644,-0.000302732468157041,-4.78301793229718e-05,-2.01681315382838e-05
0.338310183953886,-1.61445245489577,-0.00027993536358728,-6.01253108609701e-05,-1.93848925390997e-05
0.338310183953886,-1.61445245489577,-0.00027993536358728,-6.01253108609701e-05,-1.93848925390997e-05
0.338030248590299,-1.61451258020663,-0.000257408131897285,-7.06763233835339e-05,-1.86524902285578e-05
0.338030248590299,-1.61451258020663,-0.000257408131897285,-7.06763233835339e-05,-1.86524902285578e-05
0.337772840458401,-1.61458325653001,-0.000235212350014502,-7.9493170930478e-05,-1.79751882623464e-05
0.337772840458401,-1.61458325653001,-0.000235212350014502,-7.9493170930478e-05,-1.79751882623464e-05
0.337537628108387,-1.61466274970094,-0.000213407028636536,-8.65951814525978e-05,-1.73548455903629e-05
0.337537628108387,-1.61466274970094,-0.000213407028636536,-8.65951814525978e-05,-1.73548455903629e-05
0.33732422107975,-1.61474934488239,-0.000192048388892474,-9.20109213331521e-05,-1.67906104718039e-05
0.33732422107975,-1.61474934488239,-0.000192048388892474,-9.20109213331521e-05,-1.67906104718039e-05
0.337132172690858,-1.61484135580373,-0.00017118965697388,-9.57780143207021e-05,-1.62785913123593e-05
0.337132172690858,-1.61484135580373,-0.00017118965697388,-9.57780143207021e-05,-1.62785913123593e-05
0.336960983033884,-1.61493713381805,-0.000150880877743675,-9.79429159415623e-05,-1.58114384533815e-05
0.336960983033884,-1.61493713381805,-0.000150880877743675,-9.79429159415623e-05,-1.58114384533815e-05
0.33681010215614,-1.61503507673399,-0.000131168748163935,-9.85606445815801e-05,-1.53777108505967e-05
0.33681010215614,-1.61503507673399,-0.000131168748163935,-9.85606445815801e-05,-1.53777108505967e-05
0.336678933407976,-1.61513363737857,-0.000112096471235723,-9.76944707067329e-05,-1.49607952217074e-05
0.336678933407976,-1.61513363737857,-0.000112096471235723,-9.76944707067329e-05,-1.49607952217074e-05
0.33656683693674,-1.61523133184928,-9.37036309885397e-05,-9.54155658057232e-05,-1.45369473362382e-05
0.33656683693674,-1.61523133184928,-9.37036309885397e-05,-9.54155658057232e-05,-1.45369473362382e-05
0.336473133305752,-1.61532674741508,-7.60260889305364e-05,-9.18026128842175e-05,-1.40716463950752e-05
0.336473133305752,-1.61532674741508,-7.60260889305364e-05,-9.18026128842175e-05,-1.40716463950752e-05
0.336397107216821,-1.61541855002797,-5.90959022008786e-05,-8.69413804565067e-05,-1.35127348896173e-05
0.336397107216821,-1.61541855002797,-5.90959022008786e-05,-8.69413804565067e-05,-1.35127348896173e-05
0.336338011314621,-1.61550549140842,-4.29412635232218e-05,-8.09242621064854e-05,-1.27775915429453e-05
0.336338011314621,-1.61550549140842,-4.29412635232218e-05,-8.09242621064854e-05,-1.27775915429453e-05
0.336295070051097,-1.61558641567053,-2.75864629280531e-05,-7.38497839007923e-05,-1.17303901819273e-05
0.336295070051097,-1.61558641567053,-2.75864629280531e-05,-7.38497839007923e-05,-1.17303901819273e-05
0.336267483588169,-1.61566026545443,-1.30518710406702e-05,-6.58220820570765e-05,-1.01496172664462e-05
0.336267483588169,-1.61566026545443,-1.30518710406702e-05,-6.58220820570765e-05,-1.01496172664462e-05
0.336254431717129,-1.61572608753649,6.46056379338678e-07,-5.6950353307661e-05,-7.72020772626217e-06
0.336254431717129,-1.61572608753649,6.46056379338678e-07,-5.6950353307661e-05,-7.72020772626217e-06
0.336255077773508,-1.6157830378898,1.34947530958107e-05,-4.73482806673253e-05,-4.19601791489965e-06
0.336255077773508,-1.6157830378898,1.34947530958107e-05,-4.73482806673253e-05,-4.19601791489965e-06
0.336268572526604,-1.61583038617046,2.54854968098628e-05,-3.71334372868404e-05,1.16453772051019e-07
0.336268572526604,-1.61583038617046,2.54854968098628e-05,-3.71334372868404e-05,1.16453772051019e-07
0.336294058023414,-1.61586751960775,3.66133440404259e-05,-2.64266712541872e-05,4.17247337277209e-06
0.336294058023414,-1.61586751960775,3.66133440404259e-05,-2.64266712541872e-05,4.17247337277209e-06
0.336330671367454,-1.615893946279,4.6877046262217e-05,-1.53514741918492e-05,7.09657223787206e-06
0.336330671367454,-1.615893946279,4.6877046262217e-05,-1.53514741918492e-05,7.09657223787206e-06
0.336377548413716,-1.6159092977532,5.62789482037584e-05,-4.03333667442496e-06,8.82268239268789e-06
0.336377548413716,-1.6159092977532,5.62789482037584e-05,-4.03333667442496e-06,8.82268239268789e-06
0.33643382736192,-1.61591333108987,6.48248693171372e-05,7.40090656070613e-06,9.68105254682647e-06
0.33643382736192,-1.61591333108987,6.48248693171372e-05,7.40090656070613e-06,9.68105254682647e-06
0.336498652231237,-1.61590593018331,7.25239694790991e-05,1.88237385070344e-05,9.97891543806458e-06
0.336498652231237,-1.61590593018331,7.25239694790991e-05,1.88237385070344e-05,9.97891543806458e-06
0.336571176200716,-1.6158871064448,7.93886000857169e-05,3.01076257855915e-05,9.91132760256944e-06
0.336571176200716,-1.6158871064448,7.93886000857169e-05,3.01076257855915e-05,9.91132760256944e-06
0.336650564800802,-1.61585699881902,8.54341417528826e-05,4.11256854180309e-05,9.590373302428e-06
0.336650564800802,-1.61585699881902,8.54341417528826e-05,4.11256854180309e-05,9.590373302428e-06
0.336735998942555,-1.6158158731336,9.0678829908708e-05,5.17523493468453e-05,9.08004934422082e-06
0.336735998942555,-1.6158158731336,9.0678829908708e-05,5.17523493468453e-05,9.08004934422082e-06
0.336826677772464,-1.61576412078425,9.51435695973335e-05,6.1864023570779e-05,8.41811174896606e-06
0.336826677772464,-1.61576412078425,9.51435695973335e-05,6.1864023570779e-05,8.41811174896606e-06
0.336921821342061,-1.61570225676068,9.88517408622158e-05,7.13397387837045e-05,7.62810901016162e-06
0.336921821342061,-1.61570225676068,9.88517408622158e-05,7.13397387837045e-05,7.62810901016162e-06
0.337020673082923,-1.6156309170219,0.00010182899608463,8.00617894221034e-05,6.7258801466836e-06
0.337020673082923,-1.6156309170219,0.00010182899608463,8.00617894221034e-05,6.7258801466836e-06
0.337122502079008,-1.61555085523247,0.000104103050696969,8.791635805383e-05,5.72312460381778e-06
0.337122502079008,-1.61555085523247,0.000104103050696969,8.791635805383e-05,5.72312460381778e-06
0.337226605129705,-1.61546293887442,0.000105703468672669,9.47941221325355e-05,4.62943116697062e-06
0.337226605129705,-1.61546293887442,0.000105703468672669,9.47941221325355e-05,4.62943116697062e-06
0.337332308598377,-1.61536814475229,0.000106661444216283,0.00010059084013192,3.45348901793178e-06
0.337332308598377,-1.61536814475229,0.000106661444216283,0.00010059084013192,3.45348901793178e-06
0.337438970042594,-1.61526755391216,0.000107009581061746,0.00010520791424895,2.2038675275921e-06
0.337438970042594,-1.61526755391216,0.000107009581061746,0.00010520791424895,2.2038675275921e-06
0.337545979623655,-1.61516234599791,0.000106781670771272,0.000108552926872729,8.89585807805298e-07
0.337545979623655,-1.61516234599791,0.000106781670771272,0.000108552926872729,8.89585807805298e-07
0.337652761294427,-1.61505379307103,0.000106012471388361,0.000110540148163141,-4.79383027510025e-07
0.337652761294427,-1.61505379307103,0.000106012471388361,0.000110540148163141,-4.79383027510025e-07
0.337758773765815,-1.61494325292287,0.00010473748778056,0.000111091012138687,-1.89155098816076e-06
0.337758773765815,-1.61494325292287,0.00010473748778056,0.000111091012138687,-1.89155098816076e-06
0.337863511253596,-1.61483216191073,0.000102992754965947,0.000110134558846564,-3.33315693181526e-06
0.337863511253596,-1.61483216191073,0.000102992754965947,0.000110134558846564,-3.33315693181526e-06
0.337966504008562,-1.61472202735189,0.000100814625662859,0.000107607840328594,-4.78699990442543e-06
0.337966504008562,-1.61472202735189,0.000100814625662859,0.000107607840328594,-4.78699990442543e-06
0.338067318634224,-1.61461441951156,9.8239563241731e-05,0.000103456288218506,-6.23049591034496e-06
0.338067318634224,-1.61461441951156,9.8239563241731e-05,0.000103456288218506,-6.23049591034496e-06
0.338165558197466,-1.61451096322334,9.53039412049383e-05,9.76340409477583e-05,-7.63226032053356e-06
0.338165558197466,-1.61451096322334,9.53039412049383e-05,9.76340409477583e-05,-7.63226032053356e-06
0.338260862138671,-1.61441332918239,9.20438502635124e-05,9.01042287209108e-05,-8.94582433841451e-06
0.338260862138671,-1.61441332918239,9.20438502635124e-05,9.01042287209108e-05,-8.94582433841451e-06
0.338352905988935,-1.61432322495367,8.84949139849933e-05,8.08392146476322e-05,-1.00976182648803e-05
0.338352905988935,-1.61432322495367,8.84949139849933e-05,8.08392146476322e-05,-1.00976182648803e-05
0.33844140090292,-1.61424238573902,8.469211391815e-05,6.98207905374115e-05,-1.09632807544105e-05
0.33844140090292,-1.61424238573902,8.469211391815e-05,6.98207905374115e-05,-1.09632807544105e-05
0.338526093016838,-1.61417256494849,8.06696250348349e-05,5.70403260669039e-05,-1.13207986012751e-05
0.338526093016838,-1.61417256494849,8.06696250348349e-05,5.70403260669039e-05,-1.13207986012751e-05
0.338606762641873,-1.61411552462242,7.64606622322694e-05,4.24988702918405e-05,-1.07651864533101e-05
0.338606762641873,-1.61411552462242,7.64606622322694e-05,4.24988702918405e-05,-1.07651864533101e-05
0.338683223304105,-1.61407302575213,7.20973385656687e-05,2.62072046106621e-05,-8.60845795521202e-06
0.338683223304105,-1.61407302575213,7.20973385656687e-05,2.62072046106621e-05,-8.60845795521202e-06
0.33875532064267,-1.61404681854752,6.7610535774365e-05,8.18584659700861e-06,-4.02768090353525e-06
0.33875532064267,-1.61404681854752,6.7610535774365e-05,8.18584659700861e-06,-4.02768090353525e-06
0.338822931178445,-1.61403863270092,6.30297875818808e-05,-1.15349957126032e-05,2.94598651956061e-06
0.338822931178445,-1.61403863270092,6.30297875818808e-05,-1.15349957126032e-05,2.94598651956061e-06
0.338885960966027,-1.61405016769663,5.83831761700182e-05,-3.29155192266839e-05,1.04946876424901e-05
0.338885960966027,-1.61405016769663,5.83831761700182e-05,-3.29155192266839e-05,1.04946876424901e-05
0.338944344142197,-1.61408308321586,5.36972421222859e-05,-5.59064707816859e-05,1.66782360591731e-05
0.338944344142197,-1.61408308321586,5.36972421222859e-05,-5.59064707816859e-05,1.66782360591731e-05
0.338998041384319,-1.61413898968664,4.89969080524899e-05,-8.04493413981699e-05,2.1131151677309e-05
0.338998041384319,-1.61413898968664,4.89969080524899e-05,-8.04493413981699e-05,2.1131151677309e-05
0.339047038292372,-1.61421943902804,4.43054160235712e-05,-0.000106476609176731,2.4330423653325e-05
0.339047038292372,-1.61421943902804,4.43054160235712e-05,-0.000106476609176731,2.4330423653325e-05
0.339091343708395,-1.61432591563722,3.96442787888862e-05,-0.000133912030046757,2.67435620455592e-05
0.339091343708395,-1.61432591563722,3.96442787888862e-05,-0.000133912030046757,2.67435620455592e-05
0.339130987987184,-1.61445982766726,3.50332447855983e-05,-0.00016267097526268,2.86579272416553e-05
0.339130987987184,-1.61445982766726,3.50332447855983e-05,-0.00016267097526268,2.86579272416553e-05
0.33916602123197,-1.61462249864252,3.04902767266357e-05,-0.000192660814304135,3.02317524383513e-05
0.33916602123197,-1.61462249864252,3.04902767266357e-05,-0.000192660814304135,3.02317524383513e-05
0.339196511508696,-1.61481515945683,2.60315435849923e-05,-0.000223781341560647,3.15508364048107e-05
0.339196511508696,-1.61481515945683,2.60315435849923e-05,-0.000223781341560647,3.15508364048107e-05
0.339222543052281,-1.61503894079839,2.16714256376926e-05,-0.00025592524493212,3.26621800164343e-05
0.339222543052281,-1.61503894079839,2.16714256376926e-05,-0.00025592524493212,3.26621800164343e-05
0.339244214477919,-1.61529486604332,1.74225321712962e-05,-0.000288978614248592,3.35918298208679e-05
0.339244214477919,-1.61529486604332,1.74225321712962e-05,-0.000288978614248592,3.35918298208679e-05
0.33926163701009,-1.61558384465757,1.32957313994653e-05,-0.000322821487150682,3.43542672442464e-05
0.33926163701009,-1.61558384465757,1.32957313994653e-05,-0.000322821487150682,3.43542672442464e-05
0.33927493274149,-1.61590666614472,9.30019203310151e-06,-0.000357328429870796,3.49574698319746e-05
0.33927493274149,-1.61590666614472,9.30019203310151e-06,-0.000357328429870796,3.49574698319746e-05
0.339284232933523,-1.61626399457459,5.44343591252217e-06,-0.000392369150066241,3.54057349662903e-05
0.339284232933523,-1.61626399457459,5.44343591252217e-06,-0.000392369150066241,3.54057349662903e-05
0.339289676369435,-1.61665636372466,1.73140103310043e-06,-0.000427809138701774,3.57013138348269e-05
0.339289676369435,-1.61665636372466,1.73140103310043e-06,-0.000427809138701774,3.57013138348269e-05
0.339291407770468,-1.61708417286336,-1.83148575161329e-06,-0.000463510337733508,3.58453910243277e-05
0.339291407770468,-1.61708417286336,-1.83148575161329e-06,-0.000463510337733508,3.58453910243277e-05
0.339289576284717,-1.61754768320109,-5.24222713343958e-06,-0.000499331830192684,3.58386913157657e-05
0.339289576284717,-1.61754768320109,-5.24222713343958e-06,-0.000499331830192684,3.58386913157657e-05
0.339284334057583,-1.61804701503129,-8.49916566691977e-06,-0.000535130549084606,3.56818664842265e-05
0.339284334057583,-1.61804701503129,-8.49916566691977e-06,-0.000535130549084606,3.56818664842265e-05
0.339275834891916,-1.61858214558037,-1.16018868753787e-05,-0.000570762001275371,3.5375747886301e-05
0.339275834891916,-1.61858214558037,-1.16018868753787e-05,-0.000570762001275371,3.5375747886301e-05
0.339264233005041,-1.61915290758165,-1.45511160185574e-05,-0.000606081002525238,3.49215141895291e-05
0.339264233005041,-1.61915290758165,-1.45511160185574e-05,-0.000606081002525238,3.49215141895291e-05
0.339249681889022,-1.61975898858417,-1.73486094582342e-05,-0.000640942419620316,3.43208036203473e-05
0.339249681889022,-1.61975898858417,-1.73486094582342e-05,-0.000640942419620316,3.43208036203473e-05
0.339232333279564,-1.62039993100379,-1.99970415543094e-05,-0.000675201915488977,3.35757885846166e-05
0.339232333279564,-1.62039993100379,-1.99970415543094e-05,-0.000675201915488977,3.35757885846166e-05
0.33921233623801,-1.62107513291928,-2.24998880611893e-05,-0.00070871669309458,3.26892238467489e-05
0.33921233623801,-1.62107513291928,-2.24998880611893e-05,-0.00070871669309458,3.26892238467489e-05
0.339189836349949,-1.62178384961237,-2.48613070044645e-05,-0.000741346233876117,3.16644753434353e-05
0.339189836349949,-1.62178384961237,-2.48613070044645e-05,-0.000741346233876117,3.16644753434353e-05
0.339164975042944,-1.62252519584625,-2.7086018013045e-05,-0.000772953026433099,3.05055343497636e-05
0.339164975042944,-1.62252519584625,-2.7086018013045e-05,-0.000772953026433099,3.05055343497636e-05
0.339137889024931,-1.62329814887268,-2.91791810628217e-05,-0.000803403281212089,2.92170200552991e-05
0.339137889024931,-1.62329814887268,-2.91791810628217e-05,-0.000803403281212089,2.92170200552991e-05
0.339108709843868,-1.6241015521539,-3.11462756333869e-05,-0.000832567626917413,2.7804172759081e-05
0.339108709843868,-1.6241015521539,-3.11462756333869e-05,-0.000832567626917413,2.7804172759081e-05
0.339077563568235,-1.62493411978081,-3.2992981209401e-05,-0.000860321784492468,2.62728392006124e-05
0.339077563568235,-1.62493411978081,-3.2992981209401e-05,-0.000860321784492468,2.62728392006124e-05
0.339044570587026,-1.62579444156531,-3.47250600767346e-05,-0.000886547214601574,2.46294511004001e-05
0.339044570587026,-1.62579444156531,-3.47250600767346e-05,-0.000886547214601574,2.46294511004001e-05
0.339009845526949,-1.62668098877991,-3.63482433113904e-05,-0.000911131734618431,2.28809978129062e-05
0.339009845526949,-1.62668098877991,-3.63482433113904e-05,-0.000911131734618431,2.28809978129062e-05
0.338973497283638,-1.62759212051453,-3.78681208538789e-05,-0.000933970101323123,2.10349937239964e-05
0.338973497283638,-1.62759212051453,-3.78681208538789e-05,-0.000933970101323123,2.10349937239964e-05
0.338935629162784,-1.62852609061585,-3.92900365295823e-05,-0.000954964555634819,1.90994410868416e-05
0.338935629162784,-1.62852609061585,-3.92900365295823e-05,-0.000954964555634819,1.90994410868416e-05
0.338896339126254,-1.62948105517148,-4.06189888111363e-05,-0.000974025326033745,1.70827887049671e-05
0.338896339126254,-1.62948105517148,-4.06189888111363e-05,-0.000974025326033745,1.70827887049671e-05
0.338855720137443,-1.63045508049752,-4.18595380871079e-05,-0.000991071087462103,1.49938869516918e-05
0.338855720137443,-1.63045508049752,-4.18595380871079e-05,-0.000991071087462103,1.49938869516918e-05
0.338813860599356,-1.63144615158498,-4.30157211572801e-05,-0.00100602937277894,1.28419396244772e-05
0.338813860599356,-1.63144615158498,-4.30157211572801e-05,-0.00100602937277894,1.28419396244772e-05
0.338770844878199,-1.63245218095776,-4.40909736143524e-05,-0.00101883693418792,1.06364530830273e-05
0.338770844878199,-1.63245218095776,-4.40909736143524e-05,-0.00101883693418792,1.06364530830273e-05
0.338726753904584,-1.63347101789195,-4.50880607097415e-05,-0.00102944005238625,8.38718309319501e-06
0.338726753904584,-1.63347101789195,-4.50880607097415e-05,-0.00102944005238625,8.38718309319501e-06
0.338681665843874,-1.63450045794433,-4.60090172498817e-05,-0.00103779479151034,6.10407982295862e-06
0.338681665843874,-1.63450045794433,-4.60090172498817e-05,-0.00103779479151034,6.10407982295862e-06
0.338635656826625,-1.63553825273584,-4.68550970109671e-05,-0.00104386719832372,3.79723144567192e-06
0.338635656826625,-1.63553825273584,-4.68550970109671e-05,-0.00104386719832372,3.79723144567192e-06
0.338588801729614,-1.63658211993417,-4.76267320873025e-05,-0.00104763344448622,1.47680682880563e-06
0.338588801729614,-1.63658211993417,-4.76267320873025e-05,-0.00104763344448622,1.47680682880563e-06
0.338541174997526,-1.63762975337865,-4.83235025064976e-05,-0.00104907991116887,-8.47002267596268e-07
0.338541174997526,-1.63762975337865,-4.83235025064976e-05,-0.00104907991116887,-8.47002267596268e-07
0.33849285149502,-1.63867883328982,-4.89441163989413e-05,-0.00104820321565691,-3.16403901609759e-06
0.33849285149502,-1.63867883328982,-4.89441163989413e-05,-0.00104820321565691,-3.16403901609759e-06
0.338443907378621,-1.63972703650548,-4.94864009056295e-05,-0.00104501018000969,-5.46423886656601e-06
0.338443907378621,-1.63972703650548,-4.94864009056295e-05,-0.00104501018000969,-5.46423886656601e-06
0.338394420977715,-1.64077204668549,-4.99473039569653e-05,-0.00103951774231192,-7.73768600457613e-06
0.338394420977715,-1.64077204668549,-4.99473039569653e-05,-0.00103951774231192,-7.73768600457613e-06
0.338344473673758,-1.6418115644278,-5.03229069598876e-05,-0.00103175281142076,-9.97466848984686e-06
0.338344473673758,-1.6418115644278,-5.03229069598876e-05,-0.00103175281142076,-9.97466848984686e-06
0.338294150766798,-1.64284331723922,-5.06084483750113e-05,-0.00102175206651012,-1.21657316164132e-05
0.338294150766798,-1.64284331723922,-5.06084483750113e-05,-0.00102175206651012,-1.21657316164132e-05
0.338243542318423,-1.64386506930573,-5.07983580781413e-05,-0.00100956170313582,-1.43017290936168e-05
0.338243542318423,-1.64386506930573,-5.07983580781413e-05,-0.00100956170313582,-1.43017290936168e-05
0.338192743960345,-1.64487463100887,-5.08863023326867e-05,-0.000995237127906723,-1.63738716857343e-05
0.338192743960345,-1.64487463100887,-5.08863023326867e-05,-0.000995237127906723,-1.63738716857343e-05
0.338141857658013,-1.64586986813677,-5.08652390969755e-05,-0.000978842604168362,-1.83737729372705e-05
0.338141857658013,-1.64586986813677,-5.08652390969755e-05,-0.000978842604168362,-1.83737729372705e-05
0.338090992418916,-1.64684871074094,-5.07274833591587e-05,-0.000960450851429151,-2.02934915880577e-05
0.338090992418916,-1.64684871074094,-5.07274833591587e-05,-0.000960450851429151,-2.02934915880577e-05
0.338040264935556,-1.64780916159237,-5.04647820853132e-05,-0.000940142601602245,-2.2125570404882e-05
0.338040264935556,-1.64780916159237,-5.04647820853132e-05,-0.000940142601602245,-2.2125570404882e-05
0.337989800153471,-1.64874930419397,-5.00683983123418e-05,-0.000918006115343983,-2.38630711155494e-05
0.337989800153471,-1.64874930419397,-5.00683983123418e-05,-0.000918006115343983,-2.38630711155494e-05
0.337939731755159,-1.64966731030932,-4.95292038346085e-05,-0.000894136662006328,-2.54996051598662e-05
0.337939731755159,-1.64966731030932,-4.95292038346085e-05,-0.000894136662006328,-2.54996051598662e-05
0.337890202551324,-1.65056144697132,-4.88377798967821e-05,-0.000868635966907227,-2.70293599490356e-05
0.337890202551324,-1.65056144697132,-4.88377798967821e-05,-0.000868635966907227,-2.70293599490356e-05
0.337841364771427,-1.65143008293823,-4.79845252070454e-05,-0.000841611629809336,-2.84471203245827e-05
0.337841364771427,-1.65143008293823,-4.79845252070454e-05,-0.000841611629809336,-2.84471203245827e-05
0.33779338024622,-1.65227169456804,-4.69597705426428e-05,-0.000813176518644543,-2.97482849587645e-05
0.33779338024622,-1.65227169456804,-4.69597705426428e-05,-0.000813176518644543,-2.97482849587645e-05
0.337746420475678,-1.65308487108669,-4.57538991571194e-05,-0.000783448142566368,-3.09288773322631e-05
0.337746420475678,-1.65308487108669,-4.57538991571194e-05,-0.000783448142566368,-3.09288773322631e-05
0.337700666576521,-1.65386831922925,-4.43574721558093e-05,-0.000752548008486675,-3.19855508365446e-05
0.337700666576521,-1.65386831922925,-4.43574721558093e-05,-0.000752548008486675,-3.19855508365446e-05
0.337656309104365,-1.65462086723774,-4.27613579587205e-05,-0.000720600965306462,-3.29155874841646e-05
0.337656309104365,-1.65462086723774,-4.27613579587205e-05,-0.000720600965306462,-3.29155874841646e-05
0.337613547746406,-1.65534146820304,-4.0956864935271e-05,-0.000687734540004925,-3.37168894537664e-05
0.337613547746406,-1.65534146820304,-4.0956864935271e-05,-0.000687734540004925,-3.37168894537664e-05
0.337572590881471,-1.65602920274305,-3.89358762351022e-05,-0.000654078269720637,-3.43879623082215e-05
0.337572590881471,-1.65602920274305,-3.89358762351022e-05,-0.000654078269720637,-3.43879623082215e-05
0.337533655005236,-1.65668328101277,-3.66909858138253e-05,-0.000619763033943954,-3.49278882635887e-05
0.337533655005236,-1.65668328101277,-3.66909858138253e-05,-0.000619763033943954,-3.49278882635887e-05
0.337496964019422,-1.65730304404671,-3.42156346589961e-05,-0.000584920390808374,-3.53362869522562e-05
0.337496964019422,-1.65730304404671,-3.42156346589961e-05,-0.000584920390808374,-3.53362869522562e-05
0.337462748384763,-1.65788796443752,-3.15042461551118e-05,-0.000549681921364398,-3.56132596717936e-05
0.337462748384763,-1.65788796443752,-3.15042461551118e-05,-0.000549681921364398,-3.56132596717936e-05
0.337431244138608,-1.65843764635889,-2.85523595433546e-05,-0.000514178585586889,-3.5759310758911e-05
0.337431244138608,-1.65843764635889,-2.85523595433546e-05,-0.000514178585586889,-3.5759310758911e-05
0.337402691779064,-1.65895182494447,-2.53567604136529e-05,-0.000478540093642899,-3.57752354344545e-05
0.337402691779064,-1.65895182494447,-2.53567604136529e-05,-0.000478540093642899,-3.57752354344545e-05
0.337377335018651,-1.65943036503812,-2.19156071661897e-05,-0.000442894295853202,-3.56619563319125e-05
0.337377335018651,-1.65943036503812,-2.19156071661897e-05,-0.000442894295853202,-3.56619563319125e-05
0.337355419411485,-1.65987325933397,-1.82285523797621e-05,-0.000407366594525671,-3.54202776803405e-05
0.337355419411485,-1.65987325933397,-1.82285523797621e-05,-0.000407366594525671,-3.54202776803405e-05
0.337337190859105,-1.6602806259285,-1.42968580475467e-05,-0.000372079380616785,-3.50505012957358e-05
0.337337190859105,-1.6602806259285,-1.42968580475467e-05,-0.000372079380616785,-3.50505012957358e-05
0.337322894001057,-1.66065270530911,-1.01235036512048e-05,-0.000337151497972865,-3.45518000263339e-05
0.337322894001057,-1.66065270530911,-1.01235036512048e-05,-0.000337151497972865,-3.45518000263339e-05
0.337312770497406,-1.66098985680709,-5.71328606591148e-06,-0.000302697737684765,-3.3921144985461e-05
0.337312770497406,-1.66098985680709,-5.71328606591148e-06,-0.000302697737684765,-3.3921144985461e-05
0.33730705721134,-1.66129255454477,-1.07291031603562e-06,-0.000268828364756724,-3.31513680770171e-05
0.33730705721134,-1.66129255454477,-1.07291031603562e-06,-0.000268828364756724,-3.31513680770171e-05
0.337305984301024,-1.66156138290953,3.78892973107448e-06,-0.000235648679089762,-3.22274495323688e-05
0.337305984301024,-1.66156138290953,3.78892973107448e-06,-0.000235648679089762,-3.22274495323688e-05
0.337309773230755,-1.66179703158862,8.86148164125355e-06,-0.000203258612510915,-3.1118916334414e-05
0.337309773230755,-1.66179703158862,8.86148164125355e-06,-0.000203258612510915,-3.1118916334414e-05
0.337318634712396,-1.66200029020113,1.41318765025655e-05,-0.000171752363340216,-2.97630741825158e-05
0.337318634712396,-1.66200029020113,1.41318765025655e-05,-0.000171752363340216,-2.97630741825158e-05
0.337332766588899,-1.66217204256447,1.95850835933986e-05,-0.000141218069622084,-2.80249059757856e-05
0.337332766588899,-1.66217204256447,1.95850835933986e-05,-0.000141218069622084,-2.80249059757856e-05
0.337352351672492,-1.66231326063409,2.52038783692954e-05,-0.000111737521961697,-2.55937985758665e-05
0.337352351672492,-1.66231326063409,2.52038783692954e-05,-0.000111737521961697,-2.55937985758665e-05
0.337377555550862,-1.66242499815605,3.09688244087836e-05,-8.33859166009532e-05,-2.17161031410373e-05
0.337377555550862,-1.66242499815605,3.09688244087836e-05,-8.33859166009532e-05,-2.17161031410373e-05
0.33740852437527,-1.66250838407265,3.68582698949127e-05,-5.62316491623527e-05,-1.47347582627403e-05
0.33740852437527,-1.66250838407265,3.68582698949127e-05,-5.62316491623527e-05,-1.47347582627403e-05
0.337445382645165,-1.66256461572181,4.28483591332074e-05,-3.03361491824639e-05,-3.24982110982375e-06
0.337445382645165,-1.66256461572181,4.28483591332074e-05,-3.03361491824639e-05,-3.24982110982375e-06
0.337488231004299,-1.662594951871,4.89130595265341e-05,-5.75375530842415e-06,8.48015783056418e-06
0.337488231004299,-1.662594951871,4.89130595265341e-05,-5.75375530842415e-06,8.48015783056418e-06
0.337537144063825,-1.66260070562631,5.50242043239613e-05,1.74683691744892e-05,1.49554203555026e-05
0.337537144063825,-1.66260070562631,5.50242043239613e-05,1.74683691744892e-05,1.49554203555026e-05
0.337592168268149,-1.66258323725713,6.11515513955219e-05,3.92902810868456e-05,1.72357801242123e-05
0.337592168268149,-1.66258323725713,6.11515513955219e-05,3.92902810868456e-05,1.72357801242123e-05
0.337653319819545,-1.66254394697604,6.72628581543933e-05,5.96792631424314e-05,1.75767233699575e-05
0.337653319819545,-1.66254394697604,6.72628581543933e-05,5.96792631424314e-05,1.75767233699575e-05
0.337720582677699,-1.6624842677129,7.33239726696255e-05,7.86097918255013e-05,1.70668999105599e-05
0.337720582677699,-1.6624842677129,7.33239726696255e-05,7.86097918255013e-05,1.70668999105599e-05
0.337793906650369,-1.66240565792108,7.92989409032496e-05,9.60634685280848e-05,1.6150813884237e-05
0.337793906650369,-1.66240565792108,7.92989409032496e-05,9.60634685280848e-05,1.6150813884237e-05
0.337873205591272,-1.66230959445255,8.51501299185542e-05,0.000112028915368434,1.50217284307579e-05
0.337873205591272,-1.66230959445255,8.51501299185542e-05,0.000112028915368434,1.50217284307579e-05
0.33795835572119,-1.66219756553718,9.08383667722612e-05,0.000126501637194965,1.37728821071647e-05
0.33795835572119,-1.66219756553718,9.08383667722612e-05,0.000126501637194965,1.37728821071647e-05
0.338049194087963,-1.66207106389998,9.63230927225056e-05,0.000139483851570033,1.24541243170191e-05
0.338049194087963,-1.66207106389998,9.63230927225056e-05,0.000139483851570033,1.24541243170191e-05
0.338145517180685,-1.66193158004841,0.000101562532271671,0.00015098428847593,1.10947091627502e-05
0.338145517180685,-1.66193158004841,0.000101562532271671,0.00015098428847593,1.10947091627502e-05
0.338247079712957,-1.66178059575994,0.000106513876441672,0.000161017961731957,9.7132696638138e-06
0.338247079712957,-1.66178059575994,0.000106513876441672,0.000161017961731957,9.7132696638138e-06
0.338353593589398,-1.66161957779821,0.000111133479589187,0.000169605914221771,8.32253102112037e-06
0.338353593589398,-1.66161957779821,0.000111133479589187,0.000169605914221771,8.32253102112037e-06
0.338464727068988,-1.66144997188399,0.000115377068951261,0.000176774939039559,6.93169333074119e-06
0.338464727068988,-1.66144997188399,0.000115377068951261,0.000176774939039559,6.93169333074119e-06
0.338580104137939,-1.66127319694495,0.000119199966021499,0.00018255727883365,5.54771022537524e-06
0.338580104137939,-1.66127319694495,0.000119199966021499,0.00018255727883365,5.54771022537524e-06
0.33869930410396,-1.66109063966611,0.000122557318746608,0.00018699030560132,4.17601404959387e-06
0.33869930410396,-1.66109063966611,0.000122557318746608,0.00018699030560132,4.17601404959387e-06
0.338821861422707,-1.66090364936051,0.000125404343458813,0.00019011618324738,2.82095054107316e-06
0.338821861422707,-1.66090364936051,0.000125404343458813,0.00019011618324738,2.82095054107316e-06
0.338947265766166,-1.66071353317726,0.000127696575345615,0.000191981515267337,1.48605580564231e-06
0.338947265766166,-1.66071353317726,0.000127696575345615,0.000191981515267337,1.48605580564231e-06
0.339074962341511,-1.660521551662,0.000129390126168472,0.000192636979976069,1.74246056085692e-07
0.339074962341511,-1.660521551662,0.000129390126168472,0.000192636979976069,1.74246056085692e-07
0.33920435246768,-1.66032891468202,0.000130441947879034,0.000192136955590172,-1.11204028745821e-06
0.33920435246768,-1.66032891468202,0.000130441947879034,0.000192136955590172,-1.11204028745821e-06
0.339334794415559,-1.66013677772643,0.000130810100707368,0.000190539137528756,-2.37072450545085e-06
0.339334794415559,-1.66013677772643,0.000130810100707368,0.000190539137528756,-2.37072450545085e-06
0.339465604516266,-1.6599462385889,0.000130454024208249,0.000187904150238838,-3.59997781343601e-06
0.339465604516266,-1.6599462385889,0.000130454024208249,0.000187904150238838,-3.59997781343601e-06
0.339596058540475,-1.65975833443866,0.000129334809700121,0.000184295155813974,-4.79810763561402e-06
0.339596058540475,-1.65975833443866,0.000129334809700121,0.000184295155813974,-4.79810763561402e-06
0.339725393350175,-1.65957403928285,0.000127415472485903,0.000179777461666752,-5.96342794605047e-06
0.339725393350175,-1.65957403928285,0.000127415472485903,0.000179777461666752,-5.96342794605047e-06
0.339852808822661,-1.65939426182118,0.000124661222193789,0.000174418129360587,-7.09409862289441e-06
0.339852808822661,-1.65939426182118,0.000124661222193789,0.000174418129360587,-7.09409862289441e-06
0.339977470044854,-1.65921984369182,0.00012103972954064,0.000168285586719996,-8.18791176973588e-06
0.339977470044854,-1.65921984369182,0.00012103972954064,0.000168285586719996,-8.18791176973588e-06
0.340098509774395,-1.6590515581051,0.000116521387798663,0.000161449245198897,-9.24198889807419e-06
0.340098509774395,-1.6590515581051,0.000116521387798663,0.000161449245198897,-9.24198889807419e-06
0.340215031162194,-1.6588901088599,0.000111079567218952,0.000153979124436487,-1.02523262771642e-05
0.340215031162194,-1.6588901088599,0.000111079567218952,0.000153979124436487,-1.02523262771642e-05
0.340326110729413,-1.65873612973547,0.000104690860675771,0.000145945485754195,-1.12130740391475e-05
0.340326110729413,-1.65873612973547,0.000104690860675771,0.000145945485754195,-1.12130740391475e-05
0.340430801590088,-1.65859018424971,9.73353187934123e-05,0.000137418476310103,-1.21153314747602e-05
0.340430801590088,-1.65859018424971,9.73353187934123e-05,0.000137418476310103,-1.21153314747602e-05
0.340528136908882,-1.6584527657734,8.89966728397362e-05,0.000128467785480924,-1.29450257235409e-05
0.340528136908882,-1.6584527657734,8.89966728397362e-05,0.000128467785480924,-1.29450257235409e-05
0.340617133581722,-1.65832429798792,7.96625436915166e-05,0.000119162314925925,-1.36789711588258e-05
0.340617133581722,-1.65832429798792,7.96625436915166e-05,0.000119162314925925,-1.36789711588258e-05
0.340696796125413,-1.65820513567299,6.93246352160282e-05,0.000109569863663728,-1.42771310122119e-05
0.340696796125413,-1.65820513567299,6.93246352160282e-05,0.000109569863663728,-1.42771310122119e-05
0.340766120760629,-1.65809556580933,5.7978910463885e-05,9.97568293668039e-05,-1.46665381703246e-05
0.340766120760629,-1.65809556580933,5.7978910463885e-05,9.97568293668039e-05,-1.46665381703246e-05
0.340824099671093,-1.65799580897996,4.56257491413536e-05,8.978792692238e-05,-1.47061509393895e-05
0.340824099671093,-1.65799580897996,4.56257491413536e-05,8.978792692238e-05,-1.47061509393895e-05
0.340869725420234,-1.65790602105304,3.22700848870427e-05,7.97259252618421e-05,-1.41084766071564e-05
0.340869725420234,-1.65790602105304,3.22700848870427e-05,7.97259252618421e-05,-1.41084766071564e-05
0.340901995505121,-1.65782629512778,1.79215209817341e-05,6.9631403248227e-05,-1.22817154844677e-05
0.340901995505121,-1.65782629512778,1.79215209817341e-05,6.9631403248227e-05,-1.22817154844677e-05
0.340919917026103,-1.65775666372453,2.59442320582615e-06,5.95625252626242e-05,-8.18812020241329e-06
0.340919917026103,-1.65775666372453,2.59442320582615e-06,5.95625252626242e-05,-8.18812020241329e-06
0.340922511449309,-1.65769710119927,-1.36920113325001e-05,4.95748370599181e-05,-1.09777306655854e-06
0.340922511449309,-1.65769710119927,-1.36920113325001e-05,4.95748370599181e-05,-1.09777306655854e-06
0.340908819437976,-1.65764752636221,-3.09137104407831e-05,3.97210823341876e-05,7.1834471617471e-06
0.340908819437976,-1.65764752636221,-3.09137104407831e-05,3.97210823341876e-05,7.1834471617471e-06
0.340877905727536,-1.65760780527987,-4.90417090851514e-05,3.0051040215584e-05,1.35789039752747e-05
0.340877905727536,-1.65760780527987,-4.90417090851514e-05,3.0051040215584e-05,1.35789039752747e-05
0.340828864018451,-1.65757775423966,-6.80421584297597e-05,2.06113839238409e-05,1.75231377129442e-05
0.340828864018451,-1.65757775423966,-6.80421584297597e-05,2.06113839238409e-05,1.75231377129442e-05
0.340760821860021,-1.65755714285574,-8.78763623041734e-05,1.14455605668695e-05,1.99132400210552e-05
0.340760821860021,-1.65755714285574,-8.78763623041734e-05,1.14455605668695e-05,1.99132400210552e-05
0.340672945497717,-1.65754569729517,-0.000108500841573766,2.59369203292614e-06,2.14698816696786e-05
0.340672945497717,-1.65754569729517,-0.000108500841573766,2.59369203292614e-06,2.14698816696786e-05
0.340564444656143,-1.65754310360314,-0.000129867426723218,-5.90750323437028e-06,2.25676322233962e-05
0.340564444656143,-1.65754310360314,-0.000129867426723218,-5.90750323437028e-06,2.25676322233962e-05
0.34043457722942,-1.65754901110637,-0.000151923378797547,-1.40247678448446e-05,2.33889111152262e-05
0.34043457722942,-1.65754901110637,-0.000151923378797547,-1.40247678448446e-05,2.33889111152262e-05
0.340282653850622,-1.65756303587421,-0.000174611538672487,-2.17283428916026e-05,2.40249156846244e-05
0.340282653850622,-1.65756303587421,-0.000174611538672487,-2.17283428916026e-05,2.40249156846244e-05
0.34010804231195,-1.65758476421711,-0.000197870504434539,-2.89919857312526e-05,2.45232518047532e-05
0.34010804231195,-1.65758476421711,-0.000197870504434539,-2.89919857312526e-05,2.45232518047532e-05
0.339910171807515,-1.65761375620284,-0.00022163483645854,-3.57929686489733e-05,2.49097180034238e-05
0.339910171807515,-1.65761375620284,-0.00022163483645854,-3.57929686489733e-05,2.49097180034238e-05
0.339688536971056,-1.65764954917149,-0.000245835289596597,-4.21120591302948e-05,2.51986302482172e-05
0.339688536971056,-1.65764954917149,-0.000245835289596597,-4.21120591302948e-05,2.51986302482172e-05
0.33944270168146,-1.65769166123062,-0.000270399071687633,-4.79334824556865e-05,2.53979770651477e-05
0.33944270168146,-1.65769166123062,-0.000270399071687633,-4.79334824556865e-05,2.53979770651477e-05
0.339172302609772,-1.65773959471307,-0.000295250127423874,-5.32448674532837e-05,2.55121361425647e-05
0.339172302609772,-1.65773959471307,-0.000295250127423874,-5.32448674532837e-05,2.55121361425647e-05
0.338877052482348,-1.65779283958053,-0.000320309446403599,-5.80371762839427e-05,2.55433818157323e-05
0.338877052482348,-1.65779283958053,-0.000320309446403599,-5.80371762839427e-05,2.55433818157323e-05
0.338556743035945,-1.65785087675681,-0.000345495394001527,-6.23046192227417e-05,2.54927632204108e-05
0.338556743035945,-1.65785087675681,-0.000345495394001527,-6.23046192227417e-05,2.54927632204108e-05
0.338211247641943,-1.65791318137603,-0.000370724063531502,-6.60445554399036e-05,2.53606396650457e-05
0.338211247641943,-1.65791318137603,-0.000370724063531502,-6.60445554399036e-05,2.53606396650457e-05
0.337840523578412,-1.65797922593147,-0.000395909647992132,-6.92573808189767e-05,2.51470212194793e-05
0.337840523578412,-1.65797922593147,-0.000395909647992132,-6.92573808189767e-05,2.51470212194793e-05
0.33744461393042,-1.65804848331229,-0.000420964829505321,-7.19464038720918e-05,2.48517941149735e-05
0.33744461393042,-1.65804848331229,-0.000420964829505321,-7.19464038720918e-05,2.48517941149735e-05
0.337023649100914,-1.65812042971616,-0.000445801184416894,-7.41177108336544e-05,2.44748752790465e-05
0.337023649100914,-1.65812042971616,-0.000445801184416894,-7.41177108336544e-05,2.44748752790465e-05
0.336577847916497,-1.658194547427,-0.000470329601846009,-7.57800210435811e-05,2.40163215686787e-05
0.336577847916497,-1.658194547427,-0.000470329601846009,-7.57800210435811e-05,2.40163215686787e-05
0.336107518314651,-1.65827032744804,-0.000494460713354572,-7.69445337969188e-05,2.34764088039005e-05
0.336107518314651,-1.65827032744804,-0.000494460713354572,-7.69445337969188e-05,2.34764088039005e-05
0.335613057601297,-1.65834727198184,-0.000518105331266616,-7.76247677671815e-05,2.28556898147047e-05
0.335613057601297,-1.65834727198184,-0.000518105331266616,-7.76247677671815e-05,2.28556898147047e-05
0.33509495227003,-1.6584248967496,-0.000541174893060103,-7.78363941291715e-05,2.21550372394778e-05
0.33509495227003,-1.6584248967496,-0.000541174893060103,-7.78363941291715e-05,2.21550372394778e-05
0.33455377737697,-1.65850273314373,-0.00056358190915734,-7.75970644979473e-05,2.13756747520327e-05
0.33455377737697,-1.65850273314373,-0.00056358190915734,-7.75970644979473e-05,2.13756747520327e-05
0.333990195467813,-1.65858033020823,-0.000585240411367371,-7.69262348558897e-05,2.05191990757327e-05
0.333990195467813,-1.65858033020823,-0.000585240411367371,-7.69262348558897e-05,2.05191990757327e-05
0.333404955056445,-1.65865725644309,-0.00060606639915689,-7.58449865023714e-05,1.95875944405578e-05
0.333404955056445,-1.65865725644309,-0.00060606639915689,-7.58449865023714e-05,1.95875944405578e-05
0.332798888657289,-1.65873310142959,-0.000625978280917538,-7.43758451875465e-05,1.85832405334781e-05
0.332798888657289,-1.65873310142959,-0.000625978280917538,-7.43758451875465e-05,1.85832405334781e-05
0.332172910376371,-1.65880747727478,-0.000644897307342684,-7.2542599408143e-05,1.75089147583542e-05
0.332172910376371,-1.65880747727478,-0.000644897307342684,-7.2542599408143e-05,1.75089147583542e-05
0.331528013069028,-1.65888001987419,-0.000662747994043478,-7.03701188768946e-05,1.6367789401129e-05
0.331528013069028,-1.65888001987419,-0.000662747994043478,-7.03701188768946e-05,1.6367789401129e-05
0.330865265074985,-1.65895038999306,-0.000679458530558619,-6.7884174191235e-05,1.51634241547337e-05
0.330865265074985,-1.65895038999306,-0.000679458530558619,-6.7884174191235e-05,1.51634241547337e-05
0.330185806544426,-1.65901827416725,-0.000694961172960584,-6.51112586111946e-05,1.38997543995936e-05
0.330185806544426,-1.65901827416725,-0.000694961172960584,-6.51112586111946e-05,1.38997543995936e-05
0.329490845371466,-1.65908338542587,-0.000709192617341814,-6.20784128262386e-05,1.2581075564158e-05
0.329490845371466,-1.65908338542587,-0.000709192617341814,-6.20784128262386e-05,1.2581075564158e-05
0.328781652754124,-1.65914546383869,-0.000722094351546521,-5.88130535503772e-05,1.12120238840508e-05
0.328781652754124,-1.65914546383869,-0.000722094351546521,-5.88130535503772e-05,1.12120238840508e-05
0.328059558402577,-1.65920427689224,-0.000733612982641962,-5.53428067329165e-05,9.79755386436407e-06
0.328059558402577,-1.65920427689224,-0.000733612982641962,-5.53428067329165e-05,9.79755386436407e-06
0.327325945419935,-1.65925961969897,-0.000743700537775616,-5.16953460878433e-05,8.34291273248914e-06
0.327325945419935,-1.65925961969897,-0.000743700537775616,-5.16953460878433e-05,8.34291273248914e-06
0.32658224488216,-1.65931131504506,-0.000752314736217008,-4.78982376885817e-05,6.85361216491633e-06
0.32658224488216,-1.65931131504506,-0.000752314736217008,-4.78982376885817e-05,6.85361216491633e-06
0.325829930145943,-1.65935921328275,-0.000759419230567826,-4.39787912254186e-05,5.33539761469017e-06
0.325829930145943,-1.65935921328275,-0.000759419230567826,-4.39787912254186e-05,5.33539761469017e-06
0.325070510915375,-1.65940319207398,-0.000764983815360276,-3.99639184174294e-05,3.79421553893414e-06
0.325070510915375,-1.65940319207398,-0.000764983815360276,-3.99639184174294e-05,3.79421553893414e-06
0.324305527100015,-1.65944315599239,-0.000768984601473177,-3.58799991644343e-05,2.23617883761287e-06
0.324305527100015,-1.65944315599239,-0.000768984601473177,-3.58799991644343e-05,2.23617883761287e-06
0.323536542498541,-1.65947903599156,-0.000771404155045341,-3.17527558451047e-05,6.6753083719721e-07
0.323536542498541,-1.65947903599156,-0.000771404155045341,-3.17527558451047e-05,6.6753083719721e-07
0.322765138343496,-1.6595107887474,-0.000772231599834805,-2.76071361429153e-05,-9.05391842293143e-07
0.322765138343496,-1.6595107887474,-0.000772231599834805,-2.76071361429153e-05,-9.05391842293143e-07
0.321992906743661,-1.65953839588355,-0.00077146268225603,-2.34672047187967e-05,-2.47619721655055e-06
0.321992906743661,-1.65953839588355,-0.00077146268225603,-2.34672047187967e-05,-2.47619721655055e-06
0.321221444061405,-1.65956186308827,-0.000769099798598183,-1.93560439876173e-05,-4.03847631715579e-06
0.321221444061405,-1.65956186308827,-0.000769099798598183,-1.93560439876173e-05,-4.03847631715579e-06
0.320452344262807,-1.65958121913225,-0.000765151984229162,-1.52956641692459e-05,-5.58584169796275e-06
0.320452344262807,-1.65958121913225,-0.000765151984229162,-1.52956641692459e-05,-5.58584169796275e-06
0.319687192278578,-1.65959651479642,-0.000759634864872905,-1.13069227742901e-05,-7.11196571654652e-06
0.319687192278578,-1.65959651479642,-0.000759634864872905,-1.13069227742901e-05,-7.11196571654652e-06
0.318927557413705,-1.6596078217192,-0.000752570570363598,-7.40945361044076e-06,-8.61061830885284e-06
0.318927557413705,-1.6596078217192,-0.000752570570363598,-7.40945361044076e-06,-8.61061830885284e-06
0.318174986843341,-1.65961523117281,-0.000743987611529828,-3.621605319859e-06,-1.00757038996343e-05
0.318174986843341,-1.65961523117281,-0.000743987611529828,-3.621605319859e-06,-1.00757038996343e-05
0.317430999231812,-1.65961885277813,-0.00073392072118883,3.96105628297505e-08,-1.15012971950923e-05
0.317430999231812,-1.65961885277813,-0.00073392072118883,3.96105628297505e-08,-1.15012971950923e-05
0.316697078510623,-1.65961881316756,-0.000722410660458028,3.55856213207772e-06,-1.28816775725894e-05
0.316697078510623,-1.65961881316756,-0.000722410660458028,3.55856213207772e-06,-1.28816775725894e-05
0.315974667850165,-1.65961525460543,-0.000709503991851324,6.9210302924283e-06,-1.42113618067368e-05
0.315974667850165,-1.65961525460543,-0.000709503991851324,6.9210302924283e-06,-1.42113618067368e-05
0.315265163858313,-1.65960833357514,-0.000695252820866132,1.01142327995074e-05,-1.54851348916901e-05
0.315265163858313,-1.65960833357514,-0.000695252820866132,1.01142327995074e-05,-1.54851348916901e-05
0.314569911037447,-1.65959821934234,-0.000679714507985207,1.31268393896988e-05,-1.66980787579496e-05
0.314569911037447,-1.65959821934234,-0.000679714507985207,1.31268393896988e-05,-1.66980787579496e-05
0.313890196529462,-1.65958509250295,-0.000662951353199048,1.5948978225877e-05,-1.78455986999283e-05
0.313890196529462,-1.65958509250295,-0.000662951353199048,1.5948978225877e-05,-1.78455986999283e-05
0.313227245176263,-1.65956914352472,-0.000645030255317702,1.85722339856031e-05,-1.89234473237502e-05
0.313227245176263,-1.65956914352472,-0.000645030255317702,1.85722339856031e-05,-1.89234473237502e-05
0.312582214920945,-1.65955057129074,-0.000626022348510724,2.09896379177454e-05,-1.99277458607347e-05
0.312582214920945,-1.65955057129074,-0.000626022348510724,2.09896379177454e-05,-1.99277458607347e-05
0.311956192572435,-1.65952958165282,-0.000606002618646184,2.31956502414477e-05,-2.08550027542231e-05
0.311956192572435,-1.65952958165282,-0.000606002618646184,2.31956502414477e-05,-2.08550027542231e-05
0.311350189953788,-1.65950638600258,-0.000585049502068613,2.51861352473792e-05,-2.17021293916504e-05
0.311350189953788,-1.65950638600258,-0.000585049502068613,2.51861352473792e-05,-2.17021293916504e-05
0.31076514045172,-1.65948119986733,-0.000563244469552804,2.69583295480214e-05,-2.24664528756005e-05
0.31076514045172,-1.65948119986733,-0.000563244469552804,2.69583295480214e-05,-2.24664528756005e-05
0.310201895982167,-1.65945424153778,-0.000540671598241671,2.85108038959869e-05,-2.31457257803168e-05
0.310201895982167,-1.65945424153778,-0.000540671598241671,2.85108038959869e-05,-2.31457257803168e-05
0.309661224383925,-1.65942573073389,-0.000517417134381193,2.98434190428853e-05,-2.37381328293724e-05
0.309661224383925,-1.65942573073389,-0.000517417134381193,2.98434190428853e-05,-2.37381328293724e-05
0.309143807249544,-1.65939588731485,-0.00049356904966924,3.09572760601728e-05,-2.4242294386471e-05
0.309143807249544,-1.65939588731485,-0.00049356904966924,3.09572760601728e-05,-2.4242294386471e-05
0.308650238199875,-1.65936493003878,-0.000469216594045085,3.18546617157356e-05,-2.46572666852521e-05
0.308650238199875,-1.65936493003878,-0.000469216594045085,3.18546617157356e-05,-2.46572666852521e-05
0.30818102160583,-1.65933307537707,-0.000444449847700812,3.25389893354178e-05,-2.49825386486801e-05
0.30818102160583,-1.65933307537707,-0.000444449847700812,3.25389893354178e-05,-2.49825386486801e-05
0.307736571758129,-1.65930053638773,-0.000419359275055597,3.30147356417676e-05,-2.52180250953639e-05
0.307736571758129,-1.65930053638773,-0.000419359275055597,3.30147356417676e-05,-2.52180250953639e-05
0.307317212483073,-1.65926752165209,-0.00039403528335219,3.32873740946926e-05,-2.5364055993507e-05
0.307317212483073,-1.65926752165209,-0.00039403528335219,3.32873740946926e-05,-2.5364055993507e-05
0.306923177199721,-1.659234234278,-0.0003685677884398,3.3363305255163e-05,-2.54213611779768e-05
0.306923177199721,-1.659234234278,-0.0003685677884398,3.3363305255163e-05,-2.54213611779768e-05
0.306554609411281,-1.65920087097274,-0.000343045790212715,3.32497846455837e-05,-2.5391049536626e-05
0.306554609411281,-1.65920087097274,-0.000343045790212715,3.32497846455837e-05,-2.5391049536626e-05
0.306211563621069,-1.6591676211881,-0.000317556960064247,3.29548485957787e-05,-2.52745809900919e-05
0.306211563621069,-1.6591676211881,-0.000317556960064247,3.29548485957787e-05,-2.52745809900919e-05
0.305894006661004,-1.6591346663395,-0.000292187242557307,3.24872385855102e-05,-2.50737282576445e-05
0.305894006661004,-1.6591346663395,-0.000292187242557307,3.24872385855102e-05,-2.50737282576445e-05
0.305601819418447,-1.65910217910092,-0.000267020473384449,3.185632456848e-05,-2.47905229756522e-05
0.305601819418447,-1.65910217910092,-0.000267020473384449,3.185632456848e-05,-2.47905229756522e-05
0.305334798945063,-1.65907032277635,-0.00024213801555889,3.10720277545418e-05,-2.44271761078592e-05
0.305334798945063,-1.65907032277635,-0.00024213801555889,3.10720277545418e-05,-2.44271761078592e-05
0.305092660929504,-1.65903925074859,-0.000217618415572274,3.01447432722313e-05,-2.39859529424842e-05
0.305092660929504,-1.65903925074859,-0.000217618415572274,3.01447432722313e-05,-2.39859529424842e-05
0.304875042513931,-1.65900910600532,-0.00019353708110631,2.90852631563698e-05,-2.34689623731374e-05
0.304875042513931,-1.65900910600532,-0.00019353708110631,2.90852631563698e-05,-2.34689623731374e-05
0.304681505432825,-1.65898002074216,-0.000169965981716702,2.79047000850685e-05,-2.28777727500602e-05
0.304681505432825,-1.65898002074216,-0.000169965981716702,2.79047000850685e-05,-2.28777727500602e-05
0.304511539451108,-1.65895211604208,-0.000146973373718218,2.66144122644807e-05,-2.22126484581742e-05
0.304511539451108,-1.65895211604208,-0.000146973373718218,2.66144122644807e-05,-2.22126484581742e-05
0.30436456607739,-1.65892550162981,-0.000124623550338099,2.52259298640922e-05,-2.14708775555424e-05
0.30436456607739,-1.65892550162981,-0.000124623550338099,2.52259298640922e-05,-2.14708775555424e-05
0.304239942527052,-1.65890027569995,-0.000102976617988138,2.37508832889866e-05,-2.06426582135829e-05
0.304239942527052,-1.65890027569995,-0.000102976617988138,2.37508832889866e-05,-2.06426582135829e-05
0.304136965909064,-1.65887652481666,-8.20882993469163e-05,2.22009336923179e-05,-1.96993863693097e-05
0.304136965909064,-1.65887652481666,-8.20882993469163e-05,2.22009336923179e-05,-1.96993863693097e-05
0.304054877609717,-1.65885432388297,-6.20097637376027e-05,2.05877059924475e-05,-1.85530548147775e-05
0.304054877609717,-1.65885432388297,-6.20097637376027e-05,2.05877059924475e-05,-1.85530548147775e-05
0.30399286784598,-1.65883373617698,-4.27874851363086e-05,1.89227247038293e-05,-1.68704470434122e-05
0.30399286784598,-1.65883373617698,-4.27874851363086e-05,1.89227247038293e-05,-1.68704470434122e-05
0.303950080360843,-1.65881481345227,-2.4463127960006e-05,1.7217352763943e-05,-1.28925643312204e-05
0.303950080360843,-1.65881481345227,-2.4463127960006e-05,1.7217352763943e-05,-1.28925643312204e-05
0.303925617232883,-1.65879759609951,-7.07346059708458e-06,1.54827336502628e-05,-4.11092727131041e-07
0.303925617232883,-1.65879759609951,-7.07346059708458e-06,1.54827336502628e-05,-4.11092727131041e-07
0.303918543772286,-1.65878211336586,9.34970350807696e-06,1.37297369651179e-05,1.0907806049281e-05
0.303918543772286,-1.65878211336586,9.34970350807696e-06,1.37297369651179e-05,1.0907806049281e-05
0.303927893475794,-1.65876838362889,2.47795375573068e-05,1.19689076951701e-05,1.29836016665913e-05
0.303927893475794,-1.65876838362889,2.47795375573068e-05,1.19689076951701e-05,1.29836016665913e-05
0.303952673013351,-1.6587564147212,3.91942064022488e-05,1.02104192232222e-05,1.27514476358488e-05
0.303952673013351,-1.6587564147212,3.91942064022488e-05,1.02104192232222e-05,1.27514476358488e-05
0.303991867219754,-1.65874620430197,5.25768455029163e-05,8.46403028287313e-06,1.20106015987118e-05
0.303991867219754,-1.65874620430197,5.25768455029163e-05,8.46403028287313e-06,1.20106015987118e-05
0.304044444065257,-1.65873774027169,6.49155146270619e-05,6.73904591819152e-06,1.11055223572283e-05
0.304044444065257,-1.65873774027169,6.49155146270619e-05,6.73904591819152e-06,1.11055223572283e-05
0.304109359579884,-1.65873100122577,7.62031271951957e-05,5.04428251080213e-06,1.01338319367908e-05
0.304109359579884,-1.65873100122577,7.62031271951957e-05,5.04428251080213e-06,1.01338319367908e-05
0.304185562707079,-1.65872595694326,8.64373563139176e-05,3.38803692789824e-06,9.13331834549785e-06
0.304185562707079,-1.65872595694326,8.64373563139176e-05,3.38803692789824e-06,9.13331834549785e-06
0.304272000063393,-1.65872256890633,9.56205186257719e-05,1.77805985024371e-06,8.1226250340763e-06
0.304272000063393,-1.65872256890633,9.56205186257719e-05,1.77805985024371e-06,8.1226250340763e-06
0.304367620582019,-1.65872079084648,0.000103759437214523,2.21533187350076e-07,7.11294187457875e-06
0.304367620582019,-1.65872079084648,0.000103759437214523,2.21533187350076e-07,7.11294187457875e-06
0.304471380019233,-1.6587205693133,0.000110865284885575,-1.27494839197162e-06,6.11208029061053e-06
0.304471380019233,-1.6587205693133,0.000110865284885575,-1.27494839197162e-06,6.11208029061053e-06
0.304582245304119,-1.65872184426169,0.000116953409199871,-2.70539185920349e-06,5.12610497009232e-06
0.304582245304119,-1.65872184426169,0.000116953409199871,-2.70539185920349e-06,5.12610497009232e-06
0.304699198713319,-1.65872454965355,0.000122043140745376,-4.06441627243126e-06,4.16005772739607e-06
0.304699198713319,-1.65872454965355,0.000122043140745376,-4.06441627243126e-06,4.16005772739607e-06
0.304821241854064,-1.65872861406982,0.00012615758614487,-5.3472593279924e-06,3.21830435296225e-06
0.304821241854064,-1.65872861406982,0.00012615758614487,-5.3472593279924e-06,3.21830435296225e-06
0.304947399440209,-1.65873396132915,0.00012932340737315,-6.54978015734997e-06,2.30471072457997e-06
0.304947399440209,-1.65873396132915,0.00012932340737315,-6.54978015734997e-06,2.30471072457997e-06
0.305076722847582,-1.65874051110931,0.000131570588948637,-7.66845844735187e-06,1.42273626766232e-06
0.305076722847582,-1.65874051110931,0.000131570588948637,-7.66845844735187e-06,1.42273626766232e-06
0.305208293436531,-1.65874817956775,0.000132932194633728,-8.70039007105916e-06,5.7548525762434e-07
0.305208293436531,-1.65874817956775,0.000132932194633728,-8.70039007105916e-06,5.7548525762434e-07
0.305341225631164,-1.65875687995782,0.00013344411524574,-9.64327938235421e-06,-2.34264123637564e-07
0.305341225631164,-1.65875687995782,0.00013344411524574,-9.64327938235421e-06,-2.34264123637564e-07
0.30547466974641,-1.65876652323721,0.00013314480920873,-1.04954283173253e-05,-1.00404269060339e-06
0.30547466974641,-1.65876652323721,0.00013314480920873,-1.04954283173253e-05,-1.00404269060339e-06
0.305607814555619,-1.65877701866552,0.000132075037459212,-1.12557224818399e-05,-1.7316795285831e-06
0.305607814555619,-1.65877701866552,0.000132075037459212,-1.12557224818399e-05,-1.7316795285831e-06
0.305739889593078,-1.65878827438801,0.000130277594306283,-1.19236144151547e-05,-2.41529448418031e-06
0.305739889593078,-1.65878827438801,0.000130277594306283,-1.19236144151547e-05,-2.41529448418031e-06
0.305870167187384,-1.65880019800242,0.000127797035815558,-1.24991042647071e-05,-3.05329202023738e-06
0.305870167187384,-1.65880019800242,0.000127797035815558,-1.24991042647071e-05,-3.05329202023738e-06
0.3059979642232,-1.65881269710669,0.000124679407245865,-1.29827180692654e-05,-3.64435526383451e-06
0.3059979642232,-1.65881269710669,0.000124679407245865,-1.29827180692654e-05,-3.64435526383451e-06
0.306122643630446,-1.65882567982476,0.000120971971046768,-1.33754838467226e-05,-4.18743950879637e-06
0.306122643630446,-1.65882567982476,0.000120971971046768,-1.33754838467226e-05,-4.18743950879637e-06
0.306243615601492,-1.6588390553086,0.000116722936846114,-1.36789057036957e-05,-4.68176456950629e-06
0.306243615601492,-1.6588390553086,0.000116722936846114,-1.36789057036957e-05,-4.68176456950629e-06
0.306360338538339,-1.65885273421431,0.000111981194822863,-1.38949362122887e-05,-5.1268054608513e-06
0.306360338538339,-1.65885273421431,0.000111981194822863,-1.38949362122887e-05,-5.1268054608513e-06
0.306472319733161,-1.65886662915052,0.000106796053798319,-1.40259472685145e-05,-5.5222808096924e-06
0.306472319733161,-1.65886662915052,0.000106796053798319,-1.40259472685145e-05,-5.5222808096924e-06
0.30657911578696,-1.65888065509779,0.000101216985299357,-1.40746996570851e-05,-5.86813817189097e-06
0.30657911578696,-1.65888065509779,0.000101216985299357,-1.40746996570851e-05,-5.86813817189097e-06
0.306680332772259,-1.65889472979744,9.52933747616069e-05,-1.40443115441702e-05,-6.16453491042264e-06
0.306680332772259,-1.65889472979744,9.52933747616069e-05,-1.40443115441702e-05,-6.16453491042264e-06
0.306775626147021,-1.65890877410899,8.90742809970257e-05,-1.39382261035159e-05,-6.41181243818223e-06
0.306775626147021,-1.65890877410899,8.90742809970257e-05,-1.39382261035159e-05,-6.41181243818223e-06
0.306864700428018,-1.65892271233509,8.26082049514842e-05,-1.37601785086261e-05,-6.61045992152652e-06
0.306864700428018,-1.65892271233509,8.26082049514842e-05,-1.37601785086261e-05,-6.61045992152652e-06
0.306947308632969,-1.6589364725136,7.59428686905594e-05,-1.35141625048352e-05,-6.76106022718213e-06
0.306947308632969,-1.6589364725136,7.59428686905594e-05,-1.35141625048352e-05,-6.76106022718213e-06
0.30702325150166,-1.6589499866761,6.91250054656867e-05,-1.32043967642215e-05,-6.86420416972139e-06
0.30702325150166,-1.6589499866761,6.91250054656867e-05,-1.32043967642215e-05,-6.86420416972139e-06
0.307092376507126,-1.65896319107287,6.22001616276124e-05,-1.28352912076579e-05,-6.92034469693129e-06
0.307092376507126,-1.65896319107287,6.22001616276124e-05,-1.28352912076579e-05,-6.92034469693129e-06
0.307154576668753,-1.65897602636408,5.52125110642177e-05,-1.24114135449105e-05,-6.92952980038738e-06
0.307154576668753,-1.65897602636408,5.52125110642177e-05,-1.24114135449105e-05,-6.92952980038738e-06
0.307209789179817,-1.65898843777762,4.82046827570692e-05,-1.19374561717844e-05,-6.89087206281008e-06
0.307209789179817,-1.65898843777762,4.82046827570692e-05,-1.19374561717844e-05,-6.89087206281008e-06
0.307257993862574,-1.65900037523379,4.12176019535804e-05,-1.14182035768629e-05,-6.80139494345539e-06
0.307257993862574,-1.65900037523379,4.12176019535804e-05,-1.14182035768629e-05,-6.80139494345539e-06
0.307299211464528,-1.65901179343737,3.42903453529053e-05,-1.08585004932049e-05,-6.65324116719496e-06
0.307299211464528,-1.65901179343737,3.42903453529053e-05,-1.08585004932049e-05,-6.65324116719496e-06
0.307333501809881,-1.65902265193786,2.74600106285328e-05,-1.02632209488807e-05,-6.42597626100991e-06
0.307333501809881,-1.65902265193786,2.74600106285328e-05,-1.02632209488807e-05,-6.42597626100991e-06
0.307360961820509,-1.65903291515881,2.0761600518393e-05,-9.63723829872087e-06,-6.0616193773489e-06
0.307360961820509,-1.65903291515881,2.0761600518393e-05,-9.63723829872087e-06,-6.0616193773489e-06
0.307381723421028,-1.65904255239711,1.42279216076013e-05,-8.98539644045293e-06,-5.36725493026166e-06
0.307381723421028,-1.65904255239711,1.42279216076013e-05,-8.98539644045293e-06,-5.36725493026166e-06
0.307395951342635,-1.65905153779355,7.88949787627891e-06,-8.31248232313619e-06,-3.63342765550051e-06
0.307395951342635,-1.65905153779355,7.88949787627891e-06,-8.31248232313619e-06,-3.63342765550051e-06
0.307403840840512,-1.65905985027587,1.77449896643367e-06,-7.62319985492255e-06,2.13825400025121e-07
0.307403840840512,-1.65905985027587,1.77449896643367e-06,-7.62319985492255e-06,2.13825400025121e-07
0.307405615339478,-1.65906747347573,-4.09131690920495e-06,-6.92214527653334e-06,3.4658394792008e-06
0.307405615339478,-1.65906747347573,-4.09131690920495e-06,-6.92214527653334e-06,3.4658394792008e-06
0.307401524022569,-1.65907439562101,-9.68464562189908e-06,-6.21378414811247e-06,4.4563156606717e-06
0.307401524022569,-1.65907439562101,-9.68464562189908e-06,-6.21378414811247e-06,4.4563156606717e-06
0.307391839376947,-1.65908060940515,-1.49846655780883e-05,-5.50243002184203e-06,4.57693162705264e-06
0.307391839376947,-1.65908060940515,-1.49846655780883e-05,-5.50243002184203e-06,4.57693162705264e-06
0.307376854711369,-1.65908611183518,-1.99730523047781e-05,-4.79222486027275e-06,4.43081487460803e-06
0.307376854711369,-1.65908611183518,-1.99730523047781e-05,-4.79222486027275e-06,4.43081487460803e-06
0.307356881659064,-1.65909090406004,-2.46339795347272e-05,-4.08712122568211e-06,4.18125319995937e-06
0.307356881659064,-1.65909090406004,-2.46339795347272e-05,-4.08712122568211e-06,4.18125319995937e-06
0.307332247679529,-1.65909499118126,-2.8954107246959e-05,-3.39086628864393e-06,3.88167165972169e-06
0.307332247679529,-1.65909499118126,-2.8954107246959e-05,-3.39086628864393e-06,3.88167165972169e-06
0.307303293572282,-1.65909838204755,-3.29225571686909e-05,-2.70698771420719e-06,3.554066158778e-06
0.307303293572282,-1.65909838204755,-3.29225571686909e-05,-2.70698771420719e-06,3.554066158778e-06
0.307270371015114,-1.65910108903526,-3.65308762659278e-05,-2.03878141724623e-06,3.20952207098724e-06
0.307270371015114,-1.65910108903526,-3.65308762659278e-05,-2.03878141724623e-06,3.20952207098724e-06
0.307233840138848,-1.65910312781668,-3.97729888268472e-05,-1.389301189203e-06,2.85468737786263e-06
0.307233840138848,-1.65910312781668,-3.97729888268472e-05,-1.389301189203e-06,2.85468737786263e-06
0.307194067150021,-1.65910451711787,-4.26451377788517e-05,-7.61350219091739e-07,2.49415705065379e-06
0.307194067150021,-1.65910451711787,-4.26451377788517e-05,-7.61350219091739e-07,2.49415705065379e-06
0.307151422012242,-1.65910527846809,-4.51458158944873e-05,-1.57474499440369e-07,2.13146305822806e-06
0.307151422012242,-1.65910527846809,-4.51458158944873e-05,-1.57474499440369e-07,2.13146305822806e-06
0.307106276196348,-1.65910543594259,-4.72756876092606e-05,4.20041966542328e-07,1.76952510131843e-06
0.307106276196348,-1.65910543594259,-4.72756876092606e-05,4.20041966542328e-07,1.76952510131843e-06
0.307059000508738,-1.65910501590062,-4.90375021661715e-05,9.69180173671091e-07,1.41087092359879e-06
0.307059000508738,-1.65910501590062,-4.90375021661715e-05,9.69180173671091e-07,1.41087092359879e-06
0.307009963006572,-1.65910404672045,-5.04359988362513e-05,1.48818732248479e-06,1.05775000400075e-06
0.307009963006572,-1.65910404672045,-5.04359988362513e-05,1.48818732248479e-06,1.05775000400075e-06
0.306959527007736,-1.65910255853313,-5.14778049858777e-05,1.9755763347451e-06,7.1219467533018e-07
0.306959527007736,-1.65910255853313,-5.14778049858777e-05,1.9755763347451e-06,7.1219467533018e-07
0.30690804920275,-1.65910058295679,-5.21713277761848e-05,2.43012371781148e-06,3.76053963285159e-07
0.30690804920275,-1.65910058295679,-5.21713277761848e-05,2.43012371781148e-06,3.76053963285159e-07
0.306855877874974,-1.65909815283307,-5.25266402586766e-05,2.8508658729276e-06,5.10127774316227e-08
0.306855877874974,-1.65909815283307,-5.25266402586766e-05,2.8508658729276e-06,5.10127774316227e-08
0.306803351234715,-1.6590953019672,-5.25553626724018e-05,3.23709387806126e-06,-2.61396961808994e-07
0.306803351234715,-1.6590953019672,-5.25553626724018e-05,3.23709387806126e-06,-2.61396961808994e-07
0.306750795872043,-1.65909206487332,-5.2270539730781e-05,3.58834688207743e-06,-5.59789666525311e-07
0.306750795872043,-1.65909206487332,-5.2270539730781e-05,3.58834688207743e-06,-5.59789666525311e-07
0.306698525332312,-1.65908847652644,-5.16865146651391e-05,3.90440415487525e-06,-8.42921806737743e-07
0.306698525332312,-1.65908847652644,-5.16865146651391e-05,3.90440415487525e-06,-8.42921806737743e-07
0.306646838817647,-1.65908457212229,-5.08188008047084e-05,4.18527590717588e-06,-1.10968880702923e-06
0.306646838817647,-1.65908457212229,-5.08188008047084e-05,4.18527590717588e-06,-1.10968880702923e-06
0.306596020016842,-1.65908038684638,-4.96839514441683e-05,4.43119295345795e-06,-1.35912231583975e-06
0.306596020016842,-1.65908038684638,-4.96839514441683e-05,4.43119295345795e-06,-1.35912231583975e-06
0.306546336065398,-1.65907595565343,-4.82994287549499e-05,4.64259537213962e-06,-1.5903873693551e-06
0.306546336065398,-1.65907595565343,-4.82994287549499e-05,4.64259537213962e-06,-1.5903873693551e-06
0.306498036636643,-1.65907131305805,-4.6683472440967e-05,4.82012021185696e-06,-1.80277901209535e-06
0.306498036636643,-1.65907131305805,-4.6683472440967e-05,4.82012021185696e-06,-1.80277901209535e-06
0.306451353164202,-1.65906649293784,-4.4854968848651e-05,4.96458836884983e-06,-1.99571802073479e-06
0.306451353164202,-1.65906649293784,-4.4854968848651e-05,4.96458836884983e-06,-1.99571802073479e-06
0.306406498195353,-1.65906152834947,-4.28333211971998e-05,5.07699075469326e-06,-2.168745291687e-06
0.306406498195353,-1.65906152834947,-4.28333211971998e-05,5.07699075469326e-06,-2.168745291687e-06
0.306363664874156,-1.65905645135872,-4.06383215784678e-05,5.15847386872714e-06,-2.32151432325063e-06
0.306363664874156,-1.65905645135872,-4.06383215784678e-05,5.15847386872714e-06,-2.32151432325063e-06
0.306323026552578,-1.65905129288485,-3.82900253259599e-05,5.21032486777706e-06,-2.45378085646843e-06
0.306323026552578,-1.65905129288485,-3.82900253259599e-05,5.21032486777706e-06,-2.45378085646843e-06
0.306284736527252,-1.65904608255998,-3.58086283353543e-05,5.23395623153178e-06,-2.56538813639436e-06
0.306284736527252,-1.65904608255998,-3.58086283353543e-05,5.23395623153178e-06,-2.56538813639436e-06
0.306248927898917,-1.65904084860375,-3.32143478720126e-05,5.23089017079315e-06,-2.6562450626139e-06
0.306248927898917,-1.65904084860375,-3.32143478720126e-05,5.23089017079315e-06,-2.6562450626139e-06
0.306215713551044,-1.65903561771358,-3.05273073752943e-05,5.2027428625312e-06,-2.72629218587539e-06
0.306215713551044,-1.65903561771358,-3.05273073752943e-05,5.2027428625312e-06,-2.72629218587539e-06
0.306185186243669,-1.65903041497072,-2.77674257292415e-05,5.15120862010221e-06,-2.77544577320205e-06
0.306185186243669,-1.65903041497072,-2.77674257292415e-05,5.15120862010221e-06,-2.77544577320205e-06
0.30615741881794,-1.6590252637621,-2.4954311440506e-05,5.07804411253865e-06,-2.80350004564783e-06
0.30615741881794,-1.6590252637621,-2.4954311440506e-05,5.07804411253865e-06,-2.80350004564783e-06
0.306132464506499,-1.65902018571798,-2.21071621005486e-05,4.98505273438532e-06,-2.80994442702616e-06
0.306132464506499,-1.65902018571798,-2.21071621005486e-05,4.98505273438532e-06,-2.80994442702616e-06
0.306110357344399,-1.65901520066525,-1.92446694877724e-05,4.87406919535971e-06,-2.79359549513798e-06
0.306110357344399,-1.65901520066525,-1.92446694877724e-05,4.87406919535971e-06,-2.79359549513798e-06
0.306091112674911,-1.65901032659605,-1.63849306110131e-05,4.74694445973256e-06,-2.75179006907292e-06
0.306091112674911,-1.65901032659605,-1.63849306110131e-05,4.74694445973256e-06,-2.75179006907292e-06
0.3060747277443,-1.6590055796516,-1.35453649685036e-05,4.6055310871651e-06,-2.67843168014044e-06
0.3060747277443,-1.6590055796516,-1.35453649685036e-05,4.6055310871651e-06,-2.67843168014044e-06
0.306061182379332,-1.65900097412051,-1.0742638238137e-05,4.45166908957795e-06,-2.55867759940925e-06
0.306061182379332,-1.65900097412051,-1.0742638238137e-05,4.45166908957795e-06,-2.55867759940925e-06
0.306050439741093,-1.65899652245142,-7.992592598427e-06,4.28717236777842e-06,-2.35254979428578e-06
0.306050439741093,-1.65899652245142,-7.992592598427e-06,4.28717236777842e-06,-2.35254979428578e-06
0.306042447148495,-1.65899223527905,-5.31018382154969e-06,4.11381581377768e-06,-1.94106371168284e-06
0.306042447148495,-1.65899223527905,-5.31018382154969e-06,4.11381581377768e-06,-1.94106371168284e-06
0.306037136964673,-1.65898812146324,-2.70942524449591e-06,3.93332313564088e-06,-1.02332443514153e-06
0.306037136964673,-1.65898812146324,-2.70942524449591e-06,3.93332313564088e-06,-1.02332443514153e-06
0.306034427539429,-1.6589841881401,-2.03338694715338e-07,3.747355476591e-06,4.2787493365023e-07
0.306034427539429,-1.6589841881401,-2.03338694715338e-07,3.747355476591e-06,4.2787493365023e-07
0.306034224200734,-1.65898044078462,2.19608759927103e-06,3.55750085989648e-06,1.42076553453624e-06
0.306034224200734,-1.65898044078462,2.19608759927103e-06,3.55750085989648e-06,1.42076553453624e-06
0.306036420288334,-1.65897688328376,4.47793411562092e-06,3.36526453126318e-06,1.75038952725276e-06
0.306036420288334,-1.65897688328376,4.47793411562092e-06,3.36526453126318e-06,1.75038952725276e-06
0.306040898222449,-1.65897351801923,6.63237820758278e-06,3.17206026445582e-06,1.79744743731745e-06
0.306040898222449,-1.65897351801923,6.63237820758278e-06,3.17206026445582e-06,1.79744743731745e-06
0.306047530600657,-1.65897034595897,8.65071540301354e-06,2.97920265190932e-06,1.73899148769431e-06
0.306047530600657,-1.65897034595897,8.65071540301354e-06,2.97920265190932e-06,1.73899148769431e-06
0.30605618131606,-1.65896736675632,1.05253739389188e-05,2.78790039209831e-06,1.6343107322862e-06
0.30605618131606,-1.65896736675632,1.05253739389188e-05,2.78790039209831e-06,1.6343107322862e-06
0.306066706689999,-1.65896457885592,1.2249922666463e-05,2.59925062207067e-06,1.50572667033368e-06
0.306066706689999,-1.65896457885592,1.2249922666463e-05,2.59925062207067e-06,1.50572667033368e-06
0.306078956612665,-1.6589619796053,1.38190724878196e-05,2.41423429048204e-06,1.36324358697252e-06
0.306078956612665,-1.6589619796053,1.38190724878196e-05,2.41423429048204e-06,1.36324358697252e-06
0.306092775685153,-1.65895956537101,1.52286715089378e-05,2.23371259999716e-06,1.21216483916527e-06
0.306092775685153,-1.65895956537101,1.52286715089378e-05,2.23371259999716e-06,1.21216483916527e-06
0.306108004356662,-1.65895733165841,1.64756941171684e-05,2.05842450240468e-06,1.05576131672158e-06
0.306108004356662,-1.65895733165841,1.64756941171684e-05,2.05842450240468e-06,1.05576131672158e-06
0.306124480050779,-1.65895527323391,1.75582242331607e-05,1.88898525643744e-06,8.96325607683915e-07
0.306124480050779,-1.65895527323391,1.75582242331607e-05,1.88898525643744e-06,8.96325607683915e-07
0.306142038275012,-1.65895338424865,1.84754329863313e-05,1.72588602365131e-06,7.35631745875585e-07
0.306142038275012,-1.65895338424865,1.84754329863313e-05,1.72588602365131e-06,7.35631745875585e-07
0.306160513707999,-1.65895165836263,1.92275511063378e-05,1.56949450902388e-06,5.75152084688471e-07
0.306160513707999,-1.65895165836263,1.92275511063378e-05,1.56949450902388e-06,5.75152084688471e-07
0.306179741259105,-1.65895008886812,1.98158363042267e-05,1.42005661385447e-06,4.16166052378293e-07
0.306179741259105,-1.65895008886812,1.98158363042267e-05,1.42005661385447e-06,4.16166052378293e-07
0.306199557095409,-1.65894866881151,2.02425359636105e-05,1.27769904745278e-06,2.59817228352456e-07
0.306199557095409,-1.65894866881151,2.02425359636105e-05,1.27769904745278e-06,2.59817228352456e-07
0.306219799631373,-1.65894739111246,2.05108454522374e-05,1.14243290516569e-06,1.07144270052099e-07
0.306219799631373,-1.65894739111246,2.05108454522374e-05,1.14243290516569e-06,1.07144270052099e-07
0.306240310476825,-1.65894624867955,2.06248623969008e-05,1.01415817321815e-06,-4.09020366637334e-08
0.306240310476825,-1.65894624867955,2.06248623969008e-05,1.01415817321815e-06,-4.09020366637334e-08
0.306260935339222,-1.65894523452138,2.0589537254867e-05,8.92669075769348e-07,-1.8344933053149e-07
0.306260935339222,-1.65894523452138,2.0589537254867e-05,8.92669075769348e-07,-1.8344933053149e-07
0.306281524876477,-1.65894434185231,2.0410620530209e-05,7.77660264850155e-07,-3.19698479575205e-07
0.306281524876477,-1.65894434185231,2.0410620530209e-05,7.77660264850155e-07,-3.19698479575205e-07
0.306301935497007,-1.65894356419204,2.00946069994767e-05,6.68733738828919e-07,-4.48920763197007e-07
0.306301935497007,-1.65894356419204,2.00946069994767e-05,6.68733738828919e-07,-4.48920763197007e-07
0.306322030104006,-1.6589428954583,1.96486773108018e-05,5.65406483632458e-07,-5.7045636190307e-07
0.306322030104006,-1.6589428954583,1.96486773108018e-05,5.65406483632458e-07,-5.7045636190307e-07
0.306341678781317,-1.65894233005182,1.9080637298996e-05,4.67118733915584e-07,-6.83713441530046e-07
0.306341678781317,-1.65894233005182,1.9080637298996e-05,4.67118733915584e-07,-6.83713441530046e-07
0.306360759418616,-1.65894186293308,1.83988553872916e-05,3.73242836415599e-07,-7.88167382112399e-07
0.306360759418616,-1.65894186293308,1.83988553872916e-05,3.73242836415599e-07,-7.88167382112399e-07
0.306379158274004,-1.65894148969025,1.76121984339361e-05,2.83092596697898e-07,-8.83359773644197e-07
0.306379158274004,-1.65894148969025,1.76121984339361e-05,2.83092596697898e-07,-8.83359773644197e-07
0.306396770472437,-1.65894120659765,1.67299663854092e-05,1.95933048230401e-07,-9.68896821380943e-07
0.306396770472437,-1.65894120659765,1.67299663854092e-05,1.95933048230401e-07,-9.68896821380943e-07
0.306413500438823,-1.6589410106646,1.5761826081484e-05,1.10990611812412e-07,-1.04444666125904e-06
0.306413500438823,-1.6589410106646,1.5761826081484e-05,1.10990611812412e-07,-1.04444666125904e-06
0.306429262264904,-1.65894089967399,1.47177445750102e-05,2.74635227892617e-08,-1.10973485566722e-06
0.306429262264904,-1.65894089967399,1.47177445750102e-05,2.74635227892617e-08,-1.10973485566722e-06
0.306443980009479,-1.65894087221047,1.36079222972652e-05,-5.54675356756462e-08,-1.16453671705607e-06
0.306443980009479,-1.65894087221047,1.36079222972652e-05,-5.54675356756462e-08,-1.16453671705607e-06
0.306457587931777,-1.658940927678,1.24427263955562e-05,-1.38628636348059e-07,-1.20866382058323e-06
0.306457587931777,-1.658940927678,1.24427263955562e-05,-1.38628636348059e-07,-1.20866382058323e-06
0.306470030658172,-1.65894106630664,1.12326245663152e-05,-2.22841772590243e-07,-1.24193916304623e-06
0.306470030658172,-1.65894106630664,1.12326245663152e-05,-2.22841772590243e-07,-1.24193916304623e-06
0.306481263282739,-1.65894128914841,9.98811971358871e-06,-3.0891407365452e-07,-1.26414852810874e-06
0.306481263282739,-1.65894128914841,9.98811971358871e-06,-3.0891407365452e-07,-1.26414852810874e-06
0.306491251402452,-1.65894159806249,8.71968570781423e-06,-3.97627137438405e-07,-1.27493725771952e-06
0.306491251402452,-1.65894159806249,8.71968570781423e-06,-3.97627137438405e-07,-1.27493725771952e-06
0.30649997108816,-1.65894199568962,7.43770456929083e-06,-4.89726573071891e-07,-1.27356842942256e-06
0.30649997108816,-1.65894199568962,7.43770456929083e-06,-4.89726573071891e-07,-1.27356842942256e-06
0.306507408792729,-1.6589424854162,6.15240533902162e-06,-5.85911803074879e-07,-1.25827997799752e-06
0.306507408792729,-1.6589424854162,6.15240533902162e-06,-5.85911803074879e-07,-1.25827997799752e-06
0.306513561198068,-1.658943071328,4.87380490760136e-06,-6.86826199691737e-07,-1.22426652410883e-06
0.306513561198068,-1.658943071328,4.87380490760136e-06,-6.86826199691737e-07,-1.22426652410883e-06
0.306518435002976,-1.6589437581542,3.61165103568428e-06,-7.93047636893363e-07,-1.15573874718291e-06
0.306518435002976,-1.6589437581542,3.61165103568428e-06,-7.93047636893363e-07,-1.15573874718291e-06
0.306522046654012,-1.65894455120184,2.37536780905989e-06,-9.05079544200049e-07,-9.84549760966941e-07
0.306522046654012,-1.65894455120184,2.37536780905989e-06,-9.05079544200049e-07,-9.84549760966941e-07
0.306524422021821,-1.65894545628138,1.17400375176935e-06,-1.02334253204717e-06,-4.09125743527826e-07
0.306524422021821,-1.65894545628138,1.17400375176935e-06,-1.02334253204717e-06,-4.09125743527826e-07
0.306525596025572,-1.65894647962391,1.61828039302314e-08,-1.14816663487893e-06,5.32737024865151e-07
0.306525596025572,-1.65894647962391,1.61828039302314e-08,-1.14816663487893e-06,5.32737024865151e-07
0.306525612208376,-1.65894762779055,-1.08994165143317e-06,-1.2797842388057e-06,8.83598353147182e-07
0.306525612208376,-1.65894762779055,-1.08994165143317e-06,-1.2797842388057e-06,8.83598353147182e-07
0.306524522266725,-1.65894890757479,-2.13672954285649e-06,-1.41832378219853e-06,9.22754804512507e-07
0.306524522266725,-1.65894890757479,-2.13672954285649e-06,-1.41832378219853e-06,9.22754804512507e-07
0.306522385537182,-1.65895032589857,-3.11709348610467e-06,-1.56380423477209e-06,8.87784309725864e-07
0.306522385537182,-1.65895032589857,-3.11709348610467e-06,-1.56380423477209e-06,8.87784309725864e-07
0.306519268443696,-1.6589518897028,-4.02453463965724e-06,-1.71613043109531e-06,8.27658177992291e-07
0.306519268443696,-1.6589518897028,-4.02453463965724e-06,-1.71613043109531e-06,8.27658177992291e-07
0.306515243909056,-1.65895360583323,-4.8531749251568e-06,-1.87508928672919e-06,7.55224763325624e-07
0.306515243909056,-1.65895360583323,-4.8531749251568e-06,-1.87508928672919e-06,7.55224763325624e-07
0.306510390734131,-1.65895548092252,-5.59778548864243e-06,-2.04034695716615e-06,6.75260762541423e-07
0.306510390734131,-1.65895548092252,-5.59778548864243e-06,-2.04034695716615e-06,6.75260762541423e-07
0.306504792948642,-1.65895752126948,-6.25381132629554e-06,-2.2114469890866e-06,5.90167592541719e-07
0.306504792948642,-1.65895752126948,-6.25381132629554e-06,-2.2114469890866e-06,5.90167592541719e-07
0.306498539137316,-1.65895973271647,-6.81739199542841e-06,-2.3878094788099e-06,5.01500713455195e-07
0.306498539137316,-1.65895973271647,-6.81739199542841e-06,-2.3878094788099e-06,5.01500713455195e-07
0.306491721745321,-1.65896212052595,-7.28537835587018e-06,-2.56873121839973e-06,4.10476963820549e-07
0.306491721745321,-1.65896212052595,-7.28537835587018e-06,-2.56873121839973e-06,4.10476963820549e-07
0.306484436366965,-1.65896468925716,-7.65534530960954e-06,-2.75338692024008e-06,3.18172446699472e-07
0.306484436366965,-1.65896468925716,-7.65534530960954e-06,-2.75338692024008e-06,3.18172446699472e-07
0.306476781021655,-1.65896744264409,-7.92560051265934e-06,-2.94083149721125e-06,2.2561190565574e-07
0.306476781021655,-1.65896744264409,-7.92560051265934e-06,-2.94083149721125e-06,2.2561190565574e-07
0.306468855421143,-1.65897038347558,-8.09518905409146e-06,-3.13000341645164e-06,1.33816857948692e-07
0.306468855421143,-1.65897038347558,-8.09518905409146e-06,-3.13000341645164e-06,1.33816857948692e-07
0.306460760232088,-1.658973513479,-8.16389410546181e-06,-3.31972911049583e-06,4.38388612646188e-08
0.306460760232088,-1.658973513479,-8.16389410546181e-06,-3.31972911049583e-06,4.38388612646188e-08
0.306452596337983,-1.65897683320811,-8.13223356410653e-06,-3.50872842802552e-06,-4.32095255756881e-08
0.306452596337983,-1.65897683320811,-8.13223356410653e-06,-3.50872842802552e-06,-4.32095255756881e-08
0.306444464104419,-1.65898034193654,-8.00145273777142e-06,-3.69562113067268e-06,-1.26118176249567e-07
0.306444464104419,-1.65898034193654,-8.00145273777142e-06,-3.69562113067268e-06,-1.26118176249567e-07
0.306436462651681,-1.65898403755767,-7.77351311948005e-06,-3.87893437392428e-06,-2.03530085615574e-07
0.306436462651681,-1.65898403755767,-7.77351311948005e-06,-3.87893437392428e-06,-2.03530085615574e-07
0.306428689138562,-1.65898791649204,-7.45107732136319e-06,-4.05711117701379e-06,-2.73871185751874e-07
0.306428689138562,-1.65898791649204,-7.45107732136319e-06,-4.05711117701379e-06,-2.73871185751874e-07
0.30642123806124,-1.65899197360322,-7.03749025482425e-06,-4.22851982828654e-06,-3.35249162326469e-07
0.30642123806124,-1.65899197360322,-7.03749025482425e-06,-4.22851982828654e-06,-3.35249162326469e-07
0.306414200570985,-1.65899620212305,-6.53675665385212e-06,-4.39146423669712e-06,-3.85309916296995e-07
0.306414200570985,-1.65899620212305,-6.53675665385212e-06,-4.39146423669712e-06,-3.85309916296995e-07
0.306407663814332,-1.65900059358728,-5.95351505916497e-06,-4.544195095324e-06,-4.21043938537693e-07
0.306407663814332,-1.65900059358728,-5.95351505916497e-06,-4.544195095324e-06,-4.21043938537693e-07
0.306401710299272,-1.65900513778238,-5.29300838014723e-06,-4.68492185423663e-06,-4.3855584292448e-07
0.306401710299272,-1.65900513778238,-5.29300838014723e-06,-4.68492185423663e-06,-4.3855584292448e-07
0.306396417290892,-1.65900982270423,-4.56105119578387e-06,-4.8118254285523e-06,-4.328773659828e-07
0.306396417290892,-1.65900982270423,-4.56105119578387e-06,-4.8118254285523e-06,-4.328773659828e-07
0.306391856239697,-1.65901463452966,-3.76399392593152e-06,-4.92307157862193e-06,-3.98069528765594e-07
0.306391856239697,-1.65901463452966,-3.76399392593152e-06,-4.92307157862193e-06,-3.98069528765594e-07
0.306388092245771,-1.65901955760124,-2.90868404301259e-06,-5.01682489639776e-06,-3.28156884172484e-07
0.306388092245771,-1.65901955760124,-2.90868404301259e-06,-5.01682489639776e-06,-3.28156884172484e-07
0.306385183561728,-1.65902457442614,-2.00242449133192e-06,-5.09126329917287e-06,-2.19654916518695e-07
0.306385183561728,-1.65902457442614,-2.00242449133192e-06,-5.09126329917287e-06,-2.19654916518695e-07
0.306383181137236,-1.65902966568944,-1.05292952295999e-06,-5.14459294920222e-06,-7.57237721210192e-08
0.306383181137236,-1.65902966568944,-1.05292952295999e-06,-5.14459294920222e-06,-7.57237721210192e-08
0.306382128207713,-1.65903481028239,-6.82781234329077e-08,-5.17506350972141e-06,9.06132286946404e-08
0.306382128207713,-1.65903481028239,-6.82781234329077e-08,-5.17506350972141e-06,9.06132286946404e-08
0.30638205992959,-1.6590399853459,9.43134748465635e-07,-5.18098367940922e-06,2.58775463205808e-07
0.30638205992959,-1.6590399853459,9.43134748465635e-07,-5.18098367940922e-06,2.58775463205808e-07
0.306383003064338,-1.65904516632957,1.97264888501802e-06,-5.16073687917284e-06,4.08828980348998e-07
0.306383003064338,-1.65904516632957,1.97264888501802e-06,-5.16073687917284e-06,4.08828980348998e-07
0.306384975713223,-1.65905032706645,3.01139130498562e-06,-5.11279697401612e-06,5.28767323598348e-07
0.306384975713223,-1.65905032706645,3.01139130498562e-06,-5.11279697401612e-06,5.28767323598348e-07
0.306387987104528,-1.65905543986343,4.05033024325485e-06,-5.03574393984074e-06,6.15473610377229e-07
0.306387987104528,-1.65905543986343,4.05033024325485e-06,-5.03574393984074e-06,6.15473610377229e-07
0.306392037434772,-1.65906047560737,5.08033039914313e-06,-4.92827941322993e-06,6.71340447926931e-07
0.306392037434772,-1.65906047560737,5.08033039914313e-06,-4.92827941322993e-06,6.71340447926931e-07
0.306397117765171,-1.65906540388678,6.09220920178011e-06,-4.78924195013164e-06,7.00742865160108e-07
0.306397117765171,-1.65906540388678,6.09220920178011e-06,-4.78924195013164e-06,7.00742865160108e-07
0.306403209974372,-1.65907019312873,7.07679383588067e-06,-4.61762195524962e-06,7.08061460190936e-07
0.306403209974372,-1.65907019312873,7.07679383588067e-06,-4.61762195524962e-06,7.08061460190936e-07
0.306410286768208,-1.65907481075069,8.02497875662667e-06,-4.41257614580692e-06,6.96979372794106e-07
0.306410286768208,-1.65907481075069,8.02497875662667e-06,-4.41257614580692e-06,6.96979372794106e-07
0.306418311746965,-1.65907922332683,8.92778344024903e-06,-4.17344139358455e-06,6.70407028103546e-07
0.306418311746965,-1.65907922332683,8.92778344024903e-06,-4.17344139358455e-06,6.70407028103546e-07
0.306427239530405,-1.65908339676823,9.7764100965847e-06,-3.89974788395087e-06,6.30622298695155e-07
0.306427239530405,-1.65908339676823,9.7764100965847e-06,-3.89974788395087e-06,6.30622298695155e-07
0.306437015940502,-1.65908729651611,1.05623010545619e-05,-3.59123147619655e-06,5.79445484596566e-07
0.306437015940502,-1.65908729651611,1.05623010545619e-05,-3.59123147619655e-06,5.79445484596566e-07
0.306447578241556,-1.65909088774759,1.12771955535496e-05,-3.24784517169441e-06,5.18389928436816e-07
0.306447578241556,-1.65909088774759,1.12771955535496e-05,-3.24784517169441e-06,5.18389928436816e-07
0.30645885543711,-1.65909413559276,1.19131856675669e-05,-2.86976955399254e-06,4.48777922763915e-07
0.30645885543711,-1.65909413559276,1.19131856675669e-05,-2.86976955399254e-06,4.48777922763915e-07
0.306470768622778,-1.65909700536231,1.2462771072308e-05,-2.45742213578204e-06,3.71827215595731e-07
0.306470768622778,-1.65909700536231,1.2462771072308e-05,-2.45742213578204e-06,3.71827215595731e-07
0.30648323139385,-1.65909946278445,1.29189123707629e-05,-2.0114654797343e-06,2.88716715112792e-07
0.30648323139385,-1.65909946278445,1.29189123707629e-05,-2.0114654797343e-06,2.88716715112792e-07
0.306496150306221,-1.65910147424993,1.3275082696107e-05,-1.53281400661065e-06,2.00639477090807e-07
0.306496150306221,-1.65910147424993,1.3275082696107e-05,-1.53281400661065e-06,2.00639477090807e-07
0.306509425388917,-1.65910300706393,1.35253173177419e-05,-1.0226394040469e-06,1.08849976112285e-07
0.306509425388917,-1.65910300706393,1.35253173177419e-05,-1.0226394040469e-06,1.08849976112285e-07
0.306522950706234,-1.65910402970334,1.36642609872561e-05,-4.82374560517584e-07,1.4712007769211e-08
0.306522950706234,-1.65910402970334,1.36642609872561e-05,-4.82374560517584e-07,1.4712007769211e-08
0.306536614967222,-1.6591045120779,1.36872127521892e-05,8.62840692228417e-08,-8.02462722533829e-08
0.306536614967222,-1.6591045120779,1.36872127521892e-05,8.62840692228417e-08,-8.02462722533829e-08
0.306550302179974,-1.65910442579383,1.35901679616524e-05,6.8137570585769e-07,-1.74262580786823e-07
0.306550302179974,-1.65910442579383,1.35901679616524e-05,6.8137570585769e-07,-1.74262580786823e-07
0.306563892347936,-1.65910374441812,1.33698572189478e-05,1.30067616765928e-06,-2.65246393461274e-07
0.306563892347936,-1.65910374441812,1.33698572189478e-05,1.30067616765928e-06,-2.65246393461274e-07
0.306577262205154,-1.65910244374196,1.30237820280543e-05,1.94170056411203e-06,-3.50647902005679e-07
0.306577262205154,-1.65910244374196,1.30237820280543e-05,1.94170056411203e-06,-3.50647902005679e-07
0.306590285987183,-1.65910050204139,1.25502468819594e-05,2.60170773191959e-06,-4.2727423802744e-07
0.306590285987183,-1.65910050204139,1.25502468819594e-05,2.60170773191959e-06,-4.2727423802744e-07
0.306602836234064,-1.65909790033366,1.19483875776205e-05,3.27770651042947e-06,-4.91036529638095e-07
0.306602836234064,-1.65909790033366,1.19483875776205e-05,3.27770651042947e-06,-4.91036529638095e-07
0.306614784621642,-1.65909462262715,1.12181955292945e-05,3.96646386913169e-06,-5.36621173511172e-07
0.306614784621642,-1.65909462262715,1.12181955292945e-05,3.96646386913169e-06,-5.36621173511172e-07
0.306626002817171,-1.65909065616328,1.03605378770633e-05,4.66451487723951e-06,-5.57119525674114e-07
0.306626002817171,-1.65909065616328,1.03605378770633e-05,4.66451487723951e-06,-5.57119525674114e-07
0.306636363355048,-1.6590859916484,9.3771731916048e-06,5.36817458929306e-06,-5.437657714677e-07
0.306636363355048,-1.6590859916484,9.3771731916048e-06,5.36817458929306e-06,-5.437657714677e-07
0.30664574052824,-1.65908062347381,8.27076260651038e-06,6.07355180681779e-06,-4.86188397122172e-07
0.30664574052824,-1.65908062347381,8.27076260651038e-06,6.07355180681779e-06,-4.86188397122172e-07
0.306654011290847,-1.65907454992201,7.04487621699945e-06,6.77656465875032e-06,-3.73977298320337e-07
0.306654011290847,-1.65907454992201,7.04487621699945e-06,6.77656465875032e-06,-3.73977298320337e-07
0.306661056167064,-1.65906777335735,5.70399459393078e-06,7.47295799552461e-06,-2.00526098761996e-07
0.306661056167064,-1.65906777335735,5.70399459393078e-06,7.47295799552461e-06,-2.00526098761996e-07
0.306666760161658,-1.65906030039935,4.25350529431601e-06,8.15832260281368e-06,3.11111391698262e-08
0.306666760161658,-1.65906030039935,4.25350529431601e-06,8.15832260281368e-06,3.11111391698262e-08
0.306671013666952,-1.65905214207675,2.69969426497374e-06,8.82811612656909e-06,3.03958051255355e-07
0.306671013666952,-1.65905214207675,2.69969426497374e-06,8.82811612656909e-06,3.03958051255355e-07
0.306673713361217,-1.65904331396062,1.04973204950731e-06,9.47768567471918e-06,5.90074177207905e-07
0.306673713361217,-1.65904331396062,1.04973204950731e-06,9.47768567471918e-06,5.90074177207905e-07
0.306674763093266,-1.65903383627495,-6.88345263011314e-07,1.01022919849481e-05,8.60959412240253e-07
0.306674763093266,-1.65903383627495,-6.88345263011314e-07,1.01022919849481e-05,8.60959412240253e-07
0.306674074748003,-1.65902373398296,-2.50566039639022e-06,1.06971351521157e-05,1.09731886202481e-06
0.306674074748003,-1.65902373398296,-2.50566039639022e-06,1.06971351521157e-05,1.09731886202481e-06
0.306671569087607,-1.65901303684781,-4.39252455036732e-06,1.12573817272477e-05,1.29143350179392e-06
0.306671569087607,-1.65901303684781,-4.39252455036732e-06,1.12573817272477e-05,1.29143350179392e-06
0.306667176563057,-1.65900177946608,-6.33847237208052e-06,1.17781931376904e-05,1.44369125282323e-06
0.306667176563057,-1.65900177946608,-6.33847237208052e-06,1.17781931376904e-05,1.44369125282323e-06
0.306660838090684,-1.65899000127295,-8.33230218821868e-06,1.22547552470209e-05,1.55813730827357e-06
0.306660838090684,-1.65899000127295,-8.33230218821868e-06,1.22547552470209e-05,1.55813730827357e-06
0.306652505788496,-1.6589777465177,-1.03621214561644e-05,1.26823089729999e-05,1.63956849650368e-06
0.306652505788496,-1.6589777465177,-1.03621214561644e-05,1.26823089729999e-05,1.63956849650368e-06
0.30664214366704,-1.65896506420873,-1.24153973341534e-05,1.30561817783814e-05,1.69224332624229e-06
0.30664214366704,-1.65896506420873,-1.24153973341534e-05,1.30561817783814e-05,1.69224332624229e-06
0.306629728269706,-1.65895200802695,-1.44790122473815e-05,1.33718199304411e-05,1.71953442527672e-06
0.306629728269706,-1.65895200802695,-1.44790122473815e-05,1.33718199304411e-05,1.71953442527672e-06
0.306615249257459,-1.65893863620702,-1.65393243292677e-05,1.36248212954104e-05,1.72398306310779e-06
0.306615249257459,-1.65893863620702,-1.65393243292677e-05,1.36248212954104e-05,1.72398306310779e-06
0.306598709933129,-1.65892501138572,-1.858223253981e-05,1.38109685232646e-05,1.70747436515911e-06
0.306598709933129,-1.65892501138572,-1.858223253981e-05,1.38109685232646e-05,1.70747436515911e-06
0.306580127700589,-1.6589112004172,-2.0593246281897e-05,1.39262624787584e-05,1.67141820423016e-06
0.306580127700589,-1.6589112004172,-2.0593246281897e-05,1.39262624787584e-05,1.67141820423016e-06
0.306559534454308,-1.65889727415472,-2.25575592714966e-05,1.39669556806776e-05,1.61689993153161e-06
0.306559534454308,-1.65889727415472,-2.25575592714966e-05,1.39669556806776e-05,1.61689993153161e-06
0.306536976895036,-1.65888330719904,-2.44601274175804e-05,1.39295855534627e-05,1.54479619061015e-06
0.306536976895036,-1.65888330719904,-2.44601274175804e-05,1.39295855534627e-05,1.54479619061015e-06
0.306512516767618,-1.65886937761349,-2.62857504117475e-05,1.38110072736009e-05,1.45586108795163e-06
0.306512516767618,-1.65886937761349,-2.62857504117475e-05,1.38110072736009e-05,1.45586108795163e-06
0.306486231017207,-1.65885556660621,-2.80191567291754e-05,1.36084260011771e-05,1.35078978825654e-06
0.306486231017207,-1.65885556660621,-2.80191567291754e-05,1.36084260011771e-05,1.35078978825654e-06
0.306458211860478,-1.65884195818021,-2.96450916957847e-05,1.33194283331584e-05,1.23026573944342e-06
0.306458211860478,-1.65884195818021,-2.96450916957847e-05,1.33194283331584e-05,1.23026573944342e-06
0.306428566768782,-1.65882863875188,-3.1148408256465e-05,1.29420126879776e-05,1.09499649641395e-06
0.306428566768782,-1.65882863875188,-3.1148408256465e-05,1.29420126879776e-05,1.09499649641395e-06
0.306397418360525,-1.65881569673919,-3.25141600515666e-05,1.24746184479996e-05,9.45741848375392e-07
0.306397418360525,-1.65881569673919,-3.25141600515666e-05,1.24746184479996e-05,9.45741848375392e-07
0.306364904200474,-1.65880322212074,-3.37276964050837e-05,1.19161536202839e-05,7.83337054794728e-07
0.306364904200474,-1.65880322212074,-3.37276964050837e-05,1.19161536202839e-05,7.83337054794728e-07
0.306331176504069,-1.65879130596712,-3.47747587541858e-05,1.12660207889359e-05,6.08713534845391e-07
0.306331176504069,-1.65879130596712,-3.47747587541858e-05,1.12660207889359e-05,6.08713534845391e-07
0.306296401745314,-1.65878003994633,-3.56415780741748e-05,1.05241411474388e-05,4.22919054725407e-07
0.306296401745314,-1.65878003994633,-3.56415780741748e-05,1.05241411474388e-05,4.22919054725407e-07
0.30626076016724,-1.65876951580518,-3.63149728244694e-05,9.69097641001504e-06,2.27139489744126e-07
0.30626076016724,-1.65876951580518,-3.63149728244694e-05,9.69097641001504e-06,2.27139489744126e-07
0.306224445194416,-1.65875982482877,-3.67824469148514e-05,8.76754838419203e-06,2.27246188242816e-08
0.306224445194416,-1.65875982482877,-3.67824469148514e-05,8.76754838419203e-06,2.27246188242816e-08
0.306187662747501,-1.65875105728039,-3.70322871849904e-05,7.75545596276572e-06,-1.88778823587916e-07
0.306187662747501,-1.65875105728039,-3.70322871849904e-05,7.75545596276572e-06,-1.88778823587916e-07
0.306150630460316,-1.65874330182443,-3.70536598574556e-05,6.65688936885012e-06,-4.05582257522748e-07
0.306150630460316,-1.65874330182443,-3.70536598574556e-05,6.65688936885012e-06,-4.05582257522748e-07
0.306113576800459,-1.65873664493506,-3.68367054223717e-05,5.47464144795562e-06,-6.25591648383167e-07
0.306113576800459,-1.65873664493506,-3.68367054223717e-05,5.47464144795562e-06,-6.25591648383167e-07
0.306076740095036,-1.65873117029361,-3.63726314083768e-05,4.21211583923053e-06,-8.46314548147069e-07
0.306076740095036,-1.65873117029361,-3.63726314083768e-05,4.21211583923053e-06,-8.46314548147069e-07
0.306040367463628,-1.65872695817777,-3.56538024844366e-05,2.87333179715965e-06,-1.06472088017244e-06
0.306040367463628,-1.65872695817777,-3.56538024844366e-05,2.87333179715965e-06,-1.06472088017244e-06
0.306004713661143,-1.65872408484597,-3.46738273285796e-05,1.46292558111938e-06,-1.27703023835276e-06
0.306004713661143,-1.65872408484597,-3.46738273285796e-05,1.46292558111938e-06,-1.27703023835276e-06
0.305970039833815,-1.65872262192039,-3.34276416901758e-05,-1.38517590730913e-08,-1.47838122923242e-06
0.305970039833815,-1.65872262192039,-3.34276416901758e-05,-1.38517590730913e-08,-1.47838122923242e-06
0.305936612192125,-1.65872263577215,-3.19115870975328e-05,-1.55114032351911e-06,-1.66231045192476e-06
0.305936612192125,-1.65872263577215,-3.19115870975328e-05,-1.55114032351911e-06,-1.66231045192476e-06
0.305904700605027,-1.65872418691248,-3.01234846415976e-05,-3.14248114396953e-06,-1.81992544390484e-06
0.305904700605027,-1.65872418691248,-3.01234846415976e-05,-3.14248114396953e-06,-1.81992544390484e-06
0.305874577120385,-1.65872732939362,-2.80627032984704e-05,-4.78082990396089e-06,-1.93859883840683e-06
0.305874577120385,-1.65872732939362,-2.80627032984704e-05,-4.78082990396089e-06,-1.93859883840683e-06
0.305846514417087,-1.65873211022352,-2.5730222248499e-05,-6.45857467640454e-06,-1.99997275200511e-06
0.305846514417087,-1.65873211022352,-2.5730222248499e-05,-6.45857467640454e-06,-1.99997275200511e-06
0.305820784194838,-1.6587385687982,-2.31286866697045e-05,-8.16755771682054e-06,-1.97719532015845e-06
0.305820784194838,-1.6587385687982,-2.31286866697045e-05,-8.16755771682054e-06,-1.97719532015845e-06
0.305797655508169,-1.65874673635592,-2.02624564952791e-05,-9.89910137438876e-06,-1.8321246802652e-06
0.305797655508169,-1.65874673635592,-2.02624564952791e-05,-9.89910137438876e-06,-1.8321246802652e-06
0.305777393051674,-1.65875663545729,-1.71376476474916e-05,-1.16440380986127e-05,-1.51593820831886e-06
0.305777393051674,-1.65875663545729,-1.71376476474916e-05,-1.16440380986127e-05,-1.51593820831886e-06
0.305760255404026,-1.65876827949539,-1.37621652910314e-05,-1.33927445262749e-05,-9.82070517665463e-07
0.305760255404026,-1.65876827949539,-1.37621652910314e-05,-1.33927445262749e-05,-9.82070517665463e-07
0.305746493238735,-1.65878167223992,-1.01457286822981e-05,-1.5135179647574e-05,-2.21698357498458e-07
0.305746493238735,-1.65878167223992,-1.01457286822981e-05,-1.5135179647574e-05,-2.21698357498458e-07
0.305736347510053,-1.65879680741956,-6.29988719680341e-06,-1.68609269324271e-05,6.94264551102511e-07
0.305736347510053,-1.65879680741956,-6.29988719680341e-06,-1.68609269324271e-05,6.94264551102511e-07
0.305730047622856,-1.6588136683465,-2.23802717791433e-06,-1.8559240393623e-05,1.62651603176022e-06
0.305730047622856,-1.6588136683465,-2.23802717791433e-06,-1.8559240393623e-05,1.62651603176022e-06
0.305727809595678,-1.65883222758689,2.02463072657144e-06,-2.0219094395868e-05,2.44797030949589e-06
0.305727809595678,-1.65883222758689,2.02463072657144e-06,-2.0219094395868e-05,2.44797030949589e-06
0.305729834226405,-1.65885244668129,6.47104401807486e-06,-2.18292371381157e-05,3.10384004947717e-06
0.305729834226405,-1.65885244668129,6.47104401807486e-06,-2.18292371381157e-05,3.10384004947717e-06
0.305736305270423,-1.65887427591842,1.10823708440733e-05,-2.33782475811406e-05,3.5998865105961e-06
0.305736305270423,-1.65887427591842,1.10823708440733e-05,-2.33782475811406e-05,3.5998865105961e-06
0.305747387641267,-1.65889765416601,1.58380027235339e-05,-2.48545956629265e-05,3.96498889324236e-06
0.305747387641267,-1.65889765416601,1.58380027235339e-05,-2.48545956629265e-05,3.96498889324236e-06
0.30576322564399,-1.65892250876167,2.07156076561521e-05,-2.62467055798243e-05,4.22814139214418e-06
0.30576322564399,-1.65892250876167,2.07156076561521e-05,-2.62467055798243e-05,4.22814139214418e-06
0.305783941251646,-1.65894875546725,2.56911837056562e-05,-2.75430218792394e-05,4.41139396363871e-06
0.305783941251646,-1.65894875546725,2.56911837056562e-05,-2.75430218792394e-05,4.41139396363871e-06
0.305809632435352,-1.65897629848913,3.07391231038623e-05,-2.87320780878453e-05,4.52985467843025e-06
0.305809632435352,-1.65897629848913,3.07391231038623e-05,-2.87320780878453e-05,4.52985467843025e-06
0.305840371558456,-1.65900503056722,3.58322868453387e-05,-2.98025675746771e-05,4.59344489081715e-06
0.305840371558456,-1.65900503056722,3.58322868453387e-05,-2.98025675746771e-05,4.59344489081715e-06
0.305876203845301,-1.65903483313479,4.09420897041768e-05,-3.07434163024922e-05,4.60857760431114e-06
0.305876203845301,-1.65903483313479,4.09420897041768e-05,-3.07434163024922e-05,4.60857760431114e-06
0.305917145935005,-1.65906557655109,4.60385955223241e-05,-3.15438571436566e-05,4.5793856997236e-06
0.305917145935005,-1.65906557655109,4.60385955223241e-05,-3.15438571436566e-05,4.5793856997236e-06
0.305963184530528,-1.65909712040824,5.10906225867358e-05,-3.21935054021782e-05,4.50854762570482e-06
0.305963184530528,-1.65909712040824,5.10906225867358e-05,-3.21935054021782e-05,4.50854762570482e-06
0.306014275153114,-1.65912931391364,5.60658588178442e-05,-3.26824351282173e-05,4.39782802023719e-06
0.306014275153114,-1.65912931391364,5.60658588178442e-05,-3.26824351282173e-05,4.39782802023719e-06
0.306070341011932,-1.65916199634877,6.09309864488261e-05,-3.30012558302784e-05,4.24843121445908e-06
0.306070341011932,-1.65916199634877,6.09309864488261e-05,-3.30012558302784e-05,4.24843121445908e-06
0.306131271998381,-1.6591949976046,6.56518157969854e-05,-3.31411891401068e-05,4.06123503407982e-06
0.306131271998381,-1.6591949976046,6.56518157969854e-05,-3.31411891401068e-05,4.06123503407982e-06
0.306196923814178,-1.65922813879374,7.01934276733929e-05,-3.30941449973032e-05,3.83694833161358e-06
0.306196923814178,-1.65922813879374,7.01934276733929e-05,-3.30941449973032e-05,3.83694833161358e-06
0.306267117241852,-1.65926123293873,7.4520323911198e-05,-3.2852796884697e-05,3.576219699616e-06
0.306267117241852,-1.65926123293873,7.4520323911198e-05,-3.2852796884697e-05,3.576219699616e-06
0.306341637565763,-1.65929408573562,7.85965854324666e-05,-3.24106556317538e-05,3.27971472980506e-06
0.306341637565763,-1.65929408573562,7.85965854324666e-05,-3.24106556317538e-05,3.27971472980506e-06
0.306420234151195,-1.65932649639125,8.23860372144436e-05,-3.1762141312397e-05,2.94817292173913e-06
0.306420234151195,-1.65932649639125,8.23860372144436e-05,-3.1762141312397e-05,2.94817292173913e-06
0.30650262018841,-1.65935825853256,8.5852419439314e-05,-3.09026527198775e-05,2.58245164101839e-06
0.30650262018841,-1.65935825853256,8.5852419439314e-05,-3.09026527198775e-05,2.58245164101839e-06
0.306588472607849,-1.65938916118528,8.89595640827245e-05,-2.98286339521781e-05,2.18356217167898e-06
0.306588472607849,-1.65938916118528,8.89595640827245e-05,-2.98286339521781e-05,2.18356217167898e-06
0.306677432171932,-1.65941898981924,9.16715760983511e-05,-2.85376375979141e-05,1.7527017515925e-06
0.306677432171932,-1.65941898981924,9.16715760983511e-05,-2.85376375979141e-05,1.7527017515925e-06
0.30676910374803,-1.65944752745683,9.39530183500792e-05,-2.70283839989283e-05,1.29128487886437e-06
0.30676910374803,-1.65944752745683,9.39530183500792e-05,-2.70283839989283e-05,1.29128487886437e-06
0.30686305676638,-1.65947455584083,9.5769099372367e-05,-2.53008161126278e-05,8.00977186665331e-07
0.30686305676638,-1.65947455584083,9.5769099372367e-05,-2.53008161126278e-05,8.00977186665331e-07
0.306958825865752,-1.65949985665694,9.70858629901206e-05,-2.33561494833445e-05,2.83735789759128e-07
0.306958825865752,-1.65949985665694,9.70858629901206e-05,-2.33561494833445e-05,2.83735789759128e-07
0.307055911728743,-1.65952321280643,9.78703787931079e-05,-2.11969168233406e-05,-2.58138657845456e-07
0.307055911728743,-1.65952321280643,9.78703787931079e-05,-2.11969168233406e-05,-2.58138657845456e-07
0.307153782107536,-1.65954440972325,9.80909324319601e-05,-1.88270067622565e-05,-8.21930646461002e-07
0.307153782107536,-1.65954440972325,9.80909324319601e-05,-1.88270067622565e-05,-8.21930646461002e-07
0.307251873039968,-1.65956323673001,9.77172146341965e-05,-1.62516962869397e-05,-1.4044074855227e-06
0.307251873039968,-1.65956323673001,9.77172146341965e-05,-1.62516962869397e-05,-1.4044074855227e-06
0.307349590254602,-1.6595794884263,9.67205078683531e-05,-1.34776764322275e-05,-2.00166730847228e-06
0.307349590254602,-1.6595794884263,9.67205078683531e-05,-1.34776764322275e-05,-2.00166730847228e-06
0.30744631076247,-1.65959296610273,9.50738695266184e-05,-1.05130707832579e-05,-2.60890650313688e-06
0.30744631076247,-1.65959296610273,9.50738695266184e-05,-1.05130707832579e-05,-2.60890650313688e-06
0.307541384631997,-1.65960347917352,9.27523104988781e-05,-7.36744645024601e-06,-3.22005410412455e-06
0.307541384631997,-1.65960347917352,9.27523104988781e-05,-7.36744645024601e-06,-3.22005410412455e-06
0.307634136942496,-1.65961084661997,8.97329680008552e-05,-4.05181713114544e-06,-3.82718139168579e-06
0.307634136942496,-1.65961084661997,8.97329680008552e-05,-4.05181713114544e-06,-3.82718139168579e-06
0.307723869910497,-1.6596148984371,8.59952715114853e-05,-5.7863791425028e-07,-4.41952172081065e-06
0.307723869910497,-1.6596148984371,8.59952715114853e-05,-5.7863791425028e-07,-4.41952172081065e-06
0.307809865182008,-1.65961547707501,8.15211006909844e-05,3.03820846925262e-06,-4.98179611476691e-06
0.307809865182008,-1.65961547707501,8.15211006909844e-05,3.03820846925262e-06,-4.98179611476691e-06
0.307891386282699,-1.65961243886654,7.629493415795e-05,6.78343422189087e-06,-5.49127060557803e-06
0.307891386282699,-1.65961243886654,7.629493415795e-05,6.78343422189087e-06,-5.49127060557803e-06
0.307967681216857,-1.65960565543232,7.03039880260992e-05,1.06403780832931e-05,-5.912454837139e-06
0.307967681216857,-1.65960565543232,7.03039880260992e-05,1.06403780832931e-05,-5.912454837139e-06
0.308037985204883,-1.65959501505424,6.35383431352166e-05,1.45910461319954e-05,-6.18742703236001e-06
0.308037985204883,-1.65959501505424,6.35383431352166e-05,1.45910461319954e-05,-6.18742703236001e-06
0.308101523548018,-1.65958042400811,5.59910599351454e-05,1.8616161928886e-05,-6.21852868456613e-06
0.308101523548018,-1.65958042400811,5.59910599351454e-05,1.8616161928886e-05,-6.21852868456613e-06
0.308157514607953,-1.65956180784618,4.76582800324477e-05,2.26952260615754e-05,-5.84080742299212e-06
0.308157514607953,-1.65956180784618,4.76582800324477e-05,2.26952260615754e-05,-5.84080742299212e-06
0.308205172887986,-1.65953911262011,3.85393134764156e-05,2.68065851503074e-05,-4.7960096508258e-06
0.308205172887986,-1.65953911262011,3.85393134764156e-05,2.68065851503074e-05,-4.7960096508258e-06
0.308243712201462,-1.65951230603496,2.86367109048058e-05,3.09275102701179e-05,-2.78151517102745e-06
0.308243712201462,-1.65951230603496,2.86367109048058e-05,3.09275102701179e-05,-2.78151517102745e-06
0.308272348912367,-1.65948137852469,1.79563197399979e-05,3.50342847486029e-05,2.7218389654384e-07
0.308272348912367,-1.65948137852469,1.79563197399979e-05,3.50342847486029e-05,2.7218389654384e-07
0.308290305232107,-1.65944634423995,6.50732371593188e-06,3.91023011898639e-05,3.84102688668859e-06
0.308290305232107,-1.65944634423995,6.50732371593188e-06,3.91023011898639e-05,3.84102688668859e-06
0.308296812555823,-1.65940724193876,-5.6977349268128e-06,4.31061675483235e-05,7.09976110151165e-06
0.308296812555823,-1.65940724193876,-5.6977349268128e-06,4.31061675483235e-05,7.09976110151165e-06
0.308291114820896,-1.65936413577121,-1.86429511279118e-05,4.70198219717499e-05,9.63715016245433e-06
0.308291114820896,-1.65936413577121,-1.86429511279118e-05,4.70198219717499e-05,9.63715016245433e-06
0.308272471869768,-1.65931711594924,-3.23090710302454e-05,5.08166561490331e-05,1.15131580071338e-05
0.308272471869768,-1.65931711594924,-3.23090710302454e-05,5.08166561490331e-05,1.15131580071338e-05
0.308240162798738,-1.65926629929309,-4.66735246965611e-05,5.44696467645878e-05,1.2924363184408e-05
0.308240162798738,-1.65926629929309,-4.66735246965611e-05,5.44696467645878e-05,1.2924363184408e-05
0.308193489274041,-1.65921182964632,-6.17104777831945e-05,5.79514946392745e-05,1.40310896671582e-05
0.308193489274041,-1.65921182964632,-6.17104777831945e-05,5.79514946392745e-05,1.40310896671582e-05
0.308131778796258,-1.65915387815168,-7.73909022995234e-05,6.12347710760019e-05,1.49351754216632e-05
0.308131778796258,-1.65915387815168,-7.73909022995234e-05,6.12347710760019e-05,1.49351754216632e-05
0.308054387893959,-1.65909264338061,-9.36826664703627e-05,6.42920708588957e-05,1.56969619983581e-05
0.308054387893959,-1.65909264338061,-9.36826664703627e-05,6.42920708588957e-05,1.56969619983581e-05
0.307960705227488,-1.65902835130975,-0.000110550643580398,6.70961712692097e-05,1.63518455785063e-05
0.307960705227488,-1.65902835130975,-0.000110550643580398,6.70961712692097e-05,1.63518455785063e-05
0.307850154583908,-1.65896125513848,-0.000127956839568899,6.9620196470721e-05,1.69208003697733e-05
0.307850154583908,-1.65896125513848,-0.000127956839568899,6.9620196470721e-05,1.69208003697733e-05
0.307722197744339,-1.65889163494201,-0.000145860539009113,7.18377865542852e-05,1.74164469979825e-05
0.307722197744339,-1.65889163494201,-0.000145860539009113,7.18377865542852e-05,1.74164469979825e-05
0.30757633720533,-1.65881979715545,-0.000164218468973021,7.37232704508539e-05,1.78464968371933e-05
0.30757633720533,-1.65881979715545,-0.000164218468973021,7.37232704508539e-05,1.78464968371933e-05
0.307412118736357,-1.658746073885,-0.000182984980148515,7.52518418920545e-05,1.82157324001735e-05
0.307412118736357,-1.658746073885,-0.000182984980148515,7.52518418920545e-05,1.82157324001735e-05
0.307229133756208,-1.65867082204311,-0.000202112244456987,7.63997375496928e-05,1.85271731958404e-05
0.307229133756208,-1.65867082204311,-0.000202112244456987,7.63997375496928e-05,1.85271731958404e-05
0.307027021511751,-1.65859442230556,-0.000221550468268106,7.71444164198165e-05,1.87827807592137e-05
0.307027021511751,-1.65859442230556,-0.000221550468268106,7.71444164198165e-05,1.87827807592137e-05
0.306805471043483,-1.65851727788914,-0.000241248120180559,7.74647394969907e-05,1.89838965006732e-05
0.306805471043483,-1.65851727788914,-0.000241248120180559,7.74647394969907e-05,1.89838965006732e-05
0.306564222923303,-1.65843981314964,-0.000261152172222556,7.73411487298148e-05,1.91315202995305e-05
0.306564222923303,-1.65843981314964,-0.000261152172222556,7.73411487298148e-05,1.91315202995305e-05
0.30630307075108,-1.65836247200091,-0.000281208353189177,7.67558441996385e-05,1.92264914163607e-05
0.30630307075108,-1.65836247200091,-0.000281208353189177,7.67558441996385e-05,1.92264914163607e-05
0.306021862397891,-1.65828571615671,-0.000301361412711754,7.56929585059574e-05,1.92696076946951e-05
0.306021862397891,-1.65828571615671,-0.000301361412711754,7.56929585059574e-05,1.92696076946951e-05
0.305720500985179,-1.65821002319821,-0.000321555394571182,7.41387272507055e-05,1.92617045573008e-05
0.305720500985179,-1.65821002319821,-0.000321555394571182,7.41387272507055e-05,1.92617045573008e-05
0.305398945590608,-1.65813588447096,-0.000341733917640308,7.20816544872438e-05,1.92037069956125e-05
0.305398945590608,-1.65813588447096,-0.000341733917640308,7.20816544872438e-05,1.92037069956125e-05
0.305057211672968,-1.65806380281647,-0.00036184046274379,6.95126720429151e-05,1.90966628166018e-05
0.305057211672968,-1.65806380281647,-0.00036184046274379,6.95126720429151e-05,1.90966628166018e-05
0.304695371210224,-1.65799429014443,-0.000381818663648226,6.64252916002805e-05,1.89417624286504e-05
0.304695371210224,-1.65799429014443,-0.000381818663648226,6.64252916002805e-05,1.89417624286504e-05
0.304313552546576,-1.65792786485283,-0.000401612600314905,6.28157483837377e-05,1.87403486323648e-05
0.304313552546576,-1.65792786485283,-0.000401612600314905,6.28157483837377e-05,1.87403486323648e-05
0.303911939946261,-1.65786504910444,-0.000421167092474029,5.868313530355e-05,1.84939187772803e-05
0.303911939946261,-1.65786504910444,-0.000421167092474029,5.868313530355e-05,1.84939187772803e-05
0.303490772853787,-1.65780636596914,-0.000440427991539927,5.4029526493915e-05,1.82041208925886e-05
0.303490772853787,-1.65780636596914,-0.000440427991539927,5.4029526493915e-05,1.82041208925886e-05
0.303050344862247,-1.65775233644265,-0.000459342468842161,4.88600891859203e-05,1.78727449677986e-05
0.303050344862247,-1.65775233644265,-0.000459342468842161,4.88600891859203e-05,1.78727449677986e-05
0.302591002393405,-1.65770347635346,-0.000477859298141703,4.31831827885087e-05,1.75017102772398e-05
0.302591002393405,-1.65770347635346,-0.000477859298141703,4.31831827885087e-05,1.75017102772398e-05
0.302113143095263,-1.65766029317067,-0.000495929130388095,3.70104441484997e-05,1.70930494507495e-05
0.302113143095263,-1.65766029317067,-0.000495929130388095,3.70104441484997e-05,1.70930494507495e-05
0.301617213964875,-1.65762328272652,-0.00051350475867612,3.03568579678171e-05,1.66488899199465e-05
0.301617213964875,-1.65762328272652,-0.00051350475867612,3.03568579678171e-05,1.66488899199465e-05
0.301103709206199,-1.65759292586856,-0.000530541371400295,2.32408115181659e-05,1.61714332691627e-05
0.301103709206199,-1.65759292586856,-0.000530541371400295,2.32408115181659e-05,1.61714332691627e-05
0.300573167834799,-1.65756968505704,-0.000546996791641552,1.56841327172419e-05,1.56629330410152e-05
0.300573167834799,-1.65756968505704,-0.000546996791641552,1.56841327172419e-05,1.56629330410152e-05
0.300026171043157,-1.65755400092432,-0.000562831700899158,7.71211075223377e-06,1.51256715007432e-05
0.300026171043157,-1.65755400092432,-0.000562831700899158,7.71211075223377e-06,1.51256715007432e-05
0.299463339342258,-1.65754628881357,-0.000578009845343452,-6.46501518097864e-07,1.4561935914534e-05
0.299463339342258,-1.65754628881357,-0.000578009845343452,-6.46501518097864e-07,1.4561935914534e-05
0.298885329496914,-1.65754693531509,-0.000592498222884985,-9.35950401870222e-06,1.39739948857828e-05
0.298885329496914,-1.65754693531509,-0.000592498222884985,-9.35950401870222e-06,1.39739948857828e-05
0.298292831274029,-1.6575562948191,-0.00060626724946794,-1.83912854152535e-05,1.33640753383534e-05
0.298292831274029,-1.6575562948191,-0.00060626724946794,-1.83912854152535e-05,1.33640753383534e-05
0.297686564024562,-1.65757468610452,-0.000619290903147385,-2.77028790194311e-05,1.27343407271389e-05
0.297686564024562,-1.65757468610452,-0.000619290903147385,-2.77028790194311e-05,1.27343407271389e-05
0.297067273121414,-1.65760238898354,-0.000631546844652164,-3.72520390958808e-05,1.20868710986822e-05
0.297067273121414,-1.65760238898354,-0.000631546844652164,-3.72520390958808e-05,1.20868710986822e-05
0.296435726276762,-1.65763964102264,-0.000643016513320549,-4.69933378490772e-05,1.14236456292375e-05
0.296435726276762,-1.65763964102264,-0.000643016513320549,-4.69933378490772e-05,1.14236456292375e-05
0.295792709763441,-1.65768663436048,-0.000653685197493481,-5.68782832881531e-05,1.07465282367374e-05
0.295792709763441,-1.65768663436048,-0.000653685197493481,-5.68782832881531e-05,1.07465282367374e-05
0.295139024565948,-1.65774351264377,-0.000663542078628843,-6.68554580822711e-05,1.00572569088327e-05
0.295139024565948,-1.65774351264377,-0.000663542078628843,-6.68554580822711e-05,1.00572569088327e-05
0.294475482487319,-1.65781036810186,-0.00067258024865674,-7.68706793419227e-05,9.3574373011728e-06
0.294475482487319,-1.65781036810186,-0.00067258024865674,-7.68706793419227e-05,9.3574373011728e-06
0.293802902238662,-1.6578872387812,-0.000680796700296082,-8.68671791798281e-05,8.64854117788646e-06
0.293802902238662,-1.6578872387812,-0.000680796700296082,-8.68671791798281e-05,8.64854117788646e-06
0.293122105538366,-1.65797410596038,-0.000688192290319301,-9.67858057947524e-05,7.93191017142052e-06
0.293122105538366,-1.65797410596038,-0.000688192290319301,-9.67858057947524e-05,7.93191017142052e-06
0.292433913248047,-1.65807089176617,-0.000694771675990802,-0.000106565244668122,7.20876527964876e-06
0.292433913248047,-1.65807089176617,-0.000694771675990802,-0.000106565244668122,7.20876527964876e-06
0.291739141572056,-1.65817745701084,-0.000700543225158112,-0.000116142259332985,6.48022242293229e-06
0.291739141572056,-1.65817745701084,-0.000700543225158112,-0.000116142259332985,6.48022242293229e-06
0.291038598346898,-1.65829359927017,-0.000705518900728341,-0.000125451950989675,5.74731433083085e-06
0.291038598346898,-1.65829359927017,-0.000705518900728341,-0.000125451950989675,5.74731433083085e-06
0.29033307944617,-1.65841905122116,-0.000709714120527616,-0.000134428036254519,5.0110188410062e-06
0.29033307944617,-1.65841905122116,-0.000709714120527616,-0.000134428036254519,5.0110188410062e-06
0.289623365325642,-1.65855347925742,-0.000713147593764729,-0.000143003142042852,4.27229365224286e-06
0.289623365325642,-1.65855347925742,-0.000713147593764729,-0.000143003142042852,4.27229365224286e-06
0.288910217731877,-1.65869648239946,-0.000715841135566997,-0.000151109116584447,3.53211740835874e-06
0.288910217731877,-1.65869648239946,-0.000715841135566997,-0.000151109116584447,3.53211740835874e-06
0.28819437659631,-1.65884759151604,-0.000717819461292513,-0.000158677355291514,2.79153685569286e-06
0.28819437659631,-1.65884759151604,-0.000717819461292513,-0.000158677355291514,2.79153685569286e-06
0.287476557135018,-1.65900626887134,-0.000719109962479092,-0.000165639140197849,2.05171977155788e-06
0.287476557135018,-1.65900626887134,-0.000719109962479092,-0.000165639140197849,2.05171977155788e-06
0.286757447172539,-1.65917190801153,-0.000719742466525009,-0.000171925991539368,1.31401315459577e-06
0.286757447172539,-1.65917190801153,-0.000719742466525009,-0.000171925991539368,1.31401315459577e-06
0.286037704706014,-1.65934383400307,-0.000719748982327573,-0.000177470029858018,5.80006114734286e-07
0.286037704706014,-1.65934383400307,-0.000719748982327573,-0.000177470029858018,5.80006114734286e-07
0.285317955723686,-1.65952130403293,-0.000719163434234338,-0.000182204346978576,-1.4840323209653e-07
0.285317955723686,-1.65952130403293,-0.000719163434234338,-0.000182204346978576,-1.4840323209653e-07
0.284598792289452,-1.65970350837991,-0.00071802138676974,-0.000186063384026713,-8.68937612723687e-07
0.284598792289452,-1.65970350837991,-0.00071802138676974,-0.000186063384026713,-8.68937612723687e-07
0.283880770902682,-1.65988957176394,-0.000716359762699625,-0.000188983314632019,-1.57886812078838e-06
0.283880770902682,-1.65988957176394,-0.000716359762699625,-0.000188983314632019,-1.57886812078838e-06
0.283164411139982,-1.66007855507857,-0.000714216557028524,-0.000190902431316919,-2.27494047801884e-06
0.283164411139982,-1.66007855507857,-0.000714216557028524,-0.000190902431316919,-2.27494047801884e-06
0.282450194582954,-1.66026945750989,-0.000711630549527775,-0.000191761532993384,-2.95330123340778e-06
0.282450194582954,-1.66026945750989,-0.000711630549527775,-0.000191761532993384,-2.95330123340778e-06
0.281738564033426,-1.66046121904288,-0.00070864101843332,-0.000191504311358504,-3.60942541572035e-06
0.281738564033426,-1.66046121904288,-0.00070864101843332,-0.000191504311358504,-3.60942541572035e-06
0.281029923014993,-1.66065272335424,-0.000705287457867465,-0.00019007773400781,-4.23804749574328e-06
0.281029923014993,-1.66065272335424,-0.000705287457867465,-0.00019007773400781,-4.23804749574328e-06
0.280324635557125,-1.66084280108824,-0.000701609301493544,-0.000187432421974165,-4.83309802797732e-06
0.280324635557125,-1.66084280108824,-0.000701609301493544,-0.000187432421974165,-4.83309802797732e-06
0.279623026255632,-1.66103023351022,-0.000697645654831602,-0.000183523019360976,-5.38764907662094e-06
0.279623026255632,-1.66103023351022,-0.000697645654831602,-0.000183523019360976,-5.38764907662094e-06
0.2789253806008,-1.66121375652958,-0.000693435038531975,-0.000178308552757134,-5.89387252390629e-06
0.2789253806008,-1.66121375652958,-0.000693435038531975,-0.000178308552757134,-5.89387252390629e-06
0.278231945562268,-1.66139206508234,-0.000689015144766381,-0.000171752778045153,-6.3430166306938e-06
0.278231945562268,-1.66139206508234,-0.000689015144766381,-0.000171752778045153,-6.3430166306938e-06
0.277542930417502,-1.66156381786038,-0.000684422608750901,-0.000163824512180666,-6.72540786353208e-06
0.277542930417502,-1.66156381786038,-0.000684422608750901,-0.000163824512180666,-6.72540786353208e-06
0.276858507808751,-1.66172764237256,-0.000679692797223297,-0.000154497947608689,-7.03048701897863e-06
0.276858507808751,-1.66172764237256,-0.000679692797223297,-0.000154497947608689,-7.03048701897863e-06
0.276178815011528,-1.66188214032017,-0.000674859615494683,-0.000143752947000753,-7.24689097823382e-06
0.276178815011528,-1.66188214032017,-0.000674859615494683,-0.000143752947000753,-7.24689097823382e-06
0.275503955396033,-1.66202589326717,-0.000669955334478556,-0.000131575315957644,-7.36259376167754e-06
0.275503955396033,-1.66202589326717,-0.000669955334478556,-0.000131575315957644,-7.36259376167754e-06
0.274834000061554,-1.66215746858313,-0.00066501043888445,-0.000117957051445128,-7.36512270497558e-06
0.274834000061554,-1.66215746858313,-0.00066501043888445,-0.000117957051445128,-7.36512270497558e-06
0.27416898962267,-1.66227542563458,-0.000660053497515578,-0.000102896563805022,-7.24186676964592e-06
0.27416898962267,-1.66227542563458,-0.000660053497515578,-0.000102896563805022,-7.24186676964592e-06
0.273508936125154,-1.66237832219838,-0.000655111056382052,-8.63988702193286e-05,-6.98049337796833e-06
0.273508936125154,-1.66237832219838,-0.000655111056382052,-8.63988702193286e-05,-6.98049337796833e-06
0.272853825068772,-1.6624647210686,-0.000650207555063786,-6.84757576889794e-05,-6.56948638182782e-06
0.272853825068772,-1.6624647210686,-0.000650207555063786,-6.84757576889794e-05,-6.56948638182782e-06
0.272203617513709,-1.66253319682629,-0.000645365266519871,-4.91459136773287e-05,-5.99880942166945e-06
0.272203617513709,-1.66253319682629,-0.000645365266519871,-4.91459136773287e-05,-5.99880942166945e-06
0.271558252247189,-1.66258234273997,-0.000640604260294109,-2.843502265093e-05,-5.26068463379517e-06
0.271558252247189,-1.66258234273997,-0.000640604260294109,-2.843502265093e-05,-5.26068463379517e-06
0.270917647986895,-1.66261077776262,-0.000635942388800437,-6.3758269874814e-06,-4.35045579572167e-06
0.270917647986895,-1.66261077776262,-0.000635942388800437,-6.3758269874814e-06,-4.35045579572167e-06
0.270281705598094,-1.6626171535896,-0.000631395296134707,1.69918492041177e-05,-3.26747854065908e-06
0.270281705598094,-1.6626171535896,-0.000631395296134707,1.69918492041177e-05,-3.26747854065908e-06
0.269650310301959,-1.6626001617404,-0.000626976448620364,4.1621114543533e-05,-2.0159517108866e-06
0.269650310301959,-1.6626001617404,-0.000626976448620364,4.1621114543533e-05,-2.0159517108866e-06
0.269023333853339,-1.66255854062586,-0.000622697186087817,6.74580641601974e-05,-6.05579773576355e-07
0.269023333853339,-1.66255854062586,-0.000622697186087817,6.74580641601974e-05,-6.05579773576355e-07
0.268400636667251,-1.6624910825617,-0.000618566792658648,9.44418736412711e-05,9.48054685224087e-07
0.268400636667251,-1.6624910825617,-0.000618566792658648,9.44418736412711e-05,9.48054685224087e-07
0.267782069874593,-1.66239664068806,-0.000614592585602092,0.000122504933711243,2.62351801897428e-06
0.267782069874593,-1.66239664068806,-0.000614592585602092,0.000122504933711243,2.62351801897428e-06
0.267167477288991,-1.66227413575434,-0.000610780020673551,0.000151573026012874,4.3940226847561e-06
0.267167477288991,-1.66227413575434,-0.000610780020673551,0.000151573026012874,4.3940226847561e-06
0.266556697268317,-1.66212256272833,-0.000607132812179667,0.000181565540143591,6.22840056406298e-06
0.266556697268317,-1.66212256272833,-0.000607132812179667,0.000181565540143591,6.22840056406298e-06
0.265949564456137,-1.66194099718819,-0.000603653065878063,0.000212395731744364,8.09248052769339e-06
0.265949564456137,-1.66194099718819,-0.000603653065878063,0.000212395731744364,8.09248052769339e-06
0.265345911390259,-1.66172860145644,-0.000600341422696882,0.000243971021302469,9.95072620569887e-06
0.265345911390259,-1.66172860145644,-0.000600341422696882,0.000243971021302469,9.95072620569887e-06
0.264745569967562,-1.66148463043514,-0.000597197211188394,0.000276193333011321,1.17679440763721e-05
0.264745569967562,-1.66148463043514,-0.000597197211188394,0.000276193333011321,1.17679440763721e-05
0.264148372756374,-1.66120843710213,-0.000594218606553121,0.000308959472769432,1.3510865818701e-05
0.264148372756374,-1.66120843710213,-0.000594218606553121,0.000308959472769432,1.3510865818701e-05
0.263554154149821,-1.66089947762936,-0.000591402794045015,0.000342161544075958,1.51494430552351e-05
0.263554154149821,-1.66089947762936,-0.000591402794045015,0.000342161544075958,1.51494430552351e-05
0.262962751355776,-1.66055731608528,-0.00058874613456289,0.000375687400370639,1.66577550654546e-05
0.262962751355776,-1.66055731608528,-0.00058874613456289,0.000375687400370639,1.66577550654546e-05
0.262374005221213,-1.66018162868491,-0.000586244330244901,0.000409421132081311,1.80145017880963e-05
0.262374005221213,-1.66018162868491,-0.000586244330244901,0.000409421132081311,1.80145017880963e-05
0.261787760890968,-1.65977220755283,-0.000583892587924961,0.000443243586320863,1.92031171533768e-05
0.261787760890968,-1.65977220755283,-0.000583892587924961,0.000443243586320863,1.92031171533768e-05
0.261203868303043,-1.65932896396651,-0.000581685778402785,0.000477032916943454,2.02115795470303e-05
0.261203868303043,-1.65932896396651,-0.000581685778402785,0.000477032916943454,2.02115795470303e-05
0.26062218252464,-1.65885193104957,-0.000579618589562625,0.00051066516237297,2.1032014132927e-05
0.26062218252464,-1.65885193104957,-0.000579618589562625,0.00051066516237297,2.1032014132927e-05
0.260042563935078,-1.65834126588719,-0.000577685671515893,0.000544014848407715,2.16601793797416e-05
0.260042563935078,-1.65834126588719,-0.000577685671515893,0.000544014848407715,2.16601793797416e-05
0.259464878263562,-1.65779725103879,-0.000575881772087949,0.000576955612994867,2.20949146454361e-05
0.259464878263562,-1.65779725103879,-0.000575881772087949,0.000576955612994867,2.20949146454361e-05
0.258888996491474,-1.65722029542579,-0.000574201861144874,0.000609360849611162,2.23376048340287e-05
0.258888996491474,-1.65722029542579,-0.000574201861144874,0.000609360849611162,2.23376048340287e-05
0.258314794630329,-1.65661093457618,-0.000572641242436056,0.000641104365795009,2.23916971124995e-05
0.258314794630329,-1.65661093457618,-0.000572641242436056,0.000641104365795009,2.23916971124995e-05
0.257742153387893,-1.65596983021039,-0.000571195651861311,0.000672061053109907,2.22622871723944e-05
0.257742153387893,-1.65596983021039,-0.000571195651861311,0.000672061053109907,2.22622871723944e-05
0.257170957736032,-1.65529776915728,-0.000569861341270572,0.000702107564698684,2.1955779505392e-05
0.257170957736032,-1.65529776915728,-0.000569861341270572,0.000702107564698684,2.1955779505392e-05
0.256601096394761,-1.65459566159258,-0.00056863514715455,0.00073112299631295,2.14796179569661e-05
0.256601096394761,-1.65459566159258,-0.00056863514715455,0.00073112299631295,2.14796179569661e-05
0.256032461247606,-1.65386453859626,-0.000567514543800496,0.000758989566716606,2.08420780418116e-05
0.256032461247606,-1.65386453859626,-0.000567514543800496,0.000758989566716606,2.08420780418116e-05
0.255464946703806,-1.65310554902955,-0.000566497680730638,0.000785593293192832,2.00521106167781e-05
0.255464946703806,-1.65310554902955,-0.000566497680730638,0.000785593293192832,2.00521106167781e-05
0.254898449023075,-1.65231995573635,-0.000565583404495917,0.000810824657800246,1.9119226286056e-05
0.254898449023075,-1.65231995573635,-0.000565583404495917,0.000810824657800246,1.9119226286056e-05
0.254332865618579,-1.65150913107855,-0.000564771265103403,0.000834579259936463,1.80534109037388e-05
0.254332865618579,-1.65150913107855,-0.000564771265103403,0.000834579259936463,1.80534109037388e-05
0.253768094353476,-1.65067455181862,-0.000564061507567548,0.000856758450866968,1.6865063682018e-05
0.253768094353476,-1.65067455181862,-0.000564061507567548,0.000856758450866968,1.6865063682018e-05
0.253204032845908,-1.64981779336775,-0.000563455049305051,0.000877269945751102,1.55649510688268e-05
0.253204032845908,-1.64981779336775,-0.000563455049305051,0.000877269945751102,1.55649510688268e-05
0.252640577796603,-1.648940523422,-0.000562953444252778,0.000896028408863048,1.41641708246688e-05
0.252640577796603,-1.648940523422,-0.000562953444252778,0.000896028408863048,1.41641708246688e-05
0.252077624352351,-1.64804449501314,-0.000562558834784177,0.000912956007683041,1.26741220935203e-05
0.252077624352351,-1.64804449501314,-0.000562558834784177,0.000912956007683041,1.26741220935203e-05
0.251515065517566,-1.64713153900545,-0.000562273892616039,0.000927982931715698,1.11064783185502e-05
0.251515065517566,-1.64713153900545,-0.000562273892616039,0.000927982931715698,1.11064783185502e-05
0.25095279162495,-1.64620355607374,-0.000562101750068322,0.000941047872052403,9.47316062552945e-06
0.25095279162495,-1.64620355607374,-0.000562101750068322,0.000941047872052403,9.47316062552945e-06
0.250390689874882,-1.64526250820169,-0.000562045923109822,0.00095209845783617,7.78631009824078e-06
0.250390689874882,-1.64526250820169,-0.000562045923109822,0.00095209845783617,7.78631009824078e-06
0.249828643951772,-1.64431040974385,-0.000562110227710494,0.000961091646081824,6.05825779748906e-06
0.249828643951772,-1.64431040974385,-0.000562110227710494,0.000961091646081824,6.05825779748906e-06
0.249266533724062,-1.64334931809777,-0.000562298691099972,0.000967994061516597,4.30149174148495e-06
0.249266533724062,-1.64334931809777,-0.000562298691099972,0.000967994061516597,4.30149174148495e-06
0.248704235032962,-1.64238132403625,-0.000562615459538923,0.000972782283357621,2.5286205061043e-06
0.248704235032962,-1.64238132403625,-0.000562615459538923,0.000972782283357621,2.5286205061043e-06
0.248141619573423,-1.64140854175289,-0.000563064704234478,0.000975443076390636,7.52333134238425e-07
0.248141619573423,-1.64140854175289,-0.000563064704234478,0.000975443076390636,7.52333134238425e-07
0.247578554869188,-1.6404330986765,-0.000563650527024701,0.000975973564016241,-1.01464481647184e-06
0.247578554869188,-1.6404330986765,-0.000563650527024701,0.000975973564016241,-1.01464481647184e-06
0.247014904342164,-1.63945712511249,-0.000564376867429328,0.000974381341293684,-2.75959923674699e-06
0.247014904342164,-1.63945712511249,-0.000564376867429328,0.000974381341293684,-2.75959923674699e-06
0.246450527474734,-1.63848274377119,-0.000565247412588926,0.000970684526385934,-4.46987941771053e-06
0.246450527474734,-1.63848274377119,-0.000565247412588926,0.000970684526385934,-4.46987941771053e-06
0.245885280062145,-1.63751205924481,-0.000566265511570047,0.00096491174938329,-6.13295426814091e-06
0.245885280062145,-1.63751205924481,-0.000566265511570047,0.00096491174938329,-6.13295426814091e-06
0.245319014550575,-1.63654714749542,-0.000567434095390923,0.000957102077833394,-7.73647308021383e-06
0.245319014550575,-1.63654714749542,-0.000567434095390923,0.000957102077833394,-7.73647308021383e-06
0.244751580455184,-1.63559004541759,-0.000568755604027915,0.000947304878757604,-9.26833118834736e-06
0.244751580455184,-1.63559004541759,-0.000568755604027915,0.000947304878757604,-9.26833118834736e-06
0.244182824851157,-1.63464274053883,-0.00057023192153699,0.000935579617506788,-1.07167412251934e-05
0.244182824851157,-1.63464274053883,-0.00057023192153699,0.000935579617506788,-1.07167412251934e-05
0.24361259292962,-1.63370716092133,-0.000571864320287913,0.000921995594187708,-1.2070310774263e-05
0.24361259292962,-1.63370716092133,-0.000571864320287913,0.000921995594187708,-1.2070310774263e-05
0.243040728609332,-1.63278516532714,-0.000573653415148784,0.000906631618921461,-1.33181274794636e-05
0.243040728609332,-1.63278516532714,-0.000573653415148784,0.000906631618921461,-1.33181274794636e-05
0.242467075194183,-1.63187853370822,-0.000575599128320142,0.000889575627680106,-1.44498530065011e-05
0.242467075194183,-1.63187853370822,-0.000575599128320142,0.000889575627680106,-1.44498530065011e-05
0.241891476065863,-1.63098895808054,-0.000577700665334302,0.000870924240836457,-1.54558273340486e-05
0.241891476065863,-1.63098895808054,-0.000577700665334302,0.000870924240836457,-1.54558273340486e-05
0.241313775400528,-1.6301180338397,-0.000579956502582385,0.000850782267066252,-1.6327185103106e-05
0.241313775400528,-1.6301180338397,-0.000579956502582385,0.000850782267066252,-1.6327185103106e-05
0.240733818897946,-1.62926725157263,-0.000582364386520456,0.000829262155629173,-1.70559857296955e-05
0.240733818897946,-1.62926725157263,-0.000582364386520456,0.000829262155629173,-1.70559857296955e-05
0.240151454511426,-1.628437989417,-0.000584921344567113,0.000806483400392688,-1.76353586872969e-05
0.240151454511426,-1.628437989417,-0.000584921344567113,0.000806483400392688,-1.76353586872969e-05
0.239566533166858,-1.62763150601661,-0.000587623707516333,0.0007825718993828,-1.80596648592414e-05
0.239566533166858,-1.62763150601661,-0.000587623707516333,0.0007825718993828,-1.80596648592414e-05
0.238978909459342,-1.62684893411723,-0.00059046714312716,0.000757659273938227,-1.83246737940582e-05
0.238978909459342,-1.62684893411723,-0.00059046714312716,0.000757659273938227,-1.83246737940582e-05
0.238388442316215,-1.62609127484329,-0.000593446700368178,0.000731882151846719,-1.84277550382095e-05
0.238388442316215,-1.62609127484329,-0.000593446700368178,0.000731882151846719,-1.84277550382095e-05
0.237794995615847,-1.62535939269144,-0.000596556863664222,0.000705381419077833,-1.83680793165803e-05
0.237794995615847,-1.62535939269144,-0.000596556863664222,0.000705381419077833,-1.83680793165803e-05
0.237198438752183,-1.62465401127237,-0.000599791616333861,0.000678301444976492,-1.81468222385959e-05
0.237198438752183,-1.62465401127237,-0.000599791616333861,0.000678301444976492,-1.81468222385959e-05
0.236598647135849,-1.62397570982739,-0.000603144512273501,0.000650789285879139,-1.77673591869531e-05
0.236598647135849,-1.62397570982739,-0.000603144512273501,0.000650789285879139,-1.77673591869531e-05
0.235995502623575,-1.62332492054151,-0.000606608754814553,0.00062299387233522,-1.72354357514459e-05
0.235995502623575,-1.62332492054151,-0.000606608754814553,0.00062299387233522,-1.72354357514459e-05
0.235388893868761,-1.62270192666918,-0.000610177281587687,0.000595065185169164,-1.65592936690455e-05
0.235388893868761,-1.62270192666918,-0.000610177281587687,0.000595065185169164,-1.65592936690455e-05
0.234778716587173,-1.62210686148401,-0.000613842854131158,0.00056715342569813,-1.57497286795471e-05
0.234778716587173,-1.62210686148401,-0.000613842854131158,0.00056715342569813,-1.57497286795471e-05
0.234164873733042,-1.62153970805831,-0.000617598150919441,0.000539408185444401,-1.48200550273316e-05
0.234164873733042,-1.62153970805831,-0.000617598150919441,0.000539408185444401,-1.48200550273316e-05
0.233547275582122,-1.62100029987286,-0.000621435862432823,0.000511977620648807,-1.37859526363225e-05
0.233547275582122,-1.62100029987286,-0.000621435862432823,0.000511977620648807,-1.37859526363225e-05
0.23292583971969,-1.62048832225222,-0.000625348786865376,0.000485007636835899,-1.26651783402754e-05
0.23292583971969,-1.62048832225222,-0.000625348786865376,0.000485007636835899,-1.26651783402754e-05
0.232300490932824,-1.62000331461538,-0.000629329925045441,0.000458641088605161,-1.14771324450355e-05
0.232300490932824,-1.62000331461538,-0.000629329925045441,0.000458641088605161,-1.14771324450355e-05
0.231671161007779,-1.61954467352677,-0.00063337257315807,0.000433016999678237,-1.02422859122545e-05
0.231671161007779,-1.61954467352677,-0.00063337257315807,0.000433016999678237,-1.02422859122545e-05
0.231037788434621,-1.6191116565271,-0.000637470411896768,0.000408269808092721,-8.98149018300088e-06
0.231037788434621,-1.6191116565271,-0.000637470411896768,0.000408269808092721,-8.98149018300088e-06
0.230400318022724,-1.618703386719,-0.000641617590709548,0.000384528641231618,-7.71520838985143e-06
0.230400318022724,-1.618703386719,-0.000641617590709548,0.000384528641231618,-7.71520838985143e-06
0.229758700432014,-1.61831885807777,-0.000645808805921244,0.000361916625151393,-6.46272049335285e-06
0.229758700432014,-1.61831885807777,-0.000645808805921244,0.000361916625151393,-6.46272049335285e-06
0.229112891626093,-1.61795694145262,-0.000650039371557665,0.00034055023240831,-5.24136239687066e-06
0.229112891626093,-1.61795694145262,-0.000650039371557665,0.00034055023240831,-5.24136239687066e-06
0.228462852254535,-1.61761639122021,-0.000654305281847928,0.000320538672382131,-4.06585884287663e-06
0.228462852254535,-1.61761639122021,-0.000654305281847928,0.000320538672382131,-4.06585884287663e-06
0.227808546972688,-1.61729585254783,-0.000658603264489438,0.000301983327686051,-2.94780108713337e-06
0.227808546972688,-1.61729585254783,-0.000658603264489438,0.000301983327686051,-2.94780108713337e-06
0.227149943708198,-1.61699386922014,-0.000662930823927294,0.000284977239992434,-1.89530503820555e-06
0.227149943708198,-1.61699386922014,-0.000662930823927294,0.000284977239992434,-1.89530503820555e-06
0.226487012884271,-1.61670889198015,-0.000667286274028761,0.000269604648312383,-9.12866491724774e-07
0.226487012884271,-1.61670889198015,-0.000667286274028761,0.000269604648312383,-9.12866491724774e-07
0.225819726610242,-1.61643928733184,-0.000671668759720551,0.000255940582301495,-1.41078011317401e-09
0.225819726610242,-1.61643928733184,-0.000671668759720551,0.000255940582301495,-1.41078011317401e-09
0.225148057850521,-1.61618334674954,-0.000676078267314806,0.000244050512884675,8.41482122349328e-07
0.225148057850521,-1.61618334674954,-0.000676078267314806,0.000244050512884675,8.41482122349328e-07
0.224471979583207,-1.61593929623665,-0.000680515623449646,0.000233990062092237,1.62120726003633e-06
0.224471979583207,-1.61593929623665,-0.000680515623449646,0.000233990062092237,1.62120726003633e-06
0.223791463959757,-1.61570530617456,-0.000684982482705404,0.00022580477357681,2.34565514031662e-06
0.223791463959757,-1.61570530617456,-0.000684982482705404,0.00022580477357681,2.34565514031662e-06
0.223106481477052,-1.61547950140098,-0.000689481304176176,0.000219529944877062,3.0246595833412e-06
0.223106481477052,-1.61547950140098,-0.000689481304176176,0.000219529944877062,3.0246595833412e-06
0.222417000172875,-1.61525997145611,-0.000694015317393409,0.000215190522161457,3.66940662633718e-06
0.222417000172875,-1.61525997145611,-0.000694015317393409,0.000215190522161457,3.66940662633718e-06
0.221722984855482,-1.61504478093395,-0.000698588478183049,0.00021280105768362,4.29183311768954e-06
0.221722984855482,-1.61504478093395,-0.000698588478183049,0.00021280105768362,4.29183311768954e-06
0.221024396377299,-1.61483197987626,-0.000703205415151703,0.000212365729809427,4.90403816373933e-06
0.221024396377299,-1.61483197987626,-0.000703205415151703,0.000212365729809427,4.90403816373933e-06
0.220321190962147,-1.61461961414645,-0.000707871367626678,0.000213878425140646,5.51772562782445e-06
0.220321190962147,-1.61461961414645,-0.000707871367626678,0.000213878425140646,5.51772562782445e-06
0.219613319594521,-1.61440573572131,-0.000712592115987509,0.00021732288174503,6.14369220769786e-06
0.219613319594521,-1.61440573572131,-0.000712592115987509,0.00021732288174503,6.14369220769786e-06
0.218900727478533,-1.61418841283957,-0.000717373905423785,0.000222672892142839,6.7913731968633e-06
0.218900727478533,-1.61418841283957,-0.000717373905423785,0.000222672892142839,6.7913731968633e-06
0.218183353573109,-1.61396573994742,-0.000722223364214347,0.000229892564386214,7.4684566203811e-06
0.218183353573109,-1.61396573994742,-0.000722223364214347,0.000229892564386214,7.4684566203811e-06
0.217461130208895,-1.61373584738304,-0.000727147417647872,0.000238936639145315,8.18057567959979e-06
0.217461130208895,-1.61373584738304,-0.000727147417647872,0.000238936639145315,8.18057567959979e-06
0.216733982791247,-1.61349691074389,-0.000732153198767516,0.000249750860360054,8.93108854018517e-06
0.216733982791247,-1.61349691074389,-0.000732153198767516,0.000249750860360054,8.93108854018517e-06
0.21600182959248,-1.61324715988353,-0.000737247957141252,0.000262272396740482,9.72095284575126e-06
0.21600182959248,-1.61324715988353,-0.000737247957141252,0.000262272396740482,9.72095284575126e-06
0.215264581635338,-1.61298488748679,-0.000742438966813058,0.000276430310929943,1.05486999165667e-05
0.215264581635338,-1.61298488748679,-0.000742438966813058,0.000276430310929943,1.05486999165667e-05
0.214522142668525,-1.61270845717586,-0.000747733434608211,0.000292146073016752,1.14105096483573e-05
0.214522142668525,-1.61270845717586,-0.000747733434608211,0.000292146073016752,1.14105096483573e-05
0.213774409233917,-1.61241631110284,-0.000753138409913257,0.000309334114721782,1.23003822693296e-05
0.213774409233917,-1.61241631110284,-0.000753138409913257,0.000309334114721782,1.23003822693296e-05
0.213021270824004,-1.61210697698812,-0.000758660696990515,0.000327902420324655,1.3210397632366e-05
0.213021270824004,-1.61210697698812,-0.000758660696990515,0.000327902420324655,1.3210397632366e-05
0.212262610127013,-1.6117790745678,-0.000764306770826839,0.000347753150157892,1.41310472833212e-05
0.212262610127013,-1.6117790745678,-0.000764306770826839,0.000347753150157892,1.41310472833212e-05
0.211498303356186,-1.61143132141764,-0.000770082697417324,0.000368783292334918,1.50516199754999e-05
0.211498303356186,-1.61143132141764,-0.000770082697417324,0.000368783292334918,1.50516199754999e-05
0.210728220658769,-1.61106253812531,-0.000775994059312196,0.000390885338203528,1.59606182196178e-05
0.210728220658769,-1.61106253812531,-0.000775994059312196,0.000390885338203528,1.59606182196178e-05
0.209952226599457,-1.6106716527871,-0.000782045887158744,0.000413947976868556,1.68461823666887e-05
0.209952226599457,-1.6106716527871,-0.000782045887158744,0.000413947976868556,1.68461823666887e-05
0.209170180712298,-1.61025770481023,-0.000788242597838301,0.0004378568040182,1.76964998401606e-05
0.209170180712298,-1.61025770481023,-0.000788242597838301,0.0004378568040182,1.76964998401606e-05
0.20838193811446,-1.60981984800622,-0.000794587939715402,0.000462495040222555,1.85001800657055e-05
0.20838193811446,-1.60981984800622,-0.000794587939715402,0.000462495040222555,1.85001800657055e-05
0.207587350174745,-1.60935735296599,-0.000801084945367625,0.000487744253835798,1.92465801104454e-05
0.207587350174745,-1.60935735296599,-0.000801084945367625,0.000487744253835798,1.92465801104454e-05
0.206786265229377,-1.60886960871216,-0.000807735892078387,0.000513485083611265,1.9926071181987e-05
0.206786265229377,-1.60886960871216,-0.000807735892078387,0.000513485083611265,1.9926071181987e-05
0.205978529337298,-1.60835612362855,-0.000814542270249935,0.000539597956143112,2.05302414472018e-05
0.205978529337298,-1.60835612362855,-0.000814542270249935,0.000539597956143112,2.05302414472018e-05
0.205163987067049,-1.6078165256724,-0.000821504759774633,0.000565963793379254,2.10520353733955e-05
0.205163987067049,-1.6078165256724,-0.000821504759774633,0.000565963793379254,2.10520353733955e-05
0.204342482307274,-1.60725056187902,-0.000828623214316371,0.00059246470555685,2.14858334937542e-05
0.204342482307274,-1.60725056187902,-0.000828623214316371,0.00059246470555685,2.14858334937542e-05
0.203513859092958,-1.60665809717347,-0.000835896653310547,0.000618984664935596,2.18274793908197e-05
0.203513859092958,-1.60665809717347,-0.000835896653310547,0.000618984664935596,2.18274793908197e-05
0.202677962439647,-1.60603911250853,-0.000843323261445844,0.000645410155978299,2.20742621023689e-05
0.202677962439647,-1.60603911250853,-0.000843323261445844,0.000645410155978299,2.20742621023689e-05
0.201834639178201,-1.60539370235255,-0.000850900395266196,0.000671630797783873,2.22248628214509e-05
0.201834639178201,-1.60539370235255,-0.000850900395266196,0.000671630797783873,2.22248628214509e-05
0.200983738782935,-1.60472207155477,-0.000858624596487001,0.000697539934847669,2.22792744579866e-05
0.200983738782935,-1.60472207155477,-0.000858624596487001,0.000697539934847669,2.22792744579866e-05
0.200125114186448,-1.60402453161992,-0.000866491611544923,0.000723035192446986,2.2238701983416e-05
0.200125114186448,-1.60402453161992,-0.000866491611544923,0.000723035192446986,2.2238701983416e-05
0.199258622574903,-1.60330149642747,-0.000874496416865295,0.000748018993362631,2.21054502008444e-05
0.199258622574903,-1.60330149642747,-0.000874496416865295,0.000748018993362631,2.21054502008444e-05
0.198384126158038,-1.60255347743411,-0.000882633249273207,0.000772399032816784,2.18828045798372e-05
0.198384126158038,-1.60255347743411,-0.000882633249273207,0.000772399032816784,2.18828045798372e-05
0.197501492908765,-1.60178107840129,-0.000890895640966533,0.000796088708984399,2.15749095003287e-05
0.197501492908765,-1.60178107840129,-0.000890895640966533,0.000796088708984399,2.15749095003287e-05
0.196610597267798,-1.60098498969231,-0.000899276458471293,0.000819007506770664,2.11866471586761e-05
0.196610597267798,-1.60098498969231,-0.000899276458471293,0.000819007506770664,2.11866471586761e-05
0.195711320809327,-1.60016598218554,-0.000907767944986565,0.000841081332925375,2.07235195121851e-05
0.195711320809327,-1.60016598218554,-0.000907767944986565,0.000841081332925375,2.07235195121851e-05
0.19480355286434,-1.59932490085261,-0.000916361765541746,0.000862242801011881,2.01915349217769e-05
0.19480355286434,-1.59932490085261,-0.000916361765541746,0.000862242801011881,2.01915349217769e-05
0.193887191098798,-1.5984626580516,-0.00092504905443741,0.000882431465229594,1.95971004408367e-05
0.193887191098798,-1.5984626580516,-0.00092504905443741,0.000882431465229594,1.95971004408367e-05
0.192962142044361,-1.59758022658637,-0.000933820464462443,0.0009015940024244,1.89469204088556e-05
0.192962142044361,-1.59758022658637,-0.000933820464462443,0.0009015940024244,1.89469204088556e-05
0.192028321579899,-1.59667863258395,-0.000942666217408711,0.000919684342163052,1.82479016238098e-05
0.192028321579899,-1.59667863258395,-0.000942666217408711,0.000919684342163052,1.82479016238098e-05
0.19108565536249,-1.59575894824179,-0.000951576155490408,0.000936663745107147,1.75070652149456e-05
0.19108565536249,-1.59575894824179,-0.000951576155490408,0.000936663745107147,1.75070652149456e-05
0.190134079206999,-1.59482228449668,-0.000960539793294662,0.000952500830414982,1.67314651833934e-05
0.190134079206999,-1.59482228449668,-0.000960539793294662,0.000952500830414982,1.67314651833934e-05
0.189173539413705,-1.59386978366626,-0.000969546369956165,0.000967171553282409,1.59281135578967e-05
0.189173539413705,-1.59386978366626,-0.000969546369956165,0.000967171553282409,1.59281135578967e-05
0.188203993043749,-1.59290261211298,-0.000978584901301094,0.000980659134176776,1.51039120045414e-05
0.188203993043749,-1.59290261211298,-0.000978584901301094,0.000980659134176776,1.51039120045414e-05
0.187225408142448,-1.5919219529788,-0.000987644231737056,0.000992953941641117,1.42655898338739e-05
0.187225408142448,-1.5919219529788,-0.000987644231737056,0.000992953941641117,1.42655898338739e-05
0.18623776391071,-1.59092899903716,-0.000996713085719497,0.00100405333096831,1.34196482588608e-05
0.18623776391071,-1.59092899903716,-0.000996713085719497,0.00100405333096831,1.34196482588608e-05
0.185241050824991,-1.58992494570619,-0.00100578011865471,0.00101396144131427,1.25723107833968e-05
0.185241050824991,-1.58992494570619,-0.00100578011865471,0.00101396144131427,1.25723107833968e-05
0.184235270706336,-1.58891098426488,-0.00101483396712312,0.00102268895407098,1.17294797149041e-05
0.184235270706336,-1.58891098426488,-0.00101483396712312,0.00102268895407098,1.17294797149041e-05
0.183220436739213,-1.58788829531081,-0.00102386329833506,0.00103025281566338,1.08966986616342e-05
0.183220436739213,-1.58788829531081,-0.00102386329833506,0.00103025281566338,1.08966986616342e-05
0.182196573440878,-1.58685804249515,-0.00103285685874066,0.00103667592804779,1.00791209917406e-05
0.182196573440878,-1.58685804249515,-0.00103285685874066,0.00103667592804779,1.00791209917406e-05
0.181163716582137,-1.5858213665671,-0.00104180352173869,0.00104198681040146,9.28148418111088e-06
0.181163716582137,-1.5858213665671,-0.00104180352173869,0.00104198681040146,9.28148418111088e-06
0.180121913060399,-1.5847793797567,-0.00105069233439323,0.00104621923564929,8.50808994412892e-06
0.180121913060399,-1.5847793797567,-0.00105069233439323,0.00104621923564929,8.50808994412892e-06
0.179071220726005,-1.58373316052105,-0.00105951256311659,0.00104941184546847,7.76279007440621e-06
0.179071220726005,-1.58373316052105,-0.00105951256311659,0.00104941184546847,7.76279007440621e-06
0.178011708162889,-1.58268374867558,-0.00106825373823258,0.00105160774752688,7.04897787903703e-06
0.178011708162889,-1.58268374867558,-0.00106825373823258,0.00105160774752688,7.04897787903703e-06
0.176943454424656,-1.58163214092805,-0.00107690569733501,0.00105285409871425,6.3695850586428e-06
0.176943454424656,-1.58163214092805,-0.00107690569733501,0.00105285409871425,6.3695850586428e-06
0.175866548727321,-1.58057928682934,-0.00108545862733928,0.00105320167810885,5.72708384160452e-06
0.175866548727321,-1.58057928682934,-0.00108545862733928,0.00105320167810885,5.72708384160452e-06
0.174781090099982,-1.57952608515123,-0.00109390310513621,0.00105270445333194,5.1234940916722e-06
0.174781090099982,-1.57952608515123,-0.00109390310513621,0.00105270445333194,5.1234940916722e-06
0.173687186994846,-1.5784733806979,-0.00110223013670324,0.00105141914381934,4.56039516611492e-06
0.173687186994846,-1.5784733806979,-0.00110223013670324,0.00105141914381934,4.56039516611492e-06
0.172584956858143,-1.57742196155408,-0.00111043119454612,0.00104940478446158,4.03894215546111e-06
0.172584956858143,-1.57742196155408,-0.00111043119454612,0.00104940478446158,4.03894215546111e-06
0.171474525663596,-1.57637255676962,-0.0011184982533341,0.00104672229284963,3.55988613399689e-06
0.171474525663596,-1.57637255676962,-0.0011184982533341,0.00104672229284963,3.55988613399689e-06
0.170356027410262,-1.57532583447677,-0.00112642382356737,0.00104343404320661,3.12359800883608e-06
0.170356027410262,-1.57532583447677,-0.00112642382356737,0.00104343404320661,3.12359800883608e-06
0.169229603586695,-1.57428240043356,-0.00113420098313696,0.00103960344987275,2.73009545494196e-06
0.169229603586695,-1.57428240043356,-0.00113420098313696,0.00103960344987275,2.73009545494196e-06
0.168095402603558,-1.57324279698369,-0.00114182340661997,0.00103529456293949,2.37907246249309e-06
0.168095402603558,-1.57324279698369,-0.00114182340661997,0.00103529456293949,2.37907246249309e-06
0.166953579196938,-1.57220750242075,-0.00114928539217579,0.00103057167841714,2.06993096680034e-06
0.166953579196938,-1.57220750242075,-0.00114928539217579,0.00103057167841714,2.06993096680034e-06
0.165804293804762,-1.57117693074233,-0.00115658188591261,0.00102549896508686,1.80181396977532e-06
0.165804293804762,-1.57117693074233,-0.00115658188591261,0.00102549896508686,1.80181396977532e-06
0.16464771191885,-1.57015143177724,-0.0011637085036271,0.00102014010986085,1.57363958075201e-06
0.16464771191885,-1.57015143177724,-0.0011637085036271,0.00102014010986085,1.57363958075201e-06
0.163484003415223,-1.56913129166738,-0.00117066154982712,0.00101455798322148,1.38413541814686e-06
0.163484003415223,-1.56913129166738,-0.00117066154982712,0.00101455798322148,1.38413541814686e-06
0.162313341865395,-1.56811673368416,-0.00117743803399314,0.00100881432604116,1.23187279850098e-06
0.162313341865395,-1.56811673368416,-0.00117743803399314,0.00100881432604116,1.23187279850098e-06
0.161135903831402,-1.56710791935812,-0.00118403568406136,0.00100296945880318,1.11530015211463e-06
0.161135903831402,-1.56710791935812,-0.00118403568406136,0.00100296945880318,1.11530015211463e-06
0.159951868147341,-1.56610494989932,-0.00119045295714454,0.00099708201394888,1.0327751612969e-06
0.159951868147341,-1.56610494989932,-0.00119045295714454,0.00099708201394888,1.0327751612969e-06
0.158761415190196,-1.56510786788537,-0.00119668904754244,0.000991208691823342,9.8259515934028e-07
0.158761415190196,-1.56510786788537,-0.00119668904754244,0.000991208691823342,9.8259515934028e-07
0.157564726142654,-1.56411665919354,-0.0012027438921306,0.000985404040444893,9.63025358270047e-07
0.157564726142654,-1.56411665919354,-0.0012027438921306,0.000985404040444893,9.63025358270047e-07
0.156361982250523,-1.5631312551531,-0.001208618173235,0.00097972025907378,9.72324561565683e-07
0.156361982250523,-1.5631312551531,-0.001208618173235,0.00097972025907378,9.72324561565683e-07
0.155153364077288,-1.56215153489403,-0.00121431331915731,0.000974207025313145,1.00876804470839e-06
0.155153364077288,-1.56215153489403,-0.00121431331915731,0.000974207025313145,1.00876804470839e-06
0.153939050758131,-1.56117732786871,-0.00121983150249177,0.000968911345278434,1.07066741586426e-06
0.153939050758131,-1.56117732786871,-0.00121983150249177,0.000968911345278434,1.07066741586426e-06
0.152719219255639,-1.56020841652343,-0.00122517563640981,0.000963877426211068,1.15638730359391e-06
0.152719219255639,-1.56020841652343,-0.00122517563640981,0.000963877426211068,1.15638730359391e-06
0.151494043619229,-1.55924453909722,-0.00123034936911767,0.000959146570708169,1.26435879091598e-06
0.151494043619229,-1.55924453909722,-0.00123034936911767,0.000959146570708169,1.26435879091598e-06
0.150263694250112,-1.55828539252652,-0.00123535707664962,0.000954757091640834,1.39308961391647e-06
0.150263694250112,-1.55828539252652,-0.00123535707664962,0.000954757091640834,1.39308961391647e-06
0.149028337173462,-1.55733063543487,-0.00124020385418908,0.000950744246701385,1.54117117387941e-06
0.149028337173462,-1.55733063543487,-0.00124020385418908,0.000950744246701385,1.54117117387941e-06
0.147788133319273,-1.55637989118817,-0.0012448955060764,0.000947140191424944,1.70728253951684e-06
0.147788133319273,-1.55637989118817,-0.0012448955060764,0.000947140191424944,1.70728253951684e-06
0.146543237813197,-1.55543275099675,-0.0012494385346542,0.000943973949525834,1.89019158335123e-06
0.146543237813197,-1.55543275099675,-0.0012494385346542,0.000943973949525834,1.89019158335123e-06
0.145293799278542,-1.55448877704722,-0.00125384012806862,0.000941271399288679,2.08875351851595e-06
0.145293799278542,-1.55448877704722,-0.00125384012806862,0.000941271399288679,2.08875351851595e-06
0.144039959150474,-1.55354750564793,-0.00125810814715813,0.000939055274731038,2.30190713663525e-06
0.144039959150474,-1.55354750564793,-0.00125810814715813,0.000939055274731038,2.30190713663525e-06
0.142781851003316,-1.5526084503732,-0.00126225111148265,0.000937345180361593,2.52866907714385e-06
0.142781851003316,-1.5526084503732,-0.00126225111148265,0.000937345180361593,2.52866907714385e-06
0.141519599891833,-1.55167110519284,-0.00126627818456879,0.000936157618345534,2.76812646709482e-06
0.141519599891833,-1.55167110519284,-0.00126627818456879,0.000936157618345534,2.76812646709482e-06
0.140253321707264,-1.5507349475745,-0.00127019915839477,0.000935506026968236,3.01942828925318e-06
0.140253321707264,-1.5507349475745,-0.00127019915839477,0.000935506026968236,3.01942828925318e-06
0.13898312254887,-1.54979944154753,-0.00127402443711588,0.000935400829351174,3.28177584155501e-06
0.13898312254887,-1.54979944154753,-0.00127402443711588,0.000935400829351174,3.28177584155501e-06
0.137709098111754,-1.54886404071818,-0.00127776502001284,0.000935849491442653,3.55441267904091e-06
0.137709098111754,-1.54886404071818,-0.00127776502001284,0.000935849491442653,3.55441267904091e-06
0.136431333091741,-1.54792819122673,-0.00128143248362309,0.000936856588441781,3.83661441989203e-06
0.136431333091741,-1.54792819122673,-0.00128143248362309,0.000936856588441781,3.83661441989203e-06
0.135149900608118,-1.54699133463829,-0.00128503896302712,0.000938423878912076,4.12767873298045e-06
0.135149900608118,-1.54699133463829,-0.00128503896302712,0.000938423878912076,4.12767873298045e-06
0.133864861645091,-1.54605291075938,-0.00128859713221477,0.000940550385944094,4.4269158578328e-06
0.133864861645091,-1.54605291075938,-0.00128859713221477,0.000940550385944094,4.4269158578328e-06
0.132576264512876,-1.54511236037344,-0.00129212018349131,0.000943232484815537,4.73363994945393e-06
0.132576264512876,-1.54511236037344,-0.00129212018349131,0.000943232484815537,4.73363994945393e-06
0.131284144329385,-1.54416912788862,-0.00129562180585358,0.000946463996723379,5.04716152752637e-06
0.131284144329385,-1.54416912788862,-0.00129562180585358,0.000946463996723379,5.04716152752637e-06
0.129988522523531,-1.5432226638919,-0.0012991161622842,0.000950236288255191,5.3667812569603e-06
0.129988522523531,-1.5432226638919,-0.0012991161622842,0.000950236288255191,5.3667812569603e-06
0.128689406361247,-1.54227242760364,-0.00130261786593161,0.000954538376326752,5.69178521912859e-06
0.128689406361247,-1.54227242760364,-0.00130261786593161,0.000954538376326752,5.69178521912859e-06
0.127386788495315,-1.54131788922731,-0.00130614195514275,0.000959357038347708,6.02144184799151e-06
0.127386788495315,-1.54131788922731,-0.00130614195514275,0.000959357038347708,6.02144184799151e-06
0.126080646540172,-1.54035853218897,-0.00130970386734358,0.000964676927464048,6.35500059826275e-06
0.126080646540172,-1.54035853218897,-0.00130970386734358,0.000964676927464048,6.35500059826275e-06
0.124770942672829,-1.5393938552615,-0.00131331941176506,0.000970480692732867,6.69169242445292e-06
0.124770942672829,-1.5393938552615,-0.00131331941176506,0.000970480692732867,6.69169242445292e-06
0.123457623261064,-1.53842337456877,-0.00131700474103033,0.000976749104159236,7.03073204577544e-06
0.123457623261064,-1.53842337456877,-0.00131700474103033,0.000976749104159236,7.03073204577544e-06
0.122140618520033,-1.53744662546461,-0.00132077632162166,0.000983461182510803,7.37132190425601e-06
0.122140618520033,-1.53744662546461,-0.00132077632162166,0.000983461182510803,7.37132190425601e-06
0.120819842198412,-1.5364631642821,-0.0013246509032602,0.000990594333748485,7.71265776819885e-06
0.120819842198412,-1.5364631642821,-0.0013246509032602,0.000990594333748485,7.71265776819885e-06
0.119495191295152,-1.53547256994835,-0.00132864548724218,0.000998124487977758,8.05393580480436e-06
0.119495191295152,-1.53547256994835,-0.00132864548724218,0.000998124487977758,8.05393580480436e-06
0.118166545807909,-1.53447444546037,-0.0013327772937558,0.00100602624277268,8.39436091156398e-06
0.118166545807909,-1.53447444546037,-0.0013327772937558,0.00100602624277268,8.39436091156398e-06
0.116833768514154,-1.5334684192176,-0.00133706372820852,0.00101427301063528,8.73315610914094e-06
0.116833768514154,-1.5334684192176,-0.00133706372820852,0.00101427301063528,8.73315610914094e-06
0.115496704785945,-1.53245414620697,-0.00134152234659687,0.00102283717033402,9.06957271072737e-06
0.115496704785945,-1.53245414620697,-0.00134152234659687,0.00102283717033402,9.06957271072737e-06
0.114155182439348,-1.53143130903663,-0.00134617081991589,0.00103169022178773,9.40290099125875e-06
0.114155182439348,-1.53143130903663,-0.00134617081991589,0.00103169022178773,9.40290099125875e-06
0.112809011619432,-1.53039961881484,-0.00135102689760261,0.00104080294408226,9.73248107204346e-06
0.112809011619432,-1.53039961881484,-0.00135102689760261,0.00104080294408226,9.73248107204346e-06
0.11145798472183,-1.52935881587076,-0.00135610837000741,0.00105014555613336,1.00577136993138e-05
0.11145798472183,-1.52935881587076,-0.00135610837000741,0.00105014555613336,1.00577136993138e-05
0.110101876351822,-1.52830867031463,-0.00136143302985765,0.00105968787942046,1.03780706480977e-05
0.110101876351822,-1.52830867031463,-0.00136143302985765,0.00105968787942046,1.03780706480977e-05
0.108740443321965,-1.52724898243521,-0.0013670186326631,0.00106939950219553,1.06931044265061e-05
0.108740443321965,-1.52724898243521,-0.0013670186326631,0.00106939950219553,1.06931044265061e-05
0.107373424689301,-1.52617958293301,-0.00137288285602959,0.00107924994440811,1.10024570171201e-05
0.107373424689301,-1.52617958293301,-0.00137288285602959,0.00107924994440811,1.10024570171201e-05
0.106000541833272,-1.5251003329886,-0.00137904325781615,0.00108920882257046,1.13058673858321e-05
0.106000541833272,-1.5251003329886,-0.00137904325781615,0.00108920882257046,1.13058673858321e-05
0.104621498575456,-1.52401112416603,-0.00138551723307175,0.00109924601369271,1.16031775813505e-05
0.104621498575456,-1.52401112416603,-0.00138551723307175,0.00109924601369271,1.16031775813505e-05
0.103235981342384,-1.52291187815234,-0.00139232196969793,0.00110933181742934,1.18943371460486e-05
0.103235981342384,-1.52291187815234,-0.00139232196969793,0.00110933181742934,1.18943371460486e-05
0.101843659372686,-1.52180254633491,-0.00139947440278167,0.00111943711540419,1.2179405757314e-05
0.101843659372686,-1.52180254633491,-0.00139947440278167,0.00111943711540419,1.2179405757314e-05
0.100444184969904,-1.52068310921951,-0.00140699116756778,0.0011295335267496,1.24585539737277e-05
0.100444184969904,-1.52068310921951,-0.00140699116756778,0.0011295335267496,1.24585539737277e-05
0.0990371938023366,-1.51955357569276,-0.00141488855106706,0.00113959355884563,1.27320619526588e-05
0.0990371938023366,-1.51955357569276,-0.00141488855106706,0.00113959355884563,1.27320619526588e-05
0.0976223052512696,-1.51841398213391,-0.00142318244228101,0.00114959075218746,1.30003161919971e-05
0.0976223052512696,-1.51841398213391,-0.00142318244228101,0.00114959075218746,1.30003161919971e-05
0.0961991228089886,-1.51726439138172,-0.00143188828111056,0.00115949981837549,1.32638042531664e-05
0.0961991228089886,-1.51726439138172,-0.00143188828111056,0.00115949981837549,1.32638042531664e-05
0.094767234527878,-1.51610489156335,-0.00144102100598374,0.00116929677023458,1.35231075692754e-05
0.094767234527878,-1.51610489156335,-0.00144102100598374,0.00116929677023458,1.35231075692754e-05
0.0933262135218943,-1.51493559479311,-0.00145059500031947,0.00117895904312615,1.3778892347253e-05
0.0933262135218943,-1.51493559479311,-0.00145059500031947,0.00117895904312615,1.3778892347253e-05
0.0918756185215748,-1.51375663574999,-0.00146062403796796,0.00118846560644958,1.40318988053963e-05
0.0918756185215748,-1.51375663574999,-0.00146062403796796,0.00118846560644958,1.40318988053963e-05
0.0904149944836068,-1.51256817014354,-0.0014711212277809,0.00119779706460288,1.42829288504896e-05
0.0904149944836068,-1.51256817014354,-0.0014711212277809,0.00119779706460288,1.42829288504896e-05
0.088943873255826,-1.51137037307894,-0.00148209895752213,0.00120693574662978,1.45328323857582e-05
0.088943873255826,-1.51137037307894,-0.00148209895752213,0.00120693574662978,1.45328323857582e-05
0.0874617742983038,-1.51016343733231,-0.00149356883732944,0.00121586578391275,1.47824924651018e-05
0.0874617742983038,-1.51016343733231,-0.00149356883732944,0.00121586578391275,1.47824924651018e-05
0.0859682054609744,-1.50894757154839,-0.00150554164297109,0.00122457317536662,1.50328095794643e-05
0.0859682054609744,-1.50894757154839,-0.00150554164297109,0.00122457317536662,1.50328095794643e-05
0.0844626638180033,-1.50772299837303,-0.00151802725918541,0.00123304583975248,1.52846852840885e-05
0.0844626638180033,-1.50772299837303,-0.00151802725918541,0.00123304583975248,1.52846852840885e-05
0.0829446365588179,-1.50648995253327,-0.00153103462337821,0.00124127365482196,1.55390054471191e-05
0.0829446365588179,-1.50648995253327,-0.00153103462337821,0.00124127365482196,1.55390054471191e-05
0.0814136019354397,-1.50524867887845,-0.00154457166995398,0.00124924848316921,1.57966234052231e-05
0.0814136019354397,-1.50524867887845,-0.00154457166995398,0.00124924848316921,1.57966234052231e-05
0.0798690302654857,-1.50399943039528,-0.00155864527560565,0.00125696418477217,1.60583433073125e-05
0.0798690302654857,-1.50399943039528,-0.00155864527560565,0.00125696418477217,1.60583433073125e-05
0.07831038498988,-1.50274246621051,-0.00157326120586734,0.00126441661637888,1.63249038953868e-05
0.07831038498988,-1.50274246621051,-0.00157326120586734,0.00126441661637888,1.63249038953868e-05
0.0767371237840127,-1.50147804959413,-0.00158842406324967,0.00127160361797185,1.65969629616564e-05
0.0767371237840127,-1.50147804959413,-0.00158842406324967,0.00127160361797185,1.65969629616564e-05
0.075148699720763,-1.50020644597616,-0.00160413723725909,0.0012785249866496,1.68750827907981e-05
0.075148699720763,-1.50020644597616,-0.00160413723725909,0.0012785249866496,1.68750827907981e-05
0.0735445624835039,-1.49892792098951,-0.0016204028566366,0.00128518243842612,1.71597167516985e-05
0.0735445624835039,-1.49892792098951,-0.0016204028566366,0.00128518243842612,1.71597167516985e-05
0.0719241596268673,-1.49764273855108,-0.00163722174413246,0.00129157955845915,1.7451197326632e-05
0.0719241596268673,-1.49764273855108,-0.00163722174413246,0.00129157955845915,1.7451197326632e-05
0.0702869378827349,-1.49635115899263,-0.0016545933741447,0.00129772174040843,1.77497256849597e-05
0.0702869378827349,-1.49635115899263,-0.0016545933741447,0.00129772174040843,1.77497256849597e-05
0.0686323445085902,-1.49505343725222,-0.00167251583354576,0.00130361611556817,1.80553629850933e-05
0.0686323445085902,-1.49505343725222,-0.00167251583354576,0.00130361611556817,1.80553629850933e-05
0.0669598286750444,-1.49374982113665,-0.00169098578600431,0.00130927147252913,1.83680235833349e-05
0.0669598286750444,-1.49374982113665,-0.00169098578600431,0.00130927147252913,1.83680235833349e-05
0.0652688428890401,-1.49244054966412,-0.00170999844013706,0.00131469816820595,1.8687470160116e-05
0.0652688428890401,-1.49244054966412,-0.00170999844013706,0.00131469816820595,1.8687470160116e-05
0.063558844448903,-1.49112585149591,-0.00172954752181112,0.00131990803096227,1.90133109137878e-05
0.063558844448903,-1.49112585149591,-0.00172954752181112,0.00131990803096227,1.90133109137878e-05
0.0618292969270919,-1.48980594346495,-0.00174962525091753,0.00132491425670977,1.93449988230253e-05
0.0618292969270919,-1.48980594346495,-0.00174962525091753,0.00132491425670977,1.93449988230253e-05
0.0600796716761744,-1.48848102920824,-0.00177022232293392,0.00132973129880498,1.96818329418064e-05
0.0600796716761744,-1.48848102920824,-0.00177022232293392,0.00132973129880498,1.96818329418064e-05
0.0583094493532405,-1.48715129790944,-0.00179132789556039,0.00133437475253584,2.00229617457982e-05
0.0583094493532405,-1.48715129790944,-0.00179132789556039,0.00133437475253584,2.00229617457982e-05
0.0565181214576801,-1.4858169231569,-0.00181292958073432,0.00133886123502025,2.03673884104695e-05
0.0565181214576801,-1.4858169231569,-0.00181292958073432,0.00133886123502025,2.03673884104695e-05
0.0547051918769458,-1.48447806192188,-0.00183501344225805,0.00134320826130629,2.0713977931732e-05
0.0547051918769458,-1.48447806192188,-0.00183501344225805,0.00134320826130629,2.0713977931732e-05
0.0528701784346877,-1.48313485366057,-0.00185756399929268,0.00134743411740224,2.1061465936056e-05
0.0528701784346877,-1.48313485366057,-0.00185756399929268,0.00134743411740224,2.1061465936056e-05
0.051012614435395,-1.48178741954317,-0.00188056423590151,0.00135155773095397,2.14084690633122e-05
0.051012614435395,-1.48178741954317,-0.00188056423590151,0.00135155773095397,2.14084690633122e-05
0.0491320501994935,-1.48043586181222,-0.00190399561682063,0.00135559854028888,2.1753496728148e-05
0.0491320501994935,-1.48043586181222,-0.00190399561682063,0.00135559854028888,2.1753496728148e-05
0.0472280545826729,-1.47908026327193,-0.00192783810957423,0.00135957636252271,2.2094964040448e-05
0.0472280545826729,-1.47908026327193,-0.00192783810957423,0.00135957636252271,2.2094964040448e-05
0.0453002164730986,-1.47772068690941,-0.00195207021301727,0.00136351126135037,2.24312056947215e-05
0.0453002164730986,-1.47772068690941,-0.00195207021301727,0.00136351126135037,2.24312056947215e-05
0.0433481462600814,-1.47635717564806,-0.00197666899233778,0.00136742341516016,2.27604905916707e-05
0.0433481462600814,-1.47635717564806,-0.00197666899233778,0.00136742341516016,2.27604905916707e-05
0.0413714772677436,-1.4749897522329,-0.00200161012051651,0.00137133298603898,2.30810370009313e-05
0.0413714772677436,-1.4749897522329,-0.00200161012051651,0.00137133298603898,2.30810370009313e-05
0.0393698671472271,-1.47361841924686,-0.00202686792619074,0.00137525999027543,2.33910280545728e-05
0.0393698671472271,-1.47361841924686,-0.00202686792619074,0.00137525999027543,2.33910280545728e-05
0.0373429992210363,-1.47224315925658,-0.00205241544783064,0.00137922417095737,2.36886273572022e-05
0.0373429992210363,-1.47224315925658,-0.00205241544783064,0.00137922417095737,2.36886273572022e-05
0.0352905837732057,-1.47086393508562,-0.00207822449409601,0.00138324487323938,2.39719945168246e-05
0.0352905837732057,-1.47086393508562,-0.00207822449409601,0.00138324487323938,2.39719945168246e-05
0.0332123592791097,-1.46948069021238,-0.00210426571020985,0.00138734092284065,2.42393004331615e-05
0.0332123592791097,-1.46948069021238,-0.00210426571020985,0.00138734092284065,2.42393004331615e-05
0.0311080935688998,-1.46809334928954,-0.00213050865012743,0.00139153050839735,2.44887422054052e-05
0.0311080935688998,-1.46809334928954,-0.00213050865012743,0.00139153050839735,2.44887422054052e-05
0.0289775849187724,-1.46670181878115,-0.00215692185427764,0.00139583106829666,2.47185574627491e-05
0.0289775849187724,-1.46670181878115,-0.00215692185427764,0.00139583106829666,2.47185574627491e-05
0.0268206630644948,-1.46530598771285,-0.00218347293260483,0.00140025918255637,2.4927038067927e-05
0.0268206630644948,-1.46530598771285,-0.00218347293260483,0.00140025918255637,2.4927038067927e-05
0.0246371901318899,-1.46390572853029,-0.00221012865260923,0.00140483047045703,2.5112543034216e-05
0.0246371901318899,-1.46390572853029,-0.00221012865260923,0.00140483047045703,2.5112543034216e-05
0.0224270614792807,-1.46250089805984,-0.00223685503206838,0.0014095594945196,2.52735106128729e-05
0.0224270614792807,-1.46250089805984,-0.00223685503206838,0.0014095594945196,2.52735106128729e-05
0.0201902064472123,-1.46109133856532,-0.00226361743607612,0.00141445967152998,2.54084694726489e-05
0.0201902064472123,-1.46109133856532,-0.00226361743607612,0.00141445967152998,2.54084694726489e-05
0.0179265890111362,-1.45967687889379,-0.00229038067803803,0.0014195431912416,2.55160489248574e-05
0.0179265890111362,-1.45967687889379,-0.00229038067803803,0.0014195431912416,2.55160489248574e-05
0.0156362083330982,-1.45825733570255,-0.00231710912419974,0.00142482094343976,2.55949881550481e-05
0.0156362083330982,-1.45825733570255,-0.00231710912419974,0.00142482094343976,2.55949881550481e-05
0.0133190992088984,-1.45683251475911,-0.00234376680129679,0.0014303024539617,2.56441444620448e-05
0.0133190992088984,-1.45683251475911,-0.00234376680129679,0.0014303024539617,2.56441444620448e-05
0.0109753324076016,-1.45540221230514,-0.00237031750685418,0.00143599583033183,2.56625004748144e-05
0.0109753324076016,-1.45540221230514,-0.00237031750685418,0.00143599583033183,2.56625004748144e-05
0.00860501490074745,-1.45396621647481,-0.0023967249216836,0.00144190771751718,2.5649170336854e-05
0.00860501490074745,-1.45396621647481,-0.0023967249216836,0.00144190771751718,2.5649170336854e-05
0.00620828997906386,-1.4525243087573,-0.00242295272407314,0.00144804326427428,2.56034049471144e-05
0.00620828997906386,-1.4525243087573,-0.00242295272407314,0.00144804326427428,2.56034049471144e-05
0.00378533725499072,-1.45107626549302,-0.00244896470518404,0.00145440610057435,2.55245961779294e-05
0.00378533725499072,-1.45107626549302,-0.00244896470518404,0.00145440610057435,2.55245961779294e-05
0.00133637254980668,-1.44962185939245,-0.0024747248851233,0.00146099832636581,2.54122802200258e-05
0.00133637254980668,-1.44962185939245,-0.0024747248851233,0.00146099832636581,2.54122802200258e-05
-0.00113835233531663,-1.44816086106608,-0.00250019762917582,0.00146782051203509,2.52661399976553e-05
-0.00113835233531663,-1.44816086106608,-0.00250019762917582,0.00146782051203509,2.52661399976553e-05
-0.00363854996449245,-1.44669304055405,-0.00252534776368046,0.00147487171063343,2.50860067233811e-05
-0.00363854996449245,-1.44669304055405,-0.00252534776368046,0.00147487171063343,2.50860067233811e-05
-0.0061638977281729,-1.44521816884341,-0.00255014069102262,0.00148214948190395,2.48718606778971e-05
-0.0061638977281729,-1.44521816884341,-0.00255014069102262,0.00148214948190395,2.48718606778971e-05
-0.00871403841919552,-1.44373601936151,-0.00257454250321925,0.00148964992811296,2.46238312083926e-05
-0.00871403841919552,-1.44373601936151,-0.00257454250321925,0.00148964992811296,2.46238312083926e-05
-0.0112885809224148,-1.4422463694334,-0.0025985200935892,0.00149736774145648,2.43421959776049e-05
-0.0112885809224148,-1.4422463694334,-0.0025985200935892,0.00149736774145648,2.43421959776049e-05
-0.013887101016004,-1.44074900169194,-0.00262204126599221,0.00150529626270424,2.40273795313116e-05
-0.013887101016004,-1.44074900169194,-0.00262204126599221,0.00150529626270424,2.40273795313116e-05
-0.0165091422819962,-1.43924370542923,-0.00264507484111976,0.00151342755070005,2.36799511973826e-05
-0.0165091422819962,-1.43924370542923,-0.00264507484111976,0.00151342755070005,2.36799511973826e-05
-0.0191542171231159,-1.43773027787853,-0.00266759075934213,0.00152175246216157,2.33006223665775e-05
-0.0191542171231159,-1.43773027787853,-0.00266759075934213,0.00152175246216157,2.33006223665775e-05
-0.0218218078824581,-1.43620852541637,-0.00268956017963206,0.00153026074114271,2.28902431896817e-05
-0.0218218078824581,-1.43620852541637,-0.00268956017963206,0.00153026074114271,2.28902431896817e-05
-0.0245113680620901,-1.43467826467523,-0.00271095557408921,0.00153894111745156,2.24497986814872e-05
-0.0245113680620901,-1.43467826467523,-0.00271095557408921,0.00153894111745156,2.24497986814872e-05
-0.0272223236361793,-1.43313932355778,-0.00273175081758829,0.00154778141318435,2.19804042945375e-05
-0.0272223236361793,-1.43313932355778,-0.00273175081758829,0.00154778141318435,2.19804042945375e-05
-0.0299540744537676,-1.43159154214459,-0.00275192127211809,0.00155676865648924,2.14833009395646e-05
-0.0299540744537676,-1.43159154214459,-0.00275192127211809,0.00155676865648924,2.14833009395646e-05
-0.0327059957258857,-1.43003477348811,-0.00277144386537331,0.00156588920156064,2.09598494947671e-05
-0.0327059957258857,-1.43003477348811,-0.00277144386537331,0.00156588920156064,2.09598494947671e-05
-0.035477439591259,-1.42846888428654,-0.00279029716319189,0.0015751288538397,2.04115248350523e-05
-0.035477439591259,-1.42846888428654,-0.00279029716319189,0.0015751288538397,2.04115248350523e-05
-0.0382677367544509,-1.4268937554327,-0.00280846143546501,0.00158447299936193,1.98399094001002e-05
-0.0382677367544509,-1.4268937554327,-0.00280846143546501,0.00158447299936193,1.98399094001002e-05
-0.0410761981899159,-1.42530928243334,-0.00282591871516629,0.00159390673717885,1.92466862996522e-05
-0.0410761981899159,-1.42530928243334,-0.00282591871516629,0.00159390673717885,1.92466862996522e-05
-0.0439021169050822,-1.42371537569616,-0.00284265285015073,0.00160341501376737,1.86336319936181e-05
-0.0439021169050822,-1.42371537569616,-0.00284265285015073,0.00160341501376737,1.86336319936181e-05
-0.0467447697552329,-1.4221119606824,-0.00285864954743528,0.00161298275832156,1.80026085489539e-05
-0.0467447697552329,-1.4221119606824,-0.00285864954743528,0.00161298275832156,1.80026085489539e-05
-0.0496034193026682,-1.42049897792408,-0.00287389640967452,0.00162259501784789,1.73555555029515e-05
-0.0496034193026682,-1.42049897792408,-0.00287389640967452,0.00162259501784789,1.73555555029515e-05
-0.0524773157123427,-1.41887638290623,-0.00288838296360117,0.00163223709098226,1.66944813884801e-05
-0.0524773157123427,-1.41887638290623,-0.00288838296360117,0.00163223709098226,1.66944813884801e-05
-0.0553656986759439,-1.41724414581524,-0.00290210068020125,0.00164189465960463,1.60214548935193e-05
-0.0553656986759439,-1.41724414581524,-0.00290210068020125,0.00164189465960463,1.60214548935193e-05
-0.0582677993561452,-1.41560225115564,-0.00291504298645155,0.00165155391722083,1.53385957005112e-05
-0.0582677993561452,-1.41560225115564,-0.00291504298645155,0.00165155391722083,1.53385957005112e-05
-0.0611828423425967,-1.41395069723842,-0.002927205268456,0.00166120169321338,1.46480650573071e-05
-0.0611828423425967,-1.41395069723842,-0.002927205268456,0.00166120169321338,1.46480650573071e-05
-0.0641100476110527,-1.41228949554521,-0.00293858486589466,0.0016708255720923,1.39520560765933e-05
-0.0641100476110527,-1.41228949554521,-0.00293858486589466,0.0016708255720923,1.39520560765933e-05
-0.0670486324769474,-1.41061866997311,-0.00294918105770968,0.00168041400691199,1.32527838255232e-05
-0.0670486324769474,-1.41061866997311,-0.00294918105770968,0.00168041400691199,1.32527838255232e-05
-0.069997813534657,-1.4089382559662,-0.00295899503900751,0.00168995642610992,1.25524752028097e-05
-0.069997813534657,-1.4089382559662,-0.00295899503900751,0.00168995642610992,1.25524752028097e-05
-0.0729568085736646,-1.40724829954009,-0.00296802988919929,0.00169944333300198,1.18533586874643e-05
-0.0729568085736646,-1.40724829954009,-0.00296802988919929,0.00169944333300198,1.18533586874643e-05
-0.0759248384628639,-1.40554885620709,-0.00297629053147135,0.0017088663972753,1.11576539546967e-05
-0.0759248384628639,-1.40554885620709,-0.00297629053147135,0.0017088663972753,1.11576539546967e-05
-0.0789011289943352,-1.40383998980981,-0.00298378368368522,0.00171821853785237,1.04675614245589e-05
-0.0789011289943352,-1.40383998980981,-0.00298378368368522,0.00171821853785237,1.04675614245589e-05
-0.0818849126780204,-1.40212177127196,-0.00299051780089697,0.00172749399652794,9.78525176285406e-06
-0.0818849126780204,-1.40212177127196,-0.00299051780089697,0.00172749399652794,9.78525176285406e-06
-0.0848754304789174,-1.40039427727543,-0.0029965030096995,0.00173668840184371,9.112855388951e-06
-0.0848754304789174,-1.40039427727543,-0.0029965030096995,0.00173668840184371,9.112855388951e-06
-0.0878719334886169,-1.39865758887359,-0.00300175103467148,0.00174579882268366,8.45245204533079e-06
-0.0878719334886169,-1.39865758887359,-0.00300175103467148,0.00174579882268366,8.45245204533079e-06
-0.0908736845232884,-1.39691179005091,-0.00300627511725293,0.00175482381116154,7.80606046362061e-06
-0.0908736845232884,-1.39691179005091,-0.00300627511725293,0.00175482381116154,7.80606046362061e-06
-0.0938799596405413,-1.39515696623975,-0.00301008992741655,0.00176376343439588,7.17562818347518e-06
-0.0938799596405413,-1.39515696623975,-0.00301008992741655,0.00176376343439588,7.17562818347518e-06
-0.0968900495679579,-1.39339320280535,-0.00301321146853202,0.00177261929486727,6.5630215441868e-06
-0.0968900495679579,-1.39339320280535,-0.00301321146853202,0.00177261929486727,6.5630215441868e-06
-0.0999032610364899,-1.39162058351048,-0.00301565697589209,0.0017813945390015,5.97001596601291e-06
-0.0999032610364899,-1.39162058351048,-0.00301565697589209,0.0017813945390015,5.97001596601291e-06
-0.102918918012382,-1.38983918897148,-0.00301744480941324,0.00179009385380935,5.39828653205437e-06
-0.102918918012382,-1.38983918897148,-0.00301744480941324,0.00179009385380935,5.39828653205437e-06
-0.105936362821795,-1.38804909511767,-0.00301859434104859,0.00179872345141852,4.84939892720672e-06
-0.105936362821795,-1.38804909511767,-0.00301859434104859,0.00179872345141852,4.84939892720672e-06
-0.108954957162844,-1.38625037166625,-0.00301912583748706,0.0018072910414082,4.3248008187737e-06
-0.108954957162844,-1.38625037166625,-0.00301912583748706,0.0018072910414082,4.3248008187737e-06
-0.111974083000331,-1.38444308062484,-0.0030190603387498,0.0018158057909814,3.82581373560998e-06
-0.111974083000331,-1.38444308062484,-0.0030190603387498,0.0018158057909814,3.82581373560998e-06
-0.114993143339081,-1.38262727483386,-0.00301841953334858,0.00182427827305154,3.35362544735037e-06
-0.114993143339081,-1.38262727483386,-0.00301841953334858,0.00182427827305154,3.35362544735037e-06
-0.118011562872429,-1.38080299656081,-0.0030172256306506,0.00183272040237625,2.90928296308368e-06
-0.118011562872429,-1.38080299656081,-0.0030172256306506,0.00183272040237625,2.90928296308368e-06
-0.12102878850308,-1.37897027615844,-0.00301550123113604,0.00184114536004976,2.49368618316032e-06
-0.12102878850308,-1.37897027615844,-0.00301550123113604,0.00184114536004976,2.49368618316032e-06
-0.124044289734216,-1.37712913079839,-0.00301326919524715,0.00184956750672605,2.1075822318993e-06
-0.124044289734216,-1.37712913079839,-0.00301326919524715,0.00184956750672605,2.1075822318993e-06
-0.127057558929463,-1.37527956329166,-0.00301055251153548,0.00185800228499988,1.75156053386057e-06
-0.127057558929463,-1.37527956329166,-0.00301055251153548,0.00185800228499988,1.75156053386057e-06
-0.130068111440999,-1.37342156100666,-0.00300737416480984,0.00186646611151464,1.42604869025637e-06
-0.130068111440999,-1.37342156100666,-0.00300737416480984,0.00186646611151464,1.42604869025637e-06
-0.133075485605808,-1.37155509489515,-0.00300375700500427,0.0018749762594592,1.1313091443743e-06
-0.133075485605808,-1.37155509489515,-0.00300375700500427,0.0018749762594592,1.1313091443743e-06
-0.136079242610813,-1.36968011863569,-0.00299972361746262,0.00188355073214463,8.67436666391729e-07
-0.136079242610813,-1.36968011863569,-0.00299972361746262,0.00188355073214463,8.67436666391729e-07
-0.139078966228275,-1.36779656790354,-0.00299529619532887,0.0018922081284336,6.34356674375156e-07
-0.139078966228275,-1.36779656790354,-0.00299529619532887,0.0018922081284336,6.34356674375156e-07
-0.142074262423604,-1.36590435977511,-0.0029904964147236,0.00190096750085367,4.31824376310227e-07
-0.142074262423604,-1.36590435977511,-0.0029904964147236,0.00190096750085367,4.31824376310227e-07
-0.145064758838328,-1.36400339227425,-0.00298534531334602,0.00190984820727347,2.5942477818253e-07
-0.145064758838328,-1.36400339227425,-0.00298534531334602,0.00190984820727347,2.5942477818253e-07
-0.148050104151674,-1.36209354406698,-0.00297986317313395,0.00191886975712663,1.16573499692706e-07
-0.148050104151674,-1.36209354406698,-0.00297986317313395,0.00191886975712663,1.16573499692706e-07
-0.151029967324808,-1.36017467430985,-0.00297406940758546,0.00192805165311238,2.51838483096914e-09
-0.151029967324808,-1.36017467430985,-0.00297406940758546,0.00192805165311238,2.51838483096914e-09
-0.154004036732393,-1.35824662265674,-0.00296798245429444,0.0019374132293668,-8.36581284711056e-08
-0.154004036732393,-1.35824662265674,-0.00296798245429444,0.0019374132293668,-8.36581284711056e-08
-0.156972019186688,-1.35630920942737,-0.00296161967321767,0.00194697348709139,-1.43035878461418e-07
-0.156972019186688,-1.35630920942737,-0.00296161967321767,0.00194697348709139,-1.43035878461418e-07
-0.159933638859905,-1.35436223594028,-0.00295499725116868,0.00195675092866421,-1.76853119603776e-07
-0.159933638859905,-1.35436223594028,-0.00295499725116868,0.00195675092866421,-1.76853119603776e-07
-0.162888636111074,-1.35240548501162,-0.00294813011298342,0.00196676339127877,-1.86501982650002e-07
-0.162888636111074,-1.35240548501162,-0.00294813011298342,0.00196676339127877,-1.86501982650002e-07
-0.165836766224057,-1.35043872162034,-0.00294103183977634,0.00197702788109844,-1.73523278453568e-07
-0.165836766224057,-1.35043872162034,-0.00294103183977634,0.00197702788109844,-1.73523278453568e-07
-0.168777798063834,-1.34846169373924,-0.00293371459465938,0.00198756040893122,-1.39600654387902e-07
-0.168777798063834,-1.34846169373924,-0.00293371459465938,0.00198756040893122,-1.39600654387902e-07
-0.171711512658493,-1.34647413333031,-0.00292618905627054,0.00199837582843609,-8.65541441600823e-08
-0.171711512658493,-1.34647413333031,-0.00292618905627054,0.00199837582843609,-8.65541441600823e-08
-0.174637701714764,-1.34447575750187,-0.00291846436039783,0.00200948767786668,-1.63331435325438e-08
-0.174637701714764,-1.34447575750187,-0.00291846436039783,0.00200948767786668,-1.63331435325438e-08
-0.177556166075161,-1.34246626982401,-0.00291054804994956,0.00202090802632182,6.89912168540252e-08
-0.177556166075161,-1.34246626982401,-0.00291054804994956,0.00202090802632182,6.89912168540252e-08
-0.180466714125111,-1.34044536179769,-0.00290244603349618,0.00203264732552388,1.67234240436211e-07
-0.180466714125111,-1.34044536179769,-0.00290244603349618,0.00203264732552388,1.67234240436211e-07
-0.183369160158607,-1.33841271447216,-0.00289416255254896,0.00204471426807995,2.7610636022489e-07
-0.183369160158607,-1.33841271447216,-0.00289416255254896,0.00204471426807995,2.7610636022489e-07
-0.186263322711156,-1.33636800020408,-0.00288570015771436,0.00205711565314015,3.93222387659511e-07
-0.186263322711156,-1.33636800020408,-0.00288570015771436,0.00205711565314015,3.93222387659511e-07
-0.189149022868871,-1.33431088455094,-0.00287705969380891,0.00206985626043288,5.16111290393018e-07
-0.189149022868871,-1.33431088455094,-0.00287705969380891,0.00206985626043288,5.16111290393018e-07
-0.192026082562679,-1.33224102829051,-0.00286824029398208,0.00208293873359811,6.4222645941971e-07
-0.192026082562679,-1.33224102829051,-0.00286824029398208,0.00208293873359811,6.4222645941971e-07
-0.194894322856662,-1.33015808955691,-0.00285923938284502,0.00209636347366926,7.68956538202761e-07
-0.194894322856662,-1.33015808955691,-0.00285923938284502,0.00209636347366926,7.68956538202761e-07
-0.197753562239507,-1.32806172608324,-0.00285005268859886,0.00211012854360648,8.93636678065378e-07
-0.197753562239507,-1.32806172608324,-0.00285005268859886,0.00211012854360648,8.93636678065378e-07
-0.200603614928105,-1.32595159753964,-0.00284067426406634,0.00212422958459579,1.01356030659172e-06
-0.200603614928105,-1.32595159753964,-0.00284067426406634,0.00212422958459579,1.01356030659172e-06
-0.203444289192172,-1.32382736795504,-0.00283109651650704,0.00213865974492489,1.12599136584341e-06
-0.203444289192172,-1.32382736795504,-0.00283109651650704,0.00213865974492489,1.12599136584341e-06
-0.206275385708679,-1.32168870821011,-0.00282131024604806,0.00215340962215294,1.22817695690338e-06
-0.206275385708679,-1.32168870821011,-0.00282131024604806,0.00215340962215294,1.22817695690338e-06
-0.209096695954727,-1.31953529858796,-0.0028113046925361,0.00216846721913755,1.31736037747247e-06
-0.209096695954727,-1.31953529858796,-0.0028113046925361,0.00216846721913755,1.31736037747247e-06
-0.211908000647263,-1.31736683136882,-0.00280106759054788,0.00218381791447353,1.39079451848398e-06
-0.211908000647263,-1.31736683136882,-0.00280106759054788,0.00218381791447353,1.39079451848398e-06
-0.214709068237811,-1.31518301345435,-0.00279058523228681,0.00219944444777975,1.44575559782485e-06
-0.214709068237811,-1.31518301345435,-0.00279058523228681,0.00219944444777975,1.44575559782485e-06
-0.217499653470098,-1.31298356900657,-0.0027798425380339,0.00221532692024429,1.47955713855445e-06
-0.217499653470098,-1.31298356900657,-0.0027798425380339,0.00221532692024429,1.47955713855445e-06
-0.220279496008132,-1.31076824208633,-0.00276882313379226,0.00223144281066423,1.48956416130223e-06
-0.220279496008132,-1.31076824208633,-0.00276882313379226,0.00223144281066423,1.48956416130223e-06
-0.223048319141924,-1.30853679927566,-0.00275750943573635,0.00224776700715523,1.47320750357735e-06
-0.223048319141924,-1.30853679927566,-0.00275750943573635,0.00224776700715523,1.47320750357735e-06
-0.22580582857766,-1.30628903226851,-0.00274588274103166,0.002264271854584,1.42799819315576e-06
-0.22580582857766,-1.30628903226851,-0.00274588274103166,0.002264271854584,1.42799819315576e-06
-0.228551711318692,-1.30402476041392,-0.00273392332456557,0.00228092721766537,1.3515418798341e-06
-0.228551711318692,-1.30402476041392,-0.00273392332456557,0.00228092721766537,1.3515418798341e-06
-0.231285634643257,-1.30174383319626,-0.0027216105411258,0.00229770055966205,1.24155315234806e-06
-0.231285634643257,-1.30174383319626,-0.0027216105411258,0.00229770055966205,1.24155315234806e-06
-0.234007245184383,-1.2994461326366,-0.00270892293252165,0.00231455703639738,1.09586972466295e-06
-0.234007245184383,-1.2994461326366,-0.00270892293252165,0.00231455703639738,1.09586972466295e-06
-0.236716168116905,-1.2971315756002,-0.00269583833914036,0.00233145960528014,9.1246639474362e-07
-0.236716168116905,-1.2971315756002,-0.00269583833914036,0.00233145960528014,9.1246639474362e-07
-0.239412006456045,-1.29480011599492,-0.00268233401541601,0.00234836914892544,6.8946870706221e-07
-0.239412006456045,-1.29480011599492,-0.00268233401541601,0.00234836914892544,6.8946870706221e-07
-0.242094340471461,-1.29245174684599,-0.00266838674867226,0.002365244612897,4.25166239063825e-07
-0.242094340471461,-1.29245174684599,-0.00266838674867226,0.002365244612897,4.25166239063825e-07
-0.244762727220133,-1.2900865022331,-0.00265397298080378,0.0023820431570063,1.18025383731048e-07
-0.244762727220133,-1.2900865022331,-0.00265397298080378,0.0023820431570063,1.18025383731048e-07
-0.247416700200937,-1.28770445907609,-0.00263906893223345,0.00239872031948662,-2.33298416841676e-07
-0.247416700200937,-1.28770445907609,-0.00263906893223345,0.00239872031948662,-2.33298416841676e-07
-0.250055769133171,-1.2853057387566,-0.00262365072760917,0.00241523019331358,-6.29949070275748e-07
-0.250055769133171,-1.2853057387566,-0.00262365072760917,0.00241523019331358,-6.29949070275748e-07
-0.25267941986078,-1.28289050856329,-0.00260769452269283,0.0024315256138876,-1.07285895933765e-06
-0.25267941986078,-1.28289050856329,-0.00260769452269283,0.0024315256138876,-1.07285895933765e-06
-0.255287114383473,-1.2804589829494,-0.00259117663190533,0.00244755835720145,-1.56273889300286e-06
-0.255287114383473,-1.2804589829494,-0.00259117663190533,0.00244755835720145,-1.56273889300286e-06
-0.257878291015378,-1.2780114245922,-0.00257407365601975,0.00246327934750346,-2.10006894582268e-06
-0.257878291015378,-1.2780114245922,-0.00257407365601975,0.00246327934750346,-2.10006894582268e-06
-0.260452364671398,-1.2755481452447,-0.00255636260949105,0.00247863887344635,-2.68509026968029e-06
-0.260452364671398,-1.2755481452447,-0.00255636260949105,0.00247863887344635,-2.68509026968029e-06
-0.263008727280889,-1.27306950637125,-0.0025380210469495,0.00249358681161582,-3.31779797778245e-06
-0.263008727280889,-1.27306950637125,-0.0025380210469495,0.00249358681161582,-3.31779797778245e-06
-0.265546748327838,-1.27057591955963,-0.00251902718838737,0.0025080728562541,-3.99793512970452e-06
-0.265546748327838,-1.27057591955963,-0.00251902718838737,0.0025080728562541,-3.99793512970452e-06
-0.268065775516226,-1.26806784670338,-0.00249936004261725,0.00252204675397016,-4.7249879179599e-06
-0.268065775516226,-1.26806784670338,-0.00249936004261725,0.00252204675397016,-4.7249879179599e-06
-0.270565135558843,-1.26554579994941,-0.00247899952860481,0.00253545854212711,-5.49818212346393e-06
-0.270565135558843,-1.26554579994941,-0.00247899952860481,0.00253545854212711,-5.49818212346393e-06
-0.273044135087448,-1.26301034140728,-0.00245792659428939,0.00254825878955645,-6.31648087168939e-06
-0.273044135087448,-1.26301034140728,-0.00245792659428939,0.00254825878955645,-6.31648087168939e-06
-0.275502061681737,-1.26046208261773,-0.0024361233325515,0.00256039883822234,-7.17858374748182e-06
-0.275502061681737,-1.26046208261773,-0.0024361233325515,0.00256039883822234,-7.17858374748182e-06
-0.277938185014289,-1.2579016837795,-0.00241357309401741,0.00257183104440717,-8.08292734697392e-06
-0.277938185014289,-1.2579016837795,-0.00241357309401741,0.00257183104440717,-8.08292734697392e-06
-0.280351758108306,-1.2553298527351,-0.00239026059640657,0.00258250901792434,-9.02768721195357e-06
-0.280351758108306,-1.2553298527351,-0.00239026059640657,0.00258250901792434,-9.02768721195357e-06
-0.282742018704713,-1.25274734371717,-0.00236617203016865,0.00259238785795457,-1.0010781265511e-05
-0.282742018704713,-1.25274734371717,-0.00236617203016865,0.00259238785795457,-1.0010781265511e-05
-0.285108190734881,-1.25015495585922,-0.00234129516017245,0.00260142438397404,-1.10298746401716e-05
-0.285108190734881,-1.25015495585922,-0.00234129516017245,0.00260142438397404,-1.10298746401716e-05
-0.287449485895054,-1.24755353147524,-0.0023156194232648,0.00260957736038736,-1.20823860030313e-05
-0.287449485895054,-1.24755353147524,-0.0023156194232648,0.00260957736038736,-1.20823860030313e-05
-0.289765105318319,-1.24494395411486,-0.00228913602152953,0.00261680771336903,-1.31654952870153e-05
-0.289765105318319,-1.24494395411486,-0.00228913602152953,0.00261680771336903,-1.31654952870153e-05
-0.292054241339848,-1.24232714640149,-0.00226183801111657,0.00262307873854595,-1.42761528423014e-05
-0.292054241339848,-1.24232714640149,-0.00226183801111657,0.00262307873854595,-1.42761528423014e-05
-0.294316079350965,-1.23970406766294,-0.00223372038652381,0.00262835629816149,-1.54110899828895e-05
-0.294316079350965,-1.23970406766294,-0.00223372038652381,0.00262835629816149,-1.54110899828895e-05
-0.296549799737488,-1.23707571136478,-0.00220478016023068,0.0026326090064166,-1.65668309358062e-05
-0.296549799737488,-1.23707571136478,-0.00220478016023068,0.0026326090064166,-1.65668309358062e-05
-0.298754579897719,-1.23444310235836,-0.00217501643762541,0.0026358084016731,-1.77397061235864e-05
-0.298754579897719,-1.23444310235836,-0.00217501643762541,0.0026358084016731,-1.77397061235864e-05
-0.300929596335344,-1.23180729395669,-0.00214443048714852,0.00263792910434857,-1.89258667580116e-05
-0.300929596335344,-1.23180729395669,-0.00214443048714852,0.00263792910434857,-1.89258667580116e-05
-0.303074026822493,-1.22916936485234,-0.00211302580560951,0.00263894895936612,-2.01213007094388e-05
-0.303074026822493,-1.22916936485234,-0.00211302580560951,0.00263894895936612,-2.01213007094388e-05
-0.305187052628103,-1.22653041589298,-0.00208080817861006,0.00263884916212476,-2.1321849640168e-05
-0.305187052628103,-1.22653041589298,-0.00208080817861006,0.00263884916212476,-2.1321849640168e-05
-0.307267860806713,-1.22389156673085,-0.00204778573602798,0.00263761436699084,-2.25232273764614e-05
-0.307267860806713,-1.22389156673085,-0.00204778573602798,0.00263761436699084,-2.25232273764614e-05
-0.309315646542741,-1.22125395236386,-0.0020139690024904,0.00263523277740574,-2.3721039431547e-05
-0.309315646542741,-1.22125395236386,-0.0020139690024904,0.00263523277740574,-2.3721039431547e-05
-0.311329615545231,-1.21861871958645,-0.00197937094278405,0.002631696216844,-2.49108037059724e-05
-0.311329615545231,-1.21861871958645,-0.00197937094278405,0.002631696216844,-2.49108037059724e-05
-0.313308986488015,-1.21598702336961,-0.00194400700210018,0.00262700017990825,-2.60879722633234e-05
-0.313308986488015,-1.21598702336961,-0.00194400700210018,0.00262700017990825,-2.60879722633234e-05
-0.315252993490115,-1.2133600231897,-0.0019078951410279,0.00262114386301238,-2.72479541820305e-05
-0.315252993490115,-1.2133600231897,-0.0019078951410279,0.00262114386301238,-2.72479541820305e-05
-0.317160888631143,-1.21073887932669,-0.00187105586517416,0.00261413017418421,-2.83861394239915e-05
-0.317160888631143,-1.21073887932669,-0.00187105586517416,0.00261413017418421,-2.83861394239915e-05
-0.319031944496317,-1.20812474915251,-0.00183351224927575,0.00260596572165883,-2.94979236990659e-05
-0.319031944496317,-1.20812474915251,-0.00183351224927575,0.00260596572165883,-2.94979236990659e-05
-0.320865456745593,-1.20551878343085,-0.00179528995562755,0.00259666078105059,-3.05787342501167e-05
-0.320865456745593,-1.20551878343085,-0.00179528995562755,0.00259666078105059,-3.05787342501167e-05
-0.322660746701221,-1.2029221226498,-0.00175641724664244,0.00258622924105345,-3.16240565396424e-05
-0.322660746701221,-1.2029221226498,-0.00175641724664244,0.00258622924105345,-3.16240565396424e-05
-0.324417163947863,-1.20033589340874,-0.00171692499129633,0.00257468852774934,-3.26294617830156e-05
-0.324417163947863,-1.20033589340874,-0.00171692499129633,0.00257468852774934,-3.26294617830156e-05
-0.326134088939159,-1.19776120488099,-0.00167684666519391,0.00256205950774624,-3.3590635295711e-05
-0.326134088939159,-1.19776120488099,-0.00167684666519391,0.00256205950774624,-3.3590635295711e-05
-0.327810935604353,-1.19519914537325,-0.00163621834393979,0.00254836637050193,-3.45034055874668e-05
-0.327810935604353,-1.19519914537325,-0.00163621834393979,0.00254836637050193,-3.45034055874668e-05
-0.329447153948293,-1.19265077900275,-0.0015950786894362,0.0025336364903652,-3.53637741644887e-05
-0.329447153948293,-1.19265077900275,-0.0015950786894362,0.0025336364903652,-3.53637741644887e-05
-0.331042232637729,-1.19011714251238,-0.00155346892870223,0.00251790026897258,-3.61679459603709e-05
-0.331042232637729,-1.19011714251238,-0.00155346892870223,0.00251790026897258,-3.61679459603709e-05
-0.332595701566431,-1.18759924224341,-0.00151143282475319,0.00250119095879819,-3.69123603460113e-05
-0.332595701566431,-1.18759924224341,-0.00151143282475319,0.00250119095879819,-3.69123603460113e-05
-0.334107134391185,-1.18509805128461,-0.00146901663900173,0.00248354446876919,-3.75937225964872e-05
-0.334107134391185,-1.18509805128461,-0.00146901663900173,0.00248354446876919,-3.75937225964872e-05
-0.335576151030186,-1.18261450681584,-0.00142626908462051,0.00246499915299703,-3.82090356857083e-05
-0.335576151030186,-1.18261450681584,-0.00142626908462051,0.00246499915299703,-3.82090356857083e-05
-0.337002420114807,-1.18014950766284,-0.00138324127026063,0.00244559558380075,-3.87556322980669e-05
-0.337002420114807,-1.18014950766284,-0.00138324127026063,0.00244559558380075,-3.87556322980669e-05
-0.338385661385068,-1.17770391207904,-0.00133998663347418,0.00242537631026085,-3.92312067381225e-05
-0.338385661385068,-1.17770391207904,-0.00133998663347418,0.00242537631026085,-3.92312067381225e-05
-0.339725648018542,-1.17527853576878,-0.00129656086316443,0.00240438560377965,-3.96338465864163e-05
-0.339725648018542,-1.17527853576878,-0.00129656086316443,0.00240438560377965,-3.96338465864163e-05
-0.341022208881706,-1.172874150165,-0.00125302181036935,0.00238266919210295,-3.99620636999634e-05
-0.341022208881706,-1.172874150165,-0.00125302181036935,0.00238266919210295,-3.99620636999634e-05
-0.342275230692075,-1.1704914809729,-0.00120942938666152,0.00236027398345562,-4.02148241910594e-05
-0.342275230692075,-1.1704914809729,-0.00120942938666152,0.00236027398345562,-4.02148241910594e-05
-0.343484660078737,-1.16813120698944,-0.0011658454494694,0.00233724778249544,-4.03915768622449e-05
-0.343484660078737,-1.16813120698944,-0.0011658454494694,0.00233724778249544,-4.03915768622449e-05
-0.344650505528206,-1.16579395920695,-0.00112233367365006,0.00231363899993031,-4.04922796447128e-05
-0.344650505528206,-1.16579395920695,-0.00112233367365006,0.00231363899993031,-4.04922796447128e-05
-0.345772839201856,-1.16348032020702,-0.00107895940867825,0.00228949635760922,-4.05174232935837e-05
-0.345772839201856,-1.16348032020702,-0.00107895940867825,0.00228949635760922,-4.05174232935837e-05
-0.346851798610535,-1.16119082384941,-0.00103578952085492,0.00226486859109576,-4.04680516488004e-05
-0.346851798610535,-1.16119082384941,-0.00103578952085492,0.00226486859109576,-4.04680516488004e-05
-0.34788758813139,-1.15892595525831,-0.000992892220037234,0.00223980415174219,-4.03457776686714e-05
-0.34788758813139,-1.15892595525831,-0.000992892220037234,0.00223980415174219,-4.03457776686714e-05
-0.348880480351427,-1.15668615110657,-0.000950336870464807,0.00221435091033273,-4.0152794374762e-05
-0.348880480351427,-1.15668615110657,-0.000950336870464807,0.00221435091033273,-4.0152794374762e-05
-0.349830817221892,-1.15447180019624,-0.000908193785369882,0.00218855586439615,-3.98918798088744e-05
-0.349830817221892,-1.15447180019624,-0.000908193785369882,0.00218855586439615,-3.98918798088744e-05
-0.350739011007262,-1.15228324433184,-0.000866534005179886,0.00216246485130345,-3.95663950698015e-05
-0.350739011007262,-1.15228324433184,-0.000866534005179886,0.00216246485130345,-3.95663950698015e-05
-0.351605545012441,-1.15012077948054,-0.000825429059288951,0.00213612226927284,-3.91802746024825e-05
-0.351605545012441,-1.15012077948054,-0.000825429059288951,0.00213612226927284,-3.91802746024825e-05
-0.35243097407173,-1.14798465721127,-0.000784950711506249,0.00210957080832408,-3.87380077594137e-05
-0.35243097407173,-1.14798465721127,-0.000784950711506249,0.00210957080832408,-3.87380077594137e-05
-0.353215924783237,-1.14587508640294,-0.000745170689461283,0.00208285119334528,-3.82446111031388e-05
-0.353215924783237,-1.14587508640294,-0.000745170689461283,0.00208285119334528,-3.82446111031388e-05
-0.353961095472698,-1.1437922352096,-0.000706160398441513,0.00205600194117173,-3.77055906976573e-05
-0.353961095472698,-1.1437922352096,-0.000706160398441513,0.00205600194117173,-3.77055906976573e-05
-0.354667255871139,-1.14173623326842,-0.000667990620299097,0.00202905913372597,-3.71268942022805e-05
-0.354667255871139,-1.14173623326842,-0.000667990620299097,0.00202905913372597,-3.71268942022805e-05
-0.355335246491439,-1.1397071741347,-0.000630731198281886,0.00200205620901373,-3.65148526284909e-05
-0.355335246491439,-1.1397071741347,-0.000630731198281886,0.00200205620901373,-3.65148526284909e-05
-0.35596597768972,-1.13770511792568,-0.000594450708821859,0.00197502377176106,-3.58761119817219e-05
-0.35596597768972,-1.13770511792568,-0.000594450708821859,0.00197502377176106,-3.58761119817219e-05
-0.356560428398542,-1.13573009415392,-0.000559216121498507,0.00194798942541152,-3.52175554276064e-05
-0.356560428398542,-1.13573009415392,-0.000559216121498507,0.00194798942541152,-3.52175554276064e-05
-0.357119644520041,-1.13378210472851,-0.000525092448571463,0.00192097762706522,-3.45462170137424e-05
-0.357119644520041,-1.13378210472851,-0.000525092448571463,0.00192097762706522,-3.45462170137424e-05
-0.357644736968612,-1.13186112710145,-0.000492142385662087,0.00189400956678787,-3.38691882904756e-05
-0.357644736968612,-1.13186112710145,-0.000492142385662087,0.00189400956678787,-3.38691882904756e-05
-0.358136879354274,-1.12996711753466,-0.000460425945329079,0.00186710307264115,-3.31935196081713e-05
-0.358136879354274,-1.12996711753466,-0.000460425945329079,0.00186710307264115,-3.31935196081713e-05
-0.358597305299603,-1.12810001446202,-0.000430000085428095,0.00184027254264252,-3.25261182029951e-05
-0.358597305299603,-1.12810001446202,-0.000430000085428095,0.00184027254264252,-3.25261182029951e-05
-0.359027305385032,-1.12625974191938,-0.000400918334265143,0.00181352890471342,-3.18736454492329e-05
-0.359027305385032,-1.12625974191938,-0.000400918334265143,0.00181352890471342,-3.18736454492329e-05
-0.359428223719297,-1.12444621301466,-0.000373230414716819,0.00178687960550961,-3.12424158310511e-05
-0.359428223719297,-1.12444621301466,-0.000373230414716819,0.00178687960550961,-3.12424158310511e-05
-0.359801454134013,-1.12265933340915,-0.000346981869558394,0.00176032862888387,-3.06383002826507e-05
-0.359801454134013,-1.12265933340915,-0.000346981869558394,0.00176032862888387,-3.06383002826507e-05
-0.360148436003572,-1.12089900478027,-0.00032221369035268,0.00173387654455115,-3.0066636485086e-05
-0.360148436003572,-1.12089900478027,-0.00032221369035268,0.00173387654455115,-3.0066636485086e-05
-0.360470649693925,-1.11916512823572,-0.00029896195230722,0.00170752058737667,-2.95321486570952e-05
-0.360470649693925,-1.11916512823572,-0.00029896195230722,0.00170752058737667,-2.95321486570952e-05
-0.360769611646232,-1.11745760764834,-0.000277257457567515,0.00168125476744829,-2.9038878976657e-05
-0.360769611646232,-1.11745760764834,-0.000277257457567515,0.00168125476744829,-2.9038878976657e-05
-0.361046869103799,-1.11577635288089,-0.00025712538945194,0.00165507001097631,-2.85901326070985e-05
-0.361046869103799,-1.11577635288089,-0.00025712538945194,0.00165507001097631,-2.85901326070985e-05
-0.361303994493251,-1.11412128286992,-0.000238584980141732,0.00162895433174914,-2.81884376688306e-05
-0.361303994493251,-1.11412128286992,-0.000238584980141732,0.00162895433174914,-2.81884376688306e-05
-0.361542579473393,-1.11249232853817,-0.000221649194326934,0.00160289303276384,-2.78355212738539e-05
-0.361542579473393,-1.11249232853817,-0.000221649194326934,0.00160289303276384,-2.78355212738539e-05
-0.36176422866772,-1.1108894355054,-0.000206324431306082,0.0015768689372786,-2.75323020275016e-05
-0.36176422866772,-1.1108894355054,-0.000206324431306082,0.0015768689372786,-2.75323020275016e-05
-0.361970553099026,-1.10931256656812,-0.000192610247972458,0.00155086264838977,-2.72788991163653e-05
-0.361970553099026,-1.10931256656812,-0.000192610247972458,0.00155086264838977,-2.72788991163653e-05
-0.362163163346998,-1.10776170391973,-0.000180499105063681,0.00152485283588422,-2.70746574918706e-05
-0.362163163346998,-1.10776170391973,-0.000180499105063681,0.00152485283588422,-2.70746574918706e-05
-0.362343662452062,-1.10623685108385,-0.000169976138984174,0.00149881654892758,-2.69181883770901e-05
-0.362343662452062,-1.10623685108385,-0.000169976138984174,0.00149881654892758,-2.69181883770901e-05
-0.362513638591046,-1.10473803453492,-0.000161018961402082,0.00147272955285049,-2.68074239384453e-05
-0.362513638591046,-1.10473803453492,-0.000161018961402082,0.00147272955285049,-2.68074239384453e-05
-0.362674657552448,-1.10326530498207,-0.000153597488703805,0.00144656668805898,-2.6739684766052e-05
-0.362674657552448,-1.10326530498207,-0.000153597488703805,0.00144656668805898,-2.6739684766052e-05
-0.362828255041152,-1.10181873829401,-0.000147673803281123,0.00142030224881129,-2.67117586043031e-05
-0.362828255041152,-1.10181873829401,-0.000147673803281123,0.00142030224881129,-2.67117586043031e-05
-0.362975928844433,-1.1003984360452,-0.0001432020484603,0.00139391037935965,-2.67199887118608e-05
-0.362975928844433,-1.1003984360452,-0.0001432020484603,0.00139391037935965,-2.67199887118608e-05
-0.363119130892894,-1.09900452566584,-0.000140128358734559,0.00136736548467575,-2.67603700439681e-05
-0.363119130892894,-1.09900452566584,-0.000140128358734559,0.00136736548467575,-2.67603700439681e-05
-0.363259259251628,-1.09763716018117,-0.000138390826771029,0.00134064265285261,-2.68286516626776e-05
-0.363259259251628,-1.09763716018117,-0.000138390826771029,0.00134064265285261,-2.68286516626776e-05
-0.363397650078399,-1.09629651752831,-0.000137919508505113,0.00131371808593839,-2.69204435970746e-05
-0.363397650078399,-1.09629651752831,-0.000137919508505113,0.00131371808593839,-2.69204435970746e-05
-0.363535569586904,-1.09498279944238,-0.000138636467416908,0.00128656953584128,-2.7031326450975e-05
-0.363535569586904,-1.09498279944238,-0.000138636467416908,0.00128656953584128,-2.7031326450975e-05
-0.363674206054321,-1.09369622990653,-0.00014045585889233,0.00125917674178444,-2.71569620943636e-05
-0.363674206054321,-1.09369622990653,-0.00014045585889233,0.00125917674178444,-2.71569620943636e-05
-0.363814661913214,-1.09243705316475,-0.000143284055348358,0.00123152186561382,-2.72932036580456e-05
-0.363814661913214,-1.09243705316475,-0.000143284055348358,0.00123152186561382,-2.72932036580456e-05
-0.363957945968562,-1.09120553129914,-0.000147019812576532,0.00120358992118841,-2.74362030239423e-05
-0.363957945968562,-1.09120553129914,-0.000147019812576532,0.00120358992118841,-2.74362030239423e-05
-0.364104965781138,-1.09000194137795,-0.000151554477541171,0.00117536919397065,-2.75825137997056e-05
-0.364104965781138,-1.09000194137795,-0.000151554477541171,0.00117536919397065,-2.75825137997056e-05
-0.36425652025868,-1.08882657218398,-0.000156772237616676,0.00114685164690043,-2.77291875015156e-05
-0.36425652025868,-1.08882657218398,-0.000156772237616676,0.00114685164690043,-2.77291875015156e-05
-0.364413292496296,-1.08767972053708,-0.000162550411034579,0.0011180333086569,-2.78738603886755e-05
-0.364413292496296,-1.08767972053708,-0.000162550411034579,0.0011180333086569,-2.78738603886755e-05
-0.364575842907331,-1.08656168722842,-0.000168759778041205,0.00108891464042959,-2.80148279621388e-05
-0.364575842907331,-1.08656168722842,-0.000168759778041205,0.00108891464042959,-2.80148279621388e-05
-0.364744602685372,-1.08547277258799,-0.000175264952056498,0.00105950087738038,-2.81511035353252e-05
-0.364744602685372,-1.08547277258799,-0.000175264952056498,0.00105950087738038,-2.81511035353252e-05
-0.364919867637429,-1.08441327171061,-0.000181924789856125,0.00102980234117633,-2.82824568740509e-05
-0.364919867637429,-1.08441327171061,-0.000181924789856125,0.00102980234117633,-2.82824568740509e-05
-0.365101792427285,-1.08338346936943,-0.000188592839568458,0.000999834720003756,-2.84094279835076e-05
-0.365101792427285,-1.08338346936943,-0.000188592839568458,0.000999834720003756,-2.84094279835076e-05
-0.365290385266853,-1.08238363464943,-0.000195117825039282,0.000969619312746861,-2.85333103955981e-05
-0.365290385266853,-1.08238363464943,-0.000195117825039282,0.000969619312746861,-2.85333103955981e-05
-0.365485503091892,-1.08141401533668,-0.000201344164897477,0.000939183234205831,-2.86560972177828e-05
-0.365485503091892,-1.08141401533668,-0.000201344164897477,0.000939183234205831,-2.86560972177828e-05
-0.36568684725679,-1.08047483210248,-0.000207112524405029,0.00090855957855851,-2.87803820778449e-05
-0.36568684725679,-1.08047483210248,-0.000207112524405029,0.00090855957855851,-2.87803820778449e-05
-0.365893959781195,-1.07956627252392,-0.00021226039797656,0.000877787538526187,-2.8909205418205e-05
-0.365893959781195,-1.07956627252392,-0.00021226039797656,0.000877787538526187,-2.8909205418205e-05
-0.366106220179171,-1.07868848498539,-0.000216622720034199,0.00084691247810631,-2.90458345774075e-05
-0.366106220179171,-1.07868848498539,-0.000216622720034199,0.00084691247810631,-2.90458345774075e-05
-0.366322842899206,-1.07784157250729,-0.000220032501671685,0.000815985957045795,-2.91934630432072e-05
-0.366322842899206,-1.07784157250729,-0.000220032501671685,0.000815985957045795,-2.91934630432072e-05
-0.366542875400877,-1.07702558655024,-0.000222321490395416,0.000785065705601218,-2.93548096716342e-05
-0.366542875400877,-1.07702558655024,-0.000222321490395416,0.000785065705601218,-2.93548096716342e-05
-0.366765196891273,-1.07624052084464,-0.000223320850051778,0.000754215548671278,-2.9531592204886e-05
-0.366765196891273,-1.07624052084464,-0.000223320850051778,0.000754215548671278,-2.9531592204886e-05
-0.366988517741325,-1.07548630529597,-0.000222861857871071,0.000723505278739989,-2.97238392377772e-05
-0.366988517741325,-1.07548630529597,-0.000222861857871071,0.000723505278739989,-2.97238392377772e-05
-0.367211379599196,-1.07476280001723,-0.000220776615420026,0.000693010477511802,-2.99289894849267e-05
-0.367211379599196,-1.07476280001723,-0.000220776615420026,0.000693010477511802,-2.99289894849267e-05
-0.367432156214616,-1.07406978953972,-0.000216898770120433,0.00066281228656484,-3.01407041558717e-05
-0.367432156214616,-1.07406978953972,-0.000216898770120433,0.00066281228656484,-3.01407041558717e-05
-0.367649054984736,-1.07340697725315,-0.000211064243887005,0.000632997127801627,-3.03472840478865e-05
-0.367649054984736,-1.07340697725315,-0.000211064243887005,0.000632997127801627,-3.03472840478865e-05
-0.367860119228623,-1.07277398012535,-0.000203111965314418,0.00060365637493609,-3.05295334240782e-05
-0.367860119228623,-1.07277398012535,-0.000203111965314418,0.00060365637493609,-3.05295334240782e-05
-0.368063231193938,-1.07217032375041,-0.000192884601782184,0.000574885977638662,-3.06578437692441e-05
-0.368063231193938,-1.07217032375041,-0.000192884601782184,0.000574885977638662,-3.06578437692441e-05
-0.36825611579572,-1.07159543777277,-0.000180229287795208,0.000546786040365177,-3.0688182340401e-05
-0.36825611579572,-1.07159543777277,-0.000180229287795208,0.000546786040365177,-3.0688182340401e-05
-0.368436345083515,-1.07104865173241,-0.000164998345824785,0.000519460358335166,-3.05565786935683e-05
-0.368436345083515,-1.07104865173241,-0.000164998345824785,0.000519460358335166,-3.05565786935683e-05
-0.36860134342934,-1.07052919137407,-0.000147049995902482,0.000493015913448636,-3.01716669629576e-05
-0.36860134342934,-1.07052919137407,-0.000147049995902482,0.000493015913448636,-3.01716669629576e-05
-0.368748393425242,-1.07003617546063,-0.000126249050219851,0.000467562333315907,-2.9405037438043e-05
-0.368748393425242,-1.07003617546063,-0.000126249050219851,0.000467562333315907,-2.9405037438043e-05
-0.368874642475462,-1.06956861312731,-0.000102467589018107,0.000443211316835113,-2.80800107286124e-05
-0.368874642475462,-1.06956861312731,-0.000102467589018107,0.000443211316835113,-2.80800107286124e-05
-0.36897711006448,-1.06912540181047,-7.55856141095856e-05,0.000420076030062777,-2.59618862582351e-05
-0.36897711006448,-1.06912540181047,-7.55856141095856e-05,0.000420076030062777,-2.59618862582351e-05
-0.36905269567859,-1.06870532578041,-4.54916764229818e-05,0.000398270476385409,-2.27581785982899e-05
-0.36905269567859,-1.06870532578041,-4.54916764229818e-05,0.000398270476385409,-2.27581785982899e-05
-0.369098187355013,-1.06830705530403,-1.20834740519049e-05,0.000377908845183184,-1.81465087237453e-05
-0.369098187355013,-1.06830705530403,-1.20834740519049e-05,0.000377908845183184,-1.81465087237453e-05
-0.369110270829065,-1.06792914645884,2.473158258115e-05,0.0003591048433782,-1.18551453150691e-05
-0.369110270829065,-1.06792914645884,2.473158258115e-05,0.0003591048433782,-1.18551453150691e-05
-0.369085539246483,-1.06757004161547,6.50358417109143e-05,0.000341971014403919,-3.8057397223042e-06
-0.369085539246483,-1.06757004161547,6.50358417109143e-05,0.000341971014403919,-3.8057397223042e-06
-0.369020503404773,-1.06722807060106,0.000108900920462507,0.000326618049283578,5.73750188905036e-06
-0.369020503404773,-1.06722807060106,0.000108900920462507,0.000326618049283578,5.73750188905036e-06
-0.36891160248431,-1.06690145255178,0.000156387257277235,0.000313154094556012,1.6147739309484e-05
-0.36891160248431,-1.06690145255178,0.000156387257277235,0.000313154094556012,1.6147739309484e-05
-0.368755215227033,-1.06658829845722,0.000207543709265512,0.000301684061812857,2.66331780339567e-05
-0.368755215227033,-1.06658829845722,0.000207543709265512,0.000301684061812857,2.66331780339567e-05
-0.368547671517767,-1.06628661439541,0.000262407196999437,0.000292308943582675,3.65340426781091e-05
-0.368547671517767,-1.06628661439541,0.000262407196999437,0.000292308943582675,3.65340426781091e-05
-0.368285264320768,-1.06599430545183,0.000321002399047865,0.000285125140363274,4.54961748551785e-05
-0.368285264320768,-1.06599430545183,0.000321002399047865,0.000285125140363274,4.54961748551785e-05
-0.36796426192172,-1.06570918031146,0.000383341498291168,0.000280223803463819,5.34500326474415e-05
-0.36796426192172,-1.06570918031146,0.000383341498291168,0.000280223803463819,5.34500326474415e-05
-0.367580920423429,-1.065428956508,0.000449423981807695,0.000277690198268399,6.04936481384426e-05
-0.367580920423429,-1.065428956508,0.000449423981807695,0.000277690198268399,6.04936481384426e-05
-0.367131496441621,-1.06515126630973,0.00051923649582325,0.000277603092353917,6.67853437045649e-05
-0.367131496441621,-1.06515126630973,0.00051923649582325,0.000277603092353917,6.67853437045649e-05
-0.366612259945798,-1.06487366321738,0.000592752756960746,0.00028003417275535,7.24820091486971e-05
-0.366612259945798,-1.06487366321738,0.000592752756960746,0.00028003417275535,7.24820091486971e-05
-0.366019507188837,-1.06459362904462,0.000669933520706822,0.000285047496464186,7.7714404227301e-05
-0.366019507188837,-1.06459362904462,0.000669933520706822,0.000285047496464186,7.7714404227301e-05
-0.36534957366813,-1.06430858154816,0.000750726607716745,0.000292698978056727,8.25824220242571e-05
-0.36534957366813,-1.06430858154816,0.000750726607716745,0.000292698978056727,8.25824220242571e-05
-0.364598847060414,-1.0640158825701,0.000835066988278066,0.000303035918090222,8.71584598502327e-05
-0.364598847060414,-1.0640158825701,0.000835066988278066,0.000303035918090222,8.71584598502327e-05
-0.363763780072136,-1.06371284665201,0.000922876924923099,0.000316096575639691,9.14929478853788e-05
-0.363763780072136,-1.06371284665201,0.000922876924923099,0.000316096575639691,9.14929478853788e-05
-0.362840903147212,-1.06339675007637,0.00101406617287136,0.000331909787963935,9.56196405138975e-05
-0.362840903147212,-1.06339675007637,0.00101406617287136,0.000331909787963935,9.56196405138975e-05
-0.361826836974341,-1.06306484028841,0.00110853223766982,0.00035049464011383,9.95599524067829e-05
-0.361826836974341,-1.06306484028841,0.00110853223766982,0.00035049464011383,9.95599524067829e-05
-0.360718304736671,-1.06271434564829,0.00120616068907825,0.000371860186892947,0.000103326288199137
-0.360718304736671,-1.06271434564829,0.00120616068907825,0.000371860186892947,0.000103326288199137
-0.359512144047593,-1.0623424854614,0.00130682552995987,0.000396005229190255,0.000106924527031962
-0.359512144047593,-1.0623424854614,0.00130682552995987,0.000396005229190255,0.000106924527031962
-0.358205318517633,-1.06194648023221,0.00141038961862427,0.000422918146457008,0.000110355856822257
-0.358205318517633,-1.06194648023221,0.00141038961862427,0.000422918146457008,0.000110355856822257
-0.356794928899009,-1.06152356208575,0.00151670514277547,0.000452576786600378,0.000113618127691095
-0.356794928899009,-1.06152356208575,0.00151670514277547,0.000452576786600378,0.000113618127691095
-0.355278223756233,-1.06107098529915,0.00162561414293783,0.000484948414262165,0.000116706856027072
-0.355278223756233,-1.06107098529915,0.00162561414293783,0.000484948414262165,0.000116706856027072
-0.353652609613296,-1.06058603688489,0.00173694908298805,0.000519989718009262,0.000119615976175285
-0.353652609613296,-1.06058603688489,0.00173694908298805,0.000519989718009262,0.000119615976175285
-0.351915660530307,-1.06006604716688,0.00185053346515368,0.000557646876612417,0.000122338409619449
-0.351915660530307,-1.06006604716688,0.00185053346515368,0.000557646876612417,0.000122338409619449
-0.350065127065154,-1.05950840029027,0.0019661824866184,0.000597855684199677,0.000124866501418271
-0.350065127065154,-1.05950840029027,0.0019661824866184,0.000597855684199677,0.000124866501418271
-0.348098944578535,-1.05891054460607,0.0020837037346465,0.00064054173367567,0.000127192359241101
-0.348098944578535,-1.05891054460607,0.0020837037346465,0.00064054173367567,0.000127192359241101
-0.346015240843889,-1.05827000287239,0.00220289791694084,0.000685620657409958,0.000129308120146753
-0.346015240843889,-1.05827000287239,0.00220289791694084,0.000685620657409958,0.000129308120146753
-0.343812342926948,-1.05758438221498,0.00232355962378961,0.000732998423826015,0.000131206162993193
-0.343812342926948,-1.05758438221498,0.00232355962378961,0.000732998423826015,0.000131206162993193
-0.341488783303158,-1.05685138379116,0.00244547811837392,0.000782571688141331,0.000132879279337719
-0.341488783303158,-1.05685138379116,0.00244547811837392,0.000782571688141331,0.000132879279337719
-0.339043305184785,-1.05606881210302,0.00256843815149532,0.000834228195150333,0.000134320812084965
-0.339043305184785,-1.05606881210302,0.00256843815149532,0.000834228195150333,0.000134320812084965
-0.336474867033289,-1.05523458390787,0.00269222079685238,0.000887847231673566,0.000135524768554892
-0.336474867033289,-1.05523458390787,0.00269222079685238,0.000887847231673566,0.000135524768554892
-0.333782646236437,-1.05434673667619,0.00281660430288494,0.000943300125919144,0.000136485912893432
-0.333782646236437,-1.05434673667619,0.00281660430288494,0.000943300125919144,0.000136485912893432
-0.330966041933552,-1.05340343655027,0.00294136495715108,0.0010004507907484,0.000137199841386438
-0.330966041933552,-1.05340343655027,0.00294136495715108,0.0010004507907484,0.000137199841386438
-0.328024676976401,-1.05240298575952,0.00306627795913061,0.00105915630752773,0.000137663043302978
-0.328024676976401,-1.05240298575952,0.00306627795913061,0.00105915630752773,0.000137663043302978
-0.32495839901727,-1.051343829452,0.00319111829728208,0.00111926754701597,0.00013787294929131
-0.32495839901727,-1.051343829452,0.00319111829728208,0.00111926754701597,0.00013787294929131
-0.321767280719988,-1.05022456190498,0.00331566162619717,0.00118062982357103,0.000137827968768798
-0.321767280719988,-1.05022456190498,0.00331566162619717,0.00118062982357103,0.000137827968768798
-0.318451619093791,-1.04904393208141,0.00343968513966825,0.00124308357872494,0.000137527517446072
-0.318451619093791,-1.04904393208141,0.00343968513966825,0.00124308357872494,0.000137527517446072
-0.315011933954123,-1.04780084850268,0.00356296843551956,0.00130646509001364,0.000136972035871087
-0.315011933954123,-1.04780084850268,0.00356296843551956,0.00130646509001364,0.000136972035871087
-0.311448965518603,-1.04649438341267,0.00368529436810111,0.00137060720084015,0.000136162999687037
-0.311448965518603,-1.04649438341267,0.00368529436810111,0.00137060720084015,0.000136162999687037
-0.307763671150502,-1.04512377621183,0.00380644988439699,0.00143534006708701,0.000135102922133035
-0.307763671150502,-1.04512377621183,0.00380644988439699,0.00143534006708701,0.000135102922133035
-0.303957221266105,-1.04368843614474,0.00392622683978433,0.00150049191603618,0.000133795349320746
-0.303957221266105,-1.04368843614474,0.00392622683978433,0.00150049191603618,0.000133795349320746
-0.300030994426321,-1.04218794422871,0.0040444227896026,0.00156588981324823,0.000132244848693426
-0.300030994426321,-1.04218794422871,0.0040444227896026,0.00156588981324823,0.000132244848693426
-0.295986571636718,-1.04062205441546,0.00416084175281073,0.00163136043305512,0.000130456991002033
-0.295986571636718,-1.04062205441546,0.00416084175281073,0.00163136043305512,0.000130456991002033
-0.291825729883907,-1.0389906939824,0.00427529494414247,0.00169673082827693,0.000128438326189292
-0.291825729883907,-1.0389906939824,0.00427529494414247,0.00169673082827693,0.000128438326189292
-0.287550434939765,-1.03729396315413,0.00438760147136125,0.0017618291948831,0.000126196353517303
-0.287550434939765,-1.03729396315413,0.00438760147136125,0.0017618291948831,0.000126196353517303
-0.283162833468404,-1.03553213395924,0.00449758899439279,0.00182648562741861,0.000123739486266578
-0.283162833468404,-1.03553213395924,0.00449758899439279,0.00182648562741861,0.000123739486266578
-0.278665244474011,-1.03370564833183,0.00460509434330131,0.0018905328611476,0.000121077011364269
-0.278665244474011,-1.03370564833183,0.00460509434330131,0.0018905328611476,0.000121077011364269
-0.27406015013071,-1.03181511547068,0.00470996409231045,0.00195380699701952,0.000118219044284087
-0.27406015013071,-1.03181511547068,0.00470996409231045,0.00195380699701952,0.000118219044284087
-0.269350186038399,-1.02986130847366,0.0048120550872976,0.00201614820573925,0.000115176479551979
-0.269350186038399,-1.02986130847366,0.0048120550872976,0.00201614820573925,0.000115176479551979
-0.264538130951102,-1.02784516026792,0.00491123492444662,0.00207740140734214,0.000111960937251419
-0.264538130951102,-1.02784516026792,0.00491123492444662,0.00207740140734214,0.000111960937251419
-0.259626896026655,-1.02576775886058,0.00500738237800319,0.00213741692296976,0.000108584705866914
-0.259626896026655,-1.02576775886058,0.00500738237800319,0.00213741692296976,0.000108584705866914
-0.254619513648652,-1.02363034193761,0.00510038777533764,0.0021960510957062,0.000105060681861058
-0.254619513648652,-1.02363034193761,0.00510038777533764,0.0021960510957062,0.000105060681861058
-0.249519125873314,-1.0214342908419,0.00519015331782188,0.00225316687756427,0.000101402306329626
-0.249519125873314,-1.0214342908419,0.00519015331782188,0.00225316687756427,0.000101402306329626
-0.244328972555492,-1.01918112396434,0.00527659334629932,0.00230863437989237,9.762349917575e-05
-0.244328972555492,-1.01918112396434,0.00527659334629932,0.00230863437989237,9.762349917575e-05
-0.239052379209193,-1.01687248958444,0.00535963455023858,0.00236233138481334,9.37385911456978e-05
-0.239052379209193,-1.01687248958444,0.00535963455023858,0.00236233138481334,9.37385911456978e-05
-0.233692744658954,-1.01451015819963,0.00543921611995135,0.00241414381545701,8.97622541480882e-05
-0.233692744658954,-1.01451015819963,0.00543921611995135,0.00241414381545701,8.97622541480882e-05
-0.228253528539003,-1.01209601438417,0.00551528984156596,0.00246396616305189,8.57094302478779e-05
-0.228253528539003,-1.01209601438417,0.00551528984156596,0.00246396616305189,8.57094302478779e-05
-0.222738238697437,-1.00963204822112,0.00558782013473844,0.00251170186921934,8.15952597392677e-05
-0.222738238697437,-1.00963204822112,0.00558782013473844,0.00251170186921934,8.15952597392677e-05
-0.217150418562699,-1.0071203463519,0.00565678403341119,0.00255726366203768,7.74350086596301e-05
-0.217150418562699,-1.0071203463519,0.00565678403341119,0.00255726366203768,7.74350086596301e-05
-0.211493634529287,-1.00456308268987,0.00572217111020443,0.00260057384468637,7.32439961495983e-05
-0.211493634529287,-1.00456308268987,0.00572217111020443,0.00260057384468637,7.32439961495983e-05
-0.205771463419083,-1.00196250884518,0.00578398334532768,0.00264156453576614,6.90375220691033e-05
-0.205771463419083,-1.00196250884518,0.00578398334532768,0.00264156453576614,6.90375220691033e-05
-0.199987480073755,-0.999320944309413,0.00584223494120181,0.00268017786068309,6.48307952174519e-05
-0.199987480073755,-0.999320944309413,0.00584223494120181,0.00268017786068309,6.48307952174519e-05
-0.194145245132553,-0.99664076644873,0.00589695208422253,0.00271636609376136,6.06388625508693e-05
-0.194145245132553,-0.99664076644873,0.00589695208422253,0.00271636609376136,6.06388625508693e-05
-0.188248293048331,-0.993924400354968,0.00594817265541095,0.0027500917509673,5.64765397512513e-05
-0.188248293048331,-0.993924400354968,0.00594817265541095,0.0027500917509673,5.64765397512513e-05
-0.18230012039292,-0.991174308604001,0.00599594589191346,0.00278132763346095,5.23583435032117e-05
-0.18230012039292,-0.991174308604001,0.00599594589191346,0.00278132763346095,5.23583435032117e-05
-0.176304174501006,-0.98839298097054,0.00604033200157278,0.00281005682242808,4.82984258108887e-05
-0.176304174501006,-0.98839298097054,0.00604033200157278,0.00281005682242808,4.82984258108887e-05
-0.170263842499434,-0.985582924148112,0.00608140173301513,0.00283627262589514,4.43105106750002e-05
-0.170263842499434,-0.985582924148112,0.00608140173301513,0.00283627262589514,4.43105106750002e-05
-0.164182440766419,-0.982746651522217,0.00611923590389282,0.00285997847850461,4.04078334396768e-05
-0.164182440766419,-0.982746651522217,0.00611923590389282,0.00285997847850461,4.04078334396768e-05
-0.158063204862526,-0.979886673043712,0.00615392489012331,0.00288118779544888,3.66030830718555e-05
-0.158063204862526,-0.979886673043712,0.00615392489012331,0.00288118779544888,3.66030830718555e-05
-0.151909279972402,-0.977005485248263,0.00618556807911841,0.00289992378196724,3.2908347667426e-05
-0.151909279972402,-0.977005485248263,0.00618556807911841,0.00289992378196724,3.2908347667426e-05
-0.145723711893284,-0.974105561466296,0.00621427329016153,0.0029162192000497,2.93350634294094e-05
-0.145723711893284,-0.974105561466296,0.00621427329016153,0.0029162192000497,2.93350634294094e-05
-0.139509438603123,-0.971189342266246,0.00624015616521068,0.00293011609419791,2.58939673523041e-05
-0.139509438603123,-0.971189342266246,0.00624015616521068,0.00293011609419791,2.58939673523041e-05
-0.133269282437912,-0.968259226172049,0.00626333953352368,0.00294166547825836,2.2595053805907e-05
-0.133269282437912,-0.968259226172049,0.00626333953352368,0.00294166547825836,2.2595053805907e-05
-0.127005942904388,-0.96531756069379,0.0062839527535633,0.00295092698551858,1.94475352498337e-05
-0.127005942904388,-0.96531756069379,0.0062839527535633,0.00295092698551858,1.94475352498337e-05
-0.120721990150825,-0.962366633708272,0.00630213103574227,0.00295796848441698,1.64598072297153e-05
-0.120721990150825,-0.962366633708272,0.00630213103574227,0.00295796848441698,1.64598072297153e-05
-0.114419859115083,-0.959408665223855,0.0063180147495971,0.0029628656623254,1.36394178592405e-05
-0.114419859115083,-0.959408665223855,0.0063180147495971,0.0029628656623254,1.36394178592405e-05
-0.108101844365485,-0.956445799561529,0.00633174871903434,0.00296570158002518,1.09930419001101e-05
-0.108101844365485,-0.956445799561529,0.00633174871903434,0.00296570158002518,1.09930419001101e-05
-0.101770095646451,-0.953480097981504,0.00634348150927019,0.00296656619958935,8.52645960138735e-06
-0.101770095646451,-0.953480097981504,0.00634348150927019,0.00296656619958935,8.52645960138735e-06
-0.0954266141371809,-0.950513531781915,0.00635336470908304,0.00296555588853031,6.24454039121428e-06
-0.0954266141371809,-0.950513531781915,0.00635336470908304,0.00296555588853031,6.24454039121428e-06
-0.0890732494280979,-0.947547975893384,0.00636155221198766,0.00296277290306468,4.15123151159547e-06
-0.0890732494280979,-0.947547975893384,0.00636155221198766,0.00296277290306468,4.15123151159547e-06
-0.0827116972161102,-0.94458520299032,0.00636819949987216,0.00295832485344272,2.24955165819846e-06
-0.0827116972161102,-0.94458520299032,0.00636819949987216,0.00295832485344272,2.24955165819846e-06
-0.0763434977162381,-0.941626878136877,0.0063734629325792,0.00295232415429447,5.41589687724602e-07
-0.0763434977162381,-0.941626878136877,0.0063734629325792,0.00295232415429447,5.41589687724602e-07
-0.0699700347836589,-0.938674553982582,0.00637749904682168,0.0029448874630148,-9.7149158652908e-07
-0.0699700347836589,-0.938674553982582,0.00637749904682168,0.0029448874630148,-9.7149158652908e-07
-0.0635925357368372,-0.935729666519568,0.00638046386774086,0.00293613510916602,-2.28944653573194e-06
-0.0635925357368372,-0.935729666519568,0.00638046386774086,0.00293613510916602,-2.28944653573194e-06
-0.0572120718690963,-0.932793531410402,0.0063825122362635,0.00292619051788345,-3.41293282650652e-06
-0.0572120718690963,-0.932793531410402,0.0063825122362635,0.00292619051788345,-3.41293282650652e-06
-0.0508295596328328,-0.929867340892518,0.00638379715529901,0.00291517963019661,-4.3434925599637e-06
-0.0508295596328328,-0.929867340892518,0.00638379715529901,0.00291517963019661,-4.3434925599637e-06
-0.0444457624775338,-0.926952161262322,0.00638446915765313,0.00290323032318007,-5.08352855309226e-06
-0.0444457624775338,-0.926952161262322,0.00638446915765313,0.00290323032318007,-5.08352855309226e-06
-0.0380612933198807,-0.924048930939142,0.00638467569838356,0.00289047183272195,-5.63627591916235e-06
-0.0380612933198807,-0.924048930939142,0.00638467569838356,0.00289047183272195,-5.63627591916235e-06
-0.0316766176214971,-0.92115845910642,0.00638456057413355,0.00287703418159768,-6.00576909750086e-06
-0.0316766176214971,-0.92115845910642,0.00638456057413355,0.00287703418159768,-6.00576909750086e-06
-0.0252920570473636,-0.918281424924822,0.00638426337178735,0.00286304761551393,-6.19680455043667e-06
-0.0252920570473636,-0.918281424924822,0.00638426337178735,0.00286304761551393,-6.19680455043667e-06
-0.0189077936755762,-0.915418377309308,0.00638391894860508,0.00284864204965318,-6.21489941793948e-06
-0.0189077936755762,-0.915418377309308,0.00638391894860508,0.00284864204965318,-6.21489941793948e-06
-0.0125238747269712,-0.912569735259655,0.00638365694575889,0.00283394652812008,-6.0662464107606e-06
-0.0125238747269712,-0.912569735259655,0.00638365694575889,0.00283394652812008,-6.0662464107606e-06
-0.00614021778121226,-0.909735788731535,0.00638360133698821,0.00281908869859249,-5.75766529711981e-06
-0.00614021778121226,-0.909735788731535,0.00638360133698821,0.00281908869859249,-5.75766529711981e-06
0.000243383555775943,-0.906916700032942,0.00638387001386852,0.00280419430432699,-5.29655139722574e-06
0.000243383555775943,-0.906916700032942,0.00638387001386852,0.00280419430432699,-5.29655139722574e-06
0.00662725356964446,-0.904112505728615,0.00638457440894167,0.00278938669550588,-4.69082148461721e-06
0.00662725356964446,-0.904112505728615,0.00638457440894167,0.00278938669550588,-4.69082148461721e-06
0.0130118279785861,-0.901323119033109,0.00638581915771219,0.00277478636186401,-3.94885757448987e-06
0.0130118279785861,-0.901323119033109,0.00638581915771219,0.00277478636186401,-3.94885757448987e-06
0.0193976471362983,-0.898548332671245,0.00638770180028903,0.00276051048832415,-3.07944911439803e-06
0.0193976471362983,-0.898548332671245,0.00638770180028903,0.00276051048832415,-3.07944911439803e-06
0.0257853489365873,-0.895787822182921,0.00639031252319873,0.00274667253520278,-2.09173405637652e-06
0.0257853489365873,-0.895787822182921,0.00639031252319873,0.00274667253520278,-2.09173405637652e-06
0.0321756614597861,-0.893041149647718,0.00639373394168166,0.00273338184444305,-9.95139382091101e-07
0.0321756614597861,-0.893041149647718,0.00639373394168166,0.00273338184444305,-9.95139382091101e-07
0.0385693954014677,-0.890307767803275,0.00639804092253424,0.00272074327311467,2.00678395114069e-07
0.0385693954014677,-0.890307767803275,0.00639804092253424,0.00272074327311467,2.00678395114069e-07
0.044967436324002,-0.887587024530161,0.00640330044733578,0.00270885685529088,1.48589219341275e-06
0.044967436324002,-0.887587024530161,0.00640330044733578,0.00270885685529088,1.48589219341275e-06
0.0513707367713378,-0.88487816767487,0.0064095715156665,0.0026978174932184,2.85056228645914e-06
0.0513707367713378,-0.88487816767487,0.0064095715156665,0.0026978174932184,2.85056228645914e-06
0.0577803082870043,-0.882180350181651,0.00641690508772835,0.00268771467853046,4.28469266463595e-06
0.0577803082870043,-0.882180350181651,0.00641690508772835,0.00268771467853046,4.28469266463595e-06
0.0641972133747326,-0.879492635503121,0.00642534406555968,0.00267863224405718,5.77828541311644e-06
0.0641972133747326,-0.879492635503121,0.00642534406555968,0.00267863224405718,5.77828541311644e-06
0.0706225574402923,-0.876814003259064,0.00643492331186603,0.00267064814666862,7.3213926495572e-06
0.0706225574402923,-0.876814003259064,0.00643492331186603,0.00267064814666862,7.3213926495572e-06
0.0770574807521583,-0.874143355112395,0.00644566970528197,0.00266383428138073,8.90416567962942e-06
0.0770574807521583,-0.874143355112395,0.00644566970528197,0.00266383428138073,8.90416567962942e-06
0.0835031504574403,-0.871479520831014,0.00645760223072954,0.00265825632680594,1.05169010616787e-05
0.0835031504574403,-0.871479520831014,0.00645760223072954,0.00265825632680594,1.05169010616787e-05
0.0899607526881698,-0.868821264504208,0.00647073210339554,0.00265397362183695,1.21500833518947e-05
0.0899607526881698,-0.868821264504208,0.00647073210339554,0.00265397362183695,1.21500833518947e-05
0.0964314847915654,-0.866167290882372,0.00648506292470122,0.0026510390733564,1.3794424319845e-05
0.0964314847915654,-0.866167290882372,0.00648506292470122,0.0026510390733564,1.3794424319845e-05
0.102916547716267,-0.863516251809015,0.00650059086851072,0.00264949909453505,1.54408985670509e-05
0.102916547716267,-0.863516251809015,0.00650059086851072,0.00264949909453505,1.54408985670509e-05
0.109417138584777,-0.86086675271448,0.00651730489570979,0.00264939357326788,1.70807754833338e-05
0.109417138584777,-0.86086675271448,0.00651730489570979,0.00264939357326788,1.70807754833338e-05
0.115934443480487,-0.858217359141212,0.00653518699520433,0.00265075587008767,1.87056475610082e-05
0.115934443480487,-0.858217359141212,0.00653518699520433,0.00265075587008767,1.87056475610082e-05
0.122469630475691,-0.855566603271125,0.00655421244931351,0.00265361284478016,2.03074551041182e-05
0.122469630475691,-0.855566603271125,0.00655421244931351,0.00265361284478016,2.03074551041182e-05
0.129023842925005,-0.852912990426344,0.00657435012144292,0.00265798491079128,2.18785074907087e-05
0.129023842925005,-0.852912990426344,0.00657435012144292,0.00265798491079128,2.18785074907087e-05
0.135598193046448,-0.850255005515553,0.00659556276391426,0.00266388611642987,2.341150112385e-05
0.135598193046448,-0.850255005515553,0.00659556276391426,0.00266388611642987,2.341150112385e-05
0.142193755810362,-0.847591119399123,0.00661780734377135,0.0026713242517783,2.48995342440579e-05
0.142193755810362,-0.847591119399123,0.00661780734377135,0.0026713242517783,2.48995342440579e-05
0.148811563154133,-0.844919795147345,0.00664103538436575,0.0026803009800962,2.63361188023196e-05
0.148811563154133,-0.844919795147345,0.00664103538436575,0.0026803009800962,2.63361188023196e-05
0.155452598538499,-0.842239494167249,0.00666519332051785,0.00269081199240795,2.77151896276367e-05
0.155452598538499,-0.842239494167249,0.00666519332051785,0.00269081199240795,2.77151896276367e-05
0.162117791859017,-0.839548682174841,0.00669022286508408,0.00270284718386227,2.90311110940564e-05
0.162117791859017,-0.839548682174841,0.00669022286508408,0.00270284718386227,2.90311110940564e-05
0.168808014724101,-0.836845834990979,0.00671606138474856,0.00271639085041797,3.02786815084555e-05
0.168808014724101,-0.836845834990979,0.00671606138474856,0.00271639085041797,3.02786815084555e-05
0.17552407610885,-0.834129444140561,0.00674264228291721,0.00273142190428122,3.14531354057949e-05
0.17552407610885,-0.834129444140561,0.00674264228291721,0.00273142190428122,3.14531354057949e-05
0.182266718391767,-0.831398022236279,0.0067698953876012,0.00274791410648434,3.2550143960107e-05
0.182266718391767,-0.831398022236279,0.0067698953876012,0.00274791410648434,3.2550143960107e-05
0.189036613779368,-0.828650108129795,0.00679774734225097,0.00276583631492378,3.35658137198633e-05
0.189036613779368,-0.828650108129795,0.00679774734225097,0.00276583631492378,3.35658137198633e-05
0.195834361121619,-0.825884271814871,0.00682612199755986,0.00278515274622115,3.44966837875806e-05
0.195834361121619,-0.825884271814871,0.00682612199755986,0.00278515274622115,3.44966837875806e-05
0.202660483119179,-0.82309911906865,0.00685494080231919,0.00280582324964906,3.53397216118732e-05
0.202660483119179,-0.82309911906865,0.00685494080231919,0.00280582324964906,3.53397216118732e-05
0.209515423921498,-0.820293295819001,0.00688412319147688,0.00282780359143275,3.60923174988715e-05
0.209515423921498,-0.820293295819001,0.00688412319147688,0.00282780359143275,3.60923174988715e-05
0.216399547112975,-0.817465492227568,0.00691358696964758,0.00285104574766193,3.67522779581289e-05
0.216399547112975,-0.817465492227568,0.00691358696964758,0.00285104574766193,3.67522779581289e-05
0.223313134082623,-0.814614446479906,0.00694324868840099,0.00287549820410904,3.73178179619901e-05
0.223313134082623,-0.814614446479906,0.00694324868840099,0.00287549820410904,3.73178179619901e-05
0.230256382771024,-0.811738948275797,0.0069730240157517,0.00290110626124185,3.7787552203212e-05
0.230256382771024,-0.811738948275797,0.0069730240157517,0.00290110626124185,3.7787552203212e-05
0.237229406786775,-0.808837842014555,0.00700282809638583,0.00292781234274841,3.81604854027681e-05
0.237229406786775,-0.808837842014555,0.00700282809638583,0.00292781234274841,3.81604854027681e-05
0.244232234883161,-0.805910029671807,0.00703257590126063,0.0029555563059156,3.84360017348095e-05
0.244232234883161,-0.805910029671807,0.00703257590126063,0.0029555563059156,3.84360017348095e-05
0.251264810784422,-0.802954473365891,0.00706218256531987,0.00298427575229332,3.86138533705763e-05
0.251264810784422,-0.802954473365891,0.00706218256531987,0.00298427575229332,3.86138533705763e-05
0.258326993349742,-0.799970197613598,0.00709156371218039,0.00301390633701781,3.86941482051796e-05
0.258326993349742,-0.799970197613598,0.00709156371218039,0.00301390633701781,3.86941482051796e-05
0.265418557061922,-0.79695629127658,0.00712063576474425,0.00304438207532642,3.86773367799537e-05
0.265418557061922,-0.79695629127658,0.00712063576474425,0.00304438207532642,3.86773367799537e-05
0.272539192826666,-0.793911909201254,0.00714931624081627,0.0030756356447762,3.85641984567264e-05
0.272539192826666,-0.793911909201254,0.00714931624081627,0.0030756356447762,3.85641984567264e-05
0.279688509067483,-0.790836273556478,0.00717752403292654,0.00310759868179267,3.83558268135225e-05
0.279688509067483,-0.790836273556478,0.00717752403292654,0.00310759868179267,3.83558268135225e-05
0.286866033100409,-0.787728674874685,0.00720517967162643,0.00314020207118837,3.80536143411436e-05
0.286866033100409,-0.787728674874685,0.00720517967162643,0.00314020207118837,3.80536143411436e-05
0.294071212772036,-0.784588472803497,0.0072322055716717,0.0031733762274011,3.76592364630963e-05
0.294071212772036,-0.784588472803497,0.0072322055716717,0.0031733762274011,3.76592364630963e-05
0.301303418343707,-0.781415096576096,0.00725852626058576,0.00320705136631028,3.71746349111645e-05
0.301303418343707,-0.781415096576096,0.00725852626058576,0.00320705136631028,3.71746349111645e-05
0.308561944604293,-0.778208045209785,0.00728406858920061,0.00324115776655032,3.66020004778592e-05
0.308561944604293,-0.778208045209785,0.00728406858920061,0.00324115776655032,3.66020004778592e-05
0.315846013193494,-0.774966887443235,0.00730876192386321,0.00327562601929143,3.59437552316759e-05
0.315846013193494,-0.774966887443235,0.00730876192386321,0.00327562601929143,3.59437552316759e-05
0.323154775117357,-0.771691261423944,0.00733253832009184,0.00331038726563493,3.52025342316483e-05
0.323154775117357,-0.771691261423944,0.00733253832009184,0.00331038726563493,3.52025342316483e-05
0.330487313437449,-0.768380874158309,0.0073553326775499,0.00334537342083507,3.43811667753453e-05
0.330487313437449,-0.768380874158309,0.0073553326775499,0.00334537342083507,3.43811667753453e-05
0.337842646114999,-0.765035500737474,0.0073770828762727,0.0033805173846313,3.34826572754229e-05
0.337842646114999,-0.765035500737474,0.0073770828762727,0.0033805173846313,3.34826572754229e-05
0.345219728991271,-0.761654983352842,0.00739772989419007,0.00341575323708898,3.25101658274676e-05
0.345219728991271,-0.761654983352842,0.00739772989419007,0.00341575323708898,3.25101658274676e-05
0.352617458885461,-0.758239230115753,0.00741721790604993,0.00345101641945977,3.14669885348312e-05
0.352617458885461,-0.758239230115753,0.00741721790604993,0.00345101641945977,3.14669885348312e-05
0.360034676791511,-0.754788213696293,0.00743549436392738,0.0034862438996367,3.03565376795923e-05
0.360034676791511,-0.754788213696293,0.00743549436392738,0.0034862438996367,3.03565376795923e-05
0.367470171155439,-0.751301969796657,0.00745251005956599,0.00352137432191879,2.91823218125219e-05
0.367470171155439,-0.751301969796657,0.00745251005956599,0.00352137432191879,2.91823218125219e-05
0.374922681215005,-0.747780595474738,0.00746821916888857,0.00355634814082295,2.79479258916467e-05
0.374922681215005,-0.747780595474738,0.00746821916888857,0.00355634814082295,2.79479258916467e-05
0.382390900383893,-0.744224247333915,0.0074825792790793,0.00359110773887816,2.6656991524503e-05
0.382390900383893,-0.744224247333915,0.0074825792790793,0.00359110773887816,2.6656991524503e-05
0.389873479662972,-0.740633139595037,0.00749555139870556,0.00362559752834157,2.53131973970561e-05
0.389873479662972,-0.740633139595037,0.00749555139870556,0.00362559752834157,2.53131973970561e-05
0.397369031061678,-0.737007542066695,0.00750709995138799,0.00365976403688972,2.39202399983617e-05
0.397369031061678,-0.737007542066695,0.00750709995138799,0.00365976403688972,2.39202399983617e-05
0.404876131013066,-0.733347778029806,0.00751719275360457,0.00369355597742493,2.24818147442733e-05
0.404876131013066,-0.733347778029806,0.00751719275360457,0.00369355597742493,2.24818147442733e-05
0.412393323766671,-0.729654222052381,0.00752580097727851,0.00372692430222787,2.1001597561807e-05
0.412393323766671,-0.729654222052381,0.00752580097727851,0.00372692430222787,2.1001597561807e-05
0.419919124743949,-0.725927297750153,0.00753289909784233,0.00375982224172089,1.94832270422676e-05
0.419919124743949,-0.725927297750153,0.00753289909784233,0.00375982224172089,1.94832270422676e-05
0.427452023841791,-0.722167475508432,0.00753846482851933,0.00379220532822844,1.79302872082513e-05
0.427452023841791,-0.722167475508432,0.00753846482851933,0.00379220532822844,1.79302872082513e-05
0.434990488670311,-0.718375270180203,0.00754247904157607,0.00382403140516596,1.6346291009715e-05
0.434990488670311,-0.718375270180203,0.00754247904157607,0.00382403140516596,1.6346291009715e-05
0.442532967711887,-0.714551238775037,0.00754492567738646,0.00385526062214014,1.47346645637259e-05
0.442532967711887,-0.714551238775037,0.00754492567738646,0.00385526062214014,1.47346645637259e-05
0.450077893389273,-0.710695978152897,0.00754579164212316,0.00388585541649134,1.30987322551502e-05
0.450077893389273,-0.710695978152897,0.00754579164212316,0.00388585541649134,1.30987322551502e-05
0.457623685031396,-0.706810122736406,0.00754506669495825,0.00391578048190044,1.14417027262895e-05
0.457623685031396,-0.706810122736406,0.00754506669495825,0.00391578048190044,1.14417027262895e-05
0.465168751726355,-0.702894342254506,0.00754274332566124,0.00394500272469556,9.76665579265242e-06
0.465168751726355,-0.702894342254506,0.00754274332566124,0.00394500272469556,9.76665579265242e-06
0.472711495052016,-0.69894933952981,0.00753881662347644,0.00397349120854884,8.07653035134366e-06
0.472711495052016,-0.69894933952981,0.00753881662347644,0.00397349120854884,8.07653035134366e-06
0.480250311675492,-0.694975848321261,0.00753328413820115,0.00400121708828571,6.37411330710498e-06
0.480250311675492,-0.694975848321261,0.00753328413820115,0.00400121708828571,6.37411330710498e-06
0.487783595813694,-0.690974631232975,0.00752614573436078,0.00402815353359398,4.66202950812934e-06
0.487783595813694,-0.690974631232975,0.00752614573436078,0.00402815353359398,4.66202950812934e-06
0.495309741548054,-0.686946477699381,0.00751740343936447,0.00405427564339145,2.94273277595333e-06
0.495309741548054,-0.686946477699381,0.00751740343936447,0.00405427564339145,2.94273277595333e-06
0.502827144987419,-0.68289220205599,0.0075070612865471,0.00407956035171275,1.21849799693957e-06
0.502827144987419,-0.68289220205599,0.0075070612865471,0.00407956035171275,1.21849799693957e-06
0.510334206273966,-0.678812641704277,0.00749512515396877,0.00410398632593867,-5.08585684486779e-07
0.510334206273966,-0.678812641704277,0.00749512515396877,0.00410398632593867,-5.08585684486779e-07
0.517829331427935,-0.674708655378339,0.00748160259984476,0.00412753385823883,-2.23662057321009e-06
0.517829331427935,-0.674708655378339,0.00748160259984476,0.00412753385823883,-2.23662057321009e-06
0.525310934027779,-0.6705811215201,0.00746650269543647,0.00415018475114026,-3.96390501167937e-06
0.525310934027779,-0.6705811215201,0.00746650269543647,0.00415018475114026,-3.96390501167937e-06
0.532777436723216,-0.666430936768959,0.00744983585624193,0.00417192219812845,-5.68893687344883e-06
0.532777436723216,-0.666430936768959,0.00744983585624193,0.00417192219812845,-5.68893687344883e-06
0.540227272579458,-0.662259014570831,0.00743161367228928,0.00419273066017145,-7.41041591762609e-06
0.540227272579458,-0.662259014570831,0.00743161367228928,0.00419273066017145,-7.41041591762609e-06
0.547658886251747,-0.65806628391066,0.00741184873834599,0.00421259573910471,-9.12724502762953e-06
0.547658886251747,-0.65806628391066,0.00741184873834599,0.00421259573910471,-9.12724502762953e-06
0.555070734990093,-0.653853688171555,0.00739055448481984,0.0042315040488039,-1.08385303243148e-05
0.555070734990093,-0.653853688171555,0.00739055448481984,0.0042315040488039,-1.08385303243148e-05
0.562461289474913,-0.649622184122751,0.00736774501012516,0.00424944308507313,-1.25435801559565e-05
0.562461289474913,-0.649622184122751,0.00736774501012516,0.00424944308507313,-1.25435801559565e-05
0.569829034485038,-0.645372741037678,0.00734343491528711,0.00426640109514775,-1.42419029612439e-05
0.569829034485038,-0.645372741037678,0.00734343491528711,0.00426640109514775,-1.42419029612439e-05
0.577172469400325,-0.64110633994253,0.00731763914154937,0.00428236694771122,-1.59332040134338e-05
0.577172469400325,-0.64110633994253,0.00731763914154937,0.00428236694771122,-1.59332040134338e-05
0.584490108541875,-0.636823972994819,0.00729037281174261,0.00429733000430321,-1.76173810072944e-05
0.584490108541875,-0.636823972994819,0.00729037281174261,0.00429733000430321,-1.76173810072944e-05
0.591780481353617,-0.632526642990516,0.00726165107617915,0.00431127999304037,-1.92945185307457e-05
0.591780481353617,-0.632526642990516,0.00726165107617915,0.00431127999304037,-1.92945185307457e-05
0.599042132429796,-0.628215362997475,0.00723148896383985,0.00432420688547119,-2.09648814256027e-05
0.599042132429796,-0.628215362997475,0.00723148896383985,0.00432420688547119,-2.09648814256027e-05
0.606273621393636,-0.623891156112004,0.00719990123961844,0.00433610077736601,-2.2628907047231e-05
0.606273621393636,-0.623891156112004,0.00719990123961844,0.00433610077736601,-2.2628907047231e-05
0.613473522633255,-0.619555055334638,0.00716690226838557,0.00434695177421962,-2.42871964239409e-05
0.613473522633255,-0.619555055334638,0.00716690226838557,0.00434695177421962,-2.42871964239409e-05
0.62064042490164,-0.615208103560418,0.00713250588664627,0.00435674988221391,-2.59405043425507e-05
0.62064042490164,-0.615208103560418,0.00713250588664627,0.00435674988221391,-2.59405043425507e-05
0.627772930788286,-0.610851353678205,0.00709672528255234,0.00436548490535205,-2.75897283933801e-05
0.627772930788286,-0.610851353678205,0.00709672528255234,0.00436548490535205,-2.75897283933801e-05
0.634869656070839,-0.606485868772852,0.00705957288503045,0.00437314634940855,-2.9235896997647e-05
0.634869656070839,-0.606485868772852,0.00705957288503045,0.00437314634940855,-2.9235896997647e-05
0.641929228955869,-0.602112722423444,0.00702106026277771,0.00437972333331016,-3.0880156434928e-05
0.641929228955869,-0.602112722423444,0.00702106026277771,0.00437972333331016,-3.0880156434928e-05
0.648950289218647,-0.597732999090134,0.00698119803387076,0.00438520450853896,-3.25237569437902e-05
0.648950289218647,-0.597732999090134,0.00698119803387076,0.00438520450853896,-3.25237569437902e-05
0.655931487252518,-0.593347794581595,0.00693999578669169,0.00438957798708206,-3.41680379548643e-05
0.655931487252518,-0.593347794581595,0.00693999578669169,0.00438957798708206,-3.41680379548643e-05
0.662871483039209,-0.588958216594513,0.00689746201289088,0.00439283127831946,-3.58144125191077e-05
0.662871483039209,-0.588958216594513,0.00689746201289088,0.00439283127831946,-3.58144125191077e-05
0.6697689450521,-0.584565385316193,0.00685360405302515,0.00439495123526368,-3.7464350947489e-05
0.6697689450521,-0.584565385316193,0.00685360405302515,0.00439495123526368,-3.7464350947489e-05
0.676622549105125,-0.58017043408093,0.00680842805552073,0.0043959240105248,-3.91193637977131e-05
0.676622549105125,-0.58017043408093,0.00680842805552073,0.0043959240105248,-3.91193637977131e-05
0.683430977160646,-0.575774510070405,0.00676193894951183,0.00439573502228807,-4.07809842890433e-05
0.683430977160646,-0.575774510070405,0.00676193894951183,0.00439573502228807,-4.07809842890433e-05
0.690192916110158,-0.571378775048117,0.00671414043207985,0.00439436893049339,-4.24507502360238e-05
0.690192916110158,-0.571378775048117,0.00671414043207985,0.00439436893049339,-4.24507502360238e-05
0.696907056542238,-0.566984406117623,0.00666503497033244,0.00439180962338592,-4.4130185585068e-05
0.696907056542238,-0.566984406117623,0.00666503497033244,0.00439180962338592,-4.4130185585068e-05
0.70357209151257,-0.562592596494237,0.00661462381870692,0.00438804021455041,-4.58207816868717e-05
0.70357209151257,-0.562592596494237,0.00661462381870692,0.00438804021455041,-4.58207816868717e-05
0.710186715331277,-0.558204556279687,0.00656290705177942,0.00438304305047144,-4.75239784228174e-05
0.710186715331277,-0.558204556279687,0.00656290705177942,0.00438304305047144,-4.75239784228174e-05
0.716749622383057,-0.553821513229216,0.0065098836127766,0.00437679972858929,-4.92411452954382e-05
0.716749622383057,-0.553821513229216,0.0065098836127766,0.00437679972858929,-4.92411452954382e-05
0.723259505995833,-0.549444713500626,0.00645555137788867,0.00436929112578499,-5.09735626140571e-05
0.723259505995833,-0.549444713500626,0.00645555137788867,0.00436929112578499,-5.09735626140571e-05
0.729715057373722,-0.545075422374841,0.00639990723638362,0.00436049743715305,-5.27224029082092e-05
0.729715057373722,-0.545075422374841,0.00639990723638362,0.00436049743715305,-5.27224029082092e-05
0.736114964610106,-0.540714924937688,0.00634294718640904,0.0043503982248656,-5.44887126892827e-05
0.736114964610106,-0.540714924937688,0.00634294718640904,0.0043503982248656,-5.44887126892827e-05
0.742457911796515,-0.536364526712823,0.00628466644625014,0.0043389724769024,-5.62733946728889e-05
0.742457911796515,-0.536364526712823,0.00628466644625014,0.0043389724769024,-5.62733946728889e-05
0.748742578242765,-0.53202555423592,0.00622505958070418,0.00432619867539052,-5.80771906349272e-05
0.748742578242765,-0.53202555423592,0.00622505958070418,0.00432619867539052,-5.80771906349272e-05
0.754967637823469,-0.52769935556053,0.00616412064211469,0.00431205487417141,-5.9900665010707e-05
0.754967637823469,-0.52769935556053,0.00616412064211469,0.00431205487417141,-5.9900665010707e-05
0.761131758465584,-0.523387300686358,0.00610184332546582,0.00429651878523574,-6.1744189367211e-05
0.761131758465584,-0.523387300686358,0.00610184332546582,0.00429651878523574,-6.1744189367211e-05
0.767233601791049,-0.519090781901123,0.00603822113683494,0.00427956787359118,-6.36079278644331e-05
0.767233601791049,-0.519090781901123,0.00603822113683494,0.00427956787359118,-6.36079278644331e-05
0.773271822927884,-0.514811214027531,0.00597324757437667,0.00426117946010851,-6.54918238685888e-05
0.773271822927884,-0.514811214027531,0.00597324757437667,0.00426117946010851,-6.54918238685888e-05
0.779245070502261,-0.510550034567423,0.00590691632084939,0.00424133083183997,-6.73955877636316e-05
0.779245070502261,-0.510550034567423,0.00590691632084939,0.00424133083183997,-6.73955877636316e-05
0.78515198682311,-0.506308703735583,0.00583922144663063,0.00421999935931427,-6.93186861162294e-05
0.78515198682311,-0.506308703735583,0.00583922144663063,0.00421999935931427,-6.93186861162294e-05
0.790991208269741,-0.502088704376269,0.00577015762201072,0.00419716262026126,-7.12603322923621e-05
0.790991208269741,-0.502088704376269,0.00577015762201072,0.00419716262026126,-7.12603322923621e-05
0.796761365891752,-0.497891541756007,0.00569972033746224,0.00417279852917368,-7.32194786193796e-05
0.796761365891752,-0.497891541756007,0.00569972033746224,0.00417279852917368,-7.32194786193796e-05
0.802461086229214,-0.493718743226834,0.00562790613046671,0.0041468854721064,-7.51948101555865e-05
0.802461086229214,-0.493718743226834,0.00562790613046671,0.0041468854721064,-7.51948101555865e-05
0.808088992359681,-0.489571857754727,0.00555471281739528,0.00411940244611381,-7.71847401504653e-05
0.808088992359681,-0.489571857754727,0.00555471281739528,0.00411940244611381,-7.71847401504653e-05
0.813643705177076,-0.485452455308613,0.0054801397288522,0.00409032920269342,-7.91874072511977e-05
0.813643705177076,-0.485452455308613,0.0054801397288522,0.00409032920269342,-7.91874072511977e-05
0.819123844905928,-0.48136212610592,0.0054041879468063,0.00405964639460793,-8.12006745329148e-05
0.819123844905928,-0.48136212610592,0.0054041879468063,0.00405964639460793,-8.12006745329148e-05
0.824528032852734,-0.477302479711312,0.00532686054176457,0.00402733572540787,-8.32221303523825e-05
0.824528032852734,-0.477302479711312,0.00532686054176457,0.00402733572540787,-8.32221303523825e-05
0.829854893394499,-0.473275143985904,0.00524816280820106,0.00399338010101308,-8.52490910630294e-05
0.829854893394499,-0.473275143985904,0.00524816280820106,0.00399338010101308,-8.52490910630294e-05
0.8351030562027,-0.469281763884891,0.00516810249640232,0.0039577637826973,-8.72786056028124e-05
0.8351030562027,-0.469281763884891,0.00516810249640232,0.0039577637826973,-8.72786056028124e-05
0.840271158699102,-0.465324000102194,0.00508669003886852,0.00392047254080646,-8.93074619550092e-05
0.840271158699102,-0.465324000102194,0.00508669003886852,0.00392047254080646,-8.93074619550092e-05
0.845357848737971,-0.461403527561387,0.00500393876940064,0.00388149380853026,-9.13321954178524e-05
0.845357848737971,-0.461403527561387,0.00500393876940064,0.00388149380853026,-9.13321954178524e-05
0.850361787507372,-0.457522033752857,0.00491986513300569,0.00384081683512255,-9.33490987023453e-05
0.850361787507372,-0.457522033752857,0.00491986513300569,0.00384081683512255,-9.33490987023453e-05
0.855281652640377,-0.453681216917735,0.00483448888476445,0.00379843283789144,-9.53542338409993e-05
0.855281652640377,-0.453681216917735,0.00483448888476445,0.00379843283789144,-9.53542338409993e-05
0.860116141525142,-0.449882784079843,0.00474783327583495,0.00375433515224272,-9.73434457943066e-05
0.860116141525142,-0.449882784079843,0.00474783327583495,0.00375433515224272,-9.73434457943066e-05
0.864863974800977,-0.4461284489276,0.0046599252248164,0.00370851937914979,-9.931237772378e-05
0.864863974800977,-0.4461284489276,0.0046599252248164,0.00370851937914979,-9.931237772378e-05
0.869523900025793,-0.442419929548451,0.00457079547276307,0.00366098352936117,-0.000101256487841611
0.869523900025793,-0.442419929548451,0.00457079547276307,0.00366098352936117,-0.000101256487841611
0.874094695498556,-0.438758946019089,0.00448047872021051,0.00361172816367816,-0.000103171067753078
0.874094695498556,-0.438758946019089,0.00448047872021051,0.00361172816367816,-0.000103171067753078
0.878575174218767,-0.435147217855411,0.00438901374465861,0.00356075652863624,-0.000105051262184921
0.878575174218767,-0.435147217855411,0.00438901374465861,0.00356075652863624,-0.000105051262184921
0.882964187963425,-0.431586461326775,0.00429644349708103,0.00350807468690628,-0.000106892089987525
0.882964187963425,-0.431586461326775,0.00429644349708103,0.00350807468690628,-0.000106892089987525
0.887260631460506,-0.428078386639869,0.00420281517613186,0.0034536916417533,-0.000108688466314167
0.887260631460506,-0.428078386639869,0.00420281517613186,0.0034536916417533,-0.000108688466314167
0.891463446636638,-0.424624694998116,0.00410818027884519,0.003397619454858,-0.000110435225842233
0.891463446636638,-0.424624694998116,0.00410818027884519,0.003397619454858,-0.000110435225842233
0.895571626915483,-0.421227075543258,0.00401259462677805,0.00333987335679892,-0.000112127146924162
0.895571626915483,-0.421227075543258,0.00401259462677805,0.00333987335679892,-0.000112127146924162
0.899584221542261,-0.417887202186459,0.00391611836668182,0.00328047184947522,-0.000113758976492899
0.899584221542261,-0.417887202186459,0.00391611836668182,0.00328047184947522,-0.000113758976492899
0.903500339908943,-0.414606730336983,0.00381881594499134,0.00321943679974784,-0.000115325455582601
0.903500339908943,-0.414606730336983,0.00381881594499134,0.00321943679974784,-0.000115325455582601
0.907319155853935,-0.411387293537236,0.00372075605554412,0.00315679352361625,-0.000116821345325183
0.907319155853935,-0.411387293537236,0.00372075605554412,0.00315679352361625,-0.000116821345325183
0.911039911909479,-0.408230500013619,0.00362201156016573,0.00309257086016734,-0.00011824145326865
0.911039911909479,-0.408230500013619,0.00362201156016573,0.00309257086016734,-0.00011824145326865
0.914661923469644,-0.405137929153452,0.00352265938191332,0.00302680123455845,-0.000119580659819338
0.914661923469644,-0.405137929153452,0.00352265938191332,0.00302680123455845,-0.000119580659819338
0.918184582851558,-0.402111127918893,0.00342278037100396,0.00295952070929517,-0.000120833944671111
0.918184582851558,-0.402111127918893,0.00342278037100396,0.00295952070929517,-0.000120833944671111
0.921607363222562,-0.399151607209598,0.00332245914363083,0.00289076902303864,-0.000121996412999249
0.921607363222562,-0.399151607209598,0.00332245914363083,0.00289076902303864,-0.000121996412999249
0.924929822366192,-0.39626083818656,0.00322178389410144,0.00282058961621584,-0.000123063321254992
0.924929822366192,-0.39626083818656,0.00322178389410144,0.00282058961621584,-0.000123063321254992
0.928151606260294,-0.393440248570344,0.00312084618091957,0.00274902964270379,-0.000124030102325453
0.928151606260294,-0.393440248570344,0.00312084618091957,0.00274902964270379,-0.000124030102325453
0.931272452441213,-0.39069121892764,0.00301974068765021,0.00267613996692306,-0.000124892389883679
0.931272452441213,-0.39069121892764,0.00301974068765021,0.00267613996692306,-0.000124892389883679
0.934292193128864,-0.388015078960717,0.00291856495960563,0.00260197514566185,-0.000125646041701372
0.934292193128864,-0.388015078960717,0.00291856495960563,0.00260197514566185,-0.000125646041701372
0.937210758088469,-0.385413103815055,0.00281741911760369,0.0025265933939882,-0.000126287161650746
0.937210758088469,-0.385413103815055,0.00281741911760369,0.0025265933939882,-0.000126287161650746
0.940028177206073,-0.382886510421067,0.00271640555027519,0.00245005653467972,-0.000126812120207946
0.940028177206073,-0.382886510421067,0.00271640555027519,0.00245005653467972,-0.000126812120207946
0.942744582756348,-0.380436453886387,0.00261562858652997,0.00237242993061904,-0.000127217573158348
0.942744582756348,-0.380436453886387,0.00261562858652997,0.00237242993061904,-0.000127217573158348
0.945360211342878,-0.378064023955768,0.0025151941500221,0.00229378239964173,-0.00012750047821661
0.945360211342878,-0.378064023955768,0.0025151941500221,0.00229378239964173,-0.00012750047821661
0.9478754054929,-0.375770241556126,0.00241520939760387,0.00221418611137991,-0.000127658109174692
0.9478754054929,-0.375770241556126,0.00241520939760387,0.00221418611137991,-0.000127658109174692
0.950290614890504,-0.373556055444747,0.00231578234392871,0.00213371646574789,-0.000127688067214292
0.950290614890504,-0.373556055444747,0.00231578234392871,0.00213371646574789,-0.000127688067214292
0.952606397234433,-0.371422338978999,0.00221702147449843,0.00205245195271714,-0.000127588288854341
0.952606397234433,-0.371422338978999,0.00221702147449843,0.00205245195271714,-0.000127588288854341
0.954823418708931,-0.369369887026281,0.00211903534957802,0.00197047399313055,-0.000127357049864654
0.954823418708931,-0.369369887026281,0.00211903534957802,0.00197047399313055,-0.000127357049864654
0.956942454058509,-0.367399413033151,0.00202193220152813,0.00188786676040276,-0.00012699296430572
0.956942454058509,-0.367399413033151,0.00202193220152813,0.00188786676040276,-0.00012699296430572
0.958964386260037,-0.365511546272748,0.0019258195281705,0.0018047169830635,-0.000126494977570961
0.958964386260037,-0.365511546272748,0.0019258195281705,0.0018047169830635,-0.000126494977570961
0.960890205788208,-0.363706829289685,0.00183080368490096,0.00172111372815631,-0.000125862351819225
0.960890205788208,-0.363706829289685,0.00183080368490096,0.00172111372815631,-0.000125862351819225
0.962721009473109,-0.361985715561528,0.0017369894782765,0.0016371481657359,-0.000125094641664303
0.962721009473109,-0.361985715561528,0.0017369894782765,0.0016371481657359,-0.000125094641664303
0.964457998951385,-0.360348567395792,0.00164447976386028,0.00155291331472396,-0.000124191656974317
0.964457998951385,-0.360348567395792,0.00164447976386028,0.00155291331472396,-0.000124191656974317
0.966102478715246,-0.358795654081069,0.00155337505110775,0.00146850377055824,-0.000123153408217087
0.966102478715246,-0.358795654081069,0.00155337505110775,0.00146850377055824,-0.000123153408217087
0.967655853766353,-0.35732715031051,0.00146377311802826,0.00138401541526767,-0.000121980027585066
0.967655853766353,-0.35732715031051,0.00146377311802826,0.00138401541526767,-0.000121980027585066
0.969119626884382,-0.355943134895243,0.001375768638331,0.00129954511076225,-0.00012067165567291
0.969119626884382,-0.355943134895243,0.001375768638331,0.00129954511076225,-0.00012067165567291
0.970495395522713,-0.35464358978448,0.00128945282367399,0.00121519037632362,-0.000119228277946301
0.970495395522713,-0.35464358978448,0.00128945282367399,0.00121519037632362,-0.000119228277946301
0.971784848346387,-0.353428399408157,0.00120491308354487,0.00113104905140882,-0.000117649485978516
0.971784848346387,-0.353428399408157,0.00120491308354487,0.00113104905140882,-0.000117649485978516
0.972989761429932,-0.352297350356748,0.00112223270516398,0.00104721894519649,-0.000115934123154637
0.972989761429932,-0.352297350356748,0.00112223270516398,0.00104721894519649,-0.000115934123154637
0.974111994135096,-0.351250131411551,0.00104149055564939,0.000963797474400951,-0.000114079747727549
0.974111994135096,-0.351250131411551,0.00104149055564939,0.000963797474400951,-0.000114079747727549
0.975153484690745,-0.35028633393715,0.000962760808526308,0.000880881291102864,-0.000112081798334757
0.975153484690745,-0.35028633393715,0.000962760808526308,0.000880881291102864,-0.000112081798334757
0.976116245499271,-0.349405452646048,0.000886112696483754,0.000798565902638437,-0.0001099322590275
0.976116245499271,-0.349405452646048,0.000886112696483754,0.000798565902638437,-0.0001099322590275
0.977002358195755,-0.348606886743409,0.000811610292042908,0.000716945285678616,-0.000107617451326361
0.977002358195755,-0.348606886743409,0.000811610292042908,0.000716945285678616,-0.000107617451326361
0.977813968487798,-0.347889941457731,0.000739312317623586,0.000636111496842284,-0.000105114241588409
0.977813968487798,-0.347889941457731,0.000739312317623586,0.000636111496842284,-0.000105114241588409
0.978553280805421,-0.347253829960888,0.000669271986236231,0.000556154282363608,-0.000102383239624748
0.978553280805421,-0.347253829960888,0.000669271986236231,0.000556154282363608,-0.000102383239624748
0.979222552791658,-0.346697675678525,0.000601536873787389,0.000477160689499712,-9.93559898410221e-05
0.979222552791658,-0.346697675678525,0.000601536873787389,0.000477160689499712,-9.93559898410221e-05
0.979824089665445,-0.346220514989025,0.000536148823740534,0.000399214682388294,-9.59094772409058e-05
0.979824089665445,-0.346220514989025,0.000536148823740534,0.000399214682388294,-9.59094772409058e-05
0.980360238489186,-0.345821300306637,0.000473143884613059,0.000322396765222499,-9.18121962731205e-05
0.980360238489186,-0.345821300306637,0.000473143884613059,0.000322396765222499,-9.18121962731205e-05
0.980833382373799,-0.345498903541414,0.00041255228053616,0.000246783615694079,-8.66027500486853e-05
0.980833382373799,-0.345498903541414,0.00041255228053616,0.000246783615694079,-8.66027500486853e-05
0.981245934654335,-0.34525211992572,0.000354398414847412,0.000172447731684233,-7.93037894015277e-05
0.981245934654335,-0.34525211992572,0.000354398414847412,0.000172447731684233,-7.93037894015277e-05
0.981600333069182,-0.345079672194036,0.000298700906420479,9.94570941515449e-05,-6.77734085938577e-05
0.981600333069182,-0.345079672194036,0.000298700906420479,9.94570941515449e-05,-6.77734085938577e-05
0.981899033975603,-0.344980215099884,0.000245472658196744,2.78748491459035e-05,-4.78002901747185e-05
0.981899033975603,-0.344980215099884,0.000245472658196744,2.78748491459035e-05,-4.78002901747185e-05
0.982144506633799,-0.344952340250738,0.000194720957129357,-4.22409881626895e-05,-1.55874581518747e-05
0.982144506633799,-0.344952340250738,0.000194720957129357,-4.22409881626895e-05,-1.55874581518747e-05
0.982339227590929,-0.344994581238901,0.000146447604501332,-0.000110837804669639,2.07084383538818e-05
0.982339227590929,-0.344994581238901,0.000146447604501332,-0.000110837804669639,2.07084383538818e-05
0.98248567519543,-0.345105419043571,0.000100649075375436,-0.000177868633089384,4.55818010956055e-05
0.98248567519543,-0.345105419043571,0.000100649075375436,-0.000177868633089384,4.55818010956055e-05
0.982586324270806,-0.34528328767666,5.73167057099644e-05,-0.000243292365759762,5.75607794669054e-05
0.982586324270806,-0.34528328767666,5.73167057099644e-05,-0.000243292365759762,5.75607794669054e-05
0.982643640976516,-0.34552658004242,1.6436905465822e-05,-0.00030707393627083,6.23263617074531e-05
0.982643640976516,-0.34552658004242,1.6436905465822e-05,-0.00030707393627083,6.23263617074531e-05
0.982660077881981,-0.345833653978691,-2.20086041636813e-05,-0.000369184466801176,6.36647521757516e-05
0.982660077881981,-0.345833653978691,-2.20086041636813e-05,-0.000369184466801176,6.36647521757516e-05
0.982638069277818,-0.346202838445492,-5.80425314063993e-05,-0.000429601379347333,6.33379171410124e-05
0.982638069277818,-0.346202838445492,-5.80425314063993e-05,-0.000429601379347333,6.33379171410124e-05
0.982580026746411,-0.346632439824839,-9.16917346329704e-05,-0.000488308469307364,6.2150677445731e-05
0.982580026746411,-0.346632439824839,-9.16917346329704e-05,-0.000488308469307364,6.2150677445731e-05
0.982488335011778,-0.347120748294147,-0.000122986925446433,-0.000545295940197643,6.04947307375637e-05
0.982488335011778,-0.347120748294147,-0.000122986925446433,-0.000545295940197643,6.04947307375637e-05
0.982365348086332,-0.347666044234344,-0.000151962356546909,-0.000600560398594685,5.85760990568826e-05
0.982365348086332,-0.347666044234344,-0.000151962356546909,-0.000600560398594685,5.85760990568826e-05
0.982213385729785,-0.348266604632939,-0.000178655496892666,-0.000654104808772871,5.65115623747065e-05
0.982213385729785,-0.348266604632939,-0.000178655496892666,-0.000654104808772871,5.65115623747065e-05
0.982034730232892,-0.348920709441712,-0.00020310669673762,-0.000705938406796891,5.4372014929169e-05
0.982034730232892,-0.348920709441712,-0.00020310669673762,-0.000705938406796891,5.4372014929169e-05
0.981831623536155,-0.349626647848509,-0.000225358845169721,-0.000756076574306597,5.22032537798935e-05
0.981831623536155,-0.349626647848509,-0.000225358845169721,-0.000756076574306597,5.22032537798935e-05
0.981606264690985,-0.350382724422815,-0.000245457022816642,-0.000804540672563081,5.00365600804363e-05
0.981606264690985,-0.350382724422815,-0.000245457022816642,-0.000804540672563081,5.00365600804363e-05
0.981360807668168,-0.351187265095378,-0.00026344815239443,-0.000851357837648503,4.78943769227495e-05
0.981360807668168,-0.351187265095378,-0.00026344815239443,-0.000851357837648503,4.78943769227495e-05
0.981097359515774,-0.352038622933027,-0.000279380649732319,-0.000896560738199215,4.57934991395519e-05
0.981097359515774,-0.352038622933027,-0.000279380649732319,-0.000896560738199215,4.57934991395519e-05
0.980817978866042,-0.352935183671226,-0.000293304077893297,-0.000940187297386041,4.37469380010667e-05
0.980817978866042,-0.352935183671226,-0.000293304077893297,-0.000940187297386041,4.37469380010667e-05
0.980524674788148,-0.353875370968612,-0.000305268806967463,-0.000982280381189138,4.17650496237481e-05
0.980524674788148,-0.353875370968612,-0.000305268806967463,-0.000982280381189138,4.17650496237481e-05
0.980219405981181,-0.354857651349801,-0.000315325682019418,-0.00102288745540002,3.98562388232804e-05
0.980219405981181,-0.354857651349801,-0.000315325682019418,-0.00102288745540002,3.98562388232804e-05
0.979904080299161,-0.355880538805201,-0.000323525701604432,-0.00106206021406252,3.80274102419753e-05
0.979904080299161,-0.355880538805201,-0.000323525701604432,-0.00106206021406252,3.80274102419753e-05
0.979580554597557,-0.356942599019264,-0.00032991970913121,-0.00109985418239211,3.62842648230061e-05
0.979580554597557,-0.356942599019264,-0.00032991970913121,-0.00109985418239211,3.62842648230061e-05
0.979250634888426,-0.358042453201656,-0.000334558099245208,-0.00113632829743426,3.46314994471313e-05
0.979250634888426,-0.358042453201656,-0.000334558099245208,-0.00113632829743426,3.46314994471313e-05
0.978916076789181,-0.35917878149909,-0.000337490541261753,-0.00117154446994094,3.30729448078694e-05
0.978916076789181,-0.35917878149909,-0.000337490541261753,-0.00117154446994094,3.30729448078694e-05
0.978578586247919,-0.360350325969031,-0.000338765721519696,-0.00120556713115105,3.16116633177882e-05
0.978578586247919,-0.360350325969031,-0.000338765721519696,-0.00120556713115105,3.16116633177882e-05
0.978239820526399,-0.361555893100182,-0.000338431106339132,-0.00123846276830764,3.0250020876223e-05
0.978239820526399,-0.361555893100182,-0.000338431106339132,-0.00123846276830764,3.0250020876223e-05
0.97790138942006,-0.36279435586849,-0.00033653272713019,-0.00127029945280971,2.89897414456825e-05
0.97790138942006,-0.36279435586849,-0.00033653272713019,-0.00127029945280971,2.89897414456825e-05
0.97756485669293,-0.3640646553213,-0.00033311498897548,-0.00130114636493428,2.78319503541574e-05
0.97756485669293,-0.3640646553213,-0.00033311498897548,-0.00130114636493428,2.78319503541574e-05
0.977231741703954,-0.365365801686234,-0.00032822050383019,-0.00133107331907745,2.67772103124517e-05
0.977231741703954,-0.365365801686234,-0.00032822050383019,-0.00133107331907745,2.67772103124517e-05
0.976903521200124,-0.366696875005311,-0.000321889949279286,-0.00136015029347764,2.58255527346997e-05
0.976903521200124,-0.366696875005311,-0.000321889949279286,-0.00136015029347764,2.58255527346997e-05
0.976581631250845,-0.368057025298789,-0.000314161953563707,-0.00138844696824025,2.49765061967825e-05
0.976581631250845,-0.368057025298789,-0.000314161953563707,-0.00138844696824025,2.49765061967825e-05
0.976267469297281,-0.369445472267029,-0.000305073007411116,-0.00141603227539017,2.42291232833746e-05
0.976267469297281,-0.369445472267029,-0.000305073007411116,-0.00141603227539017,2.42291232833746e-05
0.97596239628987,-0.370861504542419,-0.000294657402946319,-0.00144297396455995,2.35820066234078e-05
0.97596239628987,-0.370861504542419,-0.000294657402946319,-0.00144297396455995,2.35820066234078e-05
0.975667738886924,-0.372304478506979,-0.000282947199771955,-0.0014693381876914,2.30333346767509e-05
0.975667738886924,-0.372304478506979,-0.000282947199771955,-0.0014693381876914,2.30333346767509e-05
0.975384791687152,-0.373773816694671,-0.000269972218102876,-0.00149518910591079,2.2580887683724e-05
0.975384791687152,-0.373773816694671,-0.000269972218102876,-0.00149518910591079,2.2580887683724e-05
0.975114819469049,-0.375269005800581,-0.000255760058597398,-0.00152058852154063,2.22220739194764e-05
0.975114819469049,-0.375269005800581,-0.000255760058597398,-0.00152058852154063,2.22220739194764e-05
0.974859059410451,-0.376789594322122,-0.000240336148353393,-0.00154559553784139,2.19539565117109e-05
0.974859059410451,-0.376789594322122,-0.000240336148353393,-0.00154559553784139,2.19539565117109e-05
0.974618723262098,-0.378335189859963,-0.000223723812325605,-0.00157026624891421,2.1773280728678e-05
0.974618723262098,-0.378335189859963,-0.000223723812325605,-0.00157026624891421,2.1773280728678e-05
0.974394999449772,-0.379905456108878,-0.00020594436921062,-0.00159465346173493,2.16765018593722e-05
0.974394999449772,-0.379905456108878,-0.00020594436921062,-0.00159465346173493,2.16765018593722e-05
0.974189055080562,-0.381500109570613,-0.000187017250694366,-0.00161880645208373,2.16598135920575e-05
0.974189055080562,-0.381500109570613,-0.000187017250694366,-0.00161880645208373,2.16598135920575e-05
0.974002037829867,-0.383118916022696,-0.000166960142769734,-0.00164277075575547,2.17191767620634e-05
0.974002037829867,-0.383118916022696,-0.000166960142769734,-0.00164277075575547,2.17191767620634e-05
0.973835077687098,-0.384761686778452,-0.000145789147658615,-0.00166658799605346,2.18503483941711e-05
0.973835077687098,-0.384761686778452,-0.000145789147658615,-0.00166658799605346,2.18503483941711e-05
0.973689288539439,-0.386428274774505,-0.000123518964718516,-0.00169029574827168,2.20489108908176e-05
0.973689288539439,-0.386428274774505,-0.000123518964718516,-0.00169029574827168,2.20489108908176e-05
0.973565769574721,-0.388118570522777,-0.000100163088615934,-0.00171392744152615,2.23103011845903e-05
0.973565769574721,-0.388118570522777,-0.000100163088615934,-0.00171392744152615,2.23103011845903e-05
0.973465606486105,-0.389832497964303,-7.57340228755288e-05,-0.00173751229795899,2.26298396832716e-05
0.973465606486105,-0.389832497964303,-7.57340228755288e-05,-0.00173751229795899,2.26298396832716e-05
0.973389872463229,-0.391570010262262,-5.02435068533424e-05,-0.0017610753090323,2.30027587670453e-05
0.973389872463229,-0.391570010262262,-5.02435068533424e-05,-0.0017610753090323,2.30027587670453e-05
0.973339628956376,-0.393331085571294,-2.37027540641588e-05,-0.00178463724829059,2.34242305996875e-05
0.973339628956376,-0.393331085571294,-2.37027540641588e-05,-0.00178463724829059,2.34242305996875e-05
0.973315926202312,-0.395115722819585,3.87730029427491e-06,-0.00180821471965636,2.38893940558559e-05
0.973315926202312,-0.395115722819585,3.87730029427491e-06,-0.00180821471965636,2.38893940558559e-05
0.973319803502606,-0.396923937539241,3.24857448030791e-05,-0.00183182024007245,2.43933805787082e-05
0.973319803502606,-0.396923937539241,3.24857448030791e-05,-0.00183182024007245,2.43933805787082e-05
0.973352289247409,-0.398755757779314,6.21114325092265e-05,-0.00185546235508544,2.493133870763e-05
0.973352289247409,-0.398755757779314,6.21114325092265e-05,-0.00185546235508544,2.493133870763e-05
0.973414400679918,-0.400611220134399,9.27427191053098e-05,-0.0018791457856826,2.54984571294941e-05
0.973414400679918,-0.400611220134399,9.27427191053098e-05,-0.0018791457856826,2.54984571294941e-05
0.973507143399024,-0.402490365920082,0.000124367200875386,-0.00190287160453151,2.60899860710945e-05
0.973507143399024,-0.402490365920082,0.000124367200875386,-0.00190287160453151,2.60899860710945e-05
0.973631510599899,-0.404393237524613,0.000156971454673416,-0.00192663743957294,2.67012568056758e-05
0.973631510599899,-0.404393237524613,0.000156971454673416,-0.00192663743957294,2.67012568056758e-05
0.973788482054572,-0.406319874964186,0.000190540782147086,-0.00195043770267006,2.73276993443343e-05
0.973788482054572,-0.406319874964186,0.000190540782147086,-0.00195043770267006,2.73276993443343e-05
0.973979022836719,-0.408270312666856,0.000225058960411029,-0.00197426384105287,2.79648581196202e-05
0.973979022836719,-0.408270312666856,0.000225058960411029,-0.00197426384105287,2.79648581196202e-05
0.97420408179713,-0.410244576507909,0.000260508001300841,-0.00199810460905492,2.86084057467438e-05
0.97420408179713,-0.410244576507909,0.000260508001300841,-0.00199810460905492,2.86084057467438e-05
0.974464589798431,-0.412242681116964,0.000296867921273147,-0.00202194635765557,2.92541547912677e-05
0.974464589798431,-0.412242681116964,0.000296867921273147,-0.00202194635765557,2.92541547912677e-05
0.974761457719704,-0.41426462747462,0.000334116523901806,-0.00204577333918438,2.989806762164e-05
0.974761457719704,-0.41426462747462,0.000334116523901806,-0.00204577333918438,2.989806762164e-05
0.975095574243606,-0.416310400813804,0.000372229196838325,-0.00206956802451136,3.05362645240241e-05
0.975095574243606,-0.416310400813804,0.000372229196838325,-0.00206956802451136,3.05362645240241e-05
0.975467803440445,-0.418379968838315,0.000411178724988859,-0.00209331143009617,3.11650301133819e-05
0.975467803440445,-0.418379968838315,0.000411178724988859,-0.00209331143009617,3.11650301133819e-05
0.975878982165433,-0.420473280268412,0.000450935121521612,-0.00211698345215833,3.17808182505558e-05
0.975878982165433,-0.420473280268412,0.000450935121521612,-0.00211698345215833,3.17808182505558e-05
0.976329917286955,-0.42259026372057,0.000491465478193343,-0.00214056320527967,3.23802556766993e-05
0.976329917286955,-0.42259026372057,0.000491465478193343,-0.00214056320527967,3.23802556766993e-05
0.976821382765148,-0.42473082692585,0.000532733836337451,-0.0021640293627932,3.29601445401566e-05
0.976821382765148,-0.42473082692585,0.000532733836337451,-0.0021640293627932,3.29601445401566e-05
0.977354116601486,-0.426894856288643,0.000574701079697593,-0.00218736049631607,3.35174640496037e-05
0.977354116601486,-0.426894856288643,0.000574701079697593,-0.00218736049631607,3.35174640496037e-05
0.977928817681183,-0.429082216784959,0.000617324850123335,-0.00221053541185007,3.40493715023423e-05
0.977928817681183,-0.429082216784959,0.000617324850123335,-0.00221053541185007,3.40493715023423e-05
0.978546142531307,-0.431292752196809,0.000660559486988732,-0.00223353347995847,3.45532029193728e-05
0.978546142531307,-0.431292752196809,0.000660559486988732,-0.00223353347995847,3.45532029193728e-05
0.979206702018296,-0.433526285676767,0.00070435599101859,-0.0022563349576134,3.50264734990829e-05
0.979206702018296,-0.433526285676767,0.00070435599101859,-0.0022563349576134,3.50264734990829e-05
0.979911058009314,-0.435782620634381,0.000748662013060342,-0.00227892129938195,3.54668781610556e-05
0.979911058009314,-0.435782620634381,0.000748662013060342,-0.00227892129938195,3.54668781610556e-05
0.980659720022374,-0.438061541933763,0.000793421868137467,-0.00230127545579584,3.58722923611615e-05
0.980659720022374,-0.438061541933763,0.000793421868137467,-0.00230127545579584,3.58722923611615e-05
0.981453141890512,-0.440362817389559,0.000838576574976879,-0.00232338215684508,3.62407733684234e-05
0.981453141890512,-0.440362817389559,0.000838576574976879,-0.00232338215684508,3.62407733684234e-05
0.982291718465489,-0.442686199546404,0.000884063921008926,-0.0023452281786901,3.65705621959366e-05
0.982291718465489,-0.442686199546404,0.000884063921008926,-0.0023452281786901,3.65705621959366e-05
0.983175782386498,-0.445031427725094,0.000929818552722894,-0.00236680259185407,3.68600863236423e-05
0.983175782386498,-0.445031427725094,0.000929818552722894,-0.00236680259185407,3.68600863236423e-05
0.984105600939221,-0.447398230316948,0.000975772091055815,-0.00238809698933828,3.71079633358371e-05
0.984105600939221,-0.447398230316948,0.000975772091055815,-0.00238809698933828,3.71079633358371e-05
0.985081373030276,-0.449786327306286,0.00102185327137461,-0.00240910569328134,3.73130055290128e-05
0.985081373030276,-0.449786327306286,0.00102185327137461,-0.00240910569328134,3.73130055290128e-05
0.986103226301651,-0.452195432999567,0.00106798810745878,-0.00242982593894397,3.74742255487403e-05
0.986103226301651,-0.452195432999567,0.00106798810745878,-0.00242982593894397,3.74742255487403e-05
0.98717121440911,-0.454625258938511,0.00111410007875523,-0.00245025803500365,3.75908431077877e-05
0.98717121440911,-0.454625258938511,0.00111410007875523,-0.00245025803500365,3.75908431077877e-05
0.988285314487865,-0.457075516973515,0.00116011034007446,-0.00247040549936861,3.76622926841928e-05
0.988285314487865,-0.457075516973515,0.00116011034007446,-0.00247040549936861,3.76622926841928e-05
0.98944542482794,-0.459545922472884,0.00120593795275725,-0.00249027516983813,3.76882322129053e-05
0.98944542482794,-0.459545922472884,0.00120593795275725,-0.00249027516983813,3.76882322129053e-05
0.990651362780697,-0.462036197642722,0.00125150013625752,-0.0025098772891945,3.76685526318307e-05
0.990651362780697,-0.462036197642722,0.00125150013625752,-0.0025098772891945,3.76685526318307e-05
0.991902862916954,-0.464546074931916,0.00129671253898112,-0.00252922556445279,3.76033881192605e-05
0.991902862916954,-0.464546074931916,0.00129671253898112,-0.00252922556445279,3.76033881192605e-05
0.993199575455935,-0.467075300496369,0.00134148952714597,-0.00254833720012809,3.74931269311054e-05
0.993199575455935,-0.467075300496369,0.00134148952714597,-0.00254833720012809,3.74931269311054e-05
0.994541064983081,-0.469623637696497,0.00138574449035711,-0.00256723290562499,3.73384226585722e-05
0.994541064983081,-0.469623637696497,0.00138574449035711,-0.00256723290562499,3.73384226585722e-05
0.995926809473438,-0.472190870602122,0.00142939016250065,-0.00258593687704395,3.71402055895525e-05
0.995926809473438,-0.472190870602122,0.00142939016250065,-0.00258593687704395,3.71402055895525e-05
0.997356199635939,-0.474776807479166,0.00147233895653098,-0.00260447675372949,3.68996941087583e-05
0.997356199635939,-0.474776807479166,0.00147233895653098,-0.00260447675372949,3.68996941087583e-05
0.99882853859247,-0.477381284232896,0.00151450331165248,-0.00262288355024753,3.66184056651273e-05
0.99882853859247,-0.477381284232896,0.00151450331165248,-0.00262288355024753,3.66184056651273e-05
1.00034304190412,-0.480004167783143,0.00155579605133505,-0.00264119156439752,3.62981672368053e-05
1.00034304190412,-0.480004167783143,0.00155579605133505,-0.00264119156439752,3.62981672368053e-05
1.00189883795546,-0.482645359347541,0.00159613075059606,-0.00265943826222831,3.59411248365142e-05
1.00189883795546,-0.482645359347541,0.00159613075059606,-0.00265943826222831,3.59411248365142e-05
1.00349496870605,-0.485304797609769,0.00163542211086498,-0.00267766414102671,3.55497517906668e-05
1.00349496870605,-0.485304797609769,0.00163542211086498,-0.00267766414102671,3.55497517906668e-05
1.00513039081692,-0.487982461750796,0.00167358634077064,-0.0026959125713964,3.51268554861705e-05
1.00513039081692,-0.487982461750796,0.00167358634077064,-0.0026959125713964,3.51268554861705e-05
1.00680397715769,-0.490678374322192,0.00171054154110006,-0.00271422961972634,3.46755822298738e-05
1.00680397715769,-0.490678374322192,0.00171054154110006,-0.00271422961972634,3.46755822298738e-05
1.00851451869879,-0.493392603941918,0.00174620809217063,-0.0027326638524291,3.4199419820954e-05
1.00851451869879,-0.493392603941918,0.00174620809217063,-0.0027326638524291,3.4199419820954e-05
1.01026072679096,-0.496125267794348,0.00178050904178351,-0.00275126612339915,3.37021974944978e-05
1.01026072679096,-0.496125267794348,0.00178050904178351,-0.00275126612339915,3.37021974944978e-05
1.01204123583274,-0.498876533917747,0.00181337049191588,-0.00277008934623835,3.3188082837123e-05
1.01204123583274,-0.498876533917747,0.00181337049191588,-0.00277008934623835,3.3188082837123e-05
1.01385460632466,-0.501646623263985,0.00184472198225905,-0.00278918825284169,3.26615753582019e-05
1.01385460632466,-0.501646623263985,0.00184472198225905,-0.00278918825284169,3.26615753582019e-05
1.01569932830692,-0.504435811516827,0.00187449686869012,-0.00280861914004982,3.21274963461832e-05
1.01569932830692,-0.504435811516827,0.00187449686869012,-0.00280861914004982,3.21274963461832e-05
1.01757382517561,-0.507244430656877,0.00190263269476398,-0.00282843960609225,3.15909745535496e-05
1.01757382517561,-0.507244430656877,0.00190263269476398,-0.00282843960609225,3.15909745535496e-05
1.01947645787037,-0.510072870262969,0.00192907155427391,-0.00284870827845818,3.10574275363294e-05
1.01947645787037,-0.510072870262969,0.00192907155427391,-0.00284870827845818,3.10574275363294e-05
1.02140552942465,-0.512921578541427,0.00195376044294893,-0.00286948453501201,3.05325382214203e-05
1.02140552942465,-0.512921578541427,0.00195376044294893,-0.00286948453501201,3.05325382214203e-05
1.0233592898676,-0.515791063076439,0.00197665159736293,-0.00289082822001441,3.00222265394007e-05
1.0233592898676,-0.515791063076439,0.00197665159736293,-0.00289082822001441,3.00222265394007e-05
1.02533594146496,-0.518681891296453,0.00199770281913758,-0.00291279935681976,2.95326158760564e-05
1.02533594146496,-0.518681891296453,0.00199770281913758,-0.00291279935681976,2.95326158760564e-05
1.0273336442841,-0.521594690653273,0.00201687778253867,-0.00293545785895977,2.90699941849631e-05
1.0273336442841,-0.521594690653273,0.00201687778253867,-0.00293545785895977,2.90699941849631e-05
1.02935052206663,-0.524530148512233,0.00203414632362597,-0.00295886324126327,2.86407697405854e-05
1.02935052206663,-0.524530148512233,0.00203414632362597,-0.00295886324126327,2.86407697405854e-05
1.03138466839026,-0.527489011753496,0.00204948470916189,-0.00298307433268874,2.82514215000896e-05
1.03138466839026,-0.527489011753496,0.00204948470916189,-0.00298307433268874,2.82514215000896e-05
1.03343415309942,-0.530472086086185,0.00206287588354304,-0.00300814899244273,2.79084442292589e-05
1.03343415309942,-0.530472086086185,0.00206287588354304,-0.00300814899244273,2.79084442292589e-05
1.03549702898297,-0.533480235078628,0.00207430969208833,-0.00303414383095024,2.76182885657729e-05
1.03549702898297,-0.533480235078628,0.00207430969208833,-0.00303414383095024,2.76182885657729e-05
1.03757133867505,-0.536514378909578,0.00208378307906032,-0.00306111393713404,2.73872964573476e-05
1.03757133867505,-0.536514378909578,0.00208378307906032,-0.00306111393713404,2.73872964573476e-05
1.03965512175411,-0.539575492846712,0.0020913002589118,-0.00308911261346156,2.72216324480375e-05
1.03965512175411,-0.539575492846712,0.0020913002589118,-0.00308911261346156,2.72216324480375e-05
1.04174642201303,-0.542664605460173,0.00209687285933868,-0.00311819112010414,2.71272114289955e-05
1.04174642201303,-0.542664605460173,0.00209687285933868,-0.00311819112010414,2.71272114289955e-05
1.04384329487236,-0.545782796580278,0.00210052003481342,-0.0031483984294175,2.71096237605042e-05
1.04384329487236,-0.545782796580278,0.00210052003481342,-0.0031483984294175,2.71096237605042e-05
1.04594381490718,-0.548931195009695,0.0021022685493719,-0.00317978099196015,2.71740587593516e-05
1.04594381490718,-0.548931195009695,0.0021022685493719,-0.00317978099196015,2.71740587593516e-05
1.04804608345655,-0.552110976001655,0.00210215282754311,-0.0032123825151551,2.7325227676735e-05
1.04804608345655,-0.552110976001655,0.00210215282754311,-0.0032123825151551,2.7325227676735e-05
1.05014823628409,-0.55532335851681,0.00210021497243251,-0.00324624375553317,2.75672875852031e-05
1.05014823628409,-0.55532335851681,0.00210021497243251,-0.00324624375553317,2.75672875852031e-05
1.05224845125653,-0.558569602272344,0.00209650475010204,-0.0032814023254718,2.79037676085437e-05
1.05224845125653,-0.558569602272344,0.00209650475010204,-0.0032814023254718,2.79037676085437e-05
1.05434495600663,-0.561851004597815,0.0020910795395257,-0.00331789251515147,2.83374991574799e-05
1.05434495600663,-0.561851004597815,0.0020910795395257,-0.00331789251515147,2.83374991574799e-05
1.05643603554615,-0.565168897112967,0.00208400424754784,-0.00335574513037318,2.8870551977314e-05
1.05643603554615,-0.565168897112967,0.00208400424754784,-0.00335574513037318,2.8870551977314e-05
1.0585200397937,-0.56852464224334,0.00207535118842661,-0.00339498734685628,2.95041776720122e-05
1.0585200397937,-0.56852464224334,0.00207535118842661,-0.00339498734685628,2.95041776720122e-05
1.06059539098213,-0.571919629590196,0.00206519992771526,-0.00343564258138007,3.02387625875297e-05
1.06059539098213,-0.571919629590196,0.00206519992771526,-0.00343564258138007,3.02387625875297e-05
1.06266059090984,-0.575355272171576,0.00205363709039474,-0.00347773038015509,3.10737916672903e-05
1.06266059090984,-0.575355272171576,0.00205363709039474,-0.00347773038015509,3.10737916672903e-05
1.06471422800024,-0.578833002551731,0.00204075613337262,-0.00352126632457939,3.20078249278757e-05
1.06471422800024,-0.578833002551731,0.00204075613337262,-0.00352126632457939,3.20078249278757e-05
1.06675498413361,-0.582354268876311,0.00202665708262195,-0.00356626195454812,3.30384878407799e-05
1.06675498413361,-0.582354268876311,0.00202665708262195,-0.00356626195454812,3.30384878407799e-05
1.06878164121623,-0.585920530830859,0.00201144623544325,-0.00361272470930618,3.41624767003171e-05
1.06878164121623,-0.585920530830859,0.00201144623544325,-0.00361272470930618,3.41624767003171e-05
1.07079308745168,-0.589533255540165,0.00199523582849626,-0.00366065788579228,3.53755796371783e-05
1.07079308745168,-0.589533255540165,0.00199523582849626,-0.00366065788579228,3.53755796371783e-05
1.07278832328017,-0.593193913425957,0.00197814367248061,-0.00371006061428247,3.66727135181306e-05
1.07278832328017,-0.593193913425957,0.00197814367248061,-0.00371006061428247,3.66727135181306e-05
1.07476646695265,-0.59690397404024,0.00196029275449638,-0.00376092785105764,3.80479765625386e-05
1.07476646695265,-0.59690397404024,0.00196029275449638,-0.00376092785105764,3.80479765625386e-05
1.07672675970715,-0.600664901891298,0.00194181080932143,-0.00381325038777358,3.94947158760773e-05
1.07672675970715,-0.600664901891298,0.00194181080932143,-0.00381325038777358,3.94947158760773e-05
1.07866857051647,-0.604478152279071,0.00192282986102343,-0.00386701487702512,4.10056088003445e-05
1.07866857051647,-0.604478152279071,0.00192282986102343,-0.00386701487702512,4.10056088003445e-05
1.08059140037749,-0.608345167156096,0.00190348573651211,-0.00392220387362185,4.25727563969696e-05
1.08059140037749,-0.608345167156096,0.00190348573651211,-0.00392220387362185,4.25727563969696e-05
1.08249488611401,-0.612267371029718,0.00188391755280426,-0.00397879589100092,4.41877869647514e-05
1.08249488611401,-0.612267371029718,0.00188391755280426,-0.00397879589100092,4.41877869647514e-05
1.08437880366681,-0.616246166920719,0.00186426717997823,-0.00403676547209042,4.58419671912885e-05
1.08437880366681,-0.616246166920719,0.00186426717997823,-0.00403676547209042,4.58419671912885e-05
1.08624307084679,-0.620282932392809,0.00184467868191329,-0.00409608327392197,4.7526318260791e-05
1.08624307084679,-0.620282932392809,0.00184467868191329,-0.00409608327392197,4.7526318260791e-05
1.0880877495287,-0.624379015666731,0.00182529773711937,-0.00415671616520286,4.9231734108415e-05
1.0880877495287,-0.624379015666731,0.00182529773711937,-0.00415671616520286,4.9231734108415e-05
1.08991304726582,-0.628535731831934,0.00180627104207276,-0.0042186273360405,5.09490990004717e-05
1.08991304726582,-0.628535731831934,0.00180627104207276,-0.0042186273360405,5.09490990004717e-05
1.09171931830789,-0.632754359167975,0.00178774569965423,-0.00428177641899219,5.2669401617981e-05
1.09171931830789,-0.632754359167975,0.00178774569965423,-0.00428177641899219,5.2669401617981e-05
1.09350706400755,-0.637036135586967,0.0017698685953722,-0.00434611962055709,5.43838431045227e-05
1.09350706400755,-0.637036135586967,0.0017698685953722,-0.00434611962055709,5.43838431045227e-05
1.09527693260292,-0.641382255207524,0.00175278576422544,-0.00441160986225342,5.60839367078183e-05
1.09527693260292,-0.641382255207524,0.00175278576422544,-0.00441160986225342,5.60839367078183e-05
1.09702971836715,-0.645793865069777,0.00173664175110178,-0.00447819693039919,5.77615969672672e-05
1.09702971836715,-0.645793865069777,0.00173664175110178,-0.00447819693039919,5.77615969672672e-05
1.09876636011825,-0.650272062000177,0.00172157896775071,-0.0045458276336322,5.9409216921256e-05
1.09876636011825,-0.650272062000177,0.00172157896775071,-0.0045458276336322,5.9409216921256e-05
1.100487939086,-0.654817889633809,0.00170773704939808,-0.00461444596730753,6.10197320959271e-05
1.100487939086,-0.654817889633809,0.00170773704939808,-0.00461444596730753,6.10197320959271e-05
1.1021956761354,-0.659432335601116,0.00169525221413891,-0.00468399328384939,6.2586670571926e-05
1.1021956761354,-0.659432335601116,0.00169525221413891,-0.00468399328384939,6.2586670571926e-05
1.10389092834954,-0.664116328884966,0.00168425662826199,-0.0047544084682003,6.41041888412306e-05
1.10389092834954,-0.664116328884966,0.00168425662826199,-0.0047544084682003,6.41041888412306e-05
1.1055751849778,-0.668870737353166,0.00167487778068898,-0.00482562811756004,6.55670934278626e-05
1.1055751849778,-0.668870737353166,0.00167487778068898,-0.00482562811756004,6.55670934278626e-05
1.10725006275849,-0.673696365470726,0.00166723786970469,-0.00489758672452278,6.69708487986377e-05
1.10725006275849,-0.673696365470726,0.00166723786970469,-0.00489758672452278,6.69708487986377e-05
1.10891730062819,-0.678593952195249,0.00166145320512179,-0.0049702168628506,6.83115722756112e-05
1.10891730062819,-0.678593952195249,0.00166145320512179,-0.0049702168628506,6.83115722756112e-05
1.11057875383331,-0.683564169058099,0.0016576336289913,-0.00504344937511358,6.95860169964658e-05
1.11057875383331,-0.683564169058099,0.0016576336289913,-0.00504344937511358,6.95860169964658e-05
1.1122363874623,-0.688607618433213,0.00165588195791844,-0.00511721356150596,7.07915441202373e-05
1.1122363874623,-0.688607618433213,0.00165588195791844,-0.00511721356150596,7.07915441202373e-05
1.11389226942022,-0.693724831994719,0.00165629344998264,-0.00519143736917294,7.19260856184246e-05
1.11389226942022,-0.693724831994719,0.00165629344998264,-0.00519143736917294,7.19260856184246e-05
1.1155485628702,-0.698916269363892,0.00165895529915216,-0.00526604758141613,7.29880991554863e-05
1.1155485628702,-0.698916269363892,0.00165895529915216,-0.00526604758141613,7.29880991554863e-05
1.11720751816936,-0.704182316945308,0.00166394616000853,-0.00534097000623412,7.39765165172906e-05
1.11720751816936,-0.704182316945308,0.00166394616000853,-0.00534097000623412,7.39765165172906e-05
1.11887146432937,-0.709523286951542,0.00167133570547806,-0.0054161296636519,7.48906871267949e-05
1.11887146432937,-0.709523286951542,0.00167133570547806,-0.0054161296636519,7.48906871267949e-05
1.12054280003484,-0.714939416615194,0.00168118422011454,-0.00549145097136994,7.57303181350933e-05
1.12054280003484,-0.714939416615194,0.00168118422011454,-0.00549145097136994,7.57303181350933e-05
1.12222398425496,-0.720430867586564,0.00169354223133822,-0.00556685792829958,7.64954125522027e-05
1.12222398425496,-0.720430867586564,0.00169354223133822,-0.00556685792829958,7.64954125522027e-05
1.1239175264863,-0.725997725514864,0.00170845018091681,-0.00564227429560404,7.71862068259408e-05
1.1239175264863,-0.725997725514864,0.00170845018091681,-0.00564227429560404,7.71862068259408e-05
1.12562597666721,-0.731639999810468,0.0017259381387511,-0.0057176237749581,7.78031090960477e-05
1.12562597666721,-0.731639999810468,0.0017259381387511,-0.0057176237749581,7.78031090960477e-05
1.12735191480596,-0.737357623585426,0.00174602556085834,-0.00579283018371346,7.83466393217205e-05
1.12735191480596,-0.737357623585426,0.00174602556085834,-0.00579283018371346,7.83466393217205e-05
1.12909794036682,-0.743150453769139,0.00176872109323933,-0.00586781762671007,7.88173723884657e-05
1.12909794036682,-0.743150453769139,0.00176872109323933,-0.00586781762671007,7.88173723884657e-05
1.13086666146006,-0.749018271395849,0.00179402242307591,-0.00594251066454865,7.92158851029142e-05
1.13086666146006,-0.749018271395849,0.00179402242307591,-0.00594251066454865,7.92158851029142e-05
1.13266068388314,-0.754960782060398,0.00182191617851335,-0.00601683447810863,7.95427079454316e-05
1.13266068388314,-0.754960782060398,0.00182191617851335,-0.00601683447810863,7.95427079454316e-05
1.13448260006165,-0.760977616538507,0.00185237787798598,-0.00609071502917546,7.97982822847336e-05
1.13448260006165,-0.760977616538507,0.00185237787798598,-0.00609071502917546,7.97982822847336e-05
1.13633497793964,-0.767068331567682,0.0018853719298153,-0.00616407921705031,7.9982923593327e-05
1.13633497793964,-0.767068331567682,0.0018853719298153,-0.00616407921705031,7.9982923593327e-05
1.13822034986945,-0.773232410784732,0.00192085168253375,-0.00623685503099114,8.00967912092344e-05
1.13822034986945,-0.773232410784732,0.00192085168253375,-0.00623685503099114,8.00967912092344e-05
1.14014120155199,-0.779469265815724,0.00195875952610702,-0.00630897169844458,8.01398648319993e-05
1.14014120155199,-0.779469265815724,0.00195875952610702,-0.00630897169844458,8.01398648319993e-05
1.14209996107809,-0.785778237514168,0.00199902704396537,-0.00638035982888663,8.01119281117644e-05
1.14209996107809,-0.785778237514168,0.00199902704396537,-0.00638035982888663,8.01119281117644e-05
1.14409898812206,-0.792158597343055,0.00204157521543835,-0.00645095155327036,8.0012559264743e-05
1.14409898812206,-0.792158597343055,0.00204157521543835,-0.00645095155327036,8.0012559264743e-05
1.1461405633375,-0.798609548896325,0.00208631466795928,-0.00652068065891198,7.98411287737206e-05
1.1461405633375,-0.798609548896325,0.00208631466795928,-0.00652068065891198,7.98411287737206e-05
1.14822687800546,-0.805130229555237,0.00213314597807535,-0.00658948271976556,7.95968039162499e-05
1.14822687800546,-0.805130229555237,0.00213314597807535,-0.00658948271976556,7.95968039162499e-05
1.15036002398353,-0.811719712275003,0.00218196002007032,-0.00665729522191161,7.92785598968497e-05
1.15036002398353,-0.811719712275003,0.00218196002007032,-0.00665729522191161,7.92785598968497e-05
1.1525419840036,-0.818377007496914,0.00223263836072141,-0.00672405768412665,7.88851971918183e-05
1.1525419840036,-0.818377007496914,0.00223263836072141,-0.00672405768412665,7.88851971918183e-05
1.15477462236432,-0.825101065181041,0.00228505369847487,-0.00678971177335841,7.84153646204112e-05
1.15477462236432,-0.825101065181041,0.00228505369847487,-0.00678971177335841,7.84153646204112e-05
1.1570596760628,-0.831890776954399,0.00233907034506564,-0.00685420141489568,7.78675876087435e-05
1.1570596760628,-0.831890776954399,0.00233907034506564,-0.00685420141489568,7.78675876087435e-05
1.15939874640786,-0.838744978369295,0.0023945447473801,-0.00691747289701583,7.72403009771452e-05
1.15939874640786,-0.838744978369295,0.0023945447473801,-0.00691747289701583,7.72403009771452e-05
1.16179329115524,-0.845662451266311,0.00245132604715592,-0.00697947496981599,7.6531885642374e-05
1.16179329115524,-0.845662451266311,0.00245132604715592,-0.00697947496981599,7.6531885642374e-05
1.1642446172024,-0.852641926236127,0.00250925667590929,-0.00704015893798782,7.57407083990897e-05
1.1642446172024,-0.852641926236127,0.00250925667590929,-0.00704015893798782,7.57407083990897e-05
1.16675387387831,-0.859682085174115,0.00256817298227374,-0.00709947874716632,7.48651640984253e-05
1.16675387387831,-0.859682085174115,0.00256817298227374,-0.00709947874716632,7.48651640984253e-05
1.16932204686058,-0.866781563921281,0.00262790588878237,-0.00715739106353896,7.39037193940731e-05
1.16932204686058,-0.866781563921281,0.00262790588878237,-0.00715739106353896,7.39037193940731e-05
1.17194995274937,-0.87393895498482,0.00268828157495671,-0.00721385534633512,7.28549573176564e-05
1.17194995274937,-0.87393895498482,0.00268828157495671,-0.00721385534633512,7.28549573176564e-05
1.17463823432432,-0.881152810331155,0.00274912218342993,-0.00726883391285038,7.17176218090016e-05
1.17463823432432,-0.881152810331155,0.00274912218342993,-0.00726883391285038,7.17176218090016e-05
1.17738735650775,-0.888421644244005,0.00281024654570095,-0.0073222919955499,7.04906615735489e-05
1.17738735650775,-0.888421644244005,0.00281024654570095,-0.0073222919955499,7.04906615735489e-05
1.18019760305345,-0.895743936239555,0.00287147092403828,-0.00737419779091697,6.9173272447846e-05
1.18019760305345,-0.895743936239555,0.00287147092403828,-0.00737419779091697,6.9173272447846e-05
1.18306907397749,-0.903118134030472,0.00293260976590726,-0.00742452249963521,6.77649375951609e-05
1.18306907397749,-0.903118134030472,0.00293260976590726,-0.00742452249963521,6.77649375951609e-05
1.1860016837434,-0.910542656530107,0.00299347646729431,-0.00747324035767727,6.62654649179039e-05
1.1860016837434,-0.910542656530107,0.00299347646729431,-0.00747324035767727,6.62654649179039e-05
1.18899516021069,-0.918015896887785,0.00305388414119712,-0.00752032865792474,6.46750211142928e-05
1.18899516021069,-0.918015896887785,0.00305388414119712,-0.00752032865792474,6.46750211142928e-05
1.19204904435189,-0.925536225545709,0.00311364638755407,-0.00756576776194839,6.29941618712666e-05
1.19204904435189,-0.925536225545709,0.00311364638755407,-0.00756576776194839,6.29941618712666e-05
1.19516269073944,-0.933101993307658,0.00317257806085514,-0.00760954110160939,6.1223857742149e-05
1.19516269073944,-0.933101993307658,0.00317257806085514,-0.00760954110160939,6.1223857742149e-05
1.1983352688003,-0.940711534409267,0.00323049603170311,-0.00765163517015033,5.93655153832313e-05
1.1983352688003,-0.940711534409267,0.00323049603170311,-0.00765163517015033,5.93655153832313e-05
1.201565764832,-0.948363169579418,0.0032872199386309,-0.00769203950252129,5.74209938224053e-05
1.201565764832,-0.948363169579418,0.0032872199386309,-0.00769203950252129,5.74209938224053e-05
1.20485298477063,-0.956055209081939,0.00334257292652085,-0.00773074664469275,5.53926155579202e-05
1.20485298477063,-0.956055209081939,0.00334257292652085,-0.00773074664469275,5.53926155579202e-05
1.20819555769715,-0.963785955726632,0.00339638236804896,-0.00776775211176894,5.32831723787514e-05
1.20819555769715,-0.963785955726632,0.00339638236804896,-0.00776775211176894,5.32831723787514e-05
1.2115919400652,-0.971553707838401,0.00344848056465419,-0.00780305433481165,5.10959257388494e-05
1.2115919400652,-0.971553707838401,0.00344848056465419,-0.00780305433481165,5.10959257388494e-05
1.21504042062986,-0.979356762173212,0.00349870542365993,-0.00783665459623162,4.88346017782273e-05
1.21504042062986,-0.979356762173212,0.00349870542365993,-0.00783665459623162,4.88346017782273e-05
1.21853912605352,-0.987193416769444,0.00354690110828293,-0.0078685569537813,4.65033810402807e-05
1.21853912605352,-0.987193416769444,0.00354690110828293,-0.0078685569537813,4.65033810402807e-05
1.2220860271618,-0.995061973723225,0.00359291865742772,-0.00789876815323098,4.41068830080906e-05
1.2220860271618,-0.995061973723225,0.00359291865742772,-0.00789876815323098,4.41068830080906e-05
1.22567894581923,-1.00296074187646,0.00363661657232139,-0.00792729752988541,4.16501455917408e-05
1.22567894581923,-1.00296074187646,0.00363661657232139,-0.00792729752988541,4.16501455917408e-05
1.22931556239155,-1.01088803940634,0.00367786136718307,-0.00795415689914103,3.91385998684338e-05
1.22931556239155,-1.01088803940634,0.00367786136718307,-0.00795415689914103,3.91385998684338e-05
1.23299342375873,-1.01884219630548,0.00371652808139689,-0.00797936043640446,3.65780402681246e-05
1.23299342375873,-1.01884219630548,0.00371652808139689,-0.00797936043640446,3.65780402681246e-05
1.23670995184013,-1.02682155674189,0.00375250075078282,-0.00800292454671858,3.39745905455664e-05
1.23670995184013,-1.02682155674189,0.00375250075078282,-0.00800292454671858,3.39745905455664e-05
1.24046245259091,-1.03482448128861,0.00378567283581277,-0.00802486772453426,3.13346659097762e-05
1.24046245259091,-1.03482448128861,0.00378567283581277,-0.00802486772453426,3.13346659097762e-05
1.24424812542672,-1.04284934901314,0.00381594760487713,-0.00804521040415329,2.86649317118165e-05
1.24424812542672,-1.04284934901314,0.00381594760487713,-0.00804521040415329,2.86649317118165e-05
1.2480640730316,-1.05089455941729,0.00384323847091972,-0.00806397480147836,2.59722590005076e-05
1.2480640730316,-1.05089455941729,0.00384323847091972,-0.00806397480147836,2.59722590005076e-05
1.25190731150252,-1.05895853421877,0.00386746928004289,-0.00808118474765362,2.32636775010144e-05
1.25190731150252,-1.05895853421877,0.00386746928004289,-0.00808118474765362,2.32636775010144e-05
1.25577478078256,-1.06703971896643,0.0038885745509345,-0.00809686551539013,2.05463263591703e-05
1.25577478078256,-1.06703971896643,0.0038885745509345,-0.00809686551539013,2.05463263591703e-05
1.2596633553335,-1.07513658448182,0.00390649966418888,-0.00811104363873816,1.78274032371969e-05
1.2596633553335,-1.07513658448182,0.00390649966418888,-0.00811104363873816,1.78274032371969e-05
1.26356985499769,-1.08324762812055,0.00392120100094484,-0.00812374672722438,1.51141121440095e-05
1.26356985499769,-1.08324762812055,0.00392120100094484,-0.00812374672722438,1.51141121440095e-05
1.26749105599863,-1.09137137484778,0.00393264603049648,-0.00813500327524141,1.24136104790225e-05
1.26749105599863,-1.09137137484778,0.00393264603049648,-0.00813500327524141,1.24136104790225e-05
1.27142370202913,-1.09950637812302,0.00394081334681173,-0.00814484246761671,9.73295588160838e-06
1.27142370202913,-1.09950637812302,0.00394081334681173,-0.00814484246761671,9.73295588160838e-06
1.27536451537594,-1.10765122059064,0.00394569265419875,-0.00815329398242692,7.07905330121598e-06
1.27536451537594,-1.10765122059064,0.00394569265419875,-0.00815329398242692,7.07905330121598e-06
1.27931020803014,-1.11580451457306,0.0039472847025972,-0.00816038779208883,4.45860286382889e-06
1.27931020803014,-1.11580451457306,0.0039472847025972,-0.00816038779208883,4.45860286382889e-06
1.28325749273274,-1.12396490236515,0.00394560117326881,-0.00816615396386289,1.87804902593985e-06
1.28325749273274,-1.12396490236515,0.00394560117326881,-0.00816615396386289,1.87804902593985e-06
1.28720309390601,-1.13213105632901,0.00394066451589681,-0.00817062246093991,-6.56468514562136e-07
1.28720309390601,-1.13213105632901,0.00394066451589681,-0.00817062246093991,-6.56468514562136e-07
1.2911437584219,-1.14030167878995,0.00393250773842002,-0.00817382294524749,-3.13916159152931e-06
1.2911437584219,-1.14030167878995,0.00393250773842002,-0.00817382294524749,-3.13916159152931e-06
1.29507626616032,-1.1484755017352,0.00392117415114246,-0.00817578458322554,-5.56463762741051e-06
1.29507626616032,-1.1484755017352,0.00392117415114246,-0.00817578458322554,-5.56463762741051e-06
1.29899744031146,-1.15665128631843,0.00390671706689605,-0.00817653585574685,-7.92794048282662e-06
1.29899744031146,-1.15665128631843,0.00390671706689605,-0.00817653585574685,-7.92794048282662e-06
1.30290415737836,-1.16482782217417,0.00388919945925825,-0.00817610437339544,-1.02245876151402e-05
1.30290415737836,-1.16482782217417,0.00388919945925825,-0.00817610437339544,-1.02245876151402e-05
1.30679335683762,-1.17300392654757,0.00386869358106012,-0.00817451669834779,-1.24506031587302e-05
1.30679335683762,-1.17300392654757,0.00386869358106012,-0.00817451669834779,-1.24506031587302e-05
1.31066205041868,-1.18117844324592,0.00384528054560573,-0.008171798174061,-1.46025465813972e-05
1.31066205041868,-1.18117844324592,0.00384528054560573,-0.008171798174061,-1.46025465813972e-05
1.31450733096428,-1.18935024141998,0.00381904987317738,-0.00816797276391701,-1.66775364556591e-05
1.31450733096428,-1.18935024141998,0.00381904987317738,-0.00816797276391701,-1.66775364556591e-05
1.31832638083746,-1.1975182141839,0.00379009900562011,-0.00816306290003377,-1.86732691735639e-05
1.31832638083746,-1.1975182141839,0.00379009900562011,-0.00816306290003377,-1.86732691735639e-05
1.32211647984308,-1.20568127708393,0.00375853279187632,-0.00815708934328918,-2.05880322403512e-05
1.32211647984308,-1.20568127708393,0.00375853279187632,-0.00815708934328918,-2.05880322403512e-05
1.32587501263496,-1.21383836642722,0.00372446294750839,-0.00815007105564147,-2.2420711996457e-05
1.32587501263496,-1.21383836642722,0.00372446294750839,-0.00815007105564147,-2.2420711996457e-05
1.32959947558247,-1.22198843748286,0.00368800749130371,-0.0081420250857196,-2.41707956106386e-05
1.32959947558247,-1.22198843748286,0.00368800749130371,-0.0081420250857196,-2.41707956106386e-05
1.33328748307377,-1.23013046256858,0.00364929016215898,-0.00813296646857675,-2.58383672604185e-05
1.33328748307377,-1.23013046256858,0.00364929016215898,-0.00813296646857675,-2.58383672604185e-05
1.33693677323593,-1.23826342903716,0.00360843981947756,-0.00812290814041727,-2.74240983958122e-05
1.33693677323593,-1.23826342903716,0.00360843981947756,-0.00812290814041727,-2.74240983958122e-05
1.34054521305541,-1.24638633717757,0.00356558983035393,-0.00811186086909843,-2.89292322491353e-05
1.34054521305541,-1.24638633717757,0.00356558983035393,-0.00811186086909843,-2.89292322491353e-05
1.34411080288576,-1.25449819804667,0.00352087744682295,-0.00809983320098207,-3.03555626440348e-05
1.34411080288576,-1.25449819804667,0.00352087744682295,-0.00809983320098207,-3.03555626440348e-05
1.34763168033258,-1.26259803124765,0.00347444317644863,-0.00808683142467048,-3.17054073372784e-05
1.34763168033258,-1.26259803124765,0.00347444317644863,-0.00808683142467048,-3.17054073372784e-05
1.35110612350903,-1.27068486267232,0.00342643014950261,-0.00807285955199832,-3.29815761598087e-05
1.35110612350903,-1.27068486267232,0.00342643014950261,-0.00807285955199832,-3.29815761598087e-05
1.35453255365854,-1.27875772222432,0.00337698348593363,-0.00805791931653177,-3.41873342780147e-05
1.35453255365854,-1.27875772222432,0.00337698348593363,-0.00805791931653177,-3.41873342780147e-05
1.35790953714447,-1.28681564154085,0.00332624966524397,-0.00804201018973005,-3.53263610151748e-05
1.35790953714447,-1.28681564154085,0.00332624966524397,-0.00804201018973005,-3.53263610151748e-05
1.36123578680971,-1.29485765173058,0.00327437590233792,-0.00802512941475064,-3.64027047057534e-05
1.36123578680971,-1.29485765173058,0.00327437590233792,-0.00802512941475064,-3.64027047057534e-05
1.36451016271205,-1.30288278114534,0.00322150953229161,-0.00800727205776242,-3.74207341083052e-05
1.36451016271205,-1.30288278114534,0.00322150953229161,-0.00800727205776242,-3.74207341083052e-05
1.36773167224434,-1.3108900532031,0.003167797406882,-0.00798843107651459,-3.83850870306589e-05
1.36773167224434,-1.3108900532031,0.003167797406882,-0.00798843107651459,-3.83850870306589e-05
1.37089946965122,-1.31887848427961,0.00311338530558758,-0.00796859740571376,-3.93006167087647e-05
1.37089946965122,-1.31887848427961,0.00311338530558758,-0.00796859740571376,-3.93006167087647e-05
1.37401285495681,-1.32684708168533,0.00305841736362567,-0.00794776005874254,-4.01723367347284e-05
1.37401285495681,-1.32684708168533,0.00305841736362567,-0.00794776005874254,-4.01723367347284e-05
1.37707127232044,-1.33479484174407,0.00300303551942727,-0.00792590624500344,-4.10053651442779e-05
1.37707127232044,-1.33479484174407,0.00300303551942727,-0.00792590624500344,-4.10053651442779e-05
1.38007430783987,-1.34272074798907,0.00294737898381503,-0.00790302150213762,-4.18048684129556e-05
1.38007430783987,-1.34272074798907,0.00294737898381503,-0.00790302150213762,-4.18048684129556e-05
1.38302168682368,-1.35062376949121,0.00289158373293041,-0.0078790898422314,-4.25760060847203e-05
1.38302168682368,-1.35062376949121,0.00289158373293041,-0.0078790898422314,-4.25760060847203e-05
1.38591327055661,-1.35850285933344,0.0028357820268281,-0.00785409391098368,-4.33238766957382e-05
1.38591327055661,-1.35850285933344,0.0028357820268281,-0.00785409391098368,-4.33238766957382e-05
1.38874905258344,-1.36635695324442,0.00278010195544121,-0.0078280151587562,-4.40534656429587e-05
1.38874905258344,-1.36635695324442,0.00278010195544121,-0.0078280151587562,-4.40534656429587e-05
1.39152915453888,-1.37418496840318,0.00272466701341911,-0.00780083402236476,-4.47695956962146e-05
1.39152915453888,-1.37418496840318,0.00272466701341911,-0.00780083402236476,-4.47695956962146e-05
1.3942538215523,-1.38198580242555,0.00266959570517034,-0.00777253011630918,-4.54768807024719e-05
1.3942538215523,-1.38198580242555,0.00266959570517034,-0.00777253011630918,-4.54768807024719e-05
1.39692341725747,-1.38975833254185,0.00261500118121072,-0.00774308243211808,-4.6179682955793e-05
1.39692341725747,-1.38975833254185,0.00261500118121072,-0.00774308243211808,-4.6179682955793e-05
1.39953841843868,-1.39750141497397,0.002560990906745,-0.00771246954446725,-4.68820747851467e-05
1.39953841843868,-1.39750141497397,0.002560990906745,-0.00771246954446725,-4.68820747851467e-05
1.40209940934543,-1.40521388451844,0.00250766636316713,-0.00768066982259352,-4.75878046222282e-05
1.40209940934543,-1.40521388451844,0.00250766636316713,-0.00768066982259352,-4.75878046222282e-05
1.40460707570859,-1.41289455434103,0.00245512278301474,-0.00764766164559516,-4.83002679583684e-05
1.40460707570859,-1.41289455434103,0.00245512278301474,-0.00764766164559516,-4.83002679583684e-05
1.40706219849161,-1.42054221598663,0.00240344891866995,-0.00761342362008444,-4.90224833587117e-05
1.40706219849161,-1.42054221598663,0.00240344891866995,-0.00761342362008444,-4.90224833587117e-05
1.40946564741028,-1.42815563960671,0.00235272684496479,-0.0075779347986753,-4.97570737310275e-05
1.40946564741028,-1.42815563960671,0.00235272684496479,-0.0075779347986753,-4.97570737310275e-05
1.41181837425524,-1.43573357440539,0.00230303179562297,-0.00754117489773187,-5.05062528482723e-05
1.41181837425524,-1.43573357440539,0.00230303179562297,-0.00754117489773187,-5.05062528482723e-05
1.41412140605086,-1.44327474930312,0.0022544320333262,-0.00750312451285362,-5.12718171019689e-05
1.41412140605086,-1.44327474930312,0.0022544320333262,-0.00750312451285362,-5.12718171019689e-05
1.41637583808419,-1.45077787381597,0.00220698875303826,-0.00746376533058069,-5.2055142462008e-05
1.41637583808419,-1.45077787381597,0.00220698875303826,-0.00746376533058069,-5.2055142462008e-05
1.41858282683723,-1.45824163914655,0.00216075601803856,-0.00742308033475436,-5.28571863664508e-05
1.41858282683723,-1.45824163914655,0.00216075601803856,-0.00742308033475436,-5.28571863664508e-05
1.42074358285527,-1.46566471948131,0.002115780728011,-0.00738105400610078,-5.3678494412992e-05
1.42074358285527,-1.46566471948131,0.002115780728011,-0.00738105400610078,-5.3678494412992e-05
1.42285936358328,-1.47304577348741,0.00207210261839919,-0.007337672513541,-5.45192115394555e-05
1.42285936358328,-1.47304577348741,0.00207210261839919,-0.007337672513541,-5.45192115394555e-05
1.42493146620168,-1.48038344600095,0.00202975429011842,-0.00729292389580993,-5.53790973403176e-05
1.42493146620168,-1.48038344600095,0.00202975429011842,-0.00729292389580993,-5.53790973403176e-05
1.4269612204918,-1.48767636989676,0.00198876126860092,-0.00724679823204943,-5.62575451971961e-05
1.4269612204918,-1.48767636989676,0.00198876126860092,-0.00724679823204943,-5.62575451971961e-05
1.4289499817604,-1.49492316812881,0.00194914209107111,-0.00719928780005419,-5.71536047830274e-05
1.4289499817604,-1.49492316812881,0.00194914209107111,-0.00719928780005419,-5.71536047830274e-05
1.43089912385147,-1.50212245592886,0.0019109084208333,-0.00715038722097572,-5.80660075039929e-05
1.43089912385147,-1.50212245592886,0.0019109084208333,-0.00715038722097572,-5.80660075039929e-05
1.4328100322723,-1.50927284314984,0.0018740651873288,-0.00710009358937613,-5.89931945490663e-05
1.4328100322723,-1.50927284314984,0.0018740651873288,-0.00710009358937613,-5.89931945490663e-05
1.43468409745963,-1.51637293673922,0.00183861075060077,-0.00704840658752204,-5.99333469295995e-05
1.43468409745963,-1.51637293673922,0.00183861075060077,-0.00704840658752204,-5.99333469295995e-05
1.43652270821023,-1.52342134332674,0.00180453708879402,-0.0069953285830795,-6.08844172108039e-05
1.43652270821023,-1.52342134332674,0.00180453708879402,-0.0069953285830795,-6.08844172108039e-05
1.43832724529903,-1.53041667190982,0.00177183000727843,-0.00694086470932809,-6.18441623911658e-05
1.43832724529903,-1.53041667190982,0.00177183000727843,-0.00694086470932809,-6.18441623911658e-05
1.4400990753063,-1.53735753661915,0.0017404693679075,-0.00688502292724835,-6.28101775577974e-05
1.4400990753063,-1.53735753661915,0.0017404693679075,-0.00688502292724835,-6.28101775577974e-05
1.44183954467421,-1.54424255954639,0.00171042933693233,-0.00682781406889221,-6.37799298581617e-05
1.44183954467421,-1.54424255954639,0.00171042933693233,-0.00682781406889221,-6.37799298581617e-05
1.44354997401114,-1.55107037361529,0.00168167865009594,-0.00676925186161648,-6.4750792409393e-05
1.44354997401114,-1.55107037361529,0.00168167865009594,-0.00676925186161648,-6.4750792409393e-05
1.44523165266124,-1.5578396254769,0.0016541808933983,-0.00670935293288277,-6.5720077719239e-05
1.44523165266124,-1.5578396254769,0.0016541808933983,-0.00670935293288277,-6.5720077719239e-05
1.44688583355464,-1.56454897840979,0.00162789479804837,-0.00664813679551157,-6.66850702801093e-05
1.44688583355464,-1.56454897840979,0.00162789479804837,-0.00664813679551157,-6.66850702801093e-05
1.44851372835269,-1.5711971152053,0.00160277454814794,-0.00658562581340139,-6.76430580427009e-05
1.44851372835269,-1.5711971152053,0.00160277454814794,-0.00658562581340139,-6.76430580427009e-05
1.45011650290083,-1.5777827410187,0.00157877009963658,-0.00652184514784238,-6.85913624021602e-05
1.45011650290083,-1.5777827410187,0.00157877009963658,-0.00652184514784238,-6.85913624021602e-05
1.45169527300047,-1.58430458616654,0.00155582750903371,-0.00645682268477188,-6.95273664258695e-05
1.45169527300047,-1.58430458616654,0.00155582750903371,-0.00645682268477188,-6.95273664258695e-05
1.4532511005095,-1.59076140885131,0.00153388927058629,-0.00639058894345301,-7.04485411287398e-05
1.4532511005095,-1.59076140885131,0.00153388927058629,-0.00639058894345301,-7.04485411287398e-05
1.45478498978009,-1.59715199779477,0.00151289466039817,-0.00632317696716722,-7.1352469519329e-05
1.45478498978009,-1.59715199779477,0.00151289466039817,-0.00632317696716722,-7.1352469519329e-05
1.45629788444049,-1.60347517476193,0.00149278008617149,-0.00625462219671391,-7.22368683003871e-05
1.45629788444049,-1.60347517476193,0.00149278008617149,-0.00625462219671391,-7.22368683003871e-05
1.45779066452666,-1.60972979695865,0.00147347944119369,-0.00618496232758781,-7.30996070106267e-05
1.45779066452666,-1.60972979695865,0.00147347944119369,-0.00618496232758781,-7.30996070106267e-05
1.45926414396785,-1.61591475928624,0.00145492446125073,-0.00611423715189785,-7.39387245397346e-05
1.45926414396785,-1.61591475928624,0.00145492446125073,-0.00611423715189785,-7.39387245397346e-05
1.4607190684291,-1.62202899643813,0.00143704508317333,-0.00604248838616561,-7.47524428367403e-05
1.4607190684291,-1.62202899643813,0.00143704508317333,-0.00604248838616561,-7.47524428367403e-05
1.46215611351228,-1.6280714848243,0.0014197698037397,-0.00596975948635681,-7.55391778690861e-05
1.46215611351228,-1.6280714848243,0.0014197698037397,-0.00596975948635681,-7.55391778690861e-05
1.46357588331602,-1.63404124431066,0.00140302603769227,-0.00589609545148972,-7.62975477372049e-05
1.46357588331602,-1.63404124431066,0.00140302603769227,-0.00589609545148972,-7.62975477372049e-05
1.46497890935371,-1.63993733976215,0.00138674047366738,-0.00582154261733114,-7.70263779800388e-05
1.46497890935371,-1.63993733976215,0.00138674047366738,-0.00582154261733114,-7.70263779800388e-05
1.46636564982738,-1.64575888237948,0.00137083942685878,-0.00574614844174737,-7.77247040909586e-05
1.46636564982738,-1.64575888237948,0.00137083942685878,-0.00574614844174737,-7.77247040909586e-05
1.46773648925424,-1.65150503082122,0.00135524918728747,-0.00566996128336283,-7.83917713317898e-05
1.46773648925424,-1.65150503082122,0.00135524918728747,-0.00566996128336283,-7.83917713317898e-05
1.46909173844152,-1.65717499210459,0.00133989636257414,-0.00559303017521717,-7.90270319298006e-05
1.46909173844152,-1.65717499210459,0.00133989636257414,-0.00559303017521717,-7.90270319298006e-05
1.4704316348041,-1.6627680222798,0.00132470821421582,-0.00551540459514865,-7.96301397715327e-05
1.4704316348041,-1.6627680222798,0.00132470821421582,-0.00551540459514865,-7.96301397715327e-05
1.47175634301831,-1.66828342687495,0.00130961298632282,-0.00543713423468883,-8.02009427798419e-05
1.47175634301831,-1.66828342687495,0.00130961298632282,-0.00543713423468883,-8.02009427798419e-05
1.47306595600464,-1.67372056110964,0.00129454022587328,-0.00535826876821255,-8.07394731515733e-05
1.47306595600464,-1.67372056110964,0.00129454022587328,-0.00535826876821255,-8.07394731515733e-05
1.47436049623051,-1.67907882987785,0.00127942109359003,-0.00527885762407831,-8.12459355959147e-05
1.47436049623051,-1.67907882987785,0.00127942109359003,-0.00527885762407831,-8.12459355959147e-05
1.4756399173241,-1.68435768750193,0.00126418866456501,-0.00519894975953816,-8.17206938623144e-05
1.4756399173241,-1.68435768750193,0.00126418866456501,-0.00519894975953816,-8.17206938623144e-05
1.47690410598866,-1.68955663726147,0.0012487782178161,-0.0051185934410829,-8.21642557388607e-05
1.47690410598866,-1.68955663726147,0.0012487782178161,-0.0051185934410829,-8.21642557388607e-05
1.47815288420648,-1.69467523070255,0.00123312751399185,-0.00503783603189722,-8.25772568315824e-05
1.47815288420648,-1.69467523070255,0.00123312751399185,-0.00503783603189722,-8.25772568315824e-05
1.47938601172047,-1.69971306673445,0.00121717706044078,-0.0049567237879824,-8.29604433246652e-05
1.47938601172047,-1.69971306673445,0.00121717706044078,-0.0049567237879824,-8.29604433246652e-05
1.48060318878091,-1.70466979052243,0.00120087036291672,-0.00487530166448624,-8.33146539891468e-05
1.48060318878091,-1.70466979052243,0.00120087036291672,-0.00487530166448624,-8.33146539891468e-05
1.48180405914383,-1.70954509218692,0.00118415416319828,-0.0047936131337003,-8.36408017650591e-05
1.48180405914383,-1.70954509218692,0.00118415416319828,-0.0047936131337003,-8.36408017650591e-05
1.48298821330703,-1.71433870532062,0.00116697866190663,-0.00471170001603749,-8.39398552263532e-05
1.48298821330703,-1.71433870532062,0.00116697866190663,-0.00471170001603749,-8.39398552263532e-05
1.48415519196894,-1.71905040533666,0.0011492977258043,-0.00462960232516485,-8.42128200644931e-05
1.48415519196894,-1.71905040533666,0.0011492977258043,-0.00462960232516485,-8.42128200644931e-05
1.48530448969474,-1.72368000766182,0.00113106907886573,-0.00454735812849028,-8.44607209386349e-05
1.48530448969474,-1.72368000766182,0.00113106907886573,-0.00454735812849028,-8.44607209386349e-05
1.48643555877361,-1.72822736579031,0.00111225447639951,-0.00446500342399592,-8.46845839421176e-05
1.48643555877361,-1.72822736579031,0.00111225447639951,-0.00446500342399592,-8.46845839421176e-05
1.48754781325,-1.73269236921431,0.00109281986145593,-0.00438257203429537,-8.48854198878595e-05
1.48754781325,-1.73269236921431,0.00109281986145593,-0.00438257203429537,-8.48854198878595e-05
1.48864063311146,-1.7370749412486,0.00107273550277243,-0.0043000955186856,-8.50642085877679e-05
1.48864063311146,-1.7370749412486,0.00107273550277243,-0.0043000955186856,-8.50642085877679e-05
1.48971336861423,-1.74137503676729,0.00105197611350971,-0.00421760310386543,-8.52218843398322e-05
1.48971336861423,-1.74137503676729,0.00105197611350971,-0.00421760310386543,-8.52218843398322e-05
1.49076534472774,-1.74559263987115,0.00103052094997369,-0.00413512163383967,-8.53593227985207e-05
1.49076534472774,-1.74559263987115,0.00103052094997369,-0.00413512163383967,-8.53593227985207e-05
1.49179586567772,-1.74972776150499,0.00100835388956155,-0.00405267553935729,-8.54773292365699e-05
1.49179586567772,-1.74972776150499,0.00100835388956155,-0.00405267553935729,-8.54773292365699e-05
1.49280421956728,-1.75378043704435,0.000985463487131799,-0.00397028682722156,-8.55766283467318e-05
1.49280421956728,-1.75378043704435,0.000985463487131799,-0.00397028682722156,-8.55766283467318e-05
1.49378968305441,-1.75775072387157,0.000961843009047225,-0.00388797508959637,-8.56578556112791e-05
1.49378968305441,-1.75775072387157,0.000961843009047225,-0.00388797508959637,-8.56578556112791e-05
1.49475152606346,-1.76163869896117,0.000937490444089306,-0.0038057575333319,-8.5721550210608e-05
1.49475152606346,-1.76163869896117,0.000937490444089306,-0.0038057575333319,-8.5721550210608e-05
1.49568901650755,-1.7654444564945,0.000912408490544525,-0.00372364902921296,-8.57681494057178e-05
1.49568901650755,-1.7654444564945,0.000912408490544525,-0.00372364902921296,-8.57681494057178e-05
1.49660142499809,-1.76916810552371,0.000886604518750556,-0.00364166218094097,-8.57979843250306e-05
1.49660142499809,-1.76916810552371,0.000886604518750556,-0.00364166218094097,-8.57979843250306e-05
1.49748802951684,-1.77280976770465,0.000860090508469247,-0.00355980741350992,-8.581127702503e-05
1.49748802951684,-1.77280976770465,0.000860090508469247,-0.00355980741350992,-8.581127702503e-05
1.49834812002531,-1.77636957511816,0.000832882960495107,-0.00347809308051938,-8.58081385972588e-05
1.49834812002531,-1.77636957511816,0.000832882960495107,-0.00347809308051938,-8.58081385972588e-05
1.49918100298581,-1.77984766819868,0.000805002782014563,-0.00339652558989556,-8.57885681194875e-05
1.49918100298581,-1.77984766819868,0.000805002782014563,-0.00339652558989556,-8.57885681194875e-05
1.49998600576782,-1.78324419378858,0.000776475145340516,-0.00331510954735492,-8.57524521567623e-05
1.49998600576782,-1.78324419378858,0.000776475145340516,-0.00331510954735492,-8.57524521567623e-05
1.50076248091316,-1.78655930333593,0.000747329319766843,-0.00323384791686521,-8.56995645194267e-05
1.50076248091316,-1.78655930333593,0.000747329319766843,-0.00323384791686521,-8.56995645194267e-05
1.50150981023293,-1.7897931512528,0.000717598476404069,-0.00315274219724238,-8.56295659528209e-05
1.50150981023293,-1.7897931512528,0.000717598476404069,-0.00315274219724238,-8.56295659528209e-05
1.50222740870933,-1.79294589345004,0.000687319466052827,-0.00307179261388724,-8.55420033185179e-05
1.50222740870933,-1.79294589345004,0.000687319466052827,-0.00307179261388724,-8.55420033185179e-05
1.50291472817538,-1.79601768606393,0.000656532570321389,-0.0029909983246259,-8.54363078588551e-05
1.50291472817538,-1.79601768606393,0.000656532570321389,-0.0029909983246259,-8.54363078588551e-05
1.50357126074571,-1.79900868438856,0.000625281226424468,-0.00291035763849345,-8.53117920350142e-05
1.50357126074571,-1.79900868438856,0.000625281226424468,-0.00291035763849345,-8.53117920350142e-05
1.50419654197213,-1.80191904202705,0.000593611726299459,-0.00282986824625153,-8.51676444818218e-05
1.50419654197213,-1.80191904202705,0.000593611726299459,-0.00282986824625153,-8.51676444818218e-05
1.50479015369843,-1.8047489102733,0.00056157289087766,-0.00274952746128676,-8.50029224878151e-05
1.50479015369843,-1.8047489102733,0.00056157289087766,-0.00274952746128676,-8.50029224878151e-05
1.50535172658931,-1.80749843773459,0.000529215720637133,-0.00266933246946466,-8.48165414060703e-05
1.50535172658931,-1.80749843773459,0.000529215720637133,-0.00266933246946466,-8.48165414060703e-05
1.50588094230994,-1.81016777020405,0.000496593023753045,-0.00258928058640673,-8.46072601745421e-05
1.50588094230994,-1.81016777020405,0.000496593023753045,-0.00258928058640673,-8.46072601745421e-05
1.5063775353337,-1.81275705079046,0.000463759023497268,-0.00250936952067438,-8.43736622042749e-05
1.5063775353337,-1.81275705079046,0.000463759023497268,-0.00250936952067438,-8.43736622042749e-05
1.50684129435719,-1.81526642031113,0.000430768946721338,-0.00242959764120498,-8.41141307061084e-05
1.50684129435719,-1.81526642031113,0.000430768946721338,-0.00242959764120498,-8.41141307061084e-05
1.50727206330392,-1.81769601795234,0.00039767859559614,-0.00234996424722467,-8.38268171914278e-05
1.50727206330392,-1.81769601795234,0.00039767859559614,-0.00234996424722467,-8.38268171914278e-05
1.50766974189951,-1.82004598219956,0.000364543904956882,-0.00227046983891732,-8.35096017982409e-05
1.50766974189951,-1.82004598219956,0.000364543904956882,-0.00227046983891732,-8.35096017982409e-05
1.50803428580447,-1.82231645203848,0.000331420487927447,-0.00219111638696967,-8.31600436433191e-05
1.50803428580447,-1.82231645203848,0.000331420487927447,-0.00219111638696967,-8.31600436433191e-05
1.5083657062924,-1.82450756842545,0.000298363172684724,-0.00211190759906077,-8.27753188578102e-05
1.5083657062924,-1.82450756842545,0.000298363172684724,-0.00211190759906077,-8.27753188578102e-05
1.50866406946508,-1.82661947602451,0.000265425533492847,-0.00203284918133173,-8.23521433055549e-05
1.50866406946508,-1.82661947602451,0.000265425533492847,-0.00203284918133173,-8.23521433055549e-05
1.50892949499857,-1.82865232520584,0.000232659419254544,-0.0019539490928151,-8.18866760250263e-05
1.50892949499857,-1.82865232520584,0.000232659419254544,-0.0019539490928151,-8.18866760250263e-05
1.50916215441783,-1.83060627429866,0.000200114483052793,-0.00187521779071487,-8.13743980233787e-05
1.50916215441783,-1.83060627429866,0.000200114483052793,-0.00187521779071487,-8.13743980233787e-05
1.50936226890088,-1.83248149208937,0.000167837716271491,-0.00179666846443038,-8.08099592855827e-05
1.50936226890088,-1.83248149208937,0.000167837716271491,-0.00179666846443038,-8.08099592855827e-05
1.50953010661715,-1.8342781605538,0.000135872991041897,-0.00171831725613392,-8.0186984248203e-05
1.50953010661715,-1.8342781605538,0.000135872991041897,-0.00171831725613392,-8.0186984248203e-05
1.5096659796082,-1.83599647780994,0.000104260614786744,-0.00164018346571648,-7.94978224177335e-05
1.5096659796082,-1.83599647780994,0.000104260614786744,-0.00164018346571648,-7.94978224177335e-05
1.50977024022298,-1.83763666127565,7.30369007175824e-05,-0.00156228973798456,-7.87332262142694e-05
1.50977024022298,-1.83763666127565,7.30369007175824e-05,-0.00156228973798456,-7.87332262142694e-05
1.5098432771237,-1.83919895101364,4.22337581165166e-05,-0.00148466222986077,-7.78819312660774e-05
1.5098432771237,-1.83919895101364,4.22337581165166e-05,-0.00148466222986077,-7.78819312660774e-05
1.50988551088182,-1.8406836132435,1.18783062210692e-05,-0.00140733075549115,-7.6930105541332e-05
1.50988551088182,-1.8406836132435,1.18783062210692e-05,-0.00140733075549115,-7.6930105541332e-05
1.50989738918804,-1.84209094399899,-1.800748455838e-05,-0.00133032890723839,-7.58606219164763e-05
1.50989738918804,-1.84209094399899,-1.800748455838e-05,-0.00133032890723839,-7.58606219164763e-05
1.50987938170348,-1.84342127290623,-4.74071204239479e-05,-0.00125369415051191,-7.46520932114973e-05
1.50987938170348,-1.84342127290623,-4.74071204239479e-05,-0.00125369415051191,-7.46520932114973e-05
1.50983197458305,-1.84467496705674,-7.63098774716475e-05,-0.0011774678905454,-7.32775899590762e-05
1.50983197458305,-1.84467496705674,-7.63098774716475e-05,-0.0011774678905454,-7.32775899590762e-05
1.50975566470558,-1.84585243494728,-0.000104711057158591,-0.00110169550936901,-7.17029408883979e-05
1.50975566470558,-1.84585243494728,-0.000104711057158591,-0.00110169550936901,-7.17029408883979e-05
1.50965095364842,-1.84695413045665,-0.000132612200838711,-0.00102642637140926,-6.98845010933691e-05
1.50965095364842,-1.84695413045665,-0.000132612200838711,-0.00102642637140926,-6.98845010933691e-05
1.50951834144759,-1.84798055682806,-0.000160021260539045,-0.00095171379623249,-6.77662799028441e-05
1.50951834144759,-1.84798055682806,-0.000160021260539045,-0.00095171379623249,-6.77662799028441e-05
1.50935832018705,-1.8489322706243,-0.000186952723377765,-0.000877614997299325,-6.52763908033072e-05
1.50935832018705,-1.8489322706243,-0.000186952723377765,-0.000877614997299325,-6.52763908033072e-05
1.50917136746367,-1.84980988562159,-0.000213427687405066,-0.000804190985707276,-6.23230049404167e-05
1.50917136746367,-1.84980988562159,-0.000213427687405066,-0.000804190985707276,-6.23230049404167e-05
1.50895793977626,-1.8506140766073,-0.000239473886965991,-0.000731506438269802,-5.87905275650606e-05
1.50895793977626,-1.8506140766073,-0.000239473886965991,-0.000731506438269802,-5.87905275650606e-05
1.5087184658893,-1.85134558304557,-0.000265125666052191,-0.000659629529510264,-5.45378576466531e-05
1.5087184658893,-1.85134558304557,-0.000265125666052191,-0.000659629529510264,-5.45378576466531e-05
1.50845334022325,-1.85200521257508,-0.000290423898546832,-0.00058863172752166,-4.94026828893754e-05
1.50845334022325,-1.85200521257508,-0.000290423898546832,-0.00058863172752166,-4.94026828893754e-05
1.5081629163247,-1.8525938443026,-0.000315415854617696,-0.000518587553901995,-4.3218810618264e-05
1.5081629163247,-1.8525938443026,-0.000315415854617696,-0.000518587553901995,-4.3218810618264e-05
1.50784750047008,-1.85311243185651,-0.000340155013031529,-0.000449574308376999,-3.58559515114882e-05
1.50784750047008,-1.85311243185651,-0.000340155013031529,-0.000449574308376999,-3.58559515114882e-05
1.50750734545705,-1.85356200616488,-0.000364700819550201,-0.000381671759081659,-2.72878426119922e-05
1.50750734545705,-1.85356200616488,-0.000364700819550201,-0.000381671759081659,-2.72878426119922e-05
1.5071426446375,-1.85394367792396,-0.000389118392068566,-0.000314961799818159,-1.76763558510019e-05
1.5071426446375,-1.85394367792396,-0.000389118392068566,-0.000314961799818159,-1.76763558510019e-05
1.50675352624543,-1.85425863972378,-0.000413478173610704,-0.000249528076031957,-7.42576768965846e-06
1.50675352624543,-1.85425863972378,-0.000413478173610704,-0.000249528076031957,-7.42576768965846e-06
1.50634004807182,-1.85450816779981,-0.000437855534717091,-0.000185455581587446,2.85712447802868e-06
1.50634004807182,-1.85450816779981,-0.000437855534717091,-0.000185455581587446,2.85712447802868e-06
1.5059021925371,-1.8546936233814,-0.000462330327270388,-0.000122830228754811,1.25155964220806e-05
1.5059021925371,-1.8546936233814,-0.000462330327270388,-0.000122830228754811,1.25155964220806e-05
1.50543986220983,-1.85481645361016,-0.000486986392206346,-6.17383941918792e-05,2.10317620604645e-05
1.50543986220983,-1.85481645361016,-0.000486986392206346,-6.17383941918792e-05,2.10317620604645e-05
1.50495287581763,-1.85487819200435,-0.000511911023982403,-2.26644404155429e-06,2.81376980700438e-05
1.50495287581763,-1.85487819200435,-0.000511911023982403,-2.26644404155429e-06,2.81376980700438e-05
1.50444096479364,-1.85488045844839,-0.000537194395087148,5.54997584880645e-05,3.38066548951297e-05
1.50444096479364,-1.85488045844839,-0.000537194395087148,5.54997584880645e-05,3.38066548951297e-05
1.50390377039856,-1.8548249586899,-0.000562928944227048,0.000111475359380053,3.81712087357029e-05
1.50390377039856,-1.8548249586899,-0.000562928944227048,0.000111475359380053,3.81712087357029e-05
1.50334084145433,-1.85471348333052,-0.000589208732179047,0.000165577030049047,4.14346766894134e-05
1.50334084145433,-1.85471348333052,-0.000589208732179047,0.000165577030049047,4.14346766894134e-05
1.50275163272215,-1.85454790630047,-0.000616128769570068,0.000217723489492005,4.38101291400169e-05
1.50275163272215,-1.85454790630047,-0.000616128769570068,0.000217723489492005,4.38101291400169e-05
1.50213550395258,-1.85433018281098,-0.000643784321165075,0.000267836028198687,4.5489707085704e-05
1.50213550395258,-1.85433018281098,-0.000643784321165075,0.000267836028198687,4.5489707085704e-05
1.50149171963142,-1.85406234678278,-0.000672270191429236,0.000315839029456422,4.66343673016613e-05
1.50149171963142,-1.85406234678278,-0.000672270191429236,0.000315839029456422,4.66343673016613e-05
1.50081944943999,-1.85374650775333,-0.000701679996314875,0.000361660483777726,4.73741149172848e-05
1.50081944943999,-1.85374650775333,-0.000701679996314875,0.000361660483777726,4.73741149172848e-05
1.50011776944367,-1.85338484726955,-0.00073210542636204,0.000405232492054486,4.78123519833932e-05
1.50011776944367,-1.85338484726955,-0.00073210542636204,0.000405232492054486,4.78123519833932e-05
1.49938566401731,-1.85297961477749,-0.000763635506313198,0.000446491753171241,4.80310990797389e-05
1.49938566401731,-1.85297961477749,-0.000763635506313198,0.000446491753171241,4.80310990797389e-05
1.498622028511,-1.85253312302432,-0.000796355856495179,0.000485380031871152,4.80957349329698e-05
1.498622028511,-1.85253312302432,-0.000796355856495179,0.000485380031871152,4.80957349329698e-05
1.4978256726545,-1.85204774299245,-0.000830347961235933,0.000521844602798804,4.80588415776493e-05
1.4978256726545,-1.85204774299245,-0.000830347961235933,0.000521844602798804,4.80588415776493e-05
1.49699532469327,-1.85152589838965,-0.000865688449520396,0.000555838666862707,4.7963146989978e-05
1.49699532469327,-1.85152589838965,-0.000865688449520396,0.000555838666862707,4.7963146989978e-05
1.49612963624374,-1.85097005972279,-0.0009024483930542,0.000587321736256197,4.78436985391554e-05
1.49612963624374,-1.85097005972279,-0.0009024483930542,0.000587321736256197,4.78436985391554e-05
1.49522718785069,-1.85038273798653,-0.000940692626771655,0.000616259984790535,4.77294281121892e-05
1.49522718785069,-1.85038273798653,-0.000940692626771655,0.000616259984790535,4.77294281121892e-05
1.49428649522392,-1.84976647800174,-0.000980479096672981,0.000642626560500403,4.76442547846052e-05
1.49428649522392,-1.84976647800174,-0.000980479096672981,0.000642626560500403,4.76442547846052e-05
1.49330601612725,-1.84912385144124,-0.00102185823966905,0.000666401857794874,4.76078446073639e-05
1.49330601612725,-1.84912385144124,-0.00102185823966905,0.000666401857794874,4.76078446073639e-05
1.49228415788758,-1.84845744958345,-0.00106487239989272,0.000687573746763537,4.76361214976663e-05
1.49228415788758,-1.84845744958345,-0.00106487239989272,0.000687573746763537,4.76361214976663e-05
1.49121928548768,-1.84776987583668,-0.00110955528570278,0.000706137757669589,4.77416019913585e-05
1.49121928548768,-1.84776987583668,-0.00110955528570278,0.000706137757669589,4.77416019913585e-05
1.49010973020198,-1.84706373807901,-0.00115593147130366,0.000722097219180595,4.79336099859277e-05
1.49010973020198,-1.84706373807901,-0.00115593147130366,0.000722097219180595,4.79336099859277e-05
1.48895379873068,-1.84634164085983,-0.00120401594658182,0.000735463349137655,4.82184152771469e-05
1.48895379873068,-1.84634164085983,-0.00120401594658182,0.000735463349137655,4.82184152771469e-05
1.4877497827841,-1.8456061775107,-0.00125381371844946,0.000746255297183529,4.8599330042655e-05
1.4877497827841,-1.8456061775107,-0.00125381371844946,0.000746255297183529,4.8599330042655e-05
1.48649596906565,-1.84485992221351,-0.00130531946661727,0.000754500138957725,4.90767899550466e-05
1.48649596906565,-1.84485992221351,-0.00130531946661727,0.000754500138957725,4.90767899550466e-05
1.48519064959903,-1.84410542207456,-0.00135851725633329,0.000760232822015761,4.9648440432691e-05
1.48519064959903,-1.84410542207456,-0.00135851725633329,0.000760232822015761,4.9648440432691e-05
1.4838321323427,-1.84334518925254,-0.00141338031026583,0.000763496064025704,5.03092431272077e-05
1.4838321323427,-1.84334518925254,-0.00141338031026583,0.000763496064025704,5.03092431272077e-05
1.48241875203243,-1.84258169318851,-0.00146987084127637,0.000764340204169045,5.10516130215008e-05
1.48241875203243,-1.84258169318851,-0.00146987084127637,0.000764340204169045,5.10516130215008e-05
1.48094888119115,-1.84181735298434,-0.00152793994748102,0.000762823009055724,5.18655920056033e-05
1.48094888119115,-1.84181735298434,-0.00152793994748102,0.000762823009055724,5.18655920056033e-05
1.47942094124367,-1.84105452997529,-0.00158752757056146,0.000759009434796454,5.27390608356373e-05
1.47942094124367,-1.84105452997529,-0.00158752757056146,0.000759009434796454,5.27390608356373e-05
1.47783341367311,-1.84029552054049,-0.00164856251790657,0.000752971347216969,5.36579877873635e-05
1.47783341367311,-1.84029552054049,-0.00164856251790657,0.000752971347216969,5.36579877873635e-05
1.4761848511552,-1.83954254919328,-0.00171096254875414,0.000744787202535235,5.46067092556878e-05
1.4761848511552,-1.83954254919328,-0.00171096254875414,0.000744787202535235,5.46067092556878e-05
1.47447388860645,-1.83879776199074,-0.00177463452408921,0.00073454169101006,5.55682353501083e-05
1.47447388860645,-1.83879776199074,-0.00177463452408921,0.00073454169101006,5.55682353501083e-05
1.47269925408236,-1.83806322029973,-0.00183947461970857,0.000722325346382169,5.65245718730806e-05
1.47269925408236,-1.83806322029973,-0.00183947461970857,0.000722325346382169,5.65245718730806e-05
1.47085977946265,-1.83734089495335,-0.00190536860147517,0.000708234124088936,5.74570493142596e-05
1.47085977946265,-1.83734089495335,-0.00190536860147517,0.000708234124088936,5.74570493142596e-05
1.46895441086118,-1.83663266082926,-0.00197219216140709,0.00069236895144642,5.83466494696776e-05
1.46895441086118,-1.83663266082926,-0.00197219216140709,0.00069236895144642,5.83466494696776e-05
1.46698221869977,-1.83594029187781,-0.00203981131291076,0.000674835253130723,5.91743209201394e-05
1.46698221869977,-1.83594029187781,-0.00203981131291076,0.000674835253130723,5.91743209201394e-05
1.46494240738686,-1.83526545662468,-0.00210808284314834,0.000655742455400787,5.99212757320133e-05
1.46494240738686,-1.83526545662468,-0.00210808284314834,0.000655742455400787,5.99212757320133e-05
1.46283432454371,-1.83460971416928,-0.0021768548202179,0.00063520347256607,6.05692612110314e-05
1.46283432454371,-1.83460971416928,-0.0021768548202179,0.00063520347256607,6.05692612110314e-05
1.46065746972349,-1.83397451069672,-0.00224596715248659,0.000613334179281555,6.11008022836268e-05
1.46065746972349,-1.83397451069672,-0.00224596715248659,0.000613334179281555,6.11008022836268e-05
1.45841150257101,-1.83336117651743,-0.00231525219717676,0.000590252872297192,6.1499411724065e-05
1.45841150257101,-1.83336117651743,-0.00231525219717676,0.000590252872297192,6.1499411724065e-05
1.45609625037383,-1.83277092364514,-0.00238453541503558,0.000566079725275559,6.17497670066494e-05
1.45609625037383,-1.83277092364514,-0.00238453541503558,0.000566079725275559,6.17497670066494e-05
1.45371171495879,-1.83220484391986,-0.00245363606765481,0.000540936240182033,6.18378540302549e-05
1.45371171495879,-1.83220484391986,-0.00245363606765481,0.000540936240182033,6.18378540302549e-05
1.45125807889114,-1.83166390767968,-0.00252236795380512,0.000514944698773334,6.17510790184312e-05
1.45125807889114,-1.83166390767968,-0.00252236795380512,0.000514944698773334,6.17510790184312e-05
1.44873571093733,-1.83114896298091,-0.00259054018092209,0.000488227617646331,6.14783507567602e-05
1.44873571093733,-1.83114896298091,-0.00259054018092209,0.000488227617646331,6.14783507567602e-05
1.44614517075641,-1.83066073536326,-0.00265795796771173,0.000460907210143136,6.1010135914254e-05
1.44614517075641,-1.83066073536326,-0.00265795796771173,0.000460907210143136,6.1010135914254e-05
1.4434872127887,-1.83019982815312,-0.00272442347369917,0.000433104858309052,6.03384904509984e-05
1.4434872127887,-1.83019982815312,-0.00272442347369917,0.000433104858309052,6.03384904509984e-05
1.440762789315,-1.82976672329481,-0.0027897366513745,0.000404940597964476,5.94570702656567e-05
1.440762789315,-1.82976672329481,-0.0027897366513745,0.000404940597964476,5.94570702656567e-05
1.43797305266363,-1.82936178269684,-0.00285369611651554,0.000376532619686287,5.83611241905088e-05
1.43797305266363,-1.82936178269684,-0.00285369611651554,0.000376532619686287,5.83611241905088e-05
1.43511935654711,-1.82898525007716,-0.00291610003219422,0.000347996788482074,5.70474721704158e-05
1.43511935654711,-1.82898525007716,-0.00291610003219422,0.000347996788482074,5.70474721704158e-05
1.43220325651492,-1.82863725328867,-0.00297674700189154,0.000319446184629868,5.55144712353706e-05
1.43220325651492,-1.82863725328867,-0.00297674700189154,0.000319446184629868,5.55144712353706e-05
1.42922650951303,-1.82831780710404,-0.00303543696709752,0.000290990668005087,5.3761971616603e-05
1.42922650951303,-1.82831780710404,-0.00303543696709752,0.000290990668005087,5.3761971616603e-05
1.42619107254593,-1.82802681643604,-0.00309197210481149,0.000262736467957048,5.17912649830032e-05
1.42619107254593,-1.82802681643604,-0.00309197210481149,0.000262736467957048,5.17912649830032e-05
1.42309910044112,-1.82776407996808,-0.00314615772035931,0.000234785800589554,4.96050264828444e-05
1.42309910044112,-1.82776407996808,-0.00314615772035931,0.000234785800589554,4.96050264828444e-05
1.41995294272076,-1.82752929416749,-0.0031978031309936,0.000207236515077147,4.72072519961306e-05
1.41995294272076,-1.82752929416749,-0.0031978031309936,0.000207236515077147,4.72072519961306e-05
1.41675513958976,-1.82732205765242,-0.00324672253582836,0.000180181770441212,4.4603191701402e-05
1.41675513958976,-1.82732205765242,-0.00324672253582836,0.000180181770441212,4.4603191701402e-05
1.41350841705394,-1.82714187588197,-0.00329273586773171,0.000153709743921482,4.17992808778816e-05
1.41350841705394,-1.82714187588197,-0.00329273586773171,0.000153709743921482,4.17992808778816e-05
1.4102156811862,-1.82698816613805,-0.00333566962293141,0.00012790337187063,3.88030686772913e-05
1.4102156811862,-1.82698816613805,-0.00333566962293141,0.00012790337187063,3.88030686772913e-05
1.40688001156327,-1.82686026276618,-0.00337535766424679,0.000102840123844983,3.56231453910792e-05
1.40688001156327,-1.82686026276618,-0.00337535766424679,0.000102840123844983,3.56231453910792e-05
1.40350465389903,-1.82675742264234,-0.0034116419939838,7.85918103947125e-05,3.22690686903162e-05
1.40350465389903,-1.82675742264234,-0.0034116419939838,7.85918103947125e-05,3.22690686903162e-05
1.40009301190504,-1.82667883083194,-0.00344437349275428,5.52244247356004e-05,2.8751289176255e-05
1.40009301190504,-1.82667883083194,-0.00344437349275428,5.52244247356004e-05,2.8751289176255e-05
1.39664863841229,-1.82662360640721,-0.00347341262067102,3.27980183472132e-05,2.50810754775215e-05
1.39664863841229,-1.82662360640721,-0.00347341262067102,3.27980183472132e-05,2.50810754775215e-05
1.39317522579162,-1.82659080838886,-0.00349863007755369,1.13666102581345e-05,2.12704391934233e-05
1.39317522579162,-1.82659080838886,-0.00349863007755369,1.13666102581345e-05,2.12704391934233e-05
1.38967659571406,-1.8265794417786,-0.00351990741909036,-9.02187039186764e-06,1.73320598350012e-05
1.38967659571406,-1.8265794417786,-0.00351990741909036,-9.02187039186764e-06,1.73320598350012e-05
1.38615668829497,-1.82658846364899,-0.00353713762611352,-2.83256090933826e-05,1.32792099116152e-05
1.38615668829497,-1.82658846364899,-0.00353713762611352,-2.83256090933826e-05,1.32792099116152e-05
1.38261955066886,-1.82661678925809,-0.003550225624394,-4.65088988734763e-05,9.1256803564344e-06
1.38261955066886,-1.82661678925809,-0.003550225624394,-4.65088988734763e-05,9.1256803564344e-06
1.37906932504446,-1.82666329815696,-0.00355908875266997,-6.35421023211791e-05,4.88570642839066e-06
1.37906932504446,-1.82666329815696,-0.00355908875266997,-6.35421023211791e-05,4.88570642839066e-06
1.37551023629179,-1.82672684025928,-0.00356365717690221,-7.94015838712081e-05,5.73894235267238e-07
1.37551023629179,-1.82672684025928,-0.00356365717690221,-7.94015838712081e-05,5.73894235267238e-07
1.37194657911489,-1.82680624184315,-0.00356387424903626,-9.4069613654435e-05,-3.79485196286148e-06
1.37194657911489,-1.82680624184315,-0.00356387424903626,-9.4069613654435e-05,-3.79485196286148e-06
1.36838270486586,-1.82690031145681,-0.00355969680885959,-0.000107534244339513,-8.20540153810079e-06
1.36838270486586,-1.82690031145681,-0.00355969680885959,-0.000107534244339513,-8.20540153810079e-06
1.364823008057,-1.82700784570115,-0.00355109542782195,-0.00011978916252775,-1.26424681728969e-05
1.364823008057,-1.82700784570115,-0.00355109542782195,-0.00011978916252775,-1.26424681728969e-05
1.36127191262917,-1.82712763486367,-0.00353805459402734,-0.000130833516345241,-1.7090679301458e-05
1.36127191262917,-1.82712763486367,-0.00353805459402734,-0.000130833516345241,-1.7090679301458e-05
1.35773385803515,-1.82725846838002,-0.00352057283787754,-0.000140671720995744,-2.15346441256137e-05
1.35773385803515,-1.82725846838002,-0.00352057283787754,-0.000140671720995744,-2.15346441256137e-05
1.35421328519727,-1.82739914010102,-0.00349866279817035,-0.000149313244132365,-2.59590200521985e-05
1.35421328519727,-1.82739914010102,-0.00349866279817035,-0.000149313244132365,-2.59590200521985e-05
1.3507146223991,-1.82754845334515,-0.0034723512287389,-0.000156772372940983,-3.03485773755188e-05
1.3507146223991,-1.82754845334515,-0.0034723512287389,-0.000156772372940983,-3.03485773755188e-05
1.34724227117036,-1.82770522571809,-0.00344167894601499,-0.0001630679649407,-3.46882620612288e-05
1.34724227117036,-1.82770522571809,-0.00344167894601499,-0.0001630679649407,-3.46882620612288e-05
1.34380059222435,-1.82786829368303,-0.00340670071816285,-0.000168223184438654,-3.89632564247117e-05
1.34380059222435,-1.82786829368303,-0.00340670071816285,-0.000168223184438654,-3.89632564247117e-05
1.34039389150618,-1.82803651686747,-0.00336748509674001,-0.000172265226737744,-4.3159037560532e-05
1.34039389150618,-1.82803651686747,-0.00336748509674001,-0.000172265226737744,-4.3159037560532e-05
1.33702640640944,-1.82820878209421,-0.00332411419209411,-0.000175225032060355,-4.72614333943003e-05
1.33702640640944,-1.82820878209421,-0.00332411419209411,-0.000175225032060355,-4.72614333943003e-05
1.33370229221735,-1.82838400712627,-0.00327668339392462,-0.000177136991242444,-5.12566761651473e-05
1.33370229221735,-1.82838400712627,-0.00327668339392462,-0.000177136991242444,-5.12566761651473e-05
1.33042560882342,-1.82856114411751,-0.00322530103872132,-0.000178038645202383,-5.51314532330929e-05
1.33042560882342,-1.82856114411751,-0.00322530103872132,-0.000178038645202383,-5.51314532330929e-05
1.3272003077847,-1.82873918276271,-0.00317008802597951,-0.000177970380167647,-5.88729550478192e-05
1.3272003077847,-1.82873918276271,-0.00317008802597951,-0.000177970380167647,-5.88729550478192e-05
1.32403021975872,-1.82891715314288,-0.00311117738533251,-0.000176975120596889,-6.24689201702039e-05
1.32403021975872,-1.82891715314288,-0.00311117738533251,-0.000176975120596889,-6.24689201702039e-05
1.32091904237339,-1.82909412826348,-0.0030487137969224,-0.000175098021654829,-6.59076772488863e-05
1.32091904237339,-1.82909412826348,-0.0030487137969224,-0.000175098021654829,-6.59076772488863e-05
1.31787032857647,-1.82926922628513,-0.00298285306749002,-0.000172386163063587,-6.917818381249e-05
1.31787032857647,-1.82926922628513,-0.00298285306749002,-0.000172386163063587,-6.917818381249e-05
1.31488747550898,-1.82944161244819,-0.00291376156486112,-0.00016888824608241,-7.22700618128532e-05
1.31488747550898,-1.82944161244819,-0.00291376156486112,-0.00016888824608241,-7.22700618128532e-05
1.31197371394412,-1.82961050069428,-0.0028416156136184,-0.000164654295306432,-7.51736298124895e-05
1.31197371394412,-1.82961050069428,-0.0028416156136184,-0.000164654295306432,-7.51736298124895e-05
1.3091320983305,-1.82977515498958,-0.00276660085490166,-0.000159735366811686,-7.78799317567142e-05
1.3091320983305,-1.82977515498958,-0.00276660085490166,-0.000159735366811686,-7.78799317567142e-05
1.3063654974756,-1.82993489035639,-0.00268891157336548,-0.000154183264148955,-8.03807622214892e-05
1.3063654974756,-1.82993489035639,-0.00268891157336548,-0.000154183264148955,-8.03807622214892e-05
1.30367658590223,-1.83008907362054,-0.0026087499944567,-0.000148050263549582,-8.2668688091122e-05
1.30367658590223,-1.83008907362054,-0.0026087499944567,-0.000148050263549582,-8.2668688091122e-05
1.30106783590777,-1.83023712388409,-0.00252632555522725,-0.000141388849620228,-8.47370666031857e-05
1.30106783590777,-1.83023712388409,-0.00252632555522725,-0.000141388849620228,-8.47370666031857e-05
1.29854151035255,-1.83037851273371,-0.00244185415195841,-0.00013425146261925,-8.65800596581406e-05
1.29854151035255,-1.83037851273371,-0.00244185415195841,-0.00013425146261925,-8.65800596581406e-05
1.29609965620059,-1.83051276419633,-0.00235555736794457,-0.000126690258384965,-8.81926443607938e-05
1.29609965620059,-1.83051276419633,-0.00235555736794457,-0.000126690258384965,-8.81926443607938e-05
1.29374409883264,-1.83063945445472,-0.00226766168477299,-0.00011875688177776,-8.95706196802543e-05
1.29374409883264,-1.83063945445472,-0.00226766168477299,-0.00011875688177776,-8.95706196802543e-05
1.29147643714787,-1.8307582113365,-0.00217839768046657,-0.000110502254429656,-9.07106090954819e-05
1.29147643714787,-1.8307582113365,-0.00217839768046657,-0.000110502254429656,-9.07106090954819e-05
1.28929803946741,-1.83086871359092,-0.00208799921786951,-0.000101976377455681,-9.16100590648075e-05
1.28929803946741,-1.83086871359092,-0.00208799921786951,-0.000101976377455681,-9.16100590648075e-05
1.28721004024954,-1.83097068996838,-0.00199670262664364,-9.32281496273113e-05,-9.22672331089892e-05
1.28721004024954,-1.83097068996838,-0.00199670262664364,-9.32281496273113e-05,-9.22672331089892e-05
1.28521333762289,-1.83106391811801,-0.0019047458822028,-8.43052014054546e-05,-9.26812011690303e-05
1.28521333762289,-1.83106391811801,-0.0019047458822028,-8.43052014054546e-05,-9.26812011690303e-05
1.28330859174069,-1.83114822331941,-0.00181236778489713,-7.52537451531587e-05,-9.28518237892709e-05
1.28330859174069,-1.83114822331941,-0.00181236778489713,-7.52537451531587e-05,-9.28518237892709e-05
1.28149622395579,-1.83122347706457,-0.00171980714271625,-6.6118441666152e-05,-9.2779730480387e-05
1.28149622395579,-1.83122347706457,-0.00171980714271625,-6.6118441666152e-05,-9.2779730480387e-05
1.27977641681308,-1.83128959550623,-0.0016273019607238,-5.69422830392075e-05,-9.24662913141382e-05
1.27977641681308,-1.83128959550623,-0.0016273019607238,-5.69422830392075e-05,-9.24662913141382e-05
1.27814911485235,-1.83134653778927,-0.0015350886403851,-4.77664918030474e-05,-9.19135803562872e-05
1.27814911485235,-1.83134653778927,-0.0015350886403851,-4.77664918030474e-05,-9.19135803562872e-05
1.27661402621197,-1.83139430428107,-0.00144340119191,-3.86304361075229e-05,-9.11243289671724e-05
1.27661402621197,-1.83139430428107,-0.00144340119191,-3.86304361075229e-05,-9.11243289671724e-05
1.27517062502006,-1.83143293471718,-0.00135247046261466,-2.95715607061542e-05,-9.01018659224208e-05
1.27517062502006,-1.83143293471718,-0.00135247046261466,-2.95715607061542e-05,-9.01018659224208e-05
1.27381815455744,-1.83146250627789,-0.00126252338427868,-2.06253332910578e-05,-8.88500398903318e-05
1.27381815455744,-1.83146250627789,-0.00126252338427868,-2.06253332910578e-05,-8.88500398903318e-05
1.27255563117316,-1.83148313161118,-0.00117378224232212,-1.18252056802159e-05,-8.73731172637471e-05
1.27255563117316,-1.83148313161118,-0.00117378224232212,-1.18252056802159e-05,-8.73731172637471e-05
1.27138184893084,-1.83149495681686,-0.00108646396958978,-3.20258928110384e-06,-8.56756445444949e-05
1.27138184893084,-1.83149495681686,-0.00108646396958978,-3.20258928110384e-06,-8.56756445444949e-05
1.27029538496125,-1.83149815940614,-0.00100077946737875,5.21315581680781e-06,-8.37622579599852e-05
1.27029538496125,-1.83149815940614,-0.00100077946737875,5.21315581680781e-06,-8.37622579599852e-05
1.26929460549387,-1.83149294625032,-0.000916932956246619,1.33947189100425e-05,-8.16374120827451e-05
1.26929460549387,-1.83149294625032,-0.000916932956246619,1.33947189100425e-05,-8.16374120827451e-05
1.26837767253763,-1.83147955153141,-0.000835121358990776,2.13168246667728e-05,-7.93049801311287e-05
1.26837767253763,-1.83147955153141,-0.000835121358990776,2.13168246667728e-05,-7.93049801311287e-05
1.26754255117864,-1.83145823470675,-0.000755533718052703,2.89562079440753e-05,-7.67676443766195e-05
1.26754255117864,-1.83145823470675,-0.000755533718052703,2.89562079440753e-05,-7.67676443766195e-05
1.26678701746058,-1.8314292784988,-0.00067835064944588,3.62915783513884e-05,-7.40259314803753e-05
1.26678701746058,-1.8314292784988,-0.00067835064944588,3.62915783513884e-05,-7.40259314803753e-05
1.26610866681114,-1.83139298692045,-0.000603743835130954,4.33035755365019e-05,-7.1076625054721e-05
1.26610866681114,-1.83139298692045,-0.000603743835130954,4.33035755365019e-05,-7.1076625054721e-05
1.26550492297601,-1.83134968334492,-0.000531875555619843,4.9974716175738e-05,-6.79100425101118e-05
1.26550492297601,-1.83134968334492,-0.000531875555619843,4.9974716175738e-05,-6.79100425101118e-05
1.26497304742039,-1.83129970862874,-0.000462898264379952,5.62893336837345e-05,-6.45051511242955e-05
1.26497304742039,-1.83129970862874,-0.000462898264379952,5.62893336837345e-05,-6.45051511242955e-05
1.26451014915601,-1.83124341929506,-0.000396954205437394,6.22335117137496e-05,-6.08203840249499e-05
1.26451014915601,-1.83124341929506,-0.000396954205437394,6.22335117137496e-05,-6.08203840249499e-05
1.26411319495057,-1.83118118578334,-0.000334175075377141,6.77950125094195e-05,-5.67755055079322e-05
1.26411319495057,-1.83118118578334,-0.000334175075377141,6.77950125094195e-05,-5.67755055079322e-05
1.26377901987519,-1.83111339077083,-0.000274681730730642,7.29632011062797e-05,-5.22141547120629e-05
1.26377901987519,-1.83111339077083,-0.000274681730730642,7.29632011062797e-05,-5.22141547120629e-05
1.26350433814446,-1.83104042756973,-0.00021858394155494,7.77289665243597e-05,-4.68246210629622e-05
1.26350433814446,-1.83104042756973,-0.00021858394155494,7.77289665243597e-05,-4.68246210629622e-05
1.26328575420291,-1.8309626986032,-0.000165980191811466,8.2084640929958e-05,-3.99816362541026e-05
1.26328575420291,-1.8309626986032,-0.000165980191811466,8.2084640929958e-05,-3.99816362541026e-05
1.26311977401109,-1.83088061396227,-0.000116957526925088,8.60239178266387e-05,-3.05434952989023e-05
1.26311977401109,-1.83088061396227,-0.000116957526925088,8.60239178266387e-05,-3.05434952989023e-05
1.26300281648417,-1.83079459004445,-7.15914487015024e-05,8.95417701904933e-05,-1.72887953602174e-05
1.26300281648417,-1.83079459004445,-7.15914487015024e-05,8.95417701904933e-05,-1.72887953602174e-05
1.26293122503547,-1.83070504827426,-2.99458575798717e-05,9.26343695462073e-05,-1.72628802758598e-06
1.26293122503547,-1.83070504827426,-2.99458575798717e-05,9.26343695462073e-05,-1.72628802758598e-06
1.26290127917789,-1.83061241390471,7.92695800089227e-06,9.52990068983084e-05,1.05591319701216e-05
1.26290127917789,-1.83061241390471,7.92695800089227e-06,9.52990068983084e-05,1.05591319701216e-05
1.26290920613589,-1.83051711489781,4.19862855702835e-05,9.75340163946736e-05,1.66192522024429e-05
1.26290920613589,-1.83051711489781,4.19862855702835e-05,9.75340163946736e-05,1.66192522024429e-05
1.26295119242146,-1.83041958088142,7.22029065420848e-05,9.93387024816883e-05,1.81084819191434e-05
1.26295119242146,-1.83041958088142,7.22029065420848e-05,9.93387024816883e-05,1.81084819191434e-05
1.263023395328,-1.83032024217893,9.85589689095345e-05,0.00010071327130956,1.71580303846585e-05
1.263023395328,-1.83032024217893,9.85589689095345e-05,0.00010071327130956,1.71580303846585e-05
1.26312195429691,-1.83021952890762,0.000121047815714537,0.000101658767067914,1.49845006860269e-05
1.26312195429691,-1.83021952890762,0.000121047815714537,0.000101658767067914,1.49845006860269e-05
1.26324300211263,-1.83011787014056,0.000139673770491955,0.000102177013868054,1.21846262118123e-05
1.26324300211263,-1.83011787014056,0.000139673770491955,0.000102177013868054,1.21846262118123e-05
1.26338267588312,-1.83001569312669,0.000154451881068551,0.000102270563711704,9.05655919587365e-06
1.26338267588312,-1.83001569312669,0.000154451881068551,0.000102270563711704,9.05655919587365e-06
1.26353712776419,-1.82991342256298,0.000165407623218483,0.000101942650992948,5.76012618844964e-06
1.26353712776419,-1.82991342256298,0.000165407623218483,0.000101942650992948,5.76012618844964e-06
1.2637025353874,-1.82981147991198,0.000172576565903526,0.000101197153901111,2.38899660157709e-06
1.2637025353874,-1.82981147991198,0.000172576565903526,0.000101197153901111,2.38899660157709e-06
1.26387511195331,-1.82971028275808,0.000176003999940555,0.00010003856302232,-9.95928249367616e-07
1.26387511195331,-1.82971028275808,0.000176003999940555,0.00010003856302232,-9.95928249367616e-07
1.26405111595325,-1.82961024419506,0.000175744532076472,9.84719573680071e-05,-4.34976073914974e-06
1.26405111595325,-1.82961024419506,0.000175744532076472,9.84719573680071e-05,-4.34976073914974e-06
1.26422686048533,-1.82951177223769,0.00017186164658467,9.65029879671508e-05,-7.63378954581049e-06
1.26422686048533,-1.82951177223769,0.00017186164658467,9.65029879671508e-05,-7.63378954581049e-06
1.26439872213191,-1.82941526924973,0.00016442723663479,9.41378690493266e-05,-1.08076292059838e-05
1.26439872213191,-1.82941526924973,0.00016442723663479,9.41378690493266e-05,-1.08076292059838e-05
1.26456314936854,-1.82932113138068,0.000153521107816079,9.13833768141359e-05,-1.38194988356454e-05
1.26456314936854,-1.82932113138068,0.000153521107816079,9.13833768141359e-05,-1.38194988356454e-05
1.26471667047636,-1.82922974800386,0.000139230456271067,8.82468556551164e-05,-1.65887755743235e-05
1.26471667047636,-1.82922974800386,0.000139230456271067,8.82468556551164e-05,-1.65887755743235e-05
1.26485590093263,-1.82914150114821,0.000121649324008155,8.47362316520606e-05,-1.89670122929926e-05
1.26485590093263,-1.82914150114821,0.000121649324008155,8.47362316520606e-05,-1.89670122929926e-05
1.26497755025664,-1.82905676491655,0.000100878034057228,8.08600330934883e-05,-2.06380966319372e-05
1.26497755025664,-1.82905676491655,0.000100878034057228,8.08600330934883e-05,-2.06380966319372e-05
1.2650784282907,-1.82897590488346,7.70226081738823e-05,7.66274175967308e-05,-2.08384591162397e-05
1.2650784282907,-1.82897590488346,7.70226081738823e-05,7.66274175967308e-05,-2.08384591162397e-05
1.26515545089887,-1.82889927746586,5.0194169885831e-05,7.20482054492599e-05,-1.76132871862406e-05
1.26515545089887,-1.82889927746586,5.0194169885831e-05,7.20482054492599e-05,-1.76132871862406e-05
1.26520564506876,-1.82882722926042,2.05083357205371e-05,6.71329186809899e-05,-7.16624080040351e-06
1.26520564506876,-1.82882722926042,2.05083357205371e-05,6.71329186809899e-05,-7.16624080040351e-06
1.26522615340448,-1.82876009634173,-1.1915402506224e-05,6.18928252582585e-05,1.03116414535302e-05
1.26522615340448,-1.82876009634173,-1.1915402506224e-05,6.18928252582585e-05,1.03116414535302e-05
1.26521423800197,-1.82869820351648,-4.69543014094409e-05,5.63399878159565e-05,2.5078242915177e-05
1.26521423800197,-1.82869820351648,-4.69543014094409e-05,5.63399878159565e-05,2.5078242915177e-05
1.26516728370056,-1.82864186352866,-8.44829928376978e-05,5.04873162856523e-05,3.36251541487588e-05
1.26516728370056,-1.82864186352866,-8.44829928376978e-05,5.04873162856523e-05,3.36251541487588e-05
1.26508280070772,-1.82859137621237,-0.000124374110801906,4.43486236318957e-05,3.87222168889262e-05
1.26508280070772,-1.82859137621237,-0.000124374110801906,4.43486236318957e-05,3.87222168889262e-05
1.26495842659692,-1.82854702758874,-0.000166498915598945,3.79386839903795e-05,4.22692434484941e-05
1.26495842659692,-1.82854702758874,-0.000166498915598945,3.79386839903795e-05,4.22692434484941e-05
1.26479192768132,-1.82850908890475,-0.000210727912193676,3.12732924019343e-05,4.50487118383699e-05
1.26479192768132,-1.82850908890475,-0.000210727912193676,3.12732924019343e-05,4.50487118383699e-05
1.26458119976913,-1.82847781561235,-0.000256931459961196,2.43693252925947e-05,4.73829685020643e-05
1.26458119976913,-1.82847781561235,-0.000256931459961196,2.43693252925947e-05,4.73829685020643e-05
1.26432426830917,-1.82845344628706,-0.000304980370935848,1.72448008444182e-05,4.94176099538656e-05
1.26432426830917,-1.82845344628706,-0.000304980370935848,1.72448008444182e-05,4.94176099538656e-05
1.26401928793823,-1.82843620148621,-0.000354746493731239,9.91893836554958e-06,5.1225307930624e-05
1.26401928793823,-1.82843620148621,-0.000354746493731239,9.91893836554958e-06,5.1225307930624e-05
1.2636645414445,-1.82842628254785,-0.00040610328038726,2.41221579089235e-06,5.28459582275146e-05
1.2636645414445,-1.82842628254785,-0.00040610328038726,2.41221579089235e-06,5.28459582275146e-05
1.26325843816411,-1.82842387033206,-0.000458926333458898,-5.2535755579175e-06,5.43035919492402e-05
1.26325843816411,-1.82842387033206,-0.000458926333458898,-5.2535755579175e-06,5.43035919492402e-05
1.26279951183065,-1.82842912390761,-0.000513093930772923,-1.3055279866947e-05,5.56141015581378e-05
1.26279951183065,-1.82842912390761,-0.000513093930772923,-1.3055279866947e-05,5.56141015581378e-05
1.26228641789988,-1.82844217918748,-0.000568487525357542,-2.09683302143659e-05,5.67890262943443e-05
1.26228641789988,-1.82844217918748,-0.000568487525357542,-2.09683302143659e-05,5.67890262943443e-05
1.26171793037452,-1.8284631475177,-0.000624992218151155,-2.89667073516409e-05,5.78375176951322e-05
1.26171793037452,-1.8284631475177,-0.000624992218151155,-2.89667073516409e-05,5.78375176951322e-05
1.26109293815637,-1.82849211422505,-0.000682497201248022,-3.70229046158244e-05,5.87674088810202e-05
1.26109293815637,-1.82849211422505,-0.000682497201248022,-3.70229046158244e-05,5.87674088810202e-05
1.26041044095513,-1.82852913712966,-0.000740896169571403,-4.51078998267018e-05,5.95858172192424e-05
1.26041044095513,-1.82852913712966,-0.000740896169571403,-4.51078998267018e-05,5.95858172192424e-05
1.25966954478555,-1.82857424502949,-0.000800087699002638,-5.31911349119785e-05,6.02994920442718e-05
1.25966954478555,-1.82857424502949,-0.000800087699002638,-5.31911349119785e-05,6.02994920442718e-05
1.25886945708655,-1.8286274361644,-0.000859975589193374,-6.12405039679409e-05,6.09150170356988e-05
1.25886945708655,-1.8286274361644,-0.000859975589193374,-6.12405039679409e-05,6.09150170356988e-05
1.25800948149736,-1.82868867666837,-0.000920469169424676,-6.9222350421283e-05,6.14389266392765e-05
1.25800948149736,-1.82868867666837,-0.000920469169424676,-6.9222350421283e-05,6.14389266392765e-05
1.25708901232793,-1.82875789901879,-0.000981483566085961,-7.71014738325526e-05,6.18777699682089e-05
1.25708901232793,-1.82875789901879,-0.000981483566085961,-7.71014738325526e-05,6.18777699682089e-05
1.25610752876185,-1.82883500049262,-0.00104293993053761,-8.4841146888337e-05,6.22381417246969e-05
1.25610752876185,-1.82883500049262,-0.00104293993053761,-8.4841146888337e-05,6.22381417246969e-05
1.25506458883131,-1.82891984163951,-0.00110476562635786,-9.24031430131755e-05,6.25266918795686e-05
1.25506458883131,-1.82891984163951,-0.00110476562635786,-9.24031430131755e-05,6.25266918795686e-05
1.25395982320495,-1.82901224478253,-0.00116689437516615,-9.9747774984893e-05,6.27501214342659e-05
1.25395982320495,-1.82901224478253,-0.00116689437516615,-9.9747774984893e-05,6.27501214342659e-05
1.25279292882979,-1.82911199255751,-0.00122926636046139,-0.0001068339448691,6.2915168922808e-05
1.25279292882979,-1.82911199255751,-0.00122926636046139,-0.0001068339448691,6.2915168922808e-05
1.25156366246932,-1.82921882650238,-0.00129182828914765,-0.000113619205451165,6.3028590719264e-05
1.25156366246932,-1.82921882650238,-0.00129182828914765,-0.000113619205451165,6.3028590719264e-05
1.25027183418018,-1.82933244570783,-0.00135453341066549,-0.000120059833327524,6.30971371715968e-05
1.25027183418018,-1.82933244570783,-0.00135453341066549,-0.000120059833327524,6.30971371715968e-05
1.24891730076951,-1.82945250554116,-0.00141734149386963,-0.000126110913656552,6.31275260054554e-05
1.24891730076951,-1.82945250554116,-0.00141734149386963,-0.000126110913656552,6.31275260054554e-05
1.24749995927564,-1.82957861645481,-0.00148021876207394,-0.000131726436533475,6.31264139534973e-05
1.24749995927564,-1.82957861645481,-0.00148021876207394,-0.000131726436533475,6.31264139534973e-05
1.24601974051357,-1.82971034289135,-0.00154313778690884,-0.000136859404823886,6.31003672984451e-05
1.24601974051357,-1.82971034289135,-0.00154313778690884,-0.000136859404823886,6.31003672984451e-05
1.24447660272666,-1.82984720229617,-0.00160607734187068,-0.000141461953205857,6.30558318545917e-05
1.24447660272666,-1.82984720229617,-0.00160607734187068,-0.000141461953205857,6.30558318545917e-05
1.24287052538479,-1.82998866424938,-0.00166902221670684,-0.000145485478077134,6.2999102714811e-05
1.24287052538479,-1.82998866424938,-0.00166902221670684,-0.000145485478077134,6.2999102714811e-05
1.24120150316808,-1.83013414972746,-0.00173196299397649,-0.000148880777906202,6.29362940205763e-05
1.24120150316808,-1.83013414972746,-0.00173196299397649,-0.000148880777906202,6.29362940205763e-05
1.2394695401741,-1.83028303050536,-0.00179489578934744,-0.000151598203479653,6.28733089447931e-05
1.2394695401741,-1.83028303050536,-0.00179489578934744,-0.000151598203479653,6.28733089447931e-05
1.23767464438476,-1.83043462870884,-0.00185782195739459,-0.000153587817465439,6.28158100163788e-05
1.23767464438476,-1.83043462870884,-0.00185782195739459,-0.000153587817465439,6.28158100163788e-05
1.23581682242736,-1.83058821652631,-0.0019207477648584,-0.000154799562551267,6.27691898742054e-05
1.23581682242736,-1.83058821652631,-0.0019207477648584,-0.000154799562551267,6.27691898742054e-05
1.2338960746625,-1.83074301608886,-0.00198368403348437,-0.00015518343736276,6.27385425584805e-05
1.2338960746625,-1.83074301608886,-0.00198368403348437,-0.00015518343736276,6.27385425584805e-05
1.23191239062902,-1.83089819952622,-0.00204664575475544,-0.00015468967929233,6.27286353655629e-05
1.23191239062902,-1.83089819952622,-0.00204664575475544,-0.00015468967929233,6.27286353655629e-05
1.22986574487426,-1.83105288920551,-0.00210965167893273,-0.000153268953283936,6.27438813920991e-05
1.22986574487426,-1.83105288920551,-0.00210965167893273,-0.000153268953283936,6.27438813920991e-05
1.22775609319533,-1.8312061581588,-0.00217272388100276,-0.000150872545590985,6.27883128283026e-05
1.22775609319533,-1.8312061581588,-0.00217272388100276,-0.000150872545590985,6.27883128283026e-05
1.22558336931433,-1.83135703070439,-0.00223588730622648,-0.000147452561412909,6.28655550947116e-05
1.22558336931433,-1.83135703070439,-0.00223588730622648,-0.000147452561412909,6.28655550947116e-05
1.2233474820081,-1.8315044832658,-0.00229916929807761,-0.000142962125282642,6.29788020069912e-05
1.2233474820081,-1.8315044832658,-0.00229916929807761,-0.000142962125282642,6.29788020069912e-05
1.22104831271002,-1.83164744539108,-0.00236259911150349,-0.000137355582984,6.313079208613e-05
1.22104831271002,-1.83164744539108,-0.00236259911150349,-0.000137355582984,6.313079208613e-05
1.21868571359852,-1.83178480097407,-0.00242620741446697,-0.000130588703811663,6.33237862327075e-05
1.21868571359852,-1.83178480097407,-0.00242620741446697,-0.000130588703811663,6.33237862327075e-05
1.21625950618405,-1.83191538967788,-0.00249002578081581,-0.000122618881857273,6.35595470249214e-05
1.21625950618405,-1.83191538967788,-0.00249002578081581,-0.000122618881857273,6.35595470249214e-05
1.21376948040324,-1.83203800855974,-0.00255408617759234,-0.000113405335089523,6.38393199161725e-05
1.21376948040324,-1.83203800855974,-0.00255408617759234,-0.000113405335089523,6.38393199161725e-05
1.21121539422565,-1.83215141389483,-0.00261842044994021,-0.000102909300893295,6.41638166114671e-05
1.21121539422565,-1.83215141389483,-0.00261842044994021,-0.000102909300893295,6.41638166114671e-05
1.20859697377571,-1.83225432319572,-0.00268305980675643,-9.1094226792654e-05,6.45332009893591e-05
1.20859697377571,-1.83225432319572,-0.00268305980675643,-9.1094226792654e-05,6.45332009893591e-05
1.20591391396895,-1.83234541742251,-0.00274803431028037,-7.79259550405254e-05,6.49470779062523e-05
1.20591391396895,-1.83234541742251,-0.00274803431028037,-7.79259550405254e-05,6.49470779062523e-05
1.20316587965867,-1.83242334337755,-0.00281337237278456,-6.33728998287175e-05,6.54044852379568e-05
1.20316587965867,-1.83242334337755,-0.00281337237278456,-6.33728998287175e-05,6.54044852379568e-05
1.20035250728588,-1.83248671627738,-0.0028791002635038,-4.74062157900246e-05,6.59038895534985e-05
1.20035250728588,-1.83248671627738,-0.0028791002635038,-4.74062157900246e-05,6.59038895534985e-05
1.19747340702238,-1.83253412249317,-0.00294524162892706,-2.99999566175657e-05,6.64431857300713e-05
1.19747340702238,-1.83253412249317,-0.00294524162892706,-2.99999566175657e-05,6.64431857300713e-05
1.19452816539345,-1.83256412244979,-0.00301181702948305,-1.11312225825611e-05,6.70197008355322e-05
1.19452816539345,-1.83256412244979,-0.00301181702948305,-1.11312225825611e-05,6.70197008355322e-05
1.19151634836397,-1.83257525367237,-0.00307884349557863,9.21970411371653e-06,6.76302025624095e-05
1.19151634836397,-1.83257525367237,-0.00307884349557863,9.21970411371653e-06,6.76302025624095e-05
1.18843750486839,-1.83256603396826,-0.00314633410586262,3.10692372360588e-05,6.82709124300352e-05
1.18843750486839,-1.83256603396826,-0.00314633410586262,3.10692372360588e-05,6.82709124300352e-05
1.18529117076253,-1.83253496473102,-0.00321429759046477,5.44303786524925e-05,6.89375239376969e-05
1.18529117076253,-1.83253496473102,-0.00321429759046477,5.44303786524925e-05,6.89375239376969e-05
1.18207687317206,-1.83248053435237,-0.00328273796185097,7.93126256002363e-05,6.96252257264295e-05
1.18207687317206,-1.83248053435237,-0.00328273796185097,7.93126256002363e-05,6.96252257264295e-05
1.17879413521021,-1.83240122172677,-0.00335165417575878,0.000105721893904231,7.03287297511078e-05
1.17879413521021,-1.83240122172677,-0.00335165417575878,0.000105721893904231,7.03287297511078e-05
1.17544248103446,-1.83229549983286,-0.00342103982451047,0.000133660457790175,7.10423044184088e-05
1.17544248103446,-1.83229549983286,-0.00342103982451047,0.000133660457790175,7.10423044184088e-05
1.17202144120994,-1.83216183937507,-0.00349088286485522,0.000163126906943756,7.17598124783396e-05
1.17202144120994,-1.83216183937507,-0.00349088286485522,0.000163126906943756,7.17598124783396e-05
1.16853055834509,-1.83199871246813,-0.00356116538225404,0.000194116121259524,7.24747534330901e-05
1.16853055834509,-1.83199871246813,-0.00356116538225404,0.000194116121259524,7.24747534330901e-05
1.16496939296284,-1.83180459634687,-0.00363186339333277,0.000226619263610672,7.31803101249508e-05
1.16496939296284,-1.83180459634687,-0.00363186339333277,0.000226619263610672,7.31803101249508e-05
1.1613375295695,-1.83157797708326,-0.00370294668800453,0.000260623790882875,7.38693990676889e-05
1.1613375295695,-1.83157797708326,-0.00370294668800453,0.000260623790882875,7.38693990676889e-05
1.1576345828815,-1.83131735329238,-0.00377437871250752,0.00029611348338654,7.45347240765472e-05
1.1576345828815,-1.83131735329238,-0.00377437871250752,0.00029611348338654,7.45347240765472e-05
1.15386020416899,-1.83102123980899,-0.00384611649439948,0.000333068492581745,7.5168832596896e-05
1.15386020416899,-1.83102123980899,-0.00384611649439948,0.000333068492581745,7.5168832596896e-05
1.15001408767459,-1.83068817131641,-0.0039181106102355,0.000371465406930005,7.57641741817028e-05
1.15001408767459,-1.83068817131641,-0.0039181106102355,0.000371465406930005,7.57641741817028e-05
1.14609597706436,-1.83031670590948,-0.0039903051964254,0.000411277335585325,7.63131605098907e-05
1.14609597706436,-1.83031670590948,-0.0039903051964254,0.000411277335585325,7.63131605098907e-05
1.14210567186793,-1.82990542857389,-0.00406263800351092,0.000452474009441817,7.68082262976545e-05
1.14210567186793,-1.82990542857389,-0.00406263800351092,0.000452474009441817,7.68082262976545e-05
1.13804303386442,-1.82945295456445,-0.00413504049381452,0.000495021898955894,7.72418904667364e-05
1.13804303386442,-1.82945295456445,-0.00413504049381452,0.000495021898955894,7.72418904667364e-05
1.1339079933706,-1.8289579326655,-0.00420743798213996,0.000538884348020519,7.76068169697219e-05
1.1339079933706,-1.8289579326655,-0.00420743798213996,0.000538884348020519,7.76068169697219e-05
1.12970055538846,-1.82841904831748,-0.0042797498189604,0.000584021723048167,7.78958746048223e-05
1.12970055538846,-1.82841904831748,-0.0042797498189604,0.000584021723048167,7.78958746048223e-05
1.1254208055695,-1.82783502659443,-0.00435188961520838,0.000630391576243339,7.81021953142709e-05
1.1254208055695,-1.82783502659443,-0.00435188961520838,0.000630391576243339,7.81021953142709e-05
1.1210689159543,-1.82720463501818,-0.00442376550757673,0.000677948822041641,7.82192303720843e-05
1.1210689159543,-1.82720463501818,-0.00442376550757673,0.000677948822041641,7.82192303720843e-05
1.11664515044672,-1.82652668619614,-0.00449528046294567,0.000726645925449132,7.82408039925273e-05
1.11664515044672,-1.82652668619614,-0.00449528046294567,0.000726645925449132,7.82408039925273e-05
1.11214986998377,-1.82580004027069,-0.00456633262031803,0.000776433101020935,7.81611639133943e-05
1.11214986998377,-1.82580004027069,-0.00456633262031803,0.000776433101020935,7.81611639133943e-05
1.10758353736346,-1.82502360716967,-0.00463681566840779,0.000827258521117979,7.79750285640072e-05
1.10758353736346,-1.82502360716967,-0.00463681566840779,0.000827258521117979,7.79750285640072e-05
1.10294672169505,-1.82419634864855,-0.0047066192568177,0.000879068531945304,7.76776304717642e-05
1.10294672169505,-1.82419634864855,-0.0047066192568177,0.000879068531945304,7.76776304717642e-05
1.09824010243823,-1.82331728011661,-0.00477562943851084,0.000931807875901969,7.72647556417615e-05
1.09824010243823,-1.82331728011661,-0.00477562943851084,0.000931807875901969,7.72647556417615e-05
1.09346447299972,-1.82238547224071,-0.00484372914111586,0.000985419918675845,7.6732778661868e-05
1.09346447299972,-1.82238547224071,-0.00484372914111586,0.000985419918675845,7.6732778661868e-05
1.0886207438586,-1.82140005232203,-0.00491079866441235,0.00103984687949388,7.60786933709781e-05
1.0886207438586,-1.82140005232203,-0.00491079866441235,0.00103984687949388,7.60786933709781e-05
1.08370994519419,-1.82036020544254,-0.0049767162012031,0.00109503006292977,7.530013893234e-05
1.08370994519419,-1.82036020544254,-0.0049767162012031,0.00109503006292977,7.530013893234e-05
1.07873322899299,-1.81926517537961,-0.00504135837862618,0.00115091009062307,7.43954212760779e-05
1.07873322899299,-1.81926517537961,-0.00504135837862618,0.00115091009062307,7.43954212760779e-05
1.07369187061436,-1.81811426528898,-0.00510460081686648,0.00120742713140998,7.33635298233847e-05
1.07369187061436,-1.81811426528898,-0.00510460081686648,0.00120742713140998,7.33635298233847e-05
1.0685872697975,-1.81690683815757,-0.00516631870211182,0.00126452112826936,7.22041494816521e-05
1.0685872697975,-1.81690683815757,-0.00516631870211182,0.00126452112826936,7.22041494816521e-05
1.06342095109538,-1.81564231702931,-0.00522638737050518,0.0013221320206005,7.09176679653568e-05
1.06342095109538,-1.81564231702931,-0.00522638737050518,0.0013221320206005,7.09176679653568e-05
1.05819456372488,-1.8143201850087,-0.00528468289981321,0.00138019996042371,6.95051784501107e-05
1.05819456372488,-1.8143201850087,-0.00528468289981321,0.00138019996042371,6.95051784501107e-05
1.05290988082506,-1.81293998504828,-0.00534108270545541,0.00143866552112537,6.79684776959547e-05
1.05290988082506,-1.81293998504828,-0.00534108270545541,0.00143866552112537,6.79684776959547e-05
1.04756879811961,-1.81150131952716,-0.00539546613756126,0.00149746989752186,6.63100596985959e-05
1.04756879811961,-1.81150131952716,-0.00539546613756126,0.00149746989752186,6.63100596985959e-05
1.04217333198205,-1.81000384962963,-0.0054477150756671,0.00155655509614427,6.45331050111589e-05
1.04217333198205,-1.81000384962963,-0.0054477150756671,0.00155655509614427,6.45331050111589e-05
1.03672561690638,-1.80844729453349,-0.00549771451772685,0.00161586411466819,6.26414658566974e-05
1.03672561690638,-1.80844729453349,-0.00549771451772685,0.00161586411466819,6.26414658566974e-05
1.03122790238865,-1.80683143041882,-0.00554535316010263,0.00167534110962086,6.06396472310963e-05
1.03122790238865,-1.80683143041882,-0.00554535316010263,0.00167534110962086,6.06396472310963e-05
1.02568254922855,-1.8051560893092,-0.00559052396531623,0.00173493155157489,5.85327841283916e-05
1.02568254922855,-1.8051560893092,-0.00559052396531623,0.00173493155157489,5.85327841283916e-05
1.02009202526324,-1.80342115775763,-0.00563312471435484,0.00179458236724117,5.63266150507783e-05
1.02009202526324,-1.80342115775763,-0.00563312471435484,0.00179458236724117,5.63266150507783e-05
1.01445890054888,-1.80162657539038,-0.00567305854043276,0.00185424206788598,5.40274520136885e-05
1.01445890054888,-1.80162657539038,-0.00567305854043276,0.00185424206788598,5.40274520136885e-05
1.00878584200845,-1.7997723333225,-0.00571023444121987,0.00191386086370149,5.16421472396807e-05
1.00878584200845,-1.7997723333225,-0.00571023444121987,0.00191386086370149,5.16421472396807e-05
1.00307560756723,-1.7978584724588,-0.00574456776667254,0.00197339076387326,4.91780567211829e-05
1.00307560756723,-1.7978584724588,-0.00574456776667254,0.00197339076387326,4.91780567211829e-05
0.997331039800555,-1.79588508169492,-0.00577598067973795,0.00203278566215292,4.66430008617671e-05
0.997331039800555,-1.79588508169492,-0.00577598067973795,0.00203278566215292,4.66430008617671e-05
0.991555059120818,-1.79385229603277,-0.00580440258735759,0.0020920014078718,4.40452223960698e-05
0.991555059120818,-1.79385229603277,-0.00580440258735759,0.0020920014078718,4.40452223960698e-05
0.98575065653346,-1.7917602946249,-0.00582977053936451,0.00215099586240619,4.13933417799262e-05
0.98575065653346,-1.7917602946249,-0.00582977053936451,0.00215099586240619,4.13933417799262e-05
0.979920885994095,-1.78960929876249,-0.00585202959302455,0.00220972894121108,3.86963103086941e-05
0.979920885994095,-1.78960929876249,-0.00585202959302455,0.00220972894121108,3.86963103086941e-05
0.974068856401071,-1.78739956982128,-0.00587113314121812,0.00226816264160368,3.59633611115833e-05
0.974068856401071,-1.78739956982128,-0.00587113314121812,0.00226816264160368,3.59633611115833e-05
0.968197723259853,-1.78513140717968,-0.0058870432024084,0.00232626105650291,3.32039582969131e-05
0.968197723259853,-1.78513140717968,-0.0058870432024084,0.00232626105650291,3.32039582969131e-05
0.962310680057444,-1.78280514612317,-0.00589973067080496,0.00238399037442694,3.0427744433111e-05
0.962310680057444,-1.78280514612317,-0.00589973067080496,0.00238399037442694,3.0427744433111e-05
0.956410949386639,-1.78042115574875,-0.00590917552530201,0.00244131886613408,2.76444866162658e-05
0.956410949386639,-1.78042115574875,-0.00590917552530201,0.00244131886613408,2.76444866162658e-05
0.950501773861337,-1.77797983688261,-0.00591536699603712,0.00249821685831031,2.48640213271851e-05
0.950501773861337,-1.77797983688261,-0.00591536699603712,0.00249821685831031,2.48640213271851e-05
0.9445864068653,-1.7754816200243,-0.00591830368762514,0.0025546566947372,2.20961983554467e-05
0.9445864068653,-1.7754816200243,-0.00591830368762514,0.0025546566947372,2.20961983554467e-05
0.938668103177675,-1.77292696332957,-0.0059179936583702,0.00261061268549323,1.93508240180894e-05
0.938668103177675,-1.77292696332957,-0.0059179936583702,0.00261061268549323,1.93508240180894e-05
0.932750109519305,-1.77031635064407,-0.00591445445500494,0.00266606104471423,1.66376039111137e-05
0.932750109519305,-1.77031635064407,-0.00591445445500494,0.00266606104471423,1.66376039111137e-05
0.9268356550643,-1.76765028959936,-0.00590771310273308,0.00272097981746944,1.39660855103026e-05
0.9268356550643,-1.76765028959936,-0.00590771310273308,0.00272097981746944,1.39660855103026e-05
0.920927941961567,-1.76492930978189,-0.00589780605059154,0.00277534879647079,1.13456008877721e-05
0.920927941961567,-1.76492930978189,-0.00589780605059154,0.00277534879647079,1.13456008877721e-05
0.915030135910975,-1.76215396098542,-0.00588477907238671,0.00282914942932888,8.78520979476737e-06
0.915030135910975,-1.76215396098542,-0.00588477907238671,0.00282914942932888,8.78520979476737e-06
0.909145356838589,-1.75932481155609,-0.00586868712367206,0.00288236471705217,6.2936435323022e-06
0.909145356838589,-1.75932481155609,-0.00586868712367206,0.00288236471705217,6.2936435323022e-06
0.903276669714917,-1.75644244683904,-0.00584959415551889,0.00293497910466711,3.8792498652648e-06
0.903276669714917,-1.75644244683904,-0.00584959415551889,0.00293497910466711,3.8792498652648e-06
0.897427075559398,-1.75350746773437,-0.00582757288600211,0.00298697836481487,1.54993936414029e-06
0.897427075559398,-1.75350746773437,-0.00582757288600211,0.00298697836481487,1.54993936414029e-06
0.891599502673396,-1.75052048936956,-0.00580270453058185,0.00303834947521375,-6.86866438456314e-07
0.891599502673396,-1.75052048936956,-0.00580270453058185,0.00303834947521375,-6.86866438456314e-07
0.885796798142814,-1.74748213989434,-0.00577507849276149,0.00308908049097711,-2.82428467573807e-06
0.885796798142814,-1.74748213989434,-0.00577507849276149,0.00308908049097711,-2.82428467573807e-06
0.880021719650052,-1.74439305940336,-0.00574479201662226,0.00313916041279749,-4.85601817606669e-06
0.880021719650052,-1.74439305940336,-0.00574479201662226,0.00313916041279749,-4.85601817606669e-06
0.87427692763343,-1.74125389899057,-0.00571194980300604,0.00318857905202319,-6.7763994077855e-06
0.87427692763343,-1.74125389899057,-0.00571194980300604,0.00318857905202319,-6.7763994077855e-06
0.868564977830424,-1.73806531993854,-0.00567666359133234,0.00323732689374223,-8.58043093878488e-06
0.868564977830424,-1.73806531993854,-0.00567666359133234,0.00323732689374223,-8.58043093878488e-06
0.862888314239092,-1.7348279930448,-0.00563905170920065,0.00328539495892999,-1.0263821904684e-05
0.862888314239092,-1.7348279930448,-0.00563905170920065,0.00328539495892999,-1.0263821904684e-05
0.857249262529891,-1.73154259808587,-0.0055992385921011,0.00333277466681348,-1.18230200385717e-05
0.857249262529891,-1.73154259808587,-0.0055992385921011,0.00333277466681348,-1.18230200385717e-05
0.85165002393779,-1.72820982341906,-0.00555735427568493,0.00337945769860548,-1.32552387619982e-05
0.85165002393779,-1.72820982341906,-0.00555735427568493,0.00337945769860548,-1.32552387619982e-05
0.846092669662105,-1.72483036572045,-0.00551353386323206,0.003425435863738,-1.45584789088427e-05
0.846092669662105,-1.72483036572045,-0.00551353386323206,0.003425435863738,-1.45584789088427e-05
0.840579135798873,-1.72140492985671,-0.00546791697102267,0.00347070096973767,-1.57315446362031e-05
0.840579135798873,-1.72140492985671,-0.00546791697102267,0.00347070096973767,-1.57315446362031e-05
0.83511121882785,-1.71793422888698,-0.00542064715443169,0.00351524469685649,-1.67740530762342e-05
0.83511121882785,-1.71793422888698,-0.00542064715443169,0.00351524469685649,-1.67740530762342e-05
0.829690571673419,-1.71441898419012,-0.00537187131765604,0.00355905847859028,-1.76864373518781e-05
0.829690571673419,-1.71441898419012,-0.00537187131765604,0.00355905847859028,-1.76864373518781e-05
0.824318700355762,-1.71085992571153,-0.00532173911004796,0.00360213338918558,-1.84699426383017e-05
0.824318700355762,-1.71085992571153,-0.00532173911004796,0.00360213338918558,-1.84699426383017e-05
0.818996961245715,-1.70725779232234,-0.00527040231208242,0.00364446003916963,-1.9126615052433e-05
0.818996961245715,-1.70725779232234,-0.00527040231208242,0.00364446003916963,-1.9126615052433e-05
0.813726558933632,-1.70361333228318,-0.00521801421400647,0.00368602847983235,-1.96592831272499e-05
0.813726558933632,-1.70361333228318,-0.00521801421400647,0.00368602847983235,-1.96592831272499e-05
0.808508544719626,-1.69992730380334,-0.00516472899023634,0.00372682811764102,-2.00715318140338e-05
0.808508544719626,-1.69992730380334,-0.00516472899023634,0.00372682811764102,-2.00715318140338e-05
0.803343815729389,-1.6962004756857,-0.0051107010725544,0.00376684763946344,-2.03676690515549e-05
0.803343815729389,-1.6962004756857,-0.0051107010725544,0.00376684763946344,-2.03676690515549e-05
0.798233114656835,-1.69243362804624,-0.00505608452515827,0.00380607494934582,-2.05526850655139e-05
0.798233114656835,-1.69243362804624,-0.00505608452515827,0.00380607494934582,-2.05526850655139e-05
0.793177030131677,-1.68862755309689,-0.00500103242454053,0.0038444971175311,-2.06322046515878e-05
0.793177030131677,-1.68862755309689,-0.00500103242454053,0.0038444971175311,-2.06322046515878e-05
0.788175997707136,-1.68478305597936,-0.00494569624716112,0.00388210034230019,-2.06124328818768e-05
0.788175997707136,-1.68478305597936,-0.00494569624716112,0.00388210034230019,-2.06124328818768e-05
0.783230301459975,-1.68090095563706,-0.00489022526776484,0.0039188699251298,-2.05000947867025e-05
0.783230301459975,-1.68090095563706,-0.00489022526776484,0.0039188699251298,-2.05000947867025e-05
0.77834007619221,-1.67698208571193,-0.00483476597113808,0.00395479025952294,-2.03023696897101e-05
0.77834007619221,-1.67698208571193,-0.00483476597113808,0.00395479025952294,-2.03023696897101e-05
0.773505310221072,-1.67302729545241,-0.00477946147998709,0.00398984483379494,-2.0026821067466e-05
0.773505310221072,-1.67302729545241,-0.00477946147998709,0.00398984483379494,-2.0026821067466e-05
0.768725848741085,-1.66903745061861,-0.00472445100149965,0.00402401624791149,-1.96813228393643e-05
0.768725848741085,-1.66903745061861,-0.00472445100149965,0.00402401624791149,-1.96813228393643e-05
0.764001397739585,-1.6650134343707,-0.00466986929503965,0.00405728624439661,-1.92739830811783e-05
0.764001397739585,-1.6650134343707,-0.00466986929503965,0.00405728624439661,-1.92739830811783e-05
0.759331528444546,-1.66095614812631,-0.00461584616329502,0.00408963575326893,-1.88130663973229e-05
0.759331528444546,-1.66095614812631,-0.00461584616329502,0.00408963575326893,-1.88130663973229e-05
0.754715682281251,-1.65686651237304,-0.00456250596904118,0.00412104495067656,-1.83069160286349e-05
0.754715682281251,-1.65686651237304,-0.00456250596904118,0.00412104495067656,-1.83069160286349e-05
0.750153176312209,-1.65274546742236,-0.00450996717956154,0.00415149333088749,-1.7763876907129e-05
0.750153176312209,-1.65274546742236,-0.00450996717956154,0.00415149333088749,-1.7763876907129e-05
0.745643209132648,-1.64859397409147,-0.00445834194059758,0.00418095979115241,-1.71922208476146e-05
0.745643209132648,-1.64859397409147,-0.00445834194059758,0.00418095979115241,-1.71922208476146e-05
0.74118486719205,-1.64441301430032,-0.00440773568154917,0.00420942272881319,-1.66000750498087e-05
0.74118486719205,-1.64441301430032,-0.00440773568154917,0.00420942272881319,-1.66000750498087e-05
0.736777131510501,-1.64020359157151,-0.00435824675345187,0.00423686014989677,-1.59953549419816e-05
0.736777131510501,-1.64020359157151,-0.00435824675345187,0.00423686014989677,-1.59953549419816e-05
0.732418884757049,-1.63596673142161,-0.00430996610110657,0.00426324978835524,-1.53857023658327e-05
0.732418884757049,-1.63596673142161,-0.00430996610110657,0.00426324978835524,-1.53857023658327e-05
0.728108918655943,-1.63170348163325,-0.00426297697056921,0.00428856923495391,-1.47784299092098e-05
0.728108918655943,-1.63170348163325,-0.00426297697056921,0.00428856923495391,-1.47784299092098e-05
0.723845941685374,-1.6274149123983,-0.00421735465302675,0.00431279607476154,-1.41804720935421e-05
0.723845941685374,-1.6274149123983,-0.00421735465302675,0.00431279607476154,-1.41804720935421e-05
0.719628587032347,-1.62310211632354,-0.00417316626588682,0.00433590803209993,-1.3598343943569e-05
0.719628587032347,-1.62310211632354,-0.00417316626588682,0.00433590803209993,-1.3598343943569e-05
0.71545542076646,-1.61876620829144,-0.00413047057175642,0.00435788312169372,-1.30381072497481e-05
0.71545542076646,-1.61876620829144,-0.00413047057175642,0.00435788312169372,-1.30381072497481e-05
0.711324950194704,-1.61440832516975,-0.00408931783576516,0.00437869980477767,-1.25053447029653e-05
0.711324950194704,-1.61440832516975,-0.00408931783576516,0.00437869980477767,-1.25053447029653e-05
0.707235632358938,-1.61002962536497,-0.0040497497215346,0.00439833714881077,-1.20051419251485e-05
0.707235632358938,-1.61002962536497,-0.0040497497215346,0.00439833714881077,-1.20051419251485e-05
0.703185882637404,-1.60563128821616,-0.00401179922589101,0.00441677498937065,-1.1542077127254e-05
0.703185882637404,-1.60563128821616,-0.00401179922589101,0.00441677498937065,-1.1542077127254e-05
0.699174083411513,-1.60121451322679,-0.00397549065224245,0.0044339940928797,-1.11202181026643e-05
0.699174083411513,-1.60121451322679,-0.00397549065224245,0.0044339940928797,-1.11202181026643e-05
0.69519859275927,-1.59678051913391,-0.00394083962236058,0.0044499763187249,-1.07431260478576e-05
0.69519859275927,-1.59678051913391,-0.00394083962236058,0.0044499763187249,-1.07431260478576e-05
0.69125775313691,-1.59233054281518,-0.00390785312615094,0.00446470477934557,-1.04138656455161e-05
0.69125775313691,-1.59233054281518,-0.00390785312615094,0.00446470477934557,-1.04138656455161e-05
0.687349900010759,-1.58786583803584,-0.00387652960877261,0.00447816399686651,-1.01350206677077e-05
0.687349900010759,-1.58786583803584,-0.00387652960877261,0.00447816399686651,-1.01350206677077e-05
0.683473370401986,-1.58338767403897,-0.00384685909433757,0.00449034005490123,-9.90871433311554e-06
0.683473370401986,-1.58338767403897,-0.00384685909433757,0.00449034005490123,-9.90871433311554e-06
0.679626511307649,-1.57889733398407,-0.00381882334524164,0.00450122074419435,-9.73663363202596e-06
0.679626511307649,-1.57889733398407,-0.00381882334524164,0.00450122074419435,-9.73663363202596e-06
0.675807687962407,-1.57439611323987,-0.00379239605601767,0.00451079570078439,-9.62005670338602e-06
0.675807687962407,-1.57439611323987,-0.00379239605601767,0.00451079570078439,-9.62005670338602e-06
0.672015291906389,-1.56988531753909,-0.00376754308045357,0.00451905653552909,-9.55988251611153e-06
0.672015291906389,-1.56988531753909,-0.00376754308045357,0.00451905653552909,-9.55988251611153e-06
0.668247748825936,-1.56536626100356,-0.00374422269057495,0.0045259969537883,-9.55666196259322e-06
0.668247748825936,-1.56536626100356,-0.00374422269057495,0.0045259969537883,-9.55666196259322e-06
0.664503526135361,-1.56084026404977,-0.00372238586594797,0.00453161286424986,-9.61062964243038e-06
0.664503526135361,-1.56084026404977,-0.00372238586594797,0.00453161286424986,-9.61062964243038e-06
0.660781140269413,-1.55630865118552,-0.0037019766116394,0.00453590247589775,-9.72173557272412e-06
0.660781140269413,-1.55630865118552,-0.0037019766116394,0.00453590247589775,-9.72173557272412e-06
0.657079163657773,-1.55177274870963,-0.00368293230303862,0.00453886638228984,-9.8896761870082e-06
0.657079163657773,-1.55177274870963,-0.00368293230303862,0.00453886638228984,-9.8896761870082e-06
0.653396231354735,-1.54723388232734,-0.00366518405564475,0.00454050763239411,-1.01139240600888e-05
0.653396231354735,-1.54723388232734,-0.00366518405564475,0.00454050763239411,-1.01139240600888e-05
0.64973104729909,-1.54269337469494,-0.00364865711782902,0.00454083178732434,-1.03937558366815e-05
0.64973104729909,-1.54269337469494,-0.00364865711782902,0.00454083178732434,-1.03937558366815e-05
0.646082390181261,-1.53815254290762,-0.00363327128446722,0.00453984696249532,-1.07282779999605e-05
0.646082390181261,-1.53815254290762,-0.00363327128446722,0.00453984696249532,-1.07282779999605e-05
0.642449118896794,-1.53361269594512,-0.00361894132928609,0.00453756385476511,-1.11164501365221e-05
0.642449118896794,-1.53361269594512,-0.00361894132928609,0.00453756385476511,-1.11164501365221e-05
0.638830177567508,-1.52907513209036,-0.00360557745369638,0.00453399575429625,-1.15571054548035e-05
0.638830177567508,-1.52907513209036,-0.00360557745369638,0.00453399575429625,-1.15571054548035e-05
0.635224600113811,-1.52454113633606,-0.00359308574984152,0.00452915854100344,-1.20489684537709e-05
0.635224600113811,-1.52454113633606,-0.00359308574984152,0.00452915854100344,-1.20489684537709e-05
0.63163151436397,-1.52001197779506,-0.00358136867555536,0.00452307066552393,-1.25906696517696e-05
0.63163151436397,-1.52001197779506,-0.00358136867555536,0.00452307066552393,-1.25906696517696e-05
0.628050145688414,-1.51548890712953,-0.00357032553889758,0.0045157531148019,-1.31807573654774e-05
0.628050145688414,-1.51548890712953,-0.00357032553889758,0.0045157531148019,-1.31807573654774e-05
0.624479820149517,-1.51097315401473,-0.00355985298991901,0.00450722936252612,-1.38177066519342e-05
0.624479820149517,-1.51097315401473,-0.00355985298991901,0.00450722936252612,-1.38177066519342e-05
0.620919967159598,-1.5064659246522,-0.00354984551733373,0.00449752530471237,-1.44999255336726e-05
0.620919967159598,-1.5064659246522,-0.00354984551733373,0.00449752530471237,-1.44999255336726e-05
0.617370121642264,-1.50196839934749,-0.00354019594777732,0.00448666918086427,-1.52257586771634e-05
0.617370121642264,-1.50196839934749,-0.00354019594777732,0.00448666918086427,-1.52257586771634e-05
0.613829925694487,-1.49748173016663,-0.00353079594538319,0.00447469148125612,-1.59934887572211e-05
0.613829925694487,-1.49748173016663,-0.00353079594538319,0.00447469148125612,-1.59934887572211e-05
0.610299129749104,-1.49300703868537,-0.0035215365094553,0.00446162484097479,-1.68013357355525e-05
0.610299129749104,-1.49300703868537,-0.0035215365094553,0.00446162484097479,-1.68013357355525e-05
0.606777593239648,-1.4885454138444,-0.00351230846804373,0.00444750392151905,-1.76474543923319e-05
0.606777593239648,-1.4885454138444,-0.00351230846804373,0.00444750392151905,-1.76474543923319e-05
0.603265284771605,-1.48409790992288,-0.00350300296533335,0.00443236528075053,-1.85299303710872e-05
0.603265284771605,-1.48409790992288,-0.00350300296533335,0.00443236528075053,-1.85299303710872e-05
0.599762281806271,-1.47966554464213,-0.00349351194081171,0.00441624723214851,-1.94467751074403e-05
0.599762281806271,-1.47966554464213,-0.00349351194081171,0.00441624723214851,-1.94467751074403e-05
0.59626876986546,-1.47524929740998,-0.00348372859827628,0.00439918969432207,-2.03959198995692e-05
0.59626876986546,-1.47524929740998,-0.00348372859827628,0.00439918969432207,-2.03959198995692e-05
0.592785041267183,-1.47085010771566,-0.00347354786283915,0.00438123403187762,-2.13752094755087e-05
0.592785041267183,-1.47085010771566,-0.00347354786283915,0.00438123403187762,-2.13752094755087e-05
0.589311493404344,-1.46646887368378,-0.0034628668241995,0.004362422888744,-2.23823953874967e-05
0.589311493404344,-1.46646887368378,-0.0034628668241995,0.004362422888744,-2.23823953874967e-05
0.585848626580145,-1.46210645079504,-0.00345158516454991,0.00434280001509113,-2.34151295062822e-05
0.585848626580145,-1.46210645079504,-0.00345158516454991,0.00434280001509113,-2.34151295062822e-05
0.582397041415595,-1.45776365077994,-0.003439605569585,0.00432241008905887,-2.44709578995578e-05
0.582397041415595,-1.45776365077994,-0.003439605569585,0.00432241008905887,-2.44709578995578e-05
0.57895743584601,-1.45344124069089,-0.00342683412121747,0.00430129853452277,-2.55473153873914e-05
0.57895743584601,-1.45344124069089,-0.00342683412121747,0.00430129853452277,-2.55473153873914e-05
0.575530601724792,-1.44913994215636,-0.00341318067072927,0.00427951133610049,-2.66415210429779e-05
0.575530601724792,-1.44913994215636,-0.00341318067072927,0.00427951133610049,-2.66415210429779e-05
0.572117421054063,-1.44486043082026,-0.00339855919118015,0.00425709485259462,-2.77507748519005e-05
0.572117421054063,-1.44486043082026,-0.00339855919118015,0.00425709485259462,-2.77507748519005e-05
0.568718861862883,-1.44060333596767,-0.00338288810801501,0.00423409563006905,-2.88721557004396e-05
0.568718861862883,-1.44060333596767,-0.00338288810801501,0.00423409563006905,-2.88721557004396e-05
0.565335973754868,-1.4363692403376,-0.00336609060696358,0.00421056021574207,-3.00026208926154e-05
0.565335973754868,-1.4363692403376,-0.00336609060696358,0.00421056021574207,-3.00026208926154e-05
0.561969883147904,-1.43215868012186,-0.00334809491841359,0.00418653497383392,-3.11390073920092e-05
0.561969883147904,-1.43215868012186,-0.00334809491841359,0.00418653497383392,-3.11390073920092e-05
0.558621788229491,-1.42797214514802,-0.00332883457756628,0.00416206590438795,-3.22780347812744e-05
0.558621788229491,-1.42797214514802,-0.00332883457756628,0.00416206590438795,-3.22780347812744e-05
0.555292953651924,-1.42381007924363,-0.00330824865980495,0.00413719846618466,-3.34163101315304e-05
0.555292953651924,-1.42381007924363,-0.00330824865980495,0.00413719846618466,-3.34163101315304e-05
0.551984704992119,-1.41967288077745,-0.00328628199079051,0.00411197740470004,-3.4550334780812e-05
0.551984704992119,-1.41967288077745,-0.00328628199079051,0.00411197740470004,-3.4550334780812e-05
0.548698423001329,-1.41556090337275,-0.00326288533093788,0.00408644658604906,-3.56765131173551e-05
0.548698423001329,-1.41556090337275,-0.00326288533093788,0.00408644658604906,-3.56765131173551e-05
0.545435537670391,-1.4114744567867,-0.00323801553400072,0.00406064883773394,-3.67911632878455e-05
0.545435537670391,-1.4114744567867,-0.00323801553400072,0.00406064883773394,-3.67911632878455e-05
0.54219752213639,-1.40741380794897,-0.00321163567960947,0.00403462579704583,-3.78905298705915e-05
0.54219752213639,-1.40741380794897,-0.00321163567960947,0.00403462579704583,-3.78905298705915e-05
0.538985886456781,-1.40337918215192,-0.00318371517969362,0.00400841776783367,-3.89707984617457e-05
0.538985886456781,-1.40337918215192,-0.00318371517969362,0.00400841776783367,-3.89707984617457e-05
0.535802171277087,-1.39937076438409,-0.00315422985883329,0.00398206358627973,-4.00281121163667e-05
0.535802171277087,-1.39937076438409,-0.00315422985883329,0.00398206358627973,-4.00281121163667e-05
0.532647941418254,-1.39538870079781,-0.00312316200865137,0.00395560049626398,-4.1058589495521e-05
0.532647941418254,-1.39538870079781,-0.00312316200865137,0.00395560049626398,-4.1058589495521e-05
0.529524779409603,-1.39143310030154,-0.00309050041646364,0.00392906403489657,-4.20583447570131e-05
0.529524779409603,-1.39143310030154,-0.00309050041646364,0.00392906403489657,-4.20583447570131e-05
0.526434278993139,-1.38750403626665,-0.00305624036844754,0.00390248792858139,-4.30235089652394e-05
0.526434278993139,-1.38750403626665,-0.00305624036844754,0.00390248792858139,-4.30235089652394e-05
0.523378038624691,-1.38360154833807,-0.00302038362768542,0.00387590400002735,-4.39502529401229e-05
0.523378038624691,-1.38360154833807,-0.00302038362768542,0.00387590400002735,-4.39502529401229e-05
0.520357654997006,-1.37972564433804,-0.00298293838753072,0.00384934208647336,-4.48348114239303e-05
0.520357654997006,-1.37972564433804,-0.00298293838753072,0.00384934208647336,-4.48348114239303e-05
0.517374716609475,-1.37587630225156,-0.00294391920077319,0.00382282996932615,-4.56735083681943e-05
0.517374716609475,-1.37587630225156,-0.00294391920077319,0.00382282996932615,-4.56735083681943e-05
0.514430797408702,-1.37205347228224,-0.00290334688513449,0.00379639331539861,-4.64627831760168e-05
0.514430797408702,-1.37205347228224,-0.00290334688513449,0.00379639331539861,-4.64627831760168e-05
0.511527450523568,-1.36825707896684,-0.00286124840570856,0.00377005562984167,-4.71992177451868e-05
0.511527450523568,-1.36825707896684,-0.00286124840570856,0.00377005562984167,-4.71992177451868e-05
0.508666202117859,-1.364487023337,-0.00281765673500545,0.00374383822076707,-4.78795641653063e-05
0.508666202117859,-1.364487023337,-0.00281765673500545,0.00374383822076707,-4.78795641653063e-05
0.505848545382854,-1.36074318511623,-0.00277261069127688,0.00371776017545256,-4.85007727702427e-05
0.505848545382854,-1.36074318511623,-0.00277261069127688,0.00371776017545256,-4.85007727702427e-05
0.503075934691577,-1.35702542494078,-0.00272615475588955,0.00369183834803422,-4.90600203477522e-05
0.503075934691577,-1.35702542494078,-0.00272615475588955,0.00369183834803422,-4.90600203477522e-05
0.500349779935687,-1.35333358659274,-0.00267833887052016,0.00366608735851548,-4.9554738312506e-05
0.500349779935687,-1.35333358659274,-0.00267833887052016,0.00366608735851548,-4.9554738312506e-05
0.497671441065167,-1.34966749923423,-0.00262921821499429,0.00364051960278933,-4.99826405528508e-05
0.497671441065167,-1.34966749923423,-0.00262921821499429,0.00364051960278933,-4.99826405528508e-05
0.495042222850173,-1.34602697963144,-0.00257885296660398,0.00361514527335949,-5.03417506331769e-05
0.495042222850173,-1.34602697963144,-0.00257885296660398,0.00361514527335949,-5.03417506331769e-05
0.492463369883569,-1.34241183435808,-0.0025273080417772,0.00358997239042402,-5.06304281125258e-05
0.492463369883569,-1.34241183435808,-0.0025273080417772,0.00358997239042402,-5.06304281125258e-05
0.489936061841791,-1.33882186196766,-0.00247465282101789,0.00356500684283434,-5.08473935933876e-05
0.489936061841791,-1.33882186196766,-0.00247465282101789,0.00356500684283434,-5.08473935933876e-05
0.487461409020774,-1.33525685512482,-0.00242096085803267,0.00354025243848066,-5.09917521414934e-05
0.487461409020774,-1.33525685512482,-0.00242096085803267,0.00354025243848066,-5.09917521414934e-05
0.485040448162741,-1.33171660268634,-0.00236630957400435,0.00351571096359726,-5.10630147362405e-05
0.485040448162741,-1.33171660268634,-0.00236630957400435,0.00351571096359726,-5.10630147362405e-05
0.482674138588737,-1.32820089172274,-0.00231077993800732,0.00349138225038259,-5.10611172776449e-05
0.482674138588737,-1.32820089172274,-0.00231077993800732,0.00349138225038259,-5.10611172776449e-05
0.480363358650729,-1.32470950947236,-0.0022544561345692,0.00346726425238852,-5.09864367555513e-05
0.480363358650729,-1.32470950947236,-0.0022544561345692,0.00346726425238852,-5.09864367555513e-05
0.47810890251616,-1.32124224521997,-0.00219742521943483,0.00344335312704658,-5.0839804118478e-05
0.47810890251616,-1.32124224521997,-0.00219742521943483,0.00344335312704658,-5.0839804118478e-05
0.475911477296725,-1.31779889209293,-0.00213977676461696,0.00341964332470091,-5.06225133952145e-05
0.475911477296725,-1.31779889209293,-0.00213977676461696,0.00341964332470091,-5.06225133952145e-05
0.473771700532108,-1.31437924876823,-0.00208160249385869,0.00339612768349018,-5.03363266317848e-05
0.473771700532108,-1.31437924876823,-0.00208160249385869,0.00339612768349018,-5.03363266317848e-05
0.47169009803825,-1.31098312108474,-0.00202299590968702,0.00337279752938335,-4.99834741563461e-05
0.47169009803825,-1.31098312108474,-0.00202299590968702,0.00337279752938335,-4.99834741563461e-05
0.469667102128562,-1.30761032355535,-0.00196405191325072,0.00334964278074468,-4.95666498343964e-05
0.469667102128562,-1.30761032355535,-0.00196405191325072,0.00334964278074468,-4.95666498343964e-05
0.467703050215312,-1.30426068077461,-0.00190486641821008,0.00332665205669902,-4.90890009284544e-05
0.467703050215312,-1.30426068077461,-0.00190486641821008,0.00332665205669902,-4.90890009284544e-05
0.465798183797102,-1.30093402871791,-0.00184553595997622,0.00330381278860914,-4.8554112238672e-05
0.465798183797102,-1.30093402871791,-0.00184553595997622,0.00330381278860914,-4.8554112238672e-05
0.463952647837125,-1.2976302159293,-0.00178615730163201,0.00328111133401721,-4.79659843130639e-05
0.463952647837125,-1.2976302159293,-0.00178615730163201,0.00328111133401721,-4.79659843130639e-05
0.462166490535493,-1.29434910459528,-0.00172682703792049,0.00325853309239998,-4.73290057059848e-05
0.462166490535493,-1.29434910459528,-0.00172682703792049,0.00325853309239998,-4.73290057059848e-05
0.460439663497573,-1.29109057150288,-0.00166764119872276,0.0032360626219976,-4.66479191960001e-05
0.460439663497573,-1.29109057150288,-0.00166764119872276,0.0032360626219976,-4.66479191960001e-05
0.45877202229885,-1.28785450888088,-0.00160869485350279,0.00321368375709263,-4.59277820869857e-05
0.45877202229885,-1.28785450888088,-0.00160869485350279,0.00321368375709263,-4.59277820869857e-05
0.457163327445347,-1.28464082512379,-0.00155008171823751,0.00319137972515149,-4.51739209201985e-05
0.457163327445347,-1.28464082512379,-0.00155008171823751,0.00319137972515149,-4.51739209201985e-05
0.45561324572711,-1.28144944539864,-0.00149189376636499,0.00316913326322688,-4.4391881030227e-05
0.45561324572711,-1.28144944539864,-0.00149189376636499,0.00316913326322688,-4.4391881030227e-05
0.454121351960745,-1.27828031213541,-0.00143422084533323,0.00314692673304728,-4.35873715294486e-05
0.454121351960745,-1.27828031213541,-0.00143422084533323,0.00314692673304728,-4.35873715294486e-05
0.452687131115412,-1.27513338540237,-0.00137715030038243,0.00312474223425685,-4.27662065109356e-05
0.452687131115412,-1.27513338540237,-0.00137715030038243,0.00312474223425685,-4.27662065109356e-05
0.451309980815029,-1.27200864316811,-0.00132076660721503,0.00310256171526735,-4.19342432981672e-05
0.451309980815029,-1.27200864316811,-0.00132076660721503,0.00310256171526735,-4.19342432981672e-05
0.449989214207814,-1.26890608145284,-0.00126515101524266,0.00308036708129356,-4.1097318860497e-05
0.449989214207814,-1.26890608145284,-0.00126515101524266,0.00308036708129356,-4.1097318860497e-05
0.448724063192572,-1.26582571437155,-0.001210381203128,0.00305814029907792,-4.02611854800122e-05
0.448724063192572,-1.26582571437155,-0.001210381203128,0.00305814029907792,-4.02611854800122e-05
0.447513681989444,-1.26276757407247,-0.00115653094834628,0.00303586349790486,-3.94314468911213e-05
0.447513681989444,-1.26276757407247,-0.00115653094834628,0.00303586349790486,-3.94314468911213e-05
0.446357151041097,-1.25973171057457,-0.0011036698125072,0.00301351906652414,-3.86134961432743e-05
0.446357151041097,-1.25973171057457,-0.0011036698125072,0.00301351906652414,-3.86134961432743e-05
0.44525348122859,-1.25671819150804,-0.00105186284419556,0.00299108974562845,-3.78124563997755e-05
0.44525348122859,-1.25671819150804,-0.00105186284419556,0.00299108974562845,-3.78124563997755e-05
0.444201618384395,-1.25372710176241,-0.00100117030105085,0.00296855871561053,-3.70331259258202e-05
0.444201618384395,-1.25372710176241,-0.00100117030105085,0.00296855871561053,-3.70331259258202e-05
0.443200448083344,-1.2507585430468,-0.000951647392786914,0.00294590967930075,-3.62799282740732e-05
0.443200448083344,-1.2507585430468,-0.000951647392786914,0.00294590967930075,-3.62799282740732e-05
0.442248800690557,-1.2478126333675,-0.000903344046829568,0.00292312693952668,-3.5556868736691e-05
0.442248800690557,-1.2478126333675,-0.000903344046829568,0.00292312693952668,-3.5556868736691e-05
0.441345456643727,-1.24488950642798,-0.000856304698185872,0.00290019547128662,-3.48674978209035e-05
0.441345456643727,-1.24488950642798,-0.000856304698185872,0.00290019547128662,-3.48674978209035e-05
0.440489151945541,-1.24198931095669,-0.000810568105073017,0.00287710098843985,-3.4214882349508e-05
0.440489151945541,-1.24198931095669,-0.000810568105073017,0.00287710098843985,-3.4214882349508e-05
0.439678583840468,-1.23911220996825,-0.000766167191728839,0.00285383000488726,-3.36015846505908e-05
0.439678583840468,-1.23911220996825,-0.000766167191728839,0.00285383000488726,-3.36015846505908e-05
0.438912416648739,-1.23625837996336,-0.00072312891976728,0.00283036989019236,-3.30296499679917e-05
0.438912416648739,-1.23625837996336,-0.00072312891976728,0.00283036989019236,-3.30296499679917e-05
0.438189287728972,-1.23342801007317,-0.000681474189279385,0.00280670891971102,-3.25006020940213e-05
0.438189287728972,-1.23342801007317,-0.000681474189279385,0.00280670891971102,-3.25006020940213e-05
0.437507813539693,-1.23062130115346,-0.000641217770755376,0.00278283631929988,-3.20154469684855e-05
0.437507813539693,-1.23062130115346,-0.000641217770755376,0.00278283631929988,-3.20154469684855e-05
0.436866595768937,-1.22783846483416,-0.000602368268744657,0.00275874230472262,-3.15746837689394e-05
0.436866595768937,-1.22783846483416,-0.000602368268744657,0.00275874230472262,-3.15746837689394e-05
0.436264227500193,-1.22507972252944,-0.000564928118018393,0.00273441811593322,-3.11783229341445e-05
0.436264227500193,-1.22507972252944,-0.000564928118018393,0.00273441811593322,-3.11783229341445e-05
0.435699299382174,-1.2223453044135,-0.00052889361280456,0.0027098560463823,-3.08259102879253e-05
0.435699299382174,-1.2223453044135,-0.00052889361280456,0.0027098560463823,-3.08259102879253e-05
0.43517040576937,-1.21963544836712,-0.000494254969477859,0.00268504946757919,-3.05165564015606e-05
0.43517040576937,-1.21963544836712,-0.000494254969477859,0.00268504946757919,-3.05165564015606e-05
0.434676150799892,-1.21695039889954,-0.000460996422906257,0.00265999284913088,-3.02489702102243e-05
0.434676150799892,-1.21695039889954,-0.000460996422906257,0.00265999284913088,-3.02489702102243e-05
0.434215154376986,-1.21429040605041,-0.000429096356423242,0.00263468177451087,-3.00214958021757e-05
0.434215154376986,-1.21429040605041,-0.000429096356423242,0.00263468177451087,-3.00214958021757e-05
0.433786058020562,-1.2116557242759,-0.000398527465222231,0.00260911295287403,-2.9832151368188e-05
0.433786058020562,-1.2116557242759,-0.000398527465222231,0.00260911295287403,-2.9832151368188e-05
0.43338753055534,-1.20904661132302,-0.000369256952699959,0.00258328422722065,-2.96786692817537e-05
0.43338753055534,-1.20904661132302,-0.000369256952699959,0.00258328422722065,-2.96786692817537e-05
0.43301827360264,-1.2064633270958,-0.000341246759092417,0.00255719457921244,-2.9558536312512e-05
0.43301827360264,-1.2064633270958,-0.000341246759092417,0.00255719457921244,-2.9558536312512e-05
0.432677026843548,-1.20390613251659,-0.00031445382153622,0.00253084413095461,-2.94690330720055e-05
0.432677026843548,-1.20390613251659,-0.00031445382153622,0.00253084413095461,-2.94690330720055e-05
0.432362573022012,-1.20137528838564,-0.000288830364457315,0.00250423414403977,-2.94072718056652e-05
0.432362573022012,-1.20137528838564,-0.000288830364457315,0.00250423414403977,-2.94072718056652e-05
0.432073742657554,-1.1988710542416,-0.00026432421895245,0.00247736701619972,-2.93702318497377e-05
0.432073742657554,-1.1988710542416,-0.00026432421895245,0.00247736701619972,-2.93702318497377e-05
0.431809418438602,-1.1963936872254,-0.000240879169662589,0.00245024627584889,-2.93547921925382e-05
0.431809418438602,-1.1963936872254,-0.000240879169662589,0.00245024627584889,-2.93547921925382e-05
0.431568539268939,-1.19394344094955,-0.000218435327394295,0.0024228765747456,-2.93577605624774e-05
0.431568539268939,-1.19394344094955,-0.000218435327394295,0.0024228765747456,-2.93577605624774e-05
0.431350103941545,-1.1915205643748,-0.000196929525560885,0.00239526367907317,-2.93758988162644e-05
0.431350103941545,-1.1915205643748,-0.000196929525560885,0.00239526367907317,-2.93758988162644e-05
0.431153174415984,-1.18912530069573,-0.000176295738352372,0.00236741445909683,-2.94059443506321e-05
0.431153174415984,-1.18912530069573,-0.000176295738352372,0.00236741445909683,-2.94059443506321e-05
0.430976878677632,-1.18675788623663,-0.000156465518339532,0.00233933687759524,-2.94446275474628e-05
0.430976878677632,-1.18675788623663,-0.000156465518339532,0.00233933687759524,-2.94446275474628e-05
0.430820413159292,-1.18441854935904,-0.000137368451062048,0.00231103997715043,-2.94886853197162e-05
0.430820413159292,-1.18441854935904,-0.000137368451062048,0.00231103997715043,-2.94886853197162e-05
0.43068304470823,-1.18210750938189,-0.000118932623999701,0.00228253386634147,-2.95348708886467e-05
0.43068304470823,-1.18210750938189,-0.000118932623999701,0.00228253386634147,-2.95348708886467e-05
0.43056411208423,-1.17982497551555,-0.000101085107206855,0.0022538297049135,-2.95799601828825e-05
0.43056411208423,-1.17982497551555,-0.000101085107206855,0.0022538297049135,-2.95799601828825e-05
0.430463026977024,-1.17757114581063,-8.37524427657055e-05,0.00222493968788484,-2.9620755333238e-05
0.430463026977024,-1.17757114581063,-8.37524427657055e-05,0.00222493968788484,-2.9620755333238e-05
0.430379274534258,-1.17534620612275,-6.68611400976848e-05,0.00219587702848068,-2.96540857785211e-05
0.430379274534258,-1.17534620612275,-6.68611400976848e-05,0.00219587702848068,-2.96540857785211e-05
0.43031241339416,-1.17315032909427,-5.03381741018827e-05,0.00216665593977328,-2.96768075412862e-05
0.43031241339416,-1.17315032909427,-5.03381741018827e-05,0.00216665593977328,-2.96768075412862e-05
0.430262075220058,-1.17098367315449,-3.41114830397782e-05,0.00213729161495779,-2.96858015278456e-05
0.430262075220058,-1.17098367315449,-3.41114830397782e-05,0.00213729161495779,-2.96858015278456e-05
0.430227963737019,-1.16884638153954,-1.81104630309625e-05,0.00210780020603663,-2.96779715733314e-05
0.430227963737019,-1.16884638153954,-1.81104630309625e-05,0.00210780020603663,-2.96779715733314e-05
0.430209853273988,-1.1667385813335,-2.26645598666586e-06,0.00207819880074034,-2.96502430781167e-05
0.430209853273988,-1.1667385813335,-2.26645598666586e-06,0.00207819880074034,-2.96502430781167e-05
0.430207586818001,-1.16466038253276,1.34867721660048e-05,0.0020485053975059,-2.95995631540585e-05
0.430207586818001,-1.16466038253276,1.34867721660048e-05,0.0020485053975059,-2.95995631540585e-05
0.430221073590167,-1.16261187713525,2.92125661132681e-05,0.00201873887830439,-2.95229031833312e-05
0.430221073590167,-1.16261187713525,2.92125661132681e-05,0.00201873887830439,-2.95229031833312e-05
0.43025028615628,-1.16059313825695,4.49709317475455e-05,0.0019889189791289,-2.94172647208749e-05
0.43025028615628,-1.16059313825695,4.49709317475455e-05,0.0019889189791289,-2.94172647208749e-05
0.430295257088028,-1.15860421927782,6.08181057530355e-05,0.00195906625795628,-2.92796896563538e-05
0.430295257088028,-1.15860421927782,6.08181057530355e-05,0.00195906625795628,-2.92796896563538e-05
0.430356075193781,-1.15664515301986,7.68061471529968e-05,0.00192920206000569,-2.91072754363961e-05
0.430356075193781,-1.15664515301986,7.68061471529968e-05,0.00192920206000569,-2.91072754363961e-05
0.430432881340934,-1.15471595095986,9.29825536744033e-05,0.00189934848020457,-2.88971962514077e-05
0.430432881340934,-1.15471595095986,9.29825536744033e-05,0.00189934848020457,-2.88971962514077e-05
0.430525863894608,-1.15281660247965,0.000109389905679991,0.00186952832269172,-2.86467308569644e-05
0.430525863894608,-1.15281660247965,0.000109389905679991,0.00186952832269172,-2.86467308569644e-05
0.430635253800288,-1.15094707415696,0.000126065540231146,0.00183976505724193,-2.83532975885589e-05
0.430635253800288,-1.15094707415696,0.000126065540231146,0.00183976505724193,-2.83532975885589e-05
0.430761319340519,-1.14910730909972,0.00014304125772846,0.00181008277251893,-2.80144969146603e-05
0.430761319340519,-1.14910730909972,0.00014304125772846,0.00181008277251893,-2.80144969146603e-05
0.430904360598248,-1.1472972263272,0.000160343063366986,0.00178050612611491,-2.76281617629787e-05
0.430904360598248,-1.1472972263272,0.000160343063366986,0.00178050612611491,-2.76281617629787e-05
0.431064703661615,-1.14551672020109,0.000177990945463669,0.00175106029125405,-2.71924153016649e-05
0.431064703661615,-1.14551672020109,0.000177990945463669,0.00175106029125405,-2.71924153016649e-05
0.431242694607078,-1.14376565990983,0.000195998692490151,0.00172177090021397,-2.6705735771216e-05
0.431242694607078,-1.14376565990983,0.000195998692490151,0.00172177090021397,-2.6705735771216e-05
0.431438693299569,-1.14204388900962,0.000214373750407115,0.00169266398442192,-2.61670273703227e-05
0.431438693299569,-1.14204388900962,0.000214373750407115,0.00169266398442192,-2.61670273703227e-05
0.431653067049976,-1.1403512250252,0.000233117121664128,0.0016637659112535,-2.55756957336832e-05
0.431653067049976,-1.1403512250252,0.000233117121664128,0.0016637659112535,-2.55756957336832e-05
0.43188618417164,-1.13868745911394,0.000252223306988542,0.00163510331761518,-2.49317261221339e-05
0.43188618417164,-1.13868745911394,0.000252223306988542,0.00163510331761518,-2.49317261221339e-05
0.432138407478628,-1.13705235579633,0.000271680290773679,0.00160670304033861,-2.42357617209954e-05
0.432138407478628,-1.13705235579633,0.000271680290773679,0.00160670304033861,-2.42357617209954e-05
0.432410087769402,-1.13544565275599,0.00029146957063958,0.00157859204351651,-2.34891789694569e-05
0.432410087769402,-1.13544565275599,0.00029146957063958,0.00157859204351651,-2.34891789694569e-05
0.432701557340042,-1.13386706071247,0.00031156623143419,0.00155079734292829,-2.2694156240022e-05
0.432701557340042,-1.13386706071247,0.00031156623143419,0.00155079734292829,-2.2694156240022e-05
0.433013123571476,-1.13231626336954,0.000331939063672793,0.00152334592779679,-2.18537318413829e-05
0.433013123571476,-1.13231626336954,0.000331939063672793,0.00152334592779679,-2.18537318413829e-05
0.433345062635149,-1.13079291744175,0.000352550726077538,0.00149626468013397,-2.09718470103864e-05
0.433345062635149,-1.13079291744175,0.000352550726077538,0.00149626468013397,-2.09718470103864e-05
0.433697613361226,-1.12929665276161,0.000373357951630127,0.00146958029195643,-2.00533693969045e-05
0.433697613361226,-1.12929665276161,0.000373357951630127,0.00146958029195643,-2.00533693969045e-05
0.434070971312856,-1.12782707246966,0.000394311796209579,0.00144331918078833,-1.9104092849208e-05
0.434070971312856,-1.12782707246966,0.000394311796209579,0.00144331918078833,-1.9104092849208e-05
0.434465283109066,-1.12638375328887,0.000415357928618632,0.00141750740389446,-1.81307098044384e-05
0.434465283109066,-1.12638375328887,0.000415357928618632,0.00141750740389446,-1.81307098044384e-05
0.434880641037684,-1.12496624588497,0.000436436960508768,0.00139217057175367,-1.71407534516521e-05
0.434880641037684,-1.12496624588497,0.000436436960508768,0.00139217057175367,-1.71407534516521e-05
0.435317077998193,-1.12357407531322,0.00045748481439889,0.00136733376138576,-1.61425081186078e-05
0.435317077998193,-1.12357407531322,0.00045748481439889,0.00136733376138576,-1.61425081186078e-05
0.435774562812592,-1.12220674155183,0.000478433127725331,0.00134302143018505,-1.51448878389442e-05
0.435774562812592,-1.12220674155183,0.000478433127725331,0.00134302143018505,-1.51448878389442e-05
0.436252995940317,-1.12086372012165,0.000499209690597802,0.00131925733098637,-1.41572848750629e-05
0.436252995940317,-1.12086372012165,0.000499209690597802,0.00131925733098637,-1.41572848750629e-05
0.436752205630915,-1.11954446279066,0.000519738914642021,0.00129606442909602,-1.31893916696121e-05
0.436752205630915,-1.11954446279066,0.000519738914642021,0.00129606442909602,-1.31893916696121e-05
0.437271944545557,-1.11824839836157,0.000539942330121945,0.00127346482212287,-1.22510015692656e-05
0.437271944545557,-1.11824839836157,0.000539942330121945,0.00127346482212287,-1.22510015692656e-05
0.437811886875679,-1.11697493353944,0.000559739108263735,0.00125147966343286,-1.1351795076392e-05
0.437811886875679,-1.11697493353944,0.000559739108263735,0.00125147966343286,-1.1351795076392e-05
0.438371625983943,-1.11572345387601,0.000579046605516109,0.00123012909008358,-1.05011194393263e-05
0.438371625983943,-1.11572345387601,0.000579046605516109,0.00123012909008358,-1.05011194393263e-05
0.438950672589459,-1.11449332478593,0.000597780926301306,0.001209432156138,-9.70777008263814e-06
0.438950672589459,-1.11449332478593,0.000597780926301306,0.001209432156138,-9.70777008263814e-06
0.43954845351576,-1.11328389262979,0.000615857500612771,0.00118940677213675,-8.97978209212771e-06
0.43954845351576,-1.11328389262979,0.000615857500612771,0.00118940677213675,-8.97978209212771e-06
0.440164311016373,-1.11209448585765,0.000633191672694156,0.00117006965159905,-8.32423955186758e-06
0.440164311016373,-1.11209448585765,0.000633191672694156,0.00117006965159905,-8.32423955186758e-06
0.440797502689067,-1.11092441620605,0.000649699296925765,0.00115143626524228,-7.74710919870043e-06
0.440797502689067,-1.11092441620605,0.000649699296925765,0.00115143626524228,-7.74710919870043e-06
0.441447201985993,-1.10977297994081,0.000665297336942927,0.00113352080359541,-7.25310332787841e-06
0.441447201985993,-1.10977297994081,0.000665297336942927,0.00113352080359541,-7.25310332787841e-06
0.442112499322936,-1.10863945913722,0.000679904463940395,0.00111633614861728,-6.84557512594481e-06
0.442112499322936,-1.10863945913722,0.000679904463940395,0.00111633614861728,-6.84557512594481e-06
0.442792403786876,-1.1075231229886,0.000693441650107651,0.0010998938547937,-6.52644775271595e-06
0.442792403786876,-1.1075231229886,0.000693441650107651,0.0010998938547937,-6.52644775271595e-06
0.443485845436984,-1.10642322913381,0.000705832753111535,0.00108420414007959,-6.29617674301436e-06
0.443485845436984,-1.10642322913381,0.000705832753111535,0.00108420414007959,-6.29617674301436e-06
0.444191678190096,-1.10533902499373,0.00071700508760586,0.0010692758869304,-6.15374384104112e-06
0.444191678190096,-1.10533902499373,0.00071700508760586,0.0010692758869304,-6.15374384104112e-06
0.444908683277701,-1.1042697491068,0.000726889979764667,0.00105511665356772,-6.09667929615614e-06
0.444908683277701,-1.1042697491068,0.000726889979764667,0.00105511665356772,-6.09667929615614e-06
0.445635573257466,-1.10321463245323,0.000735423300965599,0.00104173269541108,-6.12110881187573e-06
0.445635573257466,-1.10321463245323,0.000735423300965599,0.00104173269541108,-6.12110881187573e-06
0.446370996558432,-1.10217289975782,0.000742545976848363,0.0010291289965354,-6.2218210490348e-06
0.446370996558432,-1.10217289975782,0.000742545976848363,0.0010291289965354,-6.2218210490348e-06
0.44711354253528,-1.10114377076128,0.00074820446814633,0.00101730931082389,-6.39235151220826e-06
0.44711354253528,-1.10114377076128,0.00074820446814633,0.00101730931082389,-6.39235151220826e-06
0.447861747003426,-1.10012646145046,0.000752351219870329,0.00100627621237592,-6.62507902058772e-06
0.447861747003426,-1.10012646145046,0.000752351219870329,0.00100627621237592,-6.62507902058772e-06
0.448614098223297,-1.09912018523808,0.000754945075612357,0.000996031154516075,-6.91133127425723e-06
0.448614098223297,-1.09912018523808,0.000754945075612357,0.000996031154516075,-6.91133127425723e-06
0.449369043298909,-1.09812415408357,0.000755951654020648,0.000986574536719464,-7.24149685027171e-06
0.449369043298909,-1.09812415408357,0.000755951654020648,0.000986574536719464,-7.24149685027171e-06
0.45012499495293,-1.09713757954685,0.000755343684726295,0.000977905778584587,-7.60514163767353e-06
0.45012499495293,-1.09713757954685,0.000755343684726295,0.000977905778584587,-7.60514163767353e-06
0.450880338637656,-1.09615967376826,0.000753101301309289,0.000970023399842201,-7.99112846638201e-06
0.450880338637656,-1.09615967376826,0.000753101301309289,0.000970023399842201,-7.99112846638201e-06
0.451633439938965,-1.09518965036842,0.000749212289207102,0.000962925105300716,-8.3877394500588e-06
0.451633439938965,-1.09518965036842,0.000749212289207102,0.000962925105300716,-8.3877394500588e-06
0.452382652228172,-1.09422672526312,0.000743672286786956,0.000956607873572324,-8.78280133710251e-06
0.452382652228172,-1.09422672526312,0.000743672286786956,0.000956607873572324,-8.78280133710251e-06
0.453126324514959,-1.09327011738955,0.00073648493815176,0.000951068048323123,-9.16381483776776e-06
0.453126324514959,-1.09327011738955,0.00073648493815176,0.000951068048323123,-9.16381483776776e-06
0.453862809453111,-1.09231904934122,0.000727661996597517,0.000946301430722052,-9.51808945374045e-06
0.453862809453111,-1.09231904934122,0.000727661996597517,0.000946301430722052,-9.51808945374045e-06
0.454590471449709,-1.0913727479105,0.000717223378015164,0.000942303371751274,-9.83288587196453e-06
0.454590471449709,-1.0913727479105,0.000717223378015164,0.000942303371751274,-9.83288587196453e-06
0.455307694827724,-1.09043044453875,0.000705197163842264,0.000939068863048398,-1.00955683245494e-05
0.455307694827724,-1.09043044453875,0.000705197163842264,0.000939068863048398,-1.00955683245494e-05
0.456012891991566,-1.0894913756757,0.000691619553578382,0.000936592624925403,-1.02937694831798e-05
0.456012891991566,-1.0894913756757,0.000691619553578382,0.000936592624925403,-1.02937694831798e-05
0.456704511545144,-1.08855478305078,0.000676534767198034,0.000934869190274634,-1.04155704097701e-05
0.456704511545144,-1.08855478305078,0.000676534767198034,0.000934869190274634,-1.04155704097701e-05
0.457381046312342,-1.0876199138605,0.000659994898145,0.000933892983088214,-1.04496976454948e-05
0.457381046312342,-1.0876199138605,0.000659994898145,0.000933892983088214,-1.04496976454948e-05
0.458041041210487,-1.08668602087741,0.000642059717909149,0.000933658390405379,-1.03857386395219e-05
0.458041041210487,-1.08668602087741,0.000642059717909149,0.000933658390405379,-1.03857386395219e-05
0.458683100928397,-1.08575236248701,0.000622796433508266,0.000934159826646574,-1.0214375453031e-05
0.458683100928397,-1.08575236248701,0.000622796433508266,0.000934159826646574,-1.0214375453031e-05
0.459305897361905,-1.08481820266036,0.000602279399482708,0.000935391789346429,-9.92763459292862e-06
0.459305897361905,-1.08481820266036,0.000602279399482708,0.000935391789346429,-9.92763459292862e-06
0.459908176761388,-1.08388281087101,0.000580589786314756,0.000937348905473145,-9.51914827289173e-06
0.459908176761388,-1.08388281087101,0.000580589786314756,0.000937348905473145,-9.51914827289173e-06
0.460488766547702,-1.08294546196554,0.000557815207427703,0.000940025967658853,-8.98441911260212e-06
0.460488766547702,-1.08294546196554,0.000557815207427703,0.000940025967658853,-8.98441911260212e-06
0.46104658175513,-1.08200543599788,0.000534049307144735,0.000943417959879067,-8.32107667741761e-06
0.46104658175513,-1.08200543599788,0.000534049307144735,0.000943417959879067,-8.32107667741761e-06
0.461580631062275,-1.081062018038,0.000509391312232377,0.000947520072248631,-7.529110429845e-06
0.461580631062275,-1.081062018038,0.000509391312232377,0.000947520072248631,-7.529110429845e-06
0.462090022374507,-1.08011449796575,0.000483945549845433,0.000952327704833777,-6.61106041492275e-06
0.462090022374507,-1.08011449796575,0.000483945549845433,0.000952327704833777,-6.61106041492275e-06
0.462573967924353,-1.07916217026092,0.000457820934845976,0.000957836460503181,-5.57214459670084e-06
0.462573967924353,-1.07916217026092,0.000457820934845976,0.000957836460503181,-5.57214459670084e-06
0.463031788859199,-1.07820433380042,0.00043113042962728,0.000964042127118425,-4.42030153372853e-06
0.463031788859199,-1.07820433380042,0.00043113042962728,0.000964042127118425,-4.42030153372853e-06
0.463462919288826,-1.0772402916733,0.000403990479714955,0.000970940649448249,-3.16612910888046e-06
0.463462919288826,-1.0772402916733,0.000403990479714955,0.000970940649448249,-3.16612910888046e-06
0.463866909768541,-1.07626935102385,0.000376520428505667,0.000978528091450048,-1.82270537852952e-06
0.463866909768541,-1.07626935102385,0.000376520428505667,0.000978528091450048,-1.82270537852952e-06
0.464243430197047,-1.0752908229324,0.000348841914609044,0.000986800589623416,-4.0528568976024e-07
0.464243430197047,-1.0752908229324,0.000348841914609044,0.000986800589623416,-4.0528568976024e-07
0.464592272111656,-1.07430402234278,0.000321078255296037,0.000995754298355189,1.06911910964058e-06
0.464592272111656,-1.07430402234278,0.000321078255296037,0.000995754298355189,1.06911910964058e-06
0.464913350366952,-1.07330826804442,0.000293353819597775,0.00100538532828942,2.58226674087082e-06
0.464913350366952,-1.07330826804442,0.000293353819597775,0.00100538532828942,2.58226674087082e-06
0.465206704186549,-1.07230288271613,0.000265793394650937,0.00101568967880028,4.11528209804985e-06
0.465206704186549,-1.07230288271613,0.000265793394650937,0.00101568967880028,4.11528209804985e-06
0.4654724975812,-1.07128719303733,0.00023852154884646,0.00102666316576405,5.64929389021917e-06
0.4654724975812,-1.07128719303733,0.00023852154884646,0.00102666316576405,5.64929389021917e-06
0.465711019130047,-1.07026052987157,0.000211661995349166,0.00103830134587901,7.16606807070019e-06
0.465711019130047,-1.07026052987157,0.000211661995349166,0.00103830134587901,7.16606807070019e-06
0.465922681125396,-1.06922222852569,0.000185336959509785,0.00105059943878105,8.64859709823391e-06
0.465922681125396,-1.06922222852569,0.000185336959509785,0.00105059943878105,8.64859709823391e-06
0.466108018084906,-1.06817162908691,0.000159666553621984,0.00106355224827714,1.00816089877633e-05
0.466108018084906,-1.06817162908691,0.000159666553621984,0.00106355224827714,1.00816089877633e-05
0.466267684638528,-1.06710807683863,0.000134768162417254,0.0010771540839114,1.14519692975385e-05
0.466267684638528,-1.06710807683863,0.000134768162417254,0.0010771540839114,1.14519692975385e-05
0.466402452800945,-1.06603092275472,0.000110755842588961,0.00109139868418162,1.27489602075369e-05
0.466402452800945,-1.06603092275472,0.000110755842588961,0.00109139868418162,1.27489602075369e-05
0.466513208643534,-1.06493952407054,8.77397395602775e-05,0.00110627914254691,1.39644326787494e-05
0.466513208643534,-1.06493952407054,8.77397395602775e-05,0.00110627914254691,1.39644326787494e-05
0.466600948383094,-1.06383324492799,6.58255245817863e-05,0.00112178783732775,1.50928381294037e-05
0.466600948383094,-1.06383324492799,6.58255245817863e-05,0.00112178783732775,1.50928381294037e-05
0.466666773907676,-1.06271145709066,4.51138550924268e-05,0.00113791636654481,1.61311540354374e-05
0.466666773907676,-1.06271145709066,4.51138550924268e-05,0.00113791636654481,1.61311540354374e-05
0.466711887762768,-1.06157354072412,2.56998611566361e-05,0.00115465548863014,1.70787228907625e-05
0.466711887762768,-1.06157354072412,2.56998611566361e-05,0.00115465548863014,1.70787228907625e-05
0.466737587623925,-1.06041888523549,7.67266065121452e-06,0.00117199506982968,1.79370260414917e-05
0.466737587623925,-1.06041888523549,7.67266065121452e-06,0.00117199506982968,1.79370260414917e-05
0.466745260284576,-1.05924689016566,-8.88509432239726e-06,0.00118992403899498,1.87094135240806e-05
0.466745260284576,-1.05924689016566,-8.88509432239726e-06,0.00118992403899498,1.87094135240806e-05
0.466736375190254,-1.05805696612666,-2.38976374859479e-05,0.00120843035033924,1.94008088723603e-05
0.466736375190254,-1.05805696612666,-2.38976374859479e-05,0.00120843035033924,1.94008088723603e-05
0.466712477552768,-1.05684853577632,-3.72964727464731e-05,0.00122750095459878,2.00174046796416e-05
0.466712477552768,-1.05684853577632,-3.72964727464731e-05,0.00122750095459878,2.00174046796416e-05
0.466675181080021,-1.05562103482173,-4.90207209224991e-05,0.00124712177889652,2.05663611965341e-05
0.466675181080021,-1.05562103482173,-4.90207209224991e-05,0.00124712177889652,2.05663611965341e-05
0.466626160359099,-1.05437391304283,-5.90174271017374e-05,0.00126727771547808,2.10555168574855e-05
0.466626160359099,-1.05437391304283,-5.90174271017374e-05,0.00126727771547808,2.10555168574855e-05
0.466567142931997,-1.05310663532735,-6.7241827063802e-05,0.00128795261937231,2.14931166534838e-05
0.466567142931997,-1.05310663532735,-6.7241827063802e-05,0.00128795261937231,2.14931166534838e-05
0.466499901104933,-1.05181868270798,-7.36575714347376e-05,0.00130912931487925,2.18875619428223e-05
0.466499901104933,-1.05181868270798,-7.36575714347376e-05,0.00130912931487925,2.18875619428223e-05
0.466426243533499,-1.0505095533931,-7.82369064468713e-05,0.00133078961066446,2.22471836550657e-05
0.466426243533499,-1.0505095533931,-7.82369064468713e-05,0.00133078961066446,2.22471836550657e-05
0.466348006627052,-1.04917876378244,-8.09608103903292e-05,0.0013529143232045,2.25800395296943e-05
0.466348006627052,-1.04917876378244,-8.09608103903292e-05,0.0013529143232045,2.25800395296943e-05
0.466267045816661,-1.04782584945923,-8.18190850542799e-05,0.00137548330813519,2.28937355165571e-05
0.466267045816661,-1.04782584945923,-8.18190850542799e-05,0.00137548330813519,2.28937355165571e-05
0.466185226731607,-1.0464503661511,-8.08104016973843e-05,0.00139847549902905,2.31952710818258e-05
0.466185226731607,-1.0464503661511,-8.08104016973843e-05,0.00139847549902905,2.31952710818258e-05
0.46610441632991,-1.04505189065207,-7.79423013070324e-05,0.00142186895304985,2.34909080680536e-05
0.46610441632991,-1.04505189065207,-7.79423013070324e-05,0.00142186895304985,2.34909080680536e-05
0.466026474028603,-1.04363002169902,-7.32311490861948e-05,0.00144564090285204,2.37860628821002e-05
0.466026474028603,-1.04363002169902,-7.32311490861948e-05,0.00144564090285204,2.37860628821002e-05
0.465953242879517,-1.04218438079616,-6.6702043375555e-05,0.00146976781408781,2.40852218416051e-05
0.465953242879517,-1.04218438079616,-6.6702043375555e-05,0.00146976781408781,2.40852218416051e-05
0.465886540836141,-1.04071461298208,-5.83886794314759e-05,0.00149422544784894,2.43918796409258e-05
0.465886540836141,-1.04071461298208,-5.83886794314759e-05,0.00149422544784894,2.43918796409258e-05
0.46582815215671,-1.03922038753423,-4.83331686906285e-05,0.00151898892739233,2.47085008188421e-05
0.46582815215671,-1.03922038753423,-4.83331686906285e-05,0.00151898892739233,2.47085008188421e-05
0.465779818988019,-1.03770139860684,-3.65858143915876e-05,0.0015440328084344,2.50365041534126e-05
0.465779818988019,-1.03770139860684,-3.65858143915876e-05,0.0015440328084344,2.50365041534126e-05
0.465743233173627,-1.0361573657984,-2.32048445985011e-05,0.00156933115237123,2.53762696795503e-05
0.465743233173627,-1.0361573657984,-2.32048445985011e-05,0.00156933115237123,2.53762696795503e-05
0.465720028329029,-1.03458803464603,-8.25610391308462e-06,0.00159485760181544,2.57271677200411e-05
0.465720028329029,-1.03458803464603,-8.25610391308462e-06,0.00159485760181544,2.57271677200411e-05
0.465711772225116,-1.03299317704421,8.18729462259693e-06,0.00162058545787169,2.60876089298594e-05
0.465711772225116,-1.03299317704421,8.18729462259693e-06,0.00162058545787169,2.60876089298594e-05
0.465719959519738,-1.03137259158634,2.60453557511253e-05,0.00164648775859821,2.64551139858586e-05
0.465719959519738,-1.03137259158634,2.60453557511253e-05,0.00164648775859821,2.64551139858586e-05
0.465746004875489,-1.02972610382774,4.52316244661244e-05,0.00167253735820205,2.6826400970146e-05
0.465746004875489,-1.02972610382774,4.52316244661244e-05,0.00167253735820205,2.6826400970146e-05
0.465791236499956,-1.02805356646954,6.56536426504317e-05,0.00169870700650199,2.71974881444789e-05
0.465791236499956,-1.02805356646954,6.56536426504317e-05,0.00169870700650199,2.71974881444789e-05
0.465856890142606,-1.02635485946304,8.72134376292966e-05,0.00172496942828326,2.75638093647128e-05
0.465856890142606,-1.02635485946304,8.72134376292966e-05,0.00172496942828326,2.75638093647128e-05
0.465944103580235,-1.02462989003476,0.000109808040190784,0.0017512974022178,2.7920338981046e-05
0.465944103580235,-1.02462989003476,0.000109808040190784,0.0017512974022178,2.7920338981046e-05
0.466053911620426,-1.02287859263254,0.000133330029509215,0.00177766383898859,2.82617230268015e-05
0.466053911620426,-1.02287859263254,0.000133330029509215,0.00177766383898859,2.82617230268015e-05
0.466187241649935,-1.02110092879355,0.000157668102208464,0.00180404185839467,2.8582413266239e-05
0.466187241649935,-1.02110092879355,0.000157668102208464,0.00180404185839467,2.8582413266239e-05
0.466344909752144,-1.01929688693516,0.000182707662676085,0.00183040486520358,2.88768007485913e-05
0.466344909752144,-1.01929688693516,0.000182707662676085,0.00183040486520358,2.88768007485913e-05
0.46652761741482,-1.01746648206995,0.000208331431605979,0.00185672662353964,2.91393457067021e-05
0.46652761741482,-1.01746648206995,0.000208331431605979,0.00185672662353964,2.91393457067021e-05
0.466735948846426,-1.01560975544641,0.000234420069629204,0.00188298132963571,2.93647009456898e-05
0.466735948846426,-1.01560975544641,0.000234420069629204,0.00188298132963571,2.93647009456898e-05
0.466970368916055,-1.01372677411678,0.00026085281278565,0.00190914368283668,2.95478261939258e-05
0.466970368916055,-1.01372677411678,0.00026085281278565,0.00190914368283668,2.95478261939258e-05
0.467231221728841,-1.01181763043394,0.000287508116516011,0.0019351889547492,2.96840912723836e-05
0.467231221728841,-1.01181763043394,0.000287508116516011,0.0019351889547492,2.96840912723836e-05
0.467518729845357,-1.00988244147919,0.000314264304738132,0.00196109305638692,2.97693665604329e-05
0.467518729845357,-1.00988244147919,0.000314264304738132,0.00196109305638692,2.97693665604329e-05
0.467832994150095,-1.0079213484228,0.000341000220553611,0.00198683260324883,2.98000996514611e-05
0.467832994150095,-1.0079213484228,0.000341000220553611,0.00198683260324883,2.98000996514611e-05
0.468173994370648,-1.00593451581956,0.000367595875064408,0.00201238497829337,2.97733775531353e-05
0.468173994370648,-1.00593451581956,0.000367595875064408,0.00201238497829337,2.97733775531353e-05
0.468541590245713,-1.00392213084126,0.000393933090759802,0.00203772839278349,2.96869741928762e-05
0.468541590245713,-1.00392213084126,0.000393933090759802,0.00203772839278349,2.96869741928762e-05
0.468935523336473,-1.00188440244848,0.000419896135922748,0.00206284194496487,2.95393834602621e-05
0.468935523336473,-1.00188440244848,0.000419896135922748,0.00206284194496487,2.95393834602621e-05
0.469355419472395,-0.999821560503514,0.000445372346522532,0.00208770567661587,2.9329838276141e-05
0.469355419472395,-0.999821560503514,0.000445372346522532,0.00208770567661587,2.9329838276141e-05
0.469800791818918,-0.997733854826898,0.000470252732097665,0.00211230062752221,2.90583164048162e-05
0.469800791818918,-0.997733854826898,0.000470252732097665,0.00211230062752221,2.90583164048162e-05
0.470271044551016,-0.995621554199376,0.00049443256218723,0.00213660888791412,2.8725533919801e-05
0.470271044551016,-0.995621554199376,0.00049443256218723,0.00213660888791412,2.8725533919801e-05
0.470765477113203,-0.993484945311462,0.000517811929917067,0.0021606136488973,2.83329275110895e-05
0.470765477113203,-0.993484945311462,0.000517811929917067,0.0021606136488973,2.83329275110895e-05
0.47128328904312,-0.991324331662565,0.000540296289471276,0.00218429925103947,2.78826266635322e-05
0.47128328904312,-0.991324331662565,0.000540296289471276,0.00218429925103947,2.78826266635322e-05
0.471823585332591,-0.989140032411525,0.000561796964279881,0.00220765123116828,2.73774169332786e-05
0.471823585332591,-0.989140032411525,0.000561796964279881,0.00220765123116828,2.73774169332786e-05
0.472385382296871,-0.986932381180357,0.000582231622899221,0.00223065636748876,2.68206954947528e-05
0.472385382296871,-0.986932381180357,0.000582231622899221,0.00223065636748876,2.68206954947528e-05
0.47296761391977,-0.984701724812868,0.000601524719716306,0.00225330272312185,2.62164201129331e-05
0.47296761391977,-0.984701724812868,0.000601524719716306,0.00225330272312185,2.62164201129331e-05
0.473569138639487,-0.982448422089746,0.000619607897807517,0.00227557968815661,2.55690526297851e-05
0.473569138639487,-0.982448422089746,0.000619607897807517,0.00227557968815661,2.55690526297851e-05
0.474188746537294,-0.98017284240159,0.000636420351471101,0.00229747802027569,2.48834980162487e-05
0.474188746537294,-0.98017284240159,0.000636420351471101,0.00229747802027569,2.48834980162487e-05
0.474825166888765,-0.977875364381314,0.000651909146162588,0.00231898988399093,2.41650400345304e-05
0.474825166888765,-0.977875364381314,0.000651909146162588,0.00231898988399093,2.41650400345304e-05
0.475477076034928,-0.975556374497323,0.000666029493837539,0.00234010888853498,2.34192743549118e-05
0.475477076034928,-0.975556374497323,0.000666029493837539,0.00234010888853498,2.34192743549118e-05
0.476143105528765,-0.973216265608788,0.000678744981952251,0.00236083012431931,2.26520400801134e-05
0.476143105528765,-0.973216265608788,0.000678744981952251,0.00236083012431931,2.26520400801134e-05
0.476821850510718,-0.970855435484469,0.000690027754645717,0.00238115019789242,2.18693505318291e-05
0.476821850510718,-0.970855435484469,0.000690027754645717,0.00238115019789242,2.18693505318291e-05
0.477511878265363,-0.968474285286576,0.000699858644939599,0.00240106726528821,2.10773240698335e-05
0.477511878265363,-0.968474285286576,0.000699858644939599,0.00240106726528821,2.10773240698335e-05
0.478211736910303,-0.966073218021288,0.000708227257120497,0.00242058106356013,2.02821157939334e-05
0.478211736910303,-0.966073218021288,0.000708227257120497,0.00242058106356013,2.02821157939334e-05
0.478919964167423,-0.963652636957728,0.000715131998757779,0.00243969294033075,1.94898508301144e-05
0.478919964167423,-0.963652636957728,0.000715131998757779,0.00243969294033075,1.94898508301144e-05
0.479635096166181,-0.961212944017397,0.000720580062192056,0.00245840588106883,1.8706559966419e-05
0.479635096166181,-0.961212944017397,0.000720580062192056,0.00245840588106883,1.8706559966419e-05
0.480355676228373,-0.958754538136328,0.000724587355644235,0.00247672453380055,1.79381183866329e-05
0.480355676228373,-0.958754538136328,0.000724587355644235,0.00247672453380055,1.79381183866329e-05
0.481080263584017,-0.956277813602528,0.000727178384437699,0.00249465523095527,1.71901881163175e-05
0.481080263584017,-0.956277813602528,0.000727178384437699,0.00249465523095527,1.71901881163175e-05
0.481807441968455,-0.953783158371573,0.00072838608319431,0.00251220600791924,1.64681649395394e-05
0.481807441968455,-0.953783158371573,0.00072838608319431,0.00251220600791924,1.64681649395394e-05
0.482535828051649,-0.951270952363653,0.000728251600201901,0.002529386617933,1.57771304509888e-05
0.482535828051649,-0.951270952363653,0.000728251600201901,0.002529386617933,1.57771304509888e-05
0.483264079651851,-0.94874156574572,0.000726824035508333,0.00254620854296361,1.51218098154351e-05
0.483264079651851,-0.94874156574572,0.000726824035508333,0.00254620854296361,1.51218098154351e-05
0.48399090368736,-0.946195357202757,0.000724160134621343,0.00256268500013701,1.45065358165965e-05
0.48399090368736,-0.946195357202757,0.000724160134621343,0.00256268500013701,1.45065358165965e-05
0.484715063821981,-0.94363267220262,0.000720323939997436,0.00257883094334421,1.39352196729266e-05
0.484715063821981,-0.94363267220262,0.000720323939997436,0.00257883094334421,1.39352196729266e-05
0.485435387761978,-0.941053841259275,0.000715386402796225,0.00259466305962786,1.34113289886385e-05
0.485435387761978,-0.941053841259275,0.000715386402796225,0.00259466305962786,1.34113289886385e-05
0.486150774164775,-0.938459178199648,0.000709424957663629,0.00261019975992338,1.2937873210943e-05
0.486150774164775,-0.938459178199648,0.000709424957663629,0.00261019975992338,1.2937873210943e-05
0.486860199122438,-0.935848978439724,0.000702523063543681,0.00262546116381579,1.25173967183982e-05
0.486860199122438,-0.935848978439724,0.000702523063543681,0.00262546116381579,1.25173967183982e-05
0.487562722185982,-0.933223517275908,0.000694769713735277,0.00264046907792725,1.21519796072215e-05
0.487562722185982,-0.933223517275908,0.000694769713735277,0.00264046907792725,1.21519796072215e-05
0.488257491899717,-0.930583048197981,0.000686258918607574,0.0026552469675839,1.18432460730462e-05
0.488257491899717,-0.930583048197981,0.000686258918607574,0.0026552469675839,1.18432460730462e-05
0.488943750818325,-0.927927801230397,0.000677089164562661,0.00266981992142057,1.1592380126981e-05
0.488943750818325,-0.927927801230397,0.000677089164562661,0.00266981992142057,1.1592380126981e-05
0.489620839982888,-0.925257981308977,0.000667362852948994,0.00268421460860224,1.14001482481654e-05
0.489620839982888,-0.925257981308977,0.000667362852948994,0.00268421460860224,1.14001482481654e-05
0.490288202835837,-0.922573766700374,0.000657185722728604,0.00269845922838718,1.12669284207043e-05
0.490288202835837,-0.922573766700374,0.000657185722728604,0.00269845922838718,1.12669284207043e-05
0.490945388558565,-0.919875307471987,0.000646666260766648,0.00271258345181813,1.11927447649617e-05
0.490945388558565,-0.919875307471987,0.000646666260766648,0.00271258345181813,1.11927447649617e-05
0.491592054819332,-0.917162724020169,0.000635915103648244,0.00272661835531385,1.11773068863837e-05
0.491592054819332,-0.917162724020169,0.000635915103648244,0.00272661835531385,1.11773068863837e-05
0.49222796992298,-0.914436105664855,0.000625044434914568,0.00274059634599477,1.12200529086312e-05
0.49222796992298,-0.914436105664855,0.000625044434914568,0.00274059634599477,1.12200529086312e-05
0.492853014357895,-0.911695509318861,0.000614167381603581,0.00275455107861211,1.13201951368407e-05
0.492853014357895,-0.911695509318861,0.000614167381603581,0.00275455107861211,1.13201951368407e-05
0.493467181739498,-0.908940958240248,0.00060339741389176,0.00276851736409789,1.14767669733761e-05
0.493467181739498,-0.908940958240248,0.00060339741389176,0.00276851736409789,1.14767669733761e-05
0.49407057915339,-0.906172440876151,0.000592847751579972,0.00278253106964776,1.16886699253783e-05
0.49407057915339,-0.906172440876151,0.000592847751579972,0.00278253106964776,1.16886699253783e-05
0.49466342690497,-0.903389909806503,0.000582630781029381,0.00279662901043898,1.19547194074171e-05
0.49466342690497,-0.903389909806503,0.000582630781029381,0.00279662901043898,1.19547194074171e-05
0.495246057685999,-0.900593280796064,0.000572857486000111,0.00281084883315597,1.22736880264866e-05
0.495246057685999,-0.900593280796064,0.000572857486000111,0.00281084883315597,1.22736880264866e-05
0.495818915171999,-0.897782431962908,0.000563636895694941,0.00282522889152703,1.26443451550218e-05
0.495818915171999,-0.897782431962908,0.000563636895694941,0.00282522889152703,1.26443451550218e-05
0.496382552067694,-0.894957203071381,0.000555075553110351,0.00283980811417539,1.30654916409871e-05
0.496382552067694,-0.894957203071381,0.000555075553110351,0.00283980811417539,1.30654916409871e-05
0.496937627620805,-0.892117394957205,0.000547277006588798,0.00285462586513119,1.35359886994668e-05
0.496937627620805,-0.892117394957205,0.000547277006588798,0.00285462586513119,1.35359886994668e-05
0.497484904627393,-0.889262769092074,0.000540341327253668,0.00286972179745493,1.40547801052754e-05
0.497484904627393,-0.889262769092074,0.000540341327253668,0.00286972179745493,1.40547801052754e-05
0.498025245954647,-0.886393047294619,0.000534364654755204,0.0028851357004378,1.46209071169769e-05
0.498025245954647,-0.886393047294619,0.000534364654755204,0.0028851357004378,1.46209071169769e-05
0.498559610609402,-0.883507911594182,0.000529438773501534,0.00290090734097415,1.52335156768323e-05
0.498559610609402,-0.883507911594182,0.000529438773501534,0.00290090734097415,1.52335156768323e-05
0.499089049382904,-0.880607004253207,0.000525650721279969,0.00291707629972526,1.58918557140275e-05
0.499089049382904,-0.880607004253207,0.000525650721279969,0.00291707629972526,1.58918557140275e-05
0.499614700104184,-0.877689927953482,0.000523082431882482,0.00293368180276998,1.6595272622673e-05
0.499614700104184,-0.877689927953482,0.000523082431882482,0.00293368180276998,1.6595272622673e-05
0.500137782536066,-0.874756246150712,0.0005218104130984,0.00295076254950632,1.73431911330516e-05
0.500137782536066,-0.874756246150712,0.0005218104130984,0.00295076254950632,1.73431911330516e-05
0.500659592949165,-0.871805483601206,0.000521905461131844,0.00296835653754923,1.81350922101612e-05
0.500659592949165,-0.871805483601206,0.000521905461131844,0.00296835653754923,1.81350922101612e-05
0.501181498410297,-0.868837127063657,0.000523432412230629,0.00298650088552488,1.89704836822081e-05
0.501181498410297,-0.868837127063657,0.000523432412230629,0.00298650088552488,1.89704836822081e-05
0.501704930822527,-0.865850626178132,0.000526449932020556,0.00300523165466493,1.98488654963931e-05
0.501704930822527,-0.865850626178132,0.000526449932020556,0.00300523165466493,1.98488654963931e-05
0.502231380754548,-0.862845394523467,0.000531010342756599,0.00302458367009828,2.0769690831202e-05
0.502231380754548,-0.862845394523467,0.000531010342756599,0.00302458367009828,2.0769690831202e-05
0.502762391097304,-0.859820810853368,0.000537159488447569,0.00304459034288695,2.17323242479579e-05
0.502762391097304,-0.859820810853368,0.000537159488447569,0.00304459034288695,2.17323242479579e-05
0.503299550585752,-0.856776220510482,0.000544936637520199,0.00306528349381741,2.27359982472777e-05
0.503299550585752,-0.856776220510482,0.000544936637520199,0.00306528349381741,2.27359982472777e-05
0.503844487223272,-0.853710937016664,0.000554374422461423,0.00308669317999133,2.3779769635252e-05
0.503844487223272,-0.853710937016664,0.000554374422461423,0.00308669317999133,2.3779769635252e-05
0.504398861645734,-0.850624243836673,0.000565498815616405,0.00310884752527407,2.4862477090464e-05
0.504398861645734,-0.850624243836673,0.000565498815616405,0.00310884752527407,2.4862477090464e-05
0.50496436046135,-0.847515396311399,0.000578329140113354,0.00313177255562791,2.59827014092622e-05
0.50496436046135,-0.847515396311399,0.000578329140113354,0.00313177255562791,2.59827014092622e-05
0.505542689601463,-0.844383623755771,0.000592878114663131,0.00315549204044119,2.71387296844438e-05
0.505542689601463,-0.844383623755771,0.000592878114663131,0.00315549204044119,2.71387296844438e-05
0.506135567716126,-0.84122813171533,0.000609151930804686,0.00318002734088274,2.83285246500927e-05
0.506135567716126,-0.84122813171533,0.000609151930804686,0.00318002734088274,2.83285246500927e-05
0.506744719646931,-0.838048104374447,0.000627150360983042,0.00320539726631974,2.95497002464769e-05
0.506744719646931,-0.838048104374447,0.000627150360983042,0.00320539726631974,2.95497002464769e-05
0.507371870007914,-0.834842707108127,0.000646866895712139,0.00323161793980675,3.07995042696432e-05
0.507371870007914,-0.834842707108127,0.000646866895712139,0.00323161793980675,3.07995042696432e-05
0.508018736903626,-0.83161108916832,0.000668288907922032,0.00325870267362127,3.20748087435469e-05
0.508018736903626,-0.83161108916832,0.000668288907922032,0.00325870267362127,3.20748087435469e-05
0.508687025811548,-0.828352386494699,0.000691397842497943,0.00328666185576232,3.33721084462201e-05
0.508687025811548,-0.828352386494699,0.000691397842497943,0.00328666185576232,3.33721084462201e-05
0.509378423654046,-0.825065724638937,0.0007161694289467,0.00331550284829196,3.46875278399994e-05
0.509378423654046,-0.825065724638937,0.0007161694289467,0.00331550284829196,3.46875278399994e-05
0.510094593082993,-0.821750221790645,0.000742573915032518,0.00334522989843256,3.60168362172138e-05
0.510094593082993,-0.821750221790645,0.000742573915032518,0.00334522989843256,3.60168362172138e-05
0.510837166998026,-0.818404991892212,0.000770576319229166,0.00337584406314917,3.73554707899446e-05
0.510837166998026,-0.818404991892212,0.000770576319229166,0.00337584406314917,3.73554707899446e-05
0.511607743317255,-0.815029147829063,0.00080013669977963,0.003407343147936,3.86985672348301e-05
0.511607743317255,-0.815029147829063,0.00080013669977963,0.003407343147936,3.86985672348301e-05
0.512407880017034,-0.811621804681127,0.000831210438201224,0.00343972166049877,4.00409968952312e-05
0.512407880017034,-0.811621804681127,0.000831210438201224,0.00343972166049877,4.00409968952312e-05
0.513239090455236,-0.808182083020628,0.00086374853504767,0.00347297077990116,4.13774097571752e-05
0.513239090455236,-0.808182083020628,0.00086374853504767,0.00347297077990116,4.13774097571752e-05
0.514102838990283,-0.804709112240727,0.000897697915811624,0.00350707834167929,4.27022821843622e-05
0.514102838990283,-0.804709112240727,0.000897697915811624,0.00350707834167929,4.27022821843622e-05
0.515000536906095,-0.801202033899048,0.000933001744919615,0.00354202883936006,4.4009968258167e-05
0.515000536906095,-0.801202033899048,0.000933001744919615,0.00354202883936006,4.4009968258167e-05
0.515933538651014,-0.797660005059688,0.000969599745819005,0.00357780344270153,4.52947535372426e-05
0.515933538651014,-0.797660005059688,0.000969599745819005,0.00357780344270153,4.52947535372426e-05
0.516903138396833,-0.794082201616986,0.00100742852524616,0.00361438003285808,4.65509101189531e-05
0.516903138396833,-0.794082201616986,0.00100742852524616,0.00361438003285808,4.65509101189531e-05
0.51791056692208,-0.790467821584128,0.00104642189988002,0.0036517332546212,4.77727518373499e-05
0.51791056692208,-0.790467821584128,0.00104642189988002,0.0036517332546212,4.77727518373499e-05
0.51895698882196,-0.786816088329507,0.00108651122364323,0.00368983458576366,4.89546885233177e-05
0.51895698882196,-0.786816088329507,0.00108651122364323,0.00368983458576366,4.89546885233177e-05
0.520043500045603,-0.783126253743743,0.00112762571405167,0.0037286524233886,5.0091278382704e-05
0.520043500045603,-0.783126253743743,0.00112762571405167,0.0037286524233886,5.0091278382704e-05
0.521171125759655,-0.779397601320355,0.00116969277607437,0.00376815218711357,5.11772776181346e-05
0.521171125759655,-0.779397601320355,0.00116969277607437,0.00376815218711357,5.11772776181346e-05
0.522340818535729,-0.775629449133241,0.00121263832208174,0.00380829643877933,5.2207686582169e-05
0.522340818535729,-0.775629449133241,0.00121263832208174,0.00380829643877933,5.2207686582169e-05
0.523553456857811,-0.771821152694462,0.00125638708656151,0.00384904501826533,5.31777919468073e-05
0.523553456857811,-0.771821152694462,0.00125638708656151,0.00384904501826533,5.31777919468073e-05
0.524809843944372,-0.767972107676197,0.00130086293437826,0.00389035519494541,5.40832043201787e-05
0.524809843944372,-0.767972107676197,0.00130086293437826,0.00389035519494541,5.40832043201787e-05
0.52611070687875,-0.764081752481251,0.00134598916143769,0.00393218183406663,5.49198911259227e-05
0.52611070687875,-0.764081752481251,0.00134598916143769,0.00393218183406663,5.49198911259227e-05
0.527456696040188,-0.760149570647184,0.00139168878668638,0.00397447757734837,5.56842045604878e-05
0.527456696040188,-0.760149570647184,0.00139168878668638,0.00397447757734837,5.56842045604878e-05
0.528848384826874,-0.756175093069836,0.00143788483448681,0.00401719303696779,5.63729045328521e-05
0.528848384826874,-0.756175093069836,0.00143788483448681,0.00401719303696779,5.63729045328521e-05
0.530286269661361,-0.752157900032868,0.00148450060647376,0.00406027700195455,5.69831766486706e-05
0.530286269661361,-0.752157900032868,0.00148450060647376,0.00406027700195455,5.69831766486706e-05
0.531770770267835,-0.748097623030914,0.00153145994208004,0.00410367665593236,5.7512645370429e-05
0.531770770267835,-0.748097623030914,0.00153145994208004,0.00410367665593236,5.7512645370429e-05
0.533302230209915,-0.743993946374981,0.00157868746698542,0.00414733780505494,5.79593825675018e-05
0.533302230209915,-0.743993946374981,0.00157868746698542,0.00414733780505494,5.79593825675018e-05
0.5348809176769,-0.739846608569926,0.00162610882882941,0.00419120511490678,5.83219116113585e-05
0.5348809176769,-0.739846608569926,0.00162610882882941,0.00419120511490678,5.83219116113585e-05
0.53650702650573,-0.73565540345502,0.00167365091959659,0.00423522235495755,5.85992074682374e-05
0.53650702650573,-0.73565540345502,0.00167365091959659,0.00423522235495755,5.85992074682374e-05
0.538180677425326,-0.731420181100062,0.00172124208414282,0.00427933264926594,5.8790692986279e-05
0.538180677425326,-0.731420181100062,0.00172124208414282,0.00427933264926594,5.8790692986279e-05
0.539901919509469,-0.727140848450796,0.0017688123144145,0.00432347873193861,5.88962316881948e-05
0.539901919509469,-0.727140848450796,0.0017688123144145,0.00432347873193861,5.88962316881948e-05
0.541670731823884,-0.722817369718858,0.00181629342898748,0.00436760320577922,5.89161175053535e-05
0.541670731823884,-0.722817369718858,0.00181629342898748,0.00436760320577922,5.89161175053535e-05
0.543487025252871,-0.718449766513078,0.00186361923763845,0.00441164880263012,5.88510616816567e-05
0.543487025252871,-0.718449766513078,0.00186361923763845,0.00441164880263012,5.88510616816567e-05
0.54535064449051,-0.714038117710448,0.00191072569070627,0.00445555864378622,5.87021772088525e-05
0.54535064449051,-0.714038117710448,0.00191072569070627,0.00445555864378622,5.87021772088525e-05
0.547261370181216,-0.709582559066662,0.0019575510131139,0.00449927649887605,5.84709610854219e-05
0.547261370181216,-0.709582559066662,0.0019575510131139,0.00449927649887605,5.84709610854219e-05
0.54921892119433,-0.705083282567786,0.00200403582297226,0.00454274704159818,5.8159274697123e-05
0.54921892119433,-0.705083282567786,0.00200403582297226,0.00454274704159818,5.8159274697123e-05
0.551222957017302,-0.700540535526188,0.00205012323479414,0.00458591610070824,5.77693225887292e-05
0.551222957017302,-0.700540535526188,0.00205012323479414,0.00458591610070824,5.77693225887292e-05
0.553273080252096,-0.69595461942548,0.00209575894740788,0.00462873090467841,5.73036298628753e-05
0.553273080252096,-0.69595461942548,0.00209575894740788,0.00462873090467841,5.73036298628753e-05
0.555368839199504,-0.691325888520801,0.00214089131674711,0.00467114031846316,5.67650184294128e-05
0.555368839199504,-0.691325888520801,0.00214089131674711,0.00467114031846316,5.67650184294128e-05
0.557509730516251,-0.686654748202338,0.00218547141376069,0.00471309507084261,5.61565823284952e-05
0.557509730516251,-0.686654748202338,0.00218547141376069,0.00471309507084261,5.61565823284952e-05
0.559695201930012,-0.681941653131495,0.0022294530677619,0.00475454797087949,5.54816623770278e-05
0.559695201930012,-0.681941653131495,0.0022294530677619,0.00475454797087949,5.54816623770278e-05
0.561924654997774,-0.677187105160616,0.00227279289560489,0.00479545411215088,5.47438201902745e-05
0.561924654997774,-0.677187105160616,0.00227279289560489,0.00479545411215088,5.47438201902745e-05
0.564197447893379,-0.672391651048465,0.00231545031713432,0.00483577106335376,5.39468118882901e-05
0.564197447893379,-0.672391651048465,0.00231545031713432,0.00483577106335376,5.39468118882901e-05
0.566512898210513,-0.667555879985111,0.00235738755741266,0.00487545904412856,5.30945615492976e-05
0.566512898210513,-0.667555879985111,0.00235738755741266,0.00487545904412856,5.30945615492976e-05
0.568870285767926,-0.662680420940983,0.00239856963629115,0.00491448108493675,5.2191134571917e-05
0.568870285767926,-0.662680420940983,0.00239856963629115,0.00491448108493675,5.2191134571917e-05
0.571268855404217,-0.657765939856046,0.00243896434591528,0.00495280316996494,5.1240711136635e-05
0.571268855404217,-0.657765939856046,0.00243896434591528,0.00495280316996494,5.1240711136635e-05
0.573707819750132,-0.652813136686081,0.00247854221684174,0.00499039436218329,5.02475598278714e-05
0.573707819750132,-0.652813136686081,0.00247854221684174,0.00499039436218329,5.02475598278714e-05
0.576186361966974,-0.647822742323898,0.00251727647345723,0.00502722690974478,4.92160115857145e-05
0.576186361966974,-0.647822742323898,0.00251727647345723,0.00502722690974478,4.92160115857145e-05
0.578703638440431,-0.642795515414153,0.00255514297942916,0.00506327633308901,4.81504340557309e-05
0.578703638440431,-0.642795515414153,0.00255514297942916,0.00506327633308901,4.81504340557309e-05
0.58125878141986,-0.637732239081064,0.00259212017397004,0.00509852149218148,4.70552064932529e-05
0.58125878141986,-0.637732239081064,0.00259212017397004,0.00509852149218148,4.70552064932529e-05
0.58385090159383,-0.632633717588882,0.00262818899971018,0.00513294463351011,4.59346953352834e-05
0.58385090159383,-0.632633717588882,0.00262818899971018,0.00513294463351011,4.59346953352834e-05
0.586479090593541,-0.627500772955372,0.0026633328230099,0.0051665314165974,4.47932305106796e-05
0.586479090593541,-0.627500772955372,0.0026633328230099,0.0051665314165974,4.47932305106796e-05
0.58914242341655,-0.622334241538775,0.00269753734755884,0.00519927091988936,4.36350825979304e-05
0.58914242341655,-0.622334241538775,0.00269753734755884,0.00519927091988936,4.36350825979304e-05
0.591839960764109,-0.617134970618886,0.00273079052212388,0.00523115562603149,4.2464440910054e-05
0.591839960764109,-0.617134970618886,0.00273079052212388,0.00523115562603149,4.2464440910054e-05
0.594570751286233,-0.611903814992854,0.00276308244330137,0.00526218138667056,4.12853925860308e-05
0.594570751286233,-0.611903814992854,0.00276308244330137,0.00526218138667056,4.12853925860308e-05
0.597333833729535,-0.606641633606184,0.00279440525414332,0.00529234736703976,4.01019028221589e-05
0.597333833729535,-0.606641633606184,0.00279440525414332,0.00529234736703976,4.01019028221589e-05
0.600128238983678,-0.601349286239144,0.00282475303951002,0.00532165597078094,3.89177962407472e-05
0.600128238983678,-0.601349286239144,0.00282475303951002,0.00532165597078094,3.89177962407472e-05
0.602952992023188,-0.596027630268363,0.00285412171899835,0.00535011274549357,3.77367394872258e-05
0.602952992023188,-0.596027630268363,0.00285412171899835,0.00535011274549357,3.77367394872258e-05
0.605807113742186,-0.590677517522869,0.00288250893826125,0.00537772626965716,3.65622251228938e-05
0.605807113742186,-0.590677517522869,0.00288250893826125,0.00537772626965716,3.65622251228938e-05
0.608689622680447,-0.585299791253212,0.00290991395952178,0.00540450802169201,3.53975568458485e-05
0.608689622680447,-0.585299791253212,0.00290991395952178,0.00540450802169201,3.53975568458485e-05
0.611599536639969,-0.57989528323152,0.0029363375520477,0.00543047223201565,3.42458360832222e-05
0.611599536639969,-0.57989528323152,0.0029363375520477,0.00543047223201565,3.42458360832222e-05
0.614535874192017,-0.574464810999504,0.00296178188331353,0.00545563571905594,3.31099499711243e-05
0.614535874192017,-0.574464810999504,0.00296178188331353,0.00545563571905594,3.31099499711243e-05
0.61749765607533,-0.569009175280448,0.00298625041151768,0.00548001771026674,3.19925607831914e-05
0.61749765607533,-0.569009175280448,0.00298625041151768,0.00548001771026674,3.19925607831914e-05
0.620483906486848,-0.563529157570182,0.00300974778009333,0.00550363964930933,3.08960968017922e-05
0.620483906486848,-0.563529157570182,0.00300974778009333,0.00550363964930933,3.08960968017922e-05
0.623493654266941,-0.558025517920872,0.00303227971479492,0.00552652499061967,2.9822744598498e-05
0.623493654266941,-0.558025517920872,0.00303227971479492,0.00552652499061967,2.9822744598498e-05
0.626525933981736,-0.552498992930253,0.00305385292386651,0.00554869898261556,2.87744427851597e-05
0.626525933981736,-0.552498992930253,0.00305385292386651,0.00554869898261556,2.87744427851597e-05
0.629579786905603,-0.546950293947637,0.00307447500175262,0.00557018844092383,2.77528771634485e-05
0.629579786905603,-0.546950293947637,0.00307447500175262,0.00557018844092383,2.77528771634485e-05
0.632654261907356,-0.541380105506713,0.00309415433672544,0.0055910215130025,2.67594772780265e-05
0.632654261907356,-0.541380105506713,0.00309415433672544,0.0055910215130025,2.67594772780265e-05
0.635748416244081,-0.535789083993711,0.00311290002274822,0.00561122743559761,2.5795414390367e-05
0.635748416244081,-0.535789083993711,0.00311290002274822,0.00561122743559761,2.5795414390367e-05
0.638861316266829,-0.530177856558113,0.00313072177581919,0.00563083628656302,2.48616007550561e-05
0.638861316266829,-0.530177856558113,0.00313072177581919,0.00563083628656302,2.48616007550561e-05
0.641992038042648,-0.52454702027155,0.00314762985495387,0.0056498787325111,2.39586901754196e-05
0.641992038042648,-0.52454702027155,0.00314762985495387,0.0056498787325111,2.39586901754196e-05
0.645139667897602,-0.518897141539039,0.00316363498791261,0.00566838577378825,2.30870798398194e-05
0.645139667897602,-0.518897141539039,0.00316363498791261,0.00566838577378825,2.30870798398194e-05
0.648303302885515,-0.513228755765251,0.00317874830171294,0.00568638848833103,2.22469133795266e-05
0.648303302885515,-0.513228755765251,0.00317874830171294,0.00568638848833103,2.22469133795266e-05
0.651482051187228,-0.50754236727692,0.00319298125789436,0.00570391777595136,2.14380850582967e-05
0.651482051187228,-0.50754236727692,0.00319298125789436,0.00570391777595136,2.14380850582967e-05
0.654675032445122,-0.501838449500968,0.00320634559243937,0.00572100410454968,2.06602450965338e-05
0.654675032445122,-0.501838449500968,0.00320634559243937,0.00572100410454968,2.06602450965338e-05
0.657881378037562,-0.496117445396419,0.00321885326021243,0.00573767725979613,1.99128060239069e-05
0.657881378037562,-0.496117445396419,0.00321885326021243,0.00573767725979613,1.99128060239069e-05
0.661100231297774,-0.490379768136623,0.00323051638369332,0.00575396609975698,1.91949500458729e-05
0.661100231297774,-0.490379768136623,0.00323051638369332,0.00575396609975698,1.91949500458729e-05
0.664330747681467,-0.484625802036866,0.00324134720578073,0.00576989831593433,1.85056373489152e-05
0.664330747681467,-0.484625802036866,0.00324134720578073,0.00576989831593433,1.85056373489152e-05
0.667572094887248,-0.478855903720931,0.003251358046375,0.00578550020214114,1.78436153162043e-05
0.667572094887248,-0.478855903720931,0.003251358046375,0.00578550020214114,1.78436153162043e-05
0.670823452933623,-0.47307040351879,0.00326056126238816,0.00580079643263393,1.72074285977562e-05
0.670823452933623,-0.47307040351879,0.00326056126238816,0.00580079643263393,1.72074285977562e-05
0.674084014196011,-0.467269607086156,0.00326896921082731,0.00581580985085645,1.65954299498946e-05
0.674084014196011,-0.467269607086156,0.00326896921082731,0.00581580985085645,1.65954299498946e-05
0.677352983406838,-0.4614537972353,0.00327659421457194,0.00583056127005288,1.60057918171886e-05
0.677352983406838,-0.4614537972353,0.00327659421457194,0.00583056127005288,1.60057918171886e-05
0.68062957762141,-0.455623235965247,0.00328344853042151,0.00584506928698791,1.54365186593591e-05
0.68062957762141,-0.455623235965247,0.00328344853042151,0.00584506928698791,1.54365186593591e-05
0.683913026151832,-0.449778166678259,0.00328954431901918,0.00585935010997668,1.48854598912397e-05
0.683913026151832,-0.449778166678259,0.00328954431901918,0.00585935010997668,1.48854598912397e-05
0.687202570470851,-0.443918816568282,0.00329489361622459,0.00587341740227021,1.43503234831324e-05
0.687202570470851,-0.443918816568282,0.00329489361622459,0.00587341740227021,1.43503234831324e-05
0.690497464087076,-0.438045399166012,0.0032995083055104,0.00588728214186668,1.38286900883619e-05
0.690497464087076,-0.438045399166012,0.0032995083055104,0.00588728214186668,1.38286900883619e-05
0.693796972392586,-0.432158117024145,0.00330340009100938,0.00590095249860462,1.33180277318169e-05
0.693796972392586,-0.432158117024145,0.00330340009100938,0.00590095249860462,1.33180277318169e-05
0.697100372483595,-0.426257164525541,0.00330658047080656,0.00591443372941641,1.28157069784716e-05
0.697100372483595,-0.426257164525541,0.00330658047080656,0.00591443372941641,1.28157069784716e-05
0.700406952954402,-0.420342730796124,0.00330906071012216,0.005927728092462,1.23190165323217e-05
0.700406952954402,-0.420342730796124,0.00330906071012216,0.005927728092462,1.23190165323217e-05
0.703716013664524,-0.414415002703662,0.00331085181406776,0.00594083478074725,1.18251791926555e-05
0.703716013664524,-0.414415002703662,0.00331085181406776,0.00594083478074725,1.18251791926555e-05
0.707026865478592,-0.408474167922915,0.0033119644996541,0.00595374987571229,1.13313682034051e-05
0.707026865478592,-0.408474167922915,0.0033119644996541,0.00595374987571229,1.13313682034051e-05
0.710338829978246,-0.402520418047203,0.00331240916680897,0.00596646632123365,1.0834723847105e-05
0.710338829978246,-0.402520418047203,0.00331240916680897,0.00596646632123365,1.0834723847105e-05
0.713651239145055,-0.396553951725969,0.00331219586820763,0.00597897391825442,1.03323702752758e-05
0.713651239145055,-0.396553951725969,0.00331219586820763,0.00597897391825442,1.03323702752758e-05
0.716963435013263,-0.390574977807715,0.00331133427776986,0.00599125934018563,9.82143248259328e-06
0.716963435013263,-0.390574977807715,0.00331133427776986,0.00599125934018563,9.82143248259328e-06
0.720274769291033,-0.384583718467529,0.00330983365772786,0.0060033061690602,9.29905335535133e-06
0.720274769291033,-0.384583718467529,0.00330983365772786,0.0060033061690602,9.29905335535133e-06
0.72358460294876,-0.378580412298469,0.00330770282423942,0.0060150949522777,8.7624107669047e-06
0.72358460294876,-0.378580412298469,0.00330770282423942,0.0060150949522777,8.7624107669047e-06
0.726892305773,-0.372565317346191,0.00330495011158538,0.00602660327969351,8.20873463810209e-06
0.726892305773,-0.372565317346191,0.00330495011158538,0.00602660327969351,8.20873463810209e-06
0.730197255884585,-0.366538714066498,0.00330158333505459,0.00603780588066366,7.63532385254697e-06
0.730197255884585,-0.366538714066498,0.00330158333505459,0.00603780588066366,7.63532385254697e-06
0.73349883921964,-0.360500908185834,0.00329760975269033,0.00604867474048665,7.03956294876521e-06
0.73349883921964,-0.360500908185834,0.00329760975269033,0.00604867474048665,7.03956294876521e-06
0.73679644897233,-0.354452233445347,0.0032930360261253,0.00605917923556593,6.41893858829238e-06
0.73679644897233,-0.354452233445347,0.0032930360261253,0.00605917923556593,6.41893858829238e-06
0.740089484998455,-0.348393054209782,0.00328786818080795,0.00606928628658188,5.77105557676184e-06
0.740089484998455,-0.348393054209782,0.00328786818080795,0.00606928628658188,5.77105557676184e-06
0.743377353179263,-0.3423237679232,0.00328211156597691,0.00607896052869294,5.09365247534574e-06
0.743377353179263,-0.3423237679232,0.00328211156597691,0.00607896052869294,5.09365247534574e-06
0.74665946474524,-0.336244807394507,0.00327577081481567,0.00608816449780758,4.38461660059227e-06
0.74665946474524,-0.336244807394507,0.00327577081481567,0.00608816449780758,4.38461660059227e-06
0.749935235560056,-0.330156642896699,0.00326884980524189,0.00609685883175343,3.64199843614233e-06
0.749935235560056,-0.330156642896699,0.00326884980524189,0.00609685883175343,3.64199843614233e-06
0.753204085365298,-0.324059784064946,0.00326135162185348,0.0061050024851913,2.86402527788221e-06
0.753204085365298,-0.324059784064946,0.00326135162185348,0.0061050024851913,2.86402527788221e-06
0.756465436987151,-0.317954781579754,0.00325327851960222,0.00611255295692831,2.04911409761466e-06
0.756465436987151,-0.317954781579754,0.00325327851960222,0.00611255295692831,2.04911409761466e-06
0.759718715506754,-0.311842228622826,0.0032446318897581,0.00611946652831014,1.19588347385555e-06
0.759718715506754,-0.311842228622826,0.0032446318897581,0.00611946652831014,1.19588347385555e-06
0.762963347396512,-0.305722762094516,0.0032354122288073,0.00612569851119904,3.03164555640924e-07
0.762963347396512,-0.305722762094516,0.0032354122288073,0.00612569851119904,3.03164555640924e-07
0.766198759625319,-0.299597063583317,0.00322561911092512,0.00613120350404844,-6.29989060196845e-07
0.766198759625319,-0.299597063583317,0.00322561911092512,0.00613120350404844,-6.29989060196845e-07
0.769424378736244,-0.293465860079269,0.00321525116466082,0.006135935654494,-1.60429257515214e-06
0.769424378736244,-0.293465860079269,0.00321525116466082,0.006135935654494,-1.60429257515214e-06
0.772639629900905,-0.287329924424775,0.00320430605449729,0.00613984892686653,-2.62022244333637e-06
0.772639629900905,-0.287329924424775,0.00320430605449729,0.00613984892686653,-2.62022244333637e-06
0.775843935955402,-0.281190075497908,0.00319278046793181,0.00614289737298424,-3.67801009643672e-06
0.775843935955402,-0.281190075497908,0.00319278046793181,0.00614289737298424,-3.67801009643672e-06
0.779036716423334,-0.275047178124924,0.00318067010872525,0.00614503540454642,-4.77763699006321e-06
0.779036716423334,-0.275047178124924,0.00318067010872525,0.00614503540454642,-4.77763699006321e-06
0.782217386532059,-0.268902142720377,0.00316796969694511,0.00614621806543814,-5.91883101645242e-06
0.782217386532059,-0.268902142720377,0.00316796969694511,0.00614621806543814,-5.91883101645242e-06
0.785385356229004,-0.262755924654939,0.00315467297639382,0.0061464013022503,-7.1010643043351e-06
0.785385356229004,-0.262755924654939,0.00315467297639382,0.0061464013022503,-7.1010643043351e-06
0.788540029205398,-0.256609523352689,0.00314077272998536,0.00614554223133473,-8.32355240302715e-06
0.788540029205398,-0.256609523352689,0.00314077272998536,0.00614554223133473,-8.32355240302715e-06
0.791680801935383,-0.250463981121354,0.00312626080357192,0.00614359940076684,-9.58525490597252e-06
0.791680801935383,-0.250463981121354,0.00312626080357192,0.00614359940076684,-9.58525490597252e-06
0.794807062738955,-0.244320381720587,0.00311112813869519,0.00614053304555401,-1.0884877484553e-05
0.794807062738955,-0.244320381720587,0.00311112813869519,0.00614053304555401,-1.0884877484553e-05
0.797918190877651,-0.238179848675033,0.00309536481466433,0.00613630533450588,-1.22208753316009e-05
0.797918190877651,-0.238179848675033,0.00309536481466433,0.00613630533450588,-1.22208753316009e-05
0.801013555692315,-0.232043543340527,0.00307896010028441,0.00613088060722655,-1.35914579900984e-05
0.801013555692315,-0.232043543340527,0.00307896010028441,0.00613088060722655,-1.35914579900984e-05
0.804092515792599,-0.225912662733301,0.00306190251551508,0.00612422559973769,-1.49945955188269e-05
0.804092515792599,-0.225912662733301,0.00306190251551508,0.00612422559973769,-1.49945955188269e-05
0.807154418308114,-0.219788437133563,0.00304417990323946,0.00611630965734075,-1.64280259895939e-05
0.807154418308114,-0.219788437133563,0.00304417990323946,0.00611630965734075,-1.64280259895939e-05
0.810198598211354,-0.213672127476222,0.0030257795112496,0.00610710493336186,-1.78892642217713e-05
0.810198598211354,-0.213672127476222,0.0030257795112496,0.00610710493336186,-1.78892642217713e-05
0.813224377722603,-0.207565022542861,0.00300668808446958,0.00609658657256004,-1.93756117364829e-05
0.813224377722603,-0.207565022542861,0.00300668808446958,0.00609658657256004,-1.93756117364829e-05
0.816231065807073,-0.201468435970301,0.00298689196732171,0.00608473287804506,-2.08841678080024e-05
0.816231065807073,-0.201468435970301,0.00298689196732171,0.00608473287804506,-2.08841678080024e-05
0.819217957774395,-0.195383703092255,0.00296637721607174,0.00607152546070938,-2.24118416552836e-05
0.819217957774395,-0.195383703092255,0.00296637721607174,0.00607152546070938,-2.24118416552836e-05
0.822184334990467,-0.189312177631546,0.00294512972087957,0.00605694937017259,-2.39553656016757e-05
0.822184334990467,-0.189312177631546,0.00294512972087957,0.00605694937017259,-2.39553656016757e-05
0.825129464711346,-0.183255228261373,0.00292313533717437,0.00604099320647089,-2.55113091537874e-05
0.825129464711346,-0.183255228261373,0.00292313533717437,0.00604099320647089,-2.55113091537874e-05
0.82805260004852,-0.177214235054903,0.00290038002587245,0.00602364921181869,-2.70760939100482e-05
0.82805260004852,-0.177214235054903,0.00290038002587245,0.00602364921181869,-2.70760939100482e-05
0.830952980074393,-0.171190585843084,0.00287685000184978,0.00600491334191577,-2.86460092694639e-05
0.830952980074393,-0.171190585843084,0.00287685000184978,0.00600491334191577,-2.86460092694639e-05
0.833829830076243,-0.165185672501168,0.00285253189000123,0.00598478531634325,-3.02172288093143e-05
0.833829830076243,-0.165185672501168,0.00285253189000123,0.00598478531634325,-3.02172288093143e-05
0.836682361966244,-0.159200887184825,0.00282741288811128,0.00596326864779329,-3.17858272698259e-05
0.836682361966244,-0.159200887184825,0.00282741288811128,0.00596326864779329,-3.17858272698259e-05
0.839509774854355,-0.153237618537032,0.00280148093566901,0.00594037064999911,-3.33477980422464e-05
0.839509774854355,-0.153237618537032,0.00280148093566901,0.00594037064999911,-3.33477980422464e-05
0.842311255790024,-0.147297247887032,0.00277472488767083,0.0059161024244041,-3.48990711369398e-05
0.842311255790024,-0.147297247887032,0.00277472488767083,0.0059161024244041,-3.48990711369398e-05
0.845085980677695,-0.141381145462628,0.00274713469237042,0.00589047882569541,-3.64355314843084e-05
0.845085980677695,-0.141381145462628,0.00274713469237042,0.00589047882569541,-3.64355314843084e-05
0.847833115370065,-0.135490666636933,0.00271870157187526,0.00586351840654586,-3.79530375180098e-05
0.847833115370065,-0.135490666636933,0.00271870157187526,0.00586351840654586,-3.79530375180098e-05
0.850551816941941,-0.129627148230387,0.00268941820441615,0.00583524334203098,-3.94474400047902e-05
0.850551816941941,-0.129627148230387,0.00268941820441615,0.00583524334203098,-3.94474400047902e-05
0.853241235146357,-0.123791904888356,0.00265927890705198,0.00580567933429561,-4.09146010164722e-05
0.853241235146357,-0.123791904888356,0.00265927890705198,0.00580567933429561,-4.09146010164722e-05
0.855900514053409,-0.117986225554061,0.00262827981751468,0.00577485549823023,-4.23504130068917e-05
0.855900514053409,-0.117986225554061,0.00262827981751468,0.00577485549823023,-4.23504130068917e-05
0.858528793870924,-0.11221137005583,0.0025964190738671,0.00574280422901942,-4.37508179725677e-05
0.858528793870924,-0.11221137005583,0.0025964190738671,0.00574280422901942,-4.37508179725677e-05
0.861125212944791,-0.106468565826811,0.00256369699059977,0.00570956105252046,-4.51118265573413e-05
0.861125212944791,-0.106468565826811,0.00256369699059977,0.00570956105252046,-4.51118265573413e-05
0.86368890993539,-0.10075900477429,0.00253011622976451,0.00567516445964714,-4.64295371886778e-05
0.86368890993539,-0.10075900477429,0.00253011622976451,0.00567516445964714,-4.64295371886778e-05
0.866219026165155,-0.0950838403146433,0.00249568196571648,0.00563965572590001,-4.77001550983208e-05
0.866219026165155,-0.0950838403146433,0.00249568196571648,0.00563965572590001,-4.77001550983208e-05
0.868714708130871,-0.0894441845887433,0.00246040204205267,0.00560307871738734,-4.89200112713337e-05
0.868714708130871,-0.0894441845887433,0.00246040204205267,0.00560307871738734,-4.89200112713337e-05
0.871175110172924,-0.0838411058713559,0.00242428711932985,0.0055654796846784,-5.00855811897665e-05
0.871175110172924,-0.0838411058713559,0.00242428711932985,0.0055654796846784,-5.00855811897665e-05
0.873599397292254,-0.0782756261866775,0.00238735081216268,0.00552690704600682,-5.11935034246559e-05
0.873599397292254,-0.0782756261866775,0.00238735081216268,0.00552690704600682,-5.11935034246559e-05
0.875986748104417,-0.0727487191406707,0.00234960981433807,0.00548741116129481,-5.22405979462301e-05
0.875986748104417,-0.0727487191406707,0.00234960981433807,0.00548741116129481,-5.22405979462301e-05
0.878336357918755,-0.0672613079793759,0.00231108401060953,0.00544704409861478,-5.32238841634202e-05
0.878336357918755,-0.0672613079793759,0.00231108401060953,0.00544704409861478,-5.32238841634202e-05
0.880647441929364,-0.0618142638807611,0.002271796573867,0.00540585939467986,-5.41405986521212e-05
0.880647441929364,-0.0618142638807611,0.002271796573867,0.00540585939467986,-5.41405986521212e-05
0.882919238503231,-0.0564084044860813,0.00223177404646158,0.00536391181094607,-5.49882124721785e-05
0.882919238503231,-0.0564084044860813,0.00223177404646158,0.00536391181094607,-5.49882124721785e-05
0.885151012549693,-0.0510444926751352,0.00219104640452195,0.005321257086957,-5.57644479332415e-05
0.885151012549693,-0.0510444926751352,0.00219104640452195,0.005321257086957,-5.57644479332415e-05
0.887342058954215,-0.0457232355881782,0.00214964710417964,0.00527795169262012,-5.64672948029097e-05
0.887342058954215,-0.0457232355881782,0.00214964710417964,0.00527795169262012,-5.64672948029097e-05
0.889491706058394,-0.0404452838955581,0.00210761310868068,0.00523405258100015,-5.70950257992508e-05
0.889491706058394,-0.0404452838955581,0.00210761310868068,0.00523405258100015,-5.70950257992508e-05
0.891599319167075,-0.0352112313145579,0.0020649848954728,0.00518961694322777,-5.76462112260659e-05
0.891599319167075,-0.0352112313145579,0.0020649848954728,0.00518961694322777,-5.76462112260659e-05
0.893664304062548,-0.0300216143713301,0.00202180644247418,0.00514470196708606,-5.81197326627253e-05
0.893664304062548,-0.0300216143713301,0.00202180644247418,0.00514470196708606,-5.81197326627253e-05
0.895686110505022,-0.0248769124042441,0.00197812519279006,0.00509936460073676,-5.85147954795103e-05
0.895686110505022,-0.0248769124042441,0.00197812519279006,0.00509936460073676,-5.85147954795103e-05
0.897664235697812,-0.0197775478035073,0.00193399199730937,0.00505366132302757,-5.88309399997457e-05
0.897664235697812,-0.0197775478035073,0.00193399199730937,0.00505366132302757,-5.88309399997457e-05
0.899598227695121,-0.0147238864804797,0.00188946103472143,0.00500764792174037,-5.90680510518284e-05
0.899598227695121,-0.0147238864804797,0.00188946103472143,0.00500764792174037,-5.90680510518284e-05
0.901487688729843,-0.00971623855873937,0.00184458970864165,0.00496137928109905,-5.92263657677025e-05
0.901487688729843,-0.00971623855873937,0.00184458970864165,0.00496137928109905,-5.92263657677025e-05
0.903332278438485,-0.00475485927764033,0.00179943852167541,0.004914909179671,-5.9306479311098e-05
0.903332278438485,-0.00475485927764033,0.00179943852167541,0.004914909179671,-5.9306479311098e-05
0.90513171696016,0.000160049902030678,0.00175407092639857,0.00486829009977331,-5.9309348306294e-05
0.90513171696016,0.000160049902030678,0.00175407092639857,0.00486829009977331,-5.9309348306294e-05
0.906885787886558,0.00502834000180399,0.00170855315338958,0.00482157304935857,-5.92362917299551e-05
0.906885787886558,0.00502834000180399,0.00170855315338958,0.00482157304935857,-5.92362917299551e-05
0.908594341039948,0.00984991305116256,0.00166295401657013,0.00477480739723158,-5.90889889648593e-05
0.908594341039948,0.00984991305116256,0.00166295401657013,0.00477480739723158,-5.90889889648593e-05
0.910257295056518,0.0146247204483941,0.00161734469630304,0.00472804072236429,-5.8869474835228e-05
0.910257295056518,0.0146247204483941,0.00161734469630304,0.00472804072236429,-5.8869474835228e-05
0.911874639752821,0.0193527611707584,0.00157179850084133,0.00468131867788933,-5.85801313465664e-05
0.911874639752821,0.0193527611707584,0.00157179850084133,0.00468131867788933,-5.85801313465664e-05
0.913446438253663,0.0240340798486478,0.0015263906068701,0.0046346848702846,-5.82236759349222e-05
0.913446438253663,0.0240340798486478,0.0015263906068701,0.0046346848702846,-5.82236759349222e-05
0.914972828860533,0.0286687647189324,0.00148119778003397,0.00458818075413375,-5.78031461242103e-05
0.914972828860533,0.0286687647189324,0.00148119778003397,0.00458818075413375,-5.78031461242103e-05
0.916454026640567,0.0332569454730661,0.0014362980765058,0.00454184554265809,-5.73218804707032e-05
0.916454026640567,0.0332569454730661,0.0014362980765058,0.00454184554265809,-5.73218804707032e-05
0.917890324717072,0.0377987910157242,0.00139177052678174,0.0044957161341122,-5.67834957101426e-05
0.917890324717072,0.0377987910157242,0.00139177052678174,0.0044957161341122,-5.67834957101426e-05
0.919282095243854,0.0422945071498364,0.00134769480304864,0.00444982705404812,-5.61918601544456e-05
0.919282095243854,0.0422945071498364,0.00134769480304864,0.00444982705404812,-5.61918601544456e-05
0.920629790046903,0.0467443342038845,0.00130415087159841,0.00440421041331567,-5.55510634544388e-05
0.920629790046903,0.0467443342038845,0.00130415087159841,0.00440421041331567,-5.55510634544388e-05
0.921933940918501,0.0511485446172002,0.00126121863192119,0.00435889588153558,-5.48653829193181e-05
0.921933940918501,0.0511485446172002,0.00126121863192119,0.00435889588153558,-5.48653829193181e-05
0.923195159550422,0.0555074404987358,0.00121897754423506,0.00431391067568095,-5.41392466591514e-05
0.923195159550422,0.0555074404987358,0.00121897754423506,0.00431391067568095,-5.41392466591514e-05
0.924414137094657,0.0598213511744167,0.00117750624735391,0.00426927956332055,-5.33771939968865e-05
0.924414137094657,0.0598213511744167,0.00117750624735391,0.00426927956332055,-5.33771939968865e-05
0.925591643342011,0.0640906307377373,0.00113688216892394,0.00422502487991998,-5.25838335220024e-05
0.925591643342011,0.0640906307377373,0.00113688216892394,0.00422502487991998,-5.25838335220024e-05
0.926728525510935,0.0683156556176572,0.00109718113015267,0.00418116655963427,-5.17637995027624e-05
0.926728525510935,0.0683156556176572,0.00109718113015267,0.00418116655963427,-5.17637995027624e-05
0.927825706641088,0.0724968221772915,0.00105847694732242,0.0041377221787875,-5.09217072452101e-05
0.927825706641088,0.0724968221772915,0.00105847694732242,0.0041377221787875,-5.09217072452101e-05
0.92888418358841,0.076634544356079,0.00102084103246036,0.00409470701125317,-5.00621081602924e-05
0.92888418358841,0.076634544356079,0.00102084103246036,0.00409470701125317,-5.00621081602924e-05
0.929905024620871,0.0807292513673322,0.000984341995636018,0.00405213409486561,-4.91894452944956e-05
0.929905024620871,0.0807292513673322,0.000984341995636018,0.00405213409486561,-4.91894452944956e-05
0.930889366616507,0.0847813854621978,0.000949045251449787,0.00401001430798446,-4.83080102223867e-05
0.930889366616507,0.0847813854621978,0.000949045251449787,0.00401001430798446,-4.83080102223867e-05
0.931838411867957,0.0887913997701823,0.000915012632350054,0.00396835645523171,-4.74219021186738e-05
0.931838411867957,0.0887913997701823,0.000915012632350054,0.00396835645523171,-4.74219021186738e-05
0.932753424500307,0.092759756225414,0.000882302011478098,0.00392716736142908,-4.65349898908082e-05
0.932753424500307,0.092759756225414,0.000882302011478098,0.00392716736142908,-4.65349898908082e-05
0.933635726511785,0.096686923586843,0.000850966937769204,0.00388645197271302,-4.5650878164002e-05
0.933635726511785,0.096686923586843,0.000850966937769204,0.00388645197271302,-4.5650878164002e-05
0.934486693449554,0.100573375559556,0.000821056286058996,0.00384621346381886,-4.47728778949544e-05
0.934486693449554,0.100573375559556,0.000821056286058996,0.00384621346381886,-4.47728778949544e-05
0.935307749735613,0.104419589023375,0.000792613924915031,0.00380645335051087,-4.39039823095632e-05
0.935307749735613,0.104419589023375,0.000792613924915031,0.00380645335051087,-4.39039823095632e-05
0.936100363660528,0.108226042373886,0.000765678404930359,0.0037671716061104,-4.30468486706807e-05
0.936100363660528,0.108226042373886,0.000765678404930359,0.0037671716061104,-4.30468486706807e-05
0.936866042065458,0.111993213979996,0.0007402826701014,0.00372836678116371,-4.22037864205968e-05
0.936866042065458,0.111993213979996,0.0007402826701014,0.00372836678116371,-4.22037864205968e-05
0.93760632473556,0.11572158076116,0.000716453794872507,0.003690036125195,-4.1376751871183e-05
0.93760632473556,0.11572158076116,0.000716453794872507,0.003690036125195,-4.1376751871183e-05
0.938322778530432,0.119411616886355,0.000694212749307921,0.00365217570964282,-4.05673496710296e-05
0.938322778530432,0.119411616886355,0.000694212749307921,0.00365217570964282,-4.05673496710296e-05
0.93901699127974,0.123063792595998,0.000673574194711035,0.0036147805510155,-3.97768410091708e-05
0.93901699127974,0.123063792595998,0.000673574194711035,0.0036147805510155,-3.97768410091708e-05
0.939690565474451,0.126678573147013,0.000654546311862569,0.00357784473334444,-3.90061583003198e-05
0.939690565474451,0.126678573147013,0.000654546311862569,0.00357784473334444,-3.90061583003198e-05
0.940345111786314,0.130256417880358,0.000637130663849073,0.00354136152911369,-3.82559260067271e-05
0.940345111786314,0.130256417880358,0.000637130663849073,0.00354136152911369,-3.82559260067271e-05
0.940982242450163,0.133797779409471,0.000621322095285648,0.00350532351785707,-3.75264870680725e-05
0.940982242450163,0.133797779409471,0.000621322095285648,0.00350532351785707,-3.75264870680725e-05
0.941603564545448,0.137303102927328,0.000607108669471002,0.00346972270166981,-3.68179342493179e-05
0.941603564545448,0.137303102927328,0.000607108669471002,0.00346972270166981,-3.68179342493179e-05
0.942210673214919,0.140772825628998,0.000594471644803862,0.00343455061693931,-3.61301456378322e-05
0.942210673214919,0.140772825628998,0.000594471644803862,0.00343455061693931,-3.61301456378322e-05
0.942805144859723,0.144207376245938,0.000583385491527921,0.00339979844161248,-3.54628232664511e-05
0.942805144859723,0.144207376245938,0.000583385491527921,0.00339979844161248,-3.54628232664511e-05
0.943388530351251,0.14760717468755,0.000573817949561017,0.00336545709748323,-3.48155339433757e-05
0.943388530351251,0.14760717468755,0.000573817949561017,0.00336545709748323,-3.48155339433757e-05
0.943962348300812,0.150972631785033,0.000565730127912056,0.0033315173469424,-3.41877512117601e-05
0.943962348300812,0.150972631785033,0.000565730127912056,0.0033315173469424,-3.41877512117601e-05
0.944528078428724,0.154304149131976,0.000559076645869183,0.00329796988369888,-3.35788972758316e-05
0.944528078428724,0.154304149131976,0.000559076645869183,0.00329796988369888,-3.35788972758316e-05
0.945087155074594,0.157602119015675,0.000553805815840747,0.00326480541709456,-3.29883838037165e-05
0.945087155074594,0.157602119015675,0.000553805815840747,0.00326480541709456,-3.29883838037165e-05
0.945640960890434,0.160866924432769,0.000549859867447489,0.00323201474966334,-3.24156505543162e-05
0.945640960890434,0.160866924432769,0.000549859867447489,0.00323201474966334,-3.24156505543162e-05
0.946190820757882,0.164098939182432,0.000547175212110673,0.0031995888476079,-3.18602006893379e-05
0.946190820757882,0.164098939182432,0.000547175212110673,0.0031995888476079,-3.18602006893379e-05
0.946737995969992,0.16729852803004,0.000545682747058684,0.0031675189040247,-3.1321631777079e-05
0.946737995969992,0.16729852803004,0.000545682747058684,0.0031675189040247,-3.1321631777079e-05
0.947283678717051,0.170466046934065,0.000545308197380856,0.00313579639479095,-3.07996617448939e-05
0.947283678717051,0.170466046934065,0.000545308197380856,0.00313579639479095,-3.07996617448939e-05
0.947828986914432,0.173601843328856,0.000545972494457869,0.00310441312696644,-3.02941489765539e-05
0.947828986914432,0.173601843328856,0.000545972494457869,0.00310441312696644,-3.02941489765539e-05
0.94837495940889,0.176706256455822,0.000547592188783419,0.00307336127969809,-2.98051059653402e-05
0.94837495940889,0.176706256455822,0.000547592188783419,0.00307336127969809,-2.98051059653402e-05
0.948922551597673,0.179779617735521,0.000550079894885092,0.00304263343768874,-2.93327061604343e-05
0.948922551597673,0.179779617735521,0.000550079894885092,0.00304263343768874,-2.93327061604343e-05
0.949472631492558,0.182822251173209,0.000553344765801711,0.00301222261730102,-2.88772838220458e-05
0.949472631492558,0.182822251173209,0.000553344765801711,0.00301222261730102,-2.88772838220458e-05
0.95002597625836,0.18583447379051,0.000557292994299852,0.0029821222853928,-2.84393268301006e-05
0.95002597625836,0.18583447379051,0.000557292994299852,0.0029821222853928,-2.84393268301006e-05
0.95058326925266,0.188816596075903,0.000561828337781178,0.00295232637106904,-2.80194625820428e-05
0.95058326925266,0.188816596075903,0.000561828337781178,0.00295232637106904,-2.80194625820428e-05
0.951145097590441,0.191768922446972,0.000566852663570594,0.00292282927064594,-2.76184374915669e-05
0.951145097590441,0.191768922446972,0.000566852663570594,0.00292282927064594,-2.76184374915669e-05
0.951711950254012,0.194691751717618,0.000572266511121411,0.00289362584603817,-2.7237090585581e-05
0.951711950254012,0.194691751717618,0.000572266511121411,0.00289362584603817,-2.7237090585581e-05
0.952284216765133,0.197585377563656,0.000577969667465705,0.00286471141692238,-2.68763220142134e-05
0.952284216765133,0.197585377563656,0.000577969667465705,0.00286471141692238,-2.68763220142134e-05
0.952862186432599,0.200450088980579,0.00058386175209435,0.00283608174702404,-2.65370573729598e-05
0.952862186432599,0.200450088980579,0.00058386175209435,0.00283608174702404,-2.65370573729598e-05
0.953446048184693,0.203286170727603,0.000589842807362073,0.00280773302493989,-2.62202089454581e-05
0.953446048184693,0.203286170727603,0.000589842807362073,0.00280773302493989,-2.62202089454581e-05
0.954035890992055,0.206093903752543,0.000595813890355346,0.00277966183991474,-2.59266349890734e-05
0.954035890992055,0.206093903752543,0.000595813890355346,0.00277966183991474,-2.59266349890734e-05
0.954631704882411,0.208873565592457,0.000601677662160016,0.002751865153063,-2.56570983586638e-05
0.954631704882411,0.208873565592457,0.000601677662160016,0.002751865153063,-2.56570983586638e-05
0.955233382544571,0.21162543074552,0.000607338970427418,0.00272434026450022,-2.54122256770962e-05
0.955233382544571,0.21162543074552,0.000607338970427418,0.00272434026450022,-2.54122256770962e-05
0.955840721514998,0.21434977101002,0.000612705421124238,0.00269708477694455,-2.51924684104548e-05
0.955840721514998,0.21434977101002,0.000612705421124238,0.00269708477694455,-2.51924684104548e-05
0.956453426936122,0.217046855786965,0.000617687935400291,0.00267009655627176,-2.49980669738406e-05
0.956453426936122,0.217046855786965,0.000617687935400291,0.00267009655627176,-2.49980669738406e-05
0.957071114871523,0.219716952343237,0.0006222012875996,0.0026433736896139,-2.4829018995122e-05
0.957071114871523,0.219716952343237,0.0006222012875996,0.0026433736896139,-2.4829018995122e-05
0.957693316159122,0.222360326032851,0.000626164620533554,0.00261691444161388,-2.46850528409044e-05
0.957693316159122,0.222360326032851,0.000626164620533554,0.00261691444161388,-2.46850528409044e-05
0.958319480779656,0.224977240474465,0.000629501934300114,0.00259071720935966,-2.4565607216768e-05
0.958319480779656,0.224977240474465,0.000629501934300114,0.00259071720935966,-2.4565607216768e-05
0.958948982713956,0.227567957683824,0.000632142545091363,0.00256478047658662,-2.44698176055914e-05
0.958948982713956,0.227567957683824,0.000632142545091363,0.00256478047658662,-2.44698176055914e-05
0.959581125259047,0.230132738160411,0.00063402151064218,0.00253910276766761,-2.43965100079468e-05
0.959581125259047,0.230132738160411,0.00063402151064218,0.00253910276766761,-2.43965100079468e-05
0.960215146769689,0.232671840928078,0.000635080019211642,0.00251368260195206,-2.43442023166993e-05
0.960215146769689,0.232671840928078,0.000635080019211642,0.00251368260195206,-2.43442023166993e-05
0.960850226788901,0.235185523530031,0.00063526573927708,0.00248851844898013,-2.43111134122392e-05
0.960850226788901,0.235185523530031,0.00063526573927708,0.00248851844898013,-2.43111134122392e-05
0.961485492528178,0.237674041979011,0.00063453312739925,0.00246360868511192,-2.42951799002975e-05
0.961485492528178,0.237674041979011,0.00063453312739925,0.00246360868511192,-2.42951799002975e-05
0.962120025655577,0.240137650664123,0.00063284369207206,0.00243895155207199,-2.42940802801135e-05
0.962120025655577,0.240137650664123,0.00063284369207206,0.00243895155207199,-2.42940802801135e-05
0.962752869347649,0.242576602216195,0.000630166211673222,0.00241454511782371,-2.43052659147551e-05
0.962752869347649,0.242576602216195,0.000630166211673222,0.00241454511782371,-2.43052659147551e-05
0.963383035559323,0.244991147334018,0.000626476905006945,0.00239038724032856,-2.43259982953209e-05
0.963383035559323,0.244991147334018,0.000626476905006945,0.00239038724032856,-2.43259982953209e-05
0.96400951246433,0.247381534574347,0.000621759553307788,0.00236647553459127,-2.43533917591524e-05
0.96400951246433,0.247381534574347,0.000621759553307788,0.00236647553459127,-2.43533917591524e-05
0.964631272017637,0.249748010108938,0.000616005572957712,0.00234280734342646,-2.43844607946487e-05
0.964631272017637,0.249748010108938,0.000616005572957712,0.00234280734342646,-2.43844607946487e-05
0.965247277590595,0.252090817452365,0.00060921403854719,0.00231937971231461,-2.44161708651152e-05
0.965247277590595,0.252090817452365,0.00060921403854719,0.00231937971231461,-2.44161708651152e-05
0.965856491629142,0.254410197164679,0.000601391656316452,0.00229618936873599,-2.44454917056672e-05
0.965856491629142,0.254410197164679,0.000601391656316452,0.00229618936873599,-2.44454917056672e-05
0.966457883285459,0.256706386533415,0.000592552688353676,0.00227323270629542,-2.44694519449884e-05
0.966457883285459,0.256706386533415,0.000592552688353676,0.00227323270629542,-2.44694519449884e-05
0.967050435973812,0.258979619239711,0.00058271882834382,0.00225050577389063,-2.44851938401114e-05
0.967050435973812,0.258979619239711,0.00058271882834382,0.00225050577389063,-2.44851938401114e-05
0.967633154802156,0.261230125013601,0.000571919029976775,0.0022280042701594,-2.44900269069379e-05
0.967633154802156,0.261230125013601,0.000571919029976775,0.0022280042701594,-2.44900269069379e-05
0.968205073832133,0.263458129283761,0.000560189289505186,0.00220572354338133,-2.44814792416969e-05
0.968205073832133,0.263458129283761,0.000560189289505186,0.00220572354338133,-2.44814792416969e-05
0.968765263121638,0.265663852827142,0.00054757238425629,0.00218365859694541,-2.44573453580792e-05
0.968765263121638,0.265663852827142,0.00054757238425629,0.00218365859694541,-2.44573453580792e-05
0.969312835505894,0.267847511424087,0.000534117569198855,0.00216180410041422,-2.44157293511557e-05
0.969312835505894,0.267847511424087,0.000534117569198855,0.00216180410041422,-2.44157293511557e-05
0.969846953075093,0.270009315524502,0.000519880233961434,0.00214015440618082,-2.43550823346324e-05
0.969846953075093,0.270009315524502,0.000519880233961434,0.00214015440618082,-2.43550823346324e-05
0.970366833309055,0.272149469930682,0.000504921522945567,0.00211870357160532,-2.42742330503658e-05
0.970366833309055,0.272149469930682,0.000504921522945567,0.00211870357160532,-2.42742330503658e-05
0.970871754832,0.274268173502288,0.000489307921400006,0.00209744538654072,-2.4172410808365e-05
0.970871754832,0.274268173502288,0.000489307921400006,0.00209744538654072,-2.4172410808365e-05
0.9713610627534,0.276365618888828,0.000473110810564559,0.00207637340601002,-2.40492599108719e-05
0.9713610627534,0.276365618888828,0.000473110810564559,0.00207637340601002,-2.40492599108719e-05
0.971834173563965,0.278441992294838,0.000456405995157838,0.00205548098780178,-2.39048449662319e-05
0.971834173563965,0.278441992294838,0.000456405995157838,0.00205548098780178,-2.39048449662319e-05
0.972290579559123,0.28049747328264,0.000439273206606305,0.00203476133466185,-2.37396465525095e-05
0.972290579559123,0.28049747328264,0.000439273206606305,0.00203476133466185,-2.37396465525095e-05
0.972729852765729,0.282532234617302,0.000421795585576756,0.00201420754078752,-2.35545470652727e-05
0.972729852765729,0.282532234617302,0.000421795585576756,0.00201420754078752,-2.35545470652727e-05
0.973151648351306,0.28454644215809,0.000404059147439795,0.0019938126422071,-2.33508066386163e-05
0.973151648351306,0.28454644215809,0.000404059147439795,0.0019938126422071,-2.33508066386163e-05
0.973555707498746,0.286540254800297,0.000386152234366,0.00197356967067963,-2.31300293993394e-05
0.973555707498746,0.286540254800297,0.000386152234366,0.00197356967067963,-2.31300293993394e-05
0.973941859733112,0.288513824470976,0.000368164957813555,0.00195347171067795,-2.28941205637676e-05
0.973941859733112,0.288513824470976,0.000368164957813555,0.00195347171067795,-2.28941205637676e-05
0.974310024690925,0.290467296181654,0.000350188635156234,0.00193351195897251,-2.26452350209942e-05
0.974310024690925,0.290467296181654,0.000350188635156234,0.00193351195897251,-2.26452350209942e-05
0.974660213326081,0.292400808140627,0.000332315224203295,0.00191368378641704,-2.23857184742694e-05
0.974660213326081,0.292400808140627,0.000332315224203295,0.00191368378641704,-2.23857184742694e-05
0.974992528550285,0.294314491927044,0.000314636759319198,0.00189398080145986,-2.21180424398234e-05
0.974992528550285,0.294314491927044,0.000314636759319198,0.00189398080145986,-2.21180424398234e-05
0.975307165309604,0.296208472728504,0.000297244792768714,0.00187439691485308,-2.18447344638908e-05
0.975307165309604,0.296208472728504,0.000297244792768714,0.00187439691485308,-2.18447344638908e-05
0.975604410102373,0.298082869643357,0.000280229844871305,0.00185492640513307,-2.15683053378301e-05
0.975604410102373,0.298082869643357,0.000280229844871305,0.00185492640513307,-2.15683053378301e-05
0.975884639947244,0.29993779604849,0.000263680866385396,0.0018355639843271,-2.12911750404508e-05
0.975884639947244,0.29993779604849,0.000263680866385396,0.0018355639843271,-2.12911750404508e-05
0.976148320813629,0.301773360032817,0.000247684716439545,0.00181630486339973,-2.10155993436219e-05
0.976148320813629,0.301773360032817,0.000247684716439545,0.00181630486339973,-2.10155993436219e-05
0.976396005530069,0.303589664896217,0.000232325659165422,0.00179714481689142,-2.07435989816426e-05
0.976396005530069,0.303589664896217,0.000232325659165422,0.00179714481689142,-2.07435989816426e-05
0.976628331189234,0.305386809713108,0.000217684882048763,0.00177808024619341,-2.04768932146309e-05
0.976628331189234,0.305386809713108,0.000217684882048763,0.00177808024619341,-2.04768932146309e-05
0.976846016071283,0.307164889959302,0.00020384003877838,0.001759108240935,-2.02168395913662e-05
0.976846016071283,0.307164889959302,0.00020384003877838,0.001759108240935,-2.02168395913662e-05
0.977049856110061,0.308923998200237,0.000190864819202052,0.00174022663790185,-1.99643815012331e-05
0.977049856110061,0.308923998200237,0.000190864819202052,0.00174022663790185,-1.99643815012331e-05
0.977240720929263,0.310664224838138,0.000178828548780374,0.00172143407691161,-1.97200049304753e-05
0.977240720929263,0.310664224838138,0.000178828548780374,0.00172143407691161,-1.97200049304753e-05
0.977419549478044,0.31238565891505,0.000167795819692285,0.00170273005305077,-1.94837055787888e-05
0.977419549478044,0.31238565891505,0.000167795819692285,0.00170273005305077,-1.94837055787888e-05
0.977587345297736,0.314088388968101,0.000157826155516183,0.0016841149646723,-1.92549672148744e-05
0.977587345297736,0.314088388968101,0.000157826155516183,0.0016841149646723,-1.92549672148744e-05
0.977745171453252,0.315772503932773,0.000148973711146527,0.00166559015656592,-1.90327518746764e-05
0.977745171453252,0.315772503932773,0.000148973711146527,0.00166559015656592,-1.90327518746764e-05
0.977894145164399,0.317438094089339,0.000141287009359337,0.00164715795772497,-1.88155022370949e-05
0.977894145164399,0.317438094089339,0.000141287009359337,0.00164715795772497,-1.88155022370949e-05
0.978035432173758,0.319085252047064,0.000134808715185231,0.00162882171314538,-1.86011562178017e-05
0.978035432173758,0.319085252047064,0.000134808715185231,0.00162882171314538,-1.86011562178017e-05
0.978170240888943,0.320714073760209,0.000129575448974184,0.00161058580914442,-1.83871736418662e-05
0.978170240888943,0.320714073760209,0.000129575448974184,0.00161058580914442,-1.83871736418662e-05
0.978299816337918,0.322324659569354,0.000125617638766617,0.0015924556916847,-1.81705745853724e-05
0.978299816337918,0.322324659569354,0.000125617638766617,0.0015924556916847,-1.81705745853724e-05
0.978425433976684,0.323917115261038,0.000122959412332313,0.00157443787725298,-1.79479887753191e-05
0.978425433976684,0.323917115261038,0.000122959412332313,0.00157443787725298,-1.79479887753191e-05
0.978548393389016,0.325491553138291,0.000121618528960421,0.00155653995593624,-1.77157154084256e-05
0.978548393389016,0.325491553138291,0.000121618528960421,0.00155653995593624,-1.77157154084256e-05
0.978670011917977,0.327048093094228,0.000121606350807935,0.00153877058631569,-1.74697924605863e-05
0.978670011917977,0.327048093094228,0.000121606350807935,0.00153877058631569,-1.74697924605863e-05
0.978791618268785,0.328586863680543,0.000122927853356769,0.00152113948194538,-1.72060745268624e-05
0.978791618268785,0.328586863680543,0.000122927853356769,0.00152113948194538,-1.72060745268624e-05
0.978914546122142,0.330108003162489,0.000125581674284669,0.00150365738925834,-1.69203181258556e-05
0.978914546122142,0.330108003162489,0.000125581674284669,0.00150365738925834,-1.69203181258556e-05
0.979040127796426,0.331611660551747,0.000129560199801593,0.00148633605682991,-1.66082733233446e-05
0.979040127796426,0.331611660551747,0.000129560199801593,0.00148633605682991,-1.66082733233446e-05
0.979169687996228,0.333097996608577,0.000134849687258409,0.00146918819599484,-1.6265780436791e-05
0.979169687996228,0.333097996608577,0.000134849687258409,0.00146918819599484,-1.6265780436791e-05
0.979304537683486,0.334567184804572,0.000141430422607391,0.001452227432858,-1.58888703752252e-05
0.979304537683486,0.334567184804572,0.000141430422607391,0.001452227432858,-1.58888703752252e-05
0.979445968106094,0.33601941223743,0.000149276911091012,0.00143546825184543,-1.54738669542946e-05
0.979445968106094,0.33601941223743,0.000149276911091012,0.00143546825184543,-1.54738669542946e-05
0.979595245017185,0.337454880489275,0.000158358099299427,0.00141892593109255,-1.50174894950087e-05
0.979595245017185,0.337454880489275,0.000158358099299427,0.00141892593109255,-1.50174894950087e-05
0.979753603116484,0.338873806420368,0.000168637626558499,0.00140261646992867,-1.45169535936518e-05
0.979753603116484,0.338873806420368,0.000168637626558499,0.00140261646992867,-1.45169535936518e-05
0.979922240743043,0.340276422890296,0.000180074103445449,0.00138655650885128,-1.39700678184074e-05
0.979922240743043,0.340276422890296,0.000180074103445449,0.00138655650885128,-1.39700678184074e-05
0.980102314846488,0.341662979399148,0.0001926214150475,0.00137076324237734,-1.33753236975487e-05
0.980102314846488,0.341662979399148,0.0001926214150475,0.00137076324237734,-1.33753236975487e-05
0.980294936261536,0.343033742641525,0.000206229046444073,0.00135525432525946,-1.27319762873431e-05
0.980294936261536,0.343033742641525,0.000206229046444073,0.00135525432525946,-1.27319762873431e-05
0.98050116530798,0.344388996966785,0.000220842427766543,0.00134004777247093,-1.20401121449793e-05
0.98050116530798,0.344388996966785,0.000220842427766543,0.00134004777247093,-1.20401121449793e-05
0.980722007735746,0.345729044739255,0.000236403296091425,0.00132516185354231,-1.13007017323999e-05
0.980722007735746,0.345729044739255,0.000236403296091425,0.00132516185354231,-1.13007017323999e-05
0.980958411031838,0.347054206592798,0.000252850071322253,0.00131061498171242,-1.05156330987655e-05
0.980958411031838,0.347054206592798,0.000252850071322253,0.00131061498171242,-1.05156330987655e-05
0.98121126110316,0.34836482157451,0.000270118243173578,0.00129642559846377,-9.6877241279247e-06
0.98121126110316,0.34836482157451,0.000270118243173578,0.00129642559846377,-9.6877241279247e-06
0.981481379346333,0.349661247172974,0.000288140766294687,0.00128261205393621,-8.82071101250873e-06
0.981481379346333,0.349661247172974,0.000288140766294687,0.00128261205393621,-8.82071101250873e-06
0.981769520112628,0.35094385922691,0.00030684846058382,0.00126919248373025,-7.91921136513124e-06
0.981769520112628,0.35094385922691,0.00030684846058382,0.00126919248373025,-7.91921136513124e-06
0.982076368573212,0.35221305171064,0.000326170413713744,0.0012561846826214,-6.98866133758917e-06
0.982076368573212,0.35221305171064,0.000326170413713744,0.0012561846826214,-6.98866133758917e-06
0.982402538986926,0.353469236393262,0.000346034382940563,0.00124360597571671,-6.03522734714864e-06
0.982402538986926,0.353469236393262,0.000346034382940563,0.00124360597571671,-6.03522734714864e-06
0.982748573369866,0.354712842368979,0.000366367193304407,0.00123147308754801,-5.06569435776015e-06
0.982748573369866,0.354712842368979,0.000366367193304407,0.00123147308754801,-5.06569435776015e-06
0.983114940563171,0.355944315456527,0.000387095129387394,0.00121980200951827,-4.08733380976374e-06
0.983114940563171,0.355944315456527,0.000387095129387394,0.00121980200951827,-4.08733380976374e-06
0.983502035692558,0.357164117466045,0.00040814431790237,0.00120860786623772,-3.10775572703653e-06
0.983502035692558,0.357164117466045,0.00040814431790237,0.00120860786623772,-3.10775572703653e-06
0.98391018001046,0.358372725332283,0.000429441098496852,0.00119790478122833,-2.1347504895197e-06
0.98391018001046,0.358372725332283,0.000429441098496852,0.00119790478122833,-2.1347504895197e-06
0.984339621108957,0.359570630113511,0.000450912380281276,0.00118770574251481,-1.17612650543447e-06
0.984339621108957,0.359570630113511,0.000450912380281276,0.00118770574251481,-1.17612650543447e-06
0.984790533489239,0.360758335856026,0.000472485981767967,0.0011780224686293,-2.39550415606074e-07
0.984790533489239,0.360758335856026,0.000472485981767967,0.0011780224686293,-2.39550415606074e-07
0.985263019471006,0.361936358324655,0.000494090952063986,0.00116886527549337,6.67603872221093e-07
0.985263019471006,0.361936358324655,0.000494090952063986,0.00116886527549337,6.67603872221093e-07
0.98575711042307,0.363105223600148,0.000515657871380082,0.00116024294477796,1.53839144780205e-06
0.98575711042307,0.363105223600148,0.000515657871380082,0.00116024294477796,1.53839144780205e-06
0.986272768294451,0.364265466544926,0.000537119129128572,0.00115216259433193,2.36641309144902e-06
0.986272768294451,0.364265466544926,0.000537119129128572,0.00115216259433193,2.36641309144902e-06
0.986809887423579,0.365417629139258,0.000558409178104236,0.00114462955130479,3.14590881353828e-06
0.986809887423579,0.365417629139258,0.000558409178104236,0.00114462955130479,3.14590881353828e-06
0.987368296601683,0.366562258690563,0.000579464763505677,0.001137647228653,3.87182610131747e-06
0.987368296601683,0.366562258690563,0.000579464763505677,0.001137647228653,3.87182610131747e-06
0.987947761365189,0.367699905919216,0.0006002251258036,0.00113121700582497,4.5398620681209e-06
0.987947761365189,0.367699905919216,0.0006002251258036,0.00113121700582497,4.5398620681209e-06
0.988547986490993,0.368831122925041,0.000620632176742464,0.00112533811438387,5.14648024779567e-06
0.988547986490993,0.368831122925041,0.000620632176742464,0.00112533811438387,5.14648024779567e-06
0.989168618667735,0.369956461039425,0.000640630648031659,0.00112000752950231,5.68890379666555e-06
0.989168618667735,0.369956461039425,0.000640630648031659,0.00112000752950231,5.68890379666555e-06
0.989809249315767,0.371076468568927,0.000660168212564205,0.00111521986825514,6.16508791924397e-06
0.989809249315767,0.371076468568927,0.000660168212564205,0.00111521986825514,6.16508791924397e-06
0.990469417528331,0.372191688437182,0.000679195578303537,0.00111096729575888,6.57367488793911e-06
0.990469417528331,0.372191688437182,0.000679195578303537,0.00111096729575888,6.57367488793911e-06
0.991148613106634,0.373302655732941,0.000697666555251719,0.00110723944024199,6.91393536604188e-06
0.991148613106634,0.373302655732941,0.000697666555251719,0.00110723944024199,6.91393536604188e-06
0.991846279661886,0.374409895173183,0.000715538096191515,0.00110402331813325,7.18569992615679e-06
0.991846279661886,0.374409895173183,0.000715538096191515,0.00110402331813325,7.18569992615679e-06
0.992561817758078,0.375513918491316,0.0007327703121629,0.00110130327035612,7.38928443852114e-06
0.992561817758078,0.375513918491316,0.0007327703121629,0.00110130327035612,7.38928443852114e-06
0.993294588070241,0.376615221761673,0.000749326463882038,0.00109906091100376,7.52541277393415e-06
0.993294588070241,0.376615221761673,0.000749326463882038,0.00109906091100376,7.52541277393415e-06
0.994043914534123,0.377714282672676,0.000765172930558999,0.00109727508960367,7.59513978588382e-06
0.994043914534123,0.377714282672676,0.000765172930558999,0.00109727508960367,7.59513978588382e-06
0.994809087464682,0.37881155776228,0.000780279157775787,0.00109592186812318,7.59977714912875e-06
0.994809087464682,0.37881155776228,0.000780279157775787,0.00109592186812318,7.59977714912875e-06
0.995589366622457,0.379907479630403,0.000794617586284296,0.00109497451387663,7.54082402730548e-06
0.995589366622457,0.379907479630403,0.000794617586284296,0.00109497451387663,7.54082402730548e-06
0.996383984208742,0.38100245414428,0.000808163563746911,0.00109440350935175,7.41990422099327e-06
0.996383984208742,0.38100245414428,0.000808163563746911,0.00109440350935175,7.41990422099327e-06
0.997192147772489,0.382096857653632,0.000820895241566033,0.00109417658001149,7.23871082622743e-06
0.997192147772489,0.382096857653632,0.000820895241566033,0.00109417658001149,7.23871082622743e-06
0.998013043014055,0.383191034233643,0.000832793459077497,0.00109425874090779,6.99895915014476e-06
0.998013043014055,0.383191034233643,0.000832793459077497,0.00109425874090779,6.99895915014476e-06
0.998845836473132,0.384285292974551,0.000843841617421126,0.00109461236289143,6.70234825471037e-06
0.998845836473132,0.384285292974551,0.000843841617421126,0.00109461236289143,6.70234825471037e-06
0.999689678090553,0.385379905337442,0.000854025545476089,0.001095197259049,6.35053110986531e-06
0.999689678090553,0.385379905337442,0.000854025545476089,0.001095197259049,6.35053110986531e-06
1.00054370363603,0.386475102596491,0.000863333360242136,0.00109597079174278,5.94509329922104e-06
1.00054370363603,0.386475102596491,0.000863333360242136,0.00109597079174278,5.94509329922104e-06
1.00140703699627,0.387571073388234,0.000871755324022505,0.00109688800060698,5.48753982464352e-06
1.00140703699627,0.387571073388234,0.000871755324022505,0.00109688800060698,5.48753982464352e-06
1.00227879232029,0.388667961388841,0.00087928370073187,0.00109790175154656,4.97928949256296e-06
1.00227879232029,0.388667961388841,0.00087928370073187,0.00109790175154656,4.97928949256296e-06
1.00315807602103,0.389765863140388,0.000885912613571405,0.00109896290659434,4.42167626540251e-06
1.00315807602103,0.389765863140388,0.000885912613571405,0.00109896290659434,4.42167626540251e-06
1.0040439886346,0.390864826046982,0.000891637906192289,0.00110002051431585,3.81595684505426e-06
1.0040439886346,0.390864826046982,0.000891637906192289,0.00110002051431585,3.81595684505426e-06
1.00493562654079,0.391964846561298,0.000896457009353924,0.00110102202021856,3.16332363365702e-06
1.00493562654079,0.391964846561298,0.000896457009353924,0.00110102202021856,3.16332363365702e-06
1.00583208355014,0.393065868581516,0.00090036881490807,0.00110191349633598,2.46492228220241e-06
1.00583208355014,0.393065868581516,0.00090036881490807,0.00110191349633598,2.46492228220241e-06
1.00673245236505,0.394167782077852,0.000903373558778897,0.00110263988897763,1.72187296536676e-06
1.00673245236505,0.394167782077852,0.000903373558778897,0.00110263988897763,1.72187296536676e-06
1.00763582592383,0.39527042196683,0.000905472714411104,0.00110314528340721,9.35294557849334e-07
1.00763582592383,0.39527042196683,0.000905472714411104,0.00110314528340721,9.35294557849334e-07
1.00854129863824,0.396373567250237,0.000906668897949992,0.00110337318403786,1.06330797696895e-07
1.00854129863824,0.396373567250237,0.000906668897949992,0.00110337318403786,1.06330797696895e-07
1.00944796753619,0.397476940434275,0.000906965786162894,0.00110326680846606,-7.63822357740911e-07
1.00944796753619,0.397476940434275,0.000906965786162894,0.00110326680846606,-7.63822357740911e-07
1.01035493332235,0.398580207242741,0.000906368047919992,0.0011027693934767,-1.67388895338984e-06
1.01035493332235,0.398580207242741,0.000906368047919992,0.0011027693934767,-1.67388895338984e-06
1.01126130137027,0.399682976636218,0.000904881289790049,0.0011018245110162,-2.62248564129593e-06
1.01126130137027,0.399682976636218,0.000904881289790049,0.0011018245110162,-2.62248564129593e-06
1.01216618266006,0.400784801147234,0.000902512016047075,0.00110037639190452,-3.60809532364893e-06
1.01216618266006,0.400784801147234,0.000902512016047075,0.00110037639190452,-3.60809532364893e-06
1.01306869467611,0.401885177539138,0.000899267603171827,0.00109837025493636,-4.62904246351136e-06
1.01306869467611,0.401885177539138,0.000899267603171827,0.00109837025493636,-4.62904246351136e-06
1.01396796227928,0.402983547794075,0.00089515628863901,0.00109575263894707,-5.6834706360948e-06
1.01396796227928,0.402983547794075,0.00089515628863901,0.00109575263894707,-5.6834706360948e-06
1.01486311856792,0.404079300433022,0.000890187173579138,0.00109247173528315,-6.76932282711834e-06
1.01486311856792,0.404079300433022,0.000890187173579138,0.00109247173528315,-6.76932282711834e-06
1.0157533057415,0.405171772168305,0.000884370238657395,0.00108847771804443,-7.88432492781132e-06
1.0157533057415,0.405171772168305,0.000884370238657395,0.00108847771804443,-7.88432492781132e-06
1.01663767598016,0.40626024988635,0.000877716372298609,0.00108372306937643,-9.02597271161738e-06
1.01663767598016,0.40626024988635,0.000877716372298609,0.00108372306937643,-9.02597271161738e-06
1.01751539235246,0.407343972955726,0.000870237410165897,0.00107816289716189,-1.01915225621844e-05
1.01751539235246,0.407343972955726,0.000870237410165897,0.00107816289716189,-1.01915225621844e-05
1.01838562976262,0.408422135852888,0.000861946184631979,0.00107175524244757,-1.13779861375533e-05
1.01838562976262,0.408422135852888,0.000861946184631979,0.00107175524244757,-1.13779861375533e-05
1.01924757594726,0.409493891095335,0.000852856582796102,0.00106446137399646,-1.25821290305392e-05
1.01924757594726,0.409493891095335,0.000852856582796102,0.00106446137399646,-1.25821290305392e-05
1.02010043253005,0.410558352469332,0.000842983611456294,0.00105624606748306,-1.38004735310367e-05
1.02010043253005,0.410558352469332,0.000842983611456294,0.00105624606748306,-1.38004735310367e-05
1.02094341614151,0.411614598536815,0.000832343467326302,0.00104707786685093,-1.50293053613176e-05
1.02094341614151,0.411614598536815,0.000832343467326302,0.00104707786685093,-1.50293053613176e-05
1.02177575960883,0.412661676403666,0.000820953610680464,0.00103692932560084,-1.62646842963982e-05
1.02177575960883,0.412661676403666,0.000820953610680464,0.00103692932560084,-1.62646842963982e-05
1.02259671321951,0.413698605729267,0.00080883284053157,0.00102577722591274,-1.75024585142706e-05
1.02259671321951,0.413698605729267,0.00080883284053157,0.00102577722591274,-1.75024585142706e-05
1.02340554606005,0.414724382955179,0.000796001369404165,0.00101360277366619,-1.87382823663765e-05
1.02340554606005,0.414724382955179,0.000796001369404165,0.00101360277366619,-1.87382823663765e-05
1.02420154742945,0.415737985728846,0.000782480895761717,0.0010003917677246,-1.99676373070813e-05
1.02420154742945,0.415737985728846,0.000782480895761717,0.0010003917677246,-1.99676373070813e-05
1.02498402832521,0.41673837749657,0.000768294672123027,0.000986134742080202,-2.11858557267555e-05
1.02498402832521,0.41673837749657,0.000768294672123027,0.000986134742080202,-2.11858557267555e-05
1.02575232299734,0.41772451223865,0.000753467566976473,0.000970827079589065,-2.2388147199048e-05
1.02575232299734,0.41772451223865,0.000753467566976473,0.000970827079589065,-2.2388147199048e-05
1.02650579056431,0.418695339318239,0.000738026118655588,0.000954469096456467,-2.35696268475088e-05
1.02650579056431,0.418695339318239,0.000738026118655588,0.000954469096456467,-2.35696268475088e-05
1.02724381668297,0.419649808414696,0.000721998579423122,0.000937066096784733,-2.4725345326186e-05
1.02724381668297,0.419649808414696,0.000721998579423122,0.000937066096784733,-2.4725345326186e-05
1.02796581526239,0.420586874511481,0.000705414948150462,0.000918628396863352,-2.58503200311101e-05
1.02796581526239,0.420586874511481,0.000705414948150462,0.000918628396863352,-2.58503200311101e-05
1.02867123021054,0.421505502908344,0.000688306990110021,0.000899171319095393,-2.69395670374085e-05
1.02867123021054,0.421505502908344,0.000688306990110021,0.000899171319095393,-2.69395670374085e-05
1.02935953720065,0.422404674227439,0.000670708242555884,0.000878715155796128,-2.79881333859402e-05
1.02935953720065,0.422404674227439,0.000670708242555884,0.000878715155796128,-2.79881333859402e-05
1.03003024544321,0.423283389383236,0.000652654004970277,0.000857285103237682,-2.8991129188538e-05
1.03003024544321,0.423283389383236,0.000652654004970277,0.000857285103237682,-2.8991129188538e-05
1.03068289944818,0.424140674486473,0.000634181313014404,0.000834911166668673,-2.99437590849595e-05
1.03068289944818,0.424140674486473,0.000634181313014404,0.000834911166668673,-2.99437590849595e-05
1.03131708076119,0.424975585653142,0.000615328895470002,0.000811628037230727,-3.08413526015664e-05
1.03131708076119,0.424975585653142,0.000615328895470002,0.000811628037230727,-3.08413526015664e-05
1.03193240965666,0.425787213690373,0.000596137113657802,0.000787474941880417,-3.16793929407153e-05
1.03193240965666,0.425787213690373,0.000596137113657802,0.000787474941880417,-3.16793929407153e-05
1.03252854677032,0.426574688632253,0.000576647882992276,0.000762495467625579,-3.24535436104364e-05
1.03252854677032,0.426574688632253,0.000576647882992276,0.000762495467625579,-3.24535436104364e-05
1.03310519465331,0.427337184099879,0.000556904576611617,0.000736737361606732,-3.31596723961102e-05
1.03310519465331,0.427337184099879,0.000556904576611617,0.000736737361606732,-3.31596723961102e-05
1.03366209922992,0.428073921461485,0.000536951911192185,0.000710252308674941,-3.37938720410213e-05
1.03366209922992,0.428073921461485,0.000536951911192185,0.000710252308674941,-3.37938720410213e-05
1.03419905114112,0.42878417377016,0.000516835815296046,0.000683095688257529,-3.43524770021637e-05
1.03419905114112,0.42878417377016,0.000516835815296046,0.000683095688257529,-3.43524770021637e-05
1.03471588695641,0.429467269458418,0.000496603280741637,0.000655326312379634,-3.48320753746066e-05
1.03471588695641,0.429467269458418,0.000496603280741637,0.000655326312379634,-3.48320753746066e-05
1.03521249023715,0.430122595770797,0.000476302197755185,0.000627006146837306,-3.52295149862505e-05
1.03521249023715,0.430122595770797,0.000476302197755185,0.000627006146837306,-3.52295149862505e-05
1.03568879243491,0.430749601917635,0.000455981174783737,0.000598200017590533,-3.55419023169291e-05
1.03568879243491,0.430749601917635,0.000455981174783737,0.000598200017590533,-3.55419023169291e-05
1.03614477360969,0.431347801935225,0.000435689344045587,0.000568975304500341,-3.57665925199047e-05
1.03614477360969,0.431347801935225,0.000435689344045587,0.000568975304500341,-3.57665925199047e-05
1.03658046295374,0.431916777239726,0.000415476154030481,0.000539401624529479,-3.59011681616221e-05
1.03658046295374,0.431916777239726,0.000415476154030481,0.000539401624529479,-3.59011681616221e-05
1.03699593910777,0.432456178864255,0.000395391150310509,0.00050955050650292,-3.59434032494126e-05
1.03699593910777,0.432456178864255,0.000395391150310509,0.00050955050650292,-3.59434032494126e-05
1.03739133025808,0.432965729370758,0.000375483746141603,0.000479495059597823,-3.58912077522529e-05
1.03739133025808,0.432965729370758,0.000375483746141603,0.000479495059597823,-3.58912077522529e-05
1.03776681400422,0.433445224430356,0.000355802984453035,0.000449309637670203,-3.57425456281752e-05
1.03776681400422,0.433445224430356,0.000355802984453035,0.000449309637670203,-3.57425456281752e-05
1.03812261698867,0.433894534068026,0.000336397292894253,0.000419069501449154,-3.54953159301349e-05
1.03812261698867,0.433894534068026,0.000336397292894253,0.000419069501449154,-3.54953159301349e-05
1.03845901428157,0.434313603569475,0.000317314233695409,0.000388850480564806,-3.51471811907522e-05
1.03845901428157,0.434313603569475,0.000317314233695409,0.000388850480564806,-3.51471811907522e-05
1.03877632851526,0.43470245405004,0.000298600250160597,0.000358728637383121,-3.46953189980686e-05
1.03877632851526,0.43470245405004,0.000298600250160597,0.000358728637383121,-3.46953189980686e-05
1.03907492876542,0.435061182687423,0.000280300411649836,0.000328779934473555,-3.41360591341312e-05
1.03907492876542,0.435061182687423,0.000280300411649836,0.000328779934473555,-3.41360591341312e-05
1.03935522917707,0.435389962621897,0.000262458158919898,0.000299079907446154,-3.34643467367788e-05
1.03935522917707,0.435389962621897,0.000262458158919898,0.000299079907446154,-3.34643467367788e-05
1.03961768733599,0.435689042529343,0.000245115051715317,0.000269703344757732,-3.26729358872433e-05
1.03961768733599,0.435689042529343,0.000245115051715317,0.000269703344757732,-3.26729358872433e-05
1.03986280238771,0.435958745874101,0.000228310520520969,0.00024072397603514,-3.17511588960146e-05
1.03986280238771,0.435958745874101,0.000228310520520969,0.00024072397603514,-3.17511588960146e-05
1.04009111290823,0.436199469850136,0.00021208162431896,0.000212214170352221,-3.06830200152586e-05
1.04009111290823,0.436199469850136,0.00021208162431896,0.000212214170352221,-3.06830200152586e-05
1.04030319453255,0.436411684020488,0.000196462816210996,0.000184244645687559,-2.94442107329131e-05
1.04030319453255,0.436411684020488,0.000196462816210996,0.000184244645687559,-2.94442107329131e-05
1.04049965734876,0.436595928666176,0.000181485718669494,0.000156884190770645,-2.79974312244873e-05
1.04049965734876,0.436595928666176,0.000181485718669494,0.000156884190770645,-2.79974312244873e-05
1.04068114306743,0.436752812856946,0.000167178910151611,0.000130199400315667,-2.62852029291605e-05
1.04068114306743,0.436752812856946,0.000167178910151611,0.000130199400315667,-2.62852029291605e-05
1.04084832197758,0.436883012257262,0.000153567724731518,0.000104254424506511,-2.42195813516256e-05
1.04084832197758,0.436883012257262,0.000153567724731518,0.000104254424506511,-2.42195813516256e-05
1.04100188970231,0.436987266681768,0.000140674066344992,7.91107335396113e-05,-2.16703752384183e-05
1.04100188970231,0.436987266681768,0.000140674066344992,7.91107335396113e-05,-2.16703752384183e-05
1.04114256376866,0.437066377415308,0.000128516239101151,5.48268978142197e-05,-1.84621640559525e-05
1.04114256376866,0.437066377415308,0.000128516239101151,5.48268978142197e-05,-1.84621640559525e-05
1.04127108000776,0.437121204313122,0.000117108795048448,3.14583843255556e-05,-1.44134754147663e-05
1.04127108000776,0.437121204313122,0.000117108795048448,3.14583843255556e-05,-1.44134754147663e-05
1.04138818880281,0.437152662697448,0.00010646240066059,9.05736962020232e-06,-9.47973858070232e-06
1.04138818880281,0.437152662697448,0.00010646240066059,9.05736962020232e-06,-9.47973858070232e-06
1.04149465120347,0.437161720067068,9.65837231929889e-05,-1.23274304207333e-05,-3.99692733812737e-06
1.04149465120347,0.437161720067068,9.65837231929889e-05,-1.23274304207333e-05,-3.99692733812737e-06
1.04159123492666,0.437149392636647,8.74753379225268e-05,-3.26509138226516e-05,1.25065131585303e-06
1.04159123492666,0.437149392636647,8.74753379225268e-05,-3.26509138226516e-05,1.25065131585303e-06
1.04167871026458,0.437116741722825,7.91356571683277e-05,-5.1871728735442e-05,5.44905680005691e-06
1.04167871026458,0.437116741722825,7.91356571683277e-05,-5.1871728735442e-05,5.44905680005691e-06
1.04175784592175,0.437064869994089,7.15588818165358e-05,-6.99523926698808e-05,8.25896756306293e-06
1.04175784592175,0.437064869994089,7.15588818165358e-05,-6.99523926698808e-05,8.25896756306293e-06
1.04182940480357,0.436994917601419,6.47349759865801e-05,-8.68593949546748e-05,9.8192579796166e-06
1.04182940480357,0.436994917601419,6.47349759865801e-05,-8.68593949546748e-05,9.8192579796166e-06
1.04189413977955,0.436908058206465,5.86496652914548e-05,-0.000102563282583512,1.04491704716083e-05
1.04189413977955,0.436908058206465,5.86496652914548e-05,-0.000102563282583512,1.04491704716083e-05
1.04195278944485,0.436805494923881,5.32844590148684e-05,-0.000117038729829821,1.0443744941811e-05
1.04195278944485,0.436805494923881,5.32844590148684e-05,-0.000117038729829821,1.0443744941811e-05
1.04200607390386,0.436688456194051,4.86166963740153e-05,-0.00013026459196408,1.00177451581706e-05
1.04200607390386,0.436688456194051,4.86166963740153e-05,-0.00013026459196408,1.00177451581706e-05
1.04205469060023,0.436558191602087,4.46196168852886e-05,-0.000142223943545017,9.31486541758721e-06
1.04205469060023,0.436558191602087,4.46196168852886e-05,-0.000142223943545017,9.31486541758721e-06
1.04209931021712,0.436415967658542,4.12624546926033e-05,-0.000152904101827667,8.42927931844986e-06
1.04209931021712,0.436415967658542,4.12624546926033e-05,-0.000152904101827667,8.42927931844986e-06
1.04214057267181,0.436263063556714,3.85105565912092e-05,-0.000162296635757397,7.42324172017304e-06
1.04214057267181,0.436263063556714,3.85105565912092e-05,-0.000162296635757397,7.42324172017304e-06
1.0421790832284,0.436100766920957,3.63255233333248e-05,-0.000170397361167474,6.33883564352643e-06
1.0421790832284,0.436100766920957,3.63255233333248e-05,-0.000170397361167474,6.33883564352643e-06
1.04221540875174,0.43593036955979,3.46653736362779e-05,-0.000177206322781231,5.20531947485991e-06
1.04221540875174,0.43593036955979,3.46653736362779e-05,-0.000177206322781231,5.20531947485991e-06
1.04225007412537,0.435753163237008,3.34847302041474e-05,-0.000182727763661628,4.04364614099272e-06
1.04225007412537,0.435753163237008,3.34847302041474e-05,-0.000182727763661628,4.04364614099272e-06
1.04228355885558,0.435570435473347,3.2735026916253e-05,-0.000186970082743987,2.86925325073011e-06
1.04228355885558,0.435570435473347,3.2735026916253e-05,-0.000186970082743987,2.86925325073011e-06
1.04231629388249,0.435383465390603,3.2364736213264e-05,-0.000189945781102596,1.6938082146503e-06
1.04231629388249,0.435383465390603,3.2364736213264e-05,-0.000189945781102596,1.6938082146503e-06
1.04234865861871,0.4351935196095,3.23196155824768e-05,-0.000191671397574478,5.26318665808843e-07
1.04234865861871,0.4351935196095,3.23196155824768e-05,-0.000191671397574478,5.26318665808843e-07
1.04238097823429,0.435001848211926,3.25429719345571e-05,-0.000192167434412416,-6.2614740977112e-07
1.04238097823429,0.435001848211926,3.25429719345571e-05,-0.000192167434412416,-6.2614740977112e-07
1.04241352120622,0.434809680777513,3.29759425363729e-05,-0.000191458273581302,-1.75798515597632e-06
1.04241352120622,0.434809680777513,3.29759425363729e-05,-0.000191458273581302,-1.75798515597632e-06
1.04244649714876,0.434618222503932,3.35577910768325e-05,-0.000189572084265732,-2.86473060152588e-06
1.04244649714876,0.434618222503932,3.35577910768325e-05,-0.000189572084265732,-2.86473060152588e-06
1.04248005493984,0.434428650419666,3.42262173458341e-05,-0.000186540722231232,-3.94283757319436e-06
1.04248005493984,0.434428650419666,3.42262173458341e-05,-0.000186540722231232,-3.94283757319436e-06
1.04251428115718,0.434242109697435,3.49176788987382e-05,-0.000182399621564966,-4.98951900290411e-06
1.04251428115718,0.434242109697435,3.49176788987382e-05,-0.000182399621564966,-4.98951900290411e-06
1.04254919883608,0.43405971007587,3.55677230001739e-05,-0.000177187679281432,-6.00263026807182e-06
1.04254919883608,0.43405971007587,3.55677230001739e-05,-0.000177187679281432,-6.00263026807182e-06
1.04258476655908,0.433882522396589,3.61113270950231e-05,-0.000170947133270316,-6.98057983002437e-06
1.04258476655908,0.433882522396589,3.61113270950231e-05,-0.000170947133270316,-6.98057983002437e-06
1.04262087788618,0.433711575263318,3.64832459847086e-05,-0.000163723434109309,-7.92225741911239e-06
1.04262087788618,0.433711575263318,3.64832459847086e-05,-0.000163723434109309,-7.92225741911239e-06
1.04265736113216,0.433547851829209,3.66183638316198e-05,-0.000155565111071787,-8.8269726062045e-06
1.04265736113216,0.433547851829209,3.66183638316198e-05,-0.000155565111071787,-8.8269726062045e-06
1.04269397949599,0.433392286718137,3.64520490543363e-05,-0.00014652363274642,-9.69439826831696e-06
1.04269397949599,0.433392286718137,3.64520490543363e-05,-0.00014652363274642,-9.69439826831696e-06
1.04273043154505,0.433245763085391,3.59205101787552e-05,-0.000136653262568787,-1.0524513476114e-05
1.04273043154505,0.433245763085391,3.59205101787552e-05,-0.000136653262568787,-1.0524513476114e-05
1.04276635205523,0.433109109822822,3.49611506607062e-05,-0.000126010909584695,-1.131753861163e-05
1.04276635205523,0.433109109822822,3.49611506607062e-05,-0.000126010909584695,-1.131753861163e-05
1.04280131320589,0.432983098913237,3.35129207091889e-05,-0.000114655974667865,-1.20738494618763e-05
1.04280131320589,0.432983098913237,3.35129207091889e-05,-0.000114655974667865,-1.20738494618763e-05
1.0428348261266,0.432868442938569,3.15166641571274e-05,-0.000102650192449871,-1.27938405474047e-05
1.0428348261266,0.432868442938569,3.15166641571274e-05,-0.000102650192449871,-1.27938405474047e-05
1.04286634279075,0.43276579274612,2.89154583872353e-05,-9.00574691012346e-05,-1.34776584548691e-05
1.04286634279075,0.43276579274612,2.89154583872353e-05,-9.00574691012346e-05,-1.34776584548691e-05
1.04289525824914,0.432675735277018,2.5654945397191e-05,-7.69437161943776e-05,-1.41245609660883e-05
1.04289525824914,0.432675735277018,2.5654945397191e-05,-7.69437161943776e-05,-1.41245609660883e-05
1.04292091319454,0.432598791560824,2.16836520696706e-05,-6.33766807162095e-05,-1.4730988457885e-05
1.04292091319454,0.432598791560824,2.16836520696706e-05,-6.33766807162095e-05,-1.4730988457885e-05
1.04294259684661,0.432535414880108,1.69532978198106e-05,-4.94257713625212e-05,-1.52828465341121e-05
1.04294259684661,0.432535414880108,1.69532978198106e-05,-4.94257713625212e-05,-1.52828465341121e-05
1.04295955014443,0.432485989108745,1.14190878071074e-05,-3.51618812001186e-05,-1.57064754659496e-05
1.04295955014443,0.432485989108745,1.14190878071074e-05,-3.51618812001186e-05,-1.57064754659496e-05
1.04297096923223,0.432450827227545,5.0399899946818e-06,-2.06572067779076e-05,-1.48792788270651e-05
1.04297096923223,0.432450827227545,5.0399899946818e-06,-2.06572067779076e-05,-1.48792788270651e-05
1.04297600922223,0.432430170020767,-2.22100561653171e-06,-5.98506375604213e-06,7.22435662156971e-06
1.04297600922223,0.432430170020767,-2.22100561653171e-06,-5.98506375604213e-06,7.22435662156971e-06
1.04297378821661,0.432424184957011,-1.03966471365347e-05,8.78030088330428e-06,1.69875280673373e-05
1.04297378821661,0.432424184957011,-1.03966471365347e-05,8.78030088330428e-06,1.69875280673373e-05
1.04296339156948,0.432432965257894,-1.95152018065414e-05,2.35638999552257e-05,1.78017076262471e-05
1.04296339156948,0.432432965257894,-1.95152018065414e-05,2.35638999552257e-05,1.78017076262471e-05
1.04294387636767,0.43245652915785,-2.96002592172773e-05,3.82902004700814e-05,1.8316399408719e-05
1.04294387636767,0.43245652915785,-2.96002592172773e-05,3.82902004700814e-05,1.8316399408719e-05
1.04291427610845,0.43249481935832,-4.06705579902855e-05,5.28833212300461e-05,1.87634472003131e-05
1.04291427610845,0.43249481935832,-4.06705579902855e-05,5.28833212300461e-05,1.87634472003131e-05
1.04287360555046,0.43254770267955,-5.27398370451237e-05,6.72672335175761e-05,1.91757316697204e-05
1.04287360555046,0.43254770267955,-5.27398370451237e-05,6.72672335175761e-05,1.91757316697204e-05
1.04282086571342,0.432614969913067,-6.58167124316655e-05,8.13659647518339e-05,1.95623956215782e-05
1.04282086571342,0.432614969913067,-6.58167124316655e-05,8.13659647518339e-05,1.95623956215782e-05
1.04275504900098,0.432696335877819,-7.99045805861542e-05,9.51038049861741e-05,1.99270240408759e-05
1.04275504900098,0.432696335877819,-7.99045805861542e-05,9.51038049861741e-05,1.99270240408759e-05
1.0426751444204,0.432791439682805,-9.50015487177769e-05,0.000108405515994892,2.02713402213638e-05
1.0426751444204,0.432791439682805,-9.50015487177769e-05,0.000108405515994892,2.02713402213638e-05
1.04258014287168,0.4328998451988,-0.000111100392883978,0.000121196542775204,2.05962592232489e-05
1.04258014287168,0.4328998451988,-0.000111100392883978,0.000121196542775204,2.05962592232489e-05
1.0424690424788,0.433021041741575,-0.000128188544139318,0.000133403227176199,2.09022632373002e-05
1.0424690424788,0.433021041741575,-0.000128188544139318,0.000133403227176199,2.09022632373002e-05
1.04234085393466,0.433154444968752,-0.000146248103005453,0.000144953023334671,2.11895623157818e-05
1.04234085393466,0.433154444968752,-0.000146248103005453,0.000144953023334671,2.11895623157818e-05
1.04219460583165,0.433299397992086,-0.000165255882346615,0.000155774714561796,2.14581771445697e-05
1.04219460583165,0.433299397992086,-0.000165255882346615,0.000155774714561796,2.14581771445697e-05
1.04202934994931,0.433455172706648,-0.000185183478571771,0.0001657986312954,2.17079907989733e-05
1.04202934994931,0.433455172706648,-0.000185183478571771,0.0001657986312954,2.17079907989733e-05
1.04184416647073,0.433620971337944,-0.000205997370874789,0.000174956869612664,2.19387875836622e-05
1.04184416647073,0.433620971337944,-0.000205997370874789,0.000174956869612664,2.19387875836622e-05
1.04163816909986,0.433795928207556,-0.000227659048122719,0.000183183509790297,2.21502862828202e-05
1.04163816909986,0.433795928207556,-0.000227659048122719,0.000183183509790297,2.21502862828202e-05
1.04141051005174,0.433979111717346,-0.000250125162803094,0.000190414834300268,2.23421708947085e-05
1.04141051005174,0.433979111717346,-0.000250125162803094,0.000190414834300268,2.23421708947085e-05
1.04116038488893,0.434169526551647,-0.0002733477112844,0.000196589544577463,2.25141200651132e-05
1.04116038488893,0.434169526551647,-0.0002733477112844,0.000196589544577463,2.25141200651132e-05
1.04088703717765,0.434366116096224,-0.00029727423949244,0.000201648975902635,2.26658354407804e-05
1.04088703717765,0.434366116096224,-0.00029727423949244,0.000201648975902635,2.26658354407804e-05
1.04058976293816,0.434567765072127,-0.000321848072921904,0.000205537309627413,2.27970688279331e-05
1.04058976293816,0.434567765072127,-0.000321848072921904,0.000205537309627413,2.27970688279331e-05
1.04026791486523,0.434773302381754,-0.000347008569796303,0.000208201781896233,2.29076478321527e-05
1.04026791486523,0.434773302381754,-0.000347008569796303,0.000208201781896233,2.29076478321527e-05
1.03992090629544,0.434981504163651,-0.000372691396025138,0.000209592888040011,2.29974994547659e-05
1.03992090629544,0.434981504163651,-0.000372691396025138,0.000209592888040011,2.29974994547659e-05
1.03954821489941,0.435191097051691,-0.000398828820450392,0.000209664581643565,2.30666712955175e-05
1.03954821489941,0.435191097051691,-0.000398828820450392,0.000209664581643565,2.30666712955175e-05
1.03914938607896,0.435400761633334,-0.000425350028788518,0.000208374467395855,2.31153498178843e-05
1.03914938607896,0.435400761633334,-0.000425350028788518,0.000208374467395855,2.31153498178843e-05
1.03872403605017,0.43560913610073,-0.000452181454529299,0.000205683986672478,2.31438752899387e-05
1.03872403605017,0.43560913610073,-0.000452181454529299,0.000205683986672478,2.31438752899387e-05
1.03827185459564,0.435814820087402,-0.000479247124963056,0.000201558594796203,2.31527530622283e-05
1.03827185459564,0.435814820087402,-0.000479247124963056,0.000201558594796203,2.31527530622283e-05
1.03779260747068,0.436016378682199,-0.00050646902042506,0.00019596792894605,2.31426608055802e-05
1.03779260747068,0.436016378682199,-0.00050646902042506,0.00019596792894605,2.31426608055802e-05
1.03728613845026,0.436212346611145,-0.000533767444748312,0.00018888596553468,2.31144515413107e-05
1.03728613845026,0.436212346611145,-0.000533767444748312,0.00018888596553468,2.31144515413107e-05
1.03675237100551,0.436401232576679,-0.000561061404863006,0.000180291165997992,2.3069152263503e-05
1.03675237100551,0.436401232576679,-0.000561061404863006,0.000180291165997992,2.3069152263503e-05
1.03619130960065,0.436581523742677,-0.000588268997431474,0.000170166609842315,2.30079580628562e-05
1.03619130960065,0.436581523742677,-0.000588268997431474,0.000170166609842315,2.30079580628562e-05
1.03560304060321,0.43675169035252,-0.000615307800353238,0.000158500113812465,2.29322217794283e-05
1.03560304060321,0.43675169035252,-0.000615307800353238,0.000158500113812465,2.29322217794283e-05
1.03498773280286,0.436910190466332,-0.000642095266974341,0.000145284336080909,2.28434392882596e-05
1.03498773280286,0.436910190466332,-0.000642095266974341,0.000145284336080909,2.28434392882596e-05
1.03434563753589,0.437055474802413,-0.000668549120858009,0.000130516864340791,2.27432305611133e-05
1.03434563753589,0.437055474802413,-0.000668549120858009,0.000130516864340791,2.27432305611133e-05
1.03367708841503,0.437185991666754,-0.000694587748931719,0.000114200286792321,2.26333168121787e-05
1.03367708841503,0.437185991666754,-0.000694587748931719,0.000114200286792321,2.26333168121787e-05
1.0329825006661,0.437300191953546,-0.000720130590922796,9.63422449357099e-05,2.25154940835128e-05
1.0329825006661,0.437300191953546,-0.000720130590922796,9.63422449357099e-05,2.25154940835128e-05
1.03226237007517,0.437396534198482,-0.000745098523007526,7.69554672213069e-05,2.23916037299515e-05
1.03226237007517,0.437396534198482,-0.000745098523007526,7.69554672213069e-05,2.23916037299515e-05
1.03151727155217,0.437473489665703,-0.000769414233670496,5.6057782661878e-05,2.22635003388529e-05
1.03151727155217,0.437473489665703,-0.000769414233670496,5.6057782661878e-05,2.22635003388529e-05
1.0307478573185,0.437529547448365,-0.000793002589842828,3.36721135330009e-05,2.21330177714727e-05
1.0307478573185,0.437529547448365,-0.000793002589842828,3.36721135330009e-05,2.21330177714727e-05
1.02995485472865,0.437563219561898,-0.000815790991524734,9.82644641001063e-06,2.20019340049741e-05
1.02995485472865,0.437563219561898,-0.000815790991524734,9.82644641001063e-06,2.20019340049741e-05
1.02913906373713,0.437573046008308,-0.00083770971317132,-1.54462190918303e-05,2.18719355849418e-05
1.02913906373713,0.437573046008308,-0.00083770971317132,-1.54462190918303e-05,2.18719355849418e-05
1.02830135402396,0.437557599789216,-0.000858692230270464,-4.21079444919981e-05,2.17445825433668e-05
1.02830135402396,0.437557599789216,-0.000858692230270464,-4.21079444919981e-05,2.17445825433668e-05
1.02744266179369,0.437515491844724,-0.000878675529682349,-7.01159499499893e-05,2.16212746327884e-05
1.02744266179369,0.437515491844724,-0.000878675529682349,-7.01159499499893e-05,2.16212746327884e-05
1.026563986264,0.437445375894774,-0.000897600402428811,-9.94227354372823e-05,2.15032198129555e-05
1.026563986264,0.437445375894774,-0.000897600402428811,-9.94227354372823e-05,2.15032198129555e-05
1.02566638586158,0.437345953159337,-0.000915411717808956,-0.000129976225792694,2.13914058637826e-05
1.02566638586158,0.437345953159337,-0.000915411717808956,-0.000129976225792694,2.13914058637826e-05
1.02475097414377,0.437215976933544,-0.000932058677858505,-0.000161719939724525,2.12865759651552e-05
1.02475097414377,0.437215976933544,-0.000932058677858505,-0.000161719939724525,2.12865759651552e-05
1.02381891546591,0.43705425699382,-0.000947495051323965,-0.000194593182647473,2.11892090261828e-05
1.02381891546591,0.43705425699382,-0.000947495051323965,-0.000194593182647473,2.11892090261828e-05
1.02287142041458,0.436859663811172,-0.000961679386485725,-0.00022853126308775,2.1099505461234e-05
1.02287142041458,0.436859663811172,-0.000961679386485725,-0.00022853126308775,2.1099505461234e-05
1.0219097410281,0.436631132548084,-0.000974575202324024,-0.000263465732272483,2.10173789706267e-05
1.0219097410281,0.436631132548084,-0.000974575202324024,-0.000263465732272483,2.10173789706267e-05
1.02093516582577,0.436367666815812,-0.000986151157658544,-0.000299324646366894,2.09424547200027e-05
1.02093516582577,0.436367666815812,-0.000986151157658544,-0.000299324646366894,2.09424547200027e-05
1.01994901466812,0.436068342169445,-0.000996381198031138,-0.000336032850584478,2.08740741729863e-05
1.01994901466812,0.436068342169445,-0.000996381198031138,-0.000336032850584478,2.08740741729863e-05
1.01895263347008,0.435732309318861,-0.00100524468022201,-0.000373512284322919,2.08113066018328e-05
1.01895263347008,0.435732309318861,-0.00100524468022201,-0.000373512284322919,2.08113066018328e-05
1.01794738878986,0.435358797034538,-0.00101272647440886,-0.000411682306196981,2.07529671474057e-05
1.01794738878986,0.435358797034538,-0.00101272647440886,-0.000411682306196981,2.07529671474057e-05
1.01693466231545,0.434947114728341,-0.00101881704407414,-0.000450460037756839,2.06976410742292e-05
1.01693466231545,0.434947114728341,-0.00101881704407414,-0.000450460037756839,2.06976410742292e-05
1.01591584527138,0.434496654690584,-0.00102351250384158,-0.000489760724484645,2.06437137233409e-05
1.01591584527138,0.434496654690584,-0.00102351250384158,-0.000489760724484645,2.06437137233409e-05
1.01489233276754,0.434006893966099,-0.00102681465552057,-0.000529498112507465,2.05894054530998e-05
1.01489233276754,0.434006893966099,-0.00102681465552057,-0.000529498112507465,2.05894054530998e-05
1.01386551811202,0.433477395853592,-0.00102873100267442,-0.000569584839303916,2.05328107621826e-05
1.01386551811202,0.433477395853592,-0.00102873100267442,-0.000569584839303916,2.05328107621826e-05
1.01283678710934,0.432907811014288,-0.00102927474410008,-0.000609932836537819,2.04719406474093e-05
1.01283678710934,0.432907811014288,-0.00102927474410008,-0.000609932836537819,2.04719406474093e-05
1.01180751236524,0.43229787817775,-0.00102846474662721,-0.000650453743021695,2.04047671319889e-05
1.01180751236524,0.43229787817775,-0.00102846474662721,-0.000650453743021695,2.04047671319889e-05
1.01077904761862,0.431647424434728,-0.00102632549763793,-0.000691059325634791,2.03292689886139e-05
1.01077904761862,0.431647424434728,-0.00102632549763793,-0.000691059325634791,2.03292689886139e-05
1.00975272212098,0.430956365109094,-0.00102288703779108,-0.000731661905940539,2.0243477588648e-05
1.00975272212098,0.430956365109094,-0.00102288703779108,-0.000731661905940539,2.0243477588648e-05
1.00872983508319,0.430224703203153,-0.00101818487440974,-0.000772174790156455,2.01455218836433e-05
1.00872983508319,0.430224703203153,-0.00101818487440974,-0.000772174790156455,2.01455218836433e-05
1.00771165020878,0.429452528412997,-0.00101225987600428,-0.000812512700042012,2.0033671528619e-05
1.00771165020878,0.429452528412997,-0.00101225987600428,-0.000812512700042012,2.0033671528619e-05
1.00669939033277,0.428640015712955,-0.00100515814837299,-0.000852592202139846,1.99063773650874e-05
1.00669939033277,0.428640015712955,-0.00100515814837299,-0.000852592202139846,1.99063773650874e-05
1.0056942321844,0.427787423510815,-0.000996930892762871,-0.00089233213278106,1.976230859193e-05
1.0056942321844,0.427787423510815,-0.000996930892762871,-0.00089233213278106,1.976230859193e-05
1.00469730129164,0.426895091378034,-0.000987634246537805,-0.000931654016319339,1.9600386002009e-05
1.00469730129164,0.426895091378034,-0.000987634246537805,-0.000931654016319339,1.9600386002009e-05
1.0037096670451,0.425963437361714,-0.000977329106822244,-0.000970482473920564,1.94198108821287e-05
1.0037096670451,0.425963437361714,-0.000977329106822244,-0.000970482473920564,1.94198108821287e-05
1.00273233793828,0.424992954887794,-0.000966080937575553,-0.00100874562028719,1.92200893283675e-05
1.00273233793828,0.424992954887794,-0.000966080937575553,-0.00100874562028719,1.92200893283675e-05
1.0017662570007,0.423984209267507,-0.00095395956055544,-0.00104637544575076,1.9001051860411e-05
1.0017662570007,0.423984209267507,-0.00095395956055544,-0.00104637544575076,1.9001051860411e-05
1.00081229744015,0.422937833821756,-0.0009410389306439,-0.00108330818121322,1.87628683138812e-05
1.00081229744015,0.422937833821756,-0.0009410389306439,-0.00108330818121322,1.87628683138812e-05
0.999871258509502,0.421854525640543,-0.000927396896007959,-0.00111948464345579,1.85060582182041e-05
0.999871258509502,0.421854525640543,-0.000927396896007959,-0.00111948464345579,1.85060582182041e-05
0.998943861613494,0.420735040997087,-0.00091311494362134,-0.00115485055849651,1.82314968354776e-05
0.998943861613494,0.420735040997087,-0.00091311494362134,-0.00115485055849651,1.82314968354776e-05
0.998030746669872,0.41958019043859,-0.000898277930681757,-0.00118935686072669,1.79404172560632e-05
0.998030746669872,0.41958019043859,-0.000898277930681757,-0.00118935686072669,1.79404172560632e-05
0.997132468739191,0.418390833577864,-0.000882973802509457,-0.00122295996577815,1.76344089172342e-05
0.997132468739191,0.418390833577864,-0.000882973802509457,-0.00122295996577815,1.76344089172342e-05
0.996249494936681,0.417167873612085,-0.000867293297573735,-0.0012556220151928,1.7315412974523e-05
0.996249494936681,0.417167873612085,-0.000867293297573735,-0.0012556220151928,1.7315412974523e-05
0.995382201639108,0.415912251596893,-0.000851329640336074,-0.00128731109116015,1.69857149791741e-05
0.995382201639108,0.415912251596893,-0.000851329640336074,-0.00128731109116015,1.69857149791741e-05
0.994530871998771,0.414624940505733,-0.000835178222685196,-0.00131800139977939,1.66479353497567e-05
0.994530871998771,0.414624940505733,-0.000835178222685196,-0.00131800139977939,1.66479353497567e-05
0.993695693776086,0.413306939105953,-0.000818936274829096,-0.00134767342156167,1.63050180372356e-05
0.993695693776086,0.413306939105953,-0.000818936274829096,-0.00134767342156167,1.63050180372356e-05
0.992876757501257,0.411959265684391,-0.000802702526565224,-0.00137631402810684,1.59602177833367e-05
0.992876757501257,0.411959265684391,-0.000802702526565224,-0.00137631402810684,1.59602177833367e-05
0.992074054974692,0.410582951656285,-0.000786576859970634,-0.00140391656413369,1.56170862807771e-05
0.992074054974692,0.410582951656285,-0.000786576859970634,-0.00140391656413369,1.56170862807771e-05
0.991287478114721,0.409179035092151,-0.000770659954645758,-0.0014304808942831,1.52794574257399e-05
0.991287478114721,0.409179035092151,-0.000770659954645758,-0.0014304808942831,1.52794574257399e-05
0.990516818160076,0.407748554197868,-0.000755052926739719,-0.00145601341431256,1.49514318897874e-05
0.990516818160076,0.407748554197868,-0.000755052926739719,-0.00145601341431256,1.49514318897874e-05
0.989761765233336,0.406292540783555,-0.00073985696308343,-0.00148052702664381,1.46373609729517e-05
0.989761765233336,0.406292540783555,-0.00073985696308343,-0.00148052702664381,1.46373609729517e-05
0.989021908270252,0.404812013756911,-0.000725172951851039,-0.00150404108037894,1.43418296828881e-05
0.989021908270252,0.404812013756911,-0.000725172951851039,-0.00150404108037894,1.43418296828881e-05
0.988296735318401,0.403307972676533,-0.000711101111260937,-0.00152658127615601,1.40696388732577e-05
0.988296735318401,0.403307972676533,-0.000711101111260937,-0.00152658127615601,1.40696388732577e-05
0.98758563420714,0.401781391400376,-0.000697740617902065,-0.00154817953646769,1.38257860949516e-05
0.98758563420714,0.401781391400376,-0.000697740617902065,-0.00154817953646769,1.38257860949516e-05
0.986887893589238,0.400233211863909,-0.000685189236340533,-0.00156887384223275,1.36154447618775e-05
0.986887893589238,0.400233211863909,-0.000685189236340533,-0.00156887384223275,1.36154447618775e-05
0.986202704352898,0.398664338021676,-0.00067354295171318,-0.00158870803663258,1.34439410958581e-05
0.986202704352898,0.398664338021676,-0.00067354295171318,-0.00158870803663258,1.34439410958581e-05
0.985529161401185,0.397075629985043,-0.000662895607034364,-0.00160773159739908,1.33167282331051e-05
0.985529161401185,0.397075629985043,-0.000662895607034364,-0.00160773159739908,1.33167282331051e-05
0.98486626579415,0.395467898387644,-0.00065333854698435,-0.00162599937888902,1.32393568767356e-05
0.98486626579415,0.395467898387644,-0.00065333854698435,-0.00162599937888902,1.32393568767356e-05
0.984212927247166,0.393841899008755,-0.000644960269949091,-0.00164357132549658,1.32174416763494e-05
0.984212927247166,0.393841899008755,-0.000644960269949091,-0.00164357132549658,1.32174416763494e-05
0.983567966977217,0.392198327683259,-0.000637846090052574,-0.00166051215798269,1.32566227222244e-05
0.983567966977217,0.392198327683259,-0.000637846090052574,-0.00166051215798269,1.32566227222244e-05
0.982930120887164,0.390537815525276,-0.000632077810907905,-0.0016768910345254,1.33625214077098e-05
0.982930120887164,0.390537815525276,-0.000632077810907905,-0.0016768910345254,1.33625214077098e-05
0.982298043076256,0.388860924490751,-0.000627733412765452,-0.00169278118832528,1.35406901196047e-05
0.982298043076256,0.388860924490751,-0.000627733412765452,-0.00169278118832528,1.35406901196047e-05
0.981670309663491,0.387168143302425,-0.000624886754663989,-0.0017082595437436,1.37965553220635e-05
0.981670309663491,0.387168143302425,-0.000624886754663989,-0.0017082595437436,1.37965553220635e-05
0.981045422908827,0.385459883758682,-0.000623607293104733,-0.0017234063130368,1.41353538050718e-05
0.981045422908827,0.385459883758682,-0.000623607293104733,-0.0017234063130368,1.41353538050718e-05
0.980421815615722,0.383736477445645,-0.000623959818690789,-0.00173830457581248,1.45620621732018e-05
0.980421815615722,0.383736477445645,-0.000623959818690789,-0.00173830457581248,1.45620621732018e-05
0.979797855797031,0.381998172869833,-0.000626004212060272,-0.00175303984342556,1.50813199340718e-05
0.979797855797031,0.381998172869833,-0.000626004212060272,-0.00175303984342556,1.50813199340718e-05
0.979171851584971,0.380245133026407,-0.000629795220331242,-0.00176769961055495,1.56973469781086e-05
0.979171851584971,0.380245133026407,-0.000629795220331242,-0.00176769961055495,1.56973469781086e-05
0.97854205636464,0.378477433415852,-0.000635382255124939,-0.00178237289626443,1.64138567117383e-05
0.97854205636464,0.378477433415852,-0.000635382255124939,-0.00178237289626443,1.64138567117383e-05
0.977906674109515,0.376695060519588,-0.00064280921310389,-0.00179714977692935,1.7233966472847e-05
0.977906674109515,0.376695060519588,-0.00064280921310389,-0.00179714977692935,1.7233966472847e-05
0.977263864896411,0.374897910742658,-0.000652114319815822,-0.00181212091337818,1.81601074242864e-05
0.977263864896411,0.374897910742658,-0.000652114319815822,-0.00181212091337818,1.81601074242864e-05
0.976611750576595,0.37308578982928,-0.000663329997472983,-0.00182737707466935,1.91939364830621e-05
0.976611750576595,0.37308578982928,-0.000663329997472983,-0.00182737707466935,1.91939364830621e-05
0.975948420579122,0.371258412754611,-0.000676482757128061,-0.00184300866091419,2.03362533410176e-05
0.975948420579122,0.371258412754611,-0.000676482757128061,-0.00184300866091419,2.03362533410176e-05
0.975271937821994,0.369415404093697,-0.00069159311555822,-0.0018591052276779,2.15869256299591e-05
0.975271937821994,0.369415404093697,-0.00069159311555822,-0.0018591052276779,2.15869256299591e-05
0.974580344706436,0.367556298866019,-0.000708675536997605,-0.00187575501434417,2.29448255729928e-05
0.974580344706436,0.367556298866019,-0.000708675536997605,-0.00187575501434417,2.29448255729928e-05
0.973871669169438,0.365680543851674,-0.000727738399716293,-0.00189304447886751,2.44077813569836e-05
0.973871669169438,0.365680543851674,-0.000727738399716293,-0.00189304447886751,2.44077813569836e-05
0.973143930769722,0.363787499372807,-0.000748783987266632,-0.00191105784135964,2.5972546048139e-05
0.973143930769722,0.363787499372807,-0.000748783987266632,-0.00191105784135964,2.5972546048139e-05
0.972395146782455,0.361876441531447,-0.000771808504048899,-0.00192987663884103,2.76347865333084e-05
0.972395146782455,0.361876441531447,-0.000771808504048899,-0.00192987663884103,2.76347865333084e-05
0.971623338278407,0.359946564892606,-0.000796802114742534,-0.00194957929351885,2.93890941042907e-05
0.971623338278407,0.359946564892606,-0.000796802114742534,-0.00194957929351885,2.93890941042907e-05
0.970826536163664,0.357996985599087,-0.000823749006975794,-0.00197024069682777,3.12290174635022e-05
0.970826536163664,0.357996985599087,-0.000823749006975794,-0.00197024069682777,3.12290174635022e-05
0.970002787156688,0.35602674490226,-0.000852627476471857,-0.00199193181135293,3.31471180864849e-05
0.970002787156688,0.35602674490226,-0.000852627476471857,-0.00199193181135293,3.31471180864849e-05
0.969150159680216,0.354034813090907,-0.000883410033810317,-0.00201471929275981,3.5135046633209e-05
0.969150159680216,0.354034813090907,-0.000883410033810317,-0.00201471929275981,3.5135046633209e-05
0.968266749646406,0.352020093798147,-0.000916063531833267,-0.00203866513361156,3.71836382562682e-05
0.968266749646406,0.352020093798147,-0.000916063531833267,-0.00203866513361156,3.71836382562682e-05
0.967350686114573,0.349981428664535,-0.000950549312608295,-0.00206382633084978,3.9283023811332e-05
0.967350686114573,0.349981428664535,-0.000950549312608295,-0.00206382633084978,3.9283023811332e-05
0.966400136801964,0.347917602333686,-0.000986823372821077,-0.00209025457859097,4.14227532429742e-05
0.966400136801964,0.347917602333686,-0.000986823372821077,-0.00209025457859097,4.14227532429742e-05
0.965413313429143,0.345827347755095,-0.00102483654634611,-0.00211799598773726,4.35919269857902e-05
0.965413313429143,0.345827347755095,-0.00102483654634611,-0.00211799598773726,4.35919269857902e-05
0.964388476882797,0.343709351767357,-0.00106453470273093,-0.00214709083370118,4.57793310980497e-05
0.964388476882797,0.343709351767357,-0.00106453470273093,-0.00214709083370118,4.57793310980497e-05
0.963323942180066,0.341562260933656,-0.00110585896026849,-0.00217757333342178,4.7973571908284e-05
0.963323942180066,0.341562260933656,-0.00110585896026849,-0.00217757333342178,4.7973571908284e-05
0.962218083219798,0.339384687600234,-0.00114874591234304,-0.00220947145266542,5.01632062109808e-05
0.962218083219798,0.339384687600234,-0.00114874591234304,-0.00220947145266542,5.01632062109808e-05
0.961069337307455,0.337175216147569,-0.00119312786567727,-0.00224280674436889,5.23368636426058e-05
0.961069337307455,0.337175216147569,-0.00119312786567727,-0.00224280674436889,5.23368636426058e-05
0.959876209441778,0.3349324094032,-0.00123893308912226,-0.00227759421858742,5.44833586385673e-05
0.959876209441778,0.3349324094032,-0.00123893308912226,-0.00227759421858742,5.44833586385673e-05
0.958637276352655,0.332654815184613,-0.00128608607164815,-0.00231384224453107,5.65917899500853e-05
0.958637276352655,0.332654815184613,-0.00128608607164815,-0.00231384224453107,5.65917899500853e-05
0.957351190281007,0.330340972940082,-0.00133450778821687,-0.00235155248490565,5.86516265732532e-05
0.957351190281007,0.330340972940082,-0.00133450778821687,-0.00235155248490565,5.86516265732532e-05
0.95601668249279,0.327989420455176,-0.00138411597223032,-0.00239071986264866,6.06527796386167e-05
0.95601668249279,0.327989420455176,-0.00138411597223032,-0.00239071986264866,6.06527796386167e-05
0.95463256652056,0.325598700592527,-0.00143482539328077,-0.00243133255999639,6.2585660357732e-05
0.95463256652056,0.325598700592527,-0.00143482539328077,-0.00243133255999639,6.2585660357732e-05
0.953197741127279,0.323167368032531,-0.00148654813895055,-0.00247337204957998,6.44412247812151e-05
0.953197741127279,0.323167368032531,-0.00148654813895055,-0.00247337204957998,6.44412247812151e-05
0.951711192988329,0.320693995982951,-0.00153919389946178,-0.00251681315715563,6.62110064403717e-05
0.951711192988329,0.320693995982951,-0.00153919389946178,-0.00251681315715563,6.62110064403717e-05
0.950171999088867,0.318177182825795,-0.00159267025398757,-0.00256162415542754,6.78871382032028e-05
0.950171999088867,0.318177182825795,-0.00159267025398757,-0.00256162415542754,6.78871382032028e-05
0.948579328834879,0.315615558670368,-0.00164688295748772,-0.00260776688825154,6.94623648471444e-05
0.948579328834879,0.315615558670368,-0.00164688295748772,-0.00260776688825154,6.94623648471444e-05
0.946932445877392,0.313007791782116,-0.00170173622697301,-0.00265519692437954,7.09300478065416e-05
0.946932445877392,0.313007791782116,-0.00170173622697301,-0.00265519692437954,7.09300478065416e-05
0.945230709650419,0.310352594857737,-0.00175713302611014,-0.00270386373970483,7.22841636801542e-05
0.945230709650419,0.310352594857737,-0.00175713302611014,-0.00270386373970483,7.22841636801542e-05
0.943473576624308,0.307648731118032,-0.00181297534713176,-0.00275371092694771,7.35192978218793e-05
0.943473576624308,0.307648731118032,-0.00181297534713176,-0.00275371092694771,7.35192978218793e-05
0.941660601277177,0.304895020191084,-0.00186916448905572,-0.00280467643153276,7.46306342291549e-05
0.941660601277177,0.304895020191084,-0.00186916448905572,-0.00280467643153276,7.46306342291549e-05
0.939791436788121,0.302090343759551,-0.00192560133126141,-0.00285669281226902,7.5613942756745e-05
0.939791436788121,0.302090343759551,-0.00192560133126141,-0.00285669281226902,7.5613942756745e-05
0.93786583545686,0.299233650947282,-0.00198218660149629,-0.00290968752530751,7.64655646314639e-05
0.93786583545686,0.299233650947282,-0.00198218660149629,-0.00290968752530751,7.64655646314639e-05
0.935883648855363,0.296323963421975,-0.00203882113744713,-0.00296358322985291,7.71823968216197e-05
0.935883648855363,0.296323963421975,-0.00203882113744713,-0.00296358322985291,7.71823968216197e-05
0.933844827717916,0.293360380192122,-0.0020954061410543,-0.00301829811383553,7.77618759222102e-05
0.933844827717916,0.293360380192122,-0.0020954061410543,-0.00301829811383553,7.77618759222102e-05
0.931749421576862,0.290342082078286,-0.00215184342480113,-0.00307374623781131,7.82019619021269e-05
0.931749421576862,0.290342082078286,-0.00215184342480113,-0.00307374623781131,7.82019619021269e-05
0.929597578152061,0.287268335840475,-0.00220803564926242,-0.00312983789523125,7.85011219545683e-05
0.929597578152061,0.287268335840475,-0.00220803564926242,-0.00312983789523125,7.85011219545683e-05
0.927389542502798,0.284138497945244,-0.00226388655126952,-0.00318647998711946,7.8658314655782e-05
0.927389542502798,0.284138497945244,-0.00226388655126952,-0.00318647998711946,7.8658314655782e-05
0.925125655951529,0.280952017958124,-0.00231930116210177,-0.00324357640920953,7.86729744654754e-05
0.925125655951529,0.280952017958124,-0.00231930116210177,-0.00324357640920953,7.86729744654754e-05
0.922806354789427,0.277708441548915,-0.0023741860151989,-0.00330102844948371,7.85449966420413e-05
0.922806354789427,0.277708441548915,-0.0023741860151989,-0.00330102844948371,7.85449966420413e-05
0.920432168774228,0.274407413099431,-0.00242844934294872,-0.00335873519411511,7.82747224908793e-05
0.920432168774228,0.274407413099431,-0.00242844934294872,-0.00335873519411511,7.82747224908793e-05
0.918003719431279,0.271048677905316,-0.00248200126219833,-0.00341659393972565,7.78629249113634e-05
0.918003719431279,0.271048677905316,-0.00248200126219833,-0.00341659393972565,7.78629249113634e-05
0.915521718169081,0.26763208396559,-0.00253475394817149,-0.00347450060993992,7.73107941271405e-05
0.915521718169081,0.26763208396559,-0.00253475394817149,-0.00347450060993992,7.73107941271405e-05
0.91298696422091,0.26415758335565,-0.00258662179659697,-0.00353235017415687,7.66199235580521e-05
0.91298696422091,0.26415758335565,-0.00258662179659697,-0.00353235017415687,7.66199235580521e-05
0.910400342424313,0.260625233181494,-0.00263752157388075,-0.00359003706658545,7.57922956347735e-05
0.910400342424313,0.260625233181494,-0.00263752157388075,-0.00359003706658545,7.57922956347735e-05
0.907762820850432,0.257035196114908,-0.00268737255527063,-0.00364745560346996,7.48302675403828e-05
0.907762820850432,0.257035196114908,-0.00268737255527063,-0.00364745560346996,7.48302675403828e-05
0.905075448295161,0.253387740511438,-0.00273609665100405,-0.00370450039659442,7.37365567934582e-05
0.905075448295161,0.253387740511438,-0.00273609665100405,-0.00370450039659442,7.37365567934582e-05
0.902339351644157,0.249683240114844,-0.00278361852051889,-0.00376106676119711,7.25142265705029e-05
0.902339351644157,0.249683240114844,-0.00278361852051889,-0.00376106676119711,7.25142265705029e-05
0.899555733123638,0.245922173353647,-0.00282986567486065,-0.00381705111646582,7.11666706733781e-05
0.899555733123638,0.245922173353647,-0.00282986567486065,-0.00381705111646582,7.11666706733781e-05
0.896725867448778,0.242105122237181,-0.00287476856749991,-0.00387235137680306,6.96975981393398e-05
0.896725867448778,0.242105122237181,-0.00287476856749991,-0.00387235137680306,6.96975981393398e-05
0.893851098881278,0.238232770860378,-0.00291826067381185,-0.00392686733220177,6.81110174921649e-05
0.893851098881278,0.238232770860378,-0.00291826067381185,-0.00392686733220177,6.81110174921649e-05
0.890932838207466,0.234305903528176,-0.00296027855956416,-0.00398050101616887,6.64112205565207e-05
0.890932838207466,0.234305903528176,-0.00296027855956416,-0.00398050101616887,6.64112205565207e-05
0.887972559647902,0.230325402512007,-0.00300076193879029,-0.004033157059667,6.46027658772839e-05
0.887972559647902,0.230325402512007,-0.00300076193879029,-0.004033157059667,6.46027658772839e-05
0.884971797709111,0.22629224545234,-0.0030396537215025,-0.00408474302967746,6.26904618111586e-05
0.884971797709111,0.22629224545234,-0.0030396537215025,-0.00408474302967746,6.26904618111586e-05
0.881932143987609,0.222207502422663,-0.00307690005172567,-0.00413516975117423,6.06793492358391e-05
0.881932143987609,0.222207502422663,-0.00307690005172567,-0.00413516975117423,6.06793492358391e-05
0.878855243935883,0.218072332671488,-0.0031124503363934,-0.00418435161129421,5.85746839764211e-05
0.878855243935883,0.218072332671488,-0.0031124503363934,-0.00418435161129421,5.85746839764211e-05
0.87574279359949,0.213887981060194,-0.00314625726567719,-0.00423220684468559,5.63819189517145e-05
0.87574279359949,0.213887981060194,-0.00314625726567719,-0.00423220684468559,5.63819189517145e-05
0.872596536333813,0.209655774215509,-0.00317827682534377,-0.00427865779908329,5.41066861850957e-05
0.872596536333813,0.209655774215509,-0.00317827682534377,-0.00427865779908329,5.41066861850957e-05
0.869418259508469,0.205377116416425,-0.00320846830177735,-0.00432363118037948,5.17547785806264e-05
0.869418259508469,0.205377116416425,-0.00320846830177735,-0.00432363118037948,5.17547785806264e-05
0.866209791206692,0.201053485236046,-0.00323679428030144,-0.00436705827639344,4.93321316988402e-05
0.866209791206692,0.201053485236046,-0.00323679428030144,-0.00436705827639344,4.93321316988402e-05
0.86297299692639,0.196686426959652,-0.00326322063744844,-0.00440887515887659,4.68448054658059e-05
0.86297299692639,0.196686426959652,-0.00326322063744844,-0.00440887515887659,4.68448054658059e-05
0.859709776288942,0.192277551800776,-0.00328771652785032,-0.00444902286322688,4.42989659569029e-05
0.859709776288942,0.192277551800776,-0.00328771652785032,-0.00444902286322688,4.42989659569029e-05
0.856422059761091,0.187828528937549,-0.00331025436639565,-0.00448744754561664,4.17008673298169e-05
0.856422059761091,0.187828528937549,-0.00331025436639565,-0.00448744754561664,4.17008673298169e-05
0.853111805394696,0.183341081391932,-0.00333080980632161,-0.00452410061733899,3.90568339156717e-05
0.853111805394696,0.183341081391932,-0.00333080980632161,-0.00452410061733899,3.90568339156717e-05
0.849780995588374,0.178816980774593,-0.0033493617138497,-0.00455893885625347,3.63732425168045e-05
0.849780995588374,0.178816980774593,-0.0033493617138497,-0.00455893885625347,3.63732425168045e-05
0.846431633874524,0.17425804191834,-0.00336589214000393,-0.00459192449526546,3.3656504980867e-05
0.846431633874524,0.17425804191834,-0.00336589214000393,-0.00459192449526546,3.3656504980867e-05
0.84306574173452,0.169666117423074,-0.00338038629016846,-0.00462302528793268,3.09130511145965e-05
0.84306574173452,0.169666117423074,-0.00338038629016846,-0.00462302528793268,3.09130511145965e-05
0.839685355444352,0.165043092135142,-0.003392832491945,-0.00465221455137685,2.81493119875078e-05
0.839685355444352,0.165043092135142,-0.003392832491945,-0.00465221455137685,2.81493119875078e-05
0.836292522952407,0.160390877583765,-0.00340322216182998,-0.00467947118677806,2.53717036077222e-05
0.836292522952407,0.160390877583765,-0.00340322216182998,-0.00467947118677806,2.53717036077222e-05
0.832889300790577,0.155711406396987,-0.00341154977114944,-0.00470477967777233,2.25866110415661e-05
0.832889300790577,0.155711406396987,-0.00341154977114944,-0.00470477967777233,2.25866110415661e-05
0.829477751019428,0.151006626719214,-0.00341781281167075,-0.00472813006718101,1.98003729789875e-05
0.829477751019428,0.151006626719214,-0.00341781281167075,-0.00472813006718101,1.98003729789875e-05
0.826059938207757,0.146278496652033,-0.00342201176125623,-0.00474951791254763,1.7019266745885e-05
0.826059938207757,0.146278496652033,-0.00342201176125623,-0.00474951791254763,1.7019266745885e-05
0.822637926446501,0.141528978739486,-0.00342415004984964,-0.00476894422101953,1.42494937995039e-05
0.822637926446501,0.141528978739486,-0.00342415004984964,-0.00476894422101953,1.42494937995039e-05
0.819213776396651,0.136760034518466,-0.00342423402604486,-0.00478641536419402,1.14971656816057e-05
0.819213776396651,0.136760034518466,-0.00342423402604486,-0.00478641536419402,1.14971656816057e-05
0.815789542370606,0.131973619154272,-0.00342227292440556,-0.00480194297358533,8.76829048829415e-06
0.815789542370606,0.131973619154272,-0.00342227292440556,-0.00480194297358533,8.76829048829415e-06
0.812367269446201,0.127171676180687,-0.00341827883367674,-0.00481554381747334,6.06875981755146e-06
0.812367269446201,0.127171676180687,-0.00341827883367674,-0.00481554381747334,6.06875981755146e-06
0.808948990612524,0.122356132363214,-0.00341226666593819,-0.004827239659927,3.40433617284502e-06
0.808948990612524,0.122356132363214,-0.00341226666593819,-0.004827239659927,3.40433617284502e-06
0.805536723946586,0.117528892703287,-0.00340425412668732,-0.00483705710283062,7.80640791478611e-07
0.805536723946586,0.117528892703287,-0.00340425412668732,-0.00483705710283062,7.80640791478611e-07
0.802132469819898,0.112691835600456,-0.00339426168578272,-0.0048450274117644,-1.79685811474168e-06
0.802132469819898,0.112691835600456,-0.00339426168578272,-0.0048450274117644,-1.79685811474168e-06
0.798738208134116,0.107846808188692,-0.00338231254911259,-0.00485118632664651,-4.32285666424406e-06
0.798738208134116,0.107846808188692,-0.00338231254911259,-0.00485118632664651,-4.32285666424406e-06
0.795355895585003,0.102995621862045,-0.00336843263079778,-0.00485557385816197,-6.79222623929058e-06
0.795355895585003,0.102995621862045,-0.00336843263079778,-0.00485557385816197,-6.79222623929058e-06
0.791987462954205,0.0981400480038831,-0.00335265052569478,-0.00485823407096234,-9.20002402996466e-06
0.791987462954205,0.0981400480038831,-0.00335265052569478,-0.00485823407096234,-9.20002402996466e-06
0.78863481242851,0.0932818139329207,-0.00333499748188359,-0.00485921485473184,-1.15415032580449e-05
0.78863481242851,0.0932818139329207,-0.00333499748188359,-0.00485921485473184,-1.15415032580449e-05
0.785299814946627,0.0884225990781889,-0.00331550737280351,-0.00485856768418123,-1.3812123041055e-05
0.785299814946627,0.0884225990781889,-0.00331550737280351,-0.00485856768418123,-1.3812123041055e-05
0.781984307573823,0.0835640313940077,-0.00329421666865548,-0.0048563473691456,-1.60075579705545e-05
0.781984307573823,0.0835640313940077,-0.00329421666865548,-0.0048563473691456,-1.60075579705545e-05
0.778690090905168,0.0787076840248621,-0.00327116440664066,-0.00485261179594371,-1.81237073967524e-05
0.778690090905168,0.0787076840248621,-0.00327116440664066,-0.00485261179594371,-1.81237073967524e-05
0.775418926498527,0.0738550722289184,-0.0032463921595971,-0.00484742166120779,-2.01567044348962e-05
0.775418926498527,0.0738550722289184,-0.0032463921595971,-0.00484742166120779,-2.01567044348962e-05
0.77217253433893,0.0690076505677106,-0.00321994400253067,-0.00484084019945422,-2.21029246993652e-05
0.77217253433893,0.0690076505677106,-0.00321994400253067,-0.00484084019945422,-2.21029246993652e-05
0.768952590336399,0.0641668103682563,-0.00319186647655001,-0.00483293290568073,-2.39589948106802e-05
0.768952590336399,0.0641668103682563,-0.00319186647655001,-0.00483293290568073,-2.39589948106802e-05
0.765760723859849,0.0593338774625756,-0.00316220854969063,-0.00482376725426626,-2.5721800656511e-05
0.765760723859849,0.0593338774625756,-0.00316220854969063,-0.00482376725426626,-2.5721800656511e-05
0.762598515310159,0.0545101102083094,-0.00313102157410894,-0.00481341241549721,-2.73884953994495e-05
0.762598515310159,0.0545101102083094,-0.00313102157410894,-0.00481341241549721,-2.73884953994495e-05
0.75946749373605,0.0496966977928121,-0.00309835923912782,-0.00480193897106623,-2.89565072034538e-05
0.75946749373605,0.0496966977928121,-0.00309835923912782,-0.00480193897106623,-2.89565072034538e-05
0.756369134496922,0.0448947588217459,-0.00306427751963834,-0.00478941862991242,-3.04235467518902e-05
0.756369134496922,0.0448947588217459,-0.00306427751963834,-0.00478941862991242,-3.04235467518902e-05
0.753304856977284,0.0401053401918335,-0.00302883461935388,-0.0047759239456836,-3.1787614412266e-05
0.753304856977284,0.0401053401918335,-0.00302883461935388,-0.0047759239456836,-3.1787614412266e-05
0.75027602235793,0.0353294162461499,-0.00299209090846131,-0.00476152803722197,-3.30470071177539e-05
0.75027602235793,0.0353294162461499,-0.00299209090846131,-0.00476152803722197,-3.30470071177539e-05
0.747283931449468,0.0305678882089279,-0.00295410885521707,-0.00474630431335299,-3.42003248435096e-05
0.747283931449468,0.0305678882089279,-0.00295410885521707,-0.00474630431335299,-3.42003248435096e-05
0.744329822594251,0.0258215838955749,-0.00291495295111666,-0.00473032620329727,-3.5246476663228e-05
0.744329822594251,0.0258215838955749,-0.00291495295111666,-0.00473032620329727,-3.5246476663228e-05
0.741414869643135,0.0210912576922777,-0.00287468962926318,-0.00471366689397189,-3.61846863406986e-05
0.741414869643135,0.0210912576922777,-0.00287468962926318,-0.00471366689397189,-3.61846863406986e-05
0.738540180013872,0.0163775907983058,-0.00283338717561943,-0.00469639907537109,-3.70144973012888e-05
0.738540180013872,0.0163775907983058,-0.00283338717561943,-0.00469639907537109,-3.70144973012888e-05
0.735706792838252,0.0116811917229347,-0.00279111563289314,-0.00467859469524298,-3.77357769607671e-05
0.735706792838252,0.0116811917229347,-0.00279111563289314,-0.00467859469524298,-3.77357769607671e-05
0.732915677205359,0.00700259702769172,-0.0027479466968543,-0.0046603247241381,-3.83487202403245e-05
0.732915677205359,0.00700259702769172,-0.0027479466968543,-0.0046603247241381,-3.83487202403245e-05
0.730167730508505,0.00234227230355361,-0.0027039536049468,-0.00464165893190675,-3.88538521721082e-05
0.730167730508505,0.00234227230355361,-0.0027039536049468,-0.00464165893190675,-3.88538521721082e-05
0.727463776903558,-0.00229938662835313,-0.00265921101713018,-0.00462266567660676,-3.92520294703203e-05
0.727463776903558,-0.00229938662835313,-0.00265921101713018,-0.00462266567660676,-3.92520294703203e-05
0.724804565886428,-0.0069220523049599,-0.00261379488895286,-0.00460341170668639,-3.95444408928559e-05
0.724804565886428,-0.0069220523049599,-0.00261379488895286,-0.00460341170668639,-3.95444408928559e-05
0.722190770997475,-0.0115254640116463,-0.00256778233691823,-0.00458396197725071,-3.97326062162593e-05
0.722190770997475,-0.0115254640116463,-0.00256778233691823,-0.00458396197725071,-3.97326062162593e-05
0.719622988660557,-0.016109425988897,-0.00252125149630544,-0.00456437948112697,-3.98183737344675e-05
0.719622988660557,-0.016109425988897,-0.00252125149630544,-0.00456437948112697,-3.98183737344675e-05
0.717101737164251,-0.020673805470024,-0.00247428137164207,-0.00454472509527385,-3.98039160043103e-05
0.717101737164251,-0.020673805470024,-0.00247428137164207,-0.00454472509527385,-3.98039160043103e-05
0.714627455792609,-0.0252185305652978,-0.00242695168014651,-0.0045250574430691,-3.96917237277354e-05
0.714627455792609,-0.0252185305652978,-0.00242695168014651,-0.0045250574430691,-3.96917237277354e-05
0.712200504112463,-0.0297435880083669,-0.00237934268849316,-0.00450543277285174,-3.94845975383099e-05
0.712200504112463,-0.0297435880083669,-0.00237934268849316,-0.00450543277285174,-3.94845975383099e-05
0.709821161423969,-0.0342490207812187,-0.00233153504332873,-0.00448590485305777,-3.91856376296112e-05
0.709821161423969,-0.0342490207812187,-0.00233153504332873,-0.00448590485305777,-3.91856376296112e-05
0.707489626380641,-0.0387349256342764,-0.00228360959607676,-0.0044665248840513,-3.87982310466103e-05
0.707489626380641,-0.0387349256342764,-0.00228360959607676,-0.0044665248840513,-3.87982310466103e-05
0.705206016784564,-0.0432014505183277,-0.00223564722259173,-0.00444734142671423,-3.83260365015379e-05
0.705206016784564,-0.0432014505183277,-0.00223564722259173,-0.00444734142671423,-3.83260365015379e-05
0.702970369561972,-0.047648791945042,-0.00218772863833561,-0.00442840034775323,-3.77729666605695e-05
0.702970369561972,-0.047648791945042,-0.00218772863833561,-0.00442840034775323,-3.77729666605695e-05
0.700782640923637,-0.0520771922927952,-0.00213993420979985,-0.0044097447815528,-3.71431678404298e-05
0.700782640923637,-0.0520771922927952,-0.00213993420979985,-0.0044097447815528,-3.71431678404298e-05
0.698642706713837,-0.056486937074348,-0.00209234376295386,-0.00439141510832188,-3.64409971353591e-05
0.698642706713837,-0.056486937074348,-0.00209234376295386,-0.00439141510832188,-3.64409971353591e-05
0.696550362950883,-0.0608783521826699,-0.0020450363895691,-0.00437344894815752,-3.56709970410355e-05
0.696550362950883,-0.0608783521826699,-0.0020450363895691,-0.00437344894815752,-3.56709970410355e-05
0.694505326561314,-0.0652518011308274,-0.00199809025231235,-0.00435588117054739,-3.48378676889765e-05
0.694505326561314,-0.0652518011308274,-0.00199809025231235,-0.00435588117054739,-3.48378676889765e-05
0.692507236309001,-0.0696076823013748,-0.00195158238955884,-0.0043387439187389,-3.39464368831069e-05
0.692507236309001,-0.0696076823013748,-0.00195158238955884,-0.0043387439187389,-3.39464368831069e-05
0.690555653919443,-0.0739464262201137,-0.00190558852092282,-0.00432206664829918,-3.30016281328361e-05
0.690555653919443,-0.0739464262201137,-0.00190558852092282,-0.00432206664829918,-3.30016281328361e-05
0.68865006539852,-0.0782684928684129,-0.00186018285451273,-0.004305876179173,-3.20084270363343e-05
0.68865006539852,-0.0782684928684129,-0.00186018285451273,-0.004305876179173,-3.20084270363343e-05
0.686789882544007,-0.0825743690475859,-0.00181543789696026,-0.00429019676041033,-3.09718463646748e-05
0.686789882544007,-0.0825743690475859,-0.00181543789696026,-0.00429019676041033,-3.09718463646748e-05
0.684974444647047,-0.0868645658079962,-0.0017714242672866,-0.00427505014668697,-2.98968902962887e-05
0.684974444647047,-0.0868645658079962,-0.0017714242672866,-0.00427505014668697,-2.98968902962887e-05
0.68320302037976,-0.0911396159546832,-0.00172821051568073,-0.0042604556856505,-2.87885182386352e-05
0.68320302037976,-0.0911396159546832,-0.00172821051568073,-0.0042604556856505,-2.87885182386352e-05
0.681474809864079,-0.0954000716403337,-0.00168586294824169,-0.00424643041511659,-2.76516087459973e-05
0.681474809864079,-0.0954000716403337,-0.00168586294824169,-0.00424643041511659,-2.76516087459973e-05
0.679788946915838,-0.0996465020554503,-0.00164444545878972,-0.0042329891690687,-2.64909240931099e-05
0.679788946915838,-0.0996465020554503,-0.00164444545878972,-0.0042329891690687,-2.64909240931099e-05
0.678144501457048,-0.103879491224519,-0.00160401936878463,-0.00422014469137037,-2.53110760105608e-05
0.678144501457048,-0.103879491224519,-0.00160401936878463,-0.00422014469137037,-2.53110760105608e-05
0.676540482088263,-0.108099635915889,-0.00156464327641304,-0.0042079077560938,-2.4116493163996e-05
0.676540482088263,-0.108099635915889,-0.00156464327641304,-0.0042079077560938,-2.4116493163996e-05
0.67497583881185,-0.112307543671983,-0.00152637291586288,-0.00419628729331094,-2.29113908439714e-05
0.67497583881185,-0.112307543671983,-0.00152637291586288,-0.00419628729331094,-2.29113908439714e-05
0.673449465895988,-0.116503830965294,-0.00148926102777869,-0.00418529051923791,-2.16997433670676e-05
0.673449465895988,-0.116503830965294,-0.00148926102777869,-0.00418529051923791,-2.16997433670676e-05
0.671960204868209,-0.120689121484532,-0.00145335724184092,-0.00417492306961025,-2.04852596532891e-05
0.671960204868209,-0.120689121484532,-0.00145335724184092,-0.00417492306961025,-2.04852596532891e-05
0.670506847626368,-0.124864044554142,-0.0014187079723843,-0.00416518913513911,-1.92713623392579e-05
0.670506847626368,-0.124864044554142,-0.0014187079723843,-0.00416518913513911,-1.92713623392579e-05
0.669088139653984,-0.129029233689281,-0.00138535632789971,-0.00415609159793937,-1.80611707234317e-05
0.669088139653984,-0.129029233689281,-0.00138535632789971,-0.00415609159793937,-1.80611707234317e-05
0.667702783326084,-0.133185325287221,-0.00135334203519111,-0.00414763216785752,-1.68574877985926e-05
0.667702783326084,-0.133185325287221,-0.00135334203519111,-0.00414763216785752,-1.68574877985926e-05
0.666349441290893,-0.137332957455078,-0.00132270137889445,-0.0041398115176248,-1.56627914803054e-05
0.666349441290893,-0.137332957455078,-0.00132270137889445,-0.0041398115176248,-1.56627914803054e-05
0.665026739911998,-0.141472768972703,-0.00129346715695289,-0.00413262941584253,-1.44792301071681e-05
0.665026739911998,-0.141472768972703,-0.00129346715695289,-0.00413262941584253,-1.44792301071681e-05
0.663733272755045,-0.145605398388546,-0.00126566865254385,-0.00412608485682761,-1.33086221810958e-05
0.663733272755045,-0.145605398388546,-0.00126566865254385,-0.00412608485682761,-1.33086221810958e-05
0.662467604102502,-0.149731483245373,-0.00123933162285528,-0.00412017618639068,-1.2152460208025e-05
0.662467604102502,-0.149731483245373,-0.00123933162285528,-0.00412017618639068,-1.2152460208025e-05
0.661228272479646,-0.153851659431764,-0.00121447830496746,-0.00411490122270347,-1.10119184531451e-05
0.661228272479646,-0.153851659431764,-0.00121447830496746,-0.00411490122270347,-1.10119184531451e-05
0.660013794174679,-0.157966560654467,-0.00119112743898686,-0.00411025737145362,-9.88786427768337e-06
0.660013794174679,-0.157966560654467,-0.00119112743898686,-0.00411025737145362,-9.88786427768337e-06
0.658822666735692,-0.162076818025921,-0.00116929430840573,-0.00410624173462637,-8.78087280847123e-06
0.658822666735692,-0.162076818025921,-0.00116929430840573,-0.00410624173462637,-8.78087280847123e-06
0.657653372427286,-0.166183059760547,-0.00114899079755326,-0.00410285121222351,-7.69124447873304e-06
0.657653372427286,-0.166183059760547,-0.00114899079755326,-0.00410285121222351,-7.69124447873304e-06
0.656504381629733,-0.170285910972771,-0.00113022546585284,-0.00410008259638608,-6.61902501932106e-06
0.656504381629733,-0.170285910972771,-0.00113022546585284,-0.00410008259638608,-6.61902501932106e-06
0.65537415616388,-0.174385993569157,-0.00111300363841027,-0.00409793265747196,-5.56402748948161e-06
0.65537415616388,-0.174385993569157,-0.00111300363841027,-0.00409793265747196,-5.56402748948161e-06
0.65426115252547,-0.178483926226629,-0.00109732751235248,-0.00409639822166502,-4.52585583643299e-06
0.65426115252547,-0.178483926226629,-0.00109732751235248,-0.00409639822166502,-4.52585583643299e-06
0.653163825013117,-0.182580324448294,-0.00108319627819009,-0.00409547623982212,-3.50392956664693e-06
0.653163825013117,-0.182580324448294,-0.00108319627819009,-0.00409547623982212,-3.50392956664693e-06
0.652080628734927,-0.186675800688116,-0.00107060625531807,-0.00409516384729969,-2.49750898395455e-06
0.652080628734927,-0.186675800688116,-0.00107060625531807,-0.00409516384729969,-2.49750898395455e-06
0.651010022479609,-0.190770964535416,-0.00105955104064759,-0.00409545841467049,-1.50572062775512e-06
0.651010022479609,-0.190770964535416,-0.00105955104064759,-0.00409545841467049,-1.50572062775512e-06
0.649950471438962,-0.194866422950086,-0.00105002166924861,-0.00409635758924581,-5.27582436671975e-07
0.649950471438962,-0.194866422950086,-0.00105002166924861,-0.00409635758924581,-5.27582436671975e-07
0.648900449769713,-0.198962780539332,-0.00104200678576538,-0.00409785932746592,4.37971733656915e-07
0.648900449769713,-0.198962780539332,-0.00104200678576538,-0.00409785932746592,4.37971733656915e-07
0.647858442983948,-0.203060639866798,-0.00103549282525561,-0.00409996191829803,1.39206857609556e-06
0.647858442983948,-0.203060639866798,-0.00103549282525561,-0.00409996191829803,1.39206857609556e-06
0.646822950158692,-0.207160601785096,-0.00103046420206232,-0.00410266399784792,2.33587301524691e-06
0.646822950158692,-0.207160601785096,-0.00103046420206232,-0.00410266399784792,2.33587301524691e-06
0.64579248595663,-0.211263265782944,-0.00102690350520485,-0.00410596455541914,3.27056741314911e-06
0.64579248595663,-0.211263265782944,-0.00102690350520485,-0.00410596455541914,3.27056741314911e-06
0.644765582451425,-0.215369230338363,-0.00102479169875536,-0.00410986293137691,4.19733248930264e-06
0.644765582451425,-0.215369230338363,-0.00102479169875536,-0.00410986293137691,4.19733248930264e-06
0.64374079075267,-0.21947909326974,-0.00102410832564448,-0.00411435880723077,5.11733007720928e-06
0.64374079075267,-0.21947909326974,-0.00102410832564448,-0.00411435880723077,5.11733007720928e-06
0.642716682427025,-0.223593452076971,-0.00102483171328926,-0.00411945218839119,6.03168783038215e-06
0.642716682427025,-0.223593452076971,-0.00102483171328926,-0.00411945218839119,6.03168783038215e-06
0.641691850713736,-0.227712904265362,-0.0010269391794604,-0.00412514338011505,6.94148594619463e-06
0.641691850713736,-0.227712904265362,-0.0010269391794604,-0.00412514338011505,6.94148594619463e-06
0.640664911534275,-0.231838047645477,-0.00103040723683756,-0.00413143295721088,7.84774592450972e-06
0.640664911534275,-0.231838047645477,-0.00103040723683756,-0.00413143295721088,7.84774592450972e-06
0.639634504297438,-0.235969480602688,-0.00103521179470656,-0.00413832172812489,8.75142131760188e-06
0.639634504297438,-0.235969480602688,-0.00103521179470656,-0.00413832172812489,8.75142131760188e-06
0.638599292502731,-0.240107802330813,-0.00104132835632464,-0.00414581069403544,9.65339042925846e-06
0.638599292502731,-0.240107802330813,-0.00104132835632464,-0.00414581069403544,9.65339042925846e-06
0.637557964146407,-0.244253613024848,-0.00104873221054747,-0.00415390100362462,1.05544508847439e-05
0.637557964146407,-0.244253613024848,-0.00104873221054747,-0.00415390100362462,1.05544508847439e-05
0.636509231935859,-0.248407514028473,-0.00105739861635579,-0.0041625939042306,1.1455315909222e-05
0.636509231935859,-0.248407514028473,-0.00105739861635579,-0.0041625939042306,1.1455315909222e-05
0.635451833319503,-0.252570107932703,-0.00106730297903734,-0.00417189069003593,1.23566122599153e-05
0.635451833319503,-0.252570107932703,-0.00106730297903734,-0.00417189069003593,1.23566122599153e-05
0.634384530340466,-0.256741998622739,-0.00107842101686584,-0.00418179264803253,1.32588795668537e-05
0.634384530340466,-0.256741998622739,-0.00107842101686584,-0.00418179264803253,1.32588795668537e-05
0.6333061093236,-0.260923791270772,-0.00109072891720519,-0.00419230100240486,1.41625709640311e-05
0.6333061093236,-0.260923791270772,-0.00109072891720519,-0.00419230100240486,1.41625709640311e-05
0.632215380406395,-0.265116092273177,-0.00110420348106233,-0.00420341685800785,1.50680548212136e-05
0.632215380406395,-0.265116092273177,-0.00110420348106233,-0.00420341685800785,1.50680548212136e-05
0.631111176925333,-0.269319509131185,-0.00111882225522686,-0.00421514114357507,1.59756174256667e-05
0.631111176925333,-0.269319509131185,-0.00111882225522686,-0.00421514114357507,1.59756174256667e-05
0.629992354670106,-0.27353465027476,-0.00113456365123354,-0.00422747455529393,1.68854663916296e-05
0.629992354670106,-0.27353465027476,-0.00113456365123354,-0.00422747455529393,1.68854663916296e-05
0.628857791018872,-0.277762124830054,-0.00115140705048389,-0.00424041750130638,1.77977346491158e-05
0.628857791018872,-0.277762124830054,-0.00115140705048389,-0.00424041750130638,1.77977346491158e-05
0.627706383968388,-0.28200254233136,-0.00116933289494681,-0.00425397004768863,1.8712484784013e-05
0.627706383968388,-0.28200254233136,-0.00116933289494681,-0.00425397004768863,1.8712484784013e-05
0.626537051073442,-0.286256512379049,-0.00118832276300285,-0.00426813186634828,1.96297136301031e-05
0.626537051073442,-0.286256512379049,-0.00118832276300285,-0.00426813186634828,1.96297136301031e-05
0.625348728310439,-0.290524644245397,-0.00120835943006425,-0.00428290218530414,2.05493568903011e-05
0.625348728310439,-0.290524644245397,-0.00120835943006425,-0.00428290218530414,2.05493568903011e-05
0.624140368880374,-0.294807546430701,-0.00122942691369665,-0.00429827974169206,2.14712937106828e-05
0.624140368880374,-0.294807546430701,-0.00122942691369665,-0.00429827974169206,2.14712937106828e-05
0.622910941966678,-0.299105826172393,-0.00125151050308225,-0.00431426273784985,2.23953509765704e-05
0.622910941966678,-0.299105826172393,-0.00125151050308225,-0.00431426273784985,2.23953509765704e-05
0.621659431463596,-0.303420088910243,-0.00127459677276631,-0.00433084880067069,2.33213072949844e-05
0.621659431463596,-0.303420088910243,-0.00127459677276631,-0.00433084880067069,2.33213072949844e-05
0.620384834690829,-0.307750937710914,-0.00129867358070768,-0.00434803494444419,2.42488965168444e-05
0.620384834690829,-0.307750937710914,-0.00129867358070768,-0.00434803494444419,2.42488965168444e-05
0.619086161110122,-0.312098972655358,-0.00132373005077757,-0.00436581753728993,2.51778107201086e-05
0.619086161110122,-0.312098972655358,-0.00132373005077757,-0.00436581753728993,2.51778107201086e-05
0.617762431059344,-0.316464790192648,-0.00134975653993374,-0.00438419227124004,2.61077025801772e-05
0.617762431059344,-0.316464790192648,-0.00134975653993374,-0.00438419227124004,2.61077025801772e-05
0.61641267451941,-0.320848982463888,-0.00137674459040038,-0.00440315413596276,2.70381870719439e-05
0.61641267451941,-0.320848982463888,-0.00137674459040038,-0.00440315413596276,2.70381870719439e-05
0.61503592992901,-0.32525213659985,-0.00140468686727524,-0.00442269739606221,2.79688424853278e-05
0.61503592992901,-0.32525213659985,-0.00140468686727524,-0.00442269739606221,2.79688424853278e-05
0.613631243061735,-0.329674833995913,-0.00143357708210501,-0.00444281557184845,2.88992107763666e-05
0.613631243061735,-0.329674833995913,-0.00143357708210501,-0.00444281557184845,2.88992107763666e-05
0.61219766597963,-0.334117649567761,-0.00146340990303484,-0.00446350142347662,2.98287972130152e-05
0.61219766597963,-0.334117649567761,-0.00146340990303484,-0.00446350142347662,2.98287972130152e-05
0.610734256076595,-0.338581150991238,-0.00149418085226016,-0.00448474693826262,3.07570693584783e-05
0.610734256076595,-0.338581150991238,-0.00149418085226016,-0.00448474693826262,3.07570693584783e-05
0.609240075224335,-0.3430658979295,-0.00152588619159066,-0.00450654332097888,3.16834554199156e-05
0.609240075224335,-0.3430658979295,-0.00152588619159066,-0.00450654332097888,3.16834554199156e-05
0.607714189032744,-0.347572441250479,-0.00155852279702673,-0.00452888098690191,3.26073420072572e-05
0.607714189032744,-0.347572441250479,-0.00155852279702673,-0.00452888098690191,3.26073420072572e-05
0.606155666235717,-0.352101322237381,-0.00159208802334354,-0.00455174955735588,3.35280713422981e-05
0.606155666235717,-0.352101322237381,-0.00159208802334354,-0.00455174955735588,3.35280713422981e-05
0.604563578212374,-0.356653071794737,-0.00162657955974577,-0.00457513785746533,3.44449380358641e-05
0.604563578212374,-0.356653071794737,-0.00162657955974577,-0.00457513785746533,3.44449380358641e-05
0.602936998652628,-0.361228209652202,-0.00166199527769806,-0.00459903391588085,3.53571855417727e-05
0.602936998652628,-0.361228209652202,-0.00166199527769806,-0.00459903391588085,3.53571855417727e-05
0.60127500337493,-0.365827243568083,-0.0016983330721323,-0.00462342496625878,3.626400225529e-05
0.60127500337493,-0.365827243568083,-0.0016983330721323,-0.00462342496625878,3.626400225529e-05
0.599576670302798,-0.370450668534342,-0.00173559069726459,-0.00464829745015782,3.71645174612866e-05
0.599576670302798,-0.370450668534342,-0.00173559069726459,-0.00464829745015782,3.71645174612866e-05
0.597841079605533,-0.3750989659845,-0.00177376559830555,-0.00467363702113732,3.80577971202771e-05
0.597841079605533,-0.3750989659845,-0.00177376559830555,-0.00467363702113732,3.80577971202771e-05
0.596067314007227,-0.379772603005637,-0.00181285474032389,-0.00469942854975686,3.89428396715599e-05
0.596067314007227,-0.379772603005637,-0.00181285474032389,-0.00469942854975686,3.89428396715599e-05
0.594254459266904,-0.384472031555394,-0.00185285443559957,-0.00472565612925391,3.98185719345696e-05
0.594254459266904,-0.384472031555394,-0.00185285443559957,-0.00472565612925391,3.98185719345696e-05
0.592401604831304,-0.389197687684648,-0.00189376017074905,-0.00475230308169572,4.06838451529178e-05
0.592401604831304,-0.389197687684648,-0.00189376017074905,-0.00475230308169572,4.06838451529178e-05
0.590507844660555,-0.393949990766344,-0.00193556643492776,-0.00477935196435075,4.15374313041941e-05
0.590507844660555,-0.393949990766344,-0.00193556643492776,-0.00477935196435075,4.15374313041941e-05
0.588572278225627,-0.398729342730694,-0.00197826655038813,-0.00480678457607664,4.23780197855925e-05
0.588572278225627,-0.398729342730694,-0.00197826655038813,-0.00480678457607664,4.23780197855925e-05
0.586594011675239,-0.403536127306771,-0.00202185250664144,-0.00483458196356096,4.320421460047e-05
0.586594011675239,-0.403536127306771,-0.00202185250664144,-0.00483458196356096,4.320421460047e-05
0.584572159168598,-0.408370709270332,-0.00206631479945385,-0.00486272442730395,4.40145320223613e-05
0.584572159168598,-0.408370709270332,-0.00206631479945385,-0.00486272442730395,4.40145320223613e-05
0.582505844369144,-0.413233433697636,-0.00211164227584426,-0.00489119152714435,4.48073989574383e-05
0.582505844369144,-0.413233433697636,-0.00211164227584426,-0.00489119152714435,4.48073989574383e-05
0.5803942020933,-0.41812462522478,-0.0021578219862447,-0.00491996208728596,4.55811519947799e-05
0.5803942020933,-0.41812462522478,-0.0021578219862447,-0.00491996208728596,4.55811519947799e-05
0.578236380107055,-0.423044587312066,-0.00220483904486812,-0.00494901420073951,4.6334037314264e-05
0.578236380107055,-0.423044587312066,-0.00220483904486812,-0.00494901420073951,4.6334037314264e-05
0.576031541062187,-0.427993601512806,-0.0022526764993307,-0.00497832523320224,4.7064211470051e-05
0.576031541062187,-0.427993601512806,-0.0022526764993307,-0.00497832523320224,4.7064211470051e-05
0.573778864562856,-0.432971926746008,-0.00230131521048593,-0.00500787182638679,4.77697431199237e-05
0.573778864562856,-0.432971926746008,-0.00230131521048593,-0.00500787182638679,4.77697431199237e-05
0.57147754935237,-0.437979798572395,-0.00235073374335171,-0.00503762990085904,4.84486157540523e-05
0.57147754935237,-0.437979798572395,-0.00235073374335171,-0.00503762990085904,4.84486157540523e-05
0.569126815609018,-0.443017428473254,-0.00240090826997097,-0.00506757465846674,4.90987314522573e-05
0.569126815609018,-0.443017428473254,-0.00240090826997097,-0.00506757465846674,4.90987314522573e-05
0.566725907339047,-0.448085003131721,-0.00245181248494075,-0.00509768058447513,4.97179157490785e-05
0.566725907339047,-0.448085003131721,-0.00245181248494075,-0.00509768058447513,4.97179157490785e-05
0.564274094854107,-0.453182683716196,-0.00250341753426686,-0.00512792144961394,5.03039235842263e-05
0.564274094854107,-0.453182683716196,-0.00250341753426686,-0.00512792144961394,5.03039235842263e-05
0.56177067731984,-0.45831060516581,-0.00255569195810113,-0.00515827031223892,5.08544463311044e-05
0.56177067731984,-0.45831060516581,-0.00255569195810113,-0.00515827031223892,5.08544463311044e-05
0.559214985361739,-0.463468875478049,-0.00260860164785148,-0.00518869952082107,5.13671198964392e-05
0.559214985361739,-0.463468875478049,-0.00260860164785148,-0.00518869952082107,5.13671198964392e-05
0.556606383713887,-0.46865757499887,-0.0026621098180345,-0.00521918071702554,5.18395338936009e-05
0.556606383713887,-0.46865757499887,-0.0026621098180345,-0.00521918071702554,5.18395338936009e-05
0.553944273895853,-0.473876755715895,-0.0027161769931584,-0.00524968483969568,5.22692417996087e-05
0.553944273895853,-0.473876755715895,-0.0027161769931584,-0.00524968483969568,5.22692417996087e-05
0.551228096902694,-0.479126440555591,-0.00277076100980922,-0.00528018213003656,5.26537720492628e-05
0.551228096902694,-0.479126440555591,-0.00277076100980922,-0.00528018213003656,5.26537720492628e-05
0.548457335892885,-0.484406622685627,-0.00282581703401807,-0.00531064213832105,5.29906400144583e-05
0.548457335892885,-0.484406622685627,-0.00282581703401807,-0.00531064213832105,5.29906400144583e-05
0.545631518858867,-0.489717264823948,-0.00288129759390943,-0.00534103373246675,5.32773607774947e-05
0.545631518858867,-0.489717264823948,-0.00288129759390943,-0.00534103373246675,5.32773607774947e-05
0.542750221264958,-0.495058298556415,-0.00293715262751137,-0.00537132510884414,5.35114625924687e-05
0.542750221264958,-0.495058298556415,-0.00293715262751137,-0.00537132510884414,5.35114625924687e-05
0.539813068637446,-0.500429623665259,-0.00299332954554543,-0.00540148380565209,5.36905009344288e-05
0.539813068637446,-0.500429623665259,-0.00299332954554543,-0.00540148380565209,5.36905009344288e-05
0.536819739091901,-0.505831107470911,-0.00304977330890988,-0.00543147671920641,5.38120730143492e-05
0.536819739091901,-0.505831107470911,-0.00304977330890988,-0.00543147671920641,5.38120730143492e-05
0.533769965782991,-0.511262584190118,-0.00310642652048554,-0.00546127012346975,5.38738326423894e-05
0.533769965782991,-0.511262584190118,-0.00310642652048554,-0.00546127012346975,5.38738326423894e-05
0.530663539262505,-0.516723854313588,-0.00316322953083137,-0.00549082969312942,5.38735053477032e-05
0.530663539262505,-0.516723854313588,-0.00316322953083137,-0.00549082969312942,5.38735053477032e-05
0.527500309731674,-0.522214684006717,-0.00322012055726284,-0.00552012053054773,5.38089035826894e-05
0.527500309731674,-0.522214684006717,-0.00322012055726284,-0.00552012053054773,5.38089035826894e-05
0.524280189174411,-0.527734804537265,-0.00327703581571503,-0.0055491071968472,5.36779418860494e-05
0.524280189174411,-0.527734804537265,-0.00327703581571503,-0.0055491071968472,5.36779418860494e-05
0.521003153358696,-0.533283911734112,-0.00333390966475056,-0.0055777537473547,5.34786519331863e-05
0.521003153358696,-0.533283911734112,-0.00333390966475056,-0.0055777537473547,5.34786519331863e-05
0.517669243693946,-0.538861665481467,-0.00339067476101618,-0.00560602377166075,5.3209197275461e-05
0.517669243693946,-0.538861665481467,-0.00339067476101618,-0.00560602377166075,5.3209197275461e-05
0.514278568932929,-0.544467689253127,-0.00344726222539093,-0.00563388043843482,5.28678876375692e-05
0.514278568932929,-0.544467689253127,-0.00344726222539093,-0.00563388043843482,5.28678876375692e-05
0.510831306707538,-0.550101569691562,-0.00350360181902032,-0.00566128654508802,5.24531927099678e-05
0.510831306707538,-0.550101569691562,-0.00350360181902032,-0.00566128654508802,5.24531927099678e-05
0.507327704888518,-0.55576285623665,-0.00355962212839056,-0.00568820457239538,5.19637552718853e-05
0.507327704888518,-0.55576285623665,-0.00355962212839056,-0.00568820457239538,5.19637552718853e-05
0.503768082760128,-0.561451060809046,-0.00361525075857716,-0.00571459674407315,5.13984035771563e-05
0.503768082760128,-0.561451060809046,-0.00361525075857716,-0.00571459674407315,5.13984035771563e-05
0.50015283200155,-0.567165657553119,-0.00367041453375133,-0.00574042509131445,5.07561628768777e-05
0.50015283200155,-0.567165657553119,-0.00367041453375133,-0.00574042509131445,5.07561628768777e-05
0.496482417467799,-0.572906082644433,-0.00372503970402988,-0.00576565152218733,5.0036266008492e-05
0.496482417467799,-0.572906082644433,-0.00372503970402988,-0.00576565152218733,5.0036266008492e-05
0.492757377763769,-0.578671734166621,-0.00377905215771496,-0.00579023789578215,4.92381629642767e-05
0.492757377763769,-0.578671734166621,-0.00377905215771496,-0.00579023789578215,4.92381629642767e-05
0.488978325606054,-0.584461972062403,-0.00383237763796257,-0.00581414610093178,4.83615293415049e-05
0.488978325606054,-0.584461972062403,-0.00383237763796257,-0.00581414610093178,4.83615293415049e-05
0.485145947968092,-0.590276118163334,-0.00388494196292161,-0.00583733813923637,4.74062736602367e-05
0.485145947968092,-0.590276118163334,-0.00388494196292161,-0.00583733813923637,4.74062736602367e-05
0.48126100600517,-0.596113456302571,-0.00393667124837349,-0.00585977621213363,4.6372543491581e-05
0.48126100600517,-0.596113456302571,-0.00393667124837349,-0.00585977621213363,4.6372543491581e-05
0.477324334756797,-0.601973232514704,-0.0039874921318892,-0.005881422811709,4.52607303338742e-05
0.477324334756797,-0.601973232514704,-0.0039874921318892,-0.005881422811709,4.52607303338742e-05
0.473336842624907,-0.607854655326413,-0.00403733199756073,-0.00590224081484292,4.4071473227097e-05
0.473336842624907,-0.607854655326413,-0.00403733199756073,-0.00590224081484292,4.4071473227097e-05
0.469299510627347,-0.613756896141256,-0.00408611920033747,-0.005922193580297,4.28056610934698e-05
0.469299510627347,-0.613756896141256,-0.00408611920033747,-0.005922193580297,4.28056610934698e-05
0.465213391427009,-0.619679089721553,-0.00413378328903685,-0.00594124504829363,4.14644337454846e-05
0.465213391427009,-0.619679089721553,-0.00413378328903685,-0.00594124504829363,4.14644337454846e-05
0.461079608137972,-0.625620334769847,-0.00418025522709026,-0.00595935984206564,4.0049181623739e-05
0.461079608137972,-0.625620334769847,-0.00418025522709026,-0.00595935984206564,4.0049181623739e-05
0.456899352910882,-0.631579694611913,-0.00422546761013032,-0.00597650337088051,3.85615442464191e-05
0.456899352910882,-0.631579694611913,-0.00422546761013032,-0.00597650337088051,3.85615442464191e-05
0.452673885300752,-0.637556197982793,-0.00426935487950431,-0.00599264193401716,3.70034074082346e-05
0.452673885300752,-0.637556197982793,-0.00426935487950431,-0.00599264193401716,3.70034074082346e-05
0.448404530421247,-0.64354883991681,-0.00431185353086289,-0.00600774282515126,3.53768991243281e-05
0.448404530421247,-0.64354883991681,-0.00431185353086289,-0.00600774282515126,3.53768991243281e-05
0.444092676890385,-0.649556582741962,-0.00435290231697477,-0.0060217744365737,3.36843843733751e-05
0.444092676890385,-0.649556582741962,-0.00435290231697477,-0.0060217744365737,3.36843843733751e-05
0.43973977457341,-0.655578357178535,-0.00439244244395826,-0.00603470636267711,3.19284586615702e-05
0.43973977457341,-0.655578357178535,-0.00439244244395826,-0.00603470636267711,3.19284586615702e-05
0.435347332129451,-0.661613063541212,-0.00443041776015518,-0.00604650950211916,3.01119404860052e-05
0.435347332129451,-0.661613063541212,-0.00443041776015518,-0.00604650950211916,3.01119404860052e-05
0.430916914369296,-0.667659573043332,-0.00446677493691311,-0.00605715615810976,2.82378627238858e-05
0.430916914369296,-0.667659573043332,-0.00446677493691311,-0.00605715615810976,2.82378627238858e-05
0.426450139432383,-0.673716729201441,-0.00450146364055859,-0.00606662013626069,2.63094630231671e-05
0.426450139432383,-0.673716729201441,-0.00450146364055859,-0.00606662013626069,2.63094630231671e-05
0.421948675791825,-0.679783349337702,-0.00453443669489972,-0.00607487683946051,2.43301731996173e-05
0.421948675791825,-0.679783349337702,-0.00453443669489972,-0.00607487683946051,2.43301731996173e-05
0.417414239096925,-0.685858226177163,-0.00456565023364541,-0.00608190335917846,2.23036077527175e-05
0.417414239096925,-0.685858226177163,-0.00456565023364541,-0.00608190335917846,2.23036077527175e-05
0.412848588863279,-0.691940129536341,-0.00459506384214259,-0.00608767856270287,2.02335515723934e-05
0.412848588863279,-0.691940129536341,-0.00459506384214259,-0.00608767856270287,2.02335515723934e-05
0.408253525021137,-0.698027808099044,-0.00462264068793228,-0.00609218317580795,1.81239468729699e-05
0.408253525021137,-0.698027808099044,-0.00462264068793228,-0.00609218317580795,1.81239468729699e-05
0.403630884333205,-0.704119991274852,-0.004648347639644,-0.00609539986034868,1.59788793998661e-05
0.403630884333205,-0.704119991274852,-0.004648347639644,-0.00609539986034868,1.59788793998661e-05
0.398982536693561,-0.7102153911352,-0.00467215537379312,-0.00609731328628105,1.38025640613491e-05
0.398982536693561,-0.7102153911352,-0.00467215537379312,-0.00609731328628105,1.38025640613491e-05
0.394310381319767,-0.716312704421482,-0.00469403846913558,-0.00609791019770489,1.15993300312152e-05
0.394310381319767,-0.716312704421482,-0.00469403846913558,-0.00609791019770489,1.15993300312152e-05
0.389616342850632,-0.722410614619186,-0.00471397548827274,-0.00609717947253319,9.37360539726012e-06
0.389616342850632,-0.722410614619186,-0.00471397548827274,-0.00609717947253319,9.37360539726012e-06
0.384902367362359,-0.72850779409172,-0.004731949046274,-0.00609511217540804,7.12990142146853e-06
0.384902367362359,-0.72850779409172,-0.004731949046274,-0.00609511217540804,7.12990142146853e-06
0.380170418316085,-0.734602906267128,-0.00474794586611854,-0.0060917016035219,4.87279651540436e-06
0.380170418316085,-0.734602906267128,-0.00474794586611854,-0.0060917016035219,4.87279651540436e-06
0.375422472449967,-0.74069460787065,-0.0047619568208313,-0.00608694332505932,2.60692003633406e-06
0.375422472449967,-0.74069460787065,-0.0047619568208313,-0.00608694332505932,2.60692003633406e-06
0.370660515629135,-0.746781551195709,-0.00477397696225346,-0.00608083521004155,3.36935919911102e-07
0.370660515629135,-0.746781551195709,-0.00477397696225346,-0.00608083521004155,3.36935919911102e-07
0.365886538666882,-0.75286238640575,-0.00478400553644293,-0.00607337745331948,-1.93247370275287e-06
0.365886538666882,-0.75286238640575,-0.00478400553644293,-0.00607337745331948,-1.93247370275287e-06
0.361102533130439,-0.75893576385907,-0.00479204598573812,-0.00606457258960558,-4.19662489244479e-06
0.361102533130439,-0.75893576385907,-0.00479204598573812,-0.00606457258960558,-4.19662489244479e-06
0.356310487144701,-0.765000336448675,-0.00479810593758201,-0.00605442550038826,-6.45084820449261e-06
0.356310487144701,-0.765000336448675,-0.00479810593758201,-0.00605442550038826,-6.45084820449261e-06
0.351512381207119,-0.771054761949064,-0.00480219718024777,-0.006042943412641,-8.69050480307998e-06
0.351512381207119,-0.771054761949064,-0.00480219718024777,-0.006042943412641,-8.69050480307998e-06
0.346710184026871,-0.777097705361705,-0.00480433562565569,-0.00603013588932311,-1.09110023594622e-05
0.346710184026871,-0.777097705361705,-0.00480433562565569,-0.00603013588932311,-1.09110023594622e-05
0.341905848401215,-0.783127841251028,-0.00480454125951302,-0.00601601481166381,-1.31078106755259e-05
0.341905848401215,-0.783127841251028,-0.00480454125951302,-0.00601601481166381,-1.31078106755259e-05
0.337101307141702,-0.789143856062692,-0.00480283807903431,-0.00600059435326872,-1.52764769447214e-05
0.337101307141702,-0.789143856062692,-0.00480283807903431,-0.00600059435326872,-1.52764769447214e-05
0.332298469062668,-0.79514445041596,-0.00479925401855574,-0.00598389094614982,-1.74126406256477e-05
0.332298469062668,-0.79514445041596,-0.00479925401855574,-0.00598389094614982,-1.74126406256477e-05
0.327499215044112,-0.80112834136211,-0.00479382086334734,-0.00596592323881429,-1.95120478086591e-05
0.327499215044112,-0.80112834136211,-0.00479382086334734,-0.00596592323881429,-1.95120478086591e-05
0.322705394180765,-0.807094264600924,-0.00478657415200268,-0.0059467120466361,-2.15705651376453e-05
0.322705394180765,-0.807094264600924,-0.00478657415200268,-0.0059467120466361,-2.15705651376453e-05
0.317918820028762,-0.813040976647561,-0.00477755306777045,-0.00592628029466269,-2.35841931755035e-05
0.317918820028762,-0.813040976647561,-0.00477755306777045,-0.00592628029466269,-2.35841931755035e-05
0.313141266960992,-0.818967256942223,-0.00476680031922927,-0.00590465295311859,-2.55490791472319e-05
0.313141266960992,-0.818967256942223,-0.00476680031922927,-0.00590465295311859,-2.55490791472319e-05
0.308374466641763,-0.824871909895342,-0.00475436201072638,-0.00588185696593435,-2.74615290734572e-05
0.308374466641763,-0.824871909895342,-0.00475436201072638,-0.00588185696593435,-2.74615290734572e-05
0.303620104631036,-0.830753766861276,-0.00474028750300759,-0.00585792117260364,-2.93180192182029e-05
0.303620104631036,-0.830753766861276,-0.00474028750300759,-0.00585792117260364,-2.93180192182029e-05
0.298879817128029,-0.83661168803388,-0.00472462926449629,-0.00583287622374251,-3.11152068531587e-05
0.298879817128029,-0.83661168803388,-0.00472462926449629,-0.00583287622374251,-3.11152068531587e-05
0.294155187863532,-0.842444564257622,-0.0047074427136739,-0.00580675449072265,-3.28499403015273e-05
0.294155187863532,-0.842444564257622,-0.0047074427136739,-0.00580675449072265,-3.28499403015273e-05
0.289447745149858,-0.848251318748345,-0.00468878605306289,-0.00577958996975614,-3.45192682209144e-05
0.289447745149858,-0.848251318748345,-0.00468878605306289,-0.00577958996975614,-3.45192682209144e-05
0.284758959096795,-0.854030908718101,-0.00466872009530978,-0.00575141818086111,-3.61204480881462e-05
0.284758959096795,-0.854030908718101,-0.00466872009530978,-0.00575141818086111,-3.61204480881462e-05
0.280090239001486,-0.859782326898962,-0.00464730808186647,-0.00572227606218245,-3.76509539395872e-05
0.280090239001486,-0.859782326898962,-0.00464730808186647,-0.00572227606218245,-3.76509539395872e-05
0.275442930919619,-0.865504602961145,-0.00462461549479931,-0.0056922018600446,-3.91084832325594e-05
0.275442930919619,-0.865504602961145,-0.00462461549479931,-0.0056922018600446,-3.91084832325594e-05
0.27081831542482,-0.871196804821189,-0.00460070986226252,-0.00566123501527871,-4.04909629212842e-05
0.27081831542482,-0.871196804821189,-0.00460070986226252,-0.00566123501527871,-4.04909629212842e-05
0.266217605562557,-0.876858039836468,-0.00457566055817671,-0.00562941604624112,-4.17965547094973e-05
0.266217605562557,-0.876858039836468,-0.00457566055817671,-0.00562941604624112,-4.17965547094973e-05
0.261641945004381,-0.882487455882709,-0.00454953859665758,-0.00559678642898376,-4.30236595020421e-05
0.261641945004381,-0.882487455882709,-0.00454953859665758,-0.00559678642898376,-4.30236595020421e-05
0.257092406407723,-0.888084242311693,-0.00452241642177459,-0.00556338847498006,-4.4170920966779e-05
0.257092406407723,-0.888084242311693,-0.00452241642177459,-0.00556338847498006,-4.4170920966779e-05
0.252569989985949,-0.893647630786673,-0.00449436769321115,-0.00552926520693142,-4.52372282989033e-05
0.252569989985949,-0.893647630786673,-0.00449436769321115,-0.00552926520693142,-4.52372282989033e-05
0.248075622292737,-0.899176895993604,-0.00446546706841564,-0.005494460233048,-4.62217180926287e-05
0.248075622292737,-0.899176895993604,-0.00446546706841564,-0.005494460233048,-4.62217180926287e-05
0.243610155224322,-0.904671356226652,-0.00443578998185581,-0.00545901762030443,-4.71237754343483e-05
0.243610155224322,-0.904671356226652,-0.00443578998185581,-0.00545901762030443,-4.71237754343483e-05
0.239174365242466,-0.910130373846957,-0.00440541242199105,-0.00542298176702771,-4.7943034123369e-05
0.239174365242466,-0.910130373846957,-0.00440541242199105,-0.00542298176702771,-4.7943034123369e-05
0.234768952820475,-0.915553355613985,-0.00437441070660397,-0.00538639727528012,-4.86793760757966e-05
0.234768952820475,-0.915553355613985,-0.00437441070660397,-0.00538639727528012,-4.86793760757966e-05
0.230394542113871,-0.920939752889265,-0.00434286125714248,-0.00534930882342988,-4.93329299312024e-05
0.230394542113871,-0.920939752889265,-0.00434286125714248,-0.00534930882342988,-4.93329299312024e-05
0.226051680856728,-0.926289061712695,-0.00431084037272378,-0.0053117610392881,-4.99040688244825e-05
0.226051680856728,-0.926289061712695,-0.00431084037272378,-0.0053117610392881,-4.99040688244825e-05
0.221740840484005,-0.931600822751983,-0.00427842400448472,-0.00527379837422581,-5.0393407330214e-05
0.221740840484005,-0.931600822751983,-0.00427842400448472,-0.00527379837422581,-5.0393407330214e-05
0.21746241647952,-0.936874621126208,-0.0042456875309928,-0.00523546497866789,-5.08017976429652e-05
0.21746241647952,-0.936874621126208,-0.0042456875309928,-0.00523546497866789,-5.08017976429652e-05
0.213216728948527,-0.942110086104876,-0.00421270553542424,-0.00519680457930416,-5.11303249846728e-05
0.213216728948527,-0.942110086104876,-0.00421270553542424,-0.00519680457930416,-5.11303249846728e-05
0.209004023413103,-0.947306890684181,-0.00417955158522088,-0.00515786035838683,-5.13803022439332e-05
0.209004023413103,-0.947306890684181,-0.00417955158522088,-0.00515786035838683,-5.13803022439332e-05
0.204824471827882,-0.952464751042567,-0.00414629801496036,-0.00511867483548278,-5.15532639169545e-05
0.204824471827882,-0.952464751042567,-0.00414629801496036,-0.00511867483548278,-5.15532639169545e-05
0.200678173812922,-0.95758342587805,-0.00411301571318623,-0.00507928975197602,-5.16509593082633e-05
0.200678173812922,-0.95758342587805,-0.00411301571318623,-0.00507928975197602,-5.16509593082633e-05
0.196565158099735,-0.962662715630026,-0.00407977391393163,-0.0050397459587086,-5.16753450993902e-05
0.196565158099735,-0.962662715630026,-0.00407977391393163,-0.0050397459587086,-5.16753450993902e-05
0.192485384185804,-0.967702461588735,-0.00404663999367422,-0.00500008330703594,-5.16285772299294e-05
0.192485384185804,-0.967702461588735,-0.00404663999367422,-0.00500008330703594,-5.16285772299294e-05
0.18843874419213,-0.972702544895771,-0.00401367927448884,-0.00496034054365224,-5.15130022093165e-05
0.18843874419213,-0.972702544895771,-0.00401367927448884,-0.00496034054365224,-5.15130022093165e-05
0.184425064917641,-0.977662885439423,-0.00398095483412436,-0.004920555209454,-5.13311478574658e-05
0.184425064917641,-0.977662885439423,-0.00398095483412436,-0.004920555209454,-5.13311478574658e-05
0.180444110083516,-0.982583440648877,-0.00394852732374379,-0.00488076354273415,-5.10857134609164e-05
0.180444110083516,-0.982583440648877,-0.00394852732374379,-0.00488076354273415,-5.10857134609164e-05
0.176495582759773,-0.987464204191611,-0.00391645479404368,-0.00484100038706692,-5.077955944252e-05
0.176495582759773,-0.987464204191611,-0.00391645479404368,-0.00484100038706692,-5.077955944252e-05
0.172579127965729,-0.992305204578678,-0.00388479253048712,-0.00480129910413318,-5.04156966042993e-05
0.172579127965729,-0.992305204578678,-0.00388479253048712,-0.00480129910413318,-5.04156966042993e-05
0.168694335435242,-0.997106503682811,-0.00385359289834258,-0.00476169149172134,-4.99972749569795e-05
0.168694335435242,-0.997106503682811,-0.00385359289834258,-0.00476169149172134,-4.99972749569795e-05
0.164840742536899,-1.00186819517453,-0.00382290519820003,-0.00472220770716381,-4.95275721432084e-05
0.164840742536899,-1.00186819517453,-0.00382290519820003,-0.00472220770716381,-4.95275721432084e-05
0.161017837338699,-1.0065904028817,-0.00379277553263618,-0.004682876196481,-4.90099815281617e-05
0.161017837338699,-1.0065904028817,-0.00379277553263618,-0.004682876196481,-4.90099815281617e-05
0.157225061806063,-1.01127327907818,-0.00376324668464667,-0.00464372362947052,-4.84480000198561e-05
0.157225061806063,-1.01127327907818,-0.00376324668464667,-0.00464372362947052,-4.84480000198561e-05
0.153461815121416,-1.01591700270765,-0.00373435800845343,-0.00460477484091748,-4.78452156353944e-05
0.153461815121416,-1.01591700270765,-0.00373435800845343,-0.00460477484091748,-4.78452156353944e-05
0.149727457112963,-1.02052177754857,-0.00370614533324351,-0.0045660527781286,-4.72052948495439e-05
0.149727457112963,-1.02052177754857,-0.00370614533324351,-0.0045660527781286,-4.72052948495439e-05
0.146021311779719,-1.02508783032669,-0.00367864088038131,-0.00452757845495499,-4.65319697409289e-05
0.146021311779719,-1.02508783032669,-0.00367864088038131,-0.00452757845495499,-4.65319697409289e-05
0.142342670899338,-1.02961540878165,-0.00365187319457125,-0.00448937091249224,-4.58290250334092e-05
0.142342670899338,-1.02961540878165,-0.00365187319457125,-0.00448937091249224,-4.58290250334092e-05
0.138690797704767,-1.03410477969414,-0.00362586708942125,-0.00445144718652557,-4.51002850192063e-05
0.138690797704767,-1.03410477969414,-0.00362586708942125,-0.00445144718652557,-4.51002850192063e-05
0.135064930615346,-1.03855622688067,-0.00360064360779108,-0.00441382228183373,-4.43496003800746e-05
0.135064930615346,-1.03855622688067,-0.00360064360779108,-0.00441382228183373,-4.43496003800746e-05
0.131464287007554,-1.0429700491625,-0.00357621999726027,-0.004376509153452,-4.35808349635901e-05
0.131464287007554,-1.0429700491625,-0.00357621999726027,-0.004376509153452,-4.35808349635901e-05
0.127888067010294,-1.04734655831595,-0.00355260970099451,-0.00433951869492644,-4.27978525153671e-05
0.127888067010294,-1.04734655831595,-0.00355260970099451,-0.00433951869492644,-4.27978525153671e-05
0.1243354573093,-1.05168607701088,-0.00352982236421769,-0.00430285973360234,-4.20045033907423e-05
0.1243354573093,-1.05168607701088,-0.00352982236421769,-0.00430285973360234,-4.20045033907423e-05
0.120805634945082,-1.05598893674448,-0.00350786385643247,-0.00426653903295882,-4.12046112556455e-05
0.120805634945082,-1.05598893674448,-0.00350786385643247,-0.00426653903295882,-4.12046112556455e-05
0.11729777108865,-1.06025547577744,-0.00348673630944465,-0.0042305613020035,-4.04019597988765e-05
0.11729777108865,-1.06025547577744,-0.00348673630944465,-0.0042305613020035,-4.04019597988765e-05
0.113811034779205,-1.06448603707944,-0.00346643817120719,-0.00419492921168341,-3.9600279483778e-05
0.113811034779205,-1.06448603707944,-0.00346643817120719,-0.00419492921168341,-3.9600279483778e-05
0.110344596607998,-1.06868096629113,-0.00344696427538342,-0.00415964341826403,-3.88032343350735e-05
0.110344596607998,-1.06868096629113,-0.00344696427538342,-0.00415964341826403,-3.88032343350735e-05
0.106897632332614,-1.07284060970939,-0.00342830592646114,-0.00412470259362641,-3.80144087763056e-05
0.106897632332614,-1.07284060970939,-0.00342830592646114,-0.00412470259362641,-3.80144087763056e-05
0.103469326406153,-1.07696531230302,-0.00341045100018375,-0.00409010346240324,-3.72372945545239e-05
0.103469326406153,-1.07696531230302,-0.00341045100018375,-0.00409010346240324,-3.72372945545239e-05
0.100058875405969,-1.08105541576542,-0.00339338405895677,-0.00405584084585708,-3.64752777824977e-05
0.100058875405969,-1.08105541576542,-0.00339338405895677,-0.00405584084585708,-3.64752777824977e-05
0.0966654913470126,-1.08511125661128,-0.00337708648179838,-0.00402190771238375,-3.57316260848695e-05
0.0966654913470126,-1.08511125661128,-0.00337708648179838,-0.00402190771238375,-3.57316260848695e-05
0.0932884048652143,-1.08913316432366,-0.00336153660833624,-0.00398829523454847,-3.50094759229624e-05
0.0932884048652143,-1.08913316432366,-0.00336153660833624,-0.00398829523454847,-3.50094759229624e-05
0.089926868256878,-1.09312145955821,-0.0033467098962687,-0.00395499285249401,-3.4311820123597e-05
0.089926868256878,-1.09312145955821,-0.0033467098962687,-0.00395499285249401,-3.4311820123597e-05
0.0865801583606093,-1.0970764524107,-0.0033325790916142,-0.00392198834357416,-3.36414956552114e-05
0.0865801583606093,-1.0970764524107,-0.0033325790916142,-0.00392198834357416,-3.36414956552114e-05
0.0832475792689951,-1.10099844075428,-0.00331911441101508,-0.00388926789803512,-3.30011716775927e-05
0.0832475792689951,-1.10099844075428,-0.00331911441101508,-0.00388926789803512,-3.30011716775927e-05
0.07992846485798,-1.10488770865231,-0.00330628373527109,-0.00385681620059874,-3.23933379655491e-05
0.07992846485798,-1.10488770865231,-0.00330628373527109,-0.00385681620059874,-3.23933379655491e-05
0.076622181122709,-1.10874452485291,-0.00329405281320454,-0.00382461651773158,-3.18202937590753e-05
0.076622181122709,-1.10874452485291,-0.00329405281320454,-0.00382461651773158,-3.18202937590753e-05
0.0733281283095044,-1.11256914137064,-0.00328238547489322,-0.00379265079038138,-3.12841370552772e-05
0.0733281283095044,-1.11256914137064,-0.00328238547489322,-0.00379265079038138,-3.12841370552772e-05
0.0700457428346112,-1.11636179216102,-0.00327124385325617,-0.00376089973200777,-3.07867544834849e-05
0.0700457428346112,-1.11636179216102,-0.00327124385325617,-0.00376089973200777,-3.07867544834849e-05
0.066774498981355,-1.12012269189303,-0.00326058861290376,-0.00372934293164251,-3.03298118125902e-05
0.066774498981355,-1.12012269189303,-0.00326058861290376,-0.00372934293164251,-3.03298118125902e-05
0.0635139103684513,-1.12385203482468,-0.00325037918511852,-0.00369795896172964,-2.99147451866839e-05
0.0635139103684513,-1.12385203482468,-0.00325037918511852,-0.00369795896172964,-2.99147451866839e-05
0.0602635311833327,-1.1275499937864,-0.003240574007785,-0.00366672549045921,-2.95427531728952e-05
0.0602635311833327,-1.1275499937864,-0.003240574007785,-0.00366672549045921,-2.95427531728952e-05
0.0570229571755477,-1.13121671927686,-0.00323113076905066,-0.00363561939828427,-2.92147897010021e-05
0.0570229571755477,-1.13121671927686,-0.00323113076905066,-0.00363561939828427,-2.92147897010021e-05
0.0537918264064971,-1.13485233867515,-0.00322200665347498,-0.00360461689828684,-2.89315579406054e-05
0.0537918264064971,-1.13485233867515,-0.00322200665347498,-0.00360461689828684,-2.89315579406054e-05
0.0505698197530221,-1.13845695557344,-0.00321315858940035,-0.00357369366008276,-2.86935052832915e-05
0.0505698197530221,-1.13845695557344,-0.00321315858940035,-0.00357369366008276,-2.86935052832915e-05
0.0473566611636218,-1.14203064923352,-0.00320454349626316,-0.00354282493681013,-2.85008193778085e-05
0.0473566611636218,-1.14203064923352,-0.00320454349626316,-0.00354282493681013,-2.85008193778085e-05
0.0441521176673586,-1.14557347417033,-0.00319611853056292,-0.00351198569488176,-2.83534254273124e-05
0.0441521176673586,-1.14557347417033,-0.00319611853056292,-0.00351198569488176,-2.83534254273124e-05
0.0409559991367957,-1.14908545986521,-0.00318784132918468,-0.00348115074598576,-2.82509847435285e-05
0.0409559991367957,-1.14908545986521,-0.00318784132918468,-0.00348115074598576,-2.82509847435285e-05
0.037768157807611,-1.1525666106112,-0.00317967024878917,-0.00345029488086857,-2.81928946057487e-05
0.037768157807611,-1.1525666106112,-0.00317967024878917,-0.00345029488086857,-2.81928946057487e-05
0.0345884875588218,-1.15601690549206,-0.00317156460002949,-0.00341939300438576,-2.81782894674693e-05
0.0345884875588218,-1.15601690549206,-0.00317156460002949,-0.00341939300438576,-2.81782894674693e-05
0.0314169229587923,-1.15943629849645,-0.00316348487534041,-0.00338842027131103,-2.82060435947348e-05
0.0314169229587923,-1.15943629849645,-0.00316348487534041,-0.00338842027131103,-2.82060435947348e-05
0.0282534380834519,-1.16282471876776,-0.00315539296910276,-0.00335735222227229,-2.82747750925526e-05
0.0282534380834519,-1.16282471876776,-0.00315539296910276,-0.00335735222227229,-2.82747750925526e-05
0.0250980451143492,-1.16618207099003,-0.00314725238901053,-0.00332616491925752,-2.8382851327521e-05
0.0250980451143492,-1.16618207099003,-0.00314725238901053,-0.00332616491925752,-2.8382851327521e-05
0.0219507927253386,-1.16950823590929,-0.00313902845754103,-0.00329483508008588,-2.85283957788566e-05
0.0219507927253386,-1.16950823590929,-0.00313902845754103,-0.00329483508008588,-2.85283957788566e-05
0.0188117642677976,-1.17280307098938,-0.00313068850246771,-0.00326334021118213,-2.87092962640602e-05
0.0188117642677976,-1.17280307098938,-0.00313068850246771,-0.00326334021118213,-2.87092962640602e-05
0.0156810757653299,-1.17606641120056,-0.00312220203543032,-0.00323165873801212,-2.89232144910639e-05
0.0156810757653299,-1.17606641120056,-0.00312220203543032,-0.00323165873801212,-2.89232144910639e-05
0.0125588737298996,-1.17929806993857,-0.00311354091764407,-0.00319977013255057,-2.9167596915145e-05
0.0125588737298996,-1.17929806993857,-0.00311354091764407,-0.00319977013255057,-2.9167596915145e-05
0.00944533281225551,-1.18249784007112,-0.00310467951189995,-0.00316765503712002,-2.94396867624395e-05
0.00944533281225551,-1.18249784007112,-0.00310467951189995,-0.00316765503712002,-2.94396867624395e-05
0.00634065330035556,-1.18566549510824,-0.00309559482009981,-0.003135295384044,-2.97365372055021e-05
0.00634065330035556,-1.18566549510824,-0.00309559482009981,-0.003135295384044,-2.97365372055021e-05
0.00324505848025575,-1.18880079049229,-0.00308626660565477,-0.00310267451049273,-3.00550256470671e-05
0.00324505848025575,-1.18880079049229,-0.00308626660565477,-0.00310267451049273,-3.00550256470671e-05
0.000158791874600978,-1.19190346500278,-0.00307667750016476,-0.00306977726786561,-3.03918689284295e-05
0.000158791874600978,-1.19190346500278,-0.00307667750016476,-0.00306977726786561,-3.03918689284295e-05
-0.00291788562556379,-1.19497324227064,-0.00306681309388345,-0.00303659012521873,-3.0743639441856e-05
-0.00291788562556379,-1.19497324227064,-0.00306681309388345,-0.00303659012521873,-3.0743639441856e-05
-0.00598469871944724,-1.19800983239586,-0.00305666200959849,-0.00300310126614045,-3.11067819947749e-05
-0.00598469871944724,-1.19800983239586,-0.00305666200959849,-0.00300310126614045,-3.11067819947749e-05
-0.00904136072904572,-1.201012933662,-0.003046215959622,-0.00296930067861845,-3.14776313746212e-05
-0.00904136072904572,-1.201012933662,-0.003046215959622,-0.00296930067861845,-3.14776313746212e-05
-0.0120875766886677,-1.20398223434062,-0.00303546978571874,-0.00293518023737205,-3.18524304848073e-05
-0.0120875766886677,-1.20398223434062,-0.00303546978571874,-0.00293518023737205,-3.18524304848073e-05
-0.0151230464743865,-1.20691741457799,-0.00302442148187294,-0.00290073377822608,-3.22273489395944e-05
-0.0151230464743865,-1.20691741457799,-0.00302442148187294,-0.00290073377822608,-3.22273489395944e-05
-0.0181474679562594,-1.20981814835622,-0.00301307219993293,-0.00286595716411764,-3.25985020295056e-05
-0.0181474679562594,-1.20981814835622,-0.00301307219993293,-0.00286595716411764,-3.25985020295056e-05
-0.0211605401561923,-1.21268410552034,-0.0030014262382361,-0.00283084834238756,-3.29619699892016e-05
-0.0211605401561923,-1.21268410552034,-0.0030014262382361,-0.00283084834238756,-3.29619699892016e-05
-0.0241619663944284,-1.21551495386272,-0.00298949101343763,-0.0027954073929839,-3.33138174339167e-05
-0.0241619663944284,-1.21551495386272,-0.00298949101343763,-0.0027954073929839,-3.33138174339167e-05
-0.0271514574078661,-1.21831036125571,-0.00297727701584125,-0.00275963656732703,-3.36501128994932e-05
-0.0271514574078661,-1.21831036125571,-0.00297727701584125,-0.00275963656732703,-3.36501128994932e-05
-0.0301287344237073,-1.22106999782304,-0.00296479774863614,-0.00272354031758137,-3.3966948416864e-05
-0.0301287344237073,-1.22106999782304,-0.00296479774863614,-0.00272354031758137,-3.3966948416864e-05
-0.0330935321723434,-1.22379353814062,-0.00295206965151543,-0.00268712531612025,-3.42604590646556e-05
-0.0330935321723434,-1.22379353814062,-0.00295206965151543,-0.00268712531612025,-3.42604590646556e-05
-0.0360456018238589,-1.22648066345674,-0.00293911200924322,-0.00265040046497478,-3.45268424121158e-05
-0.0360456018238589,-1.22648066345674,-0.00293911200924322,-0.00265040046497478,-3.45268424121158e-05
-0.0389847138331021,-1.22913106392171,-0.00292594684580001,-0.00261337689514396,-3.47623778032742e-05
-0.0389847138331021,-1.22913106392171,-0.00292594684580001,-0.00261337689514396,-3.47623778032742e-05
-0.0419106606789021,-1.23174444081686,-0.00291259880480209,-0.00257606795567278,-3.49634454800732e-05
-0.0419106606789021,-1.23174444081686,-0.00291259880480209,-0.00257606795567278,-3.49634454800732e-05
-0.0448232594837042,-1.23432050877253,-0.00289909501694911,-0.00253848919237409,-3.51265454472528e-05
-0.0448232594837042,-1.23432050877253,-0.00289909501694911,-0.00253848919237409,-3.51265454472528e-05
-0.0477223545006533,-1.2368589979649,-0.00288546495530964,-0.00250065831618529,-3.52483161515393e-05
-0.0477223545006533,-1.2368589979649,-0.00288546495530964,-0.00250065831618529,-3.52483161515393e-05
-0.0506078194559629,-1.23935965628109,-0.00287174027928624,-0.00246259516103597,-3.53255528505211e-05
-0.0506078194559629,-1.23935965628109,-0.00287174027928624,-0.00246259516103597,-3.53255528505211e-05
-0.0534795597352492,-1.24182225144212,-0.00285795466814732,-0.00242432163126671,-3.53552256688369e-05
-0.0534795597352492,-1.24182225144212,-0.00285795466814732,-0.00242432163126671,-3.53552256688369e-05
-0.0563375144033965,-1.24424657307339,-0.00284414364502975,-0.00238586163864807,-3.53344973455572e-05
-0.0563375144033965,-1.24424657307339,-0.00284414364502975,-0.00238586163864807,-3.53344973455572e-05
-0.0591816580484263,-1.24663243471204,-0.00283034439235651,-0.00234724102901285,-3.52607406214037e-05
-0.0591816580484263,-1.24663243471204,-0.00283034439235651,-0.00234724102901285,-3.52607406214037e-05
-0.0620120024407828,-1.24897967574105,-0.00281659555960785,-0.00230848749860457,-3.51315552102206e-05
-0.0620120024407828,-1.24897967574105,-0.00281659555960785,-0.00230848749860457,-3.51315552102206e-05
-0.0648285980003906,-1.25128816323966,-0.00280293706442761,-0.00226963050027318,-3.49447843088161e-05
-0.0648285980003906,-1.25128816323966,-0.00280293706442761,-0.00226963050027318,-3.49447843088161e-05
-0.0676315350648182,-1.25355779373993,-0.00278940988802234,-0.00223070113972423,-3.46985306146812e-05
-0.0676315350648182,-1.25355779373993,-0.00278940988802234,-0.00223070113972423,-3.46985306146812e-05
-0.0704209449528406,-1.25578849487965,-0.00277605586584417,-0.00219173206198997,-3.43911717117285e-05
-0.0704209449528406,-1.25578849487965,-0.00277605586584417,-0.00219173206198997,-3.43911717117285e-05
-0.0731970008186847,-1.25798022694164,-0.00276291747451947,-0.00215275732847631,-3.40213747843836e-05
-0.0731970008186847,-1.25798022694164,-0.00276291747451947,-0.00215275732847631,-3.40213747843836e-05
-0.0759599182932042,-1.26013298427012,-0.00275003761600626,-0.00211381228488094,-3.35881104902838e-05
-0.0759599182932042,-1.26013298427012,-0.00275003761600626,-0.00211381228488094,-3.35881104902838e-05
-0.0787099559092105,-1.262246796555,-0.00273745939993339,-0.00207493342045861,-3.30906659479777e-05
-0.0787099559092105,-1.262246796555,-0.00273745939993339,-0.00207493342045861,-3.30906659479777e-05
-0.0814474153091439,-1.26432172997546,-0.00272522592505371,-0.00203615821904468,-3.25286566053894e-05
-0.0814474153091439,-1.26432172997546,-0.00272522592505371,-0.00203615821904468,-3.25286566053894e-05
-0.0841726412341976,-1.2663578881945,-0.00271338006073342,-0.00199752500244488,-3.19020368958122e-05
-0.0841726412341976,-1.2663578881945,-0.00271338006073342,-0.00199752500244488,-3.19020368958122e-05
-0.086886021294931,-1.26835541319695,-0.00270196422937262,-0.00195907276675333,-3.12111094724439e-05
-0.086886021294931,-1.26835541319695,-0.00270196422937262,-0.00195907276675333,-3.12111094724439e-05
-0.0895879855243036,-1.2703144859637,-0.0026910201906221,-0.00192084101227419,-3.0456532825606e-05
-0.0895879855243036,-1.2703144859637,-0.0026910201906221,-0.00192084101227419,-3.0456532825606e-05
-0.0922790057149257,-1.27223532697598,-0.00268058882825042,-0.00188286956775707,-2.9639327101138e-05
-0.0922790057149257,-1.27223532697598,-0.00268058882825042,-0.00188286956775707,-2.9639327101138e-05
-0.0949595945431761,-1.27411819654373,-0.00267070994045063,-0.00184519840971276,-2.87608778781951e-05
-0.0949595945431761,-1.27411819654373,-0.00267070994045063,-0.00184519840971276,-2.87608778781951e-05
-0.0976303044836268,-1.27596339495345,-0.00266142203439229,-0.00180786747760053,-2.78229376801408e-05
-0.0976303044836268,-1.27596339495345,-0.00266142203439229,-0.00180786747760053,-2.78229376801408e-05
-0.100291726518019,-1.27777126243105,-0.0026527621257586,-0.00177091648578198,-2.68276250420538e-05
-0.100291726518019,-1.27777126243105,-0.0026527621257586,-0.00177091648578198,-2.68276250420538e-05
-0.102944488643778,-1.27954217891683,-0.00264476554399039,-0.0017343847330844,-2.5777420871355e-05
-0.102944488643778,-1.27954217891683,-0.00264476554399039,-0.0017343847330844,-2.5777420871355e-05
-0.105589254187768,-1.28127656364991,-0.00263746574391885,-0.00169831091096695,-2.46751619467737e-05
-0.105589254187768,-1.28127656364991,-0.00263746574391885,-0.00169831091096695,-2.46751619467737e-05
-0.108226719931687,-1.28297487456088,-0.00263089412444732,-0.0016627329112473,-2.35240314052881e-05
-0.108226719931687,-1.28297487456088,-0.00263089412444732,-0.0016627329112473,-2.35240314052881e-05
-0.110857614056134,-1.28463760747213,-0.00262507985489621,-0.00162768763439036,-2.23275460864113e-05
-0.110857614056134,-1.28463760747213,-0.00262507985489621,-0.00162768763439036,-2.23275460864113e-05
-0.11348269391103,-1.28626529510652,-0.00262004970959244,-0.00159321079942365,-2.10895406835341e-05
-0.11348269391103,-1.28626529510652,-0.00262004970959244,-0.00159321079942365,-2.10895406835341e-05
-0.116102743620623,-1.28785850590594,-0.00261582791125492,-0.00155933675655007,-1.98141487123197e-05
-0.116102743620623,-1.28785850590594,-0.00261582791125492,-0.00155933675655007,-1.98141487123197e-05
-0.118718571531878,-1.28941784266249,-0.00261243598366294,-0.00152609830359296,-1.85057803008884e-05
-0.118718571531878,-1.28941784266249,-0.00261243598366294,-0.00152609830359296,-1.85057803008884e-05
-0.121331007515541,-1.29094394096608,-0.00260989261411164,-0.0014935265074878,-1.7169097057236e-05
-0.121331007515541,-1.29094394096608,-0.00260989261411164,-0.0014935265074878,-1.7169097057236e-05
-0.123940900129652,-1.29243746747357,-0.00260821352605042,-0.00146165053198399,-1.58089841930265e-05
-0.123940900129652,-1.29243746747357,-0.00260821352605042,-0.00146165053198399,-1.58089841930265e-05
-0.126549113655703,-1.29389911800556,-0.00260741136232301,-0.00143049747274748,-1.44305201912093e-05
-0.126549113655703,-1.29389911800556,-0.00260741136232301,-0.00143049747274748,-1.44305201912093e-05
-0.129156525018026,-1.2953296154783,-0.00260749557937348,-0.00140009220115611,-1.30389443966763e-05
-0.129156525018026,-1.2953296154783,-0.00260749557937348,-0.00140009220115611,-1.30389443966763e-05
-0.131764020597399,-1.29672970767946,-0.00260847235274794,-0.00137045721811679,-1.16396230194315e-05
-0.131764020597399,-1.29672970767946,-0.00260847235274794,-0.00137045721811679,-1.16396230194315e-05
-0.134372492950147,-1.29810016489758,-0.00261034449418587,-0.00134161251917186,-1.02380140108299e-05
-0.134372492950147,-1.29810016489758,-0.00261034449418587,-0.00134161251917186,-1.02380140108299e-05
-0.136982837444333,-1.29944177741675,-0.0026131113805733,-0.00131357547223732,-8.83963138859772e-06
-0.136982837444333,-1.29944177741675,-0.0026131113805733,-0.00131357547223732,-8.83963138859772e-06
-0.139595948824906,-1.30075535288899,-0.00261676889497356,-0.0012863607092839,-7.4500095523602e-06
-0.139595948824906,-1.30075535288899,-0.00261676889497356,-0.0012863607092839,-7.4500095523602e-06
-0.14221271771988,-1.30204171359827,-0.00262130937995705,-0.00125998003321715,-6.07466813885285e-06
-0.14221271771988,-1.30204171359827,-0.00262130937995705,-0.00125998003321715,-6.07466813885285e-06
-0.144834027099837,-1.30330169363149,-0.00262672160338445,-0.00123444234126358,-4.71907798172333e-06
-0.144834027099837,-1.30330169363149,-0.00262672160338445,-0.00123444234126358,-4.71907798172333e-06
-0.147460748703221,-1.30453613597275,-0.0026329907367855,-0.00120975356600894,-3.38862864084294e-06
-0.147460748703221,-1.30453613597275,-0.0026329907367855,-0.00120975356600894,-3.38862864084294e-06
-0.150093739440007,-1.30574588953876,-0.00264009834642931,-0.00118591663524503,-2.08859796014529e-06
-0.150093739440007,-1.30574588953876,-0.00264009834642931,-0.00118591663524503,-2.08859796014529e-06
-0.152733837786436,-1.306931806174,-0.00264802239714332,-0.00116293145163016,-8.24123974669903e-07
-0.152733837786436,-1.306931806174,-0.00264802239714332,-0.00116293145163016,-8.24123974669903e-07
-0.15538186018358,-1.30809473762563,-0.0026567372689284,-0.00114079489307284,3.99820545519871e-07
-0.15538186018358,-1.30809473762563,-0.0026567372689284,-0.00114079489307284,3.99820545519871e-07
-0.158038597452508,-1.30923553251871,-0.00266621378636506,-0.00111950083459456,1.57845075817028e-06
-0.158038597452508,-1.30923553251871,-0.00266621378636506,-0.00111950083459456,1.57845075817028e-06
-0.160704811238873,-1.3103550333533,-0.00267641926078555,-0.00109904019227036,2.70718952616713e-06
-0.160704811238873,-1.3103550333533,-0.00267641926078555,-0.00109904019227036,2.70718952616713e-06
-0.163381230499659,-1.31145407354557,-0.00268731754515442,-0.00107940098961934,3.78168439143936e-06
-0.163381230499659,-1.31145407354557,-0.00268731754515442,-0.00107940098961934,3.78168439143936e-06
-0.166068548044813,-1.31253347453519,-0.00269886910156758,-0.0010605684467937,4.79782177966294e-06
-0.166068548044813,-1.31253347453519,-0.00269886910156758,-0.0010605684467937,4.79782177966294e-06
-0.168767417146381,-1.31359404298199,-0.00271103108126128,-0.00104252509251124,5.75173865111599e-06
-0.168767417146381,-1.31359404298199,-0.00271103108126128,-0.00104252509251124,5.75173865111599e-06
-0.171478448227642,-1.3146365680745,-0.00272375741699996,-0.00102525089855043,6.63983178367982e-06
-0.171478448227642,-1.3146365680745,-0.00272375741699996,-0.00102525089855043,6.63983178367982e-06
-0.174202205644642,-1.31566181897305,-0.00273699892764984,-0.00100872343637493,7.45876498626369e-06
-0.174202205644642,-1.31566181897305,-0.00273699892764984,-0.00100872343637493,7.45876498626369e-06
-0.176939204572292,-1.31667054240942,-0.00275070343474337,-0.000992918055243708,8.20547449665709e-06
-0.176939204572292,-1.31667054240942,-0.00275070343474337,-0.000992918055243708,8.20547449665709e-06
-0.179689908007035,-1.31766346046467,-0.00276481589079786,-0.000977808080868448,8.87717287559753e-06
-0.179689908007035,-1.31766346046467,-0.00276481589079786,-0.000977808080868448,8.87717287559753e-06
-0.182454723897833,-1.31864126854553,-0.00277927851912305,-0.000963365033495922,9.47135165688595e-06
-0.182454723897833,-1.31864126854553,-0.00277927851912305,-0.000963365033495922,9.47135165688595e-06
-0.185234002416956,-1.31960463357903,-0.00279403096481712,-0.000949558864009825,9.98578301179484e-06
-0.185234002416956,-1.31960463357903,-0.00279403096481712,-0.000949558864009825,9.98578301179484e-06
-0.188028033381773,-1.32055419244304,-0.00280901045661497,-0.000936358206420129,1.04185206883057e-05
-0.188028033381773,-1.32055419244304,-0.00280901045661497,-0.000936358206420129,1.04185206883057e-05
-0.190837043838388,-1.32149055064946,-0.00282415197924338,-0.000923730644919019,1.07679003809266e-05
-0.190837043838388,-1.32149055064946,-0.00282415197924338,-0.000923730644919019,1.07679003809266e-05
-0.193661195817631,-1.32241428129438,-0.00283938845589743,-0.00091164299338109,1.10325397233379e-05
-0.193661195817631,-1.32241428129438,-0.00283938845589743,-0.00091164299338109,1.10325397233379e-05
-0.196500584273529,-1.32332592428776,-0.00285465094043133,-0.000900061585080714,1.12113379840311e-05
-0.196500584273529,-1.32332592428776,-0.00285465094043133,-0.000900061585080714,1.12113379840311e-05
-0.19935523521396,-1.32422598587284,-0.00286986881881909,-0.000888952570138768,1.13034755727052e-05
-0.19935523521396,-1.32422598587284,-0.00286986881881909,-0.000888952570138768,1.13034755727052e-05
-0.202225104032779,-1.32511493844298,-0.00288497001942462,-0.000878282218116366,1.13084133570945e-05
-0.202225104032779,-1.32511493844298,-0.00288497001942462,-0.000878282218116366,1.13084133570945e-05
-0.205110074052204,-1.3259932206611,-0.00289988123157761,-0.000868017222948492,1.1225891843691e-05
-0.205110074052204,-1.3259932206611,-0.00289988123157761,-0.000868017222948492,1.1225891843691e-05
-0.208009955283781,-1.32686123788404,-0.00291452813194906,-0.000858125007360266,1.10559301712164e-05
-0.208009955283781,-1.32686123788404,-0.00291452813194906,-0.000858125007360266,1.10559301712164e-05
-0.210924483415731,-1.32771936289141,-0.0029288356181687,-0.000848574023772475,1.07988248946836e-05
-0.210924483415731,-1.32771936289141,-0.0029288356181687,-0.000848574023772475,1.07988248946836e-05
-0.213853319033899,-1.32856793691518,-0.00294272804909576,-0.000839334048690965,1.04551485165727e-05
-0.213853319033899,-1.32856793691518,-0.00294272804909576,-0.000839334048690965,1.04551485165727e-05
-0.216796047082995,-1.32940727096387,-0.00295612949114196,-0.000830376467494398,1.00257476989855e-05
-0.216796047082995,-1.32940727096387,-0.00295612949114196,-0.000830376467494398,1.00257476989855e-05
-0.219752176574137,-1.33023764743136,-0.00296896396999022,-0.000821674546568785,9.51174113244082e-06
-0.219752176574137,-1.33023764743136,-0.00296896396999022,-0.000821674546568785,9.51174113244082e-06
-0.222721140544127,-1.33105932197793,-0.00298115572704466,-0.000813203689790765,8.91451698970371e-06
-0.222721140544127,-1.33105932197793,-0.00298115572704466,-0.000813203689790765,8.91451698970371e-06
-0.225702296271172,-1.33187252566772,-0.00299262947989776,-0.000804941676403326,8.2357299365063e-06
-0.225702296271172,-1.33187252566772,-0.00299262947989776,-0.000804941676403326,8.2357299365063e-06
-0.22869492575107,-1.33267746734413,-0.00300331068606599,-0.000796868877475987,7.47729766196852e-06
-0.22869492575107,-1.33267746734413,-0.00300331068606599,-0.000796868877475987,7.47729766196852e-06
-0.231698236437136,-1.3334743362216,-0.00301312580921101,-0.000788968448248495,6.64139692700032e-06
-0.231698236437136,-1.3334743362216,-0.00301312580921101,-0.000788968448248495,6.64139692700032e-06
-0.234711362246347,-1.33426330466985,-0.00302200258702501,-0.000781226493898446,5.73045911024571e-06
-0.234711362246347,-1.33426330466985,-0.00302200258702501,-0.000781226493898446,5.73045911024571e-06
-0.237733364833372,-1.33504453116375,-0.00302987029992757,-0.000773632206400476,4.74716524560869e-06
-0.237733364833372,-1.33504453116375,-0.00302987029992757,-0.000773632206400476,4.74716524560869e-06
-0.240763235133299,-1.33581816337015,-0.00303666003965605,-0.000766177970437765,3.6944406212598e-06
-0.240763235133299,-1.33581816337015,-0.00303666003965605,-0.000766177970437765,3.6944406212598e-06
-0.243799895172955,-1.33658434134059,-0.00304230497683661,-0.000758859436646331,2.57544892349852e-06
-0.243799895172955,-1.33658434134059,-0.00304230497683661,-0.000758859436646331,2.57544892349852e-06
-0.246842200149792,-1.33734320077723,-0.00304674062655488,-0.000751675560728415,1.39358597910349e-06
-0.246842200149792,-1.33734320077723,-0.00304674062655488,-0.000751675560728415,1.39358597910349e-06
-0.249888940776347,-1.33809487633796,-0.00304990511092407,-0.000744628607335374,1.52473122219145e-07
-0.249888940776347,-1.33809487633796,-0.00304990511092407,-0.000744628607335374,1.52473122219145e-07
-0.252938845887271,-1.3388395049453,-0.00305173941759723,-0.000737724118014427,-1.14404977814755e-06
-0.252938845887271,-1.3388395049453,-0.00305173941759723,-0.000737724118014427,-1.14404977814755e-06
-0.255990585304868,-1.33957722906331,-0.00305218765317333,-0.000730970842768297,-2.4919315941823e-06
-0.255990585304868,-1.33957722906331,-0.00305218765317333,-0.000730970842768297,-2.4919315941823e-06
-0.259042772958041,-1.34030819990608,-0.00305119729039183,-0.000724380635309885,-3.88691749281635e-06
-0.259042772958041,-1.34030819990608,-0.00305119729039183,-0.000724380635309885,-3.88691749281635e-06
-0.262093970248433,-1.34103258054139,-0.00304871940801393,-0.000717968312419215,-5.32455675404621e-06
-0.262093970248433,-1.34103258054139,-0.00304871940801393,-0.000717968312419215,-5.32455675404621e-06
-0.265142689656447,-1.34175054885381,-0.00304470892227743,-0.000711751478208678,-6.80021086531821e-06
-0.265142689656447,-1.34175054885381,-0.00304470892227743,-0.000711751478208678,-6.80021086531821e-06
-0.268187398578725,-1.34246230033202,-0.00303912480879426,-0.000705750314513587,-8.30906191956384e-06
-0.268187398578725,-1.34246230033202,-0.00303912480879426,-0.000705750314513587,-8.30906191956384e-06
-0.271226523387519,-1.34316805064653,-0.00303193031375559,-0.000699987339007668,-9.84612134183544e-06
-0.271226523387519,-1.34316805064653,-0.00303193031375559,-0.000699987339007668,-9.84612134183544e-06
-0.274258453701274,-1.34386803798554,-0.00302309315333371,-0.000694487133014343,-1.14062390399092e-05
-0.274258453701274,-1.34386803798554,-0.00302309315333371,-0.000694487133014343,-1.14062390399092e-05
-0.277281546854608,-1.34456252511855,-0.00301258570014101,-0.000689276041384357,-1.29841130634e-05
-0.277281546854608,-1.34456252511855,-0.00301258570014101,-0.000689276041384357,-1.29841130634e-05
-0.280294132554749,-1.34525180115994,-0.00300038515565704,-0.000684381847019688,-1.45742998873956e-05
-0.280294132554749,-1.34525180115994,-0.00300038515565704,-0.000684381847019688,-1.45742998873956e-05
-0.283294517710406,-1.34593618300696,-0.00298647370754174,-0.000679833422982945,-1.61712254505421e-05
-0.283294517710406,-1.34593618300696,-0.00298647370754174,-0.000679833422982945,-1.61712254505421e-05
-0.286280991417948,-1.34661601642994,-0.00297083867077419,-0.000675660365471176,-1.77691971146626e-05
-0.286280991417948,-1.34661601642994,-0.00297083867077419,-0.000675660365471176,-1.77691971146626e-05
-0.289251830088722,-1.34729167679541,-0.00295347261161888,-0.000671892611011193,-1.9362416733941e-05
-0.289251830088722,-1.34729167679541,-0.00295347261161888,-0.000671892611011193,-1.9362416733941e-05
-0.292205302700341,-1.34796356940642,-0.00293437345342018,-0.000668560041578559,-2.09449950180456e-05
-0.292205302700341,-1.34796356940642,-0.00293437345342018,-0.000668560041578559,-2.09449950180456e-05
-0.295139676153761,-1.348632129448,-0.00291354456331266,-0.000665692081380787,-2.25109674110418e-05
-0.295139676153761,-1.348632129448,-0.00291354456331266,-0.000665692081380787,-2.25109674110418e-05
-0.298053220717074,-1.34929782152938,-0.00289099481895744,-0.000663317289246734,-2.40543116953743e-05
-0.298053220717074,-1.34929782152938,-0.00289099481895744,-0.000663317289246734,-2.40543116953743e-05
-0.300944215536031,-1.34996113881863,-0.00286673865450959,-0.000661462950536151,-2.55689675430566e-05
-0.300944215536031,-1.34996113881863,-0.00286673865450959,-0.000661462950536151,-2.55689675430566e-05
-0.303810954190541,-1.35062260176916,-0.00284079608505899,-0.000660154672662561,-2.70488582643238e-05
-0.303810954190541,-1.35062260176916,-0.00284079608505899,-0.000660154672662561,-2.70488582643238e-05
-0.3066517502756,-1.35128275644183,-0.00281319270886871,-0.000659415988168988,-2.84879149460124e-05
-0.3066517502756,-1.35128275644183,-0.00281319270886871,-0.000659415988168988,-2.84879149460124e-05
-0.309464942984469,-1.35194217243,-0.00278395968682166,-0.000659267969352895,-2.98801032173421e-05
-0.309464942984469,-1.35194217243,-0.00278395968682166,-0.000659267969352895,-2.98801032173421e-05
-0.31224890267129,-1.35260144039935,-0.00275313369855035,-0.000659728858328767,-3.12194528342387e-05
-0.31224890267129,-1.35260144039935,-0.00275313369855035,-0.000659728858328767,-3.12194528342387e-05
-0.315002036369841,-1.35326116925768,-0.00272075687483453,-0.000660813716237163,-3.25000902553492e-05
-0.315002036369841,-1.35326116925768,-0.00272075687483453,-0.000660813716237163,-3.25000902553492e-05
-0.317722793244675,-1.35392198297392,-0.00268687670593254,-0.000662534095224654,-3.37162743482516e-05
-0.317722793244675,-1.35392198297392,-0.00268687670593254,-0.000662534095224654,-3.37162743482516e-05
-0.320409669950608,-1.35458451706914,-0.00265154592563333,-0.000664897736571968,-3.48624353292432e-05
-0.320409669950608,-1.35458451706914,-0.00265154592563333,-0.000664897736571968,-3.48624353292432e-05
-0.323061215876241,-1.35524941480571,-0.00261482237092164,-0.000667908298146891,-3.59332169743401e-05
-0.323061215876241,-1.35524941480571,-0.00261482237092164,-0.000667908298146891,-3.59332169743401e-05
-0.325676038247163,-1.35591732310386,-0.00257676881727609,-0.000671565114132688,-3.69235221240305e-05
-0.325676038247163,-1.35591732310386,-0.00257676881727609,-0.000671565114132688,-3.69235221240305e-05
-0.328252807064439,-1.35658888821799,-0.002537452789732,-0.000675862989628628,-3.78285613893709e-05
-0.328252807064439,-1.35658888821799,-0.002537452789732,-0.000675862989628628,-3.78285613893709e-05
-0.330790259854171,-1.35726475120762,-0.00249694634997183,-0.000680792032467181,-3.86439049051912e-05
-0.330790259854171,-1.35726475120762,-0.00249694634997183,-0.000680792032467181,-3.86439049051912e-05
-0.333287206204142,-1.35794554324009,-0.00245532585984226,-0.000686337524211433,-3.9365536855939e-05
-0.333287206204142,-1.35794554324009,-0.00245532585984226,-0.000686337524211433,-3.9365536855939e-05
-0.335742532063985,-1.3586318807643,-0.00241267172184084,-0.000692479831958082,-3.99899123823817e-05
-0.335742532063985,-1.3586318807643,-0.00241267172184084,-0.000692479831958082,-3.99899123823817e-05
-0.338155203785826,-1.35932436059626,-0.00236906809724369,-0.000699194362261624,-4.05140163559259e-05
-0.338155203785826,-1.35932436059626,-0.00236906809724369,-0.000699194362261624,-4.05140163559259e-05
-0.340524271883069,-1.36002355495852,-0.00232460260268325,-0.000706451558066146,-4.09354233318602e-05
-0.340524271883069,-1.36002355495852,-0.00232460260268325,-0.000706451558066146,-4.09354233318602e-05
-0.342848874485753,-1.36073000651658,-0.00227936598612533,-0.000714216939134094,-4.12523578060026e-05
-0.342848874485753,-1.36073000651658,-0.00227936598612533,-0.000714216939134094,-4.12523578060026e-05
-0.345128240471878,-1.36144422345572,-0.00223345178333395,-0.000722451186062623,-4.14637536669303e-05
-0.345128240471878,-1.36144422345572,-0.00223345178333395,-0.000722451186062623,-4.14637536669303e-05
-0.347361692255212,-1.36216667464178,-0.00218695595606511,-0.000731110267610191,-4.15693115332757e-05
-0.347361692255212,-1.36216667464178,-0.00218695595606511,-0.000731110267610191,-4.15693115332757e-05
-0.349548648211277,-1.36289778490939,-0.00213997651335512,-0.000740145610681253,-4.15695524129882e-05
-0.349548648211277,-1.36289778490939,-0.00213997651335512,-0.000740145610681253,-4.15695524129882e-05
-0.351688624724632,-1.36363793052007,-0.00209261311741665,-0.000749504311902349,-4.14658659117148e-05
-0.351688624724632,-1.36363793052007,-0.00209261311741665,-0.000749504311902349,-4.14658659117148e-05
-0.353781237842049,-1.36438743483197,-0.00204496667577403,-0.000759129389287461,-4.12605509139121e-05
-0.353781237842049,-1.36438743483197,-0.00204496667577403,-0.000759129389287461,-4.12605509139121e-05
-0.355826204517823,-1.36514656422126,-0.00199713892142173,-0.000768960072172309,-4.09568464917981e-05
-0.355826204517823,-1.36514656422126,-0.00199713892142173,-0.000768960072172309,-4.09568464917981e-05
-0.357823343439244,-1.36591552429343,-0.00194923198289115,-0.000778932127291077,-4.05589506449668e-05
-0.357823343439244,-1.36591552429343,-0.00194923198289115,-0.000778932127291077,-4.05589506449668e-05
-0.359772575422136,-1.36669445642073,-0.00190134794623553,-0.000788978218483338,-4.00720243959912e-05
-0.359772575422136,-1.36669445642073,-0.00190134794623553,-0.000788978218483338,-4.00720243959912e-05
-0.361673923368371,-1.36748343463921,-0.00185358841104133,-0.000799028297207238,-3.95021787941274e-05
-0.361673923368371,-1.36748343463921,-0.00185358841104133,-0.000799028297207238,-3.95021787941274e-05
-0.363527511779412,-1.36828246293642,-0.00180605404266665,-0.000809010020747847,-3.88564425344692e-05
-0.363527511779412,-1.36828246293642,-0.00180605404266665,-0.000809010020747847,-3.88564425344692e-05
-0.365333565822079,-1.36909147295716,-0.00175884412299049,-0.000818849194772708,-3.81427082575382e-05
-0.365333565822079,-1.36909147295716,-0.00175884412299049,-0.000818849194772708,-3.81427082575382e-05
-0.36709240994507,-1.36991032215194,-0.00171205610202113,-0.00082847023662902,-3.73696560583966e-05
-0.36709240994507,-1.36991032215194,-0.00171205610202113,-0.00082847023662902,-3.73696560583966e-05
-0.368804466047091,-1.37073879238857,-0.00166578515278554,-0.000837796655630108,-3.65466535220565e-05
-0.368804466047091,-1.37073879238857,-0.00166578515278554,-0.000837796655630108,-3.65466535220565e-05
-0.370470251199876,-1.3715765890442,-0.00162012373195053,-0.000846751546343505,-3.56836324085386e-05
-0.370470251199876,-1.3715765890442,-0.00162012373195053,-0.000846751546343505,-3.56836324085386e-05
-0.372090374931827,-1.37242334059054,-0.00157516114866968,-0.000855258090838307,-3.47909432207479e-05
-0.372090374931827,-1.37242334059054,-0.00157516114866968,-0.000855258090838307,-3.47909432207479e-05
-0.373665536080496,-1.37327859868138,-0.00153098314416583,-0.00086324006571159,-3.3879190004594e-05
-0.373665536080496,-1.37327859868138,-0.00153098314416583,-0.00086324006571159,-3.3879190004594e-05
-0.375196519224662,-1.37414183874709,-0.0014876714845683,-0.000870622349685046,-3.2959048929902e-05
-0.375196519224662,-1.37414183874709,-0.0014876714845683,-0.000870622349685046,-3.2959048929902e-05
-0.376684190709231,-1.37501246109677,-0.00144530356949696,-0.000877331427578731,-3.20410752787555e-05
-0.376684190709231,-1.37501246109677,-0.00144530356949696,-0.000877331427578731,-3.20410752787555e-05
-0.378129494278728,-1.37588979252435,-0.00140395205889038,-0.00088329588654168,-3.11355045540264e-05
-0.378129494278728,-1.37588979252435,-0.00140395205889038,-0.00088329588654168,-3.11355045540264e-05
-0.379533446337618,-1.37677308841089,-0.00136368452052471,-0.00088844690039247,-3.02520540512964e-05
-0.379533446337618,-1.37677308841089,-0.00136368452052471,-0.00088844690039247,-3.02520540512964e-05
-0.380897130858143,-1.37766153531129,-0.00132456310061896,-0.000892718698115358,-2.93997316917348e-05
-0.380897130858143,-1.37766153531129,-0.00132456310061896,-0.000892718698115358,-2.93997316917348e-05
-0.382221693958762,-1.3785542540094,-0.00128664421983937,-0.000896049012703015,-2.8586658904823e-05
-0.382221693958762,-1.3785542540094,-0.00128664421983937,-0.000896049012703015,-2.8586658904823e-05
-0.383508338178601,-1.37945030302211,-0.00124997829694423,-0.000898379506721447,-2.78199139856863e-05
-0.383508338178601,-1.37945030302211,-0.00124997829694423,-0.000898379506721447,-2.78199139856863e-05
-0.384758316475545,-1.38034868252883,-0.00121460950217089,-0.000899656171213126,-2.71054015307296e-05
-0.384758316475545,-1.38034868252883,-0.00121460950217089,-0.000899656171213126,-2.71054015307296e-05
-0.385972925977716,-1.38124833870004,-0.00118057554235318,-0.00089982969481972,-2.64477524397394e-05
-0.385972925977716,-1.38124833870004,-0.00118057554235318,-0.00089982969481972,-2.64477524397394e-05
-0.387153501520069,-1.38214816839486,-0.00114790747961069,-0.000898855800305354,-2.5850257627644e-05
-0.387153501520069,-1.38214816839486,-0.00114790747961069,-0.000898855800305354,-2.5850257627644e-05
-0.38830140899968,-1.38304702419517,-0.00111662958526493,-0.000896695545967496,-2.53148370361188e-05
-0.38830140899968,-1.38304702419517,-0.00111662958526493,-0.000896695545967496,-2.53148370361188e-05
-0.389418038584945,-1.38394371974113,-0.00108675923043589,-0.000893315589810983,-2.48420440020888e-05
-0.389418038584945,-1.38394371974113,-0.00108675923043589,-0.000893315589810983,-2.48420440020888e-05
-0.390504797815381,-1.38483703533094,-0.00105830681457869,-0.000888688414733219,-2.44311036859729e-05
-0.390504797815381,-1.38483703533094,-0.00105830681457869,-0.000888688414733219,-2.44311036859729e-05
-0.391563104629959,-1.38572572374568,-0.00103127573296924,-0.000882792513275721,-2.40799828985579e-05
-0.391563104629959,-1.38572572374568,-0.00103127573296924,-0.000882792513275721,-2.40799828985579e-05
-0.392594380362929,-1.38660851625895,-0.00100566238391592,-0.000875612530956138,-2.37854877665198e-05
-0.392594380362929,-1.38660851625895,-0.00100566238391592,-0.000875612530956138,-2.37854877665198e-05
-0.393600042746845,-1.38748412878991,-0.000981456216203713,-0.000867139367543457,-2.35433849723652e-05
-0.393600042746845,-1.38748412878991,-0.000981456216203713,-0.000867139367543457,-2.35433849723652e-05
-0.394581498963048,-1.38835126815745,-0.000958639816979301,-0.000857370236021504,-2.33485418661566e-05
-0.394581498963048,-1.38835126815745,-0.000958639816979301,-0.000857370236021504,-2.33485418661566e-05
-0.395540138780028,-1.38920863839347,-0.000937189040060404,-0.000846308679338215,-2.31950806695797e-05
-0.395540138780028,-1.38920863839347,-0.000937189040060404,-0.000846308679338215,-2.31950806695797e-05
-0.396477327820088,-1.39005494707281,-0.00091707317430556,-0.000833964545456034,-2.30765421356564e-05
-0.396477327820088,-1.39005494707281,-0.00091707317430556,-0.000833964545456034,-2.30765421356564e-05
-0.397394400994394,-1.39088891161827,-0.000898255151413285,-0.000820353921498373,-2.29860542759685e-05
-0.397394400994394,-1.39088891161827,-0.000898255151413285,-0.000820353921498373,-2.29860542759685e-05
-0.398292656145807,-1.39170926553977,-0.000880691792203847,-0.000805499028192047,-2.29165022883854e-05
-0.398292656145807,-1.39170926553977,-0.000880691792203847,-0.000805499028192047,-2.29165022883854e-05
-0.399173347938011,-1.39251476456796,-0.000864334090167784,-0.000789428076005461,-2.28606962111319e-05
-0.399173347938011,-1.39251476456796,-0.000864334090167784,-0.000789428076005461,-2.28606962111319e-05
-0.400037682028179,-1.39330419264396,-0.00084912753075822,-0.000772175084758686,-2.28115334272307e-05
-0.400037682028179,-1.39330419264396,-0.00084912753075822,-0.000772175084758686,-2.28115334272307e-05
-0.400886809558937,-1.39407636772872,-0.000835012444638905,-0.000753779668658083,-2.27621535699568e-05
-0.400886809558937,-1.39407636772872,-0.000835012444638905,-0.000753779668658083,-2.27621535699568e-05
-0.401721822003576,-1.39483014739738,-0.000821924392807039,-0.000734286788970362,-2.27060837809483e-05
-0.401721822003576,-1.39483014739738,-0.000821924392807039,-0.000734286788970362,-2.27060837809483e-05
-0.402543746396383,-1.39556443418635,-0.000809794581266399,-0.00071374647675837,-2.26373726291914e-05
-0.402543746396383,-1.39556443418635,-0.000809794581266399,-0.00071374647675837,-2.26373726291914e-05
-0.403353540977649,-1.39627818066311,-0.000798550302676004,-0.000692213528255881,-2.25507111831389e-05
-0.403353540977649,-1.39627818066311,-0.000798550302676004,-0.000692213528255881,-2.25507111831389e-05
-0.404152091280325,-1.39697039419137,-0.00078811540218221,-0.000669747175634505,-2.2441539949041e-05
-0.404152091280325,-1.39697039419137,-0.00078811540218221,-0.000669747175634505,-2.2441539949041e-05
-0.404940206682507,-1.397640141367,-0.00077841076443691,-0.00064641073593763,-2.23061402855741e-05
-0.404940206682507,-1.397640141367,-0.00077841076443691,-0.00064641073593763,-2.23061402855741e-05
-0.405718617446944,-1.39828655210294,-0.000769354818637435,-0.000622271241157435,-2.21417090499632e-05
-0.405718617446944,-1.39828655210294,-0.000769354818637435,-0.000622271241157435,-2.21417090499632e-05
-0.406487972265582,-1.39890882334409,-0.000760864058237332,-0.000597399052405523,-2.19464150391189e-05
-0.406487972265582,-1.39890882334409,-0.000760864058237332,-0.000597399052405523,-2.19464150391189e-05
-0.407248836323819,-1.3995062223965,-0.000752853571899526,-0.000571867461177655,-2.17194357974941e-05
-0.407248836323819,-1.3995062223965,-0.000752853571899526,-0.000571867461177655,-2.17194357974941e-05
-0.408001689895719,-1.40007808985768,-0.000745237582124803,-0.000545752280729728,-2.14609732908509e-05
-0.408001689895719,-1.40007808985768,-0.000745237582124803,-0.000545752280729728,-2.14609732908509e-05
-0.408746927477843,-1.40062384213841,-0.000737929987947861,-0.000519131430558817,-2.11722470113585e-05
-0.408746927477843,-1.40062384213841,-0.000737929987947861,-0.000519131430558817,-2.11722470113585e-05
-0.409484857465791,-1.40114297356897,-0.000730844908052919,-0.000492084516946045,-2.0855463277539e-05
-0.409484857465791,-1.40114297356897,-0.000730844908052919,-0.000492084516946045,-2.0855463277539e-05
-0.410215702373844,-1.40163505808591,-0.000723897220662628,-0.000464692412398104,-2.05137597557147e-05
-0.410215702373844,-1.40163505808591,-0.000723897220662628,-0.000464692412398104,-2.05137597557147e-05
-0.410939599594507,-1.40209975049831,-0.00071700309657341,-0.000437036836828719,-2.01511248553958e-05
-0.410939599594507,-1.40209975049831,-0.00071700309657341,-0.000437036836828719,-2.01511248553958e-05
-0.41165660269108,-1.40253678733514,-0.000710080521776901,-0.00040919994311861,-1.97722922657765e-05
-0.41165660269108,-1.40253678733514,-0.000710080521776901,-0.00040919994311861,-1.97722922657765e-05
-0.412366683212857,-1.40294598727826,-0.000703049806215383,-0.000381263909666529,-1.93826119507054e-05
-0.412366683212857,-1.40294598727826,-0.000703049806215383,-0.000381263909666529,-1.93826119507054e-05
-0.413069733019072,-1.40332725118792,-0.00069583407532986,-0.000353310542323459,-1.89878999063052e-05
-0.413069733019072,-1.40332725118792,-0.00069583407532986,-0.000353310542323459,-1.89878999063052e-05
-0.413765567094402,-1.40368056173025,-0.000688359741225497,-0.000325420887998584,-1.85942701883187e-05
-0.413765567094402,-1.40368056173025,-0.000688359741225497,-0.000325420887998584,-1.85942701883187e-05
-0.414453926835628,-1.40400598261825,-0.000680556950451383,-0.000297674862083763,-1.82079538856411e-05
-0.414453926835628,-1.40400598261825,-0.000680556950451383,-0.000297674862083763,-1.82079538856411e-05
-0.415134483786079,-1.40430365748033,-0.000672360005615935,-0.000270150891592102,-1.78351106881019e-05
-0.415134483786079,-1.40430365748033,-0.000672360005615935,-0.000270150891592102,-1.78351106881019e-05
-0.415806843791695,-1.40457380837192,-0.000663707758281784,-0.000242925575795194,-1.74816395154276e-05
-0.415806843791695,-1.40457380837192,-0.000663707758281784,-0.000242925575795194,-1.74816395154276e-05
-0.416470551549977,-1.40481673394772,-0.000654543970835975,-0.000216073365896907,-1.71529950508246e-05
-0.416470551549977,-1.40481673394772,-0.000654543970835975,-0.000216073365896907,-1.71529950508246e-05
-0.417125095520813,-1.40503280731361,-0.000644817645283569,-0.000189666265150379,-1.68540170084358e-05
-0.417125095520813,-1.40503280731361,-0.000644817645283569,-0.000189666265150379,-1.68540170084358e-05
-0.417769913166096,-1.40522247357877,-0.000634483317218604,-0.000163773550553747,-1.65887784578099e-05
-0.417769913166096,-1.40522247357877,-0.000634483317218604,-0.000163773550553747,-1.65887784578099e-05
-0.418404396483315,-1.40538624712932,-0.000623501313487151,-0.000138461517162902,-1.63604586077746e-05
-0.418404396483315,-1.40538624712932,-0.000623501313487151,-0.000138461517162902,-1.63604586077746e-05
-0.419027897796802,-1.40552470864648,-0.000611837972358698,-0.000113793245796412,-1.61712441209599e-05
-0.419027897796802,-1.40552470864648,-0.000611837972358698,-0.000113793245796412,-1.61712441209599e-05
-0.419639735769161,-1.40563850189228,-0.000599465825304846,-8.98283946919598e-05,-1.60222614286477e-05
-0.419639735769161,-1.40563850189228,-0.000599465825304846,-8.98283946919598e-05,-1.60222614286477e-05
-0.420239201594466,-1.40572833028697,-0.000586363739770279,-6.66230155110803e-05,-1.59135408213803e-05
-0.420239201594466,-1.40572833028697,-0.000586363739770279,-6.66230155110803e-05,-1.59135408213803e-05
-0.420825565334236,-1.40579495330248,-0.000572517022605412,-4.42293939264538e-05,-1.58440114590219e-05
-0.420825565334236,-1.40579495330248,-0.000572517022605412,-4.42293939264538e-05,-1.58440114590219e-05
-0.421398082356841,-1.40583918269641,-0.00055791748408518,-2.2695914804638e-05,-1.58115248924411e-05
-0.421398082356841,-1.40583918269641,-0.00055791748408518,-2.2695914804638e-05,-1.58115248924411e-05
-0.421955999840927,-1.40586187861121,-0.000542563462730572,-2.06695186832917e-06,-1.58129035404372e-05
-0.421955999840927,-1.40586187861121,-0.000542563462730572,-2.06695186832917e-06,-1.58129035404372e-05
-0.422498563303657,-1.40586394556308,-0.000526459811377389,1.76172184820356e-05,-1.58440096583887e-05
-0.422498563303657,-1.40586394556308,-0.000526459811377389,1.76172184820356e-05,-1.58440096583887e-05
-0.423025023115035,-1.4058463283446,-0.000509617845182941,3.63204796423044e-05,-1.58998298391831e-05
-0.423025023115035,-1.4058463283446,-0.000509617845182941,3.63204796423044e-05,-1.58998298391831e-05
-0.423534640960217,-1.40581000786496,-0.000492055252490131,5.40109142166401e-05,-1.59745699354647e-05
-0.423534640960217,-1.40581000786496,-0.000492055252490131,5.40109142166401e-05,-1.59745699354647e-05
-0.424026696212708,-1.40575599695074,-0.000473795969680335,7.0660821144708e-05,-1.60617554970208e-05
-0.424026696212708,-1.40575599695074,-0.000473795969680335,7.0660821144708e-05,-1.60617554970208e-05
-0.424500492182388,-1.40568533612959,-0.000454870021316833,8.62467113791343e-05,-1.61543331869085e-05
-0.424500492182388,-1.40568533612959,-0.000454870021316833,8.62467113791343e-05,-1.61543331869085e-05
-0.424955362203705,-1.40559908941822,-0.000435313327083131,0.000100749283118207,-1.62447693000447e-05
-0.424955362203705,-1.40559908941822,-0.000435313327083131,0.000100749283118207,-1.62447693000447e-05
-0.425390675530788,-1.4054983401351,-0.000415167477171741,0.000114153377676285,-1.63251422692984e-05
-0.425390675530788,-1.4054983401351,-0.000415167477171741,0.000114153377676285,-1.63251422692984e-05
-0.42580584300796,-1.40538418675742,-0.000394479477930698,0.00012644791717964,-1.63872269894239e-05
-0.42580584300796,-1.40538418675742,-0.000394479477930698,0.00012644791717964,-1.63872269894239e-05
-0.42620032248589,-1.40525773884024,-0.000373301469699328,0.000137625825325394,-1.64225698509819e-05
-0.42620032248589,-1.40525773884024,-0.000373301469699328,0.000137625825325394,-1.64225698509819e-05
-0.42657362395559,-1.40512011301492,-0.000351690418860628,0.000147683932610887,-1.64225547560825e-05
-0.42657362395559,-1.40512011301492,-0.000351690418860628,0.000147683932610887,-1.64225547560825e-05
-0.42692531437445,-1.40497242908231,-0.000329707786256794,0.00015662286731466,-1.6378462065553e-05
-0.42692531437445,-1.40497242908231,-0.000329707786256794,0.00015662286731466,-1.6378462065553e-05
-0.427255022160707,-1.40481580621499,-0.000307419174179813,0.000164446933682783,-1.62815247974131e-05
-0.427255022160707,-1.40481580621499,-0.000307419174179813,0.000164446933682783,-1.62815247974131e-05
-0.427562441334887,-1.40465135928131,-0.000284893954212884,0.000171163978738509,-1.61229896396599e-05
-0.427562441334887,-1.40465135928131,-0.000284893954212884,0.000171163978738509,-1.61229896396599e-05
-0.4278473352891,-1.40448019530257,-0.000262204878244354,0.000176785249169198,-1.58941949407445e-05
-0.4278473352891,-1.40448019530257,-0.000262204878244354,0.000176785249169198,-1.58941949407445e-05
-0.428109540167344,-1.4043034100534,-0.000239427675029269,0.0001813252397318,-1.55866842604462e-05
-0.428109540167344,-1.4043034100534,-0.000239427675029269,0.0001813252397318,-1.55866842604462e-05
-0.428348967842373,-1.40412208481367,-0.000216640634676801,0.000184801534615975,-1.51923825908461e-05
-0.428348967842373,-1.40412208481367,-0.000216640634676801,0.000184801534615975,-1.51923825908461e-05
-0.42856560847705,-1.40393728327905,-0.000193924183447602,0.00018723464314796,-1.47038727675553e-05
-0.42856560847705,-1.40393728327905,-0.000193924183447602,0.00018723464314796,-1.47038727675553e-05
-0.428759532660498,-1.4037500486359,-0.000171360451238944,0.00018864783127337,-1.41148207897171e-05
-0.428759532660498,-1.4037500486359,-0.000171360451238944,0.00018864783127337,-1.41148207897171e-05
-0.428930893111737,-1.40356140080463,-0.000149032834123819,0.000189066950135652,-1.34206066733099e-05
-0.428930893111737,-1.40356140080463,-0.000149032834123819,0.000189066950135652,-1.34206066733099e-05
-0.429079925945861,-1.4033723338545,-0.000127025554292892,0.000188520263046055,-1.26192145358488e-05
-0.429079925945861,-1.4033723338545,-0.000127025554292892,0.000188520263046055,-1.26192145358488e-05
-0.429206951500153,-1.40318381359145,-0.000105423219689593,0.000187038272060347,-1.17124085198009e-05
-0.429206951500153,-1.40318381359145,-0.000105423219689593,0.000187038272060347,-1.17124085198009e-05
-0.429312374719843,-1.40299677531939,-8.43103855951433e-05,0.000184653545291624,-1.07071526474208e-05
-0.429312374719843,-1.40299677531939,-8.43103855951433e-05,0.000184653545291624,-1.07071526474208e-05
-0.429396685105438,-1.4028121217741,-6.37711203566038e-05,0.000181400546092059,-9.6171092247362e-06
-0.429396685105438,-1.4028121217741,-6.37711203566038e-05,0.000181400546092059,-9.6171092247362e-06
-0.429460456225795,-1.40263072122801,-4.38885773907383e-05,0.000177315465085925,-8.46387930815795e-06
-0.429460456225795,-1.40263072122801,-4.38885773907383e-05,0.000177315465085925,-8.46387930815795e-06
-0.429504344803186,-1.40245340576292,-2.47445755342524e-05,0.000172436055942304,-7.27748414062438e-06
-0.429504344803186,-1.40245340576292,-2.47445755342524e-05,0.000172436055942304,-7.27748414062438e-06
-0.42952908937872,-1.40228096970698,-6.41918971050481e-06,0.000166801475742995,-6.095539927069e-06
-0.42952908937872,-1.40228096970698,-6.41918971050481e-06,0.000166801475742995,-6.095539927069e-06
-0.42953550856843,-1.40211416823123,1.1009646186888e-05,0.000160452130656408,-4.96077835507075e-06
-0.42953550856843,-1.40211416823123,1.1009646186888e-05,0.000160452130656408,-4.96077835507075e-06
-0.429524498922243,-1.40195371610058,2.74665223775061e-05,0.000153429527528504,-3.91705047003905e-06
-0.429524498922243,-1.40195371610058,2.74665223775061e-05,0.000153429527528504,-3.91705047003905e-06
-0.429497032399866,-1.40180028657305,4.28789205221269e-05,0.000145776131958542,-3.00456135255843e-06
-0.429497032399866,-1.40180028657305,4.28789205221269e-05,0.000145776131958542,-3.00456135255843e-06
-0.429454153479344,-1.40165451044109,5.71775636895588e-05,0.000137535233259323,-2.25548627802235e-06
-0.429454153479344,-1.40165451044109,5.71775636895588e-05,0.000137535233259323,-2.25548627802235e-06
-0.429396975915654,-1.40151697520783,7.02967474407457e-05,0.000128750816634993,-1.69103829820096e-06
-0.429396975915654,-1.40151697520783,7.02967474407457e-05,0.000128750816634993,-1.69103829820096e-06
-0.429326679168213,-1.4013882243912,8.21746506126098e-05,0.000119467442827537,-1.32051062505463e-06
-0.429326679168213,-1.4013882243912,8.21746506126098e-05,0.000119467442827537,-1.32051062505463e-06
-0.429244504517601,-1.40126875694837,9.27536245120542e-05,0.000109730135344766,-1.14212127727767e-06
-0.429244504517601,-1.40126875694837,9.27536245120542e-05,0.000109730135344766,-1.14212127727767e-06
-0.429151750893089,-1.40115902681302,0.000101980459329076,9.95842753046539e-05,-1.14500228089545e-06
-0.429151750893089,-1.40115902681302,0.000101980459329076,9.95842753046539e-05,-1.14500228089545e-06
-0.42904977043376,-1.40105944253772,0.000109806626691411,8.90755038416291e-05,-1.31155491639353e-06
-0.42904977043376,-1.40105944253772,0.000109806626691411,8.90755038416291e-05,-1.31155491639353e-06
-0.428939963807068,-1.40097036703388,0.000116188497397085,7.82496319446935e-05,-1.61955243584554e-06
-0.428939963807068,-1.40097036703388,0.000116188497397085,7.82496319446935e-05,-1.61955243584554e-06
-0.428823775309671,-1.40089211740193,0.00012108753347384,6.71525575004495e-05,-2.04363028477077e-06
-0.428823775309671,-1.40089211740193,0.00012108753347384,6.71525575004495e-05,-2.04363028477077e-06
-0.428702687776197,-1.40082496484443,0.000124470453839731,5.5830189219952e-05,-2.55601828677197e-06
-0.428702687776197,-1.40082496484443,0.000124470453839731,5.5830189219952e-05,-2.55601828677197e-06
-0.428578217322358,-1.40076913465521,0.000126309372959488,4.43283770561465e-05,-3.12648156546263e-06
-0.428578217322358,-1.40076913465521,0.000126309372959488,4.43283770561465e-05,-3.12648156546263e-06
-0.428451907949398,-1.40072480627816,0.000126581911993606,3.26928486993339e-05,-3.72145156636025e-06
-0.428451907949398,-1.40072480627816,0.000126581911993606,3.26928486993339e-05,-3.72145156636025e-06
-0.428325326037405,-1.40069211342946,0.000125271282074069,2.0969151639294e-05,-4.30227639586139e-06
-0.428325326037405,-1.40069211342946,0.000125271282074069,2.0969151639294e-05,-4.30227639586139e-06
-0.428200054755331,-1.40067114427782,0.000122366339451951,9.20260025427666e-06,-4.82244409395981e-06
-0.428200054755331,-1.40067114427782,0.000122366339451951,9.20260025427666e-06,-4.82244409395981e-06
-0.428077688415879,-1.40066194167756,0.000117861612389414,-2.56177266688695e-06,-5.22361044338655e-06
-0.428077688415879,-1.40066194167756,0.000117861612389414,-2.56177266688695e-06,-5.22361044338655e-06
-0.427959826803489,-1.40066450345023,0.000111757299783466,-1.42792606252495e-05,-5.43048132208098e-06
-0.427959826803489,-1.40066450345023,0.000111757299783466,-1.42792606252495e-05,-5.43048132208098e-06
-0.427848069503706,-1.40067878271086,0.000104059241631593,-2.5905525004033e-05,-5.34551130903705e-06
-0.427848069503706,-1.40067878271086,0.000104059241631593,-2.5905525004033e-05,-5.34551130903705e-06
-0.427744010262074,-1.40070468823586,9.47788615622835e-05,-3.73966341999932e-05,-4.84687296943518e-06
-0.427744010262074,-1.40070468823586,9.47788615622835e-05,-3.73966341999932e-05,-4.84687296943518e-06
-0.427649231400512,-1.40074208487006,8.39330817843931e-05,-4.87091010099583e-05,-3.79811096803925e-06
-0.427649231400512,-1.40074208487006,8.39330817843931e-05,-4.87091010099583e-05,-3.79811096803925e-06
-0.427565298318727,-1.40079079397107,7.15442109196496e-05,-5.97999189337894e-05,-2.08311897530205e-06
-0.427565298318727,-1.40079079397107,7.15442109196496e-05,-5.97999189337894e-05,-2.08311897530205e-06
-0.427493754107808,-1.40085059389,5.76398053103166e-05,-7.06265981296195e-05,3.26739019398747e-07
-0.427493754107808,-1.40085059389,5.76398053103166e-05,-7.06265981296195e-05,3.26739019398747e-07
-0.427436114302497,-1.40092122048813,4.22525044945221e-05,-8.11472016732928e-05,3.30382000470848e-06
-0.427436114302497,-1.40092122048813,4.22525044945221e-05,-8.11472016732928e-05,3.30382000470848e-06
-0.427393861798003,-1.40100236768981,2.54198416560492e-05,-9.13203827810349e-05,6.56802952850411e-06
-0.427393861798003,-1.40100236768981,2.54198416560492e-05,-9.13203827810349e-05,6.56802952850411e-06
-0.427368441956347,-1.40109368807259,7.18402999200229e-06,-0.000101105423559567,9.79667228925856e-06
-0.427368441956347,-1.40109368807259,7.18402999200229e-06,-0.000101105423559567,9.79667228925856e-06
-0.427361257926355,-1.40119479349615,-1.24082739724751e-05,-0.000110462275922707,1.27547000579572e-05
-0.427361257926355,-1.40119479349615,-1.24082739724751e-05,-0.000110462275922707,1.27547000579572e-05
-0.427373666200327,-1.40130525577207,-3.33062289679109e-05,-0.000119351605166296,1.53415011534466e-05
-0.427373666200327,-1.40130525577207,-3.33062289679109e-05,-0.000119351605166296,1.53415011534466e-05
-0.427406972429295,-1.40142460737724,-5.54550882183591e-05,-0.000127734836717019,1.75564034613922e-05
-0.427406972429295,-1.40142460737724,-5.54550882183591e-05,-0.000127734836717019,1.75564034613922e-05
-0.427462427517514,-1.40155234221395,-7.87964979819256e-05,-0.000135574206457933,1.94449254103676e-05
-0.427462427517514,-1.40155234221395,-7.87964979819256e-05,-0.000135574206457933,1.94449254103676e-05
-0.427541224015496,-1.40168791642041,-0.000103268813937074,-0.000142832815045679,2.10625626699136e-05
-0.427541224015496,-1.40168791642041,-0.000103268813937074,-0.000142832815045679,2.10625626699136e-05
-0.427644492829433,-1.40183074923546,-0.000128807433854516,-0.000149474686418349,2.24587604686092e-05
-0.427644492829433,-1.40183074923546,-0.000128807433854516,-0.000149474686418349,2.24587604686092e-05
-0.427773300263287,-1.40198022392188,-0.000155345144928987,-0.000155464830798202,2.36726503003948e-05
-0.427773300263287,-1.40198022392188,-0.000155345144928987,-0.000155464830798202,2.36726503003948e-05
-0.427928645408216,-1.40213568875267,-0.000182812484049999,-0.000160769312270048,2.47336750252824e-05
-0.427928645408216,-1.40213568875267,-0.000182812484049999,-0.000160769312270048,2.47336750252824e-05
-0.428111457892266,-1.40229645806494,-0.000211138109202924,-0.000165355321002592,2.56636057853412e-05
-0.428111457892266,-1.40229645806494,-0.000211138109202924,-0.000165355321002592,2.56636057853412e-05
-0.428322596001469,-1.40246181338595,-0.000240249180133489,-0.000169191250072531,2.64785783820676e-05
-0.428322596001469,-1.40246181338595,-0.000240249180133489,-0.000169191250072531,2.64785783820676e-05
-0.428562845181603,-1.40263100463602,-0.000270071746319989,-0.000172246776794616,2.71907479324189e-05
-0.428562845181603,-1.40263100463602,-0.000270071746319989,-0.000172246776794616,2.71907479324189e-05
-0.428832916927923,-1.40280325141281,-0.000300531140275062,-0.000174492948366023,2.78095254736016e-05
-0.428832916927923,-1.40280325141281,-0.000300531140275062,-0.000174492948366023,2.78095254736016e-05
-0.429133448068198,-1.40297774436118,-0.000331552374128075,-0.000175902271502659,2.83424682563199e-05
-0.429133448068198,-1.40297774436118,-0.000331552374128075,-0.000175902271502659,2.83424682563199e-05
-0.429465000442326,-1.40315364663268,-0.000363060537388382,-0.00017644880571166,2.87959098047162e-05
-0.429465000442326,-1.40315364663268,-0.000363060537388382,-0.00017644880571166,2.87959098047162e-05
-0.429828060979714,-1.40333009543839,-0.000394981193786115,-0.000176108259724916,2.9175402199764e-05
-0.429828060979714,-1.40333009543839,-0.000394981193786115,-0.000176108259724916,2.9175402199764e-05
-0.4302230421735,-1.40350620369812,-0.000427240775048188,-0.000174858090562058,2.94860249406996e-05
-0.4302230421735,-1.40350620369812,-0.000427240775048188,-0.000174858090562058,2.94860249406996e-05
-0.430650282948548,-1.40368106178868,-0.000459766969469866,-0.000172677604620919,2.97325991528419e-05
-0.430650282948548,-1.40368106178868,-0.000459766969469866,-0.000172677604620919,2.97325991528419e-05
-0.431110049918018,-1.4038537393933,-0.000492489103130822,-0.000169548060061642,2.99198342804893e-05
-0.431110049918018,-1.4038537393933,-0.000492489103130822,-0.000169548060061642,2.99198342804893e-05
-0.431602539021149,-1.40402328745336,-0.000525338511630169,-0.000165452769689711,3.00524261066276e-05
-0.431602539021149,-1.40402328745336,-0.000525338511630169,-0.000165452769689711,3.00524261066276e-05
-0.432127877532779,-1.40418874022305,-0.000558248900243696,-0.000160377203572537,3.01351190980864e-05
-0.432127877532779,-1.40418874022305,-0.000558248900243696,-0.000160377203572537,3.01351190980864e-05
-0.432686126433023,-1.40434911742663,-0.000591156690443129,-0.000154309090419691,3.01727422302871e-05
-0.432686126433023,-1.40434911742663,-0.000591156690443129,-0.000154309090419691,3.01727422302871e-05
-0.433277283123466,-1.40450342651704,-0.000624001350774506,-0.000147238516813974,3.01702247050071e-05
-0.433277283123466,-1.40450342651704,-0.000624001350774506,-0.000147238516813974,3.01702247050071e-05
-0.433901284474241,-1.40465066503386,-0.000656725710160233,-0.000139158023308328,3.01325961685763e-05
-0.433901284474241,-1.40465066503386,-0.000656725710160233,-0.000139158023308328,3.01325961685763e-05
-0.434558010184401,-1.40478982305717,-0.000689276251786441,-0.000130062696326316,3.0064974783489e-05
-0.434558010184401,-1.40478982305717,-0.000689276251786441,-0.000130062696326316,3.0064974783489e-05
-0.435247286436187,-1.40491988575349,-0.000721603385807956,-0.000119950254824142,2.99725457108497e-05
-0.435247286436187,-1.40491988575349,-0.000721603385807956,-0.000119950254824142,2.99725457108497e-05
-0.435968889821995,-1.40503983600832,-0.000753661699244124,-0.000108821130660797,2.9860531945791e-05
-0.435968889821995,-1.40503983600832,-0.000753661699244124,-0.000108821130660797,2.9860531945791e-05
-0.436722551521239,-1.40514865713898,-0.000785410181545432,-9.667854153661e-05,2.97341591512819e-05
-0.436722551521239,-1.40514865713898,-0.000785410181545432,-9.667854153661e-05,2.97341591512819e-05
-0.437507961702785,-1.40524533568052,-0.000816812424466129,-8.3528555471446e-05,2.95986158438912e-05
-0.437507961702785,-1.40524533568052,-0.000816812424466129,-8.3528555471446e-05,2.95986158438912e-05
-0.438324774127251,-1.40532886423599,-0.000847836795022705,-6.93801456963516e-05,2.94590101934894e-05
-0.438324774127251,-1.40532886423599,-0.000847836795022705,-6.93801456963516e-05,2.94590101934894e-05
-0.439172610922274,-1.40539824438168,-0.000878456580486409,-5.42452349778788e-05,2.93203245898494e-05
-0.439172610922274,-1.40539824438168,-0.000878456580486409,-5.42452349778788e-05,2.93203245898494e-05
-0.44005106750276,-1.40545248961666,-0.00090865010453578,-3.81387282784029e-05,2.91873691204093e-05
-0.44005106750276,-1.40545248961666,-0.00090865010453578,-3.81387282784029e-05,2.91873691204093e-05
-0.440959717607296,-1.40549062834494,-0.000938400813873419,-2.10785328282892e-05,2.90647350962163e-05
-0.440959717607296,-1.40549062834494,-0.000938400813873419,-2.10785328282892e-05,2.90647350962163e-05
-0.441898118421169,-1.40551170687777,-0.000967697334822215,-3.08556467198962e-06,2.89567497441861e-05
-0.441898118421169,-1.40551170687777,-0.000967697334822215,-3.08556467198962e-06,2.89567497441861e-05
-0.442865815755991,-1.40551479244244,-0.00099653349960227,1.58162591505917e-05,2.88674332034756e-05
-0.442865815755991,-1.40551479244244,-0.00099653349960227,1.58162591505917e-05,2.88674332034756e-05
-0.443862349255594,-1.40549897618329,-0.00102490834220392,3.56000435688397e-05,2.88004589283956e-05
-0.443862349255594,-1.40549897618329,-0.00102490834220392,3.56000435688397e-05,2.88004589283956e-05
-0.444887257597798,-1.40546337613972,-0.00105282606396412,5.62359542659596e-05,2.87591185996294e-05
-0.444887257597798,-1.40546337613972,-0.00105282606396412,5.62359542659596e-05,2.87591185996294e-05
-0.445940083661762,-1.40540714018545,-0.00108029596917392,7.76912729343326e-05,2.87462925430756e-05
-0.445940083661762,-1.40540714018545,-0.00108029596917392,7.76912729343326e-05,2.87462925430756e-05
-0.447020379630936,-1.40532944891252,-0.00110733237122279,9.99304694651038e-05,2.87644265917887e-05
-0.447020379630936,-1.40532944891252,-0.00110733237122279,9.99304694651038e-05,2.87644265917887e-05
-0.448127712002158,-1.40522951844305,-0.00113395446999026,0.000122915291444592,2.88155161835976e-05
-0.448127712002158,-1.40522951844305,-0.00113395446999026,0.000122915291444592,2.88155161835976e-05
-0.449261666472149,-1.40510660315161,-0.0011601862013792,0.00014660487120377,2.89010982976691e-05
-0.449261666472149,-1.40510660315161,-0.0011601862013792,0.00014660487120377,2.89010982976691e-05
-0.450421852673528,-1.40495999828041,-0.00118605606003691,0.000170955850533172,2.90222516657378e-05
-0.450421852673528,-1.40495999828041,-0.00118605606003691,0.000170955850533172,2.90222516657378e-05
-0.451607908733565,-1.40478904242987,-0.00121159689647604,0.000195922523086756,2.91796054295126e-05
-0.451607908733565,-1.40478904242987,-0.00121159689647604,0.000195922523086756,2.91796054295126e-05
-0.452819505630041,-1.40459311990679,-0.00123684568993659,0.000221456994304647,2.93733561906025e-05
-0.452819505630041,-1.40459311990679,-0.00123684568993659,0.000221456994304647,2.93733561906025e-05
-0.454056351319977,-1.40437166291248,-0.00126184329846835,0.000247509358553222,2.96032931004218e-05
-0.454056351319977,-1.40437166291248,-0.00126184329846835,0.000247509358553222,2.96032931004218e-05
-0.455318194618446,-1.40412415355393,-0.00128663418780384,0.000274027893024886,2.98688304085574e-05
-0.455318194618446,-1.40412415355393,-0.00128663418780384,0.000274027893024886,2.98688304085574e-05
-0.45660482880625,-1.4038501256609,-0.00131126614070309,0.00030095926779472,3.01690465968685e-05
-0.45660482880625,-1.4038501256609,-0.00131126614070309,0.00030095926779472,3.01690465968685e-05
-0.457916094946953,-1.40354916639311,-0.00133578994851247,0.000328248771269024,3.05027290175112e-05
-0.457916094946953,-1.40354916639311,-0.00133578994851247,0.000328248771269024,3.05027290175112e-05
-0.459251884895465,-1.40322091762184,-0.00136025908674464,0.00035584055011606,3.08684227637746e-05
-0.459251884895465,-1.40322091762184,-0.00136025908674464,0.00035584055011606,3.08684227637746e-05
-0.46061214398221,-1.40286507707172,-0.00138472937654144,0.000383677862627385,3.12644823355487e-05
-0.46061214398221,-1.40286507707172,-0.00138472937654144,0.000383677862627385,3.12644823355487e-05
-0.461996873358751,-1.4024813992091,-0.00140925863391322,0.000411703344282977,3.1689124584776e-05
-0.461996873358751,-1.4024813992091,-0.00140925863391322,0.000411703344282977,3.1689124584776e-05
-0.463406131992664,-1.40206969586481,-0.00143390630866663,0.0004398592842072,3.21404813662573e-05
-0.463406131992664,-1.40206969586481,-0.00143390630866663,0.0004398592842072,3.21404813662573e-05
-0.464840038301331,-1.40162983658061,-0.00145873311495787,0.000468087910971082,3.26166503496585e-05
-0.464840038301331,-1.40162983658061,-0.00145873311495787,0.000468087910971082,3.26166503496585e-05
-0.466298771416289,-1.40116174866964,-0.00148380065538828,0.000496331686148377,3.31157425481285e-05
-0.466298771416289,-1.40116174866964,-0.00148380065538828,0.000496331686148377,3.31157425481285e-05
-0.467782572071677,-1.40066541698349,-0.0015091710405834,0.000524533603877275,3.36359252110213e-05
-0.467782572071677,-1.40066541698349,-0.0015091710405834,0.000524533603877275,3.36359252110213e-05
-0.469291743112261,-1.40014088337961,-0.00153490650615778,0.000552637494595221,3.41754589225796e-05
-0.469291743112261,-1.40014088337961,-0.00153490650615778,0.000552637494595221,3.41754589225796e-05
-0.470826649618418,-1.39958824588501,-0.0015610690289668,0.000580588330973963,3.4732727956013e-05
-0.470826649618418,-1.39958824588501,-0.0015610690289668,0.000580588330973963,3.4732727956013e-05
-0.472387718647385,-1.39900765755404,-0.00158771994451307,0.000608332534033362,3.5306263182335e-05
-0.472387718647385,-1.39900765755404,-0.00158771994451307,0.000608332534033362,3.5306263182335e-05
-0.473975438591898,-1.39839932502001,-0.00161491956736259,0.000635818277345379,3.58947570495666e-05
-0.473975438591898,-1.39839932502001,-0.00161491956736259,0.000635818277345379,3.58947570495666e-05
-0.475590358159261,-1.39776350674266,-0.00164272681638145,0.000662995787168219,3.64970704390089e-05
-0.475590358159261,-1.39776350674266,-0.00164272681638145,0.000662995787168219,3.64970704390089e-05
-0.477233084975642,-1.39710051095549,-0.00167119884657252,0.000689817636352341,3.71122314124144e-05
-0.477233084975642,-1.39710051095549,-0.00167119884657252,0.000689817636352341,3.71122314124144e-05
-0.478904283822215,-1.39641069331914,-0.00170039068924654,0.000716239029784793,3.7739426142388e-05
-0.478904283822215,-1.39641069331914,-0.00170039068924654,0.000716239029784793,3.7739426142388e-05
-0.480604674511461,-1.39569445428936,-0.0017303549022224,0.000742218079165857,3.83779825426183e-05
-0.480604674511461,-1.39569445428936,-0.0017303549022224,0.000742218079165857,3.83779825426183e-05
-0.482335029413684,-1.39495223621019,-0.00176114123171028,0.000767716064958179,3.90273472862534e-05
-0.482335029413684,-1.39495223621019,-0.00176114123171028,0.000767716064958179,3.90273472862534e-05
-0.484096170645394,-1.39418452014523,-0.00179279628746831,0.000792697683386079,3.968705707848e-05
-0.484096170645394,-1.39418452014523,-0.00179279628746831,0.000792697683386079,3.968705707848e-05
-0.485888966932862,-1.39339182246185,-0.00182536323276034,0.00081713127642713,4.03567051985199e-05
-0.485888966932862,-1.39339182246185,-0.00182536323276034,0.00081713127642713,4.03567051985199e-05
-0.487714330165623,-1.39257469118542,-0.00185888149057567,0.000840989042842688,4.10359044137488e-05
-0.487714330165623,-1.39257469118542,-0.00185888149057567,0.000840989042842688,4.10359044137488e-05
-0.489573211656198,-1.39173370214258,-0.00189338646749571,0.000864247228372639,4.17242474639065e-05
-0.489573211656198,-1.39173370214258,-0.00189338646749571,0.000864247228372639,4.17242474639065e-05
-0.491466598123694,-1.3908694549142,-0.00192890929651196,0.000886886293364419,4.24212663522232e-05
-0.491466598123694,-1.3908694549142,-0.00192890929651196,0.000886886293364419,4.24212663522232e-05
-0.493395507420206,-1.38998256862084,-0.00196547660000929,0.000908891056269123,4.31263916873688e-05
-0.493395507420206,-1.38998256862084,-0.00196547660000929,0.000908891056269123,4.31263916873688e-05
-0.495360984020215,-1.38907367756457,-0.00200311027402006,0.000930250811634892,4.38389132957615e-05
-0.495360984020215,-1.38907367756457,-0.00200311027402006,0.000930250811634892,4.38389132957615e-05
-0.497364094294235,-1.38814342675294,-0.00204182729475771,0.000950959421402331,4.45579432751383e-05
-0.497364094294235,-1.38814342675294,-0.00204182729475771,0.000950959421402331,4.45579432751383e-05
-0.499405921588993,-1.38719246733153,-0.00208163954833562,0.0009710153785083,4.52823825983083e-05
-0.499405921588993,-1.38719246733153,-0.00208163954833562,0.0009710153785083,4.52823825983083e-05
-0.501487561137329,-1.38622145195302,-0.00212255368446002,0.000990421842090639,4.6010892220949e-05
-0.501487561137329,-1.38622145195302,-0.00212255368446002,0.000990421842090639,4.6010892220949e-05
-0.503610114821789,-1.38523103011093,-0.00216457099477096,0.00100918664376226,4.67418695584017e-05
-0.503610114821789,-1.38523103011093,-0.00216457099477096,0.00100918664376226,4.67418695584017e-05
-0.50577468581656,-1.38422184346717,-0.00220768731637988,0.00102732226473101,4.74734310195457e-05
-0.50577468581656,-1.38422184346717,-0.00220768731637988,0.00102732226473101,4.74734310195457e-05
-0.50798237313294,-1.38319452120244,-0.00225189296104489,0.00104484578375685,4.82034011388128e-05
-0.50798237313294,-1.38319452120244,-0.00225189296104489,0.00104484578375685,4.82034011388128e-05
-0.510234266093984,-1.38214967541868,-0.0022971726703005,0.00106177879624569,4.89293086447825e-05
-0.510234266093984,-1.38214967541868,-0.0022971726703005,0.00106177879624569,4.89293086447825e-05
-0.512531438764285,-1.38108789662244,-0.0023435055967318,0.00107814730503697,4.96483896095705e-05
-0.512531438764285,-1.38108789662244,-0.0023435055967318,0.00107814730503697,4.96483896095705e-05
-0.514874944361017,-1.3800097493174,-0.00239086531146127,0.00109398158366947,5.03575976912225e-05
-0.514874944361017,-1.3800097493174,-0.00239086531146127,0.00109398158366947,5.03575976912225e-05
-0.517265809672478,-1.37891576773373,-0.00243921983779849,0.00110931601325182,5.10536211874146e-05
-0.517265809672478,-1.37891576773373,-0.00243921983779849,0.00110931601325182,5.10536211874146e-05
-0.519705029510277,-1.37780645172048,-0.00248853171086305,0.0011241888941762,5.17329065582695e-05
-0.519705029510277,-1.37780645172048,-0.00248853171086305,0.0011241888941762,5.17329065582695e-05
-0.52219356122114,-1.3766822628263,-0.00253875806287063,0.00113864223422988,5.23916878728595e-05
-0.52219356122114,-1.3766822628263,-0.00253875806287063,0.00113864223422988,5.23916878728595e-05
-0.52473231928401,-1.37554362059207,-0.00258985073364548,0.00115272151485635,5.30260214760907e-05
-0.52473231928401,-1.37554362059207,-0.00258985073364548,0.00115272151485635,5.30260214760907e-05
-0.527322170017656,-1.37439089907722,-0.0026417564057869,0.00116647543745318,5.36318250781861e-05
-0.527322170017656,-1.37439089907722,-0.0026417564057869,0.00116647543745318,5.36318250781861e-05
-0.529963926423443,-1.37322442363976,-0.0026944167637889,0.0011799556517218,5.42049204313895e-05
-0.529963926423443,-1.37322442363976,-0.0026944167637889,0.0011799556517218,5.42049204313895e-05
-0.532658343187231,-1.37204446798804,-0.00274776867629456,0.00119321646827308,5.47410786587922e-05
-0.532658343187231,-1.37204446798804,-0.00274776867629456,0.00119321646827308,5.47410786587922e-05
-0.535406111863526,-1.37085125151977,-0.00280174440054437,0.00120631455775189,5.52360672898952e-05
-0.535406111863526,-1.37085125151977,-0.00280174440054437,0.00120631455775189,5.52360672898952e-05
-0.53820785626407,-1.36964493696202,-0.00285627180795589,0.00121930863881192,5.5685698083644e-05
-0.53820785626407,-1.36964493696202,-0.00285627180795589,0.00121930863881192,5.5685698083644e-05
-0.541064128072026,-1.36842562832321,-0.00291127462967633,0.0012322591573164,5.6085874725931e-05
-0.541064128072026,-1.36842562832321,-0.00291127462967633,0.0012322591573164,5.6085874725931e-05
-0.543975402701703,-1.36719336916589,-0.00296667272083517,0.00124522795915061,5.6432639558914e-05
-0.543975402701703,-1.36719336916589,-0.00296667272083517,0.00124522795915061,5.6432639558914e-05
-0.546942075422538,-1.36594814120674,-0.00302238234214491,0.00125827795899425,5.67222185532215e-05
-0.546942075422538,-1.36594814120674,-0.00302238234214491,0.00125827795899425,5.67222185532215e-05
-0.549964457764683,-1.36468986324774,-0.00307831645739964,0.0012714728073544,5.69510638515711e-05
-0.549964457764683,-1.36468986324774,-0.00307831645739964,0.0012714728073544,5.69510638515711e-05
-0.553042774222082,-1.36341839044039,-0.00313438504534747,0.00128487655813503,5.71158932828231e-05
-0.553042774222082,-1.36341839044039,-0.00313438504534747,0.00128487655813503,5.71158932828231e-05
-0.55617715926743,-1.36213351388225,-0.00319049542435856,0.00129855333888274,5.7213726365806e-05
-0.55617715926743,-1.36213351388225,-0.00319049542435856,0.00129855333888274,5.7213726365806e-05
-0.559367654691788,-1.36083496054337,-0.00324655258824891,0.00131256702578497,5.72419164053734e-05
-0.559367654691788,-1.36083496054337,-0.00324655258824891,0.00131256702578497,5.72419164053734e-05
-0.562614207280037,-1.35952239351759,-0.00330245955157371,0.00132698092535199,5.71981783881069e-05
-0.562614207280037,-1.35952239351759,-0.00330245955157371,0.00132698092535199,5.71981783881069e-05
-0.565916666831611,-1.35819541259224,-0.00335811770265915,0.00134185746459026,5.7080612478957e-05
-0.565916666831611,-1.35819541259224,-0.00335811770265915,0.00134185746459026,5.7080612478957e-05
-0.56927478453427,-1.35685355512764,-0.00341342716262782,0.00135725789127905,5.68877230112384e-05
-0.56927478453427,-1.35685355512764,-0.00341342716262782,0.00135725789127905,5.68877230112384e-05
-0.572688211696898,-1.35549629723637,-0.00346828714864855,0.00137324198581812,5.66184329549523e-05
-0.572688211696898,-1.35549629723637,-0.00346828714864855,0.00137324198581812,5.66184329549523e-05
-0.576156498845547,-1.35412305525055,-0.00352259633962893,0.00138986778599204,5.62720939044749e-05
-0.576156498845547,-1.35412305525055,-0.00352259633962893,0.00138986778599204,5.62720939044749e-05
-0.579679095185175,-1.35273318746456,-0.00357625324258348,0.00140719132579359,5.58484916733195e-05
-0.579679095185175,-1.35273318746456,-0.00357625324258348,0.00140719132579359,5.58484916733195e-05
-0.583255348427759,-1.35132599613876,-0.00362915655791329,0.00142526638925933,5.53478476840721e-05
-0.583255348427759,-1.35132599613876,-0.00362915655791329,0.00142526638925933,5.53478476840721e-05
-0.586884504985672,-1.3499007297495,-0.00368120554186868,0.00144414428016337,5.47708163306723e-05
-0.586884504985672,-1.3499007297495,-0.00368120554186868,0.00144414428016337,5.47708163306723e-05
-0.590565710527541,-1.34845658546934,-0.0037323003644969,0.00146387360821221,5.41184785381793e-05
-0.590565710527541,-1.34845658546934,-0.0037323003644969,0.00146387360821221,5.41184785381793e-05
-0.594298010892038,-1.34699271186113,-0.00378234246141929,0.00148450009222412,5.33923317648684e-05
-0.594298010892038,-1.34699271186113,-0.00378234246141929,0.00148450009222412,5.33923317648684e-05
-0.598080353353457,-1.3455082117689,-0.00383123487783676,0.00150606638061146,5.25942767418981e-05
-0.598080353353457,-1.3455082117689,-0.00383123487783676,0.00150606638061146,5.25942767418981e-05
-0.601911588231294,-1.34400214538829,-0.00387888260321334,0.0015286118894553,5.1726601186337e-05
-0.601911588231294,-1.34400214538829,-0.00387888260321334,0.0015286118894553,5.1726601186337e-05
-0.605790470834507,-1.34247353349884,-0.0039251928951608,0.00155217265821928,5.0791960785149e-05
-0.605790470834507,-1.34247353349884,-0.0039251928951608,0.00155217265821928,5.0791960785149e-05
-0.609715663729668,-1.34092136084062,-0.00397007559111773,0.00157678122310556,4.97933577134216e-05
-0.609715663729668,-1.34092136084062,-0.00397007559111773,0.00157678122310556,4.97933577134216e-05
-0.613685739320786,-1.33934457961751,-0.00401344340650045,0.00160246650791218,4.87341169713232e-05
-0.613685739320786,-1.33934457961751,-0.00401344340650045,0.00160246650791218,4.87341169713232e-05
-0.617699182727286,-1.3377421131096,-0.00405521221809024,0.00162925373219758,4.76178608001055e-05
-0.617699182727286,-1.3377421131096,-0.00405521221809024,0.00162925373219758,4.76178608001055e-05
-0.621754394945376,-1.3361128593774,-0.00409530133150493,0.00165716433648888,4.64484814423141e-05
-0.621754394945376,-1.3361128593774,-0.00409530133150493,0.00165716433648888,4.64484814423141e-05
-0.625849696276881,-1.33445569504091,-0.00413363373170517,0.00168621592421125,4.52301124976018e-05
-0.625849696276881,-1.33445569504091,-0.00413363373170517,0.00168621592421125,4.52301124976018e-05
-0.629983330008587,-1.3327694791167,-0.00417013631557872,0.00171642221998569,4.39670991122356e-05
-0.629983330008587,-1.3327694791167,-0.00417013631557872,0.00171642221998569,4.39670991122356e-05
-0.634153466324165,-1.33105305689672,-0.00420474010575511,0.00174779304387807,4.26639672462181e-05
-0.634153466324165,-1.33105305689672,-0.00420474010575511,0.00174779304387807,4.26639672462181e-05
-0.63835820642992,-1.32930526385284,-0.00423738044489774,0.00178033430120572,4.1325392232801e-05
-0.63835820642992,-1.32930526385284,-0.00423738044489774,0.00178033430120572,4.1325392232801e-05
-0.642595586874818,-1.32752492955163,-0.00426799716983506,0.00181404798743867,3.9956166851012e-05
-0.642595586874818,-1.32752492955163,-0.00426799716983506,0.00181404798743867,3.9956166851012e-05
-0.646863584044653,-1.32571088156419,-0.00429653476500502,0.00184893220771309,3.85611691189683e-05
-0.646863584044653,-1.32571088156419,-0.00429653476500502,0.00184893220771309,3.85611691189683e-05
-0.651160118809658,-1.32386194935648,-0.00432294249478737,0.00188498121047576,3.7145330018514e-05
-0.651160118809658,-1.32386194935648,-0.00432294249478737,0.00188498121047576,3.7145330018514e-05
-0.655483061304446,-1.321976968146,-0.00434717451441824,0.00192218543475708,3.57136013333786e-05
-0.655483061304446,-1.321976968146,-0.00434717451441824,0.00192218543475708,3.57136013333786e-05
-0.659830235818864,-1.32005478271125,-0.00436918995928193,0.00196053157053955,3.42709238008911e-05
-0.659830235818864,-1.32005478271125,-0.00436918995928193,0.00196053157053955,3.42709238008911e-05
-0.664199425778146,-1.31809425114071,-0.00438895301249731,0.00200000263166267,3.28221957728971e-05
-0.664199425778146,-1.31809425114071,-0.00438895301249731,0.00200000263166267,3.28221957728971e-05
-0.668588378790643,-1.31609424850905,-0.00440643295081533,0.00204057804072999,3.13722425682285e-05
-0.668588378790643,-1.31609424850905,-0.00440643295081533,0.00204057804072999,3.13722425682285e-05
-0.672994811741458,-1.31405367046832,-0.00442160416895643,0.0020822337254478,2.99257866781489e-05
-0.672994811741458,-1.31405367046832,-0.00442160416895643,0.0020822337254478,2.99257866781489e-05
-0.677416415910415,-1.31197143674287,-0.00443444618262678,0.00212494222575077,2.84874190313502e-05
-0.677416415910415,-1.31197143674287,-0.00443444618262678,0.00212494222575077,2.84874190313502e-05
-0.681850862093042,-1.30984649451712,-0.00444494361054626,0.0021686728111403,2.70615714826625e-05
-0.681850862093042,-1.30984649451712,-0.00444494361054626,0.0021686728111403,2.70615714826625e-05
-0.686295805703588,-1.30767782170598,-0.00445308613592343,0.00221339160760903,2.56524907057184e-05
-0.686295805703588,-1.30767782170598,-0.00445308613592343,0.00221339160760903,2.56524907057184e-05
-0.690748891839511,-1.30546443009837,-0.00445886844791366,0.0022590617335172,2.42642136776862e-05
-0.690748891839511,-1.30546443009837,-0.00445886844791366,0.0022590617335172,2.42642136776862e-05
-0.695207760287425,-1.30320536836485,-0.00446229016368038,0.00230564344382822,2.29005448811872e-05
-0.695207760287425,-1.30320536836485,-0.00446229016368038,0.00230564344382822,2.29005448811872e-05
-0.699670050451105,-1.30089972492102,-0.00446335573176793,0.00235309428200403,2.15650354467196e-05
-0.699670050451105,-1.30089972492102,-0.00446335573176793,0.00235309428200403,2.15650354467196e-05
-0.704133406182873,-1.29854663063902,-0.00446207431759349,0.0024013692389564,2.02609643654306e-05
-0.704133406182873,-1.29854663063902,-0.00446207431759349,0.0024013692389564,2.02609643654306e-05
-0.708595480500467,-1.29614526140006,-0.00445845967193403,0.00245042091840286,1.89913219432666e-05
-0.708595480500467,-1.29614526140006,-0.00445845967193403,0.00245042091840286,1.89913219432666e-05
-0.713053940172401,-1.29369484048166,-0.00445252998336398,0.00250019970800319,1.77587956584581e-05
-0.713053940172401,-1.29369484048166,-0.00445252998336398,0.00250019970800319,1.77587956584581e-05
-0.717506470155765,-1.29119464077366,-0.00444430771566839,0.00255065395568943,1.65657585550006e-05
-0.717506470155765,-1.29119464077366,-0.00444430771566839,0.00255065395568943,1.65657585550006e-05
-0.721950777871433,-1.28864398681797,-0.00443381943132737,0.00260173015058718,1.54142602674621e-05
-0.721950777871433,-1.28864398681797,-0.00443381943132737,0.00260173015058718,1.54142602674621e-05
-0.726384597302761,-1.28604225666738,-0.00442109560221604,0.00265337310789704,1.43060208310994e-05
-0.726384597302761,-1.28604225666738,-0.00442109560221604,0.00265337310789704,1.43060208310994e-05
-0.730805692904977,-1.28338888355948,-0.00440617040874625,0.00270552615716135,1.32424273313701e-05
-0.730805692904977,-1.28338888355948,-0.00440617040874625,0.00270552615716135,1.32424273313701e-05
-0.735211863313723,-1.28068335740232,-0.00438908152869733,0.00275813133332892,1.222453346395e-05
-0.735211863313723,-1.28068335740232,-0.00438908152869733,0.00275813133332892,1.222453346395e-05
-0.73960094484242,-1.27792522606899,-0.00436986991703592,0.00281112957003327,1.12530620548223e-05
-0.73960094484242,-1.27792522606899,-0.00436986991703592,0.00281112957003327,1.12530620548223e-05
-0.743970814759456,-1.27511409649896,-0.00434857957804757,0.00286446089454628,1.03284104924356e-05
-0.743970814759456,-1.27511409649896,-0.00434857957804757,0.00286446089454628,1.03284104924356e-05
-0.748319394337504,-1.27224963560441,-0.0043252573311432,0.00291806462374811,9.45065906835744e-06
-0.748319394337504,-1.27224963560441,-0.0043252573311432,0.00291806462374811,9.45065906835744e-06
-0.752644651668647,-1.26933157098066,-0.00429995257171167,0.00297187956052092,8.61958215937243e-06
-0.752644651668647,-1.26933157098066,-0.00429995257171167,0.00297187956052092,8.61958215937243e-06
-0.756944604240358,-1.26635969142014,-0.00427271702839316,0.00302584418997487,7.83466215011162e-06
-0.756944604240358,-1.26635969142014,-0.00427271702839316,0.00302584418997487,7.83466215011162e-06
-0.761217321268752,-1.26333384723017,-0.00424360451815997,0.00307989687489196,7.0951059378847e-06
-0.761217321268752,-1.26333384723017,-0.00424360451815997,0.00307989687489196,7.0951059378847e-06
-0.765460925786912,-1.26025395035528,-0.0042126707005683,0.00313397604975729,6.39986384937813e-06
-0.765460925786912,-1.26025395035528,-0.0042126707005683,0.00313397604975729,6.39986384937813e-06
-0.76967359648748,-1.25711997430552,-0.00417997283253968,0.00318802041273392,5.74765076676552e-06
-0.76967359648748,-1.25711997430552,-0.00417997283253968,0.00318802041273392,5.74765076676552e-06
-0.77385356932002,-1.25393195389278,-0.00414556952500778,0.00324196911494701,5.13696922298159e-06
-0.77385356932002,-1.25393195389278,-0.00414556952500778,0.00324196911494701,5.13696922298159e-06
-0.777999138845027,-1.25068998477784,-0.00410952050273572,0.00329576194644288,4.56613419242378e-06
-0.777999138845027,-1.25068998477784,-0.00410952050273572,0.00329576194644288,4.56613419242378e-06
-0.782108659347763,-1.2473942228314,-0.00407188636856948,0.00334933951818761,4.03329930108876e-06
-0.782108659347763,-1.2473942228314,-0.00407188636856948,0.00334933951818761,4.03329930108876e-06
-0.786180545716333,-1.24404488331321,-0.00403272837335955,0.0034026434394927,3.53648410009611e-06
-0.786180545716333,-1.24404488331321,-0.00403272837335955,0.0034026434394927,3.53648410009611e-06
-0.790213274089692,-1.24064223987371,-0.00399210819271811,0.00345561649022019,3.07360213914684e-06
-0.790213274089692,-1.24064223987371,-0.00399210819271811,0.00345561649022019,3.07360213914684e-06
-0.79420538228241,-1.23718662338349,-0.00395008771173799,0.00350820278722241,2.64248942822686e-06
-0.79420538228241,-1.23718662338349,-0.00395008771173799,0.00350820278722241,2.64248942822686e-06
-0.798155469994148,-1.23367842059627,-0.00390672881872811,0.00356034794439242,2.24093298670843e-06
-0.798155469994148,-1.23367842059627,-0.00390672881872811,0.00356034794439242,2.24093298670843e-06
-0.802062198812876,-1.23011807265188,-0.00386209320895126,0.00361199922579813,1.86669909160633e-06
-0.802062198812876,-1.23011807265188,-0.00386209320895126,0.00361199922579813,1.86669909160633e-06
-0.805924292021828,-1.22650607342608,-0.00381624219929877,0.00366310569131434,1.51756089744343e-06
-0.805924292021828,-1.22650607342608,-0.00381624219929877,0.00366310569131434,1.51756089744343e-06
-0.809740534221126,-1.22284296773477,-0.00376923655473904,0.00371361833424344,1.19132507451439e-06
-0.809740534221126,-1.22284296773477,-0.00376923655473904,0.00371361833424344,1.19132507451439e-06
-0.813509770775865,-1.21912934940052,-0.00372113632731208,0.00376349021039846,8.85857136630717e-07
-0.813509770775865,-1.21912934940052,-0.00372113632731208,0.00376349021039846,8.85857136630717e-07
-0.817230907103177,-1.21536585919013,-0.00367200070834472,0.00381267655815209,5.99105211898654e-07
-0.817230907103177,-1.21536585919013,-0.00367200070834472,0.00381267655815209,5.99105211898654e-07
-0.820902907811522,-1.21155318263197,-0.00362188789448248,0.00386113490904916,3.29121927442402e-07
-0.820902907811522,-1.21155318263197,-0.00362188789448248,0.00386113490904916,3.29121927442402e-07
-0.824524795706005,-1.20769204772292,-0.00357085496803544,0.00390882518853708,7.40841629631381e-08
-0.824524795706005,-1.20769204772292,-0.00357085496803544,0.00390882518853708,7.40841629631381e-08
-0.82809565067404,-1.20378322253439,-0.00351895779205302,0.00395570980639226,-1.67689510370377e-07
-0.82809565067404,-1.20378322253439,-0.00351895779205302,0.00395570980639226,-1.67689510370377e-07
-0.831614608466093,-1.19982751272799,-0.00346625092042319,0.00400175373651379,-3.97723858400374e-07
-0.831614608466093,-1.19982751272799,-0.00346625092042319,0.00400175373651379,-3.97723858400374e-07
-0.835080859386516,-1.19582575899148,-0.00341278752321639,0.00404692458579881,-6.17374648779513e-07
-0.835080859386516,-1.19582575899148,-0.00341278752321639,0.00404692458579881,-6.17374648779513e-07
-0.838493646909733,-1.19177883440568,-0.00335861932737602,0.004091192651825,-8.27819045673417e-07
-0.838493646909733,-1.19177883440568,-0.00335861932737602,0.004091192651825,-8.27819045673417e-07
-0.841852266237109,-1.18768764175386,-0.00330379657276358,0.00413453096910676,-1.0300487547554e-06
-0.841852266237109,-1.18768764175386,-0.00330379657276358,0.00413453096910676,-1.0300487547554e-06
-0.845156062809872,-1.18355311078475,-0.00324836798344363,0.0041769153438016,-1.22486601586598e-06
-0.845156062809872,-1.18355311078475,-0.00324836798344363,0.0041769153438016,-1.22486601586598e-06
-0.848404430793316,-1.17937619544095,-0.00319238075400474,0.00421832437667757,-1.41288235417248e-06
-0.848404430793316,-1.17937619544095,-0.00319238075400474,0.00421832437667757,-1.41288235417248e-06
-0.851596811547321,-1.17515787106427,-0.00313588055059788,0.00425873947430522,-1.59452010440198e-06
-0.851596811547321,-1.17515787106427,-0.00313588055059788,0.00425873947430522,-1.59452010440198e-06
-0.854732692097919,-1.17089913158997,-0.00307891152627315,0.00429814484840185,-1.77001660873338e-06
-0.854732692097919,-1.17089913158997,-0.00307891152627315,0.00429814484840185,-1.77001660873338e-06
-0.857811603624192,-1.16660098674156,-0.00302151635007408,0.00433652750334468,-1.93943095192894e-06
-0.857811603624192,-1.16660098674156,-0.00302151635007408,0.00433652750334468,-1.93943095192894e-06
-0.860833119974266,-1.16226445923822,-0.00296373624926272,0.00437387721193927,-2.10265308492677e-06
-0.860833119974266,-1.16226445923822,-0.00296373624926272,0.00437387721193927,-2.10265308492677e-06
-0.863796856223529,-1.15789058202628,-0.00290561106394172,0.00441018647960001,-2.25941527173291e-06
-0.863796856223529,-1.15789058202628,-0.00290561106394172,0.00441018647960001,-2.25941527173291e-06
-0.86670246728747,-1.15348039554668,-0.00284717931324718,0.0044454504970326,-2.4093056043362e-06
-0.86670246728747,-1.15348039554668,-0.00284717931324718,0.0044454504970326,-2.4093056043362e-06
-0.869549646600717,-1.14903494504965,-0.00278847827219419,0.00447966708165382,-2.55178340094562e-06
-0.869549646600717,-1.14903494504965,-0.00278847827219419,0.00447966708165382,-2.55178340094562e-06
-0.872338124872912,-1.14455527796799,-0.00272954405817449,0.00451283660801582,-2.6861963198007e-06
-0.872338124872912,-1.14455527796799,-0.00272954405817449,0.00451283660801582,-2.6861963198007e-06
-0.875067668931086,-1.14004244135998,-0.00267041172602511,0.00454496192750153,-2.81179888195118e-06
-0.875067668931086,-1.14004244135998,-0.00267041172602511,0.00454496192750153,-2.81179888195118e-06
-0.877738080657111,-1.13549747943248,-0.00261111537050085,0.00457604827771196,-2.92777226191306e-06
-0.877738080657111,-1.13549747943248,-0.00261111537050085,0.00457604827771196,-2.92777226191306e-06
-0.880349196027612,-1.13092143115476,-0.00255168823493179,0.00460610318189669,-3.03324509131394e-06
-0.880349196027612,-1.13092143115476,-0.00255168823493179,0.00460610318189669,-3.03324509131394e-06
-0.882900884262544,-1.12631532797287,-0.00249216282477904,0.00463513633885038,-3.12731500460173e-06
-0.882900884262544,-1.12631532797287,-0.00249216282477904,0.00463513633885038,-3.12731500460173e-06
-0.885393047087323,-1.12168019163402,-0.00243257102474459,0.00466315950377649,-3.20907070630941e-06
-0.885393047087323,-1.12168019163402,-0.00243257102474459,0.00466315950377649,-3.20907070630941e-06
-0.887825618112068,-1.11701703213024,-0.00237294421806111,0.00469018636062324,-3.27761429507953e-06
-0.887825618112068,-1.11701703213024,-0.00237294421806111,0.00469018636062324,-3.27761429507953e-06
-0.890198562330129,-1.11232684576962,-0.00231331340656094,0.00471623238645136,-3.33208356396476e-06
-0.890198562330129,-1.11232684576962,-0.00231331340656094,0.00471623238645136,-3.33208356396476e-06
-0.89251187573669,-1.10761061338317,-0.00225370933011593,0.00474131470845807,-3.37167406642882e-06
-0.89251187573669,-1.10761061338317,-0.00225370933011593,0.00474131470845807,-3.37167406642882e-06
-0.894765585066805,-1.10286929867471,-0.00219416258401994,0.00476545195427747,-3.39566063969204e-06
-0.894765585066805,-1.10286929867471,-0.00219416258401994,0.00476545195427747,-3.39566063969204e-06
-0.896959747650825,-1.09810384672043,-0.00213470373290603,0.00478866409626799,-3.4034181814321e-06
-0.896959747650825,-1.09810384672043,-0.00213470373290603,0.00478866409626799,-3.4034181814321e-06
-0.899094451383731,-1.09331518262416,-0.00207536341981962,0.004810972290475,-3.39444136322319e-06
-0.899094451383731,-1.09331518262416,-0.00207536341981962,0.004810972290475,-3.39444136322319e-06
-0.901169814803551,-1.08850421033369,-0.00201617246911412,0.00483239871106056,-3.36836309456408e-06
-0.901169814803551,-1.08850421033369,-0.00201617246911412,0.00483239871106056,-3.36836309456408e-06
-0.903185987272665,-1.08367181162263,-0.00195716198187834,0.00485296638096355,-3.32497148400682e-06
-0.903185987272665,-1.08367181162263,-0.00195716198187834,0.00485296638096355,-3.32497148400682e-06
-0.905143149254544,-1.07881884524166,-0.00189836342268779,0.00487269899959464,-3.26422502652454e-06
-0.905143149254544,-1.07881884524166,-0.00189836342268779,0.00487269899959464,-3.26422502652454e-06
-0.907041512677231,-1.07394614624207,-0.00183980869652678,0.00489162076845528,-3.18626586606318e-06
-0.907041512677231,-1.07394614624207,-0.00183980869652678,0.00489162076845528,-3.18626586606318e-06
-0.908881321373758,-1.06905452547361,-0.00178153021484617,0.00490975621551604,-3.09143089105308e-06
-0.908881321373758,-1.06905452547361,-0.00178153021484617,0.00490975621551604,-3.09143089105308e-06
-0.910662851588604,-1.0641447692581,-0.00172356094979076,0.00492713001927259,-2.98026046645881e-06
-0.910662851588604,-1.0641447692581,-0.00172356094979076,0.00492713001927259,-2.98026046645881e-06
-0.912386412538395,-1.05921763923883,-0.00166593447576047,0.00494376683342823,-2.8535047225265e-06
-0.912386412538395,-1.05921763923883,-0.00166593447576047,0.00494376683342823,-2.8535047225265e-06
-0.914052347014155,-1.0542738724054,-0.00160868499757227,0.00495969111309269,-2.71212719679149e-06
-0.914052347014155,-1.0542738724054,-0.00160868499757227,0.00495969111309269,-2.71212719679149e-06
-0.915661032011728,-1.0493141812923,-0.00155184736462888,0.00497492694347379,-2.55730578021737e-06
-0.915661032011728,-1.0493141812923,-0.00155184736462888,0.00497492694347379,-2.55730578021737e-06
-0.917212879376357,-1.04433925434883,-0.00149545707061738,0.00498949787199798,-2.39043090030644e-06
-0.917212879376357,-1.04433925434883,-0.00149545707061738,0.00498949787199798,-2.39043090030644e-06
-0.918708336446974,-1.03934975647683,-0.00143955023840903,0.00500342674479604,-2.21310088328267e-06
-0.918708336446974,-1.03934975647683,-0.00143955023840903,0.00500342674479604,-2.21310088328267e-06
-0.920147886685383,-1.03434632973204,-0.0013841635899704,0.00501673554851734,-2.02711452838237e-06
-0.920147886685383,-1.03434632973204,-0.0013841635899704,0.00501673554851734,-2.02711452838237e-06
-0.921532050275353,-1.02932959418352,-0.00132933440126215,0.00502944525839588,-1.8344609272131e-06
-0.921532050275353,-1.02932959418352,-0.00132933440126215,0.00502944525839588,-1.8344609272131e-06
-0.922861384676616,-1.02430014892512,-0.00127510044224077,0.00504157569349584,-1.63730665071488e-06
-0.922861384676616,-1.02430014892512,-0.00127510044224077,0.00504157569349584,-1.63730665071488e-06
-0.924136485118856,-1.01925857323163,-0.00122149990224574,0.00505314538000534,-1.43798044144414e-06
-0.924136485118856,-1.01925857323163,-0.00122149990224574,0.00505314538000534,-1.43798044144414e-06
-0.925357985021102,-1.01420542785162,-0.00116857130121673,0.00506417142341165,-1.23895557352805e-06
-0.925357985021102,-1.01420542785162,-0.00116857130121673,0.00506417142341165,-1.23895557352805e-06
-0.926526556322319,-1.00914125642821,-0.00111635338733995,0.00507466939036716,-1.042830135768e-06
-0.926526556322319,-1.00914125642821,-0.00111635338733995,0.00507466939036716,-1.042830135768e-06
-0.927642909709659,-1.00406658703784,-0.0010648850218743,0.00508465320097018,-8.52305417894939e-07
-0.927642909709659,-1.00406658703784,-0.0010648850218743,0.00508465320097018,-8.52305417894939e-07
-0.928707794731533,-0.998981933836873,-0.00101420505205263,0.00509413503220668,-6.70162795177003e-07
-0.928707794731533,-0.998981933836873,-0.00101420505205263,0.00509413503220668,-6.70162795177003e-07
-0.929721999783586,-0.993887798804666,-0.000964352173094984,0.00510312523312739,-4.99239359168929e-07
-0.929721999783586,-0.993887798804666,-0.000964352173094984,0.00510312523312739,-4.99239359168929e-07
-0.930686351956681,-0.988784673571539,-0.000915364780489702,0.00511163225233813,-3.42402656890867e-07
-0.930686351956681,-0.988784673571539,-0.000915364780489702,0.00511163225233813,-3.42402656890867e-07
-0.93160171673717,-0.983673041319201,-0.000867280813832028,0.00511966257827856,-2.02524924425469e-07
-0.93160171673717,-0.983673041319201,-0.000867280813832028,0.00511966257827856,-2.02524924425469e-07
-0.932468997551002,-0.978553378740922,-0.000820137593595671,0.00512722069265492,-8.24571660031775e-08
-0.932468997551002,-0.978553378740922,-0.000820137593595671,0.00512722069265492,-8.24571660031775e-08
-0.933289135144598,-0.973426158048267,-0.000773971652280658,0.00513430903732004,1.49965389004483e-08
-0.933289135144598,-0.973426158048267,-0.000773971652280658,0.00513430903732004,1.49965389004483e-08
-0.934063106796879,-0.968291849010947,-0.00072881856147744,0.00514092799477828,8.71042069982425e-08
-0.934063106796879,-0.968291849010947,-0.00072881856147744,0.00514092799477828,8.71042069982425e-08
-0.934791925358356,-0.963150921016169,-0.000684712756398698,0.00514707588246732,1.31230116855695e-07
-0.934791925358356,-0.963150921016169,-0.000684712756398698,0.00514707588246732,1.31230116855695e-07
-0.935476638114755,-0.958003845133702,-0.000641687359503762,0.00515274896071971,1.44857785921819e-07
-0.935476638114755,-0.958003845133702,-0.000641687359503762,0.00515274896071971,1.44857785921819e-07
-0.936118325474259,-0.952851096172982,-0.000599774004819253,0.00515794145435133,1.2561137836993e-07
-0.936118325474259,-0.952851096172982,-0.000599774004819253,0.00515794145435133,1.2561137836993e-07
-0.936718099479078,-0.947693154718631,-0.000559002664588859,0.00516264558762936,7.12753835327429e-08
-0.936718099479078,-0.947693154718631,-0.000559002664588859,0.00516264558762936,7.12753835327429e-08
-0.937277102143667,-0.942530509131001,-0.000519401479839088,0.00516685163237462,-2.01877757488242e-08
-0.937277102143667,-0.942530509131001,-0.000519401479839088,0.00516685163237462,-2.01877757488242e-08
-0.937796503623506,-0.937363657498627,-0.000480996596436412,0.0051705479687314,-1.50622284231933e-07
-0.937796503623506,-0.937363657498627,-0.000480996596436412,0.0051705479687314,-1.50622284231933e-07
-0.938277500219942,-0.932193109529895,-0.000443812008145805,0.00517372115814485,-3.21665745797207e-07
-0.938277500219942,-0.932193109529895,-0.000443812008145805,0.00517372115814485,-3.21665745797207e-07
-0.938721312228088,-0.92701938837175,-0.000407869408150408,0.00517635602800959,-5.34738403922159e-07
-0.938721312228088,-0.92701938837175,-0.000407869408150408,0.00517635602800959,-5.34738403922159e-07
-0.939129181636238,-0.921843032343741,-0.000373188050413642,0.00517843576732069,-7.9103478849412e-07
-0.939129181636238,-0.921843032343741,-0.000373188050413642,0.00517843576732069,-7.9103478849412e-07
-0.939502369686652,-0.91666459657642,-0.000339784622176875,0.00517994203261107,-1.09151777517077e-06
-0.939502369686652,-0.91666459657642,-0.000339784622176875,0.00517994203261107,-1.09151777517077e-06
-0.939842154308829,-0.911484654543809,-0.000307673128779662,0.0051808550634076,-1.43691502273776e-06
-0.939842154308829,-0.911484654543809,-0.000307673128779662,0.0051808550634076,-1.43691502273776e-06
-0.940149827437609,-0.906303799480401,-0.000276864791896925,0.00518115380637396,-1.82771768997021e-06
-0.940149827437609,-0.906303799480401,-0.000276864791896925,0.00518115380637396,-1.82771768997021e-06
-0.940426692229506,-0.901122645674027,-0.000247367962160294,0.00518081604728227,-2.26418135896959e-06
-0.940426692229506,-0.901122645674027,-0.000247367962160294,0.00518081604728227,-2.26418135896959e-06
-0.940674060191666,-0.895941829626745,-0.000219188047022367,0.00517981854987748,-2.74632897140966e-06
-0.940674060191666,-0.895941829626745,-0.000219188047022367,0.00517981854987748,-2.74632897140966e-06
-0.940893248238688,-0.890762011076868,-0.0001923274545792,0.00517813720072502,-3.27395562556461e-06
-0.940893248238688,-0.890762011076868,-0.0001923274545792,0.00517813720072502,-3.27395562556461e-06
-0.941085575693267,-0.885583873876143,-0.000166785553942672,0.00517574715909985,-3.84663512188743e-06
-0.941085575693267,-0.885583873876143,-0.000166785553942672,0.00517574715909985,-3.84663512188743e-06
-0.94125236124721,-0.880408126717043,-0.000142558652612257,0.00517262301089527,-4.46372793987647e-06
-0.94125236124721,-0.880408126717043,-0.000142558652612257,0.00517262301089527,-4.46372793987647e-06
-0.941394919899822,-0.875235503706148,-0.000119639991159382,0.00516873892564906,-5.12439061881205e-06
-0.941394919899822,-0.875235503706148,-0.000119639991159382,0.00516873892564906,-5.12439061881205e-06
-0.941514559890982,-0.870066764780498,-9.80197554012463e-05,0.00516406881561404,-5.82758617464259e-06
-0.941514559890982,-0.870066764780498,-9.80197554012463e-05,0.00516406881561404,-5.82758617464259e-06
-0.941612579646383,-0.864902695964884,-7.7685106114056e-05,0.00515858649597345,-6.57209541871095e-06
-0.941612579646383,-0.864902695964884,-7.7685106114056e-05,0.00515858649597345,-6.57209541871095e-06
-0.941690264752497,-0.859744109468911,-5.86202261766422e-05,0.00515226584524997,-7.35652898661149e-06
-0.941690264752497,-0.859744109468911,-5.86202261766422e-05,0.00515226584524997,-7.35652898661149e-06
-0.941748884978674,-0.854591843623661,-4.08063849212104e-05,0.00514508096497257,-8.17933987104068e-06
-0.941748884978674,-0.854591843623661,-4.08063849212104e-05,0.00514508096497257,-8.17933987104068e-06
-0.941789691363595,-0.849446762658688,-2.42220193175102e-05,0.00513700633770975,-9.03883625555206e-06
-0.941789691363595,-0.849446762658688,-2.42220193175102e-05,0.00513700633770975,-9.03883625555206e-06
-0.941813913382912,-0.844309756320979,-8.8428315100364e-06,0.00512801698263432,-9.93319453900486e-06
-0.941813913382912,-0.844309756320979,-8.8428315100364e-06,0.00512801698263432,-9.93319453900486e-06
-0.941822756214422,-0.839181739338344,5.35809790036534e-06,0.00511808860776675,-1.08604723070872e-05
-0.941822756214422,-0.839181739338344,5.35809790036534e-06,0.00511808860776675,-1.08604723070872e-05
-0.941817398116522,-0.834063650730578,1.84101815547955e-05,0.00510719775817803,-1.18186211909782e-05
-0.941817398116522,-0.834063650730578,1.84101815547955e-05,0.00510719775817803,-1.18186211909782e-05
-0.941798987934967,-0.8289564529724,3.03451828509438e-05,0.0050953219594031,-1.28054994328313e-05
-0.941798987934967,-0.8289564529724,3.03451828509438e-05,0.0050953219594031,-1.28054994328313e-05
-0.941768642752116,-0.823861131012997,4.11970602112177e-05,0.005082439855426,-1.38188841167473e-05
-0.941768642752116,-0.823861131012997,4.11970602112177e-05,0.005082439855426,-1.38188841167473e-05
-0.941727445691905,-0.818778691157571,5.10017991184331e-05,0.00506853134058949,-1.48564829381146e-05
-0.941727445691905,-0.818778691157571,5.10017991184331e-05,0.00506853134058949,-1.48564829381146e-05
-0.941676443892787,-0.813710159816981,5.9797233036285e-05,0.00505357768487824,-1.59159455022225e-05
-0.941676443892787,-0.813710159816981,5.9797233036285e-05,0.00505357768487824,-1.59159455022225e-05
-0.94161664665975,-0.808656582132103,6.76228544008728e-05,0.00503756165202207,-1.6994873966788e-05
-0.94161664665975,-0.808656582132103,6.76228544008728e-05,0.00503756165202207,-1.6994873966788e-05
-0.94154902380535,-0.803619020480081,7.45196169307238e-05,0.00502046761005659,-1.8090833136474e-05
-0.94154902380535,-0.803619020480081,7.45196169307238e-05,0.00502046761005659,-1.8090833136474e-05
-0.941474504188419,-0.798598552870024,8.05297305621622e-05,0.00500228163389282,-1.92013598760204e-05
-0.941474504188419,-0.798598552870024,8.05297305621622e-05,0.00500228163389282,-1.92013598760204e-05
-0.941393974457857,-0.793596271236131,8.56964503622715e-05,0.00498299159961757,-2.03239719012704e-05
-0.941393974457857,-0.793596271236131,8.56964503622715e-05,0.00498299159961757,-2.03239719012704e-05
-0.941308278007494,-0.788613279636514,9.00638608093418e-05,0.00496258727023702,-2.14561759686949e-05
-0.941308278007494,-0.788613279636514,9.00638608093418e-05,0.00496258727023702,-2.14561759686949e-05
-0.941218214146685,-0.783650692366277,9.36766568673253e-05,0.00494106037261699,-2.25954754359842e-05
-0.941218214146685,-0.783650692366277,9.36766568673253e-05,0.00494106037261699,-2.25954754359842e-05
-0.941124537489818,-0.77870963199366,9.65799232852671e-05,0.00491840466547189,-2.37393772228667e-05
-0.941124537489818,-0.77870963199366,9.65799232852671e-05,0.00491840466547189,-2.37393772228667e-05
-0.941027957566532,-0.773791227328188,9.88189135644468e-05,0.00489461599830421,-2.48853982536025e-05
-0.941027957566532,-0.773791227328188,9.88189135644468e-05,0.00489461599830421,-2.48853982536025e-05
-0.940929138652968,-0.768896611329884,0.000100438830030525,0.00486969236119994,-2.6031071366877e-05
-0.940929138652968,-0.768896611329884,0.000100438830030525,0.00486969236119994,-2.6031071366877e-05
-0.940828699822937,-0.764026918968684,0.000101484606436109,0.00484363392548837,-2.71739508065708e-05
-0.940828699822937,-0.764026918968684,0.000101484606436109,0.00484363392548837,-2.71739508065708e-05
-0.940727215216501,-0.759183285043195,0.000102000694497062,0.00481644307525253,-2.83116172789168e-05
-0.940727215216501,-0.759183285043195,0.000102000694497062,0.00481644307525253,-2.83116172789168e-05
-0.940625214522004,-0.754366841967943,0.00010203085574445,0.0047881244297826,-2.94416826966144e-05
-0.940625214522004,-0.754366841967943,0.00010203085574445,0.0047881244297826,-2.94416826966144e-05
-0.94052318366626,-0.74957871753816,0.000101617960018618,0.00475868485703479,-3.05617946124419e-05
-0.94052318366626,-0.74957871753816,0.000101617960018618,0.00475868485703479,-3.05617946124419e-05
-0.940421565706241,-0.744820032681125,0.000100803791898585,0.00472813347824352,-3.16696404025641e-05
-0.940421565706241,-0.744820032681125,0.000100803791898585,0.00472813347824352,-3.16696404025641e-05
-0.940320761914343,-0.740091899202882,9.9628866297552e-05,0.00469648166385861,-3.27629512845767e-05
-0.940320761914343,-0.740091899202882,9.9628866297552e-05,0.00469648166385861,-3.27629512845767e-05
-0.940221133048045,-0.735395417539023,9.81322543842644e-05,0.00466374302097272,-3.38395061894496e-05
-0.940221133048045,-0.735395417539023,9.81322543842644e-05,0.00466374302097272,-3.38395061894496e-05
-0.940123000793661,-0.730731674518051,9.635142093678e-05,0.00462993337245743,-3.48971354786594e-05
-0.940123000793661,-0.730731674518051,9.635142093678e-05,0.00462993337245743,-3.48971354786594e-05
-0.940026649372724,-0.726101741145593,9.43220741413953e-05,0.00459507072809995,-3.59337246326214e-05
-0.940026649372724,-0.726101741145593,9.43220741413953e-05,0.00459507072809995,-3.59337246326214e-05
-0.939932327298583,-0.721506670417493,9.20780287764211e-05,0.00455917524796334,-3.69472178374996e-05
-0.939932327298583,-0.721506670417493,9.20780287764211e-05,0.00455917524796334,-3.69472178374996e-05
-0.939840249269806,-0.71694749516953,8.96510836292386e-05,0.00452226919831411,-3.79356215401139e-05
-0.939840249269806,-0.71694749516953,8.96510836292386e-05,0.00452226919831411,-3.79356215401139e-05
-0.939750598186177,-0.712425225971216,8.70709138960368e-05,0.00448437690043069,-3.88970079782626e-05
-0.939750598186177,-0.712425225971216,8.70709138960368e-05,0.00448437690043069,-3.88970079782626e-05
-0.939663527272281,-0.707940849070785,8.43649792225953e-05,0.00444552467262882,-3.98295186132634e-05
-0.939663527272281,-0.707940849070785,8.43649792225953e-05,0.00444552467262882,-3.98295186132634e-05
-0.939579162293058,-0.703495324398156,8.15584479481046e-05,0.00440574076593359,-4.07313675377212e-05
-0.939579162293058,-0.703495324398156,8.15584479481046e-05,0.00440574076593359,-4.07313675377212e-05
-0.93949760384511,-0.699089583632223,7.86741379950051e-05,0.00436505529376663,-4.16008448248855e-05
-0.93949760384511,-0.699089583632223,7.86741379950051e-05,0.00436505529376663,-4.16008448248855e-05
-0.939418929707115,-0.694724528338456,7.57324747528987e-05,0.00432350015605343,-4.24363198338364e-05
-0.939418929707115,-0.694724528338456,7.57324747528987e-05,0.00432350015605343,-4.24363198338364e-05
-0.939343197232362,-0.690401028182403,7.27514661827966e-05,0.00428110895813594,-4.32362443654509e-05
-0.939343197232362,-0.690401028182403,7.27514661827966e-05,0.00428110895813594,-4.32362443654509e-05
-0.93927044576618,-0.686119919224267,6.97466952703785e-05,0.00423791692496778,-4.3999155708292e-05
-0.93927044576618,-0.686119919224267,6.97466952703785e-05,0.00423791692496778,-4.3999155708292e-05
-0.939200699070909,-0.681882002299299,6.67313298449157e-05,0.00419396081101031,-4.47236795683035e-05
-0.939200699070909,-0.681882002299299,6.67313298449157e-05,0.00419396081101031,-4.47236795683035e-05
-0.939133967741064,-0.677688041488289,6.371614966727e-05,0.00414927880622851,-4.54085327935639e-05
-0.939133967741064,-0.677688041488289,6.371614966727e-05,0.00414927880622851,-4.54085327935639e-05
-0.939070251591397,-0.67353876268206,6.07095905703625e-05,0.00410391043864422,-4.60525258983071e-05
-0.939070251591397,-0.67353876268206,6.07095905703625e-05,0.00410391043864422,-4.60525258983071e-05
-0.939009542000827,-0.669434852243416,5.77178053468019e-05,0.00405789647386612,-4.66545653748191e-05
-0.939009542000827,-0.669434852243416,5.77178053468019e-05,0.00405789647386612,-4.66545653748191e-05
-0.93895182419548,-0.66537695576955,5.47447409653401e-05,0.00401127881199093,-4.72136557454605e-05
-0.93895182419548,-0.66537695576955,5.47447409653401e-05,0.00401127881199093,-4.72136557454605e-05
-0.938897079454515,-0.661365676957559,5.17922315861341e-05,0.00396410038228145,-4.77289013211145e-05
-0.938897079454515,-0.661365676957559,5.17922315861341e-05,0.00396410038228145,-4.77289013211145e-05
-0.938845287222928,-0.657401576575277,4.88601067547556e-05,0.00391640503602364,-4.8199507670924e-05
-0.938845287222928,-0.657401576575277,4.88601067547556e-05,0.00391640503602364,-4.8199507670924e-05
-0.938796427116174,-0.653485171539254,4.5946314046752e-05,0.00386823743792508,-4.86247827645144e-05
-0.938796427116174,-0.653485171539254,4.5946314046752e-05,0.00386823743792508,-4.86247827645144e-05
-0.938750480802127,-0.649616934101329,4.30470553527407e-05,0.00381964295642412,-4.90041377434309e-05
-0.938750480802127,-0.649616934101329,4.30470553527407e-05,0.00381964295642412,-4.90041377434309e-05
-0.938707433746774,-0.645797291144904,4.01569358922105e-05,0.00377066755329414,-4.93370873595228e-05
-0.938707433746774,-0.645797291144904,4.01569358922105e-05,0.00377066755329414,-4.93370873595228e-05
-0.938667276810882,-0.64202662359161,3.72691249802548e-05,0.00372135767286741,-4.96232500597207e-05
-0.938667276810882,-0.64202662359161,3.72691249802548e-05,0.00372135767286741,-4.96232500597207e-05
-0.938630007685902,-0.638305265918743,3.43755274752056e-05,0.00367176013120762,-4.98623476685063e-05
-0.938630007685902,-0.638305265918743,3.43755274752056e-05,0.00367176013120762,-4.98623476685063e-05
-0.938595632158426,-0.634633505787535,3.146696477907e-05,0.0036219220056003,-5.00542047037976e-05
-0.938595632158426,-0.634633505787535,3.146696477907e-05,0.0036219220056003,-5.00542047037976e-05
-0.938564165193647,-0.631011583781935,2.85333641870666e-05,0.00357189052469409,-5.01987473465462e-05
-0.938564165193647,-0.631011583781935,2.85333641870666e-05,0.00357189052469409,-5.01987473465462e-05
-0.93853563182946,-0.627439693257241,2.55639553266018e-05,0.0035217129596139,-5.02960020722035e-05
-0.93853563182946,-0.627439693257241,2.55639553266018e-05,0.0035217129596139,-5.02960020722035e-05
-0.938510067874134,-0.623917980297627,2.25474723689612e-05,0.00347143651637538,-5.03460940084453e-05
-0.938510067874134,-0.623917980297627,2.25474723689612e-05,0.00347143651637538,-5.03460940084453e-05
-0.938487520401765,-0.620446543781252,1.9472360669015e-05,0.00342110822989161,-5.03492449684031e-05
-0.938487520401765,-0.620446543781252,1.9472360669015e-05,0.00342110822989161,-5.03492449684031e-05
-0.938468048041096,-0.61702543555136,1.632698643661e-05,0.00337077485994763,-5.03057713379332e-05
-0.938468048041096,-0.61702543555136,1.632698643661e-05,0.00337077485994763,-5.03057713379332e-05
-0.938451721054659,-0.613654660691412,1.30998480211142e-05,0.00332048278938168,-5.02160818006575e-05
-0.938451721054659,-0.613654660691412,1.30998480211142e-05,0.00332048278938168,-5.02160818006575e-05
-0.938438621206638,-0.610334177902031,9.77978736715901e-06,0.00327027792477652,-5.00806749724947e-05
-0.938438621206638,-0.610334177902031,9.77978736715901e-06,0.00327027792477652,-5.00806749724947e-05
-0.938428841419271,-0.607063899977254,6.35620020084104e-06,0.00322020559994596,-4.99001369928119e-05
-0.938428841419271,-0.607063899977254,6.35620020084104e-06,0.00322020559994596,-4.99001369928119e-05
-0.93842248521907,-0.603843694377308,2.81924348544127e-06,0.00317031048251148,-4.96751391821132e-05
-0.93842248521907,-0.603843694377308,2.81924348544127e-06,0.00317031048251148,-4.96751391821132e-05
-0.938419665975585,-0.600673383894797,-8.39961290743929e-07,0.00312063648381178,-4.94064358355219e-05
-0.938419665975585,-0.600673383894797,-8.39961290743929e-07,0.00312063648381178,-4.94064358355219e-05
-0.938420505936875,-0.597552747410985,-4.62913043663971e-06,0.00307122667237514,-4.9094862244547e-05
-0.938420505936875,-0.597552747410985,-4.62913043663971e-06,0.00307122667237514,-4.9094862244547e-05
-0.938425135067312,-0.59448152073861,-8.5546274115611e-06,0.00302212319114437,-4.87413330304788e-05
-0.938425135067312,-0.59448152073861,-8.5546274115611e-06,0.00302212319114437,-4.87413330304788e-05
-0.938433689694724,-0.591459397547465,-1.26212805816595e-05,0.00297336717860464,-4.83468408317323e-05
-0.938433689694724,-0.591459397547465,-1.26212805816595e-05,0.00297336717860464,-4.83468408317323e-05
-0.938446310975305,-0.588486030368861,-1.6832210719131e-05,0.0029249986939559,-4.79124553754988e-05
-0.938446310975305,-0.588486030368861,-1.6832210719131e-05,0.0029249986939559,-4.79124553754988e-05
-0.938463143186024,-0.585561031674905,-2.11886695495878e-05,0.00287705664645954,-4.74393230446286e-05
-0.938463143186024,-0.585561031674905,-2.11886695495878e-05,0.00287705664645954,-4.74393230446286e-05
-0.938484331855574,-0.582683975028445,-2.56898905931502e-05,0.00282957872897793,-4.69286668849534e-05
-0.938484331855574,-0.582683975028445,-2.56898905931502e-05,0.00282957872897793,-4.69286668849534e-05
-0.938510021746167,-0.579854396299467,-3.03329534701025e-05,0.00278260135575858,-4.63817870672424e-05
-0.938510021746167,-0.579854396299467,-3.03329534701025e-05,0.00278260135575858,-4.63817870672424e-05
-0.938540354699637,-0.577071794943709,-3.51126627876619e-05,0.00273615960445228,-4.58000617964338e-05
-0.938540354699637,-0.577071794943709,-3.51126627876619e-05,0.00273615960445228,-4.58000617964338e-05
-0.938575467362425,-0.574335635339257,-4.00214426383716e-05,0.00269028716228581,-4.51849485193245e-05
-0.938575467362425,-0.574335635339257,-4.00214426383716e-05,0.00269028716228581,-4.51849485193245e-05
-0.938615488805063,-0.571645348176971,-4.50492476570252e-05,0.00264501627635083,-4.45379853600768e-05
-0.938615488805063,-0.571645348176971,-4.50492476570252e-05,0.00264501627635083,-4.45379853600768e-05
-0.93866053805272,-0.56900033190062,-5.01834914834465e-05,0.00260037770790045,-4.38607926646654e-05
-0.93866053805272,-0.56900033190062,-5.01834914834465e-05,0.00260037770790045,-4.38607926646654e-05
-0.938710721544204,-0.566399954192719,-5.54089933948454e-05,0.00255640069048879,-4.31550743312963e-05
-0.938710721544204,-0.566399954192719,-5.54089933948454e-05,0.00255640069048879,-4.31550743312963e-05
-0.938766130537598,-0.563843553502231,-6.07079437614511e-05,0.00251311289190348,-4.24226188482013e-05
-0.938766130537598,-0.563843553502231,-6.07079437614511e-05,0.00251311289190348,-4.24226188482013e-05
-0.93882683848136,-0.561330440610327,-6.6059888865988e-05,0.00247054037967886,-4.16652996554578e-05
-0.93882683848136,-0.561330440610327,-6.6059888865988e-05,0.00247054037967886,-4.16652996554578e-05
-0.938892898370226,-0.558859900230648,-7.1441735526756e-05,0.00242870759009184,-4.08850745969263e-05
-0.938892898370226,-0.558859900230648,-7.1441735526756e-05,0.00242870759009184,-4.08850745969263e-05
-0.938964340105753,-0.556431192640557,-7.68277758340652e-05,0.00238763730048319,-4.00839841701241e-05
-0.938964340105753,-0.556431192640557,-7.68277758340652e-05,0.00238763730048319,-4.00839841701241e-05
-0.939041167881587,-0.554043555340073,-8.2189732201754e-05,0.00234735060472979,-3.92641481983523e-05
-0.939041167881587,-0.554043555340073,-8.2189732201754e-05,0.00234735060472979,-3.92641481983523e-05
-0.939123357613789,-0.551696204735344,-8.74968228037343e-05,0.00230786689175133,-3.84277606761789e-05
-0.939123357613789,-0.551696204735344,-8.74968228037343e-05,0.00230786689175133,-3.84277606761789e-05
-0.939210854436592,-0.549388337843592,-9.27158473367218e-05,0.00226920382687013,-3.75770824128274e-05
-0.939210854436592,-0.549388337843592,-9.27158473367218e-05,0.00226920382687013,-3.75770824128274e-05
-0.939303570283929,-0.547119134016722,-9.78112929210795e-05,0.00223137733591938,-3.67144312382979e-05
-0.939303570283929,-0.547119134016722,-9.78112929210795e-05,0.00223137733591938,-3.67144312382979e-05
-0.93940138157685,-0.544887756680803,-0.000102745459838016,0.00219440159196094,-3.58421695630024e-05
-0.93940138157685,-0.544887756680803,-0.000102745459838016,0.00219440159196094,-3.58421695630024e-05
-0.939504127036688,-0.542693355088842,-0.000107478606656053,0.00215828900445891,-3.49626890924679e-05
-0.939504127036688,-0.542693355088842,-0.000107478606656053,0.00215828900445891,-3.49626890924679e-05
-0.939611605643344,-0.540535066084383,-0.000111969114165555,0.00212305021079073,-3.40783925607793e-05
-0.939611605643344,-0.540535066084383,-0.000111969114165555,0.00212305021079073,-3.40783925607793e-05
-0.93972357475751,-0.538412015873592,-0.000116173667424113,0.00208869407002477,-3.31916725387171e-05
-0.93972357475751,-0.538412015873592,-0.000116173667424113,0.00208869407002477,-3.31916725387171e-05
-0.939839748424934,-0.536323321803567,-0.000120047455093086,0.00205522765883981,-3.23048873642389e-05
-0.939839748424934,-0.536323321803567,-0.000120047455093086,0.00205522765883981,-3.23048873642389e-05
-0.939959795880027,-0.534268094144728,-0.000123544385107754,0.00202265626952003,-3.1420334385922e-05
-0.939959795880027,-0.534268094144728,-0.000123544385107754,0.00202265626952003,-3.1420334385922e-05
-0.940083340265135,-0.532245437875208,-0.000126617315616917,0.00199098340998605,-3.05402208525913e-05
-0.940083340265135,-0.532245437875208,-0.000126617315616917,0.00199098340998605,-3.05402208525913e-05
-0.940209957580752,-0.530254454465221,-0.000129218299996459,0.00196021080582875,-2.96666328467731e-05
-0.940209957580752,-0.530254454465221,-0.000129218299996459,0.00196021080582875,-2.96666328467731e-05
-0.940339175880748,-0.528294243659393,-0.000131298844644467,0.00193033840437462,-2.88015028340042e-05
-0.940339175880748,-0.528294243659393,-0.000131298844644467,0.00193033840437462,-2.88015028340042e-05
-0.940470474725392,-0.526363905255018,-0.000132810178155918,0.00190136438082023,-2.79465764478353e-05
-0.940470474725392,-0.526363905255018,-0.000132810178155918,0.00190136438082023,-2.79465764478353e-05
-0.940603284903548,-0.524462540874198,-0.000133703530371121,0.0018732851465485,-2.71033793256389e-05
-0.940603284903548,-0.524462540874198,-0.000133703530371121,0.0018732851465485,-2.71033793256389e-05
-0.94073698843392,-0.522589255727649,-0.000133930419701112,0.00184609535971947,-2.62731847877008e-05
-0.94073698843392,-0.522589255727649,-0.000133930419701112,0.00184609535971947,-2.62731847877008e-05
-0.940870918853621,-0.52074316036793,-0.00013344294704476,0.00181978793831694,-2.54569832943696e-05
-0.940870918853621,-0.52074316036793,-0.00013344294704476,0.00181978793831694,-2.54569832943696e-05
-0.941004361800665,-0.518923372429613,-0.000132194094541904,0.00179435407584261,-2.46554546035796e-05
-0.941004361800665,-0.518923372429613,-0.000132194094541904,0.00179435407584261,-2.46554546035796e-05
-0.941136555895207,-0.51712901835377,-0.000130138027340743,0.00176978325991328,-2.38689436278527e-05
-0.941136555895207,-0.51712901835377,-0.000130138027340743,0.00176978325991328,-2.38689436278527e-05
-0.941266693922548,-0.515359235093857,-0.00012723039649587,0.00174606329402027,-2.30974409917953e-05
-0.941266693922548,-0.515359235093857,-0.00012723039649587,0.00174606329402027,-2.30974409917953e-05
-0.941393924319044,-0.513613171799837,-0.000123428641069845,0.00172318032269991,-2.2340569227175e-05
-0.941393924319044,-0.513613171799837,-0.000123428641069845,0.00172318032269991,-2.2340569227175e-05
-0.941517352960114,-0.511889991477137,-0.000118692287466304,0.00170111886038204,-2.15975754968318e-05
-0.941517352960114,-0.511889991477137,-0.000118692287466304,0.00170111886038204,-2.15975754968318e-05
-0.94163604524758,-0.510188872616755,-0.000112983244008324,0.00167986182418289,-2.08673316476596e-05
-0.94163604524758,-0.510188872616755,-0.000112983244008324,0.00167986182418289,-2.08673316476596e-05
-0.941749028491588,-0.508509010792572,-0.000106266088750639,0.00165939057091491,-2.01483422684742e-05
-0.941749028491588,-0.508509010792572,-0.000106266088750639,0.00165939057091491,-2.01483422684742e-05
-0.941855294580339,-0.506849620221657,-9.85083485190996e-05,0.00163968493860733,-1.94387614187125e-05
-0.941855294580339,-0.506849620221657,-9.85083485190996e-05,0.00163968493860733,-1.94387614187125e-05
-0.941953802928858,-0.50520993528305,-8.96807671809663e-05,0.00162072329273444,-1.87364184569851e-05
-0.941953802928858,-0.50520993528305,-8.96807671809663e-05,0.00162072329273444,-1.87364184569851e-05
-0.942043483696039,-0.503589211990315,-7.97575611714008e-05,0.00160248257734197,-1.80388532523168e-05
-0.942043483696039,-0.503589211990315,-7.97575611714008e-05,0.00160248257734197,-1.80388532523168e-05
-0.94212324125721,-0.501986729412973,-6.87166603425826e-05,0.0015849383712363,-1.73433608401652e-05
-0.94212324125721,-0.501986729412973,-6.87166603425826e-05,0.0015849383712363,-1.73433608401652e-05
-0.942191957917553,-0.500401791041737,-5.65399322417504e-05,0.00156806494941203,-1.66470454937735e-05
-0.942191957917553,-0.500401791041737,-5.65399322417504e-05,0.00156806494941203,-1.66470454937735e-05
-0.942248497849795,-0.498833726092325,-4.32133879867402e-05,0.00155183534979014,-1.59468838906458e-05
-0.942248497849795,-0.498833726092325,-4.32133879867402e-05,0.00155183534979014,-1.59468838906458e-05
-0.942291711237782,-0.497281890742535,-2.87273679987488e-05,0.00153622144529719,-1.52397967321594e-05
-0.942291711237782,-0.497281890742535,-2.87273679987488e-05,0.00153622144529719,-1.52397967321594e-05
-0.94232043860578,-0.495745669297238,-1.3076705920545e-05,0.00152119402134243,-1.45227279612764e-05
-0.94232043860578,-0.495745669297238,-1.3076705920545e-05,0.00152119402134243,-1.45227279612764e-05
-0.942333515311701,-0.494224475275895,3.73913084261712e-06,0.00150672285870379,-1.37927304184424e-05
-0.942333515311701,-0.494224475275895,3.73913084261712e-06,0.00150672285870379,-1.37927304184424e-05
-0.942329776180858,-0.492717752417191,2.17159254132238e-05,0.00149277682177895,-1.30470563643179e-05
-0.942329776180858,-0.492717752417191,2.17159254132238e-05,0.00149277682177895,-1.30470563643179e-05
-0.942308060255445,-0.491224975595412,4.08446218892466e-05,0.00147932395217232,-1.22832510409641e-05
-0.942308060255445,-0.491224975595412,4.08446218892466e-05,0.00147932395217232,-1.22832510409641e-05
-0.942267215633556,-0.48974565164324,6.11112631370148e-05,0.00146633156749648,-1.1499246862591e-05
-0.942267215633556,-0.48974565164324,6.11112631370148e-05,0.00146633156749648,-1.1499246862591e-05
-0.942206104370419,-0.488279320075744,8.24969569713785e-05,0.00145376636538103,-1.06934556848538e-05
-0.942206104370419,-0.488279320075744,8.24969569713785e-05,0.00145376636538103,-1.06934556848538e-05
-0.942123607413447,-0.486825553710363,0.00010497787162056,0.00144159453257126,-9.86485610075588e-06
-0.942123607413447,-0.486825553710363,0.00010497787162056,0.00144159453257126,-9.86485610075588e-06
-0.942018629541827,-0.485383959177791,0.000128525261181567,0.00142978185906012,-9.01307252759221e-06
-0.942018629541827,-0.485383959177791,0.000128525261181567,0.00142978185906012,-9.01307252759221e-06
-0.941890104280645,-0.483954177318731,0.000153105521624619,0.00141829385717429,-8.13844269704394e-06
-0.941890104280645,-0.483954177318731,0.000153105521624619,0.00141829385717429,-8.13844269704394e-06
-0.941736998759021,-0.482535883461557,0.000178680277698073,0.00140709588550736,-7.24207003150877e-06
-0.941736998759021,-0.482535883461557,0.000178680277698073,0.00140709588550736,-7.24207003150877e-06
-0.941558318481323,-0.48112878757605,0.00020520650091127,0.001396153277677,-6.32585765973767e-06
-0.941558318481323,-0.48112878757605,0.00020520650091127,0.001396153277677,-6.32585765973767e-06
-0.941353111980411,-0.479732634298373,0.000232636658569429,0.00138543147586456,-5.39252126720421e-06
-0.941353111980411,-0.479732634298373,0.000232636658569429,0.00138543147586456,-5.39252126720421e-06
-0.941120475321842,-0.478347202822508,0.000260918893636219,0.00137489616900999,-4.44557836284378e-06
-0.941120475321842,-0.478347202822508,0.000260918893636219,0.00137489616900999,-4.44557836284378e-06
-0.940859556428206,-0.476972306653498,0.000289997234992234,0.00136451343566885,-3.48931261155857e-06
-0.940859556428206,-0.476972306653498,0.000289997234992234,0.00136451343566885,-3.48931261155857e-06
-0.940569559193213,-0.475607793217829,0.000319811837461548,0.00135424989142235,-2.52871279903606e-06
-0.940569559193213,-0.475607793217829,0.000319811837461548,0.00135424989142235,-2.52871279903606e-06
-0.940249747355752,-0.474253543326407,0.000350299250768571,0.00134407284071281,-1.56938711694276e-06
-0.940249747355752,-0.474253543326407,0.000350299250768571,0.00134407284071281,-1.56938711694276e-06
-0.939899448104983,-0.472909470485694,0.000381392716381379,0.00133395043298606,-6.17454776929505e-07
-0.939899448104983,-0.472909470485694,0.000381392716381379,0.00133395043298606,-6.17454776929505e-07
-0.939518055388602,-0.471575520052708,0.000413022490989845,0.00132385182291689,3.20581968504471e-07
-0.939518055388602,-0.471575520052708,0.000413022490989845,0.00132385182291689,3.20581968504471e-07
-0.939105032897612,-0.470251668229791,0.000445116195174289,0.00131374733448819,1.23798118471905e-06
-0.939105032897612,-0.470251668229791,0.000445116195174289,0.00131374733448819,1.23798118471905e-06
-0.938659916702438,-0.468937920895303,0.000477599185629063,0.00130360862858858,2.12791499047769e-06
-0.938659916702438,-0.468937920895303,0.000477599185629063,0.00130360862858858,2.12791499047769e-06
-0.938182317516809,-0.467634312266714,0.000510394949107984,0.00129340887370899,2.98362818874952e-06
-0.938182317516809,-0.467634312266714,0.000510394949107984,0.00129340887370899,2.98362818874952e-06
-0.937671922567701,-0.466340903393005,0.000543425516093987,0.00128312291925725,3.79859610352804e-06
-0.937671922567701,-0.466340903393005,0.000543425516093987,0.00128312291925725,3.79859610352804e-06
-0.937128497051607,-0.465057780473748,0.000576611892021184,0.00127272747090346,4.56667609526605e-06
-0.937128497051607,-0.465057780473748,0.000576611892021184,0.00127272747090346,4.56667609526605e-06
-0.936551885159586,-0.463785053002845,0.000609874503725183,0.00126220126722038,5.28224785433114e-06
-0.936551885159586,-0.463785053002845,0.000609874503725183,0.00126220126722038,5.28224785433114e-06
-0.93594201065586,-0.462522851735624,0.00064313365864388,0.00125152525685041,5.94033825322931e-06
-0.93594201065586,-0.462522851735624,0.00064313365864388,0.00125152525685041,5.94033825322931e-06
-0.935298876997216,-0.461271326478774,0.000676310014171788,0.00124068277526695,6.53672759357536e-06
-0.935298876997216,-0.461271326478774,0.000676310014171788,0.00124068277526695,6.53672759357536e-06
-0.934622566983045,-0.460030643703507,0.000709325054464638,0.00122965972011091,7.0680351572179e-06
-0.934622566983045,-0.460030643703507,0.000709325054464638,0.00122965972011091,7.0680351572179e-06
-0.93391324192858,-0.458800983983396,0.000742101571883813,0.00121844472400168,7.53178300748314e-06
-0.93391324192858,-0.458800983983396,0.000742101571883813,0.00121844472400168,7.53178300748314e-06
-0.933171140356696,-0.457582539259394,0.000774564150199719,0.00120702932358296,7.92643801997392e-06
-0.933171140356696,-0.457582539259394,0.000774564150199719,0.00120702932358296,7.92643801997392e-06
-0.932396576206497,-0.456375509935811,0.000806639646614982,0.00119540812346058,8.2514330872396e-06
-0.932396576206497,-0.456375509935811,0.000806639646614982,0.00119540812346058,8.2514330872396e-06
-0.931589936559882,-0.455180101812351,0.000838257669635523,0.00118357895370935,8.5071689823774e-06
-0.931589936559882,-0.455180101812351,0.000838257669635523,0.00118357895370935,8.5071689823774e-06
-0.930751678890246,-0.453996522858641,0.000869351049804901,0.00117154301948674,8.69499893629117e-06
-0.930751678890246,-0.453996522858641,0.000869351049804901,0.00117154301948674,8.69499893629117e-06
-0.929882327840441,-0.452824979839155,0.000899856300325963,0.00115930504125078,8.81719827009776e-06
-0.929882327840441,-0.452824979839155,0.000899856300325963,0.00115930504125078,8.81719827009776e-06
-0.928982471540115,-0.451665674797904,0.000929714064607956,0.00114687338405028,8.8769215750423e-06
-0.928982471540115,-0.451665674797904,0.000929714064607956,0.00114687338405028,8.8769215750423e-06
-0.928052757475507,-0.450518801413854,0.000958869547850516,0.00113426017434426,8.87814989114044e-06
-0.928052757475507,-0.450518801413854,0.000958869547850516,0.00113426017434426,8.87814989114044e-06
-0.927093887927657,-0.449384541239509,0.000987272929840022,0.00112148140280266,8.82563025307896e-06
-0.927093887927657,-0.449384541239509,0.000987272929840022,0.00112148140280266,8.82563025307896e-06
-0.926106614997817,-0.448263059836707,0.00101487975623415,0.00110855701159901,8.72480972560286e-06
-0.926106614997817,-0.448263059836707,0.00101487975623415,0.00110855701159901,8.72480972560286e-06
-0.925091735241583,-0.447154502825108,0.00104165130572664,0.00109551096472843,8.58176584863854e-06
-0.925091735241583,-0.447154502825108,0.00104165130572664,0.00109551096472843,8.58176584863854e-06
-0.924050083935856,-0.446058991860379,0.00106755493061872,0.0010823712999844,8.40313511970333e-06
-0.924050083935856,-0.446058991860379,0.00106755493061872,0.0010823712999844,8.40313511970333e-06
-0.922982529005237,-0.444976620560395,0.00109256436848293,0.00106917016130281,8.19604088759889e-06
-0.922982529005237,-0.444976620560395,0.00109256436848293,0.00106917016130281,8.19604088759889e-06
-0.921889964636754,-0.443907450399092,0.00111666002277233,0.00105594381029228,7.96802179398167e-06
-0.921889964636754,-0.443907450399092,0.00111666002277233,0.00105594381029228,7.96802179398167e-06
-0.920773304613982,-0.4428515065888,0.00113982921041078,0.00104273261590954,7.72696175606801e-06
-0.920773304613982,-0.4428515065888,0.00113982921041078,0.00104273261590954,7.72696175606801e-06
-0.919633475403571,-0.44180877397289,0.00116206637461336,0.00102958102149509,7.48102210141655e-06
-0.919633475403571,-0.44180877397289,0.00116206637461336,0.00102958102149509,7.48102210141655e-06
-0.918471409028958,-0.440779192951395,0.00118337326137163,0.00101653748842595,7.23857647444252e-06
-0.918471409028958,-0.440779192951395,0.00118337326137163,0.00101653748842595,7.23857647444252e-06
-0.917288035767586,-0.439762655462969,0.00120375905826275,0.00100365441591721,7.00814891707656e-06
-0.917288035767586,-0.439762655462969,0.00120375905826275,0.00100365441591721,7.00814891707656e-06
-0.916084276709323,-0.438759001047052,0.00122324049444977,0.000990988036711493,6.79835537693678e-06
-0.916084276709323,-0.438759001047052,0.00122324049444977,0.000990988036711493,6.79835537693678e-06
-0.914861036214874,-0.43776801301034,0.00124184190094834,0.000978598288576993,6.61784886083557e-06
-0.914861036214874,-0.43776801301034,0.00124184190094834,0.000978598288576993,6.61784886083557e-06
-0.913619194313925,-0.436789414721763,0.00125959523047114,0.000966548661801847,6.47526827139049e-06
-0.913619194313925,-0.436789414721763,0.00125959523047114,0.000966548661801847,6.47526827139049e-06
-0.912359599083454,-0.435822866059962,0.0012765400363649,0.000954906023055979,6.3791909020415e-06
-0.912359599083454,-0.435822866059962,0.0012765400363649,0.000954906023055979,6.3791909020415e-06
-0.911083059047089,-0.434867960036906,0.00129272341036157,0.000943740416215977,6.33808849385205e-06
-0.911083059047089,-0.434867960036906,0.00129272341036157,0.000943740416215977,6.33808849385205e-06
-0.909790335636728,-0.43392421962069,0.00130819987908526,0.000933124840986455,6.36028660945466e-06
-0.909790335636728,-0.43392421962069,0.00130819987908526,0.000933124840986455,6.36028660945466e-06
-0.908482135757642,-0.432991094779703,0.001323031259444,0.000923135010333753,6.45392700648287e-06
-0.908482135757642,-0.432991094779703,0.001323031259444,0.000923135010333753,6.45392700648287e-06
-0.907159104498198,-0.432067959769369,0.00133728647325859,0.000913849087908369,6.62693261352051e-06
-0.907159104498198,-0.432067959769369,0.00133728647325859,0.000913849087908369,6.62693261352051e-06
-0.90582181802494,-0.431154110681461,0.00135104132167119,0.000905347406858714,6.88697455223535e-06
-0.90582181802494,-0.431154110681461,0.00135104132167119,0.000905347406858714,6.88697455223535e-06
-0.904470776703269,-0.430248763274602,0.00136437822006596,0.00089771217155088,7.24144056210943e-06
-0.904470776703269,-0.430248763274602,0.00136437822006596,0.00089771217155088,7.24144056210943e-06
-0.903106398483203,-0.429351051103051,0.00137738589442338,0.000891027143816614,7.697404145228e-06
-0.903106398483203,-0.429351051103051,0.00137738589442338,0.000891027143816614,7.697404145228e-06
-0.901729012588779,-0.428460023959235,0.00139015904022199,0.000885377315519353,8.26159361701521e-06
-0.901729012588779,-0.428460023959235,0.00139015904022199,0.000885377315519353,8.26159361701521e-06
-0.900338853548557,-0.427574646643716,0.00140279794518472,0.00088084856927434,8.94036023565948e-06
-0.900338853548557,-0.427574646643716,0.00140279794518472,0.00088084856927434,8.94036023565948e-06
-0.898936055603373,-0.426693798074441,0.0014154080773483,0.000877527329222416,9.73964459969538e-06
-0.898936055603373,-0.426693798074441,0.0014154080773483,0.000877527329222416,9.73964459969538e-06
-0.897520647526024,-0.425816270745219,0.00142809964011603,0.000875500203818602,1.06649405260063e-05
-0.897520647526024,-0.425816270745219,0.00142809964011603,0.000875500203818602,1.06649405260063e-05
-0.896092547885908,-0.4249407705414,0.00144098709612228,0.000874853622580329,1.17212558279312e-05
-0.896092547885908,-0.4249407705414,0.00144098709612228,0.000874853622580329,1.17212558279312e-05
-0.894651560789786,-0.42406591691882,0.00145418866189972,0.000875673468862193,1.2913069481006e-05
-0.894651560789786,-0.42406591691882,0.00145418866189972,0.000875673468862193,1.2913069481006e-05
-0.893197372127886,-0.423190243449958,0.00146782577551896,0.000878044710538595,1.42442850900428e-05
-0.893197372127886,-0.423190243449958,0.00146782577551896,0.000878044710538595,1.42442850900428e-05
-0.891729546352367,-0.422312198739419,0.00148202253953678,0.00088205103056449,1.57181808265261e-05
-0.891729546352367,-0.422312198739419,0.00148202253953678,0.00088205103056449,1.57181808265261e-05
-0.89024752381283,-0.421430147708855,0.00149690514171952,0.000887774459328972,1.73373564388364e-05
-0.89024752381283,-0.421430147708855,0.00149690514171952,0.000887774459328972,1.73373564388364e-05
-0.888750618671111,-0.420542373249526,0.00151260125617647,0.000895295010619079,1.9103678359026e-05
-0.888750618671111,-0.420542373249526,0.00151260125617647,0.000895295010619079,1.9103678359026e-05
-0.887238017414934,-0.419647078238907,0.00152923942765515,0.000904690322931001,2.10182244131329e-05
-0.887238017414934,-0.419647078238907,0.00152923942765515,0.000904690322931001,2.10182244131329e-05
-0.885708777987279,-0.418742387915976,0.00154694844189229,0.000916035307795326,2.30812300009546e-05
-0.885708777987279,-0.418742387915976,0.00154694844189229,0.000916035307795326,2.30812300009546e-05
-0.884161829545387,-0.41782635260818,0.00156585668500853,0.000929401806677999,2.52920379685227e-05
-0.884161829545387,-0.41782635260818,0.00156585668500853,0.000929401806677999,2.52920379685227e-05
-0.882595972860378,-0.416896950801502,0.00158609149503786,0.000944858257944714,2.76490545316106e-05
-0.882595972860378,-0.416896950801502,0.00158609149503786,0.000944858257944714,2.76490545316106e-05
-0.881009881365341,-0.415952092543557,0.0016077785087556,0.000962469375215436,3.0149713711922e-05
-0.881009881365341,-0.415952092543557,0.0016077785087556,0.000962469375215436,3.0149713711922e-05
-0.879402102856585,-0.414989623168342,0.00163104100703337,0.000982295838406366,3.27904524760952e-05
-0.879402102856585,-0.414989623168342,0.00163104100703337,0.000982295838406366,3.27904524760952e-05
-0.877771061849552,-0.414007327329936,0.00165599926199156,0.00100439399851715,3.55666985622513e-05
-0.877771061849552,-0.414007327329936,0.00165599926199156,0.00100439399851715,3.55666985622513e-05
-0.87611506258756,-0.413002933331419,0.00168276988924743,0.00102881559725654,3.84728723218757e-05
-0.87611506258756,-0.413002933331419,0.00168276988924743,0.00102881559725654,3.84728723218757e-05
-0.874432292698313,-0.411974117734162,0.00171146520856247,0.00105560750237965,4.15024033529931e-05
-0.874432292698313,-0.411974117734162,0.00171146520856247,0.00105560750237965,4.15024033529931e-05
-0.87272082748975,-0.410918510231782,0.00174219261618691,0.00108481145958023,4.46477618998311e-05
-0.87272082748975,-0.410918510231782,0.00174219261618691,0.00108481145958023,4.46477618998311e-05
-0.870978634873563,-0.409833698772202,0.0017750539721717,0.00111646386162734,4.7900504311776e-05
-0.870978634873563,-0.409833698772202,0.0017750539721717,0.00111646386162734,4.7900504311776e-05
-0.869203580901392,-0.408717234910575,0.00181014500587295,0.00115059553539743,5.12513311186824e-05
-0.869203580901392,-0.408717234910575,0.00181014500587295,0.00115059553539743,5.12513311186824e-05
-0.867393435895519,-0.407566639375177,0.00184755474282527,0.00118723154729045,5.46901557914722e-05
-0.867393435895519,-0.407566639375177,0.00184755474282527,0.00118723154729045,5.46901557914722e-05
-0.865545881152693,-0.406379407827887,0.00188736495607111,0.00122639102753319,5.82061818291267e-05
-0.865545881152693,-0.406379407827887,0.00188736495607111,0.00122639102753319,5.82061818291267e-05
-0.863658516196622,-0.405153016800354,0.00192964964496634,0.00126808701375725,6.17879856071378e-05
-0.863658516196622,-0.405153016800354,0.00192964964496634,0.00126808701375725,6.17879856071378e-05
-0.861728866551656,-0.403884929786596,0.00197447454435984,0.00131232631417511,6.54236024601623e-05
-0.861728866551656,-0.403884929786596,0.00197447454435984,0.00131232631417511,6.54236024601623e-05
-0.859754392007296,-0.402572603472421,0.00202189666693275,0.0013591093906492,6.91006136350905e-05
-0.859754392007296,-0.402572603472421,0.00202189666693275,0.0013591093906492,6.91006136350905e-05
-0.857732495340363,-0.401213494081772,0.00207196388134689,0.00140843026191423,7.28062320615613e-05
-0.857732495340363,-0.401213494081772,0.00207196388134689,0.00140843026191423,7.28062320615613e-05
-0.855660531459016,-0.399805063819858,0.00212471452870988,0.00146027642716051,7.65273852974362e-05
-0.855660531459016,-0.399805063819858,0.00212471452870988,0.00146027642716051,7.65273852974362e-05
-0.853535816930307,-0.398344787392697,0.0021801770796942,0.00151462881015851,8.02507944796561e-05
-0.853535816930307,-0.398344787392697,0.0021801770796942,0.00151462881015851,8.02507944796561e-05
-0.851355639850612,-0.396830158582539,0.00223836983446013,0.00157146172411327,8.39630485208512e-05
-0.851355639850612,-0.396830158582539,0.00223836983446013,0.00157146172411327,8.39630485208512e-05
-0.849117270016152,-0.395258696858426,0.00229930066734174,0.00163074285735387,8.7650673300888e-05
-0.849117270016152,-0.395258696858426,0.00229930066734174,0.00163074285735387,8.7650673300888e-05
-0.84681796934881,-0.393627954001072,0.00236296681804338,0.00169243328005392,9.13001957922929e-05
-0.84681796934881,-0.393627954001072,0.00236296681804338,0.00169243328005392,9.13001957922929e-05
-0.844455002530767,-0.391935520721018,0.00242935473086336,0.00175648747199575,9.48982034490254e-05
-0.844455002530767,-0.391935520721018,0.00242935473086336,0.00175648747199575,9.48982034490254e-05
-0.842025647799904,-0.390179033249022,0.00249843994322352,0.00182285337141486,9.84313993584751e-05
-0.842025647799904,-0.390179033249022,0.00249843994322352,0.00182285337141486,9.84313993584751e-05
-0.83952720785668,-0.388356179877607,0.00257018702453349,0.00189147244495408,0.000101886653690179
-0.83952720785668,-0.388356179877607,0.00257018702453349,0.00189147244495408,0.000101886653690179
-0.836957020832147,-0.386464707432653,0.0026445495661418,0.0019622797786531,0.000105251052060606
-0.836957020832147,-0.386464707432653,0.0026445495661418,0.0019622797786531,0.000105251052060606
-0.834312471266005,-0.384502427654,0.00272147022286495,0.00203520418984804,0.000108511941422171
-0.834312471266005,-0.384502427654,0.00272147022286495,0.00203520418984804,0.000108511941422171
-0.83159100104314,-0.382467223464152,0.00280088080631413,0.00211016835982913,0.000111656973951924
-0.83159100104314,-0.382467223464152,0.00280088080631413,0.00211016835982913,0.000111656973951924
-0.828790120236826,-0.380357055104323,0.00288270242994659,0.00218708898698194,0.000114674149360728
-0.828790120236826,-0.380357055104323,0.00288270242994659,0.00218708898698194,0.000114674149360728
-0.825907417806879,-0.378169966117341,0.00296684570548744,0.00226587696005826,0.000117551855917556
-0.825907417806879,-0.378169966117341,0.00296684570548744,0.00226587696005826,0.000117551855917556
-0.822940572101392,-0.375904089157283,0.00305321099007372,0.0023464375511229,0.000120278910399115
-0.822940572101392,-0.375904089157283,0.00305321099007372,0.0023464375511229,0.000120278910399115
-0.819887361111318,-0.37355765160616,0.00314168868320575,0.00242867062762969,0.0001228445970812
-0.819887361111318,-0.37355765160616,0.00314168868320575,0.00242867062762969,0.0001228445970812
-0.816745672428112,-0.37112898097853,0.00323215957228007,0.00251247088306433,0.00012523870568079
-0.816745672428112,-0.37112898097853,0.00323215957228007,0.00251247088306433,0.00012523870568079
-0.813513512855832,-0.368616510095466,0.00332449522520972,0.00259772808534392,0.000127451568237855
-0.813513512855832,-0.368616510095466,0.00332449522520972,0.00259772808534392,0.000127451568237855
-0.810189017630623,-0.366018782010122,0.00341855842835126,0.00268432734221219,0.000129474094735169
-0.810189017630623,-0.366018782010122,0.00341855842835126,0.00268432734221219,0.000129474094735169
-0.806770459202271,-0.36333445466791,0.00351420366768618,0.00277214938270837,0.000131297807223293
-0.806770459202271,-0.36333445466791,0.00351420366768618,0.00277214938270837,0.000131297807223293
-0.803256255534585,-0.360562305285201,0.00361127765093372,0.00286107085367365,0.000132914872275184
-0.803256255534585,-0.360562305285201,0.00361127765093372,0.00286107085367365,0.000132914872275184
-0.799644977883651,-0.357701234431528,0.00370961986802776,0.00295096463028116,0.00013431813146669
-0.799644977883651,-0.357701234431528,0.00370961986802776,0.00295096463028116,0.00013431813146669
-0.795935358015624,-0.354750269801246,0.0038090631871508,0.00304170013944044,0.000135501129588891
-0.795935358015624,-0.354750269801246,0.0038090631871508,0.00304170013944044,0.000135501129588891
-0.792126294828473,-0.351708569661806,0.00390943448328096,0.00313314369484752,0.000136458140378006
-0.792126294828473,-0.351708569661806,0.00390943448328096,0.00313314369484752,0.000136458140378006
-0.788216860345192,-0.348575425966959,0.00401055529601724,0.00322515884246716,0.000137184189456093
-0.788216860345192,-0.348575425966959,0.00401055529601724,0.00322515884246716,0.000137184189456093
-0.784206305049175,-0.345350267124491,0.00411224251324882,0.00331760671512749,0.000137675074270196
-0.784206305049175,-0.345350267124491,0.00411224251324882,0.00331760671512749,0.000137675074270196
-0.780094062535926,-0.342032660409364,0.00421430907707832,0.00341034639490451,0.000137927380837173
-0.780094062535926,-0.342032660409364,0.00421430907707832,0.00341034639490451,0.000137927380837173
-0.775879753458848,-0.338622314014459,0.00431656470827824,0.00350323528196977,0.000137938497041004
-0.775879753458848,-0.338622314014459,0.00431656470827824,0.00350323528196977,0.000137938497041004
-0.771563188750569,-0.33511907873249,0.0044188166454211,0.00359612946847954,0.000137706622370531
-0.771563188750569,-0.33511907873249,0.0044188166454211,0.00359612946847954,0.000137706622370531
-0.767144372105148,-0.33152294926401,0.00452087039475146,0.00368888411612167,0.000137230773975625
-0.767144372105148,-0.33152294926401,0.00452087039475146,0.00368888411612167,0.000137230773975625
-0.762623501710397,-0.327834065147888,0.0046225304867995,0.00378135383594325,0.000136510788951926
-0.762623501710397,-0.327834065147888,0.0046225304867995,0.00378135383594325,0.000136510788951926
-0.758000971223597,-0.324052711311945,0.00472360123568949,0.00387339306909834,0.000135547322751778
-0.758000971223597,-0.324052711311945,0.00472360123568949,0.00387339306909834,0.000135547322751778
-0.753277369987908,-0.320179318242847,0.00482388749709073,0.00396485646709055,0.000134341843733413
-0.753277369987908,-0.320179318242847,0.00482388749709073,0.00396485646709055,0.000134341843733413
-0.748453482490817,-0.316214461775756,0.0049231954207839,0.00405559927014881,0.000132896623852583
-0.748453482490817,-0.316214461775756,0.0049231954207839,0.00405559927014881,0.000132896623852583
-0.743530287070033,-0.312158862505607,0.00502133319385478,0.00414547768239731,0.000131214725554924
-0.743530287070033,-0.312158862505607,0.00502133319385478,0.00414547768239731,0.000131214725554924
-0.738508953876178,-0.30801338482321,0.00511811177060084,0.00423434924253296,0.000129299984899622
-0.738508953876178,-0.30801338482321,0.00511811177060084,0.00423434924253296,0.000129299984899622
-0.733390842105577,-0.303779035580677,0.00521334558533759,0.00432207318868782,0.00012715699104432
-0.733390842105577,-0.303779035580677,0.00521334558533759,0.00432207318868782,0.00012715699104432
-0.72817749652024,-0.299456962391989,0.00530685324442159,0.00440851081622917,0.000124791062227801
-0.72817749652024,-0.299456962391989,0.00530685324442159,0.00440851081622917,0.000124791062227801
-0.722870643275818,-0.29504845157576,0.0053984581939498,0.00449352582730983,0.000122208218401242
-0.722870643275818,-0.29504845157576,0.0053984581939498,0.00449352582730983,0.000122208218401242
-0.717472185081868,-0.29055492574845,0.00548798935977701,0.00457698467100798,0.000119415150669272
-0.717472185081868,-0.29055492574845,0.00548798935977701,0.00457698467100798,0.000119415150669272
-0.711984195722091,-0.285977941077442,0.00557528175667477,0.00465875687293188,0.000116419187763355
-0.711984195722091,-0.285977941077442,0.00557528175667477,0.00465875687293188,0.000116419187763355
-0.706408913965417,-0.28131918420451,0.00566017706369659,0.00473871535321807,0.000113228259776974
-0.706408913965417,-0.28131918420451,0.00566017706369659,0.00473871535321807,0.000113228259776974
-0.70074873690172,-0.276580468851292,0.00574252416302135,0.00481673673195254,0.000109850859405341
-0.70074873690172,-0.276580468851292,0.00574252416302135,0.00481673673195254,0.000109850859405341
-0.695006212738699,-0.27176373211934,0.00582217963981757,0.0048927016210833,0.000106296000900046
-0.695006212738699,-0.27176373211934,0.00582217963981757,0.0048927016210833,0.000106296000900046
-0.689184033098881,-0.266871030498257,0.00589900824090739,0.00496649490192125,0.00010257317705538
-0.689184033098881,-0.266871030498257,0.00589900824090739,0.00496649490192125,0.00010257317705538
-0.683285024857974,-0.261904535596335,0.00597288329030909,0.00503800598743986,9.86923144703257e-05
-0.683285024857974,-0.261904535596335,0.00597288329030909,0.00503800598743986,9.86923144703257e-05
-0.677312141567665,-0.256866529608895,0.00604368706000424,0.00510712906862298,9.46637274125174e-05
-0.677312141567665,-0.256866529608895,0.00604368706000424,0.00510712906862298,9.46637274125174e-05
-0.67126845450766,-0.251759400540272,0.00611131109456398,0.00517376334424954,9.04980705184362e-05
-0.67126845450766,-0.251759400540272,0.00611131109456398,0.00517376334424954,9.04980705184362e-05
-0.665157143413097,-0.246585637196023,0.00617565648855778,0.00523781323350059,8.62062906336371e-05
-0.665157143413097,-0.246585637196023,0.00617565648855778,0.00523781323350059,8.62062906336371e-05
-0.658981486924539,-0.241347823962522,0.00623663411595465,0.0052991885708811,8.17995781225191e-05
-0.658981486924539,-0.241347823962522,0.00623663411595465,0.0052991885708811,8.17995781225191e-05
-0.652744852808584,-0.236048635391641,0.00629416481102452,0.00535780478308384,7.72893178658859e-05
-0.652744852808584,-0.236048635391641,0.00629416481102452,0.00535780478308384,7.72893178658859e-05
-0.64645068799756,-0.230690830608557,0.0063481795005359,0.005413583047398,7.26870403011341e-05
-0.64645068799756,-0.230690830608557,0.0063481795005359,0.005413583047398,7.26870403011341e-05
-0.640102508497024,-0.225277247561159,0.00639861928734298,0.00546645043144448,6.80043727512621e-05
-0.640102508497024,-0.225277247561159,0.00639861928734298,0.00546645043144448,6.80043727512621e-05
-0.633703889209681,-0.219810797129715,0.0064454354857183,0.00551634001407256,6.32529913299346e-05
-0.633703889209681,-0.219810797129715,0.0064454354857183,0.00551634001407256,6.32529913299346e-05
-0.627258453723962,-0.214294457115642,0.00648858960907095,0.0055631909873492,5.84445736702341e-05
-0.627258453723962,-0.214294457115642,0.00648858960907095,0.0055631909873492,5.84445736702341e-05
-0.620769864114891,-0.208731266128293,0.00652805331094908,0.00560694873963896,5.35907527236344e-05
-0.620769864114891,-0.208731266128293,0.00652805331094908,0.00560694873963896,5.35907527236344e-05
-0.614241810803942,-0.203124317388654,0.00656380828047909,0.00564756491984922,4.87030718822005e-05
-0.614241810803942,-0.203124317388654,0.00656380828047909,0.00564756491984922,4.87030718822005e-05
-0.607678002523463,-0.197476752468805,0.00659584609364183,0.00568499748301191,4.3792941645188e-05
-0.607678002523463,-0.197476752468805,0.00659584609364183,0.00568499748301191,4.3792941645188e-05
-0.601082156429821,-0.191791754985793,0.00662416802199728,0.00571921071746834,3.88715980483151e-05
-0.601082156429821,-0.191791754985793,0.00662416802199728,0.00571921071746834,3.88715980483151e-05
-0.594457988407824,-0.186072544268325,0.0066487848006912,0.00575017525400634,3.3950063023527e-05
-0.594457988407824,-0.186072544268325,0.0066487848006912,0.00575017525400634,3.3950063023527e-05
-0.587809203607133,-0.180322369014318,0.00666971635778757,0.005777868057323,2.90391068601317e-05
-0.587809203607133,-0.180322369014318,0.00666971635778757,0.005777868057323,2.90391068601317e-05
-0.581139487249345,-0.174544500956995,0.00668699150713159,0.0058022724002772,2.41492129839094e-05
-0.581139487249345,-0.174544500956995,0.00668699150713159,0.0058022724002772,2.41492129839094e-05
-0.574452495742214,-0.168742228556718,0.00670064760714195,0.00582337782152356,1.92905451388246e-05
-0.574452495742214,-0.168742228556718,0.00670064760714195,0.00582337782152356,1.92905451388246e-05
-0.567751848135072,-0.162918850735195,0.00671073018806057,0.00584118006712431,1.44729171313324e-05
-0.567751848135072,-0.162918850735195,0.00671073018806057,0.00584118006712431,1.44729171313324e-05
-0.561041117947011,-0.15707767066807,0.00671729255034503,0.00585568101682846,9.70576523868193e-06
-0.561041117947011,-0.15707767066807,0.00671729255034503,0.00585568101682846,9.70576523868193e-06
-0.554323825396666,-0.151221989651242,0.00672039533698721,0.00586688859578383,4.99812330041587e-06
-0.554323825396666,-0.151221989651242,0.00672039533698721,0.00586688859578383,4.99812330041587e-06
-0.547603430059679,-0.145355101055458,0.00672010608265805,0.0058748166723806,3.5860064694429e-07
-0.547603430059679,-0.145355101055458,0.00672010608265805,0.0058748166723806,3.5860064694429e-07
-0.540883323977021,-0.139480284383077,0.00671649874264879,0.00587948494312182,-4.2046371585263e-06
-0.540883323977021,-0.139480284383077,0.00671649874264879,0.00587948494312182,-4.2046371585263e-06
-0.534166825234372,-0.133600799439956,0.00670965320464634,0.00588091880534738,-8.68388471609791e-06
-0.534166825234372,-0.133600799439956,0.00670965320464634,0.00588091880534738,-8.68388471609791e-06
-0.527457172029726,-0.127719880634608,0.00669965478642798,0.00587914921870671,-1.30719103493965e-05
-0.527457172029726,-0.127719880634608,0.00669965478642798,0.00587914921870671,-1.30719103493965e-05
-0.520757517243298,-0.121840731415902,0.00668659372258862,0.00587421255625367,-1.73619668462667e-05
-0.520757517243298,-0.121840731415902,0.00668659372258862,0.00587421255625367,-1.73619668462667e-05
-0.514070923520709,-0.115966518859648,0.00667056464342342,0.00586615044605392,-2.15477993829403e-05
-0.514070923520709,-0.115966518859648,0.00667056464342342,0.00586615044605392,-2.15477993829403e-05
-0.507400358877286,-0.110100368413594,0.00665166604908862,0.00585500960424246,-2.56236507346786e-05
-0.507400358877286,-0.110100368413594,0.00665166604908862,0.00585500960424246,-2.56236507346786e-05
-0.500748692828197,-0.104245358809351,0.00662999978213852,0.00584084166039438,-2.95842638217674e-05
-0.500748692828197,-0.104245358809351,0.00662999978213852,0.00584084166039438,-2.95842638217674e-05
-0.494118693046059,-0.0984045171489571,0.00660567050149657,0.00582370297609358,-3.34248817009802e-05
-0.494118693046059,-0.0984045171489571,0.00660567050149657,0.00582370297609358,-3.34248817009802e-05
-0.487513022544562,-0.0925808141728635,0.00657878516085608,0.00580365445753818,-3.71412451042417e-05
-0.487513022544562,-0.0925808141728635,0.00657878516085608,0.00580365445753818,-3.71412451042417e-05
-0.480934237383706,-0.0867771597153253,0.00654945249442485,0.00578076136300411,-4.07295876637629e-05
-0.480934237383706,-0.0867771597153253,0.00654945249442485,0.00578076136300411,-4.07295876637629e-05
-0.474384784889281,-0.0809963983523212,0.00651778251286023,0.00575509310589602,-4.41866289013718e-05
-0.474384784889281,-0.0809963983523212,0.00651778251286023,0.00575509310589602,-4.41866289013718e-05
-0.467867002376421,-0.0752413052464252,0.00648388601210603,0.0057267230541847,-4.75095652058884e-05
-0.467867002376421,-0.0752413052464252,0.00648388601210603,0.0057267230541847,-4.75095652058884e-05
-0.461383116364315,-0.0695145821922405,0.00644787409772291,0.00569572832685533,-5.06960589005435e-05
-0.461383116364315,-0.0695145821922405,0.00644787409772291,0.00569572832685533,-5.06960589005435e-05
-0.454935242266592,-0.0638188538653852,0.00640985772715885,0.00566218958802038,-5.37442256095897e-05
-0.454935242266592,-0.0638188538653852,0.00640985772715885,0.00566218958802038,-5.37442256095897e-05
-0.448525384539433,-0.0581566642773648,0.00636994727225293,0.00562619083921898,-5.66526200576588e-05
-0.448525384539433,-0.0581566642773648,0.00636994727225293,0.00562619083921898,-5.66526200576588e-05
-0.44215543726718,-0.0525304734381458,0.00632825210408478,0.00558781921042635,-5.94202204286833e-05
-0.44215543726718,-0.0525304734381458,0.00632825210408478,0.00558781921042635,-5.94202204286833e-05
-0.435827185163095,-0.0469426542277195,0.00628488020211637,0.00554716475028155,-6.20464115258703e-05
-0.435827185163095,-0.0469426542277195,0.00628488020211637,0.00554716475028155,-6.20464115258703e-05
-0.429542304960979,-0.0413954894774379,0.00623993778935544,0.00550432021589867,-6.4530966914788e-05
-0.429542304960979,-0.0413954894774379,0.00623993778935544,0.00550432021589867,-6.4530966914788e-05
-0.423302367171624,-0.0358911692615393,0.00619352899506487,0.00545938086254685,-6.68740301292131e-05
-0.423302367171624,-0.0358911692615393,0.00619352899506487,0.00545938086254685,-6.68740301292131e-05
-0.417108838176559,-0.0304317883989924,0.00614575554633517,0.00541244423354895,-6.90760951229802e-05
-0.417108838176559,-0.0304317883989924,0.00614575554633517,0.00541244423354895,-6.90760951229802e-05
-0.410963082630224,-0.0250193441654435,0.00609671648963001,0.00536360995064395,-7.1137986182114e-05
-0.410963082630224,-0.0250193441654435,0.00609671648963001,0.00536360995064395,-7.1137986182114e-05
-0.404866366140594,-0.0196557342147995,0.0060465079431663,0.00531297950493949,-7.306083738335e-05
-0.404866366140594,-0.0196557342147995,0.0060465079431663,0.00531297950493949,-7.306083738335e-05
-0.398819858197427,-0.01434275470986,0.00599522288078064,0.00526065604860151,-7.48460717541182e-05
-0.398819858197427,-0.01434275470986,0.00599522288078064,0.00526065604860151,-7.48460717541182e-05
-0.392824635316647,-0.00908209866125852,0.00594295094769753,0.00520674418736092,-7.64953802386819e-05
-0.392824635316647,-0.00908209866125852,0.00594295094769753,0.00520674418736092,-7.64953802386819e-05
-0.386881684368949,-0.0038753544738976,0.00588977830838378,0.00515134977391287,-7.80107006036288e-05
-0.386881684368949,-0.0038753544738976,0.00588977830838378,0.00515134977391287,-7.80107006036288e-05
-0.380991906060565,0.00127599530001527,0.00583578752643965,0.00509457970222896,-7.93941964107644e-05
-0.380991906060565,0.00127599530001527,0.00583578752643965,0.00509457970222896,-7.93941964107644e-05
-0.375156118534126,0.00637057500224423,0.005781057476271,0.00503654170271949,-8.06482361225104e-05
-0.375156118534126,0.00637057500224423,0.005781057476271,0.00503654170271949,-8.06482361225104e-05
-0.369375061057855,0.0114071167049637,0.00572566328603669,0.0049773441382384,-8.17753724110864e-05
-0.369375061057855,0.0114071167049637,0.00572566328603669,0.0049773441382384,-8.17753724110864e-05
-0.363649397771818,0.0163844608432021,0.00566967631116266,0.00491709580091616,-8.27783218118518e-05
-0.363649397771818,0.0163844608432021,0.00566967631116266,0.00491709580091616,-8.27783218118518e-05
-0.357979721460655,0.0213015566441183,0.00561316413749996,0.00485590570970683,-8.36599447358111e-05
-0.357979721460655,0.0213015566441183,0.00561316413749996,0.00485590570970683,-8.36599447358111e-05
-0.352366557323155,0.0261574623538251,0.00555619061299484,0.00479388290862456,-8.44232259536743e-05
-0.352366557323155,0.0261574623538251,0.00555619061299484,0.00479388290862456,-8.44232259536743e-05
-0.346810366710161,0.0309513452624497,0.00549881590654089,0.00473113626558256,-8.50712556153066e-05
-0.346810366710161,0.0309513452624497,0.00549881590654089,0.00473113626558256,-8.50712556153066e-05
-0.34131155080362,0.0356824815280322,0.00544109659248643,0.00466777427176614,-8.56072108878312e-05
-0.34131155080362,0.0356824815280322,0.00544109659248643,0.00466777427176614,-8.56072108878312e-05
-0.335870454211133,0.0403502557997984,0.00538308575908958,0.00460390484145757,-8.60343382382963e-05
-0.335870454211133,0.0403502557997984,0.00538308575908958,0.00460390484145757,-8.60343382382963e-05
-0.330487368452044,0.0449541606412559,0.00532483313906518,0.00453963511228341,-8.63559364657337e-05
-0.330487368452044,0.0449541606412559,0.00532483313906518,0.00453963511228341,-8.63559364657337e-05
-0.325162535312979,0.0494937957535393,0.00526638526018802,0.00447507124584436,-8.65753405454531e-05
-0.325162535312979,0.0494937957535393,0.00526638526018802,0.00447507124584436,-8.65753405454531e-05
-0.31989615005279,0.0539688669993837,0.00520778561379742,0.00441031822869474,-8.6695906333826e-05
-0.31989615005279,0.0539688669993837,0.00520778561379742,0.00441031822869474,-8.6695906333826e-05
-0.314688364438993,0.0583791852280784,0.00514907483891491,0.0043454796737106,-8.67209962175167e-05
-0.314688364438993,0.0583791852280784,0.00514907483891491,0.0043454796737106,-8.67209962175167e-05
-0.309539289600078,0.062724664901789,0.00509029091959246,0.00428065762188524,-8.66539657596839e-05
-0.309539289600078,0.062724664901789,0.00509029091959246,0.00428065762188524,-8.66539657596839e-05
-0.304448998680486,0.0670053225236743,0.00503146939303356,0.00421595234464667,-8.64981514427602e-05
-0.304448998680486,0.0670053225236743,0.00503146939303356,0.00421595234464667,-8.64981514427602e-05
-0.299417529287452,0.0712212748683209,0.0049726435659615,0.004151462146797,-8.62568595843454e-05
-0.299417529287452,0.0712212748683209,0.0049726435659615,0.004151462146797,-8.62568595843454e-05
-0.294444885721491,0.0753727370151179,0.00491384473666723,0.00408728317021539,-8.59333564490706e-05
-0.294444885721491,0.0753727370151179,0.00491384473666723,0.00408728317021539,-8.59333564490706e-05
-0.289531040984823,0.0794600201853333,0.00485510242017906,0.00402350919856154,-8.55308596984265e-05
-0.289531040984823,0.0794600201853333,0.00485510242017906,0.00402350919856154,-8.55308596984265e-05
-0.284675938564644,0.0834835293838949,0.00479644457398526,0.00396023146318138,-8.50525311681914e-05
-0.284675938564644,0.0834835293838949,0.00479644457398526,0.00396023146318138,-8.50525311681914e-05
-0.279879493990659,0.0874437608470763,0.00473789782179534,0.0038975384505691,-8.45014711243833e-05
-0.279879493990659,0.0874437608470763,0.00473789782179534,0.0038975384505691,-8.45014711243833e-05
-0.275141596168864,0.0913412992976454,0.00467948767285825,0.0038355157116922,-8.3880714033667e-05
-0.275141596168864,0.0913412992976454,0.00467948767285825,0.0038355157116922,-8.3880714033667e-05
-0.270462108496005,0.0951768150093376,0.0046212387344674,0.00377424567354537,-8.3193225867831e-05
-0.270462108496005,0.0951768150093376,0.0046212387344674,0.00377424567354537,-8.3193225867831e-05
-0.265840869761538,0.0989510606828829,0.004563174915378,0.00371380745342213,-8.24419030098977e-05
-0.265840869761538,0.0989510606828829,0.004563174915378,0.00371380745342213,-8.24419030098977e-05
-0.26127769484616,0.102664868136305,0.00450531961799017,0.00365427667641494,-8.16295728132011e-05
-0.26127769484616,0.102664868136305,0.00450531961799017,0.00365427667641494,-8.16295728132011e-05
-0.25677237522817,0.10631914481272,0.00444769591728839,0.00359572529669874,-8.07589958507051e-05
-0.25677237522817,0.10631914481272,0.00444769591728839,0.00359572529669874,-8.07589958507051e-05
-0.252324679310882,0.109914870109419,0.00439032672470066,0.00353822142317727,-7.98328698224443e-05
-0.252324679310882,0.109914870109419,0.00439032672470066,0.00353822142317727,-7.98328698224443e-05
-0.247934352586181,0.113453091532596,0.00433323493523072,0.00348182915017921,-7.8853835177888e-05
-0.247934352586181,0.113453091532596,0.00433323493523072,0.00348182915017921,-7.8853835177888e-05
-0.24360111765095,0.116934920682775,0.004276443556402,0.0034266083938527,-7.78244823857865e-05
-0.24360111765095,0.116934920682775,0.004276443556402,0.0034266083938527,-7.78244823857865e-05
-0.239324674094548,0.120361529076628,0.00421997581777386,0.00337261473499996,-7.67473608154282e-05
-0.239324674094548,0.120361529076628,0.00421997581777386,0.00337261473499996,-7.67473608154282e-05
-0.235104698276774,0.123734143811628,0.00416385525998569,0.00331989926914508,-7.5624989169791e-05
-0.235104698276774,0.123734143811628,0.00416385525998569,0.00331989926914508,-7.5624989169791e-05
-0.230940843016789,0.127054043080773,0.00410810580253385,0.00326850846461432,-7.44598673865929e-05
-0.230940843016789,0.127054043080773,0.00410810580253385,0.00326850846461432,-7.44598673865929e-05
-0.226832737214255,0.130322551545387,0.00405275178970607,0.00321848402942917,-7.32544898539092e-05
-0.226832737214255,0.130322551545387,0.00405275178970607,0.00321848402942917,-7.32544898539092e-05
-0.222779985424549,0.133541035574816,0.00399781801435348,0.00316986278785131,-7.20113598010608e-05
-0.222779985424549,0.133541035574816,0.00399781801435348,0.00316986278785131,-7.20113598010608e-05
-0.218782167410195,0.136710898362668,0.00394332971939651,0.00312267656742909,-7.07330046974932e-05
-0.218782167410195,0.136710898362668,0.00394332971939651,0.00312267656742909,-7.07330046974932e-05
-0.214838837690799,0.139833574930097,0.00388931257719685,0.00307695209736683,-6.94219924132211e-05
-0.214838837690799,0.139833574930097,0.00388931257719685,0.00307695209736683,-6.94219924132211e-05
-0.210949525113602,0.142910527027464,0.00383579264716352,0.00303271091906987,-6.80809479074625e-05
-0.210949525113602,0.142910527027464,0.00383579264716352,0.00303271091906987,-6.80809479074625e-05
-0.207113732466438,0.145943237946534,0.00378279631219824,0.00298996930966144,-6.67125701631155e-05
-0.207113732466438,0.145943237946534,0.00378279631219824,0.00298996930966144,-6.67125701631155e-05
-0.20333093615424,0.148933207256195,0.00373035019476925,0.0029487382192844,-6.53196490623745e-05
-0.20333093615424,0.148933207256195,0.00373035019476925,0.0029487382192844,-6.53196490623745e-05
-0.199600585959471,0.151881945475479,0.00367848105363408,0.00290902322292463,-6.39050818172712e-05
-0.199600585959471,0.151881945475479,0.00367848105363408,0.00290902322292463,-6.39050818172712e-05
-0.195922104905837,0.154790968698404,0.00362721566241148,0.002870824487545,-6.24718886245981e-05
-0.195922104905837,0.154790968698404,0.00362721566241148,0.002870824487545,-6.24718886245981e-05
-0.192294889243425,0.157661793185949,0.00357658067137817,0.00283413675522093,-6.10232271358721e-05
-0.192294889243425,0.157661793185949,0.00357658067137817,0.00283413675522093,-6.10232271358721e-05
-0.188718308572047,0.16049592994117,0.00352660245404587,0.0027989493429354,-5.95624053191307e-05
-0.188718308572047,0.16049592994117,0.00352660245404587,0.0027989493429354,-5.95624053191307e-05
-0.185191706118001,0.163294879284105,0.00347730694020923,0.00276524615968576,-5.80928923091893e-05
-0.185191706118001,0.163294879284105,0.00347730694020923,0.00276524615968576,-5.80928923091893e-05
-0.181714399177792,0.166060125443791,0.00342871943729725,0.00273300574147156,-5.66183268301086e-05
-0.181714399177792,0.166060125443791,0.00342871943729725,0.00273300574147156,-5.66183268301086e-05
-0.178285679740495,0.168793131185263,0.00338086444195665,0.00270220130470269,-5.51425227837028e-05
-0.178285679740495,0.168793131185263,0.00338086444195665,0.00270220130470269,-5.51425227837028e-05
-0.174904815298538,0.171495332489965,0.00333376544391309,0.00267280081848525,-5.36694716439983e-05
-0.174904815298538,0.171495332489965,0.00333376544391309,0.00267280081848525,-5.36694716439983e-05
-0.171571049854625,0.174168133308451,0.00328744472420978,0.0026447670961757,-5.22033412712897e-05
-0.171571049854625,0.174168133308451,0.00328744472420978,0.0026447670961757,-5.22033412712897e-05
-0.168283605130415,0.176812900404626,0.00324192314999119,0.00261805790657835,-5.07484708920985e-05
-0.168283605130415,0.176812900404626,0.00324192314999119,0.00261805790657835,-5.07484708920985e-05
-0.165041681980424,0.179430958311205,0.00319721996803979,0.00259262610501618,-4.93093620447839e-05
-0.165041681980424,0.179430958311205,0.00319721996803979,0.00259262610501618,-4.93093620447839e-05
-0.161844462012384,0.182023584416221,0.00315335259926194,0.00256841978440689,-4.78906652869471e-05
-0.161844462012384,0.182023584416221,0.00315335259926194,0.00256841978440689,-4.78906652869471e-05
-0.158691109413122,0.184592004200628,0.00311033643635508,0.00254538244641223,-4.64971626314842e-05
-0.158691109413122,0.184592004200628,0.00311033643635508,0.00254538244641223,-4.64971626314842e-05
-0.155580772976767,0.18713738664704,0.00306818464683567,0.00252345319260494,-4.51337456762353e-05
-0.155580772976767,0.18713738664704,0.00306818464683567,0.00252345319260494,-4.51337456762353e-05
-0.152512588329932,0.189660839839645,0.00302690798356903,0.0025025669355781,-4.38053895965643e-05
-0.152512588329932,0.189660839839645,0.00302690798356903,0.0025025669355781,-4.38053895965643e-05
-0.149485680346363,0.192163406775223,0.00298651460491597,0.00248265462969041,-4.25171231638009e-05
-0.149485680346363,0.192163406775223,0.00298651460491597,0.00248265462969041,-4.25171231638009e-05
-0.146499165741447,0.194646061404913,0.00294700990649721,0.00246364352116255,-4.12739951361368e-05
-0.146499165741447,0.194646061404913,0.00294700990649721,0.00246364352116255,-4.12739951361368e-05
-0.143552155834949,0.197109704926076,0.00290839636651097,0.00244545741704494,-4.00810374052169e-05
-0.143552155834949,0.197109704926076,0.00290839636651097,0.00244545741704494,-4.00810374052169e-05
-0.140643759468438,0.199555162343121,0.00287067340641767,0.00242801697252354,-3.89432254037955e-05
-0.140643759468438,0.199555162343121,0.00287067340641767,0.00242801697252354,-3.89432254037955e-05
-0.137773086062021,0.201983179315644,0.00283383726867162,0.00241123999591572,-3.78654362986324e-05
-0.137773086062021,0.201983179315644,0.00283383726867162,0.00241123999591572,-3.78654362986324e-05
-0.134939248793349,0.20439441931156,0.00279788091305383,0.00239504177065653,-3.68524056825179e-05
-0.134939248793349,0.20439441931156,0.00279788091305383,0.00239504177065653,-3.68524056825179e-05
-0.132141367880295,0.206789461082217,0.0027627939330126,0.00237933539333562,-3.59086833545794e-05
-0.132141367880295,0.206789461082217,0.0027627939330126,0.00237933539333562,-3.59086833545794e-05
-0.129378573947283,0.209168796475552,0.00272856249324438,0.00236403212688643,-3.50385889587215e-05
-0.129378573947283,0.209168796475552,0.00272856249324438,0.00236403212688643,-3.50385889587215e-05
-0.126650011454038,0.211532828602439,0.00269516928957515,0.00234904176781645,-3.42461681387971e-05
-0.126650011454038,0.211532828602439,0.00269516928957515,0.00234904176781645,-3.42461681387971e-05
-0.123954842164463,0.213881870370255,0.0026625935320424,0.00233427302631412,-3.35351498984651e-05
-0.123954842164463,0.213881870370255,0.0026625935320424,0.00233427302631412,-3.35351498984651e-05
-0.121292248632421,0.216216143396569,0.00263081095186503,0.00231963391800169,-3.2908905886456e-05
-0.121292248632421,0.216216143396569,0.00263081095186503,0.00231963391800169,-3.2908905886456e-05
-0.118661437680556,0.218535777314571,0.00259979383281293,0.00230503216589162,-3.23704121985117e-05
-0.118661437680556,0.218535777314571,0.00259979383281293,0.00230503216589162,-3.23704121985117e-05
-0.116061643847743,0.220840809480463,0.00256951106728616,0.00229037561104475,-3.19222142542569e-05
-0.116061643847743,0.220840809480463,0.00256951106728616,0.00229037561104475,-3.19222142542569e-05
-0.113492132780457,0.223131185091507,0.00253992823722428,0.0022755726303092,-3.15663952302663e-05
-0.113492132780457,0.223131185091507,0.00253992823722428,0.0022755726303092,-3.15663952302663e-05
-0.110952204543232,0.225406757721817,0.00251100771976097,0.00226053255942518,-3.13045484609436e-05
-0.110952204543232,0.225406757721817,0.00251100771976097,0.00226053255942518,-3.13045484609436e-05
-0.108441196823471,0.227667290281242,0.0024827088173249,0.00224516611968392,-3.11377541362574e-05
-0.108441196823471,0.227667290281242,0.0024827088173249,0.00224516611968392,-3.11377541362574e-05
-0.105958488006146,0.229912456400926,0.00245498791170032,0.00222938584620458,-3.10665605260814e-05
-0.105958488006146,0.229912456400926,0.00245498791170032,0.00222938584620458,-3.10665605260814e-05
-0.103503500094446,0.23214184224713,0.00242779864136149,0.00221310651581239,-3.10909698851584e-05
-0.103503500094446,0.23214184224713,0.00242779864136149,0.00221310651581239,-3.10909698851584e-05
-0.101075701453085,0.234354948762943,0.00240109210117836,0.00219624557243933,-3.12104290758858e-05
-0.101075701453085,0.234354948762943,0.00240109210117836,0.00219624557243933,-3.12104290758858e-05
-0.0986746093519063,0.236551194335382,0.0023748170634208,0.00217872354792681,-3.142382495646e-05
-0.0986746093519063,0.236551194335382,0.0023748170634208,0.00217872354792681,-3.142382495646e-05
-0.0962997922884855,0.238729917883309,0.0023489202187867,0.0021604644759993,-3.17294844187862e-05
-0.0962997922884855,0.238729917883309,0.0023489202187867,0.0021604644759993,-3.17294844187862e-05
-0.0939508720696988,0.240890382359308,0.00232334643602332,0.00214139629718776,-3.21251789677894e-05
-0.0939508720696988,0.240890382359308,0.00232334643602332,0.00214139629718776,-3.21251789677894e-05
-0.0916275256336755,0.243031778656496,0.00229803903853057,0.0021214512524507,-3.26081336399198e-05
-0.0916275256336755,0.243031778656496,0.00229803903853057,0.0021214512524507,-3.26081336399198e-05
-0.0893294865951449,0.245153229908947,0.00227294009620303,0.00210056626325913,-3.31750400788468e-05
-0.0893294865951449,0.245153229908947,0.00227294009620303,0.00210056626325913,-3.31750400788468e-05
-0.0870565464989419,0.247253796172206,0.00224799073060987,0.00207868329590721,-3.38220735563704e-05
-0.0870565464989419,0.247253796172206,0.00224799073060987,0.00207868329590721,-3.38220735563704e-05
-0.084808555768332,0.249332479468113,0.00222313143149859,0.00205574970779676,-3.45449136584224e-05
-0.084808555768332,0.249332479468113,0.00222313143149859,0.00205574970779676,-3.45449136584224e-05
-0.0825854243368334,0.25138822917591,0.00219830238249762,0.00203171857353895,-3.5338768406076e-05
-0.0825854243368334,0.25138822917591,0.00219830238249762,0.00203171857353895,-3.5338768406076e-05
-0.0803871219543358,0.253419947749449,0.00217344379378427,0.00200654898875496,-3.61984015637838e-05
-0.0803871219543358,0.253419947749449,0.00217344379378427,0.00200654898875496,-3.61984015637838e-05
-0.0782136781605515,0.255426496738204,0.00214849623941883,0.00198020634950813,-3.71181629099915e-05
-0.0782136781605515,0.255426496738204,0.00214849623941883,0.00198020634950813,-3.71181629099915e-05
-0.0760651819211327,0.257406703087712,0.00212340099698036,0.00195266260535415,-3.8092021211536e-05
-0.0760651819211327,0.257406703087712,0.00212340099698036,0.00195266260535415,-3.8092021211536e-05
-0.0739417809241523,0.259359365693066,0.00209810038708498,0.00192389648413205,-3.91135997153879e-05
-0.0739417809241523,0.259359365693066,0.00209810038708498,0.00192389648413205,-3.91135997153879e-05
-0.0718436805370674,0.261283262177198,0.00207253811032333,0.00189389368668291,-4.01762139680757e-05
-0.0718436805370674,0.261283262177198,0.00207253811032333,0.00189389368668291,-4.01762139680757e-05
-0.069771142426744,0.263177155863881,0.00204665957915305,0.00186264704975209,-4.1272911764114e-05
-0.069771142426744,0.263177155863881,0.00204665957915305,0.00186264704975209,-4.1272911764114e-05
-0.067724482847591,0.265039802913633,0.00202041224226998,0.00183015667547076,-4.23965150399418e-05
-0.067724482847591,0.265039802913633,0.00202041224226998,0.00183015667547076,-4.23965150399418e-05
-0.065704070605321,0.266869959589104,0.00199374589899709,0.00179643002594421,-4.35396635276447e-05
-0.065704070605321,0.266869959589104,0.00199374589899709,0.00179643002594421,-4.35396635276447e-05
-0.0637103247063239,0.268666389615048,0.00196661300128811,0.00176148198160186,-4.46948600424046e-05
-0.0637103247063239,0.268666389615048,0.00196661300128811,0.00176148198160186,-4.46948600424046e-05
-0.0617437117050358,0.27042787159665,0.00193896894098234,0.00172533486205906,-4.58545171905834e-05
-0.0617437117050358,0.27042787159665,0.00193896894098234,0.00172533486205906,-4.58545171905834e-05
-0.0598047427640534,0.272153206458709,0.00191077232003396,0.00168801840844163,-4.70110053427675e-05
-0.0598047427640534,0.272153206458709,0.00191077232003396,0.00168801840844163,-4.70110053427675e-05
-0.0578939704440195,0.27384122486715,0.00188198520153179,0.00164956972625935,-4.815670164126e-05
-0.0578939704440195,0.27384122486715,0.00188198520153179,0.00164956972625935,-4.815670164126e-05
-0.0560119852424877,0.27549079459341,0.00185257333946104,0.00161003318813069,-4.92840398608079e-05
-0.0560119852424877,0.27549079459341,0.00185257333946104,0.00161003318813069,-4.92840398608079e-05
-0.0541594119030267,0.27710082778154,0.00182250638526676,0.00156946029584826,-5.03855608712188e-05
-0.0541594119030267,0.27710082778154,0.00182250638526676,0.00156946029584826,-5.03855608712188e-05
-0.0523369055177599,0.278670288077389,0.00179175806947526,0.00152790950147397,-5.14539634930435e-05
-0.0523369055177599,0.278670288077389,0.00179175806947526,0.00152790950147397,-5.14539634930435e-05
-0.0505451474482846,0.280198197578863,0.00176030635675823,0.00148544598736516,-5.24821554290585e-05
-0.0505451474482846,0.280198197578863,0.00176030635675823,0.00148544598736516,-5.24821554290585e-05
-0.0487848410915264,0.281683643566228,0.00172813357304637,0.00144214140529925,-5.3463304027699e-05
-0.0487848410915264,0.281683643566228,0.00172813357304637,0.00144214140529925,-5.3463304027699e-05
-0.04705670751848,0.283125784971527,0.00169522650347635,0.00139807357505922,-5.4390886497968e-05
-0.04705670751848,0.283125784971527,0.00169522650347635,0.00139807357505922,-5.4390886497968e-05
-0.0453614810150037,0.284523858546586,0.00166157646015885,0.00135332614320149,-5.52587392484301e-05
-0.0453614810150037,0.284523858546586,0.00166157646015885,0.00135332614320149,-5.52587392484301e-05
-0.0436999045548448,0.285877184689788,0.00162717931898788,0.00130798820295197,-5.60611060354834e-05
-0.0436999045548448,0.285877184689788,0.00162717931898788,0.00130798820295197,-5.60611060354834e-05
-0.042072725235857,0.28718517289274,0.00159203552492222,0.0012621538763774,-5.67926844497594e-05
-0.042072725235857,0.28718517289274,0.00159203552492222,0.0012621538763774,-5.67926844497594e-05
-0.0404806897109347,0.288447326769117,0.00155615006542729,0.00121592186033614,-5.7448670308665e-05
-0.0404806897109347,0.288447326769117,0.00155615006542729,0.00121592186033614,-5.7448670308665e-05
-0.0389245396455074,0.289663248629453,0.0015195324119741,0.00116939493803481,-5.80247995307247e-05
-0.0389245396455074,0.289663248629453,0.0015195324119741,0.00116939493803481,-5.80247995307247e-05
-0.0374050072335333,0.290832643567488,0.00148219642974821,0.00112267945822425,-5.85173869535843e-05
-0.0374050072335333,0.290832643567488,0.00148219642974821,0.00112267945822425,-5.85173869535843e-05
-0.0359228108037851,0.291955323025712,0.00144416025596424,0.00107588478442566,-5.89233616384371e-05
-0.0359228108037851,0.291955323025712,0.00144416025596424,0.00107588478442566,-5.89233616384371e-05
-0.0344786505478209,0.293031207810138,0.00140544614740463,0.00102912271677263,-5.9240298102564e-05
-0.0344786505478209,0.293031207810138,0.00140544614740463,0.00102912271677263,-5.9240298102564e-05
-0.0330732044004163,0.294060330526911,0.00136608029806735,0.000982506889293244,-5.94664428670082e-05
-0.0330732044004163,0.294060330526911,0.00136608029806735,0.000982506889293244,-5.94664428670082e-05
-0.0317071241023489,0.295042837416204,0.00132609262803696,0.000936152145759039,-5.96007357446331e-05
-0.0317071241023489,0.295042837416204,0.00132609262803696,0.000936152145759039,-5.96007357446331e-05
-0.0303810314743119,0.295978989561963,0.00128551654493824,0.000890173897365287,-5.96428252151596e-05
-0.0303810314743119,0.295978989561963,0.00128551654493824,0.000890173897365287,-5.96428252151596e-05
-0.0290955149293737,0.296869163459328,0.00124438867954807,0.000844687465716754,-5.95930771611047e-05
-0.0290955149293737,0.296869163459328,0.00124438867954807,0.000844687465716754,-5.95930771611047e-05
-0.0278511262498256,0.297713850925045,0.00120274859737649,0.000799807414798737,-5.94525762486204e-05
-0.0278511262498256,0.297713850925045,0.00120274859737649,0.000799807414798737,-5.94525762486204e-05
-0.0266483776524491,0.298513658339844,0.00116063848822598,0.000755646875731375,-5.92231191957825e-05
-0.0266483776524491,0.298513658339844,0.00116063848822598,0.000755646875731375,-5.92231191957825e-05
-0.0254877391642232,0.299269305215575,0.00111810283593236,0.000712316868155982,-5.89071990425493e-05
-0.0254877391642232,0.299269305215575,0.00111810283593236,0.000712316868155982,-5.89071990425493e-05
-0.0243696363282908,0.299981622083731,0.00107518807067565,0.000669925622224843,-5.85079794652792e-05
-0.0243696363282908,0.299981622083731,0.00107518807067565,0.000669925622224843,-5.85079794652792e-05
-0.0232944482576151,0.300651547705956,0.00103194220640117,0.000628577905265104,-5.80292581543441e-05
-0.0232944482576151,0.300651547705956,0.00103194220640117,0.000628577905265104,-5.80292581543441e-05
-0.022262506051214,0.301280125611221,0.000988414466021954,0.000588374357096966,-5.74754179722941e-05
-0.022262506051214,0.301280125611221,0.000988414466021954,0.000588374357096966,-5.74754179722941e-05
-0.021274091585192,0.301868499968318,0.000944654897192254,0.000549410838118325,-5.68513645301993e-05
-0.021274091585192,0.301868499968318,0.000944654897192254,0.000549410838118325,-5.68513645301993e-05
-0.0203294366879998,0.302417910806436,0.000900713981511928,0.000511777794126422,-5.61624483515746e-05
-0.0203294366879998,0.302417910806436,0.000900713981511928,0.000511777794126422,-5.61624483515746e-05
-0.0194287227064878,0.302929688600563,0.000856642240127138,0.000475559641784085,-5.54143692544157e-05
-0.0194287227064878,0.302929688600563,0.000856642240127138,0.000475559641784085,-5.54143692544157e-05
-0.0185720804663607,0.303405248242347,0.000812489838698128,0.000440834178634553,-5.46130597183453e-05
-0.0185720804663607,0.303405248242347,0.000812489838698128,0.000440834178634553,-5.46130597183453e-05
-0.0177595906276626,0.303846082420981,0.000768306194723473,0.00040767202140668,-5.37645424940294e-05
-0.0177595906276626,0.303846082420981,0.000768306194723473,0.00040767202140668,-5.37645424940294e-05
-0.0169912844329391,0.304253754442388,0.000724139590211077,0.00037613607624265,-5.2874755360472e-05
-0.0169912844329391,0.304253754442388,0.000724139590211077,0.00037613607624265,-5.2874755360472e-05
-0.016267144842728,0.304629890518631,0.000680036792644428,0.000346281044255659,-5.19493318567083e-05
-0.016267144842728,0.304629890518631,0.000680036792644428,0.000346281044255659,-5.19493318567083e-05
-0.0155871080500836,0.304976171562886,0.000636042687140516,0.000318152965670615,-5.09933200111563e-05
-0.0155871080500836,0.304976171562886,0.000636042687140516,0.000318152965670615,-5.09933200111563e-05
-0.0149510653629431,0.305294324528557,0.000592199922617501,0.000291788805627302,-5.00108093999213e-05
-0.0149510653629431,0.305294324528557,0.000592199922617501,0.000291788805627302,-5.00108093999213e-05
-0.0143588654403256,0.305586113334184,0.000548548574697832,0.000267216084443023,-4.90044162062588e-05
-0.0143588654403256,0.305586113334184,0.000548548574697832,0.000267216084443023,-4.90044162062588e-05
-0.0138103168656277,0.305853329418627,0.000505125827932962,0.000244452554960861,-4.79745387733155e-05
-0.0138103168656277,0.305853329418627,0.000505125827932962,0.000244452554960861,-4.79745387733155e-05
-0.0133051910376948,0.306097781973588,0.000461965679818297,0.000223505929322687,-4.69182271227056e-05
-0.0133051910376948,0.306097781973588,0.000461965679818297,0.000223505929322687,-4.69182271227056e-05
-0.0128432253578765,0.306321287902911,0.000419098668907131,0.000204373657223089,-4.58273774564118e-05
-0.0128432253578765,0.306321287902911,0.000419098668907131,0.000204373657223089,-4.58273774564118e-05
-0.0124241266889694,0.306525661560134,0.000376551629157151,0.000187042757430644,-4.46856990535292e-05
-0.0124241266889694,0.306525661560134,0.000376551629157151,0.000187042757430644,-4.46856990535292e-05
-0.0120475750598122,0.306712704317565,0.000334347472479974,0.000171489704068828,-4.34633554684009e-05
-0.0120475750598122,0.306712704317565,0.000334347472479974,0.000171489704068828,-4.34633554684009e-05
-0.0117132275873322,0.306884194021633,0.000292505001240447,0.000157680368844559,-4.21070077419237e-05
-0.0117132275873322,0.306884194021633,0.000292505001240447,0.000157680368844559,-4.21070077419237e-05
-0.0114207225860918,0.307041874390478,0.000251038752287575,0.000145570020118391,-4.05203769387763e-05
-0.0114207225860918,0.307041874390478,0.000251038752287575,0.000145570020118391,-4.05203769387763e-05
-0.0111696838338042,0.307187444410596,0.000209958873846929,0.000135103379373613,-3.85245903280109e-05
-0.0111696838338042,0.307187444410596,0.000209958873846929,0.000135103379373613,-3.85245903280109e-05
-0.0109597249599573,0.30732254778997,0.000169271036401054,0.000126214735321262,-3.57753840090594e-05
-0.0109597249599573,0.30732254778997,0.000169271036401054,0.000126214735321262,-3.57753840090594e-05
-0.0107904539235562,0.307448762525291,0.000128976378466792,0.000118828115585501,-3.1598553728409e-05
-0.0107904539235562,0.307448762525291,0.000128976378466792,0.000118828115585501,-3.1598553728409e-05
-0.0106614775450894,0.307567590640877,8.90714879311326e-05,0.000112857515575104,-2.47606249240919e-05
-0.0106614775450894,0.307567590640877,8.90714879311326e-05,0.000112857515575104,-2.47606249240919e-05
-0.0105724060571583,0.307680448156452,4.95484193922986e-05,0.000108207183865339,-1.37255865590791e-05
-0.0105724060571583,0.307680448156452,4.95484193922986e-05,0.000108207183865339,-1.37255865590791e-05
-0.010522857637766,0.307788655340317,1.03947477009068e-05,0.000104771963041372,1.01698961520909e-06
-0.010522857637766,0.307788655340317,1.03947477009068e-05,0.000104771963041372,1.01698961520909e-06
-0.0105124628900651,0.307893427303359,-2.84063423197523e-05,0.000102437684705081,1.48984915936727e-05
-0.0105124628900651,0.307893427303359,-2.84063423197523e-05,0.000102437684705081,1.48984915936727e-05
-0.0105408692323848,0.307995864988064,-6.68759302330374e-05,0.000101081616997012,2.4222220423481e-05
-0.0105408692323848,0.307995864988064,-6.68759302330374e-05,0.000101081616997012,2.4222220423481e-05
-0.0106077451626179,0.308096946605061,-0.000105039198924656,0.000100572962686674,2.94556326394057e-05
-0.0106077451626179,0.308096946605061,-0.000105039198924656,0.000100572962686674,2.94556326394057e-05
-0.0107127843615425,0.308197519567747,-0.000142925238808043,0.000100773405670052,3.22779416982791e-05
-0.0107127843615425,0.308197519567747,-0.000142925238808043,0.000100773405670052,3.22779416982791e-05
-0.0108557096003506,0.308298292973417,-0.000180566818247,0.000101537703377341,3.38284441954108e-05
-0.0108557096003506,0.308298292973417,-0.000180566818247,0.000101537703377341,3.38284441954108e-05
-0.0110362764185976,0.308399830676795,-0.000218000121346554,0.000102714322345321,3.47064324679587e-05
-0.0110362764185976,0.308399830676795,-0.000218000121346554,0.000102714322345321,3.47064324679587e-05
-0.0112542765399441,0.30850254499914,-0.000255264454459224,0.000104146113940218,3.52178573264277e-05
-0.0112542765399441,0.30850254499914,-0.000255264454459224,0.000104146113940218,3.52178573264277e-05
-0.0115095409944034,0.30860669111308,-0.000292401922964447,0.000105671027100296,3.55247352081525e-05
-0.0115095409944034,0.30860669111308,-0.000292401922964447,0.000105671027100296,3.55247352081525e-05
-0.0118019429173678,0.308712362140181,-0.000329457080077878,0.000107122854615838,3.57178681607487e-05
-0.0118019429173678,0.308712362140181,-0.000329457080077878,0.000107122854615838,3.57178681607487e-05
-0.0121313999974457,0.308819484994796,-0.000366476549603399,0.000108332009306267,3.58515429049189e-05
-0.0121313999974457,0.308819484994796,-0.000366476549603399,0.000108332009306267,3.58515429049189e-05
-0.0124978765470491,0.308927817004103,-0.000403508624749133,0.000109126326296116,3.59606145944496e-05
-0.0124978765470491,0.308927817004103,-0.000403508624749133,0.000109126326296116,3.59606145944496e-05
-0.0129013851717982,0.309036943330399,-0.000440602845273993,0.000109331887426289,3.60692931270347e-05
-0.0129013851717982,0.309036943330399,-0.000440602845273993,0.000109331887426289,3.60692931270347e-05
-0.0133419880170722,0.309146275217825,-0.00047780955539165,0.00010877386366509,3.61958562898627e-05
-0.0133419880170722,0.309146275217825,-0.00047780955539165,0.00010877386366509,3.61958562898627e-05
-0.0138197975724639,0.30925504908149,-0.000515179444993533,0.000107277371305114,3.63552633684826e-05
-0.0138197975724639,0.30925504908149,-0.000515179444993533,0.000107277371305114,3.63552633684826e-05
-0.0143349770174574,0.309362326452795,-0.00055276307689929,0.000104668337615244,3.65606294792305e-05
-0.0143349770174574,0.309362326452795,-0.00055276307689929,0.000104668337615244,3.65606294792305e-05
-0.0148877400943567,0.309466994790411,-0.000590610402955112,0.00010077437152084,3.68240480825067e-05
-0.0148877400943567,0.309466994790411,-0.000590610402955112,0.00010077437152084,3.68240480825067e-05
-0.0154783504973118,0.309567769161931,-0.000628770271908087,9.54256348448812e-05,3.71570198164502e-05
-0.0154783504973118,0.309567769161931,-0.000628770271908087,9.54256348448812e-05,3.71570198164502e-05
-0.0161071207692199,0.309663194796776,-0.000667289932099042,8.8455709663593e-05,3.75706304444429e-05
-0.0161071207692199,0.309663194796776,-0.000667289932099042,8.8455709663593e-05,3.75706304444429e-05
-0.0167744107013189,0.30975165050644,-0.0007062145320927,7.97024572460336e-05,3.80755610763925e-05
-0.0167744107013189,0.30975165050644,-0.0007062145320927,7.97024572460336e-05,3.80755610763925e-05
-0.0174806252334116,0.309831352963686,-0.000745586622427956,6.90088641057129e-05,3.86819824212801e-05
-0.0174806252334116,0.309831352963686,-0.000745586622427956,6.90088641057129e-05,3.86819824212801e-05
-0.0182262118558396,0.309900361827792,-0.000785445661744145,5.62238707230156e-05,3.93993682466054e-05
-0.0182262118558396,0.309900361827792,-0.000785445661744145,5.62238707230156e-05,3.93993682466054e-05
-0.0190116575175837,0.309956585698515,-0.000825827530576528,4.12031786020117e-05,4.02362546606382e-05
-0.0190116575175837,0.309956585698515,-0.000825827530576528,4.12031786020117e-05,4.02362546606382e-05
-0.0198374850481603,0.309997788877117,-0.000866764056154004,2.38100313610934e-05,4.11999675686936e-05
-0.0198374850481603,0.309997788877117,-0.000866764056154004,2.38100313610934e-05,4.11999675686936e-05
-0.0207042491043143,0.310021598908478,-0.000908282551544438,3.91596567833608e-06,4.22963385661646e-05
-0.0207042491043143,0.310021598908478,-0.000908282551544438,3.91596567833608e-06,4.22963385661646e-05
-0.0216125316558587,0.310025514874156,-0.00095040537248528,-1.85984719737187e-05,4.35294283531539e-05
-0.0216125316558587,0.310025514874156,-0.00095040537248528,-1.85984719737187e-05,4.35294283531539e-05
-0.022562937028344,0.310006916402182,-0.000993149495242519,-4.38430466453421e-05,4.49012755202405e-05
-0.022562937028344,0.310006916402182,-0.000993149495242519,-4.38430466453421e-05,4.49012755202405e-05
-0.0235560865235865,0.309963073355537,-0.00103652611877383,-7.19171980019251e-05,4.64116869329642e-05
-0.0235560865235865,0.309963073355537,-0.00103652611877383,-7.19171980019251e-05,4.64116869329642e-05
-0.0245926126423603,0.309891156157535,-0.00108054029443195,-0.000102909448701838,4.80580834567985e-05
-0.0245926126423603,0.309891156157535,-0.00108054029443195,-0.000102909448701838,4.80580834567985e-05
-0.0256731529367923,0.309788246708833,-0.00112519058636786,-0.000136896861323843,4.9835411428513e-05
-0.0256731529367923,0.309788246708833,-0.00112519058636786,-0.000136896861323843,4.9835411428513e-05
-0.0267983435231601,0.309651349847509,-0.0011704687656853,-0.000173944546906002,5.1736126222198e-05
-0.0267983435231601,0.309651349847509,-0.0011704687656853,-0.000173944546906002,5.1736126222198e-05
-0.0279688122888454,0.309477405300603,-0.00121635954128451,-0.000214105227867467,5.37502496955888e-05
-0.0279688122888454,0.309477405300603,-0.00121635954128451,-0.000214105227867467,5.37502496955888e-05
-0.0291851718301299,0.309263300072736,-0.00126284033015991,-0.000257418857808389,5.58654987546795e-05
-0.0291851718301299,0.309263300072736,-0.00126284033015991,-0.000257418857808389,5.58654987546795e-05
-0.0304480121602899,0.309005881214928,-0.00130988106974367,-0.000303912300464004,5.80674780289896e-05
-0.0304480121602899,0.309005881214928,-0.00130988106974367,-0.000303912300464004,5.80674780289896e-05
-0.0317578932300335,0.308701968914463,-0.00135744407467384,-0.000353599069730148,6.03399262126033e-05
-0.0317578932300335,0.308701968914463,-0.00135744407467384,-0.000353599069730148,6.03399262126033e-05
-0.0331153373047074,0.308348369844733,-0.00140548394013584,-0.000406479132364024,6.26650032202907e-05
-0.0331153373047074,0.308348369844733,-0.00140548394013584,-0.000406479132364024,6.26650032202907e-05
-0.0345208212448432,0.307941890712369,-0.00145394749363853,-0.000462538774682109,6.50236041534122e-05
-0.0345208212448432,0.307941890712369,-0.00145394749363853,-0.000462538774682109,6.50236041534122e-05
-0.0359747687384817,0.307479351937687,-0.0015027737968259,-0.000521750534171861,6.7395686054565e-05
-0.0359747687384817,0.307479351937687,-0.0015027737968259,-0.000521750534171861,6.7395686054565e-05
-0.0374775425353076,0.306957601403515,-0.00155189419858091,-0.000584073196631008,6.97605945284164e-05
-0.0374775425353076,0.306957601403515,-0.00155189419858091,-0.000584073196631008,6.97605945284164e-05
-0.0390294367338885,0.306373528206884,-0.00160123244034977,-0.000649451859102756,7.20973791886201e-05
-0.0390294367338885,0.306373528206884,-0.00160123244034977,-0.000649451859102756,7.20973791886201e-05
-0.0406306691742383,0.305724076347782,-0.00165070481427179,-0.000717818058574016,7.43850891795721e-05
-0.0406306691742383,0.305724076347782,-0.00165070481427179,-0.000717818058574016,7.43850891795721e-05
-0.0422813739885101,0.305006258289208,-0.00170022037432412,-0.00078908996598076,7.66030425968746e-05
-0.0422813739885101,0.305006258289208,-0.00170022037432412,-0.00078908996598076,7.66030425968746e-05
-0.0439815943628342,0.304217168323227,-0.00174968120029801,-0.000863172644787191,7.87310660342198e-05
-0.0439815943628342,0.304217168323227,-0.00174968120029801,-0.000863172644787191,7.87310660342198e-05
-0.0457312755631322,0.30335399567844,-0.00179898271402221,-0.000939958372998817,8.07497027496733e-05
-0.0457312755631322,0.30335399567844,-0.00179898271402221,-0.000939958372998817,8.07497027496733e-05
-0.0475302582771544,0.302414037305441,-0.00184801404687311,-0.00101932702722751,8.26403896257571e-05
-0.0475302582771544,0.302414037305441,-0.00184801404687311,-0.00101932702722751,8.26403896257571e-05
-0.0493782723240275,0.301394710278213,-0.00189665845720887,-0.00110114652701959,8.43856044695848e-05
-0.0493782723240275,0.301394710278213,-0.00189665845720887,-0.00110114652701959,8.43856044695848e-05
-0.0512749307812364,0.300293563751194,-0.00194479379594648,-0.00118527333740315,8.59689861034915e-05
-0.0512749307812364,0.300293563751194,-0.00194479379594648,-0.00118527333740315,8.59689861034915e-05
-0.0532197245771829,0.299108290413791,-0.00199229301814705,-0.00127155302728715,8.73754301335436e-05
-0.0532197245771829,0.299108290413791,-0.00199229301814705,-0.00127155302728715,8.73754301335436e-05
-0.0552120175953299,0.297836737386503,-0.0020390247380631,-0.00135982088104553,8.85911635050613e-05
-0.0552120175953299,0.297836737386503,-0.0020390247380631,-0.00135982088104553,8.85911635050613e-05
-0.057251042333393,0.296476916505458,-0.00208485382474728,-0.00144990256035643,8.96038008898663e-05
-0.057251042333393,0.296476916505458,-0.00208485382474728,-0.00144990256035643,8.96038008898663e-05
-0.0593358961581403,0.295027013945101,-0.00212964203498819,-0.00154161481312309,9.04023857290813e-05
-0.0593358961581403,0.295027013945101,-0.00212964203498819,-0.00154161481312309,9.04023857290813e-05
-0.0614655381931285,0.293485399131978,-0.00217324868001974,-0.00163476622610642,9.09774183610653e-05
-0.0614655381931285,0.293485399131978,-0.00217324868001974,-0.00163476622610642,9.09774183610653e-05
-0.0636387868731483,0.291850632905872,-0.00221553132214218,-0.00172915801763385,9.13208733575458e-05
-0.0636387868731483,0.291850632905872,-0.00221553132214218,-0.00172915801763385,9.13208733575458e-05
-0.0658543181952904,0.290121474888238,-0.00225634649713077,-0.00182458486660092,9.14262077632067e-05
-0.0658543181952904,0.290121474888238,-0.00225634649713077,-0.00182458486660092,9.14262077632067e-05
-0.0681106646924212,0.288296890021637,-0.00229555045806445,-0.00192083577379049,9.12883616106062e-05
-0.0681106646924212,0.288296890021637,-0.00229555045806445,-0.00192083577379049,9.12883616106062e-05
-0.0704062151504857,0.286376054247847,-0.00233299993601503,-0.00201769495139903,9.09037517584231e-05
-0.0704062151504857,0.286376054247847,-0.00233299993601503,-0.00201769495139903,9.09037517584231e-05
-0.0727392150865007,0.284358359296448,-0.00236855291286577,-0.00211494273655521,9.02702598486738e-05
-0.0727392150865007,0.284358359296448,-0.00236855291286577,-0.00211494273655521,9.02702598486738e-05
-0.0751077679993665,0.282243416559892,-0.00240206940141061,-0.00221235652453838,8.93872148880195e-05
-0.0751077679993665,0.282243416559892,-0.00240206940141061,-0.00221235652453838,8.93872148880195e-05
-0.0775098374007771,0.280031060035354,-0.00243341222776679,-0.00230971171728817,8.82553708936406e-05
-0.0775098374007771,0.280031060035354,-0.00243341222776679,-0.00230971171728817,8.82553708936406e-05
-0.0799432496285438,0.277721348318066,-0.00246244781108981,-0.00240678268282185,8.68768797714636e-05
-0.0799432496285438,0.277721348318066,-0.00246244781108981,-0.00240678268282185,8.68768797714636e-05
-0.0824056974396337,0.275314565635244,-0.00248904693555184,-0.00250334372103495,8.52552595996636e-05
-0.0824056974396337,0.275314565635244,-0.00248904693555184,-0.00250334372103495,8.52552595996636e-05
-0.0848947443751855,0.272811221914209,-0.00251308550956546,-0.00259917003137744,8.33953584322474e-05
-0.0848947443751855,0.272811221914209,-0.00251308550956546,-0.00259917003137744,8.33953584322474e-05
-0.087407829884751,0.270212051882832,-0.00253444530727374,-0.00269403867795315,8.13033136580774e-05
-0.087407829884751,0.270212051882832,-0.00253444530727374,-0.00269403867795315,8.13033136580774e-05
-0.0899422751920247,0.267518013204879,-0.00255301468742604,-0.00278772954757434,7.89865068708349e-05
-0.0899422751920247,0.267518013204879,-0.00255301468742604,-0.00278772954757434,7.89865068708349e-05
-0.0924952898794507,0.264730283657304,-0.00256868928487829,-0.00288002629623918,7.64535143414615e-05
-0.0924952898794507,0.264730283657304,-0.00256868928487829,-0.00288002629623918,7.64535143414615e-05
-0.095063979164329,0.261850257361065,-0.00258137267010911,-0.00297071727964343,7.37140531072052e-05
-0.095063979164329,0.261850257361065,-0.00258137267010911,-0.00297071727964343,7.37140531072052e-05
-0.0976453518344381,0.258879540081422,-0.00259097697233288,-0.0030595964633674,7.07789227596305e-05
-0.0976453518344381,0.258879540081422,-0.00259097697233288,-0.0030595964633674,7.07789227596305e-05
-0.100236328806771,0.255819943618054,-0.0025974234620295,-0.00314646430847876,6.76599429401984e-05
-0.100236328806771,0.255819943618054,-0.0025974234620295,-0.00314646430847876,6.76599429401984e-05
-0.102833752268801,0.252673479309575,-0.00260064308895024,-0.00323112862830399,6.43698867427902e-05
-0.102833752268801,0.252673479309575,-0.00260064308895024,-0.00323112862830399,6.43698867427902e-05
-0.105434395357751,0.249442350681271,-0.00260057697195538,-0.00331340541234024,6.09224100863812e-05
-0.105434395357751,0.249442350681271,-0.00260057697195538,-0.00331340541234024,6.09224100863812e-05
-0.108034972329706,0.246128945268931,-0.00259717683734502,-0.00339311961331096,5.73319772717192e-05
-0.108034972329706,0.246128945268931,-0.00259717683734502,-0.00339311961331096,5.73319772717192e-05
-0.110632149167051,0.24273582565562,-0.00259040540268834,-0.00347010589356417,5.36137829447413e-05
-0.110632149167051,0.24273582565562,-0.00259040540268834,-0.00347010589356417,5.36137829447413e-05
-0.113222554569739,0.239265719762056,-0.00258023670351482,-0.00354420932720145,4.97836706696269e-05
-0.113222554569739,0.239265719762056,-0.00258023670351482,-0.00354420932720145,4.97836706696269e-05
-0.115802791273254,0.235721510434855,-0.00256665636061355,-0.00361528605446684,4.58580484082836e-05
-0.115802791273254,0.235721510434855,-0.00256665636061355,-0.00361528605446684,4.58580484082836e-05
-0.118369447633868,0.232106224380388,-0.00254966178606972,-0.00368320388518076,4.18538011758753e-05
-0.118369447633868,0.232106224380388,-0.00254966178606972,-0.00368320388518076,4.18538011758753e-05
-0.120919109419938,0.228423020495207,-0.00252926232659405,-0.00374784284818833,3.77882012398091e-05
-0.120919109419938,0.228423020495207,-0.00252926232659405,-0.00374784284818833,3.77882012398091e-05
-0.123448371746532,0.224675177647019,-0.00250547934310626,-0.00380909568411011,3.36788161460436e-05
-0.123448371746532,0.224675177647019,-0.00250547934310626,-0.00380909568411011,3.36788161460436e-05
-0.125953851089638,0.220866081962909,-0.00247834622596901,-0.00386686827887359,2.95434149589022e-05
-0.125953851089638,0.220866081962909,-0.00247834622596901,-0.00386686827887359,2.95434149589022e-05
-0.128432197315607,0.216999213684035,-0.00244790834569114,-0.00392108003582775,2.53998730428964e-05
-0.128432197315607,0.216999213684035,-0.00244790834569114,-0.00392108003582775,2.53998730428964e-05
-0.130880105661298,0.213078133648207,-0.00241422293936341,-0.00397166418448047,2.12660758170547e-05
-0.130880105661298,0.213078133648207,-0.00241422293936341,-0.00397166418448047,2.12660758170547e-05
-0.133294328600661,0.209106469463727,-0.0023773589334932,-0.0040185680242816,1.71598218926677e-05
-0.133294328600661,0.209106469463727,-0.0023773589334932,-0.0040185680242816,1.71598218926677e-05
-0.135671687534155,0.205087901439445,-0.00233739670436911,-0.00406175310218992,1.30987259138442e-05
-0.135671687534155,0.205087901439445,-0.00233739670436911,-0.00406175310218992,1.30987259138442e-05
-0.138009084238524,0.201026148337255,-0.00229442777747046,-0.00410119532301817,9.10012152639458e-06
-0.138009084238524,0.201026148337255,-0.00229442777747046,-0.00410119532301817,9.10012152639458e-06
-0.140303512015994,0.196924953014237,-0.00224855446785602,-0.00413688499190279,5.18096489662227e-06
-0.140303512015994,0.196924953014237,-0.00224855446785602,-0.00413688499190279,5.18096489662227e-06
-0.14255206648385,0.192788068022334,-0.00219988946383906,-0.00416882678860964,1.35773920348099e-06
-0.14255206648385,0.192788068022334,-0.00219988946383906,-0.00416882678860964,1.35773920348099e-06
-0.144751955947689,0.188619241233725,-0.00214855535662548,-0.00419703967373883,-2.35363944520867e-06
-0.144751955947689,0.188619241233725,-0.00214855535662548,-0.00419703967373883,-2.35363944520867e-06
-0.146900511304315,0.184422201559986,-0.00209468411894201,-0.00422155672726571,-5.93791432462916e-06
-0.146900511304315,0.184422201559986,-0.00209468411894201,-0.00422155672726571,-5.93791432462916e-06
-0.148995195423257,0.18020064483272,-0.00203841653599762,-0.00424242492010604,-9.38057811627167e-06
-0.148995195423257,0.18020064483272,-0.00203841653599762,-0.00424242492010604,-9.38057811627167e-06
-0.151033611959254,0.175958219912614,-0.00197990159239983,-0.00425970481982124,-1.26679601423294e-05
-0.151033611959254,0.175958219912614,-0.00197990159239983,-0.00425970481982124,-1.26679601423294e-05
-0.153013513551654,0.171698515092793,-0.00191929581892644,-0.0042734702319433,-1.57873103743319e-05
-0.153013513551654,0.171698515092793,-0.00191929581892644,-0.0042734702319433,-1.57873103743319e-05
-0.154932809370581,0.167425044860849,-0.00185676260327827,-0.00428380777866835,-1.87268796337462e-05
-0.154932809370581,0.167425044860849,-0.00185676260327827,-0.00428380777866835,-1.87268796337462e-05
-0.156789571973859,0.163141237082181,-0.00179247146915645,-0.00429081641704102,-2.14759954299598e-05
-0.156789571973859,0.163141237082181,-0.00179247146915645,-0.00429081641704102,-2.14759954299598e-05
-0.158582043443015,0.15885042066514,-0.00172659732812597,-0.00429460689906558,-2.40251327778464e-05
-0.158582043443015,0.15885042066514,-0.00172659732812597,-0.00429460689906558,-2.40251327778464e-05
-0.160308640771141,0.154555813766075,-0.0016593197088933,-0.00429530117650079,-2.63659793076198e-05
-0.160308640771141,0.154555813766075,-0.0016593197088933,-0.00429530117650079,-2.63659793076198e-05
-0.161967960480035,0.150260512589574,-0.00159082196869953,-0.00429303175339568,-2.84914939489341e-05
-0.161967960480035,0.150260512589574,-0.00159082196869953,-0.00429303175339568,-2.84914939489341e-05
-0.163558782448734,0.145967480836178,-0.00152129049155794,-0.00428794098967342,-3.03959582980554e-05
-0.163558782448734,0.145967480836178,-0.00152129049155794,-0.00428794098967342,-3.03959582980554e-05
-0.165080072940292,0.141679539846505,-0.00145091387809432,-0.00428018035939676,-3.20750197600654e-05
-0.165080072940292,0.141679539846505,-0.00145091387809432,-0.00428018035939676,-3.20750197600654e-05
-0.166530986818386,0.137399359487108,-0.00137988213171866,-0.00426990966760646,-3.35257255255749e-05
-0.166530986818386,0.137399359487108,-0.00137988213171866,-0.00426990966760646,-3.35257255255749e-05
-0.167910868950105,0.133129449819501,-0.00130838584579226,-0.0042572962298239,-3.47465463472639e-05
-0.167910868950105,0.133129449819501,-0.00130838584579226,-0.0042572962298239,-3.47465463472639e-05
-0.169219254795897,0.128872153589678,-0.00123661539634828,-0.00424251401852976,-3.57373890207341e-05
-0.169219254795897,0.128872153589678,-0.00123661539634828,-0.00424251401852976,-3.57373890207341e-05
-0.170455870192246,0.124629639571148,-0.00116476014482136,-0.00422574278113996,-3.64995964968352e-05
-0.170455870192246,0.124629639571148,-0.00116476014482136,-0.00422574278113996,-3.64995964968352e-05
-0.171620630337067,0.120403896790008,-0.00109300765506654,-0.00420716713416504,-3.70359346334543e-05
-0.171620630337067,0.120403896790008,-0.00109300765506654,-0.00420716713416504,-3.70359346334543e-05
-0.172713637992134,0.116196729655843,-0.00102154292875639,-0.00418697563831964,-3.73505645049023e-05
-0.172713637992134,0.116196729655843,-0.00102154292875639,-0.00418697563831964,-3.73505645049023e-05
-0.17373518092089,0.112009754017523,-0.00095054766306063,-0.00416535985956903,-3.74489995333379e-05
-0.17373518092089,0.112009754017523,-0.00095054766306063,-0.00416535985956903,-3.74489995333379e-05
-0.174685728583951,0.107844394157954,-0.000880199534267045,-0.00414251342108707,-3.73380468258206e-05
-0.174685728583951,0.107844394157954,-0.000880199534267045,-0.00414251342108707,-3.73380468258206e-05
-0.175565928118218,0.103701880736867,-0.000810671510745348,-0.0041186310511493,-3.70257323401369e-05
-0.175565928118218,0.103701880736867,-0.000810671510745348,-0.0041186310511493,-3.70257323401369e-05
-0.176376599628963,0.0995832496857177,-0.00074213119842631,-0.00409390763203961,-3.6521209890639e-05
-0.176376599628963,0.0995832496857177,-0.00074213119842631,-0.00409390763203961,-3.6521209890639e-05
-0.177118730827389,0.0954893420536781,-0.000674740221638825,-0.00406853725506454,-3.58346545340548e-05
-0.177118730827389,0.0954893420536781,-0.000674740221638825,-0.00406853725506454,-3.58346545340548e-05
-0.177793471049028,0.0914208047986136,-0.000608653641909263,-0.00404271228663873,-3.49771412045397e-05
-0.177793471049028,0.0914208047986136,-0.000608653641909263,-0.00404271228663873,-3.49771412045397e-05
-0.178402124690937,0.0873780925119749,-0.000544019417011071,-0.00401662245043446,-3.39605101924408e-05
-0.178402124690937,0.0873780925119749,-0.000544019417011071,-0.00401662245043446,-3.39605101924408e-05
-0.178946144107948,0.0833614700615404,-0.000480977902269253,-0.00399045393040111,-3.27972215333283e-05
-0.178946144107948,0.0833614700615404,-0.000480977902269253,-0.00399045393040111,-3.27972215333283e-05
-0.179427122010218,0.0793710161311393,-0.000419661395801102,-0.00396438849935206,-3.15002009380651e-05
-0.179427122010218,0.0793710161311393,-0.000419661395801102,-0.00396438849935206,-3.15002009380651e-05
-0.179846783406019,0.0754066276317872,-0.000360193729097069,-0.00393860267767304,-3.00826803854189e-05
-0.179846783406019,0.0754066276317872,-0.000360193729097069,-0.00393860267767304,-3.00826803854189e-05
-0.180206977135116,0.0714680249541142,-0.000302689904053771,-0.00391326692656949,-2.85580370639215e-05
-0.180206977135116,0.0714680249541142,-0.000302689904053771,-0.00391326692656949,-2.85580370639215e-05
-0.18050966703917,0.0675547580275447,-0.000247255777271305,-0.00388854487998336,-2.6939634506915e-05
-0.18050966703917,0.0675547580275447,-0.000247255777271305,-0.00388854487998336,-2.6939634506915e-05
-0.180756922816441,0.0636662131475613,-0.00019398779215099,-0.0038645926191589,-2.52406700655332e-05
-0.180756922816441,0.0636662131475613,-0.00019398779215099,-0.0038645926191589,-2.52406700655332e-05
-0.180950910608592,0.0598016205284024,-0.000142972759054893,-0.00384155799352714,-2.3474032758397e-05
-0.180950910608592,0.0598016205284024,-0.000142972759054893,-0.00384155799352714,-2.3474032758397e-05
-0.181093883367647,0.0559600625348753,-9.42876835416107e-05,-0.00381957999133795,-2.16521753609272e-05
-0.181093883367647,0.0559600625348753,-9.42876835416107e-05,-0.00381957999133795,-2.16521753609272e-05
-0.181188171051188,0.0521404825435373,-4.79996424222751e-05,-0.0037987881631734,-1.97870041185066e-05
-0.181188171051188,0.0521404825435373,-4.79996424222751e-05,-0.0037987881631734,-1.97870041185066e-05
-0.181236170693611,0.048341694380364,-4.16570715533471e-06,-0.00377930210122879,-1.78897889847826e-05
-0.181236170693611,0.048341694380364,-4.16570715533471e-06,-0.00377930210122879,-1.78897889847826e-05
-0.181240336400766,0.0445623922791352,3.71670861160911e-05,-0.00376123097687226,-1.59710964580859e-05
-0.181240336400766,0.0445623922791352,3.71670861160911e-05,-0.00376123097687226,-1.59710964580859e-05
-0.18120316931465,0.0408011613022629,7.59617208016539e-05,-0.00374467313867587,-1.40407462095138e-05
-0.18120316931465,0.0408011613022629,7.59617208016539e-05,-0.00374467313867587,-1.40407462095138e-05
-0.181127207593848,0.037056488163587,0.000112191139479079,-0.00372971577278317,-1.21077917821124e-05
-0.181127207593848,0.037056488163587,0.000112191139479079,-0.00372971577278317,-1.21077917821124e-05
-0.181015016454369,0.0333267723908039,0.000145838140178406,-0.00371643462710422,-1.01805245976494e-05
-0.181015016454369,0.0333267723908039,0.000145838140178406,-0.00371643462710422,-1.01805245976494e-05
-0.180869178314191,0.0296103377636996,0.000176895230781876,-0.00370489380052227,-8.26649967852842e-06
-0.180869178314191,0.0296103377636996,0.000176895230781876,-0.00370489380052227,-8.26649967852842e-06
-0.180692283083409,0.0259054439631774,0.000205364443137734,-0.00369514559788011,-6.37258054852303e-06
-0.180692283083409,0.0259054439631774,0.000205364443137734,-0.00369514559788011,-6.37258054852303e-06
-0.180486918640271,0.0222102983652973,0.000231257108633198,-0.00368723045119472,-4.50500012066923e-06
-0.180486918640271,0.0222102983652973,0.000231257108633198,-0.00368723045119472,-4.50500012066923e-06
-0.180255661531638,0.0185230679141025,0.000254593597109248,-0.00368117690717028,-2.66943387617702e-06
-0.180255661531638,0.0185230679141025,0.000254593597109248,-0.00368117690717028,-2.66943387617702e-06
-0.180001067934529,0.0148418910069323,0.000275403021097381,-0.00367700168066484,-8.71081094799657e-07
-0.180001067934529,0.0148418910069323,0.000275403021097381,-0.00367700168066484,-8.71081094799657e-07
-0.179725664913431,0.0111648893262674,0.000293722907477423,-0.00367470977354357,8.85249966773791e-07
-0.179725664913431,0.0111648893262674,0.000293722907477423,-0.00367470977354357,8.85249966773791e-07
-0.179431942005954,0.00749017955272385,0.0003095988387605,-0.00367429465784527,2.59505726940903e-06
-0.179431942005954,0.00749017955272385,0.0003095988387605,-0.00367429465784527,2.59505726940903e-06
-0.179122343167193,0.00381588489487858,0.000323084066283008,-0.00367573852195679,4.25406445795111e-06
-0.179122343167193,0.00381588489487858,0.000323084066283008,-0.00367573852195679,4.25406445795111e-06
-0.17879925910091,0.000140146372921789,0.000334239097703082,-0.00367901257807735,5.85814816124854e-06
-0.17879925910091,0.000140146372921789,0.000334239097703082,-0.00367901257807735,5.85814816124854e-06
-0.178465020003207,-0.00353886620515556,0.000343131261239388,-0.0036840774289194,7.40327620760324e-06
-0.178465020003207,-0.00353886620515556,0.000343131261239388,-0.0036840774289194,7.40327620760324e-06
-0.178121888741968,-0.00722294363407496,0.00034983424918042,-0.00369088349132337,8.88545909757347e-06
-0.178121888741968,-0.00722294363407496,0.00034983424918042,-0.00369088349132337,8.88545909757347e-06
-0.177772054492788,-0.0109138271253983,0.000354427643252664,-0.0036993714741076,1.03007164556092e-05
-0.177772054492788,-0.0109138271253983,0.000354427643252664,-0.0036993714741076,1.03007164556092e-05
-0.177417626849535,-0.0146131985995059,0.000356996424450723,-0.00370947290722249,1.16450593276129e-05
-0.177417626849535,-0.0146131985995059,0.000356996424450723,-0.00370947290722249,1.16450593276129e-05
-0.177060630425084,-0.0183226715067284,0.000357630469967257,-0.00372111071891704,1.29144886133873e-05
-0.177060630425084,-0.0183226715067284,0.000357630469967257,-0.00372111071891704,1.29144886133873e-05
-0.176702999955117,-0.0220437822256455,0.000356424039901715,-0.00373419985742937,1.41050091817824e-05
-0.176702999955117,-0.0220437822256455,0.000356424039901715,-0.00373419985742937,1.41050091817824e-05
-0.176346575915215,-0.0257779820830748,0.000353475256403807,-0.00374864795348454,1.52126585593851e-05
-0.176346575915215,-0.0257779820830748,0.000353475256403807,-0.00374864795348454,1.52126585593851e-05
-0.175993100658811,-0.0295266300365594,0.000348885577908992,-0.00376435601963154,1.62335485710042e-05
-0.175993100658811,-0.0295266300365594,0.000348885577908992,-0.00376435601963154,1.62335485710042e-05
-0.175644215080902,-0.0332909860561909,0.000342759271083126,-0.00378121918223909,1.71639179329082e-05
-0.175644215080902,-0.0332909860561909,0.000342759271083126,-0.00378121918223909,1.71639179329082e-05
-0.175301455809819,-0.03707220523843,0.00033520288306732,-0.00379912744182013,1.80001934719926e-05
-0.175301455809819,-0.03707220523843,0.00033520288306732,-0.00379912744182013,1.80001934719926e-05
-0.174966252926752,-0.0408713326802501,0.000326324716554416,-0.00381796645720836,1.87390574477352e-05
-0.174966252926752,-0.0408713326802501,0.000326324716554416,-0.00381796645720836,1.87390574477352e-05
-0.174639928210198,-0.0446892991374585,0.000316234310187069,-0.00383761834897402,1.93775183410824e-05
-0.174639928210198,-0.0446892991374585,0.000316234310187069,-0.00383761834897402,1.93775183410824e-05
-0.17432369390001,-0.0485269174864325,0.000305041926668054,-0.00385796251731788,1.99129825593082e-05
-0.17432369390001,-0.0485269174864325,0.000305041926668054,-0.00385796251731788,1.99129825593082e-05
-0.174018651973342,-0.0523848800037504,0.000292858050878808,-0.00387887646960736,2.03433247119708e-05
-0.174018651973342,-0.0523848800037504,0.000292858050878808,-0.00387887646960736,2.03433247119708e-05
-0.173725793922464,-0.0562637564733577,0.00027979290021804,-0.00390023665274521,2.06669541478032e-05
-0.173725793922464,-0.0562637564733577,0.00027979290021804,-0.00390023665274521,2.06669541478032e-05
-0.173446001022246,-0.0601639931261029,0.000265955949244973,-0.00392191928544462,2.08828758308773e-05
-0.173446001022246,-0.0601639931261029,0.000265955949244973,-0.00392191928544462,2.08828758308773e-05
-0.173180045073001,-0.0640859124115476,0.00025145547062283,-0.00394380118551529,2.09907439503833e-05
-0.173180045073001,-0.0640859124115476,0.00025145547062283,-0.00394380118551529,2.09907439503833e-05
-0.172928589602378,-0.0680297135970629,0.000236398094201257,-0.003965760587336,2.09909068588946e-05
-0.172928589602378,-0.0680297135970629,0.000236398094201257,-0.003965760587336,2.09909068588946e-05
-0.172692191508177,-0.0719954741843989,0.000220888385962043,-0.00398767794465607,2.08844424588132e-05
-0.172692191508177,-0.0719954741843989,0.000220888385962043,-0.00398767794465607,2.08844424588132e-05
-0.172471303122214,-0.0759831521290549,0.000205028448394873,-0.00400943671405424,2.06731833370171e-05
-0.172471303122214,-0.0759831521290549,0.000205028448394873,-0.00400943671405424,2.06731833370171e-05
-0.17226627467382,-0.0799925888431092,0.000188917543744088,-0.00403092411444733,2.03597312875819e-05
-0.17226627467382,-0.0799925888431092,0.000188917543744088,-0.00403092411444733,2.03597312875819e-05
-0.172077357130076,-0.0840235129575565,0.000172651741383562,-0.00405203185816788,1.99474612218092e-05
-0.172077357130076,-0.0840235129575565,0.000172651741383562,-0.00405203185816788,1.99474612218092e-05
-0.171904705388692,-0.0880755448157244,0.00015632359045481,-0.00407265684935916,1.94405146305464e-05
-0.171904705388692,-0.0880755448157244,0.00015632359045481,-0.00407265684935916,1.94405146305464e-05
-0.171748381798237,-0.0921482016650835,0.000140021818722302,-0.00409270184561557,1.88437829149136e-05
-0.171748381798237,-0.0921482016650835,0.000140021818722302,-0.00409270184561557,1.88437829149136e-05
-0.171608359979515,-0.0962409035106991,0.000123831058456592,-0.00411207607894223,1.81628812143961e-05
-0.171608359979515,-0.0962409035106991,0.000123831058456592,-0.00411207607894223,1.81628812143961e-05
-0.171484528921058,-0.100352979589641,0.000107831599991531,-0.00413069583242262,1.74041133849355e-05
-0.171484528921058,-0.100352979589641,0.000107831599991531,-0.00413069583242262,1.74041133849355e-05
-0.171376697321067,-0.104483675422064,9.20991734338905e-05,-0.00414848496921226,1.65744289502834e-05
-0.171376697321067,-0.104483675422064,9.20991734338905e-05,-0.00414848496921226,1.65744289502834e-05
-0.171284598147633,-0.108632160391276,7.67047588600966e-05,-0.00416537541080039,1.56813728086755e-05
-0.171284598147633,-0.108632160391276,7.67047588600966e-05,-0.00416537541080039,1.56813728086755e-05
-0.171207893388773,-0.112797535802077,6.17144251664203e-05,-0.00418130756171868,1.47330286844102e-05
-0.171207893388773,-0.112797535802077,6.17144251664203e-05,-0.00418130756171868,1.47330286844102e-05
-0.171146178963606,-0.116978843363795,4.71891975982464e-05,-0.00419623067830015,1.37379571269044e-05
-0.171146178963606,-0.116978843363795,4.71891975982464e-05,-0.00419623067830015,1.37379571269044e-05
-0.171098989766008,-0.121175074042095,3.31849538257045e-05,-0.0042101031793297,1.27051290141362e-05
-0.171098989766008,-0.121175074042095,3.31849538257045e-05,-0.0042101031793297,1.27051290141362e-05
-0.171065804812182,-0.125385177221425,1.97523482797224e-05,-0.00422289289683719,1.16438554232309e-05
-0.171065804812182,-0.125385177221425,1.97523482797224e-05,-0.00422289289683719,1.16438554232309e-05
-0.171046052463903,-0.129608070118262,6.9367643602547e-06,-0.00423457726562912,1.05637146676852e-05
-0.171046052463903,-0.129608070118262,6.9367643602547e-06,-0.00423457726562912,1.05637146676852e-05
-0.171039115699542,-0.133842647383891,-5.22170604483341e-06,-0.00424514345047602,9.47447743098427e-06
-0.171039115699542,-0.133842647383891,-5.22170604483341e-06,-0.00424514345047602,9.47447743098427e-06
-0.171044337405587,-0.138087790834367,-1.66882563996107e-05,-0.00425458841036755,8.38603070556915e-06
-0.171044337405587,-0.138087790834367,-1.66882563996107e-05,-0.00425458841036755,8.38603070556915e-06
-0.171061025661987,-0.142342379244735,-2.74333335099075e-05,-0.00426291889956748,7.30830126170669e-06
-0.171061025661987,-0.142342379244735,-2.74333335099075e-05,-0.00426291889956748,7.30830126170669e-06
-0.171088458995497,-0.146605298144303,-3.74325805615472e-05,-0.00427015140558462,6.25117933075389e-06
-0.171088458995497,-0.146605298144303,-3.74325805615472e-05,-0.00427015140558462,6.25117933075389e-06
-0.171125891576058,-0.150875449549887,-4.66667562256107e-05,-0.00427631202456399,5.2244431731404e-06
-0.171125891576058,-0.150875449549887,-4.66667562256107e-05,-0.00427631202456399,5.2244431731404e-06
-0.171172558332284,-0.155151761574451,-5.51216309319091e-05,-0.00428143627502059,4.23768513027872e-06
-0.171172558332284,-0.155151761574451,-5.51216309319091e-05,-0.00428143627502059,4.23768513027872e-06
-0.171227679963216,-0.159433197849472,-6.27878614925526e-05,-0.00428556885122405,3.30023968401344e-06
-0.171227679963216,-0.159433197849472,-6.27878614925526e-05,-0.00428556885122405,3.30023968401344e-06
-0.171290467824708,-0.163718766700696,-6.96608453511771e-05,-0.00428876331788849,2.42111413578053e-06
-0.171290467824708,-0.163718766700696,-6.96608453511771e-05,-0.00428876331788849,2.42111413578053e-06
-0.17136012867006,-0.168007530018584,-7.57405557962054e-05,-0.00429108174828707,1.60892227159259e-06
-0.17136012867006,-0.168007530018584,-7.57405557962054e-05,-0.00429108174828707,1.60892227159259e-06
-0.171435869225856,-0.172298611766871,-8.1031359537298e-05,-0.00429259430815709,8.71821567303283e-07
-0.171435869225856,-0.172298611766871,-8.1031359537298e-05,-0.00429259430815709,8.71821567303283e-07
-0.171516900585393,-0.176591206075028,-8.5541818107604e-05,-0.00429337878821792,2.17454248939951e-07
-0.171516900585393,-0.176591206075028,-8.5541818107604e-05,-0.00429337878821792,2.17454248939951e-07
-0.171602442403501,-0.180884584863246,-8.92844745703225e-05,-0.00429352008836012,-3.47107338437118e-07
-0.171602442403501,-0.180884584863246,-8.92844745703225e-05,-0.00429352008836012,-3.47107338437118e-07
-0.171691726878071,-0.185178104951606,-9.22756270634595e-05,-0.00429310965695315,-8.15410789184283e-07
-0.171691726878071,-0.185178104951606,-9.22756270634595e-05,-0.00429310965695315,-8.15410789184283e-07
-0.171784002505134,-0.18947121460856,-9.45350907366749e-05,-0.0042922448889309,-1.18166871165924e-06
-0.171784002505134,-0.18947121460856,-9.45350907366749e-05,-0.0042922448889309,-1.18166871165924e-06
-0.171878537595871,-0.193763459497491,-9.60859496427491e-05,-0.00429102848668311,-1.44079861974337e-06
-0.171878537595871,-0.193763459497491,-9.60859496427491e-05,-0.00429102848668311,-1.44079861974337e-06
-0.171974623545514,-0.198054487984174,-9.69543001575757e-05,-0.00428956778794476,-1.58845737742268e-06
-0.171974623545514,-0.198054487984174,-9.69543001575757e-05,-0.00428956778794476,-1.58845737742268e-06
-0.172071577845671,-0.202344055772118,-9.71689875042536e-05,-0.00428797406511122,-1.62106998905561e-06
-0.172071577845671,-0.202344055772118,-9.71689875042536e-05,-0.00428797406511122,-1.62106998905561e-06
-0.172168746833176,-0.20663202983723,-9.6761336948803e-05,-0.00428636180059211,-1.5358525859736e-06
-0.172168746833176,-0.20663202983723,-9.6761336948803e-05,-0.00428636180059211,-1.5358525859736e-06
-0.172265508170124,-0.210918391637822,-9.57648812086598e-05,-0.00428484794295039,-1.33082945330716e-06
-0.172265508170124,-0.210918391637822,-9.57648812086598e-05,-0.00428484794295039,-1.33082945330716e-06
-0.172361273051333,-0.215203239580772,-9.42150855939017e-05,-0.00428355114872075,-1.00484401008641e-06
-0.172361273051333,-0.215203239580772,-9.42150855939017e-05,-0.00428355114872075,-1.00484401008641e-06
-0.172455488136927,-0.219486790729493,-9.2149072374148e-05,-0.00428259101488734,-5.57563751930543e-07
-0.172455488136927,-0.219486790729493,-9.2149072374148e-05,-0.00428259101488734,-5.57563751930543e-07
-0.172547637209301,-0.22376938174438,-8.96053458281365e-05,-0.00428208730700119,1.052088651355e-08
-0.172547637209301,-0.22376938174438,-8.96053458281365e-05,-0.00428208730700119,1.052088651355e-08
-0.172637242555129,-0.228051469051381,-8.66235193625053e-05,-0.00428215918798214,6.98103713651747e-07
-0.172637242555129,-0.228051469051381,-8.66235193625053e-05,-0.00428215918798214,6.98103713651747e-07
-0.172723866074492,-0.232333628239364,-8.32440460623862e-05,-0.00428292445264877,1.50307588323278e-06
-0.172723866074492,-0.232333628239364,-8.32440460623862e-05,-0.00428292445264877,1.50307588323278e-06
-0.172807110120554,-0.236616552692012,-7.95079539793464e-05,-0.00428449877294632,2.42254476656104e-06
-0.172807110120554,-0.236616552692012,-7.95079539793464e-05,-0.00428449877294632,2.42254476656104e-06
-0.172886618074534,-0.240901051464959,-7.54565873820334e-05,-0.00428699495876028,3.45285841754986e-06
-0.172886618074534,-0.240901051464959,-7.54565873820334e-05,-0.00428699495876028,3.45285841754986e-06
-0.172962074661916,-0.245188046423719,-7.11313551627069e-05,-0.00429052223911214,4.58963540196124e-06
-0.172962074661916,-0.245188046423719,-7.11313551627069e-05,-0.00429052223911214,4.58963540196124e-06
-0.173033206017078,-0.249478568662831,-6.65734874764901e-05,-0.00429518556840988,5.82779960829529e-06
-0.173033206017078,-0.249478568662831,-6.65734874764901e-05,-0.00429518556840988,5.82779960829529e-06
-0.173099779504555,-0.253773754231241,-6.18238016528994e-05,-0.00430108496216547,7.16161974161338e-06
-0.173099779504555,-0.253773754231241,-6.18238016528994e-05,-0.00430108496216547,7.16161974161338e-06
-0.173161603306208,-0.258074839193406,-5.69224783261713e-05,-0.00430831486643091,8.58475313259954e-06
-0.173161603306208,-0.258074839193406,-5.69224783261713e-05,-0.00430831486643091,8.58475313259954e-06
-0.173218525784534,-0.262383154059837,-5.19088486616581e-05,-0.00431696356498856,1.00902934092508e-05
-0.173218525784534,-0.262383154059837,-5.19088486616581e-05,-0.00431696356498856,1.00902934092508e-05
-0.173270434633196,-0.266700117624826,-4.68211934648299e-05,-0.00432711262803964,1.16708215383461e-05
-0.173270434633196,-0.266700117624826,-4.68211934648299e-05,-0.00432711262803964,1.16708215383461e-05
-0.17331725582666,-0.271027230252866,-4.16965549046855e-05,-0.00433883640580712,1.33184598411365e-05
-0.17331725582666,-0.271027230252866,-4.16965549046855e-05,-0.00433883640580712,1.33184598411365e-05
-0.173358952381565,-0.275366066658673,-3.65705614442102e-05,-0.00435220157023902,1.50249284050037e-05
-0.173358952381565,-0.275366066658673,-3.65705614442102e-05,-0.00435220157023902,1.50249284050037e-05
-0.173395522943009,-0.279718268228912,-3.14772665377661e-05,-0.00436726670757637,1.67816034473091e-05
-0.173395522943009,-0.279718268228912,-3.14772665377661e-05,-0.00436726670757637,1.67816034473091e-05
-0.173427000209547,-0.284085534936488,-2.64490015455532e-05,-0.00438408196425111,1.8579577117487e-05
-0.173427000209547,-0.284085534936488,-2.64490015455532e-05,-0.00438408196425111,1.8579577117487e-05
-0.173453449211093,-0.288469616900739,-2.15162432443405e-05,-0.00440268874819061,2.04097181826512e-05
-0.173453449211093,-0.288469616900739,-2.15162432443405e-05,-0.00440268874819061,2.04097181826512e-05
-0.173474965454337,-0.29287230564893,-1.67074962156843e-05,-0.00442311948715202,2.22627331530091e-05
-0.173474965454337,-0.29287230564893,-1.67074962156843e-05,-0.00442311948715202,2.22627331530091e-05
-0.173491672950553,-0.297295425136082,-1.2049190308755e-05,-0.00444539744533934,2.41292274356809e-05
-0.173491672950553,-0.297295425136082,-1.2049190308755e-05,-0.00444539744533934,2.41292274356809e-05
-0.173503722140861,-0.301740822581421,-7.56559331077655e-06,-0.00446953659918692,2.59997660772273e-05
-0.173503722140861,-0.301740822581421,-7.56559331077655e-06,-0.00446953659918692,2.59997660772273e-05
-0.173511287734172,-0.306210359180608,-3.27873886640795e-06,-0.00449554157276366,2.78649336642118e-05
-0.173511287734172,-0.306210359180608,-3.27873886640795e-06,-0.00449554157276366,2.78649336642118e-05
-0.173514566473039,-0.310705900753372,7.91630387186881e-07,-0.0045234076328004,2.97153930326243e-05
-0.173514566473039,-0.310705900753372,7.91630387186881e-07,-0.0045234076328004,2.97153930326243e-05
-0.173513774842651,-0.315229308386172,4.62810458357055e-06,-0.00455312074294262,3.15419424444102e-05
-0.173513774842651,-0.315229308386172,4.62810458357055e-06,-0.00455312074294262,3.15419424444102e-05
-0.173509146738068,-0.319782429129115,8.21563347946919e-06,-0.00458465767641186,3.33355709112582e-05
-0.173509146738068,-0.319782429129115,8.21563347946919e-06,-0.00458465767641186,3.33355709112582e-05
-0.173500931104588,-0.324367086805527,1.15415386433282e-05,-0.00461798618584081,3.50875114272101e-05
-0.173500931104588,-0.324367086805527,1.15415386433282e-05,-0.00461798618584081,3.50875114272101e-05
-0.173489389565945,-0.328985072991367,1.45955112968443e-05,-0.0046530652286938,3.67892918167094e-05
-0.173489389565945,-0.328985072991367,1.45955112968443e-05,-0.0046530652286938,3.67892918167094e-05
-0.173474794054648,-0.333638138220061,1.7369596209349e-05,-0.00468984524626687,3.84327830089083e-05
-0.173474794054648,-0.333638138220061,1.7369596209349e-05,-0.00468984524626687,3.84327830089083e-05
-0.173457424458439,-0.338327983466328,1.98581620740046e-05,-0.00472826849394342,4.00102444772206e-05
-0.173457424458439,-0.338327983466328,1.98581620740046e-05,-0.00472826849394342,4.00102444772206e-05
-0.173437566296365,-0.343056251960271,2.20578588916998e-05,-0.00476826941999425,4.15143666636216e-05
-0.173437566296365,-0.343056251960271,2.20578588916998e-05,-0.00476826941999425,4.15143666636216e-05
-0.173415508437473,-0.347824521380266,2.39675629159219e-05,-0.00480977508991043,4.29383102502085e-05
-0.173415508437473,-0.347824521380266,2.39675629159219e-05,-0.00480977508991043,4.29383102502085e-05
-0.173391540874557,-0.352634296470176,2.55883097588505e-05,-0.00485270565301232,4.42757420584883e-05
-0.173391540874557,-0.352634296470176,2.55883097588505e-05,-0.00485270565301232,4.42757420584883e-05
-0.173365952564798,-0.357487002123188,2.69232163061794e-05,-0.00489697484776536,4.55208673974285e-05
-0.173365952564798,-0.357487002123188,2.69232163061794e-05,-0.00489697484776536,4.55208673974285e-05
-0.173339029348492,-0.362383976970954,2.79773921356974e-05,-0.0049424905419781,4.66684587285288e-05
-0.173339029348492,-0.362383976970954,2.79773921356974e-05,-0.0049424905419781,4.66684587285288e-05
-0.173311051956356,-0.367326467512932,2.8757841167848e-05,-0.00498915530386912,4.77138804643416e-05
-0.173311051956356,-0.367326467512932,2.8757841167848e-05,-0.00498915530386912,4.77138804643416e-05
-0.173282294115189,-0.372315622816801,2.92733543173496e-05,-0.00503686699976647,4.86531098377345e-05
-0.173282294115189,-0.372315622816801,2.92733543173496e-05,-0.00503686699976647,4.86531098377345e-05
-0.173253020760871,-0.377352489816567,2.95343939283044e-05,-0.00508551941411978,4.94827537372558e-05
-0.173253020760871,-0.377352489816567,2.95343939283044e-05,-0.00508551941411978,4.94827537372558e-05
-0.173223486366943,-0.382438009230687,2.95529708125852e-05,-0.00513500288739605,5.02000613922041e-05
-0.173223486366943,-0.382438009230687,2.95529708125852e-05,-0.00513500288739605,5.02000613922041e-05
-0.17319393339613,-0.387573012118083,2.93425147254445e-05,-0.00518520496732344,5.08029328298958e-05
-0.17319393339613,-0.387573012118083,2.93425147254445e-05,-0.00518520496732344,5.08029328298958e-05
-0.173164590881405,-0.392758217085407,2.89177391287476e-05,-0.00523601106889249,5.12899230851122e-05
-0.173164590881405,-0.392758217085407,2.89177391287476e-05,-0.00523601106889249,5.12899230851122e-05
-0.173135673142276,-0.397994228154299,2.82945011054747e-05,-0.00528730513853576,5.16602421310429e-05
-0.173135673142276,-0.397994228154299,2.82945011054747e-05,-0.00528730513853576,5.16602421310429e-05
-0.173107378641171,-0.403281533292835,2.74896572865224e-05,-0.00533897031791597,5.1913750569268e-05
-0.173107378641171,-0.403281533292835,2.74896572865224e-05,-0.00533897031791597,5.1913750569268e-05
-0.173079888983884,-0.408620503610751,2.65209166659119e-05,-0.00539088960283379,5.2050951104274e-05
-0.173079888983884,-0.408620503610751,2.65209166659119e-05,-0.00539088960283379,5.2050951104274e-05
-0.173053368067218,-0.414011393213585,2.54066911860862e-05,-0.00544294649283888,5.20729758760677e-05
-0.173053368067218,-0.414011393213585,2.54066911860862e-05,-0.00544294649283888,5.20729758760677e-05
-0.173027961376032,-0.419454339706424,2.41659449440323e-05,-0.00549502562724863,5.19815697199904e-05
-0.173027961376032,-0.419454339706424,2.41659449440323e-05,-0.00549502562724863,5.19815697199904e-05
-0.173003795431088,-0.424949365333672,2.28180428912539e-05,-0.00554701340339425,5.17790695424422e-05
-0.173003795431088,-0.424949365333672,2.28180428912539e-05,-0.00554701340339425,5.17790695424422e-05
-0.172980977388197,-0.430496378737067,2.13825998665318e-05,-0.00559879857314677,5.1468379959725e-05
-0.172980977388197,-0.430496378737067,2.13825998665318e-05,-0.00559879857314677,5.1468379959725e-05
-0.17295959478833,-0.436095177310213,1.98793308169021e-05,-0.00565027281396269,5.10529453593735e-05
-0.17295959478833,-0.436095177310213,1.98793308169021e-05,-0.00565027281396269,5.10529453593735e-05
-0.172939715457513,-0.441745450124176,1.83279029968286e-05,-0.00570133127088546,5.05367185871086e-05
-0.172939715457513,-0.441745450124176,1.83279029968286e-05,-0.00570133127088546,5.05367185871086e-05
-0.172921387554517,-0.447446781395061,1.67477909476521e-05,-0.00575187306617325,4.99241265844268e-05
-0.172921387554517,-0.447446781395061,1.67477909476521e-05,-0.00575187306617325,4.99241265844268e-05
-0.172904639763569,-0.453198654461235,1.51581350264496e-05,-0.0058018017735757,4.92200331218846e-05
-0.172904639763569,-0.453198654461235,1.51581350264496e-05,-0.0058018017735757,4.92200331218846e-05
-0.172889481628543,-0.45900045623481,1.35776042360369e-05,-0.00585102585444908,4.84296989583894e-05
-0.172889481628543,-0.45900045623481,1.35776042360369e-05,-0.00585102585444908,4.84296989583894e-05
-0.172875904024306,-0.464851482089259,1.20242640529455e-05,-0.00589945905324707,4.75587396987914e-05
-0.172875904024306,-0.464851482089259,1.20242640529455e-05,-0.00589945905324707,4.75587396987914e-05
-0.172863879760254,-0.470750941142507,1.05154499367155e-05,-0.00594702075020875,4.66130816804662e-05
-0.172863879760254,-0.470750941142507,1.05154499367155e-05,-0.00594702075020875,4.66130816804662e-05
-0.172853364310317,-0.476697961892715,9.06764715685737e-06,-0.00599363626940436,4.55989162094191e-05
-0.172853364310317,-0.476697961892715,9.06764715685737e-06,-0.00599363626940436,4.55989162094191e-05
-0.17284429666316,-0.48269159816212,7.69637755013153e-06,-0.00603923714062382,4.45226524253828e-05
-0.17284429666316,-0.48269159816212,7.69637755013153e-06,-0.00603923714062382,4.45226524253828e-05
-0.17283660028561,-0.488730835302743,6.41609377050045e-06,-0.00608376131387306,4.33908691854909e-05
-0.17283660028561,-0.488730835302743,6.41609377050045e-06,-0.00608376131387306,4.33908691854909e-05
-0.172830184191839,-0.494814596616617,5.24008154753619e-06,-0.00612715332562941,4.22102662416017e-05
-0.172830184191839,-0.494814596616617,5.24008154753619e-06,-0.00612715332562941,4.22102662416017e-05
-0.172824944110292,-0.500941749942246,4.1803704463883e-06,-0.00616936441627691,4.0987615121061e-05
-0.172824944110292,-0.500941749942246,4.1803704463883e-06,-0.00616936441627691,4.0987615121061e-05
-0.172820763739845,-0.507111114358523,3.24765355888545e-06,-0.00621035259854341,3.97297099846341e-05
-0.172820763739845,-0.507111114358523,3.24765355888545e-06,-0.00621035259854341,3.97297099846341e-05
-0.172817516086287,-0.513321466957066,2.45121651218372e-06,-0.00625008267702443,3.84433188020056e-05
-0.172817516086287,-0.513321466957066,2.45121651218372e-06,-0.00625008267702443,3.84433188020056e-05
-0.172815064869774,-0.519571549634091,1.79887613244167e-06,-0.00628852621920661,3.7135135262093e-05
-0.172815064869774,-0.519571549634091,1.79887613244167e-06,-0.00628852621920661,3.7135135262093e-05
-0.172813265993642,-0.525860075853297,1.2969290578424e-06,-0.00632566147880664,3.58117316263881e-05
-0.172813265993642,-0.525860075853297,1.2969290578424e-06,-0.00632566147880664,3.58117316263881e-05
-0.172811969064584,-0.532185737332104,9.50110545266947e-07,-0.00636147327243419,3.44795129474966e-05
-0.172811969064584,-0.532185737332104,9.50110545266947e-07,-0.00636147327243419,3.44795129474966e-05
-0.172811018954039,-0.538547210604538,7.61563663131959e-07,-0.00639595281099348,3.31446728636577e-05
-0.172811018954039,-0.538547210604538,7.61563663131959e-07,-0.00639595281099348,3.31446728636577e-05
-0.172810257390376,-0.544943163415532,7.32819011445285e-07,-0.00642909748743159,3.1813151323965e-05
-0.172810257390376,-0.544943163415532,7.32819011445285e-07,-0.00642909748743159,3.1813151323965e-05
-0.172809524571364,-0.551372260902963,8.63785054261434e-07,-0.0064609106227792,3.04905944641795e-05
-0.172809524571364,-0.551372260902963,8.63785054261434e-07,-0.0064609106227792,3.04905944641795e-05
-0.17280866078631,-0.557833171525742,1.15274910200691e-06,-0.00649140117263169,2.91823169082063e-05
-0.17280866078631,-0.557833171525742,1.15274910200691e-06,-0.00649140117263169,2.91823169082063e-05
-0.172807508037208,-0.564324572698374,1.59638893448832e-06,-0.00652058339647665,2.78932667558554e-05
-0.172807508037208,-0.564324572698374,1.59638893448832e-06,-0.00652058339647665,2.78932667558554e-05
-0.172805911648273,-0.570845156094851,2.18979499616578e-06,-0.00654847649251777,2.66279934305527e-05
-0.172805911648273,-0.570845156094851,2.18979499616578e-06,-0.00654847649251777,2.66279934305527e-05
-0.172803721853277,-0.577393632587369,2.92650305006026e-06,-0.00657510420080309,2.53906185613325e-05
-0.172803721853277,-0.577393632587369,2.92650305006026e-06,-0.00657510420080309,2.53906185613325e-05
-0.172800795350227,-0.583968736788172,3.79853712312306e-06,-0.00660049437762544,2.41848101403177e-05
-0.172800795350227,-0.583968736788172,3.79853712312306e-06,-0.00660049437762544,2.41848101403177e-05
-0.172796996813104,-0.590569231165797,4.79646253134791e-06,-0.00662467854439119,2.30137600188687e-05
-0.172796996813104,-0.590569231165797,4.79646253134791e-06,-0.00662467854439119,2.30137600188687e-05
-0.172792200350573,-0.597193909710188,5.90944871459165e-06,-0.00664769141420563,2.18801648830457e-05
-0.172792200350573,-0.597193909710188,5.90944871459165e-06,-0.00664769141420563,2.18801648830457e-05
-0.172786290901858,-0.603841601124394,7.12534156446787e-06,-0.00666957039955496,2.0786210835887e-05
-0.172786290901858,-0.603841601124394,7.12534156446787e-06,-0.00666957039955496,2.0786210835887e-05
-0.172779165560294,-0.610511171523949,8.43074488734996e-06,-0.00669035510458627,1.97335615385753e-05
-0.172779165560294,-0.610511171523949,8.43074488734996e-06,-0.00669035510458627,1.97335615385753e-05
-0.172770734815406,-0.617201526628535,9.81111058681594e-06,-0.00671008680543494,1.87233501130323e-05
-0.172770734815406,-0.617201526628535,9.81111058681594e-06,-0.00671008680543494,1.87233501130323e-05
