-2.09435214484175,-2.09441680732035,-2.09448292373986,-2.09455048654648,-2.09461948707243,-2.09468991552961,-2.09476176100411,-2.09483501145167,-2.09490965369436,-2.09498567341818,-2.09506305517168,-2.09514178236534,-2.09522183727212,-2.09530320102897,-2.09538585363944,-2.09546977397721,-2.0955549397907,-2.09564132770869,-2.09572891324718,-2.09581767081727,-2.09590757373406,-2.0959985942266,-2.09609070344882,-2.09618387149149,-2.09627806739541,-2.09637325916555,-2.09646941378634,-2.09656649723799,-2.09666447451403,-2.09676330963994,-2.09686296569263,-2.09696340482104,-2.09706458826743,-2.09716647638982,-2.09726902868511,-2.09737220381314,-2.09747595962164,-2.09758025317207,-2.09768504076666,-2.09779027797641,-2.09789591967009,-2.09800192004388,-2.09810823265185,-2.09821481043713,-2.09832160576399,-2.09842857045067,-2.09853565580302,-2.09864281264862,-2.09874999137154,-2.09885714194766,-2.09896421398072,-2.09907115673914,-2.09917791919367,-2.09928445005579,-2.09939069781676,-2.09949661078738,-2.09960213713828,-2.09970722494086,-2.09981182220845,-2.099915876938,-2.1000193371521,-2.10012215094128,-2.10022426650642,-2.10032563220129,-2.10042619657503,-2.1005259084145,-2.10062471678666,-2.10072257108104,-2.10081942105216,-2.10091521686177,-2.10100990912088,-2.10110344893145,-2.10119578792775,-2.10128687831733,-2.10137667292139,-2.10146512521453,-2.10155218936393,-2.10163782026835,-2.10172197359656,-2.10180460582538,-2.10188567427724,-2.10196513715717,-2.1020429535893,-2.1021190836526,-2.10219348841568,-2.10226612997078,-2.10233697146668,-2.10240597714078,-2.10247311235008,-2.10253834360107,-2.10260163857871,-2.10266296617465,-2.10272229651482,-2.10277960098604,-2.10283485226172,-2.10288802432643,-2.10293909249944,-2.10298803345709,-2.10303482525393,-2.10307944734264,-2.10312188059293,-2.10316210730909,-2.10320011124621,-2.10323587762508,-2.10326939314576,-2.10330064599997,-2.10332962588205,-2.10335632399855,-2.10338073307651,-2.1034028473702,-2.10342266266646,-2.10344017628853,-2.10345538709825,-2.10346829549693,-2.10347890342489,-2.10348721435968,-2.10349323331289,-2.10349696682551,-2.10349842296205,-2.10349761130341,-2.10349454293844,-2.103489230454,-2.10348168792391,-2.10347193089636,-2.10345997638022,-2.10344584283007,-2.10342955012999,-2.10341111957605,-2.10339057385723,-2.10336793703496,-2.10334323452143,-2.10331649305689,-2.10328774068591,-2.10325700673269,-2.10322432177524,-2.10318971761861,-2.10315322726686,-2.10311488489383,-2.10307472581282,-2.10303278644528,-2.10298910428852,-2.10294371788227,-2.10289666677437,-2.10284799148569,-2.10279773347403,-2.10274593509722,-2.10269263957538,-2.1026378909525,-2.10258173405724,-2.10252421446312,-2.10246537844825,-2.10240527295465,-2.10234394554713,-2.10228144437184,-2.10221781811441,-2.10215311595749,-2.10208738753805,-2.10202068290453,-2.10195305247385,-2.10188454698828,-2.10181521747234,-2.10174511518971,-2.10167429160007,-2.10160279831584,-2.10153068705895,-2.1014580096176,-2.1013848178032,-2.10131116340735,-2.10123709815892,-2.10116267368131,-2.10108794144967,-2.10101295274851,-2.10093775862952,-2.10086240986972,-2.10078695693022,-2.10071144991561,-2.1006359385337,-2.10056047205594,-2.10048509927842,-2.10040986848355,-2.1003348274025,-2.10026002317844,-2.10018550233057,-2.1001113107192,-2.10003749351153,-2.09996409514842,-2.09989115931212,-2.09981872889495,-2.09974684596911,-2.09967555175762,-2.09960488660615,-2.09953488995606,-2.09946560031845,-2.09939705524919,-2.09932929132508,-2.09926234412126,-2.09919624818966,-2.09913103703876,-2.09906674311466,-2.09900339778341,-2.0989410313145,-2.09887967286525,-2.0988193504665,-2.09876009100943,-2.09870192023363,-2.09864486271626,-2.09858894186242,-2.09853417989647,-2.09848059785452,-2.0984282155783,-2.09837705171034,-2.0983271236906,-2.09827844775426,-2.09823103893043,-2.09818491104198,-2.09814007670655,-2.0980965473388,-2.09805433315395,-2.09801344317208,-2.09797388522356,-2.09793566595533,-2.09789879083841,-2.09786326417642,-2.09782908911507,-2.09779626765268,-2.09776480065183,-2.09773468785207,-2.09770592788361,-2.09767851828204,-2.09765245550411,-2.09762773494446,-2.09760435095339,-2.09758229685554,-2.09756156496941,-2.09754214662762,-2.09752403219816,-2.09750721110617,-2.0974916718564,-2.09747740205612,-2.09746438843849,-2.0974526168864,-2.09744207245706,-2.09743273940726,-2.0974246012193,-2.09741764062763,-2.097411839646,-2.09740717959478,-2.09740364112881,-2.09740120426557,-2.09739984841361,-2.09739955240134,-2.09740029450614,-2.09740205248371,-2.09740480359748,-2.09740852464774,-2.09741319200076,-2.09741878161787,-2.09742526908456,-2.09743262963961,-2.09744083820428,-2.09744986941129,-2.09745969763364,-2.09747029701296,-2.09748164148763,-2.09749370482053,-2.09750646062659,-2.0975198824,-2.0975339435412,-2.09754861738366,-2.09756387722056,-2.09757969633121,-2.09759604800732,-2.0976129055788,-2.09763024243914,-2.09764803207032,-2.09766624806724,-2.09768486416178,-2.09770385424636,-2.09772319239696,-2.09774285289543,-2.09776281025127,-2.09778303922286,-2.09780351483829,-2.09782421241578,-2.09784510758345,-2.09786617629847,-2.09788739486538,-2.09790873995381,-2.09793018861574,-2.0979517183022,-2.09797330687902,-2.09799493264199,-2.09801657433137,-2.09803821114572,-2.09805982275482,-2.09808138931199,-2.0981028914655,-2.0981243103692,-2.09814562769234,-2.09816682562857,-2.09818788690421,-2.09820879478593,-2.09822953308771,-2.09825008617707,-2.09827043898044,-2.09829057698759,-2.09831048625496,-2.09833015340842,-2.09834956564543,-2.09836871073681,-2.09838757702765,-2.09840615343751,-2.09842442945977,-2.09844239516017,-2.09846004117484,-2.09847735870761,-2.09849433952689,-2.09851097596202,-2.09852726089901,-2.09854318777607,-2.0985587505787,-2.09857394383429,-2.09858876260635,-2.09860320248831,-2.09861725959693,-2.09863093056497,-2.09864421253334,-2.09865710314282,-2.09866960052544,-2.09868170329553,-2.09869341054061,-2.09870472181214,-2.0987156371161,-2.09872615690326,-2.09873628205903,-2.09874601389317,-2.09875535412906,-2.09876430489288,-2.09877286870255,-2.09878104845642,-2.09878884742188,-2.09879626922363,-2.09880331783193,-2.09880999755055,-2.09881631300458,-2.0988222691279,-2.09882787115036,-2.09883312458481,-2.09883803521409,-2.09884260907782,-2.09884685245896,-2.09885077187015,-2.09885437403988,-2.09885766589856,-2.09886065456451,-2.09886334732999,-2.0988657516474,-2.09886787511572,-2.09886972546692,-2.0988713105524,-2.09887263832967,-2.09887371684934,-2.09887455424247,-2.09887515870826,-2.098875538502,-2.09887570192335,-2.09887565730508,-2.09887541300225,-2.09887497738174,-2.09887435881208,-2.09887356565344,-2.09887260624796,-2.09887148891008,-2.09887022191702,-2.09886881349933,-2.09886727183155,-2.09886560502307,-2.09886382110928,-2.09886192804287,-2.09885993368548,-2.09885784579951,-2.09885567204046,-2.09885341994968,-2.09885109694771,-2.09884871032768,-2.09884626724898,-2.09884377473112,-2.09884123964819,-2.09883866872366,-2.09883606852563,-2.09883344546241,-2.09883080577841,-2.0988281555503,-2.09882550068361,-2.0988228469097,-2.09882019978306,-2.09881756467876,-2.09881494679021,-2.09881235112723,-2.09880978251443,-2.09880724558996,-2.09880474480414,-2.09880228441849,-2.0987998685047,-2.09879750094384,-2.0987951854259,-2.09879292544974,-2.09879072432351,-2.0987885851655,-2.09878651090521,-2.09878450428471,-2.09878256786002,-2.09878070400249,-2.09877891490031,-2.09877720256003,-2.09877556880821,-2.09877401529328,-2.0987725434877,-2.09877115469041,-2.09876985002956,-2.0987686304655,-2.09876749679384,-2.09876644964883,-2.09876548950642,-2.09876461668745,-2.09876383136088,-2.09876313354709,-2.09876252312114,-2.09876199981605,-2.09876156322605,-2.09876121280986,-2.09876094789408,-2.09876076767662,-2.09876067123032,-2.09876065750668,-2.0987607253397,-2.09876087344978,-2.09876110044765,-2.09876140483858,-2.09876178502676,-2.09876223931989,-2.09876276593383,-2.09876336299727,-2.09876402855634,-2.09876476057919,-2.09876555696054,-2.09876641552598,-2.09876733403618,-2.09876831019111,-2.09876934163416,-2.09877042595634,-2.09877156070046,-2.09877274336552,-2.09877397141115,-2.09877524226188,-2.09877655331132,-2.09877790192619,-2.09877928545011,-2.09878070120721,-2.09878214650563,-2.09878361864077,-2.09878511489865,-2.09878663255919,-2.09878816889939,-2.09878972119637,-2.09879128673025,-2.09879286278707,-2.09879444666159,-2.09879603566017,-2.09879762710369,-2.09879921833046,-2.09880080669912,-2.09880238959173,-2.09880396441675,-2.0988055286125,-2.09880707965074,-2.09880861504064,-2.09881013233273,-2.09881162912272,-2.09881310305517,-2.09881455182704,-2.09881597319117,-2.09881736495962,-2.09881872500679,-2.09882005127246,-2.09882134176466,-2.09882259456236,-2.09882380781815,-2.09882497976059,-2.09882610869671,-2.0988271930145,-2.09882823118552,-2.09882922176722,-2.09883016340514,-2.09883105483484,-2.09883189488349,-2.09883268247124,-2.09883341661216,-2.09883409641493,-2.09883472108335,-2.09883528991661,-2.09883580230927,-2.09883625775122,-2.09883665582746,-2.09883699621773,-2.09883727869603,-2.09883750313012,-2.09883766948083,-2.0988377778012,-2.09883782823556,-2.09883782101844,-2.09883775647366,-2.09883763501338,-2.09883745713722,-2.09883722343124,-2.09883693456668,-2.09883659129863,-2.09883619446453,-2.09883574498253,-2.09883524384966,-2.09883469214001,-2.09883409100278,-2.09883344166035,-2.09883274540619,-2.09883200360265,-2.09883121767856,-2.09883038912688,-2.09882951950227,-2.09882861041872,-2.0988276635471,-2.09882668061273,-2.09882566339271,-2.09882461371304,-2.0988235334457,-2.09882242450543,-2.09882128884648,-2.098820128459,-2.0988189453653,-2.09881774161609,-2.09881651928676,-2.09881528047363,-2.09881402729012,-2.09881276186284,-2.09881148632765,-2.09881020282552,-2.09880891349831,-2.09880762048429,-2.09880632591363,-2.09880503190383,-2.09880374055531,-2.09880245394704,-2.09880117413237,-2.09879990313482,-2.09879864294392,-2.09879739551131,-2.09879616274694,-2.09879494651523,-2.09879374863152,-2.09879257085827,-2.09879141490135,-2.09879028240622,-2.09878917495423,-2.09878809405901,-2.09878704116299,-2.09878601763425,-2.09878502476349,-2.09878406376147,-2.09878313575655,-2.09878224179257,-2.09878138282699,-2.09878055972936,-2.09877977327987,-2.09877902416823,-2.09877831299291,-2.0987776402606,-2.09877700638579,-2.09877641169045,-2.09877585640391,-2.09877534066313,-2.09877486451322,-2.09877442790812,-2.09877403071155,-2.09877367269811,-2.09877335355457,-2.09877307288124,-2.09877283019346,-2.09877262492333,-2.09877245642145,-2.09877232395886,-2.09877222672887,-2.09877216384912,-2.0987721343638,-2.09877213724617,-2.09877217140135,-2.09877223566914,-2.09877232882691,-2.09877244959243,-2.09877259662703,-2.09877276853881,-2.09877296388587,-2.09877318117956,-2.0987734188879,-2.09877367543904,-2.09877394922463,-2.09877423860329,-2.09877454190392,-2.09877485742899,-2.09877518345791,-2.09877551825049,-2.09877586005064,-2.09877620709017,-2.09877655759276,-2.09877690977804,-2.0987772618658,-2.09877761208045,-2.09877795865544,-2.09877829983769,-2.09877863389217,-2.0987789591066,-2.09877927379618,-2.09877957630832,-2.09877986502738,-2.09878013837952,-2.09878039483753,-2.09878063292544,-2.09878085122312,-2.0987810483707,-2.09878122307292,-2.09878137410351,-2.09878150030968,-2.09878160061643,-2.09878167403067,-2.09878171964535,-2.0987817366436,-2.09878172430262,-2.09878168199742,-2.09878160920433,-2.09878150550435,-2.09878137058646,-2.09878120425084,-2.09878100641178,-2.09878077710043,-2.09878051646741,-2.09878022478514,-2.09877990244996,-2.09877954998393,-2.09877916803622,-2.09877875738442,-2.0987783189358,-2.09877785372829,-2.098777362931,-2.09877684784463,-2.0987763099017,-2.09877575066677,-2.09877517183629,-2.09877457523861,-2.09877396283356,-2.09877333671217,-2.09877269909641,-2.09877205233885,-2.09877139892215,-2.09877074145836,-2.09877008268829,-2.09876942548087,-2.09876877283261,-2.09876812786691,-2.098767493833,-2.09876687410481,-2.09876627217963,-2.09876569167665,-2.09876513633517,-2.09876461001252,-2.09876411668172,-2.09876366042904,-2.09876324545124,-2.09876287605284,-2.09876255664301,-2.09876229173228,-2.09876208592882,-2.09876194393449,-2.09876187054064,-2.09876187062393,-2.09876194914174,-2.09876211112753,-2.09876236168581,-2.09876270598689,-2.09876314926142,-2.0987636967946,-2.09876435392044,-2.09876512601584,-2.09876601849454,-2.09876703680109,-2.09876818640463,-2.09876947279281,-2.0987709014656,-2.0987724779293,-2.09877420769048,-2.09877609625007,-2.09877814909755,-2.09878037170515,-2.09878276952216,-2.09878534796926,-2.09878811243291,-2.09879106825983,-2.09879422075122,-2.09879757515694,-2.09880113666985,-2.09880491042004,-2.09880890146933,-2.0988131148056,-2.0988175553371,-2.09882222788678,-2.09882713718661,-2.09883228787178,-2.09883768447475,-2.0988433314193,-2.09884923301462,-2.09885539344928,-2.09886181678539,-2.09886850695258,-2.09887546774206,-2.09888270280078,-2.0988902156259,-2.09889800955944,-2.09890608778286,-2.09891445331179,-2.09892310899083,-2.09893205748867,-2.09894130129322,-2.09895084270696,-2.0989606838424,-2.09897082661775,-2.09898127275277,-2.09899202376485,-2.09900308096521,-2.0990144454552,-2.09902611812286,-2.09903809963947,-2.09905039045615,-2.09906299080062,-2.0990759006742,-2.09908911984912,-2.09910264786603,-2.09911648403155,-2.09913062741639,-2.09914507685374,-2.09915983093793,-2.09917488802318,-2.09919024622247,-2.09920590340657,-2.09922185720347,-2.09923810499807,-2.09925464393225,-2.09927147090505,-2.09928858257332,-2.09930597535249,-2.09932364541756,-2.09934158870416,-2.09935980090979,-2.09937827749512,-2.09939701368561,-2.09941600447337,-2.0994352446192,-2.099454728655,-2.09947445088621,-2.09949440539467,-2.0995145860416,-2.0995349864708,-2.09955560011208,-2.09957642018474,-2.0995974397012,-2.09961865147098,-2.09964004810474,-2.09966162201874,-2.09968336543938,-2.09970527040788,-2.09972732878507,-2.09974953225617,-2.09977187233585,-2.0997943403733,-2.09981692755755,-2.09983962492299,-2.09986242335487,-2.09988531359484,-2.09990828624674,-2.09993133178261,-2.09995444054883,-2.09997760277245,-2.10000080856758,-2.10002404794185,-2.10004731080308,-2.10007058696612,-2.1000938661597,-2.10011713803336,-2.10014039216438,-2.10016361806496,-2.10018680518934,-2.10020994294123,-2.10023302068146,-2.10025602773588,-2.1002789534034,-2.10030178696431,-2.10032451768856,-2.10034713484438,-2.10036962770681,-2.10039198556638,-2.1004141977379,-2.10043625356923,-2.10045814245025,-2.10047985382181,-2.10050137718485,-2.10052270210954,-2.1005438182445,-2.10056471532603,-2.10058538318734,-2.10060581176786,-2.10062599112244,-2.10064591143037,-2.10066556300435,-2.10068493629928,-2.10070402192086,-2.10072281063415,-2.10074129337209,-2.1007594612441,-2.10077730554483,-2.10079481776284,-2.10081198958934,-2.10082881292676,-2.10084527989717,-2.1008613828504,-2.10087711437163,-2.10089246728861,-2.10090743467835,-2.10092200987338,-2.10093618646744,-2.1009499583208,-2.10096331956506,-2.10097626460779,-2.10098878813648,-2.10100088512214,-2.10101255082236,-2.10102378078423,-2.10103457084688,-2.10104491714366,-2.10105481610396,-2.10106426445498,-2.10107325922342,-2.10108179773702,-2.10108987762593,-2.10109749682404,-2.10110465357028,-2.10111134640953,-2.10111757419343,-2.1011233360808,-2.101128631538,-2.10113346033889,-2.10113782256431,-2.10114171860119,-2.10114514914133,-2.10114811517968,-2.1011506180123,-2.10115265923387,-2.10115424073479,-2.10115536469777,-2.10115603359408,-2.1011562501794,-2.10115601748944,-2.10115533883551,-2.10115421780009,-2.1011526582321,-2.10115066424175,-2.10114824019515,-2.10114539070876,-2.10114212064359,-2.10113843509922,-2.10113433940776,-2.10112983912778,-2.10112494003804,-2.10111964813116,-2.10111396960713,-2.10110791086682,-2.10110147850551,-2.10109467930639,-2.10108752023396,-2.10108000842739,-2.10107215119378,-2.10106395600136,-2.10105543047273,-2.10104658237796,-2.10103741962767,-2.10102795026599,-2.10101818246333,-2.10100812450898,-2.10099778480365,-2.10098717185213,-2.1009762942561,-2.10096516070705,-2.10095377997904,-2.1009421609214,-2.10093031245155,-2.10091824354791,-2.10090596324288,-2.10089348061561,-2.1008808047847,-2.10086794490078,-2.10085491013906,-2.10084170969216,-2.10082835276282,-2.10081484855698,-2.10080120627676,-2.1007874351137,-2.100773544242,-2.10075954281219,-2.10074543994473,-2.10073124472377,-2.10071696619065,-2.10070261333756,-2.10068819510118,-2.10067372035631,-2.10065919790968,-2.10064463649401,-2.10063004476218,-2.10061543128169,-2.10060080452959,-2.10058617288782,-2.10057154463878,-2.100556927961,-2.10054233092499,-2.10052776148914,-2.10051322749599,-2.10049873666873,-2.10048429660774,-2.10046991478739,-2.100455598553,-2.10044135511797,-2.10042719156099,-2.10041311482325,-2.10039913170577,-2.10038524886673,-2.10037147281901,-2.10035780992771,-2.1003442664078,-2.10033084832218,-2.10031756158011,-2.10030441193605,-2.10029140498881,-2.10027854618078,-2.10026584079757,-2.10025329396792,-2.10024091066388,-2.10022869570103,-2.10021665373898,-2.1002047892819,-2.1001931066792,-2.10018161012634,-2.10017030366572,-2.10015919118735,-2.10014827642949,-2.10013756297904,-2.10012705427221,-2.10011675359501,-2.10010666408397,-2.10009678872667,-2.1000871303623,-2.10007769168206,-2.10006847522965,-2.10005948340194,-2.10005071844989,-2.10004218247945,-2.10003387745253,-2.10002580518792,-2.10001796736215,-2.10001036551037,-2.10000300102723,-2.09999587516767,-2.09998898904785,-2.09998234364608,-2.09997593980347,-2.09996977822481,-2.09996385947941,-2.09995818400221,-2.09995275209474,-2.09994756392616,-2.09994261953415,-2.0999379188259,-2.09993346157913,-2.099929247443,-2.09992527593902,-2.09992154646198,-2.09991805828094,-2.09991481054032,-2.09991180226117,-2.09990903234235,-2.09990649956165,-2.09990420257679,-2.09990213992654,-2.09990031003176,-2.09989871119641,-2.09989734160836,-2.09989619934016,-2.09989528234965,-2.09989458848043,-2.09989411546217,-2.09989386091075,-2.09989382232812,-2.09989399710212,-2.09989438250595,-2.09989497569756,-2.09989577371881,-2.09989677349437,-2.09989797183043,-2.09989936541342,-2.09990095080882,-2.09990272445998,-2.09990468268699,-2.09990682168532,-2.09990913752438,-2.09991162614604,-2.09991428336312,-2.09991710485798,-2.09992008618129,-2.09992322275087,-2.09992650985069,-2.09992994262995,-2.09993351610193,-2.09993722514297,-2.09994106449128,-2.09994502874585,-2.09994911236536,-2.09995330966721,-2.09995761482659,-2.09996202187559,-2.09996652470199,-2.09997111704812,-2.09997579250953,-2.09998054453401,-2.0999853664207,-2.09999025131942,-2.09999519223024,-2.10000018200317,-2.10000521333825,-2.10001027878574,-2.10001537074674,-2.10002048147412,-2.10002560307391,-2.10003072750707,-2.10003584659169,-2.10004095200532,-2.10004603528737,-2.10005108784159,-2.10005610093848,-2.1000610657178,-2.10006597319116,-2.10007081424467,-2.10007557964175,-2.10008026002596,-2.10008484592407,-2.10008932774912,-2.1000936958036,-2.1000979402827,-2.10010205127777,-2.10010601878029,-2.10010983268632,-2.10011348280151,-2.10011695884659,-2.10012025046321,-2.10012334721996,-2.10012623861874,-2.10012891410146,-2.10013136305702,-2.10013357482848,-2.10013553872037,-2.10013724400599,-2.10013867993469,-2.10013983573943,-2.10014070064439,-2.10014126387292,-2.10014151465581,-2.10014144223992,-2.10014103589698,-2.10014028493255,-2.10013917869499,-2.1001377065846,-2.10013585806295,-2.10013362266247,-2.10013098999631,-2.10012794976839,-2.10012449178343,-2.10012060595688,-2.10011628232463,-2.10011151105289,-2.10010628244793,-2.10010058696584,-2.10009441522241,-2.10008775800292,-2.10008060627201,-2.10007295118336,-2.10006478408947,-2.10005609655138,-2.1000468803484,-2.10003712748786,-2.10002683021464,-2.10001598102058,-2.10000457265367,-2.09999259812693,-2.09998005072709,-2.09996692402325,-2.0999532118753,-2.09993890844216,-2.09992400818966,-2.09990850589829,-2.09989239667077,-2.09987567593933,-2.09985833947268,-2.09984038338256,-2.09982180413003,-2.0998025985313,-2.09978276376302,-2.09976229736721,-2.09974119725571,-2.09971946171436,-2.09969708940675,-2.0996740793776,-2.09965043105579,-2.09962614425692,-2.09960121918552,-2.09957565643676,-2.09954945699781,-2.09952262224893,-2.09949515396416,-2.09946705431159,-2.09943832585282,-2.09940897154182,-2.09937899472316,-2.09934839912957,-2.09931718887896,-2.09928536847074,-2.09925294278175,-2.09921991706155,-2.09918629692708,-2.09915208835659,-2.09911729768307,-2.09908193158708,-2.09904599708901,-2.09900950154052,-2.09897245261531,-2.09893485829951,-2.09889672688161,-2.0988580669418,-2.09881888734098,-2.09877919720916,-2.09873900593328,-2.09869832314449,-2.0986571587047,-2.0986155226927,-2.09857342538968,-2.09853087726437,-2.09848788895777,-2.09844447126736,-2.09840063513086,-2.09835639160947,-2.09831175187075,-2.09826672717095,-2.09822132883678,-2.09817556824668,-2.09812945681175,-2.09808300595628,-2.09803622709794,-2.0979891316276,-2.09794173088849,-2.09789403615494,-2.09784605861067,-2.09779780932659,-2.09774929923827,-2.09770053912313,-2.09765153957743,-2.09760231099312,-2.09755286353473,-2.09750320711606,-2.09745335137694,-2.09740330565977,-2.09735307898609,-2.09730268003309,-2.09725211711019,-2.09720139813563,-2.09715053061317,-2.09709952160878,-2.09704837772747,-2.09699710509009,-2.09694570931013,-2.09689419547069,-2.09684256810179,-2.09679083115778,-2.09673898799494,-2.09668704134921,-2.09663499331402,-2.09658284531839,-2.0965305981052,-2.09647825170962,-2.09642580543797,-2.0963732578467,-2.09632060672174,-2.09626784905799,-2.0962149810393,-2.09616199801886,-2.09610889450014,-2.09605566411844,-2.09600229962298,-2.09594879285954,-2.09589513475388,-2.09584131529578,-2.09578732352369,-2.09573314751001,-2.09567877434695,-2.095624190133,-2.09556937996006,-2.09551432790125,-2.0954590169994,-2.09540342925643,-2.09534754562353,-2.09529134599228,-2.09523480918652,-2.09517791295502,-2.09512063396498,-2.09506294779634,-2.09500482893688,-2.09494625077816,-2.0948871856121,-2.0948276046283,-2.09476747791211,-2.09470677444365,-2.09464546209775,-2.09458350764499,-2.09452087675379,-2.09445753399339,-2.0943934428377,-2.09432856567003,-2.09426286378872,-2.09419629741406,-2.09412882569623,-2.09406040672435,-2.09399099753613,-2.09392055412833,-2.09384903146807,-2.09377638350488,-2.09370256318351,-2.09362752245747,-2.09355121230335,-2.09347358273594,-2.093394582824,-2.09331416070682,-2.0932322636115,-2.09314883787088,-2.09306382894209,-2.09297718142583,-2.09288883908633,-2.09279874487165,-2.09270684093461,-2.09261306865453,-2.09251736865954,-2.09241968084951,-2.09231994441951,-2.09221809788387,-2.09211407910076,-2.09200782529733,-2.09189927309537,-2.09178835853722,-2.09167501711198,-2.09155918378168,-2.09144079300765,-2.09131977877724,-2.09119607463099,-2.09106961369,-2.0909403286835,-2.09080815197648,-2.09067301559762,-2.09053485126744,-2.09039359042665,-2.09024916426465,-2.09010150374821,-2.08995053965039,-2.08979620257966,-2.08963842300934,-2.08947713130749,-2.08931225776674,-2.08914373263397,-2.08897148613983,-2.08879544852817,-2.08861555008538,-2.08843172116947,-2.08824389223894,-2.08805199388144,-2.08785595684231,-2.08765571205264,-2.08745119065678,-2.0872423240395,-2.08702904385285,-2.08681128204269,-2.08658897087499,-2.08636204296179,-2.08613043128677,-2.08589406923031,-2.08565289059402,-2.08540682962486,-2.08515582103887,-2.0848998000445,-2.0846387023655,-2.08437246426309,-2.08410102255773,-2.0838243146503,-2.08354227854296,-2.08325485285957,-2.08296197686546,-2.08266359048694,-2.08235963433029,-2.08205004970007,-2.08173477861669,-2.08141376383329,-2.08108694885199,-2.08075427793945,-2.08041569614194,-2.08007114929973,-2.07972058406091,-2.07936394789446,-2.07900118910266,-2.07863225683295,-2.07825710108898,-2.07787567274123,-2.07748792353696,-2.07709380610958,-2.07669327398739,-2.07628628160167,-2.0758727842941,-2.07545273832359,-2.07502610087226,-2.07459283005063,-2.07415288490211,-2.07370622540701,-2.07325281248585,-2.07279260800227,-2.07232557476568,-2.07185167653308,-2.07137087801031,-2.07088314485307,-2.07038844366754,-2.06988674201067,-2.06937800838998,-2.06886221226283,-2.06833932403531,-2.06780931506064,-2.06727215763705,-2.0667278250051,-2.06617629134478,-2.06561753177225,-2.06505152233613,-2.06447824001344,-2.06389766270504,-2.06330976923084,-2.0627145393247,-2.062111953629,-2.06150199368917,-2.06088464194794,-2.0602598817395,-2.05962769728341,-2.05898807367831,-2.05834099689534,-2.05768645377125,-2.05702443200145,-2.0563549201331,-2.05567790755803,-2.05499338450595,-2.0543013420374,-2.05360177203667,-2.05289466720458,-2.05218002105116,-2.05145782788857,-2.05072808282386,-2.04999078175204,-2.0492459213492,-2.04849349906585,-2.04773351312046,-2.04696596249327,-2.04619084692015,-2.04540816688672,-2.04461792362279,-2.04382011909714,-2.04301475601287,-2.04220183780305,-2.04138136862687,-2.04055335336642,-2.03971779762397,-2.03887470772001,-2.03802409069184,-2.03716595429266,-2.03630030699115,-2.03542715797171,-2.03454651713542,-2.03365839510187,-2.03276280321175,-2.03185975353025,-2.03094925885121,-2.03003133270204,-2.02910598934915,-2.02817324380432,-2.0272331118317,-2.02628560995575,-2.02533075547004,-2.02436856644714,-2.02339906174928,-2.0224222610398,-2.02143818479546,-2.02044685431962,-2.01944829175634,-2.01844252010538,-2.01742956323791,-2.01640944591323,-2.01538219379627,-2.01434783347588,-2.01330639248416,-2.01225789931662,-2.01120238345316,-2.01013987537988,-2.00907040661166,-2.0079940097156,-2.00691071833535,-2.00582056721631,-2.00472359223153,-2.00361983040856,-2.00250931995675,-2.00139210029543,-2.00026821208285,-1.99913769724571,-1.99800059900918,-1.99685696192731,-1.99570683191369,-1.99455025627284,-1.99338728373181,-1.99221796447202,-1.99104235016128,-1.98986049398621,-1.98867245068477,-1.98747827657889,-1.98627802960727,-1.98507176935842,-1.98385955710394,-1.98264145583185,-1.98141753027981,-1.98018784696824,-1.97895247423321,-1.97771148225914,-1.97646494311105,-1.97521293076639,-1.97395552114652,-1.97269279214767,-1.97142482367166,-1.97015169765577,-1.96887349810222,-1.96759031110693,-1.96630222488768,-1.96500932981136,-1.96371171842035,-1.96240948545786,-1.96110272789207,-1.95979154493903,-1.95847603808451,-1.95715631110481,-1.95583247008602,-1.95450462344203,-1.95317288193124,-1.95183735867191,-1.9504981691561,-1.94915543126213,-1.94780926526548,-1.94645979384831,-1.94510714210713,-1.94375143755864,-1.9423928101437,-1.9410313922295,-1.93966731860978,-1.93830072650309,-1.93693175554885,-1.93556054780144,-1.93418724772222,-1.93281200216943,-1.93143496038618,-1.93005627398636,-1.9286760969384,-1.92729458554688,-1.92591189843201,-1.92452819650695,-1.9231436429532,-1.92175840319419,-1.92037264486667,-1.9189865377901,-1.91760025393379,-1.91621396738187,-1.91482785429631,-1.9134420928779,-1.91205686332537,-1.91067234779272,-1.90928873034444,-1.90790619690898,-1.90652493523031,-1.90514513481749,-1.90376698689225,-1.90239068433465,-1.90101642162671,-1.89964439479429,-1.89827480134714,-1.89690784021725,-1.89554371169579,-1.89418261736851,-1.89282476004976,-1.89147034371485,-1.89011957343095,-1.88877265528648,-1.88742979631914,-1.88609120444251,-1.88475708837133,-1.88342765754541,-1.88210312205241,-1.88078369254949,-1.87946958018417,-1.8781609965145,-1.87685815342835,-1.8755612630622,-1.87427053771925,-1.87298618978728,-1.8717084316559,-1.87043747563346,-1.86917353386368,-1.86791681824188,-1.86666754033089,-1.86542591127676,-1.86419214172413,-1.86296644173152,-1.86174902068699,-1.86054008722373,-1.85933984913566,-1.85814851329332,-1.85696628555978,-1.85579337070689,-1.85462997233169,-1.85347629277316,-1.85233253302931,-1.85119889267497,-1.85007556978005,-1.84896276082871,-1.84786066063909,-1.84676946228392,-1.84568935701191,-1.84462053417,-1.84356318112691,-1.84251748319766,-1.84148362356923,-1.84046178322733,-1.83945214088403,-1.8384548729067,-1.83747015324835,-1.83649815337947,-1.83553904222119,-1.83459298607989,-1.83366014858319,-1.83274069061747,-1.83183477026679,-1.83094254275337,-1.83006416037957,-1.82919977247181,-1.82834952532646,-1.82751356215728,-1.8266920230445,-1.82588504488539,-1.82509276134683,-1.82431530281962,-1.8235527963746,-1.82280536572077,-1.82207313116526,-1.82135620957518,-1.8206547143411,-1.81996875534241,-1.81929843891453,-1.81864386781815,-1.81800514121026,-1.8173823546174,-1.81677559991093,-1.81618496528416,-1.81561053523123,-1.81505239052791,-1.81451060821419,-1.81398526157892,-1.81347642014606,-1.81298414966282,-1.81250851208947,-1.81204956559102,-1.8116073645306,-1.81118195946454,-1.81077339713939,-1.81038172049055,-1.81000696864287,-1.80964917691301,-1.80930837681335,-1.80898459605769,-1.80867785856862,-1.80838818448654,-1.80811559018026,-1.80786008825899,-1.80762168758562,-1.80740039329133,-1.80719620679149,-1.80700912580285,-1.80683914436216,-1.80668625284613,-1.80655043799228,-1.80643168292093,-1.80632996715833,-1.80624526666105,-1.80617755384161,-1.80612679759536,-1.80609296332846,-1.80607601298708,-1.80607590508751,-1.80609259474748,-1.80612603371841,-1.80617617041846,-1.80624294996654,-1.80632631421708,-1.80642620179563,-1.80654254813513,-1.80667528551285,-1.80682434308802,-1.80698964694039,-1.8071711201093,-1.80736868263322,-1.80758225158981,-1.8078117411366,-1.80805706255242,-1.8083181242794,-1.80859483196538,-1.80888708850669,-1.8091947940913,-1.80951784624231,-1.80985613986181,-1.81020956727499,-1.81057801827463,-1.81096138016572,-1.81135953781044,-1.81177237367334,-1.81219976786672,-1.8126415981962,-1.8130977402064,-1.81356806722662,-1.81405245041657,-1.81455075881201,-1.81506285937068,-1.81558861701815,-1.81612789469363,-1.81668055339592,-1.8172464522294,-1.81782544845013,-1.81841739751201,-1.81902215311297,-1.81963956724112,-1.82026949022088,-1.82091177075928,-1.82156625599234,-1.82223279153169,-1.82291122151133,-1.82360138863454,-1.82430313422107,-1.82501629825436,-1.82574071942887,-1.82647623519761,-1.82722268181975,-1.82797989440856,-1.82874770697926,-1.82952595249721,-1.83031446292616,-1.83111306927669,-1.83192160165457,-1.83273988930907,-1.83356776068134,-1.83440504345278,-1.83525156459346,-1.83610715041082,-1.83697162659864,-1.83784481828641,-1.83872655008886,-1.83961664615562,-1.84051493022093,-1.84142122565363,-1.84233535550709,-1.84325714256937,-1.84418640941337,-1.84512297844724,-1.84606667196469,-1.84701731219551,-1.84797472135628,-1.84893872170129,-1.84990913557362,-1.8508857854564,-1.85186849402418,-1.85285708419436,-1.85385137917874,-1.85485120253503,-1.85585637821841,-1.85686673063325,-1.857882084685,-1.85890226583203,-1.8599271001374,-1.86095641432069,-1.86199003580963,-1.86302779279183,-1.8640695142665,-1.86511503009596,-1.86616417105713,-1.86721676889275,-1.86827265636242,-1.86933166729377,-1.8703936366335,-1.87145840049857,-1.87252579622719,-1.87359566242961,-1.87466783903862,-1.87574216735976,-1.87681849012128,-1.87789665152384,-1.87897649729003,-1.88005787471378,-1.88114063270943,-1.88222462186042,-1.88330969446728,-1.88439570459493,-1.88548250811938,-1.88656996277382,-1.88765792819422,-1.88874626596417,-1.88983483965934,-1.89092351489116,-1.89201215934989,-1.89310064284676,-1.89418883735553,-1.89527661705324,-1.89636385836008,-1.89745043997851,-1.89853624293127,-1.89962115059842,-1.90070504875341,-1.9017878255979,-1.90286937179559,-1.90394958050481,-1.90502834741008,-1.90610557075248,-1.90718115135887,-1.90825499266983,-1.90932700076657,-1.91039708439645,-1.91146515499717,-1.91253112671954,-1.91359491644881,-1.91465644382491,-1.91571563126145,-1.91677240396337,-1.91782668994302,-1.91887842003451,-1.9199275279065,-1.92097395007326,-1.92201762590428,-1.92305849763209,-1.92409651035839,-1.9251316120585,-1.9261637535839,-1.92719288866318,-1.92821897390106,-1.92924196877562,-1.93026183563357,-1.93127853968378,-1.93229204898891,-1.93330233445517,-1.93430936982021,-1.93531313163897,-1.93631359926777,-1.93731075484625,-1.93830458327754,-1.93929507220655,-1.94028221199652,-1.94126599570355,-1.94224641904938,-1.94322348039249,-1.94419718069746,-1.94516752350273,-1.94613451488612,-1.94709816342858,-1.94805848017601,-1.94901547859943,-1.949969174553,-1.95091958623027,-1.95186673411862,-1.95281064095219,-1.95375133166321,-1.9546888333317,-1.95562317513353,-1.95655438828703,-1.95748250599783,-1.95840756340224,-1.95932959750915,-1.96024864714063,-1.96116475287099,-1.9620779569645,-1.9629883033117,-1.9638958373644,-1.96480060606925,-1.96570265780019,-1.96660204228972,-1.9674988105591,-1.96839301484751,-1.96928470854031,-1.97017394609627,-1.97106078297374,-1.97194527555593,-1.97282748107547,-1.97370745753814,-1.97458526364614,-1.97546095872101,-1.97633460262603,-1.9772062556882,-1.97807597861981,-1.97894383243953,-1.97980987839331,-1.98067417787503,-1.98153679234734,-1.9823977832625,-1.9832572119833,-1.984115139704,-1.98497162737132,-1.98582673560575,-1.98668052462295,-1.98753305415563,-1.98838438337552,-1.98923457081576,-1.99008367429356,-1.99093175083336,-1.99177885659063,-1.99262504677644,-1.9934703755828,-1.99431489610893,-1.9951586602885,-1.99600171881796,-1.99684412108621,-1.99768591510535,-1.99852714744256,-1.99936786315326,-2.00020810571557,-2.00104791696644,-2.00188733703937,-2.00272640430374,-2.00356515530554,-2.00440362470976,-2.0052418452444,-2.00607984764604,-2.00691766060703,-2.00775531072454,-2.00859282245157,-2.00943021804974,-2.01026751754394,-2.01110473867869,-2.0119418968765,-2.01277900519834,-2.01361607430638,-2.01445311242905,-2.01529012532818,-2.01612711626833,-2.01696408598821,-2.01780103267418,-2.01863795193591,-2.01947483678407,-2.02031167761033,-2.02114846216995,-2.02198517556676,-2.02282180024057,-2.02365831595724,-2.024494699801,-2.02533092616937,-2.02616696677046,-2.02700279062284,-2.02783836405805,-2.02867365072568,-2.02950861160107,-2.03034320499529,-2.03117738656757,-2.03201110934005,-2.03284432371488,-2.03367697749352,-2.03450901589843,-2.03534038159734,-2.03617101472984,-2.0370008529363,-2.03782983138908,-2.03865788282606,-2.03948493758655,-2.04031092364943,-2.04113576667363,-2.04195939004077,-2.04278171490023,-2.04360266021623,-2.04442214281699,-2.04524007744593,-2.04605637681469,-2.04687095165794,-2.04768371078994,-2.04849456116298,-2.04930340792762,-2.05011015449465,-2.05091470259869,-2.05171695236339,-2.05251680236847,-2.05331414971828,-2.05410889011201,-2.05490091791518,-2.05569012623252,-2.05647640698201,-2.05725965097027,-2.05803974796929,-2.05881658679419,-2.059590055382,-2.06036004087142,-2.06112642968355,-2.0618891076035,-2.06264795986283,-2.06340287122258,-2.06415372605684,-2.06490040843691,-2.06564280221595,-2.06638079111404,-2.06711425880366,-2.06784308899551,-2.06856716552451,-2.069286372436,-2.07000059407209,-2.07070971515815,-2.07141362088948,-2.07211219701782,-2.07280532993792,-2.07349290677377,-2.07417481546433,-2.07485094484881,-2.07552118475143,-2.07618542606542,-2.0768435608366,-2.07749548234625,-2.07814108519332,-2.07878026537588,-2.07941292037152,-2.08003894921699,-2.08065825258687,-2.08127073287116,-2.08187629425186,-2.08247484277831,-2.0830662864415,-2.0836505352468,-2.08422750128526,-2.08479709880352,-2.08535924427209,-2.08591385645208,-2.08646085646028,-2.0870001678325,-2.08753171658505,-2.08805543127433,-2.08857124305444,-2.08907908573285,-2.08957889582397,-2.09007061260077,-2.09055417814426,-2.09102953739103,-2.09149663817851,-2.09195543128821,-2.092405870487,-2.09284791256628,-2.09328151737927,-2.09370664787607,-2.09412327013642,-2.09453135340017,-2.0949308700953,-2.0953217958635,-2.09570410958338,-2.09607779339127,-2.09644283269934,-2.0967992162111,-2.09714693593449,-2.0974859871923,-2.09781636863024,-2.09813808222246,-2.09845113327471,-2.09875553042516,-2.09905128564291,-2.09933841422396,-2.09961693478474,-2.099886869253,-2.10014824285633,-2.1004010841081,-2.10064542479105,-2.10088129993833,-2.10110874781213,-2.1013278098796,-2.10153853078635,-2.10174095832762,-2.10193514341737,-2.10212114005487,-2.10229900528914,-2.1024687991814,-2.10263058476548,-2.10278442800621,-2.10293039775573,-2.10306856570765,-2.1031990063493,-2.10332179691213,-2.10343701732011,-2.10354475013622,-2.10364508050713,-2.10373809610624,-2.10382388707489,-2.10390254596209,-2.10397416766254,-2.10403884935311,-2.10409669042782,-2.10414779243143,-2.10419225899145,-2.10423019574883,-2.10426171028739,-2.10428691206209,-2.10430591232621,-2.10431882405752,-2.1043257618833,-2.10432684200475,-2.10432218212065,-2.10431190135055,-2.10429612015701,-2.10427496026736,-2.10424854459484,-2.10421699715928,-2.10418044300739,-2.10413900813265,-2.10409281939503,-2.1040420044404,-2.10398669161999,-2.10392700990955,-2.10386308882866,-2.10379505836009,-2.10372304886929,-2.10364719102411,-2.10356761571491,-2.10348445397491,-2.10339783690085,-2.10330789557407,-2.1032147609821,-2.10311856394066,-2.1030194350163,-2.10291750444972,-2.10281290208003,-2.10270575726977,-2.10259619883101,-2.10248435495255,-2.10237035312809,-2.10225432008542,-2.1021363817168,-2.10201666301054,-2.1018952879839,-2.10177237961732,-2.10164805978987,-2.10152244921616,-2.1013956673847,-2.10126783249772,-2.10113906141237,-2.10100946958351,-2.10087917100787,-2.10074827816986,-2.10061690198887,-2.10048515176811,-2.10035313514495,-2.10022095804295,-2.10008872462576,-2.09995653725276,-2.09982449643654,-2.09969270080212,-2.099561247048,-2.09943022990886,-2.09929974212017,-2.09916987438479,-2.09904071534147,-2.09891235153533,-2.09878486739024,-2.09865834518304,-2.09853286501982,-2.0984085048141,-2.09828534026701,-2.09816344484931,-2.09804288978554,-2.0979237440401,-2.09780607430536,-2.09768994499188,-2.09757541822039,-2.0974625538156,-2.09735140930174,-2.09724203990003,-2.09713449852804,-2.0970288358007,-2.09692510003327,-2.09682333724595,-2.09672359117043,-2.09662590325816,-2.09653031269029,-2.09643685638934,-2.09634556903267,-2.09625648306762,-2.09616962872831,-2.09608503405392,-2.09600272490832,-2.095922725001,-2.09584505590935,-2.09576973710241,-2.09569678596594,-2.09562621782886,-2.09555804599092,-2.09549228175138,-2.09542893443865,-2.09536801144071,-2.09530951823641,-2.09525345842765,-2.09519983377244,-2.09514864421861,-2.09509988793826,-2.09505356136312,-2.09500965922049,-2.09496817456977,-2.09492909883942,-2.0948924218644,-2.09485813192423,-2.09482621578174,-2.09479665872216,-2.09476944459264,-2.09474455584226,-2.09472197356226,-2.0947016775266,-2.09468364623295,-2.09466785694412,-2.09465428572997,-2.09464290750947,-2.09463369609316,-2.09462662422549,-2.09462166362674,-2.09461878503482,-2.09461795824682,-2.09461915216071,-2.09462233481683,-2.09462747343926,-2.09463453447686,-2.09464348364412,-2.09465428596168,-2.09466690579644,-2.09468130690122,-2.09469745245412,-2.09471530509754,-2.09473482697668,-2.09475597977758,-2.09477872476463,-2.09480302281741,-2.09482883446667,-2.09485611992976,-2.09488483914547,-2.09491495180814,-2.09494641740112,-2.09497919522954,-2.09501324445239,-2.09504852411384,-2.09508499317385,-2.09512261053792,-2.09516133508618,-2.09520112570161,-2.0952419412978,-2.09528374084613,-2.09532648340233,-2.09537012813237,-2.0954146343377,-2.09545996148001,-2.09550606920524,-2.09555291736688,-2.09560046604855,-2.09564867558581,-2.09569750658701,-2.0957469199534,-2.0957968768984,-2.09584733896608,-2.09589826804887,-2.09594962640474,-2.09600137667348,-2.09605348189234,-2.09610590551103,-2.09615861140606,-2.09621156389441,-2.09626472774637,-2.0963180681978,-2.09637155096166,-2.09642514223908,-2.09647880872972,-2.09653251764146,-2.09658623669941,-2.09663993415432,-2.09669357879032,-2.09674713993195,-2.09680058745073,-2.09685389177129,-2.09690702387714,-2.09695995531602,-2.09701265820476,-2.09706510523368,-2.09711726967053,-2.09716912536389,-2.09722064674623,-2.09727180883648,-2.09732258724218,-2.09737295816124,-2.09742289838325,-2.09747238529025,-2.09752139685712,-2.09756991165139,-2.09761790883247,-2.09766536815062,-2.09771226994572,-2.09775859514589,-2.09780432526576,-2.09784944240456,-2.09789392924398,-2.09793776904592,-2.09798094564988,-2.09802344347012,-2.09806524749279,-2.09810634327277,-2.09814671693032,-2.09818635514741,-2.09822524516395,-2.09826337477357,-2.09830073231907,-2.09833730668774,-2.09837308730653,-2.09840806413696,-2.0984422276698,-2.09847556891976,-2.09850807941985,-2.09853975121561,-2.0985705768593,-2.09860054940409,-2.09862966239809,-2.09865790987823,-2.09868528636387,-2.09871178685024,-2.09873740680142,-2.0987621421432,-2.09878598925582,-2.09880894496686,-2.0988310065441,-2.09885217168826,-2.09887243852593,-2.09889180560235,-2.09891027187428,-2.09892783670286,-2.0989444998466,-2.0989602614546,-2.09897512205973,-2.09898908257189,-2.09900214427117,-2.09901430880078,-2.09902557815988,-2.09903595469632,-2.0990454410994,-2.09905404039231,-2.09906175592448,-2.09906859136383,-2.09907455068924,-2.09907963818313,-2.09908385842438,-2.09908721628142,-2.09908971690569,-2.09909136572521,-2.09909216843828,-2.09909213100722,-2.09909125965205,-2.0990895608445,-2.09908704130193,-2.09908370798135,-2.09907956807345,-2.09907462899661,-2.09906889839087,-2.09906238411195,-2.09905509422553,-2.09904703700174,-2.09903822090992,-2.09902865461334,-2.09901834696379,-2.09900730699603,-2.09899554392217,-2.09898306712616,-2.09896988615857,-2.0989560107313,-2.09894145071197,-2.09892621611817,-2.09891031711175,-2.09889376399307,-2.09887656719506,-2.0988587372772,-2.09884028491957,-2.0988212209171,-2.09880155617374,-2.09878130169676,-2.09876046859098,-2.09873906805312,-2.09871711136622,-2.09869460989414,-2.09867157507626,-2.09864801842223,-2.09862395150675,-2.09859938596436,-2.09857433348436,-2.09854880580595,-2.09852281471353,-2.09849637203194,-2.09846948962167,-2.098442179374,-2.09841445320604,-2.09838632305575,-2.09835780087705,-2.09832889863496,-2.09829962830087,-2.09827000184785,-2.0982400312459,-2.0982097284571,-2.0981791054308,-2.09814817409886,-2.09811694637113,-2.09808543413101,-2.09805364923116,-2.09802160348907,-2.09798930868252,-2.09795677654509,-2.09792401876189,-2.0978910469652,-2.0978578727303,-2.09782450757128,-2.09779096293683,-2.09775725020614,-2.09772338068484,-2.0976893656011,-2.09765521610185,-2.09762094324911,-2.09758655801617,-2.09755207128383,-2.09751749383649,-2.09748283635869,-2.09744810943191,-2.09741332353141,-2.09737848902335,-2.09734361616188,-2.09730871508633,-2.09727379581852,-2.09723886826023,-2.09720394219079,-2.09716902726485,-2.09713413301042,-2.09709926882724,-2.09706444398511,-2.09702966762224,-2.09699494874344,-2.09696029621791,-2.09692571877684,-2.09689122501063,-2.09685682336585,-2.09682252214209,-2.09678832948873,-2.09675425340146,-2.09672030171851,-2.09668648211689,-2.09665280210863,-2.09661926903707,-2.09658589007347,-2.0965526722136,-2.0965196222742,-2.09648674688966,-2.0964540525087,-2.09642154539127,-2.0963892316055,-2.09635711702472,-2.09632520732474,-2.09629350798107,-2.09626202426653,-2.09623076124897,-2.09619972378906,-2.09616891653816,-2.09613834393643,-2.09610801021098,-2.09607791937407,-2.09604807522163,-2.09601848133195,-2.09598914106479,-2.09596005756075,-2.09593123374076,-2.09590267230577,-2.09587437573653,-2.09584634629383,-2.09581858601884,-2.09579109673346,-2.09576388004063,-2.09573693732467,-2.09571026975148,-2.09568387826877,-2.09565776360638,-2.09563192627651,-2.09560636657408,-2.0955810845769,-2.0955560801459,-2.09553135292534,-2.0955069023431,-2.09548272761116,-2.09545882772614,-2.09543520147011,-2.09541184741142,-2.0953887639059,-2.09536594909821,-2.09534340092346,-2.095321117109,-2.09529909517653,-2.09527733244456,-2.09525582603092,-2.09523457285544,-2.09521356964259,-2.09519281292419,-2.09517229904206,-2.09515202415099,-2.09513198422187,-2.09511217504508,-2.09509259223422,-2.09507323122986,-2.09505408730364,-2.09503515556254,-2.09501643095339,-2.09499790826727,-2.09497958214388,-2.09496144707578,-2.09494349741273,-2.09492572736626,-2.09490813101444,-2.09489070230687,-2.09487343507001,-2.09485632301266,-2.09483935973141,-2.09482253871617,-2.09480585335556,-2.0947892969423,-2.09477286267876,-2.09475654368261,-2.09474033299251,-2.09472422357389,-2.09470820832473,-2.09469228008147,-2.09467643162477,-2.09466065568536,-2.09464494495,-2.09462929206747,-2.09461368965452,-2.09459813030194,-2.0945826065806,-2.09456711104744,-2.09455163625156,-2.09453617474039,-2.0945207190658,-2.09450526178986,-2.09448979549053,-2.09447431276739,-2.09445880624737,-2.09444326859056,-2.09442769249614,-2.09441207070836,-2.09439639602261,-2.09438066129147,-2.09436485943053,-2.0943489834241,-2.09433302633091,-2.09431698128968,-2.09430084152482,-2.0942846003519,-2.09426825118276,-2.09425178753049,-2.09423520301442,-2.09421849136491,-2.09420164642792,-2.09418466216932,-2.09416753267884,-2.0941502521737,-2.09413281500189,-2.09411521564524,-2.09409744872222,-2.09407950899073,-2.09406139135089,-2.09404309084806,-2.09402460267589,-2.09400592217925,-2.09398704485693,-2.0939679663643,-2.09394868251595,-2.09392918928841,-2.09390948282289,-2.09388955942794,-2.09386941558219,-2.09384904793678,-2.09382845331764,-2.09380762872712,-2.09378657134545,-2.09376527853161,-2.09374374782404,-2.09372197694124,-2.09369996378205,-2.09367770642576,-2.09365520313197,-2.09363245234028,-2.09360945266999,-2.09358620291992,-2.09356270206807,-2.09353894927125,-2.09351494386469,-2.09349068536153,-2.09346617345234,-2.0934414080043,-2.09341638906001,-2.093391116836,-2.09336559172097,-2.0933398142738,-2.09331378522139,-2.09328750545613,-2.09326097603336,-2.09323419816879,-2.09320717323582,-2.09317990276302,-2.09315238843131,-2.09312463207081,-2.09309663565722,-2.09306840130779,-2.09303993127696,-2.09301122795183,-2.09298229384744,-2.09295313160182,-2.09292374397084,-2.09289413382309,-2.09286430413466,-2.09283425798399,-2.09280399854676,-2.09277352909073,-2.09274285297052,-2.09271197362217,-2.09268089455735,-2.09264961935743,-2.09261815166737,-2.09258649518948,-2.09255465367704,-2.09252263092778,-2.09249043077737,-2.09245805709288,-2.09242551376614,-2.09239280470711,-2.09235993383697,-2.09232690508119,-2.09229372236241,-2.09226038959338,-2.09222691066985,-2.09219328946353,-2.09215952981485,-2.09212563552572,-2.09209161035248,-2.09205745799896,-2.09202318210983,-2.09198878626396,-2.09195427396797,-2.09191964864989,-2.09188491365285,-2.09185007222893,-2.09181512753322,-2.09178008261798,-2.09174494042683,-2.09170970378886,-2.09167437541286,-2.09163895788185,-2.0916034536478,-2.0915678650266,-2.09153219419308,-2.09149644317636,-2.09146061385526,-2.09142470795416,-2.09138872703905,-2.09135267251386,-2.09131654561719,-2.09128034741937,-2.09124407881997,-2.09120774054559,-2.09117133314782,-2.09113485700138,-2.09109831230232,-2.09106169906641,-2.09102501712755,-2.09098826613626,-2.09095144555839,-2.09091455467399,-2.09087759257638,-2.09084055817151,-2.09080345017758,-2.0907662671249,-2.09072900735596,-2.09069166902571,-2.0906542501023,-2.09061674836798,-2.09057916142045,-2.09054148667458,-2.09050372136454,-2.09046586254606,-2.09042790709872,-2.09038985172824,-2.09035169296905,-2.09031342718688,-2.09027505058149,-2.09023655918946,-2.09019794888679,-2.09015921539176,-2.09012035426789,-2.09008136092739,-2.09004223063501,-2.09000295851205,-2.08996353954065,-2.08992396856814,-2.0898842403118,-2.08984434936381,-2.08980429019643,-2.0897640571673,-2.08972364452495,-2.08968304641452,-2.08964225688379,-2.08960126988903,-2.08956007930089,-2.08951867891006,-2.08947706243286,-2.08943522351687,-2.0893931557465,-2.08935085264878,-2.089308307699,-2.08926551432657,-2.08922246592069,-2.0891791558364,-2.08913557740064,-2.08909172391837,-2.08904758867842,-2.08900316495929,-2.08895844603471,-2.08891342517902,-2.08886809567233,-2.08882245080536,-2.08877648388421,-2.08873018823504,-2.08868355720867,-2.0886365841851,-2.08858926257742,-2.08854158583534,-2.08849354744832,-2.0884451409486,-2.08839635991389,-2.0883471979699,-2.08829764879249,-2.08824770610986,-2.08819736370427,-2.0881466154134,-2.08809545513145,-2.08804387680983,-2.08799187445775,-2.08793944214244,-2.08788657398929,-2.08783326418162,-2.08777950696027,-2.08772529662287,-2.08767062752317,-2.08761549407014,-2.08755989072719,-2.08750381201122,-2.08744725249121,-2.08739020678644,-2.08733266956418,-2.08727463553727,-2.08721609946135,-2.08715705613201,-2.08709750038166,-2.08703742707636,-2.08697683111241,-2.08691570741282,-2.08685405092353,-2.0867918566096,-2.08672911945103,-2.0866658344384,-2.08660199656811,-2.08653760083735,-2.08647264223881,-2.08640711575536,-2.08634101635467,-2.08627433898357,-2.08620707856239,-2.08613922997899,-2.08607078808295,-2.08600174767946,-2.08593210352324,-2.08586185031236,-2.08579098268213,-2.08571949519899,-2.08564738235428,-2.08557463855823,-2.08550125813411,-2.08542723531253,-2.08535256422578,-2.08527723890237,-2.08520125326176,-2.08512460110912,-2.08504727613029,-2.08496927188681,-2.08489058181102,-2.08481119920139,-2.08473111721786,-2.08465032887774,-2.08456882705198,-2.08448660446188,-2.08440365367615,-2.08431996710843,-2.0842355370151,-2.08415035549336,-2.08406441447967,-2.08397770574841,-2.0838902209113,-2.08380195141731,-2.08371288855278,-2.08362302344169,-2.08353234704626,-2.08344085016816,-2.08334852345016,-2.08325535737815,-2.08316134228357,-2.08306646834635,-2.08297072559832,-2.08287410392724,-2.08277659308136,-2.0826781826748,-2.08257886219352,-2.08247862100157,-2.08237744834787,-2.08227533337339,-2.08217226511887,-2.08206823253302,-2.08196322448116,-2.0818572297545,-2.08175023707986,-2.08164223513014,-2.08153321253529,-2.081423157894,-2.08131205978593,-2.08119990678411,-2.08108668746757,-2.08097239043431,-2.08085700431468,-2.08074051778532,-2.08062291958378,-2.08050419852375,-2.08038434351054,-2.08026334355691,-2.0801411877991,-2.08001786551338,-2.07989336613304,-2.07976767926572,-2.07964079471125,-2.07951270248003,-2.07938339281178,-2.07925285619458,-2.07912108338402,-2.07898806542242,-2.07885379365841,-2.07871825976654,-2.07858145576745,-2.07844337404815,-2.07830400738225,-2.07816334895018,-2.07802139235951,-2.0778781316653,-2.07773356139055,-2.07758767654665,-2.07744047265376,-2.07729194576103,-2.07714209246669,-2.07699090993819,-2.07683839593203,-2.07668454881371,-2.07652936757737,-2.07637285186525,-2.0762150019869,-2.07605581893826,-2.07589530442073,-2.07573346086001,-2.07557029142467,-2.07540580004423,-2.07523999142685,-2.07507287107674,-2.07490444531119,-2.07473472127709,-2.07456370696706,-2.07439141123523,-2.07421784381246,-2.07404301532092,-2.0738669372879,-2.07368962215905,-2.07351108331104,-2.07333133506371,-2.07315039269166,-2.07296827243532,-2.07278499151153,-2.07260056812336,-2.07241502146956,-2.07222837175334,-2.07204064019042,-2.07185184901645,-2.07166202149373,-2.07147118191722,-2.07127935561979,-2.07108656897687,-2.07089284941015,-2.07069822539079,-2.07050272644193,-2.07030638314077,-2.07010922711981,-2.06991129106729,-2.06971260872683,-2.06951321489632,-2.06931314542575,-2.06911243721419,-2.06891112820593,-2.06870925738568,-2.068506864773,-2.06830399141614,-2.06810067938518,-2.06789697176451,-2.06769291264458,-2.06748854711305,-2.06728392124514,-2.06707908209324,-2.06687407767581,-2.06666895696553,-2.06646376987679,-2.06625856725255,-2.06605340085057,-2.06584832332925,-2.0656433882327,-2.06543864997533,-2.06523416382546,-2.06502998588836,-2.06482617308857,-2.06462278315172,-2.0644198745857,-2.06421750666121,-2.06401573939183,-2.06381463351342,-2.06361425046305,-2.06341465235747,-2.0632159019712,-2.0630180627143,-2.06282119860946,-2.06262537426894,-2.0624306548711,-2.06223710613681,-2.06204479430553,-2.06185378611093,-2.06166414875624,-2.06147594988928,-2.06128925757734,-2.06110414028191,-2.06092066683346,-2.06073890640608,-2.06055892849216,-2.06038080287695,-2.06020459961317,-2.06003038899562,-2.05985824153553,-2.05968822793497,-2.05952041906124,-2.05935488592129,-2.05919169963607,-2.05903093141475,-2.05887265252893,-2.05871693428682,-2.05856384800749,-2.05841346499498,-2.05826585651251,-2.05812109375653,-2.05797924783082,-2.05784038972067,-2.05770459026719,-2.05757192014162,-2.05744244981986,-2.05731624955717,-2.05719338936328,-2.05707393897787,-2.05695796784627,-2.05684554509554,-2.0567367395108,-2.05663161951208,-2.05653025313153,-2.05643270799087,-2.05633905127912,-2.05624934973059,-2.05616366960301,-2.0560820766561,-2.0560046361306,-2.0559314127279,-2.05586247059,-2.05579787327977,-2.05573768376152,-2.05568196438188,-2.05563077685115,-2.05558418222465,-2.05554224088463,-2.05550501252248,-2.05547255612126,-2.05544492993864,-2.05542219149027,-2.05540439753355,-2.05539160405176,-2.05538386623876,-2.05538123848424,-2.05538377435932,-2.05539152660256,-2.05540454710665,-2.05542288690556,-2.05544659616236,-2.05547572415741,-2.05551031927719,-2.05555042900368,-2.05559609990418,-2.05564737762153,-2.05570430686481,-2.05576693140041,-2.05583529404356,-2.05590943665038,-2.05598940011065,-2.05607522434101,-2.05616694827861,-2.05626460987512,-2.05636824609143,-2.05647789289282,-2.05659358524457,-2.05671535710792,-2.05684324143647,-2.05697727017311,-2.05711747424741,-2.05726388357357,-2.05741652704879,-2.05757543255231,-2.05774062694495,-2.05791213606929,-2.05808998475047,-2.05827419679734,-2.05846479500429,-2.05866180115339,-2.05886523601708,-2.05907511936107,-2.05929146994787,-2.05951430554071,-2.05974364290799,-2.05997949782796,-2.06022188509371,-2.06047081851845,-2.06072631094109,-2.06098837423187,-2.06125701929838,-2.06153225609189,-2.0618140936142,-2.06210253992469,-2.06239760214782,-2.06269928648078,-2.06300759820145,-2.06332254167662,-2.06364412037061,-2.06397233685419,-2.0643071928138,-2.0646486890611,-2.06499682554276,-2.06535160135051,-2.06571301473151,-2.0660810630991,-2.0664557430437,-2.06683705034393,-2.06722497997808,-2.06761952613574,-2.06802068222959,-2.06842844090725,-2.06884279406327,-2.06926373285138,-2.06969124769663,-2.07012532830739,-2.07056596368739,-2.07101314214777,-2.07146685131948,-2.07192707816584,-2.07239380899508,-2.07286702947293,-2.07334672463525,-2.07383287890074,-2.07432547608393,-2.07482449940815,-2.07532993151852,-2.07584175449524,-2.07635994986678,-2.07688449862301,-2.0774153812285,-2.07795257763593,-2.07849606729925,-2.07904582918681,-2.07960184179428,-2.08016408315743,-2.08073253086473,-2.08130716206965,-2.08188795350287,-2.08247488148432,-2.08306792193508,-2.08366705038907,-2.08427224200454,-2.08488347157529,-2.08550071354141,-2.08612394199995,-2.08675313071534,-2.08738825312993,-2.08802928237413,-2.08867619127668,-2.08932895237457,-2.08998753792292,-2.09065191990443,-2.09132207003845,-2.09199795978961,-2.09267956037592,-2.09336684277649,-2.09405977773907,-2.09475833578724,-2.09546248722718,-2.09617220215409,-2.09688745045815,-2.09760820183,-2.09833442576581,-2.09906609157225,-2.09980316837121,-2.1005456251041,-2.10129343053583,-2.10204655325836,-2.102804961694,-2.1035686240983,-2.10433750856269,-2.10511158301638,-2.10589081522808,-2.10667517280713,-2.10746462320457,-2.1082591337138,-2.10905867147126,-2.10986320345686,-2.11067269649423,-2.11148711725102,-2.11230643223897,-2.11313060781383,-2.11395961017505,-2.11479340536544,-2.11563195927032,-2.11647523761634,-2.11732320597003,-2.11817582973615,-2.1190330741558,-2.11989490430437,-2.12076128508925,-2.12163218124752,-2.12250755734332,-2.12338737776524,-2.12427160672331,-2.12516020824578,-2.12605314617569,-2.12695038416741,-2.12785188568292,-2.12875761398788,-2.12966753214749,-2.13058160302213,-2.13149978926291,-2.1324220533073,-2.13334835737483,-2.13427866346284,-2.13521293334234,-2.1361511285536,-2.13709321040159,-2.13803913995141,-2.13898887802371,-2.1399423851901,-2.1408996217684,-2.141860547818,-2.14282512313528,-2.14379330724906,-2.14476505941615,-2.1457403386169,-2.14671910355111,-2.14770131263388,-2.14868692399187,-2.14967589545934,-2.15066818457442,-2.15166374857552,-2.15266254439795,-2.15366452867088,-2.15466965771426,-2.1556778875359,-2.15668917382863,-2.15770347196761,-2.15872073700799,-2.15974092368272,-2.16076398640075,-2.16178987924533,-2.16281855597239,-2.16384997000903,-2.16488407445222,-2.16592082206767,-2.16696016528885,-2.16800205621613,-2.16904644661618,-2.17009328792169,-2.17114253123114,-2.1721941273085,-2.17324802658311,-2.17430417914962,-2.17536253476814,-2.17642304286463,-2.1774856525315,-2.17855031252812,-2.17961697128154,-2.18068557688757,-2.18175607711203,-2.18282841939225,-2.1839025508386,-2.18497841823622,-2.18605596804693,-2.18713514641104,-2.18821589914933,-2.18929817176492,-2.19038190944509,-2.19146705706343,-2.19255355918207,-2.19364136005409,-2.19473040362616,-2.19582063354137,-2.19691199314254,-2.19800442547567,-2.19909787329359,-2.20019227905964,-2.20128758495148,-2.20238373286505,-2.20348066441853,-2.20457832095632,-2.20567664355297,-2.20677557301719,-2.20787504989557,-2.20897501447619,-2.21007540679222,-2.21117616662538,-2.21227723350931,-2.2133785467329,-2.2144800453437,-2.21558166815145,-2.21668335373148,-2.21778504042795,-2.218886666357,-2.21998816940979,-2.22108948725532,-2.22219055734342,-2.22329131690769,-2.2243917029686,-2.22549165233637,-2.2265911016137,-2.22768998719881,-2.22878824528845,-2.22988581188083,-2.23098262277844,-2.23207861359087,-2.23317371973755,-2.23426787645054,-2.23536101877714,-2.23645308158272,-2.23754399955375,-2.23863370720063,-2.2397221388605,-2.24080922870012,-2.24189491071896,-2.24297911875225,-2.24406178647418,-2.24514284740109,-2.24622223489473,-2.24729988216545,-2.24837572227516,-2.24944968814024,-2.25052171253466,-2.25159172809318,-2.2526596673145,-2.25372546256408,-2.25478904607688,-2.25585034996005,-2.25690930619557,-2.25796584664284,-2.25901990304136,-2.26007140701346,-2.26112029006731,-2.26216648359987,-2.26320991890011,-2.26425052715216,-2.2652882394383,-2.26632298674183,-2.26735469995001,-2.26838330985705,-2.26940874716719,-2.27043094249776,-2.27144982638208,-2.27246532927241,-2.27347738154308,-2.27448591349386,-2.27549085535374,-2.27649213728516,-2.27748968938845,-2.27848344170651,-2.27947332422951,-2.28045926689984,-2.28144119961685,-2.2824190522418,-2.2833927546029,-2.28436223650072,-2.285327427714,-2.28628825800603,-2.28724465713107,-2.28819655484097,-2.2891438808921,-2.29008656505256,-2.29102453710975,-2.29195772687818,-2.29288606420764,-2.29380947899168,-2.29472790117646,-2.29564126077002,-2.296549487852,-2.29745251258401,-2.29835026522083,-2.29924267612232,-2.30012967576572,-2.30101119475799,-2.30188716384838,-2.30275751394133,-2.30362217610982,-2.3044810816091,-2.30533416189094,-2.30618134861828,-2.30702257368,-2.30785776920607,-2.30868686758301,-2.30950980146977,-2.31032650381393,-2.31113690786847,-2.3119409472085,-2.31273855574803,-2.31352966775702,-2.31431421787863,-2.31509214114678,-2.31586337300396,-2.31662784931919,-2.31738550640606,-2.31813628104099,-2.31888011048181,-2.31961693248674,-2.32034668533385,-2.32106930784081,-2.32178473938493,-2.32249291992344,-2.32319379001365,-2.32388729083316,-2.32457336420007,-2.32525195259335,-2.3259229991736,-2.32658644780409,-2.3272422430719,-2.327890330309,-2.32853065561312,-2.32916316586851,-2.32978780876662,-2.33040453282664,-2.33101328741589,-2.33161402276987,-2.33220669001216,-2.3327912411742,-2.33336762921497,-2.33393580804062,-2.33449573252397,-2.33504735852364,-2.33559064290296,-2.33612554354865,-2.33665201938928,-2.33717003041348,-2.33767953768796,-2.3381805033756,-2.33867289075328,-2.3391566642293,-2.33963178936068,-2.3400982328704,-2.34055596266425,-2.34100494784752,-2.34144515874142,-2.34187656689893,-2.34229914512051,-2.34271286746934,-2.34311770928616,-2.34351364720329,-2.34390065915801,-2.34427872440516,-2.34464782352945,-2.34500793845722,-2.34535905246746,-2.34570115020219,-2.34603421767609,-2.34635824228554,-2.34667321281689,-2.34697911945414,-2.34727595378566,-2.34756370881008,-2.34784237894122,-2.34811196001217,-2.34837244927861,-2.34862384542112,-2.34886614854667,-2.34909936018913,-2.34932348330871,-2.34953852229045,-2.34974448294164,-2.3499413724881,-2.35012919956922,-2.35030797423217,-2.35047770792528,-2.35063841349029,-2.35079010515374,-2.35093279851733,-2.35106651054731,-2.35119125956308,-2.35130706522492,-2.35141394852116,-2.35151193175437,-2.35160103852667,-2.35168129372397,-2.35175272349939,-2.35181535525592,-2.35186921762812,-2.35191434046301,-2.35195075479987,-2.3519784928493,-2.35199758797132,-2.35200807465246,-2.35200998848188,-2.35200336612677,-2.35198824530677,-2.3519646647675,-2.35193266425321,-2.35189228447865,-2.35184356710019,-2.35178655468638,-2.35172129068777,-2.35164781940603,-2.35156618596209,-2.35147643626355,-2.35137861697146,-2.35127277546648,-2.35115895981439,-2.35103721873119,-2.3509076015477,-2.35077015817378,-2.3506249390619,-2.35047199517022,-2.35031137792534,-2.35014313918471,-2.3499673311989,-2.34978400657374,-2.34959321823231,-2.34939501937658,-2.34918946344914,-2.34897660409487,-2.3487564951228,-2.34852919046796,-2.34829474415312,-2.34805321025076,-2.3478046428454,-2.34754909599623,-2.34728662370004,-2.34701727985439,-2.34674111822113,-2.34645819239029,-2.34616855574454,-2.34587226142409,-2.3455693622921,-2.34525991090078,-2.34494395945826,-2.34462155979591,-2.34429276333629,-2.34395762106169,-2.34361618348359,-2.34326850061287,-2.34291462193097,-2.34255459636191,-2.34218847224522,-2.34181629730969,-2.34143811864815,-2.34105398269336,-2.34066393519487,-2.34026802119719,-2.33986628501884,-2.33945877023248,-2.33904551964624,-2.33862657528638,-2.33820197838104,-2.33777176934542,-2.3373359877682,-2.33689467239922,-2.33644786113857,-2.33599559102714,-2.33553789823844,-2.33507481807188,-2.3346063849474,-2.33413263240143,-2.33365359308443,-2.33316929875965,-2.33267978030341,-2.33218506770665,-2.33168519007779,-2.33118017564699,-2.33067005177183,-2.33015484494445,-2.32963458079982,-2.32910928412523,-2.32857897887089,-2.32804368816193,-2.32750343431169,-2.32695823883619,-2.32640812246971,-2.32585310518164,-2.32529320619477,-2.32472844400485,-2.32415883640119,-2.32358440048813,-2.32300515270758,-2.32242110886241,-2.32183228414083,-2.32123869314156,-2.32064034989992,-2.32003726791472,-2.31942946017598,-2.31881693919315,-2.31819971702411,-2.31757780530464,-2.31695121527848,-2.31631995782769,-2.31568404350325,-2.31504348255607,-2.31439828496844,-2.31374846048597,-2.31309401865001,-2.31243496883044,-2.31177132025866,-2.31110308206091,-2.31043026329175,-2.30975287296805,-2.30907092010333,-2.30838441374207,-2.30769336299368,-2.30699777706627,-2.30629766530042,-2.30559303720288,-2.30488390248024,-2.3041702710726,-2.30345215318699,-2.30272955933071,-2.30200250034408,-2.30127098743259,-2.30053503219822,-2.29979464666998,-2.29904984333405,-2.29830063516334,-2.29754703564663,-2.2967890588171,-2.29602671928023,-2.29526003224095,-2.29448901353017,-2.29371367963046,-2.29293404770105,-2.29215013560174,-2.29136196191603,-2.29056954597318,-2.2897729078695,-2.28897206848868,-2.28816704952103,-2.28735787348197,-2.28654456372952,-2.28572714448082,-2.28490564082742,-2.2840800787492,-2.28325048512731,-2.28241688775592,-2.28157931535301,-2.28073779757019,-2.27989236500139,-2.27904304919054,-2.27818988263804,-2.27733289880627,-2.27647213212417,-2.2756076179908,-2.2747393927778,-2.27386749383073,-2.27299195946943,-2.27211282898752,-2.27123014265091,-2.27034394169544,-2.26945426832334,-2.26856116569882,-2.267664677943,-2.2667648501278,-2.26586172826888,-2.26495535931756,-2.26404579115174,-2.26313307256608,-2.26221725326092,-2.26129838383026,-2.26037651574885,-2.25945170135879,-2.25852399385558,-2.25759344727336,-2.25666011646937,-2.25572405710765,-2.25478532564205,-2.25384397929843,-2.25290007605613,-2.25195367462855,-2.25100483444322,-2.25005361562136,-2.24910007895658,-2.24814428589268,-2.24718629850087,-2.2462261794566,-2.24526399201594,-2.24429979999137,-2.24333366772728,-2.24236566007508,-2.24139584236786,-2.24042428039469,-2.23945104037476,-2.23847618893097,-2.23749979306341,-2.23652192012271,-2.23554263778339,-2.23456201401726,-2.2335801170668,-2.2325970154187,-2.23161277777737,-2.23062747303842,-2.229641170262,-2.22865393864615,-2.2276658474999,-2.22667696621633,-2.22568736424586,-2.22469711106976,-2.22370627617385,-2.22271492902253,-2.22172313903316,-2.22073097555083,-2.21973850782316,-2.21874580497534,-2.21775293598522,-2.21675996965858,-2.21576697460483,-2.21477401921306,-2.2137811716286,-2.21278849972986,-2.21179607110572,-2.21080395303338,-2.20981221245681,-2.2088209159658,-2.2078301297755,-2.20683991970642,-2.20585035116511,-2.20486148912525,-2.20387339810921,-2.2028861421701,-2.20189978487437,-2.20091438928508,-2.19993001794585,-2.19894673286534,-2.1979645955025,-2.19698366675236,-2.19600400693268,-2.19502567577147,-2.19404873239529,-2.19307323531811,-2.19209924243101,-2.19112681099221,-2.19015599761753,-2.18918685827157,-2.18821944825942,-2.18725382221909,-2.18629003411471,-2.18532813723055,-2.18436818416578,-2.18341022682987,-2.18245431643866,-2.18150050351099,-2.180548837866,-2.17959936862125,-2.17865214419164,-2.17770721228902,-2.17676461992242,-2.17582441339896,-2.17488663832546,-2.17395133961064,-2.17301856146788,-2.17208834741825,-2.17116074029427,-2.17023578224401,-2.16931351473563,-2.16839397856265,-2.16747721384971,-2.16656326005893,-2.16565215599675,-2.1647439398212,-2.16383864904961,-2.16293632056683,-2.16203699063408,-2.16114069489827,-2.16024746840175,-2.15935734559249,-2.15847036033471,-2.15758654591972,-2.15670593507724,-2.15582855998696,-2.15495445229054,-2.15408364310416,-2.15321616303129,-2.15235204217555,-2.1514913101537,-2.15063399610881,-2.14978012872355,-2.14892973623393,-2.1480828464431,-2.14723948673559,-2.14639968409172,-2.1455634651024,-2.14473085598401,-2.14390188259357,-2.14307657044389,-2.14225494471877,-2.14143703028823,-2.14062285172353,-2.13981243331237,-2.13900579907425,-2.13820297277581,-2.13740397794609,-2.13660883789182,-2.13581757571262,-2.13503021431604,-2.13424677643263,-2.13346728463088,-2.13269176133188,-2.13192022882369,-2.13115270927547,-2.13038922475154,-2.12962979722523,-2.12887444859249,-2.12812320068529,-2.12737607528465,-2.12663309413349,-2.12589427894933,-2.12515965143669,-2.12442923329946,-2.12370304625287,-2.12298111203512,-2.12226345241835,-2.12155008921932,-2.12084104430955,-2.12013633962501,-2.11943599717531,-2.11874003905212,-2.11804848743706,-2.11736136460893,-2.11667869295052,-2.11600049495473,-2.11532679323009,-2.11465761050592,-2.11399296963695,-2.11333289360759,-2.11267740553562,-2.11202652867525,-2.11138028641962,-2.11073870230276,-2.11010180000083,-2.10946960333273,-2.10884213626006,-2.10821942288628,-2.10760148745548,-2.10698835435029,-2.10638004808926,-2.10577659332373,-2.10517801483399,-2.10458433752483,-2.10399558642056,-2.10341178665958,-2.1028329634884,-2.1022591422552,-2.10169034840267,-2.1011266074603,-2.10056794503597,-2.10001438680703,-2.09946595851082,-2.0989226859348,-2.09838459490617,-2.09785171128087,-2.09732406093175,-2.0968016697362,-2.09628456356317,-2.09577276825964,-2.09526630963653,-2.09476521345421,-2.0942695054075,-2.09377921111031,-2.09329435607978,-2.09281496572009,-2.09234106530556,-2.09187267996344,-2.09140983465588,-2.0909525541615,-2.09050086305648,-2.09005478569534,-2.08961434619153,-2.08917956839777,-2.08875047588624,-2.08832709192845,-2.08790943947492,-2.08749754113456,-2.08709141915381,-2.08669109539552,-2.08629659131768,-2.0859079279521,-2.08552512588292,-2.08514820522517,-2.08477718560318,-2.08441208612899,-2.08405292538068,-2.08369972138066,-2.083352491574,-2.08301125280669,-2.08267602130409,-2.08234681264946,-2.08202364176262,-2.08170652287844,-2.08139546952554,-2.08109049450521,-2.08079160987067,-2.08049882690638,-2.08021215610772,-2.0799316071606,-2.07965718892138,-2.07938890939667,-2.07912677572323,-2.07887079414824,-2.07862097000997,-2.07837730771888,-2.07813981073927,-2.07790848157139,-2.07768332173406,-2.07746433174792,-2.07725151111927,-2.07704485832443,-2.07684437079462,-2.07665004490137,-2.07646187594254,-2.07627985812897,-2.07610398457169,-2.07593424726988,-2.07577063709946,-2.07561314380238,-2.07546175597632,-2.07531646106508,-2.07517724534952,-2.07504409393911,-2.07491699076408,-2.07479591856813,-2.07468085890191,-2.07457179211706,-2.07446869736093,-2.07437155257176,-2.07428033447474,-2.07419501857867,-2.07411557917337,-2.07404198932762,-2.07397422088798,-2.07391224447845,-2.07385602950114,-2.07380554413783,-2.07376075535228,-2.07372162889321,-2.0736881292981,-2.07366021989808,-2.07363786282355,-2.07362101901062,-2.07360964820825,-2.07360370898627,-2.07360315874401,-2.07360795371981,-2.07361804900113,-2.07363339853551,-2.07365395514231,-2.07367967052557,-2.07371049528772,-2.07374637894403,-2.0737872699378,-2.07383311565629,-2.07388386244732,-2.07393945563667,-2.07399983954594,-2.07406495751111,-2.0741347519019,-2.07420916414171,-2.074288134728,-2.07437160325349,-2.07445950842776,-2.0745517880995,-2.07464837927915,-2.07474921816196,-2.07485424015162,-2.07496337988439,-2.07507657125379,-2.07519374743575,-2.07531484091409,-2.07543978350663,-2.07556850639152,-2.07570094013401,-2.07583701471358,-2.07597665955121,-2.07611980353726,-2.0762663750595,-2.07641630203135,-2.07656951192031,-2.07672593177671,-2.07688548826248,-2.07704810768031,-2.07721371600305,-2.07738223890321,-2.07755360178271,-2.07772772980269,-2.07790454791366,-2.07808398088569,-2.07826595333865,-2.07845038977253,-2.07863721459776,-2.07882635216563,-2.0790177267985,-2.07921126282002,-2.07940688458516,-2.07960451651036,-2.07980408310342,-2.08000550899332,-2.08020871896011,-2.0804136379646,-2.08062019117809,-2.08082830401169,-2.08103790214535,-2.08124891155652,-2.0814612585485,-2.08167486977839,-2.08188967228458,-2.08210559351385,-2.08232256134795,-2.0825405041297,-2.08275935068866,-2.08297903036648,-2.08319947304184,-2.08342060915482,-2.0836423697308,-2.08386468640375,-2.08408749143907,-2.08431071775587,-2.08453429894879,-2.08475816930944,-2.0849822638473,-2.08520651831029,-2.08543086920482,-2.08565525381524,-2.08587961022277,-2.08610387732378,-2.08632799484776,-2.08655190337455,-2.08677554435098,-2.08699886010686,-2.08722179387025,-2.08744428978201,-2.08766629290988,-2.08788774926194,-2.08810860579945,-2.08832881044908,-2.08854831211442,-2.08876706068689,-2.08898500705596,-2.08920210311877,-2.08941830178909,-2.08963355700559,-2.08984782373948,-2.09006105800151,-2.0902732168483,-2.09048425838795,-2.09069414178496,-2.09090282726463,-2.09111027611675,-2.09131645069871,-2.09152131443807,-2.09172483183456,-2.09192696846155,-2.09212769096703,-2.09232696707398,-2.09252476558011,-2.09272105635694,-2.09291581034839,-2.09310899956874,-2.09330059710017,-2.0934905770896,-2.09367891474503,-2.09386558633138,-2.09405056916595,-2.09423384161335,-2.0944153830802,-2.09459517400918,-2.09477319587276,-2.09494943116645,-2.09512386340163,-2.09529647709784,-2.09546725777461,-2.09563619194285,-2.09580326709565,-2.09596847169871,-2.09613179518044,-2.09629322792159,-2.09645276124453,-2.09661038740214,-2.09676609956631,-2.09691989181611,-2.0970717591257,-2.09722169735175,-2.09736970322074,-2.09751577431589,-2.0976599090639,-2.09780210672144,-2.09794236736145,-2.09808069185916,-2.09821708187787,-2.09835153985446,-2.09848406898463,-2.09861467320766,-2.09874335719092,-2.09887012631437,-2.0989949866549,-2.09911794497038,-2.09923900868348,-2.09935818586525,-2.09947548521832,-2.09959091605977,-2.09970448830382,-2.0998162124443,-2.09992609953689,-2.10003416118141,-2.10014040950401,-2.10024485713937,-2.1003475172129,-2.10044840332283,-2.10054752952247,-2.1006449103022,-2.10074056057143,-2.10083449564013,-2.10092673120033,-2.10101728330741,-2.10110616836139,-2.10119340308797,-2.10127900451963,-2.10136298997652,-2.1014453770473,-2.10152618356986,-2.10160542761209,-2.10168312745246,-2.10175930156068,-2.10183396857837,-2.10190714729987,-2.10197885665294,-2.10204911567947,-2.10211794351609,-2.10218535937479,-2.10225138252351,-2.10231603226676,-2.10237932792653,-2.10244128882331,-2.1025019342572,-2.10256128348927,-2.10261935572276,-2.10267617008461,-2.10273174560696,-2.10278610120892,-2.10283925567824,-2.10289122765319,-2.10294203560454,-2.10299169781768,-2.10304023237507,-2.10308765713889,-2.10313398973412,-2.10317924753178,-2.10322344763243,-2.10326660684978,-2.1033087416945,-2.10334986835836,-2.1033900026986,-2.10342916022286,-2.10346735607419,-2.10350460501623,-2.10354092141887,-2.103576319244,-2.10361081203165,-2.10364441288626,-2.10367713446361,-2.10370898895805,-2.10373998809023,-2.10377014309516,-2.10379946471087,-2.10382796316769,-2.10385564817815,-2.10388252892769,-2.10390861406608,-2.10393391169952,-2.10395842938329,-2.10398217411519,-2.1040051523296,-2.10402736989246,-2.10404883209655,-2.10406954365764,-2.10408950871125,-2.10410873081025,-2.10412721292308,-2.1041449574326,-2.10416196613559,-2.10417824024308,-2.10419378038153,-2.10420858659474,-2.10422265834666,-2.10423599452507,-2.10424859344622,-2.10426045286029,-2.104271569958,-2.10428194137794,-2.10429156321488,-2.10430043102887,-2.10430853985525,-2.10431588421557,-2.10432245812933,-2.10432825512649,-2.10433326826083,-2.10433749012402,-2.10434091286058,-2.10434352818397,-2.10434532739325,-2.10434630139062,-2.10434644069951,-2.10434573548351,-2.10434417556602,-2.10434175045038,-2.10433844934072,-2.10433426116363,-2.10432917459027,-2.10432317805934,-2.10431625980083,-2.10430840786061,-2.10429961012544,-2.10428985434872,-2.10427912817699,-2.10426741917675,-2.10425471486209,-2.10424100272293,-2.10422627025392,-2.10421050498373,-2.1041936945046,-2.10417582650207,-2.10415688878491,-2.10413686931521,-2.1041157562388,-2.1040935379158,-2.1040702029515,-2.10404574022734,-2.10402013893207,-2.10399338859297,-2.10396547910711,-2.10393640077254,-2.10390614431968,-2.10387470094304,-2.10384206233277,-2.10380822070608,-2.10377316883818,-2.10373690009312,-2.10369940845428,-2.10366068855461,-2.10362073570678,-2.10357954593299,-2.10353711599433,-2.10349344341958,-2.10344852653356,-2.10340236448507,-2.10335495727409,-2.10330630577812,-2.10325641177757,-2.1032052779805,-2.10315290804649,-2.10309930660973,-2.10304447930103,-2.10298843276894,-2.10293117470021,-2.10287271383932,-2.1028130600072,-2.10275222411893,-2.10269021820045,-2.10262705540418,-2.10256275002344,-2.10249731750561,-2.10243077446413,-2.10236313868909,-2.10229442915628,-2.10222466603478,-2.10215387069303,-2.10208206570342,-2.10200927484535,-2.10193552310689,-2.10186083668498,-2.10178524298441,-2.1017087706154,-2.10163144938984,-2.10155331031605,-2.101474385592,-2.10139470859721,-2.10131431388313,-2.10123323716207,-2.10115151529452,-2.10106918627483,-2.10098628921553,-2.10090286433003,-2.10081895291379,-2.10073459732402,-2.10064984095777,-2.10056472822858,-2.10047930454172,-2.1003936162679,-2.10030771071536,-2.10022163610042,-2.10013544151664,-2.10004917690239,-2.09996289300702,-2.0998766413555,-2.09979047421148,-2.09970444453912,-2.0996186059635,-2.09953301272981,-2.09944771966148,-2.0993627821173,-2.09927825594744,-2.09919419744816,-2.09911066331537,-2.09902771059696,-2.09894539664413,-2.09886377906167,-2.09878291565726,-2.09870286438989,-2.09862368331746,-2.09854543054348,-2.09846816416281,-2.09839194220653,-2.09831682258617,-2.09824286303729,-2.09817012106257,-2.0980986538747,-2.09802851833922,-2.09795977091723,-2.09789246760783,-2.09782666389059,-2.09776241466803,-2.09769977420828,-2.09763879608794,-2.09757953313538,-2.09752203737415,-2.09746635996672,-2.09741255115832,-2.09736066022113,-2.09731073539891,-2.09726282385224,-2.09721697160445,-2.09717322348805,-2.09713162309207,-2.09709221271002,-2.09705503328902,-2.09702012438011,-2.09698752408967,-2.09695726903221,-2.09692939428429,-2.09690393333989,-2.09688091806701,-2.09686037866582,-2.09684234362838,-2.09682683969983,-2.09681389184109,-2.09680352319341,-2.09679575504454,-2.09679060679656,-2.09678809593549,-2.09678823800287,-2.09679104656906,-2.09679653320872,-2.09680470747827,-2.09681557689544,-2.09682914692092,-2.09684542094208,-2.09686440025889,-2.09688608407194,-2.0969104694727,-2.09693755143623,-2.09696732281616,-2.09699977434202,-2.09703489461898,-2.09707267013001,-2.09711308524041,-2.09715612220458,-2.09720176117503,-2.09724998021372,-2.09730075530611,-2.09735406037758,-2.09740986731238,-2.09746814597486,-2.09752886423287,-2.09759198798344,-2.09765748118076,-2.09772530586615,-2.09779542220025,-2.09786778849745,-2.09794236126267,-2.09801909523029,-2.09809794340521,-2.09817885710575,-2.09826178600849,-2.09834667819506,-2.09843348020084,-2.09852213706537,-2.0986125923844,-2.09870478836355,-2.09879866587347,-2.09889416450645,-2.09899122263443,-2.09908977746846,-2.09918976511967,-2.09929112066166,-2.0993937781943,-2.09949767090859,-2.09960273115268,-2.09970889049859,-2.09981607981001,-2.09992422931091,-2.10003326865505,-2.10014312699625,-2.10025373305894,-2.10036501520903,-2.10047690152513,-2.10058931986986,-2.10070219796136,-2.10081546344469,-2.10092904396347,-2.1010428672314,-2.10115686110354,-2.10127095364755,-2.10138507321454,-2.10149914850953,-2.10161310866126,-2.10172688329131,-2.10184040258262,-2.10195359734713,-2.10206639909254,-2.10217874008849,-2.10229055343173,-2.10240177311021,-2.10251233406583,-2.10262217225581,-2.1027312247127,-2.102839429603,-2.10294672628429,-2.10305305536102,-2.10315835873866,-2.10326257967601,-2.1033656628359,-2.1034675543343,-2.10356820178753,-2.1036675543576,-2.10376556279558,-2.10386217948322,-2.10395735847238,-2.10405105552243,-2.10414322813542,-2.10423383558894,-2.10432283896693,-2.10441020118818,-2.10449588703241,-2.10457986316399,-2.10466209815334,-2.10474256249602,-2.10482122862933,-2.1048980709464,-2.10497306580783,-2.10504619155095,-2.10511742849684,-2.10518675895494,-2.10525416722529,-2.10531963959822,-2.10538316435135,-2.10544473174379,-2.10550433400778,-2.10556196533773,-2.10561762187663,-2.10567130170006,-2.10572300479772,-2.10577273305266,-2.10582049021821,-2.10586628189276,-2.10591011549241,-2.10595200022162,-2.1059919470418,-2.10602996863792,-2.10606607938312,-2.10610029530156,-2.10613263402941,-2.10616311477416,-2.10619175827219,-2.10621858674486,-2.10624362385344,-2.10626689465281,-2.10628842554397,-2.10630824422529,-2.10632637964236,-2.10634286193647,-2.10635772239179,-2.10637099338128,-2.1063827083115,-2.10639290156654,-2.10640160845115,-2.10640886513325,-2.10641470858577,-2.10641917652833,-2.10642230736848,-2.10642414014281,-2.10642471445771,-2.10642407042997,-2.10642224862732,-2.1064192900089,-2.10641523586567,-2.10641012776107,-2.1064040074722,-2.10639691693145,-2.10638889816862,-2.10637999325354,-2.10637024423937,-2.10635969310663,-2.10634838170796,-2.10633635171378,-2.10632364455893,-2.10631030139042,-2.10629636301627,-2.1062818698555,-2.10626686188935,-2.10625137861373,-2.1062354589933,-2.10621914141681,-2.1062024636542,-2.10618546281518,-2.10616817530947,-2.1061506368087,-2.10613288220993,-2.10611494560102,-2.10609686022775,-2.1060786584629,-2.10606037177736,-2.1060420307133,-2.10602366485938,-2.10600530282813,-2.10598697223526,-2.10596869968116,-2.10595051073457,-2.10593242991853,-2.10591448069848,-2.10589668547253,-2.10587906556377,-2.10586164121464,-2.1058444315832,-2.10582745474141,-2.10581072767537,-2.10579426628755,-2.10577808540102,-2.10576219876563,-2.10574661906597,-2.1057313579313,-2.10571642594731,-2.10570183266938,-2.10568758663753,-2.10567369539288,-2.10566016549573,-2.10564700254515,-2.10563421120011,-2.10562179520198,-2.10560975739843,-2.10559809976841,-2.10558682344833,-2.10557592875929,-2.10556541523535,-2.10555528165288,-2.10554552606069,-2.10553614581108,-2.10552713759155,-2.10551849745731,-2.10551022086445,-2.10550230270333,-2.10549473733247,-2.10548751861272,-2.10548063994138,-2.10547409428657,-2.10546787422183,-2.10546197196088,-2.10545637939215,-2.10545108811308,-2.10544608946418,-2.10544137456275,-2.10543693433599,-2.10543275955345,-2.10542884085872,-2.10542516880054,-2.10542173386303,-2.10541852649507,-2.10541553713874,-2.10541275625686,-2.10541017435936,-2.10540778202827,-2.1054055699415,-2.10540352889538,-2.10540164982602,-2.10539992382957,-2.10539834218112,-2.10539689635219,-2.10539557802695,-2.10539437911718,-2.10539329177602,-2.10539230841048,-2.10539142169258,-2.10539062456915,-2.10538991027016,-2.10538927231568,-2.10538870452118,-2.10538820100149,-2.10538775617328,-2.10538736475613,-2.10538702177215,-2.10538672254428,-2.10538646269309,-2.10538623813253,-2.10538604506431,-2.1053858799712,-2.10538573960942,-2.10538562100014,-2.10538552142018,-2.105385438392,-2.10538536967292,-2.1053853132438,-2.10538526729713,-2.10538523022459,-2.10538520060444,-2.10538517718856,-2.10538515888944,-2.10538514476708,-2.10538513401608,-2.10538512595312,-2.10538512000474,-2.10538511569549,-2.10538511263634,-2.10538511051351,-2.1053851090779,-2.10538510813531,-2.1053851075373,-2.10538510717276,-2.10538510696066,0.164380374488053,0.164404799286011,0.164429505961572,0.164454480580982,0.16447970883068,0.164505176029337,0.164530867140399,0.164556766785164,0.164582859256331,0.164609128532036,0.164635558290346,0.164662131924195,0.164688832556761,0.164715643057248,0.164742546057079,0.164769523966463,0.164796558991331,0.164823633150591,0.164850728293696,0.164877826118505,0.164904908189402,0.164931955955671,0.164958950770076,0.164985873907639,0.165012706584588,0.165039429977456,0.165066025242305,0.165092473534041,0.165118756025771,0.165144853928194,0.165170748509018,0.165196421112342,0.16522185317801,0.165247026260896,0.165271922050122,0.165296522388148,0.16532080928972,0.165344764960641,0.165368371816349,0.165391612500273,0.165414469901946,0.165436927174832,0.165458967753854,0.165480575372597,0.165501734080171,0.165522428257702,0.165542642634417,0.165562362303294,0.165581572736278,0.165600259799035,0.165618409765213,0.165636009330204,0.165653045624388,0.165669506225814,0.165685379172329,0.165700652973125,0.165715316619689,0.165729359596155,0.165742771889039,0.165755543996347,0.165767666936051,0.165779132253925,0.165789932030705,0.165800058888596,0.165809505997085,0.165818267078076,0.165826336410327,0.165833708833176,0.165840379749583,0.165846345128468,0.165851601506384,0.165856145988481,0.165859976248779,0.165863090529743,0.165865487641162,0.165867166958338,0.165868128419597,0.165868372523147,0.165867900323273,0.165866713425867,0.165864813983297,0.165862204688614,0.165858888769147,0.165854869979486,0.165850152593856,0.165844741397914,0.165838641679962,0.165831859221615,0.165824400287946,0.165816271617123,0.165807480409538,0.165798034316456,0.165787941428207,0.165777210261934,0.165765849748916,0.16575386922149,0.165741278399583,0.165728087376872,0.165714306606607,0.165699946887112,0.165685019346997,0.16566953543009,0.165653506880143,0.165636945725293,0.165619864262327,0.16560227504076,0.165584190846765,0.165565624686976,0.165546589772176,0.165527099500885,0.165507167442881,0.165486807322691,0.165466033003068,0.165444858468503,0.165423297808747,0.165401365202404,0.165379074900607,0.165356441210817,0.165333478480764,0.165310201082517,0.165286623396739,0.165262759797114,0.165238624634993,0.165214232224273,0.165189596826547,0.165164732636495,0.165139653767541,0.165114374237817,0.165088907956427,0.165063268710059,0.165037470149935,0.165011525779129,0.164985448940249,0.164959252803513,0.164932950355228,0.164906554386679,0.164880077483451,0.164853532015188,0.164826930125807,0.164800283724164,0.164773604475184,0.164746903791481,0.164720192825464,0.164693482461926,0.164666783311127,0.16464010570237,0.164613459678062,0.164586854988284,0.16456030108586,0.164533807121925,0.164507381941985,0.164481034082478,0.164454771767834,0.164428602908044,0.164402535096738,0.164376575609756,0.164350731404218,0.16432500911808,0.164299415070156,0.164273955260635,0.164248635372062,0.164223460770771,0.164198436508772,0.164173567326066,0.164148857653402,0.164124311615438,0.164099933034307,0.164075725433575,0.164051692042554,0.164027835800953,0.164004159363873,0.163980665107137,0.163957355132949,0.16393423127587,0.163911295109089,0.163888547950996,0.163865990872016,0.163843624701695,0.16382145003602,0.163799467244964,0.163777676480243,0.163756077683278,0.163734670593324,0.163713454755758,0.163692429530507,0.163671594100605,0.163650947480891,0.163630488526794,0.163610215943208,0.163590128293435,0.163570224008203,0.163550501394711,0.163530958645711,0.163511593848593,0.163492404994462,0.163473389987194,0.163454546652456,0.163435872746677,0.163417365965941,0.163399023954799,0.163380844314983,0.163362824614012,0.163344962393672,0.163327255178373,0.16330970048336,0.163292295822774,0.163275038717553,0.163257926703163,0.163240957337147,0.163224128206494,0.163207436934818,0.163190881189303,0.16317445868743,0.16315816720347,0.163142004574747,0.163125968707648,0.163110057583361,0.163094269263356,0.163078601894593,0.163063053714451,0.163047623055382,0.163032308349249,0.163017108131385,0.163002021044336,0.162987045841312,0.162972181389315,0.162957426671979,0.162942780792087,0.162928242973795,0.162913812564525,0.162899489036546,0.162885271988282,0.16287116114531,0.162857156361041,0.162843257617089,0.162829465023329,0.162815778817655,0.162802199365446,0.162788727158723,0.16277536281501,0.162762107075916,0.162748960805436,0.162735924987977,0.162723000726106,0.162710189238035,0.162697491854847,0.162684910017455,0.162672445273314,0.162660099272888,0.162647873765889,0.1626357705973,0.162623791703183,0.162611939106277,0.162600214911392,0.162588621300632,0.162577160528449,0.162565834916568,0.162554646848764,0.162543598765516,0.162532693158538,0.162521932565179,0.162511319562695,0.162500856762423,0.162490546803867,0.162480392348722,0.162470396074829,0.162460560670069,0.16245088882622,0.162441383232793,0.162432046570861,0.162422881506893,0.162413890686581,0.162405076728671,0.162396442218823,0.162387989703513,0.162379721684002,0.16237164061036,0.16236374887557,0.162356048809734,0.162348542674369,0.162341232656801,0.162334120864684,0.162327209320624,0.162320499956968,0.16231399461073,0.162307695018673,0.162301602812541,0.162295719514471,0.162290046532576,0.162284585156698,0.162279336554361,0.162274301766906,0.16226948170584,0.162264877149388,0.162260488739266,0.162256316977675,0.16225236222453,0.162248624694913,0.162245104456759,0.162241801428777,0.162238715378607,0.162235845921237,0.162233192517628,0.162230754473604,0.162228530938972,0.162226520906894,0.162224723213495,0.162223136537702,0.162221759401319,0.162220590169344,0.162219627050545,0.162218868098288,0.162218311211613,0.162217954136543,0.162217794467641,0.162217829649797,0.162218056980235,0.162218473610741,0.162219076550087,0.162219862666668,0.162220828691346,0.162221971220498,0.162223286719267,0.162224771524993,0.162226421850841,0.162228233789607,0.1622302033177,0.162232326299303,0.162234598490691,0.162237015544698,0.162239573015336,0.162242266362551,0.162245090957139,0.162248042085766,0.162251114956109,0.162254304702088,0.162257606389209,0.162261015019986,0.162264525539442,0.162268132840663,0.162271831770423,0.162275617134868,0.162279483705247,0.162283426223677,0.162287439408942,0.162291517962297,0.162295656573283,0.162299849925539,0.1623040927026,0.162308379593691,0.162312705299501,0.162317064537931,0.162321452049796,0.162325862604469,0.162330291005467,0.162334732095963,0.162339180764227,0.162343631948991,0.162348080644727,0.162352521906838,0.162356950856755,0.162361362686926,0.162365752665701,0.162370116142088,0.1623744485504,0.162378745414782,0.162383002353611,0.162387215083745,0.162391379424624,0.162395491302221,0.162399546752844,0.162403541926778,0.162407473091773,0.16241133663638,0.162415129073103,0.162418847041389,0.162422487310432,0.162426046781789,0.162429522491812,0.162432911613899,0.162436211460564,0.162439419485314,0.162442533284329,0.162445550597935,0.162448469311908,0.162451287458589,0.16245400321782,0.162456614917688,0.162459121035091,0.162461520196111,0.162463811176193,0.162465992900139,0.162468064441914,0.162470025024277,0.162471874018242,0.162473610942366,0.162475235461861,0.162476747387531,0.162478146674533,0.162479433420979,0.162480607866364,0.162481670389815,0.162482621508196,0.162483461874052,0.162484192273393,0.16248481362334,0.162485326969626,0.162485733483968,0.162486034461311,0.162486231316931,0.162486325583411,0.162486318907488,0.162486213046803,0.162486009866525,0.162485711335884,0.162485319524583,0.16248483659913,0.162484264819059,0.162483606533075,0.162482864175134,0.16248204026043,0.162481137381319,0.162480158203171,0.162479105460159,0.162477981950985,0.16247679053454,0.162475534125524,0.162474215690026,0.162472838241092,0.162471404834283,0.162469918563226,0.162468382555139,0.162466799966363,0.162465173977879,0.162463507790847,0.162461804622156,0.162460067700001,0.162458300259471,0.162456505538152,0.162454686771754,0.162452847189768,0.162450990011157,0.162449118440095,0.162447235661765,0.162445344838222,0.162443449104307,0.162441551563634,0.162439655284655,0.1624377632968,0.162435878586701,0.162434004094515,0.162432142710343,0.162430297270727,0.162428470555255,0.162426665283261,0.162424884110637,0.162423129626742,0.162421404351428,0.162419710732174,0.162418051141346,0.162416427873585,0.162414843143323,0.162413299082417,0.162411797737915,0.162410341069963,0.162408930949825,0.162407569158058,0.162406257382824,0.162404997218326,0.162403790163399,0.162402637620231,0.16240154089323,0.162400501188019,0.162399519610558,0.162398597166399,0.162397734760087,0.162396933194683,0.162396193171438,0.162395515289595,0.162394900046334,0.162394347836845,0.162393858954537,0.162393433591394,0.162393071838467,0.162392773686485,0.162392539026587,0.162392367651211,0.162392259255086,0.162392213436348,0.162392229697774,0.162392307448148,0.162392446003736,0.162392644589885,0.16239290234273,0.162393218311019,0.162393591458044,0.162394020663669,0.16239450472647,0.162395042365981,0.162395632225037,0.162396272872199,0.162396962804257,0.162397700448829,0.162398484167031,0.162399312256249,0.162400182952974,0.162401094435721,0.162402044828004,0.162403032201376,0.162404054578509,0.162405109936345,0.1624061962093,0.162407311292522,0.162408453045196,0.162409619293886,0.162410807835912,0.162412016442755,0.162413242863466,0.162414484828081,0.16241574005103,0.162417006234553,0.162418281072104,0.162419562251754,0.162420847459574,0.162422134383011,0.162423420714241,0.162424704153531,0.162425982412561,0.162427253217727,0.162428514313433,0.16242976346537,0.162430998463771,0.162432217126631,0.162433417302905,0.162434596875644,0.162435753765104,0.162436885931782,0.16243799137941,0.162439068157862,0.162440114365975,0.162441128154267,0.162442107727562,0.162443051347539,0.162443957335218,0.162444824073361,0.162445650008813,0.162446433654762,0.162447173592903,0.162447868475505,0.162448517027359,0.162449118047638,0.162449670411641,0.162450173072426,0.162450625062328,0.162451025494388,0.162451373563672,0.162451668548511,0.162451909811616,0.162452096801075,0.16245222905124,0.162452306183494,0.162452327906908,0.162452294018785,0.162452204405079,0.162452059040669,0.162451857989512,0.162451601404667,0.162451289528205,0.162450922690992,0.162450501312341,0.162450025899538,0.162449497047252,0.162448915436812,0.162448281835358,0.162447597094885,0.162446862151156,0.162446078022523,0.162445245808626,0.162444366688978,0.162443441921429,0.16244247284049,0.162441460855544,0.162440407448935,0.162439314173935,0.162438182652624,0.162437014573674,0.16243581169001,0.162434575816372,0.162433308826771,0.162432012651844,0.162430689276108,0.162429340735129,0.162427969112619,0.162426576537443,0.162425165180554,0.162423737251848,0.162422294996953,0.162420840693944,0.162419376650018,0.162417905198097,0.162416428693392,0.162414949509888,0.162413470036795,0.162411992674951,0.162410519833181,0.162409053924603,0.162407597362898,0.162406152558546,0.162404721915051,0.162403307825149,0.16240191266699,0.162400538800301,0.162399188562546,0.162397864265072,0.162396568189267,0.162395302582725,0.162394069655394,0.162392871575748,0.162391710466965,0.162390588403117,0.162389507405393,0.16238846943833,0.162387476406069,0.162386530148628,0.162385632438201,0.162384784975482,0.162383989386035,0.162383247216716,0.16238255993214,0.162381928911218,0.162381355443752,0.162380840727114,0.162380385862978,0.162379991854124,0.162379659601313,0.162379389900253,0.162379183438646,0.162379040793316,0.162378962427404,0.16237894868763,0.162378999801647,0.162379115875505,0.162379296891214,0.162379542704448,0.162379853042364,0.162380227501559,0.162380665546129,0.162381166505858,0.162381729574494,0.162382353808163,0.16238303812389,0.162383781298241,0.162384581966098,0.162385438619542,0.162386349606881,0.162387313131817,0.162388327252747,0.162389389882201,0.16239049878642,0.162391651585075,0.162392845751149,0.162394078610978,0.16239534734443,0.162396648985246,0.162397980421509,0.162399338396281,0.16240071950837,0.162402120213249,0.162403536824118,0.162404965513124,0.162406402312756,0.162407843117399,0.162409283685058,0.162410719639244,0.162412146471002,0.162413559541086,0.162414954082287,0.162416325201924,0.162417667884518,0.162418976994637,0.162420247279913,0.162421473374223,0.162422649801019,0.162423770976807,0.162424831214795,0.162425824728701,0.162426745636691,0.162427587965474,0.162428345654518,0.162429012560437,0.162429582461511,0.162430049062356,0.162430405998723,0.162430646842424,0.162430765106369,0.162430754249722,0.162430607683172,0.16243031877433,0.162429880853234,0.162429287217937,0.162428531140207,0.162427605871312,0.162426504647889,0.1624252206979,0.162423747246649,0.162422077522864,0.16242020476484,0.162418122226656,0.162415823184458,0.162413300942803,0.162410548841057,0.162407560259821,0.162404328627405,0.162400847426327,0.162397110199847,0.162393110558512,0.162388842186702,0.162384298849189,0.162379474397682,0.162374362777366,0.162368958033427,0.162363254317541,0.162357245894334,0.162350927147803,0.162344292587689,0.162337336855812,0.162330054732335,0.162322441141949,0.162314491159969,0.16230620001838,0.162297563111805,0.162288576003391,0.162279234430591,0.162269534310846,0.162259471747162,0.162249043033577,0.162238244660504,0.16222707331992,0.162215525910411,0.162203599542045,0.162191291541079,0.162178599454482,0.162165521054266,0.162152054341617,0.162138197550834,0.162123949153068,0.162109307859858,0.162094272626464,0.162078842655026,0.162063017397501,0.16204679655841,0.162030180097343,0.162013168231231,0.161995761436386,0.161977960450286,0.161959766273111,0.161941180169029,0.161922203667244,0.161902838562777,0.161883086916974,0.161862951057748,0.161842433579554,0.161821537343088,0.161800265474714,0.16177862136559,0.16175660867051,0.161734231306494,0.161711493451121,0.16168839954059,0.161664954267527,0.161641162578524,0.161617029671395,0.161592560992147,0.161567762231693,0.161542639322274,0.161517198433638,0.161491445968932,0.16146538856035,0.161439033064522,0.161412386557656,0.161385456330441,0.161358249882715,0.161330774917915,0.161303039337291,0.161275051233898,0.161246818886354,0.161218350752381,0.161189655462127,0.161160741811287,0.16113161875401,0.161102295395645,0.16107278098529,0.161043084908169,0.161013216677823,0.160983185928164,0.160953002405379,0.160922675959701,0.160892216537063,0.160861634170638,0.160830938972285,0.160800141123895,0.160769250868645,0.160738278502168,0.160707234363644,0.160676128826836,0.160644972291084,0.160613775172267,0.160582547893741,0.160551300877286,0.160520044534045,0.160488789255472,0.160457545404296,0.160426323305526,0.160395133237507,0.160363985423033,0.160332890020529,0.160301857115307,0.160270896710922,0.160240018720621,0.160209232958885,0.160178549133097,0.160147976835334,0.16011752553432,0.160087204567518,0.160057023133388,0.160026990283831,0.159997114916806,0.159967405769137,0.159937871409519,0.159908520231738,0.159879360448123,0.159850400083226,0.159821646967752,0.159793108732721,0.159764792803883,0.159736706396385,0.159708856509699,0.159681249922803,0.159653893189613,0.1596267926347,0.159599954349298,0.159573384187604,0.159547087763378,0.159521070446817,0.159495337361734,0.159469893383038,0.159444743134501,0.15941989098683,0.159395341056038,0.1593710972021,0.159347163027917,0.159323541878566,0.15930023684087,0.159277250743262,0.159254586155968,0.15923224539148,0.15921023050534,0.159188543297193,0.159167185312149,0.159146157842417,0.159125461929211,0.159105098364946,0.159085067695693,0.159065370223914,0.159046006011448,0.159026974882772,0.159008276428506,0.158989910009158,0.158971874759082,0.158954169590666,0.15893679319875,0.158919744065244,0.158903020463963,0.158886620465658,0.158870541943262,0.158854782577321,0.158839339861626,0.15882421110901,0.158809393457307,0.158794883875473,0.158780679169842,0.15876677599051,0.15875317083784,0.158739860069077,0.158726839905047,0.15871410643695,0.158701655633236,0.158689483346531,0.158677585320607,0.158665957197381,0.15865459452396,0.158643492759713,0.158632647283362,0.158622053400085,0.158611706348598,0.158601601308243,0.158591733406047,0.158582097723755,0.158572689304805,0.158563503161259,0.158554534280682,0.15854577763296,0.158537228177055,0.158528880867642,0.158520730661649,0.158512772524679,0.158505001437325,0.158497412401361,0.158490000445832,0.158482760633013,0.158475688064239,0.158468777885593,0.158462025293432,0.158455425539733,0.158448973937258,0.158442665864543,0.158436496770721,0.158430462180161,0.158424557696905,0.158418779008927,0.158413121892183,0.158407582214456,0.158402155939008,0.158396839128024,0.158391627945849,0.158386518662003,0.158381507653974,0.158376591409788,0.158371766530337,0.158367029731473,0.158362377845884,0.158357807824741,0.158353316739109,0.158348901781148,0.158344560265084,0.15834028962795,0.158336087430105,0.158331951355534,0.158327879211916,0.158323868930484,0.158319918565661,0.158316026294483,0.158312190415774,0.158308409349117,0.158304681633614,0.158301005926478,0.158297381001428,0.158293805746913,0.158290279164142,0.158286800364939,0.158283368569408,0.158279983103412,0.158276643395889,0.158273348976007,0.158270099470164,0.15826689459883,0.158263734173239,0.15826061809195,0.158257546337274,0.158254518971581,0.158251536133486,0.158248598033908,0.158245704952002,0.158242857230981,0.158240055273842,0.158237299538994,0.158234590535806,0.15823192882005,0.15822931498927,0.158226749678094,0.158224233553491,0.158221767309988,0.158219351664856,0.158216987353265,0.158214675123411,0.158212415731611,0.158210209937381,0.158208058498515,0.15820596216618,0.158203921680028,0.15820193776332,0.158200011118086,0.158198142420319,0.158196332315202,0.158194581412373,0.15819289028123,0.158191259446288,0.158189689382585,0.158188180511142,0.158186733194485,0.158185347732224,0.158184024356679,0.15818276322857,0.158181564432786,0.15818042797424,0.158179353773812,0.158178341664393,0.158177391387023,0.158176502587144,0.158175674810956,0.158174907501875,0.158174199997109,0.158173551524335,0.158172961198494,0.158172428018692,0.158171950865227,0.158171528496727,0.15817115954743,0.158170842524569,0.158170575805899,0.158170357637341,0.158170186130754,0.158170059261805,0.158169974867961,0.158169930646617,0.158169924153326,0.158169952800168,0.158170013854229,0.158170104436204,0.158170221519097,0.158170361927044,0.158170522334264,0.158170699264148,0.158170889088473,0.15817108802672,0.1581712921455,0.158171497358087,0.158171699424061,0.15817189394908,0.158172076384768,0.15817224202871,0.158172386024563,0.158172503362237,0.158172588878181,0.158172637255746,0.158172643025644,0.158172600566483,0.158172504105399,0.158172347718784,0.158172125333111,0.158171830725866,0.158171457526553,0.158170999217793,0.158170449136474,0.158169800474988,0.158169046282527,0.15816817946646,0.158167192793786,0.158166078892653,0.158164830253961,0.158163439233016,0.15816189805125,0.158160198797995,0.158158333432325,0.158156293784952,0.158154071560209,0.158151658338087,0.158149045576339,0.158146224612643,0.158143186666825,0.158139922843137,0.158136424132581,0.158132681415266,0.158128685462833,0.158124426940921,0.158119896411696,0.158115084336415,0.158109981078062,0.15810457690403,0.158098861988899,0.15809282641726,0.158086460186606,0.158079753210281,0.1580726953205,0.15806527627144,0.158057485742399,0.158049313341034,0.158040748606669,0.158031781013669,0.15802239997487,0.158012594845076,0.158002354924628,0.157991669463039,0.157980527662727,0.157968918682824,0.157956831643077,0.157944255627844,0.157931179690153,0.15791759285585,0.157903484127827,0.157888842490344,0.157873656913435,0.157857916357435,0.157841609777618,0.157824726128965,0.157807254371032,0.157789183472939,0.157770502418462,0.157751200211275,0.157731265880311,0.157710688485275,0.157689457122289,0.157667560929675,0.157644989093874,0.157621730855514,0.157597775515627,0.157573112442022,0.157547731075811,0.15752162093809,0.157494771636807,0.157467172873811,0.15743881445206,0.157409686283025,0.157379778394265,0.15734908093718,0.157317584194961,0.15728527859073,0.157252154695882,0.157218203238633,0.15718341511277,0.157147781386622,0.15711129331222,0.157073942334649,0.157035720101584,0.156996618473024,0.15695662953122,0.156915745590831,0.156873959209304,0.156831263197476,0.1567876506304,0.156743114858394,0.156697649518341,0.156651248545198,0.156603906183724,0.156555617000406,0.156506375895597,0.156456178115874,0.156405019266616,0.156352895324799,0.156299802652011,0.156245738007695,0.156190698562634,0.156134681912664,0.156077686092622,0.156019709590501,0.155960751361799,0.155900810844091,0.155839887971802,0.155777983191204,0.155715097475592,0.155651232340678,0.155586389860177,0.155520572681588,0.155453784042161,0.155386027785052,0.155317308375655,0.155247630918103,0.155177001171967,0.155105425569141,0.155032911230892,0.154959465985071,0.154885098383491,0.154809817719451,0.154733634045427,0.154656558190917,0.154578601780436,0.154499777251652,0.154420097873645,0.154339577765291,0.154258231913774,0.1541760761932,0.154093127383304,0.154009403188275,0.153924922255689,0.153839704195547,0.153753769599393,0.153667140059496,0.153579838188117,0.153491887636834,0.153403313115929,0.153314140413828,0.153224396416581,0.153134109127381,0.153043307686115,0.152952022388939,0.152860284707868,0.152768127310386,0.152675584079058,0.152582690131122,0.152489481838079,0.152395996845263,0.152302274091409,0.152208353828178,0.15211427763966,0.152020088461815,0.151925830601873,0.151831549757661,0.151737293036861,0.151643108976191,0.151549047560491,0.151455160241713,0.15136149995778,0.15126812115134,0.151175079788387,0.151082433376748,0.150990240984405,0.15089856325766,0.15080746243912,0.150717002385503,0.150627248585237,0.150538268175855,0.150450129961159,0.150362904428161,0.150276663763773,0.150191481871243,0.150107434386316,0.150024598693098,0.149943053939616,0.14986288105305,0.149784162754635,0.149706983574224,0.149631429864488,0.149557589814724,0.149485553464263,0.149415412715473,0.149347261346348,0.149281195022643,0.149217311309545,0.149155709682855,0.149096491539638,0.149039760208344,0.148985620958361,0.148934181008979,0.148885549537762,0.148839837688279,0.148797158577198,0.148757627300699,0.14872136094018,0.148688478567255,0.148659101247994,0.148633352046389,0.148611356026997,0.148593240256777,0.148579133806081,0.148569167748808,0.148563475161663,0.148562191122508,0.148565452707776,0.148573398988912,0.148586171027789,0.1486039118711,0.148626766543672,0.148654882040689,0.148688407318761,0.148727493285852,0.148772292790015,0.148822960606931,0.14887965342621,0.148942529836434,0.149011750308911,0.1490874771801,0.149169874632684,0.149259108675289,0.149355347120813,0.149458759563327,0.149569517353515,0.149687793572653,0.149813763005093,0.149947602109237,0.150089488986989,0.150239603351653,0.150398126494253,0.150565241248255,0.150741131952679,0.150925984413584,0.151119985863898,0.151323324921601,0.151536191546236,0.151758776993755,0.15199127376966,0.152233875580457,0.152486777283427,0.152750174834701,0.153024265235622,0.153309246477397,0.153605317484042,0.153912678053625,0.1542315287978,0.154562071079658,0.154904506949885,0.155259039081255,0.155625870701472,0.156005205524391,0.156397247679636,0.156802201640631,0.157220272151064,0.157651664149789,0.158096582694225,0.158555232882283,0.159027819772842,0.159514548304822,0.160015623214881,0.160531248953791,0.161061629601501,0.161606968780962,0.162167469570754,0.162743334416564,0.163334765041579,0.163941962355817,0.164565126364505,0.165204456075524,0.16586014940598,0.16653240308796,0.167221412573549,0.167927371939179,0.168650473789383,0.169390909160018,0.170148867421036,0.170924536178867,0.171718101178508,0.172529746205376,0.173359652987002,0.174208001094659,0.175074967845008,0.175960728201815,0.176865454677839,0.177789317236984,0.178732483196793,0.17969511713137,0.180677380774833,0.181679432925355,0.182701429349889,0.183743522689686,0.184805862366667,0.185888594490764,0.186991861768313,0.188115803411576,0.189260555049498,0.190426248639797,0.191613012382464,0.192820970634742,0.194050243827677,0.195300948384305,0.196573196639561,0.197867096761989,0.199182752677341,0.200520263994139,0.201879725931298,0.203261229247882,0.204664860175048,0.206090700350268,0.207538826753887,0.209009311648076,0.210502222518249,0.21201762201702,0.213555567910734,0.215116113028637,0.216699305214729,0.218305187282363,0.219933796971655,0.221585166909751,0.223259324573993,0.224956292257997,0.226676087040702,0.228418720758393,0.230184199979742,0.231972525983892,0.2337836947416,0.235617696899449,0.237474517767181,0.239354137308144,0.241256530132872,0.243181665495803,0.245129507295129,0.247100014075772,0.24909313903548,0.251108830034031,0.253147029605502,0.255207674973604,0.257290698070042,0.259396025555898,0.261523578845988,0.263673274136171,0.265845022433563,0.268038729589621,0.270254296336072,0.272491618323601,0.274750586163296,0.277031085470812,0.279332996913178,0.281656196258177,0.284000554426234,0.286365937544768,0.288752207004941,0.291159219520685,0.29358682718997,0.29603487755822,0.298503213683807,0.30099167420552,0.303500093411969,0.306028301312821,0.308576123711802,0.311143382281387,0.313729894639078,0.316335474425211,0.31895993138219,0.321603071435047,0.324264696773219,0.326944605933479,0.329642593883897,0.332358452108732,0.33509196869423,0.337842928415184,0.34061111282219,0.343396300329486,0.346198266303275,0.34901678315042,0.351851620407465,0.354702544829859,0.357569320481293,0.360451708823067,0.3633494688034,0.36626235694658,0.36919012744188,0.372132532232135,0.375089321101895,0.378060241765104,0.381045039952178,0.384043459496408,0.387055242419641,0.390080129017192,0.393117857941898,0.396168166287263,0.399230789669605,0.402305462309155,0.405391917110051,0.408489885739137,0.411599098703548,0.414719285427041,0.41785017432498,0.420991492877936,0.424142967703883,0.42730432462899,0.430475288756963,0.433655584536903,0.436844935829597,0.440043065972256,0.443249697841643,0.446464553915595,0.449687356332963,0.452917826951988,0.456155687407082,0.459400659163984,0.462652463573302,0.465910821922436,0.469175455485856,0.472446085573783,0.475722433579289,0.479004221023893,0.48229116960168,0.485583001221959,0.488879438050511,0.492180202549423,0.495485017515562,0.498793606117674,0.502105691932126,0.505420998977337,0.508739251746941,0.512060175241714,0.515383495000306,0.518708937128815,0.522036228329253,0.525365095926957,0.528695267896982,0.532026472889542,0.535358440254563,0.538690900065368,0.542023583141559,0.545356221071177,0.548688546232168,0.552020291813232,0.555351191834125,0.558680981165428,0.562009395547851,0.565336171611115,0.568661046892484,0.57198375985504,0.575304049905778,0.578621657413567,0.581936323726978,0.585247791192028,0.588555803169874,0.591860104054517,0.595160439290579,0.598456555391197,0.601748199956013,0.605035121689338,0.608317070418556,0.611593797112836,0.614865053902146,0.618130594096629,0.621390172206378,0.624643543961661,0.62789046633363,0.631130697555575,0.634363997144743,0.637590125924729,0.640808846048462,0.644019921021791,0.647223115727707,0.650418196451249,0.653604930905085,0.656783088255789,0.659952439150835,0.663112755746351,0.666263811735616,0.669405382378299,0.672537244530428,0.675659176675115,0.678770958954046,0.681872373199723,0.68496320296841,0.688043233573741,0.691112252120992,0.694170047542026,0.697216410630944,0.700251134080432,0.70327401251878,0.706284842547588,0.709283422780134,0.712269553880383,0.715243038602629,0.718203681831676,0.721151290623528,0.724085674246545,0.727006644223025,0.729914014371225,0.732807600847736,0.73568722219016,0.738552699360055,0.741403855786104,0.744240517407511,0.747062512717541,0.749869672807151,0.752661831408682,0.755438824939546,0.758200492545925,0.760946676146399,0.763677220475493,0.766391973127055,0.769090784597383,0.771773508328028,0.774440000748267,0.777090121317252,0.779723732565814,0.782340700137863,0.784940892831251,0.787524182638045,0.790090444784196,0.792639557768565,0.795171403401259,0.797685866841323,0.800182836633704,0.802662204745429,0.805123866600943,0.807567721116557,0.80999367073398,0.81240162145281,0.814791482861947,0.81716316816992,0.819516594234064,0.821851681588585,0.824168354471513,0.826466540850454,0.828746172447087,0.83100718476045,0.833249517089004,0.835473112551449,0.837677918106268,0.839863884569941,0.84203096663381,0.84417912287956,0.846308315793241,0.848418511777778,0.850509681163979,0.852581798220065,0.854634841159738,0.856668792148707,0.858683637309597,0.860679366725261,0.862655974440494,0.864613458462154,0.866551820757727,0.868471067252285,0.87037120782386,0.872252256297212,0.874114230436033,0.875957151933565,0.877781046401694,0.879585943358506,0.881371876214312,0.883138882256127,0.88488700263058,0.886616282325318,0.888326770148884,0.890018518709126,0.891691584390104,0.893346027327479,0.894981911382425,0.896599304114069,0.898198276750538,0.899778904158659,0.901341264812385,0.902885440759912,0.904411517589376,0.905919584393164,0.907409733730939,0.908882061591344,0.910336667352433,0.911773653740801,0.913193126789491,0.91459519579472,0.915979973271471,0.91734757490796,0.918698119519021,0.920031728998394,0.92134852827001,0.922648645238326,0.923932210737769,0.9251993584813,0.926450225008178,0.927684949630907,0.928903674381349,0.930106543956076,0.931293705660903,0.932465309354615,0.933621507391944,0.934762454565871,0.935888308049289,0.936999227336065,0.938095374181514,0.93917691254223,0.940244008515334,0.941296830277119,0.942335548021113,0.943360333895672,0.944371361941193,0.945368808026901,0.946352849787119,0.947323666557137,0.948281439308711,0.949226350585217,0.950158584436526,0.951078326353554,0.951985763202512,0.952881083158879,0.953764475641104,0.954636131244038,0.955496241672184,0.956344999672733,0.957182598968445,0.958009234190471,0.958825100811034,0.959630395075967,0.960425313937117,0.961210054984579,0.961984816378876,0.962749796783077,0.963505195294899,0.964251211378731,0.964988044797693,0.965715895545759,0.96643496377994,0.967145449752579,0.967847553743774,0.968541475993929,0.969227416636453,0.969905575630673,0.970576152694965,0.971239347240008,0.971895358302253,0.972544384477629,0.973186623855391,0.973822273952146,0.974451531646051,0.975074593111167,0.975691653752072,0.976302908138653,0.976908549941086,0.9775087718651,0.978103765587549,0.978693721692283,0.97927882960635,0.979859277536575,0.980435252406485,0.981006939793618,0.981574523867204,0.9821381873262,0.982698111337717,0.983254475475823,0.983807457660833,0.984357234099116,0.984903979223431,0.985447865633801,0.98598906403894,0.986527743198272,0.987064069864603,0.987598208727534,0.988130322357638,0.988660571151374,0.989189113276817,0.989716104620191,0.990241698733173,0.990766046781048,0.991289297491683,0.991811597105347,0.992333089325418,0.99285391527005,0.99337421342477,0.993894119596047,0.994413766865916,0.99493328554765,0.995452803142453,0.99597244429723,0.9964923307635,0.997012581357479,0.997533311921319,0.998054635285434,0.998576661231951,0.999099496459354,0.999623244548442,1.00014800592959,1.00067387785137,1.0012009543506,1.00172932622388,1.00225908100058,1.00279030291715,1.0033230728929,1.00385746850716,1.00439356397801,1.00493143014254,1.00547113443888,1.00601274088974,1.00655631008765,1.00710189918182,1.00764956186653,1.00819934837134,1.00875130545299,1.00930547638917,1.00986190097399,1.01042061551524,1.01098165283334,1.01154504226193,1.01211080965024,1.01267897736728,1.01324956430782,1.01382258590019,1.01439805411585,1.01497597748084,1.01555636108911,1.01613920661759,1.01672451234333,1.0173122731623,1.01790248061025,1.01849512288532,1.01909018487257,1.01968764817039,1.02028749111872,1.02088968882927,1.02149421321746,1.02210103303613,1.02271011391115,1.02332141837888,1.02393490592548,1.02455053302809,1.02516825319786,1.02578801702481,1.02640977222441,1.02703346368588,1.02765903352221,1.02828642112196,1.02891556320279,1.02954639386653,1.03017884465577,1.03081284461203,1.03144832033547,1.03208519604606,1.03272339364628,1.03336283278521,1.03400343092411,1.0346451034034,1.03528776351094,1.03593132255167,1.03657568991838,1.03722077316379,1.03786647807374,1.03851270874139,1.0391593676424,1.03980635571103,1.04045357241722,1.04110091584457,1.04174828276899,1.04239556873829,1.04304266815235,1.04368947434399,1.04433587966038,1.04498177554497,1.04562705262004,1.04627160076966,1.04691530922304,1.04755806663802,1.04819976118489,1.04884028063012,1.04947951242023,1.05011734376557,1.05075366172405,1.05138835328467,1.05202130545076,1.05265240532313,1.0532815401828,1.05390859757338,1.05453346538318,1.05515603192673,1.05577618602568,1.05639381708921,1.05700881519362,1.05762107116138,1.05823047663927,1.05883692417566,1.05944030729681,1.06004052058211,1.06063745973827,1.06123102167251,1.06182110456444,1.06240760793682,1.06299043272505,1.0635694813453,1.0641446577612,1.06471586754899,1.06528301796109,1.06584601798804,1.06640477841887,1.06695921189968,1.06750923299074,1.06805475822171,1.06859570614519,1.06913199738831,1.06966355470254,1.07019030301161,1.07071216945747,1.07122908344439,1.07174097668113,1.07224778322111,1.07274943950052,1.07324588437445,1.07373705915093,1.07422290762292,1.07470337609811,1.07517841342656,1.07564797102604,1.07611200290504,1.0765704656835,1.07702331861124,1.0774705235842,1.07791204515832,1.07834785056124,1.07877790970177,1.07920219517712,1.0796206822779,1.08003334899089,1.08044017599942,1.08084114668164,1.08123624710653,1.08162546602756,1.08200879487439,1.0823862277421,1.08275776137841,1.08312339516862,1.08348313111844,1.08383697383474,1.08418493050427,1.08452701087032,1.08486322720723,1.08519359429308,1.08551812938033,1.08583685216473,1.08614978475233,1.08645695162476,1.08675837960279,1.08705409780818,1.08734413762392,1.08762853265284,1.08790731867481,1.08818053360234,1.08844821743481,1.08871041221124,1.08896716196156,1.0892185126567,1.08946451215742,1.08970521016204,1.08994065815301,1.09017090934252,1.0903960186171,1.09061604248152,1.09083103900175,1.09104106774721,1.09124618973223,1.09144646735685,1.09164196434698,1.09183274569403,1.09201887759423,1.09220042738747,1.09237746349597,1.09255005536268,1.09271827338951,1.09288218887543,1.09304187395459,1.09319740153429,1.09334884523309,1.09349627931894,1.09363977864757,1.09377941860108,1.09391527502689,1.09404742417691,1.09417594264721,1.0943009073181,1.09442239529489,1.09454048384916,1.09465525036063,1.0947667722597,1.09487512697057,1.09498039185507,1.09508264415715,1.09518196094836,1.09527841907408,1.09537209510071,1.09546306526383,1.09555140541741,1.09563719098416,1.095720496907,1.09580139760177,1.0958799669111,1.09595627805967,1.0960304036106,1.09610241542323,1.09617238461206,1.09624038150705,1.09630647561513,1.0963707355832,1.09643322916237,1.09649402317358,1.0965531834747,1.096610774929,1.09666686137519,1.09672150559892,1.0967747693057,1.09682671309534,1.09687739643766,1.09692687764969,1.09697521387427,1.09702246106031,1.09706867394447,1.09711390603467,1.09715820959491,1.09720163563172,1.09724423388197,1.09728605280211,1.0973271395589,1.09736754002137,1.09740729875423,1.09744645901249,1.09748506273757,1.09752315055468,1.09756076177163,1.09759793437897,1.09763470505135,1.09767110915002,1.09770718072671,1.09774295252853,1.09777845600423,1.09781372131155,1.0978487773257,1.09788365164891,1.097918370621,1.09795295933094,1.09798744162936,1.09802184014201,1.09805617628424,1.09809047027633,1.09812474115962,1.09815900681352,1.09819328397302,1.09822758824716,1.09826193413804,1.09829633506057,1.09833080336277,1.09836535034667,1.09839998628985,1.09843472046744,1.09846956117454,1.09850451574905,1.09853959059487,1.09857479120541,1.09861012218751,1.0986455872855,1.09868118940552,1.0987169306402,1.09875281229364,1.09878883490666,1.09882499828232,1.09886130151156,1.09889774299894,1.09893432048851,1.09897103108954,1.09900787130227,1.09904483704357,1.09908192367242,1.09911912601527,1.09915643839119,1.09919385463693,1.09923136813181,1.09926897182247,1.09930665824736,1.09934441956121,1.09938224755905,1.09942013369998,1.09945806913059,1.09949604470806,1.09953405102286,1.09957207842111,1.09961011702637,1.09964815676107,1.09968618736756,1.09972419842876,1.09976217938843,1.09980011957092,1.09983800820037,1.09987583441946,1.09991358730758,1.09995125589863,1.09998882919823,1.10002629620061,1.10006364590492,1.10010086733109,1.10013794953505,1.10017488162336,1.10021165276729,1.10024825221631,1.10028466931114,1.10032089349619,1.10035691433162,1.10039272150477,1.10042830484121,1.10046365431513,1.10049876005921,1.10053361237385,1.10056820173595,1.10060251880723,1.10063655444207,1.10067029969484,1.10070374582675,1.10073688431228,1.10076970684495,1.1008022053425,1.10083437195169,1.10086619905272,1.10089767926327,1.1009288054422,1.10095957069266,1.10098996836476,1.1010199920577,1.10104963562142,1.10107889315772,1.10110775902084,1.10113622781777,1.10116429440799,1.10119195390298,1.10121920166534,1.10124603330753,1.10127244469011,1.10129843191972,1.1013239913465,1.10134911956134,1.10137381339256,1.10139806990255,1.10142188638393,1.1014452603555,1.10146818955785,1.10149067194876,1.10151270569834,1.101534289184,1.10155542098535,1.10157609987901,1.10159632483314,1.10161609500191,1.10163540971998,1.10165426849703,1.10167267101213,1.10169061710812,1.10170810678598,1.10172514019912,1.10174171764768,1.10175783957297,1.10177350655165,1.10178871928996,1.10180347861787,1.10181778548344,1.1018316409471,1.10184504617616,1.10185800243938,1.10187051110154,1.10188257361813,1.1018941915301,1.10190536645857,1.10191610009974,1.10192639421994,1.10193625065093,1.10194567128541,1.10195465807278,1.101963213015,1.10197133816257,1.10197903561069,1.10198630749551,1.10199315599051,1.10199958330298,1.10200559167061,1.10201118335839,1.10201636065566,1.10202112587341,1.10202548134172,1.10202942940736,1.10203297243161,1.10203611278824,1.10203885286171,1.10204119504555,1.10204314174078,1.10204469535461,1.10204585829926,1.10204663299111,1.10204702185,1.10204702729865,1.10204665176237,1.10204589766882,1.10204476744799,1.10204326353224,1.10204138835646,1.10203914435828,1.10203653397857,1.10203355966187,1.10203022385714,1.10202652901868,1.10202247760719,1.10201807209098,1.1020133149472,1.10200820866342,1.10200275573921,1.10199695868797,1.10199082003881,1.10198434233865,1.10197752815444,1.10197038007547,1.10196290071565,1.10195509271584,1.10194695874632,1.10193850150919,1.1019297237409,1.10192062821473,1.1019112177434,1.1019014951818,1.10189146342965,1.1018811254343,1.10187048419354,1.10185954275842,1.10184830423609,1.10183677179255,1.10182494865527,1.10181283811559,1.10180044353108,1.10178776832769,1.10177481600191,1.10176159012277,1.10174809433389,1.10173433235548,1.10172030798625,1.10170602510525,1.10169148767353,1.10167669973588,1.10166166542227,1.10164638894926,1.10163087462104,1.10161512683035,1.10159915005936,1.10158294888039,1.10156652795646,1.1015498920415,1.10153304598028,1.10151599470819,1.10149874325107,1.10148129672475,1.10146366033449,1.10144583937401,1.10142783922445,1.10140966535312,1.1013913233121,1.10137281873692,1.10135415734505,1.10133534493439,1.10131638738157,1.10129729064006,1.10127806073796,1.10125870377564,1.10123922592308,1.10121963341696,1.10119993255766,1.10118012970621,1.10116023128102,1.10114024375447,1.10112017364941,1.1011000275356,1.10107981202619,1.10105953377418,1.10103919946888,1.10101881583219,1.10099838961494,1.10097792759318,1.10095743656448,1.10093692334423,1.10091639476196,1.10089585765758,1.10087531887757,1.10085478527115,1.10083426368638,1.10081376096607,1.10079328394381,1.10077283943973,1.10075243425622,1.10073207517336,1.10071176894428,1.10069152229052,1.10067134189726,1.10065123440869,1.10063120642345,1.10061126449009,1.10059141510261,1.10057166469614,1.10055201964257,1.10053248624637,1.10051307074054,1.1004937792826,1.1004746179505,1.10045559273859,1.1004367095535,1.10041797421006,1.10039939242734,1.10038096982462,1.10036271191745,1.10034462411362,1.10032671170916,1.10030897988423,1.10029143369905,1.1002740780897,1.10025691786402,1.10023995769757,1.10022320212964,1.10020665555929,1.10019032224166,1.10017420628435,1.10015831164391,1.10014264212255,1.10012720136479,1.10011199285441,1.10009701991132,1.10008228568874,1.10006779317047,1.10005354516846,1.10003954432042,1.1000257930877,1.10001229375321,1.09999904841963,1.0999860590077,1.09997332725454,1.09996085471192,1.09994864274453,1.09993669252834,1.09992500504903,1.09991358110056,1.09990242128391,1.0998915260059,1.09988089547817,1.09987052971631,1.09986042853928,1.09985059156901,1.09984101823034,1.09983170775097,1.09982265916173,1.09981387129695,1.09980534279489,1.09979707209823,1.09978905745472,1.09978129691788,1.09977378834785,1.09976652941227,1.09975951758732,1.09975275015885,1.09974622422352,1.09973993669017,1.09973388428124,1.09972806353427,1.09972247080345,1.09971710226143,1.0997119539011,1.09970702153765,1.09970230081075,1.09969778718679,1.09969347596142,1.09968936226208,1.09968544105061,1.09968170712605,1.09967815512739,1.09967477953657,1.09967157468176,1.09966853474069,1.09966565374418,1.09966292557977,1.09966034399546,1.09965790260352,1.09965559488446,1.09965341419094,1.09965135375183,1.09964940667642,1.09964756595884,1.0996458244826,1.09964417502523,1.09964261026295,1.09964112277541,1.09963970505058,1.09963834948967,1.09963704841213,1.09963579406088,1.09963457860746,1.09963339415725,1.09963223275505,1.09963108639064,1.09962994700442,1.09962880649314,1.09962765671554,1.09962648949804,1.09962529664027,1.09962406992061,1.09962280110172,1.09962148193587,1.09962010417039,1.09961865955276,1.09961713983576,1.09961553678254,1.0996138421717,1.09961204780246,1.09961014549984,1.09960812711987,1.0996059845548,1.09960370973812,1.09960129464953,1.09959873131972,1.09959601183527,1.0995931283434,1.09959007305691,1.09958683825918,1.09958341630904,1.09957979964565,1.09957598079323,1.09957195236558,1.09956770707063,1.09956323771483,1.09955853720761,1.09955359856566,1.09954841491719,1.09954297950622,1.09953728569684,1.09953132697739,1.09952509696445,1.09951858940675,1.09951179818881,1.09950471733443,1.09949734101012,1.0994896635284,1.09948167935109,1.09947338309256,1.09946476952287,1.09945583357076,1.09944657032643,1.09943697504405,1.09942704314419,1.09941677021606,1.09940615201973,1.09939518448824,1.09938386372965,1.09937218602888,1.09936014784949,1.09934774583516,1.0993349768109,1.09932183778406,1.09930832594518,1.09929443866877,1.09928017351409,1.09926552822557,1.09925050073319,1.09923508915262,1.09921929178523,1.09920310711795,1.09918653382295,1.09916957075717,1.09915221696158,1.09913447166037,1.09911633425984,1.09909780434736,1.09907888169012,1.09905956623391,1.09903985810183,1.0990197575927,1.09899926517936,1.09897838150674,1.09895710738987,1.09893544381182,1.09891339192165,1.09889095303218,1.09886812861783,1.09884492031242,1.09882132990686,1.09879735934683,1.09877301073033,1.09874828630511,1.09872318846595,1.09869771975179,1.09867188284279,1.09864568055728,1.09861911584835,1.09859219180042,1.09856491162553,1.09853727865954,1.09850929635801,1.09848096829204,1.09845229814389,1.09842328970248,1.09839394685878,1.09836427360104,1.09833427400994,1.09830395225359,1.09827331258237,1.09824235932355,1.09821109687579,1.09817952970339,1.09814766233056,1.09811549933531,1.09808304534327,1.09805030502138,1.09801728307154,1.0979839842242,1.09795041323186,1.0979165748626,1.09788247389345,1.09784811510362,1.09781350326778,1.0977786431491,1.09774353949226,1.09770819701635,1.09767262040776,1.09763681431312,1.09760078333225,1.09756453201102,1.09752806483425,1.09749138621853,1.09745450050524,1.09741741195348,1.09738012473305,1.09734264291724,1.09730497047581,1.09726711126811,1.09722906903632,1.09719084739887,1.0971524498439,1.09711387972292,1.09707514024453,1.09703623446838,1.09699716529934,1.09695793548178,1.09691854759388,1.09687900404195,1.0968393070548,1.0967994586782,1.09675946076942,1.09671931499193,1.09667902281014,1.09663858548431,1.09659800406549,1.09655727939062,1.09651641207769,1.09647540252099,1.09643425088665,1.09639295710828,1.09635152088277,1.09630994166617,1.09626821866976,1.09622635085604,1.0961843369349,1.09614217535978,1.09609986432397,1.09605740175726,1.09601478532264,1.0959720124133,1.09592908014966,1.0958859853767,1.09584272466143,1.09579929429043,1.0957556902674,1.09571190831088,1.09566794385206,1.09562379203267,1.09557944770315,1.09553490542094,1.09549015944919,1.09544520375582,1.0954000320127,1.09535463759499,1.09530901358062,1.09526315275002,1.09521704758598,1.09517069027376,1.09512407270139,1.09507718646031,1.09503002284618,1.09498257285991,1.09493482720881,1.09488677630781,1.0948384102808,1.09478971896207,1.09474069189798,1.0946913183488,1.09464158729084,1.09459148741863,1.09454100714741,1.09449013461578,1.09443885768868,1.09438716396054,1.09433504075867,1.09428247514679,1.09422945392865,1.09417596365176,1.09412199061124,1.09406752085379,1.09401254018211,1.09395703415933,1.09390098811368,1.09384438714338,1.09378721612175,1.09372945970264,1.09367110232595,1.09361212822341,1.09355252142443,1.09349226576226,1.09343134488025,1.09336974223825,1.09330744111915,1.09324442463544,1.09318067573608,1.0931161772133,1.0930509117098,1.09298486172604,1.09291800962779,1.09285033765366,1.09278182792284,1.09271246244299,1.09264222311838,1.09257109175812,1.09249905008451,1.09242607974136,1.09235216230233,1.09227727927922,1.09220141213063,1.09212454227044,1.09204665107639,1.09196771989867,1.09188773006854,1.09180666290702,1.09172449973361,1.09164122187503,1.09155681067396,1.09147124749769,1.09138451374686,1.09129659086401,1.09120746034221,1.09111710373362,1.09102550265798,1.09093263881099,1.09083849397262,1.09074305001554,1.09064628891345,1.0905481927493,1.09044874372323,1.09034792416059,1.09024571651973,1.09014210339984,1.0900370675484,1.08993059186863,1.08982265942675,1.08971325345911,1.08960235737918,1.08948995478442,1.08937602946294,1.08926056539987,1.08914354678367,1.08902495801226,1.08890478369899,1.08878300867848,1.08865961801225,1.08853459699433,1.08840793115665,1.08827960627435,1.08814960837091,1.08801792372335,1.08788453886721,1.08774944060139,1.08761261599291,1.08747405238149,1.08733373738406,1.08719165889905,1.08704780511054,1.08690216449215,1.08675472581075,1.08660547812999,1.0864544108137,1.08630151352911,1.08614677624992,1.08599018925924,1.08583174315238,1.08567142883944,1.08550923754774,1.08534516082416,1.08517919053729,1.08501131887934,1.08484153836789,1.08466984184747,1.08449622249103,1.08432067380132,1.08414318961219,1.0839637640899,1.08378239173444,1.08359906738073,1.08341378619981,1.08322654370001,1.08303733572809,1.0828461584703,1.08265300845336,1.0824578825453,1.08226077795648,1.0820616922404,1.08186062329465,1.08165756936193,1.08145252903101,1.08124550123782,1.08103648526648,1.08082548075042,1.0806124876734,1.08039750637057,1.08018053752957,1.07996158219183,1.07974064175375,1.079517717968,1.07929281294472,1.079065929153,1.0788370694222,1.07860623694339,1.07837343527086,1.07813866832368,1.07790194038749,1.07766325611644,1.07742262053513,1.07718003904079,1.07693551740545,1.07668906177828,1.07644067868797,1.07619037504535,1.07593815814616,1.0756840356738,1.07542801570239,1.07517010669984,1.07491031753113,1.07464865746159,1.07438513616023,1.07411976370326,1.07385255057764,1.07358350768475,1.07331264634393,1.07303997829622,1.07276551570786,1.07248927117404,1.07221125772256,1.07193148881765,1.07164997836375,1.07136674070924,1.07108179065014,1.07079514343391,1.07050681476317,1.07021682079937,1.06992517816641,1.06963190395417,1.06933701572195,1.06904053150181,1.06874246980178,1.06844284960891,1.0681416903923,1.06783901210602,1.06753483519199,1.06722918058264,1.06692206970342,1.06661352447515,1.066303567316,1.06599222114334,1.06567950937536,1.06536545593247,1.06505008523853,1.0647334222216,1.06441549231458,1.06409632145536,1.06377593608668,1.06345436315562,1.06313163011287,1.06280776491166,1.06248279600623,1.0621567523498,1.06182966339207,1.06150155907628,1.06117246983579,1.06084242659029,1.06051146074157,1.06017960416879,1.05984688922318,1.05951334872224,1.05917901594326,1.05884392461635,1.05850810891693,1.05817160345767,1.05783444327998,1.05749666384484,1.05715830102317,1.05681939108542,1.05647997069064,1.05614007687493,1.05579974703916,1.05545901893616,1.05511793065724,1.05477652061812,1.05443482754438,1.05409289045603,1.05375074865163,1.0534084416917,1.05306600938154,1.05272349175347,1.0523809290484,1.05203836169682,1.05169583029934,1.05135337560638,1.05101103849733,1.05066885995889,1.05032688106279,1.04998514294276,1.04964368677099,1.0493025537339,1.04896178500758,1.04862142173256,1.04828150498826,1.0479420757668,1.04760317494656,1.0472648432651,1.04692712129171,1.04659004939959,1.04625366773766,1.045918016202,1.045583134407,1.04524906165616,1.04491583691268,1.0445834987698,1.04425208542079,1.04392163462875,1.04359218369598,1.04326376943331,1.04293642812927,1.04261019551919,1.04228510675427,1.04196119637052,1.0416384982577,1.04131704562832,1.04099687098674,1.04067800609808,1.04036048195735,1.04004432875847,1.03972957586352,1.039416251772,1.03910438409019,1.03879399950084,1.03848512373305,1.0381777815324,1.03787199663128,1.03756779171941,1.03726518841469,1.03696420723431,1.03666486756644,1.03636718764223,1.03607118450836,1.0357768739999,1.03548427071384,1.0351933879831,1.03490423785113,1.03461683104694,1.03433117696084,1.03404728362071,1.03376515766882,1.0334848043394,1.03320622743679,1.03292942931443,1.0326544108545,1.03238117144834,1.03210970897759,1.03184001979619,1.03157209871297,1.03130593897514,1.0310415322526,1.03077886862298,1.03051793655758,1.03025872290817,1.03000121289482,1.02974539009464,1.02949123643131,1.02923873216553,1.02898785588624,1.02873858450303,1.02849089323939,1.02824475562692,1.02800014350056,1.02775702699475,1.02751537454048,1.02727515286336,1.02703632698255,1.0267988602107,1.02656271415471,1.02632784871752,1.02609422210064,1.02586179080772,1.0256305096491,1.02540033174732,1.02517120854371,1.02494308980586,1.02471592363615,1.02448965648109,1.02426423314163,1.02403959678432,1.02381568895348,1.02359244958422,1.0233698170164,1.02314772800933,1.02292611775741,1.0227049199065,1.02248406657111,1.02226348835238,1.02204311435672,1.02182287221517,1.02160268810359,1.02138248676344,1.0211621915234,1.02094172432166,1.02072100572896,1.02049995497233,1.02027848995964,1.02005652730466,1.01983398235279,1.01961076920729,1.01938680075611,1.01916198869914,1.01893624357588,1.01870947479342,1.01848159065502,1.01825249838898,1.01802210417819,1.01779031318996,1.01755702960627,1.01732215665433,1.01708559663738,1.01684725096585,1.01660702018868,1.01636480402488,1.01612050139517,1.01587401045402,1.01562522862178,1.01537405261721,1.01512037849003,1.01486410165375,1.0146051169185,1.01434331852413,1.01407860017338,1.01381085506523,1.01353997592847,1.01326585505524,1.01298838433472,1.01270745528675,1.01242295909532,1.0121347866421,1.01184282853993,1.01154697516629,1.01124711669657,1.01094314313734,1.01063494435944,1.01032241013109,1.01000543015088,1.00968389408051,1.00935769157742,1.00902671232732,1.00869084607657,1.00834998266433,1.00800401205451,1.00765282436756,1.00729630991207,1.00693435921632,1.00656686305956,1.0061937125031,1.00581479892111,1.00543001403113,1.00503924992434,1.00464239909558,1.00423935447306,1.00383000944783,1.00341425790304,1.00299199424312,1.00256311342253,1.00212751097434,1.00168508303843,1.00123572638949,1.00077933846452,1.00031581739007,0.999845062009025,0.999366971907102,0.99888144743888,0.998388389753536,0.997887700820358,0.997379283453908,0.996863041338764,0.996338879053943,0.995806702097044,0.995266416908052,0.994717930892854,0.994161152446448,0.993595990975759,0.993022356922007,0.992440161782618,0.991849318132655,0.991249739645772,0.99064134111466,0.990024038471009,0.989397748805022,0.988762390384475,0.988117882673333,0.987464146349896,0.986801103324433,0.986128676756279,0.985446791070516,0.984755371974326,0.984054346473002,0.983343642885562,0.982623190859919,0.981892921387579,0.981152766817807,0.980402660871343,0.979642538653654,0.978872336667713,0.978091992826279,0.977301446463636,0.976500638346825,0.975689510686304,0.974868007146029,0.97403607285302,0.973193654406495,0.9723406998865,0.971477158861996,0.970602982398392,0.969718123064517,0.968822534939027,0.967916173616224,0.966998996211321,0.966070961365054,0.965132029247771,0.964182161563027,0.963221321550699,0.962249473989551,0.961266585199192,0.960272623041427,0.959267556920958,0.958251357785526,0.957223998125452,0.956185451972604,0.955135694898817,0.95407470401377,0.953002457962278,0.95191893692104,0.950824122594836,0.949717998212287,0.94860054852113,0.947471759782969,0.946331619767547,0.945180117746466,0.944017244486343,0.942842992241456,0.941657354745875,0.940460327205125,0.939251906287355,0.938032090114026,0.936800878250146,0.935558271694066,0.934304272866824,0.933038885601128,0.931762115129942,0.930473968074755,0.929174452433489,0.927863577568018,0.926541354191265,0.925207794353923,0.923862911430806,0.922506720106941,0.921139236363472,0.919760477463325,0.918370461936626,0.916969209565876,0.915556741370896,0.91413307959353,0.912698247682119,0.911252270275739,0.909795173188249,0.908326983392233,0.906847729002825,0.90535743926147,0.903856144519549,0.902343876221811,0.900820666889674,0.899286550104389,0.897741560490146,0.896185733697175,0.89461910638475,0.893041716204074,0.891453601781106,0.889854802699312,0.888245359482298,0.886625313576412,0.884994707333349,0.883353583992817,0.881701987665336,0.880039963315103,0.878367556742954,0.87668481456941,0.874991784217855,0.873288513897811,0.87157505258825,0.869851450021073,0.868117756664741,0.866374023708013,0.864620303043778,0.862856647253028,0.861083109589024,0.859299743961589,0.857506604921472,0.855703747644823,0.853891227917771,0.852069102121158,0.850237427215569,0.848396260726644,0.846545660730641,0.844685685840198,0.842816395190354,0.840937848424754,0.839050105682115,0.837153227582946,0.835247275216564,0.833332310128335,0.831408394307112,0.829475590172844,0.82753396056436,0.825583568727398,0.82362447830285,0.821656753315279,0.819680458161703,0.817695657600619,0.815702416741271,0.813700801033185,0.811690876255934,0.809672708509155,0.807646364202848,0.805611910048003,0.803569413047506,0.801518940487279,0.799460559927653,0.797394339194929,0.795320346373194,0.793238649796387,0.791149318040627,0.789052419916801,0.786948024463353,0.784836200939309,0.782717018817471,0.780590547777781,0.77845685770088,0.776316018661917,0.774168100924578,0.772013174935326,0.769851311317837,0.767682580867593,0.765507054546686,0.763324803478837,0.761135898944613,0.758940412376876,0.756738415356528,0.754529979608478,0.752315176997835,0.750094079526296,0.747866759328763,0.745633288670199,0.743393739942724,0.741148185662981,0.738896698469722,0.736639351121607,0.734376216495254,0.732107367583542,0.729832877494181,0.727552819448582,0.725267266781043,0.722976292938217,0.720679971478793,0.718378376073477,0.716071580505229,0.71375965866981,0.711442684576611,0.709120732349759,0.706793876229435,0.7044621905734,0.702125749858682,0.699784628683455,0.697438901769115,0.695088643962532,0.692733930238526,0.690374835702587,0.68801143559383,0.685643805288165,0.683272020301746,0.680896156294653,0.678516289074847,0.676132494602405,0.673744848994057,0.67135342852807,0.66895830964947,0.666559568975518,0.664157283301426,0.661751529606372,0.65934238505975,0.656929927027649,0.654514233079597,0.652095380995547,0.64967344877309,0.64724851463495,0.644820657036758,0.642389954675062,0.639956486495569,0.63752033170162,0.635081569762936,0.632640280424617,0.630196543716327,0.627750439961688,0.625302049787893,0.622851454135498,0.620398734268435,0.617943971784224,0.615487248624348,0.613028647084816,0.610568249826913,0.608106139888069,0.605642400692832,0.603177116064021,0.600710370234052,0.598242247856348,0.595772834016795,0.593302214245285,0.590830474527358,0.588357701315932,0.58588398154312,0.583409402632097,0.580934052508995,0.578458019614821,0.575981392917418,0.573504261923399,0.571026716689999,0.568548847836807,0.5660707465574,0.563592504630839,0.561114214432999,0.558635968947714,0.556157861777658,0.553679987155037,0.551202439952047,0.548725315691105,0.546248710554784,0.543772721395421,0.541297445744342,0.538822981820684,0.536349428539755,0.533876885520916,0.531405453094988,0.52893523231117,0.526466324943436,0.523998833496396,0.521532861210569,0.519068512067034,0.516605890791451,0.514145102857399,0.511686254489011,0.509229452662917,0.506774805109458,0.504322420313153,0.501872407512404,0.499424876698441,0.496979938613501,0.494537704748179,0.492098287337877,0.489661799358372,0.487228354520494,0.484798067263851,0.482371052749606,0.479947426852289,0.477527306150607,0.475110807917224,0.472698050107493,0.470289151347134,0.467884230918836,0.465483408747743,0.463086805385849,0.460694541995296,0.458306740330573,0.455923522719585,0.453545012043586,0.451171331715953,0.448802605659795,0.446438958284422,0.444080514460672,0.441727399495038,0.439379739102565,0.437037659378561,0.43470128676909,0.432370748040267,0.43004617024635,0.427727680696635,0.425415406921208,0.423109476635556,0.420810017704056,0.418517158102342,0.41623102587856,0.41395174911353,0.411679455879816,0.409414274199707,0.407156332002105,0.404905757078337,0.402662677036964,0.400427219257599,0.398199510843741,0.395979678574652,0.3937678488563,0.39156414767139,0.389368700528521,0.387181632410442,0.385003067721482,0.382833130234182,0.380671943035177,0.378519628470388,0.376376308089535,0.374242102590004,0.37211713176014,0.370001514421975,0.367895368373442,0.365798810330121,0.363711955866579,0.361634919357316,0.359567813917351,0.357510751342534,0.355463842049625,0.353427195016201,0.351400917720434,0.349385116080785,0.347379894395674,0.345385355283147,0.343401599620641,0.341428726484879,0.339466833091983,0.337516014737823,0.335576364738654,0.333647974372079,0.3317309328184,0.329825327102424,0.327931242035804,0.326048760159987,0.324177961689808,0.322318924457792,0.320471723859181,0.318636432797757,0.316813121632532,0.315001858125389,0.313202707389739,0.311415731840231,0.309640991143564,0.307878542170457,0.306128438948832,0.304390732618273,0.302665471385767,0.300952700482823,0.299252462124005,0.297564795466934,0.295889736573828,0.294227318374619,0.292577570631722,0.290940519906463,0.289316189527272,0.28770459955968,0.286105766778202,0.284519704640122,0.28294642326119,0.281385929393294,0.279838226404145,0.278303314259004,0.276781189504482,0.275271845254447,0.273775271178099,0.272291453490238,0.270820374943753,0.269362014824352,0.267916348947561,0.266483349658027,0.265062985831129,0.263655222876948,0.262260022746555,0.260877343940663,0.259507141520658,0.258149367122026,0.256803968970202,0.255470891898812,0.254150077370333,0.252841463499181,0.251544985077225,0.250260573601702,0.248988157305544,0.247727661190087,0.246479007060152,0.245242113561493,0.244016896220589,0.242803267486763,0.241601136776648,0.240410410520942,0.239230992213415,0.238062782462155,0.236905679043008,0.235759576955183,0.234624368478975,0.233499943235585,0.232386188249001,0.231282988009911,0.230190224541573,0.229107777467625,0.228035524081771,0.226973339419278,0.225921096330246,0.224878665554575,0.22384591579857,0.222822713813093,0.221808924473218,0.220804410859368,0.219809034339851,0.218822654654724,0.217845130000915,0.216876317118525,0.215916071378251,0.214964246869839,0.214020696491495,0.213085272040192,0.212157824302798,0.211238203147916,0.210326257618397,0.209421836024439,0.208524786037191,0.20763495478278,0.206752188936664,0.20587633481821,0.205007238485445,0.204144745829857,0.203288702671163,0.202438954851965,0.201595348332236,0.200757729283514,0.199925944182743,0.199099839905644,0.198279263819557,0.197464063875631,0.196654088700314,0.195849187686038,0.195049211081027,0.194254010078149,0.193463436902732,0.192677344899241,0.191895588616748,0.191118023893107,0.190344507937752,0.189574899413049,0.188809058514143,0.188046847047218,0.187288128506074,0.186532768146968,0.185780633061649,0.18503159224852,0.184285516681857,0.18354227937903,0.182801755465671,0.182063822238698,0.181328359227153,0.180595248250795,0.179864373476411,0.179135621471776,0.178408881257239,0.177684044354875,0.176961004835154,0.176239659361079,0.175519907229784,0.174801650411542,0.174084793586158,0.173369244176716,0.172654912380669,0.171941711198267,0.171229556458264,0.170518366840908,0.169808063898172,0.169098572071231,0.168389818705189,0.167681734061037,0.166974251324848,0.166267306614223,0.165560838981988,0.164854790417149,0.164149105843128,0.163443733113292,0.162738623003789,0.162033729203735,0.161329008302768,0.160624419775982,0.159919925966289,0.159215492064229,0.158511086085266,0.157806678844623,0.157102243929664,0.156397757669907,0.155693199104686,0.154988549948543,0.154283794554373,0.153578919874393,0.152873915418973,0.152168773213405,0.151463487752661,0.150758055954193,0.150052477108832,0.149346752829855,0.148640887000281,0.147934885718483,0.147228757242179,0.14652251193089,0.14581616218694,0.145109722395068,0.144403208860706,0.143696639747011,0.142990035010749,0.142283416337098,0.141576807073437,0.140870232162222,0.14016371807302,0.139457292733806,0.138750985461583,0.138044826892405,0.137338848910887,0.136633084579269,0.135927568066128,0.135222334574839,0.134517420271853,0.133812862214874,0.133108698281023,0.132404967095061,0.131701707957732,0.130998960774318,0.130296765983476,0.129595164486443,0.128894197576689,0.128193906870092,0.127494334235703,0.126795521727186,0.126097511515027,0.125400345819559,0.124704066844878,0.124008716713688,0.123314337403152,0.122620970681816,0.121928658047661,0.121237440667356,0.120547359316743,0.119858454322632,0.119170765505945,0.11848433212629,0.117799192827982,0.117115385587582,0.116432947662967,0.115751915543998,0.115072324904812,0.114394210557793,0.113717606409237,0.113042545416776,0.112369059548582,0.111697179744373,0.111026935878242,0.110358356723325,0.109691469918356,0.109026301936101,0.108362878053693,0.107701222324889,0.107041357554258,0.106383305273309,0.105727085718574,0.10507271781164,0.104420219141156,0.103769605946786,0.103120893105122,0.102474094117565,0.101829221100155,0.101186284775347,0.100545294465721,0.0999062580896043,0.0992691821586123,0.0986340717770712,0.0980009306433097,0.0973697610527884,0.0967405639030523,0.0961133387004843,0.0954880835688314,0.0948647952594794,0.0942434691634483,0.093624099325083,0.0930066784574042,0.0923911979590835,0.0917776479330032,0.0911660172063639,0.0905562933522976,0.0899484627129364,0.0893425104238998,0.0887384204401643,0.0881361755632751,0.0875357574698619,0.0869371467414141,0.0863403228952682,0.0857452644167587,0.0851519487924809,0.084560352544621,0.0839704512663089,0.0833822196579367,0.0827956315643906,0.0822106600131443,0.0816272772531623,0.081045454794572,0.0804651634490501,0.0798863733708769,0.0793090540986088,0.0787331745973185,0.0781587033013513,0.0775856081575425,0.0770138566688396,0.0764434159382816,0.0758742527132846,0.0753063334301907,0.0747396242590282,0.0741740911484248,0.073609699870635,0.0730464160666389,0.0724842052912593,0.0719230330582454,0.0713628648852709,0.0708036663388062,0.0702454030788221,0.069688040903276,0.0691315457923318,0.0685758839522743,0.0680210218590784,0.0674669263015916,0.0669135644242958,0.0663609037696069,0.0658089123196728,0.0652575585376286,0.0647068114082725,0.0641566404781265,0.0636070158948478,0.0630579084459594,0.0625092895968614,0.0619611315280953,0.0614134071718308,0.0608660902475507,0.0603191552969013,0.059772577717681,0.0592263337969442,0.0586804007431914,0.0581347567176191,0.057589380864417,0.0570442533400913,0.0564993553417955,0.0559546691346486,0.0554101780780202,0.0548658666507667,0.0543217204754097,0.0537777263412439,0.0532338722263592,0.0526901473185636,0.0521465420351959,0.0516030480418227,0.0510596582698051,0.0505163669327259,0.0499731695416772,0.0494300629194036,0.0488870452132928,0.0483441159072112,0.0478012758321818,0.0472585271758959,0.0467158734910662,0.0461733197026228,0.0456308721137516,0.0450885384107735,0.0445463276668682,0.0440042503446547,0.043462318297631,0.0429205447704759,0.0423789443982179,0.0418375332042819,0.0412963285974218,0.0407553493675487,0.0402146156804649,0.0396741490715141,0.0391339724381602,0.0385941100315058,0.0380545874467596,0.0375154316126675,0.0369766707799219,0.0364383345085569,0.0359004536543444,0.035363060354207,0.034826188010668,0.0342898712753538,0.0337541460315612,0.0332190493759053,0.0326846195990708,0.0321508961656812,0.0316179196933016,0.0310857319305942,0.0305543757346488,0.0300238950475024,0.0294943348718706,0.0289657412461109,0.0284381612184405,0.0279116428204251,0.0273862350397623,0.026861987792378,0.0263389518938593,0.0258171790302453,0.0252967217281975,0.0247776333245684,0.0242599679353921,0.0237437804243176,0.0232291263705079,0.022716062036026,0.0222046443327314,0.0216949307887064,0.0211869795142366,0.0206808491673688,0.0201765989190683,0.0196742884179992,0.0191739777549502,0.0186757274269303,0.0181795983009586,0.0176856515775715,0.0171939487540707,0.0167045515875362,0.016217522057627,0.0157329223291926,0.0152508147147215,0.014771261636649,0.014294325589546,0.0138200691022152,0.0133485546997136,0.0128798448653293,0.0124140020025343,0.0119510883969376,0.0114911661782615,0.0110342972823642,0.0105805434133316,0.0101299660056633,0.00968262618657451,0.00923858473843861,0.00879790206139203,0.00836063813612508,0.0079268524868813,0.00749660414468802,0.00706995161084093,0.00664695282066627,0.00622766510758328,0.0058121451674892,0.00540044902348829,0.0049926319909868,0.00458874864317577,0.00418885277692364,0.00379299737910082,0.00340123459335737,0.00301361568737446,0.00263019102061084,0.00225101001256517,0.00187612111157495,0.00150557176417205,0.00113940838501513,0.000777676327418599,0.000420419854497515,6.76821109477937e-05,-0.000280494904519229,-0.000624070366069208,-0.00096300464694578,-0.0012972593449621,-0.00162679730726519,-0.00195158265435571,-0.00227158080334608,-0.00258675849044041,-0.00289708379261991,-0.00320252614851819,-0.00350305637847076,-0.00379864670372385,-0.00408927076478773,-0.00437490363892079,-0.00465552185673047,-0.00493110341787767,-0.00520162780587207,-0.00546707600194663,-0.00572743049799991,-0.00598267530859448,-0.00623279598200166,-0.00647777961028212,-0.00671761483839313,-0.00695229187231341,-0.00718180248617814,-0.00740614002841677,-0.00762529942688607,-0.00783927719299134,-0.00804807142479075,-0.00825168180907886,-0.00845010962244556,-0.00864335773130723,-0.00883143059090742,-0.00901433424328544,-0.00919207631421178,-0.00936466600909079,-0.0095321141078313,-0.0096944329586863,-0.00985163647106292,-0.0100037401073051,-0.0101507608734532,-0.0102927173089841,-0.0104296294755387,-0.0105615189446423,-0.0106884087844265,-0.0108103235453607,-0.0109272892450022,-0.0110393333517739,-0.0111464847677806,-0.0112487738106738,-0.0113462321945782,-0.0114388930100923,-0.0115267907033766,-0.0116099610543452,-0.0116884411539761,-0.0117622693807555,-0.0118314853762736,-0.0118961300199904,-0.0119562454031899,-0.0120118748021423,-0.0120630626504949,-0.0121098545109125,-0.012152297045989,-0.0121904379884552,-0.0122243261107041,-0.0122540111936575,-0.0122795439949994,-0.012300976216802,-0.0123183604725693,-0.0123317502537254,-0.0123411998955724,-0.0123467645427495,-0.0123485001142191,-0.0123464632678095,-0.0123407113643418,-0.0123313024313708,-0.0123182951265699,-0.0123017487007908,-0.0122817229608287,-0.0122582782319264,-0.0122314753200452,-0.012201375473937,-0.0121680403470488,-0.0121315319592935,-0.0120919126587179,-0.0120492450831024,-0.0120035921215243,-0.0119550168759159,-0.0119035826226532,-0.0118493527742049,-0.0117923908408784,-0.011732760392694,-0.0116705250214221,-0.0116057483028155,-0.0115384937590697,-0.011468824821543,-0.0113968047937714,-0.0113224968148089,-0.011245963822926,-0.0111672685196982,-0.0110864733345159,-0.0110036403895467,-0.010918831465181,-0.0108321079659922,-0.0107435308872398,-0.0106531607819454,-0.0105610577285696,-0.0104672812993187,-0.0103718905291095,-0.0102749438852212,-0.0101764992376585,-0.010076613830254,-0.00997534425253188,-0.00987274641235979,-0.00976887550941136,-0.00966378600946315,-0.00955753161954777,-0.00945016526398461,-0.00934173906130823,-0.0092323043021136,-0.00912191142783638,-0.00901061001048641,-0.00889844873335126,-0.00878547537268596,-0.0086717367804028,-0.00855727886777382,-0.00844214659015868,-0.00832638393277055,-0.00821003389749024,-0.00809313849073819,-0.0079757387124122,-0.00785787454589771,-0.00773958494915663,-0.00762090784689951,-0.00750188012384459,-0.00738253761906619,-0.00726291512143453,-0.00714304636614711,-0.00702296403235096,-0.00690269974185394,-0.00678228405892204,-0.00666174649115862,-0.00654111549146013,-0.00642041846104177,-0.00629968175352541,-0.00617893068008085,-0.00605818951561027,-0.00593748150596478,-0.00581682887618099,-0.00569625283972466,-0.0055757736087268,-0.00545541040519657,-0.00533518147319416,-0.00521510409194628,-0.00509519458988621,-0.00497546835959864,-0.00485593987364923,-0.00473662270127724,-0.00461752952592896,-0.00449867216360825,-0.00438006158202004,-0.00426170792048244,-0.00414362051058157,-0.00402580789754263,-0.00390827786228996,-0.00379103744416846,-0.00367409296429769,-0.003557450049529,-0.00344111365697541,-0.00332508809908375,-0.00320937706921803,-0.00309398366772213,-0.00297891042842957,-0.00286415934558769,-0.00274973190116343,-0.00263562909249731,-0.00252185146027216,-0.00240839911676231,-0.00229527177432888,-0.00218246877412654,-0.00206998911498669,-0.00195783148244206,-0.00184599427785763,-0.00173447564763252,-0.00162327351243745,-0.00151238559645265,-0.00140180945657046,-0.00129154251152766,-0.00118158207093201,-0.00107192536414804,-0.000962569569006859,-0.000853511840305316,-0.000744749338059464,-0.000636279255478153,-0.000528098846622474,-0.000420205453717164,-0.000312596534080354,-0.00020526968663843,-9.82226779931627e-05,8.54653199130546e-06,0.000115039765113579,0.000221258600303766,0.000327204349666857,0.000432878035131218,0.00053828036573211,0.000643411715559567,0.000748272102399339,0.000852861167094956,0.000957178153658354,0.00106122189015581,0.00116499077039519,0.00126848273643961,0.0013716952619721,0.00147462533653492,0.00157726945066655,0.00167962358195809,0.00178168318205053,0.00188344316459323,0.00198489789418284,0.00208604117630136,0.00218686624827091,0.00228736577124175,0.00238753182322916,0.00248735589321371,0.00258682887631871,0.00268594107007742,0.00278468217180145,0.002883041277061,0.00298100687928624,0.00307856687049851,0.00317570854317862,0.00327241859327844,0.00336868312438108,0.00346448765301349,0.00355981711511393,0.00365465587365636,0.00374898772743222,0.00384279592098918,0.00393606315572487,0.00402877160213268,0.00412090291319552,0.00421243823892219,0.00430335824202002,0.00439364311469603,0.00448327259657709,0.00457222599373944,0.00466048219883625,0.00474801971231096,0.00483481666468271,0.00492085083988903,0.00500609969966999,0.00509054040897619,0.00517414986238208,0.00525690471148483,0.00533878139326821,0.00541975615940946,0.00549980510650603,0.00557890420719744,0.005657029342157,0.00573415633292669,0.00581026097556768,0.00588531907509741,0.00595930648068293,0.00603219912155973,0.00610397304364409,0.00617460444680555,0.00624406972276531,0.00631234549358505,0.00637940865071013,0.0064452363945296,0.00650980627441495,0.00657309622919844,0.00663508462805051,0.00669575031171544,0.00675507263406327,0.00681303150391493,0.00686960742709657,0.006924781548679,0.00697853569535732,0.00703085241792487,0.0070817150337954,0.00713110766952634,0.0071790153032954,0.00722542380728171,0.00727031998990153,0.00731369163784874,0.00735552755789104,0.00739581761837191,0.00743455279036745,0.00747172518844666,0.00750732811098411,0.00754135607997306,0.00757380488028669,0.00760467159833587,0.00763395466007123,0.00766165386827789,0.00768777043911026,0.00771230703781499,0.00773526781359031,0.00775665843352978,0.00777648611559855,0.00779475966059123,0.00781148948302077,0.00782668764088778,0.00784036786428055,0.0078525455827565,0.00786323795145501,0.00787246387589341,0.00788024403539848,0.00788660090512673,0.00789155877662706,0.00789514377690077,0.00789738388591433,0.00789830895252119,0.00789795070875111,0.00789634278242624,0.00789352070806463,0.00788952193603264,0.00788438583990844,0.00787815372202121,0.00787086881713258,0.00786257629422718,0.0078533232563806,0.00784315873867506,0.00783213370413472,0.00782030103765484,0.00780771553790012,0.00779443390714938,0.00778051473906631,0.00776601850437773,0.00775100753444354,0.00773554600270316,0.00771969990398559,0.00770353703167335,0.00768712695271151,0.00767054098045678,0.0076538521453638,0.00763713516350729,0.00762046640293982,0.00760392384788892,0.0075875870607991,0.00757153714222698,0.00755585668860062,0.00754062974785643,0.00752594177296923,0.00751187957339357,0.00749853126443741,0.00748598621459228,0.00747433499084569,0.00746366930200362,0.00745408194005429,0.00744566671960718,0.00743851841544408,0.00743273269822047,0.00742840606835853,0.00742563578817595,0.00742451981229667,0.00742515671639324,0.0074276456243116,0.00743208613363186,0.00743857823972145,0.00744722225833925,0.00745811874685164,0.00747136842412343,0.00748707208914989,0.00750533053849745,0.00752624448262272,0.0075499144611414,0.0075764407571212,0.00760592331047426,0.00763846163052701,0.00767415470784712,0.00771310092540921,0.00775539796918161,0.00780114273821917,0.00785043125434822,0.00790335857153146,0.00796001868500157,0.00802050444025316,0.00808490744198429,0.00815331796307985,0.00822582485373036,0.00830251545077986,0.0083834754873974,0.00846878900316729,0.0085585382546943,0.00865280362682048,0.00875166354454995,0.00885519438577838,0.00896347039492458,0.00907656359756154,0.009194543716143,0.00931747808692196,0.00944543157815753,0.00957846650970578,0.00971664257408995,0.00986001675914459,0.0100086432723278,0.0101625734667935,0.0103218557693153,0.010486535610153,0.0106566553549519,0.0108322542387617,0.0110133683022609,0.0112000303302719,0.0113922697926498,0.0115901127876229,0.0117935819876657,0.0120026965879813,0.012217472257667,0.0124379210936373,0.012664051577371,0.0128958685345534,0.0131333730976768,0.0133765626716627,0.0136254309025638,0.0138799676494018,0.0141401589591971,0.0144059870452406,0.014677430268653,0.0149544631232783,0.0152370562239491,0.0155251762981633,0.0158187861812068,0.0161178448147542,0.01642230724897,0.0167321246481359,0.0170472442998242,0.0173676096276322,0.0176931602074889,0.0180238317875429,0.0183595563116337,0.0187002619463521,0.0190458731116829,0.0193963105152248,0.019751491189977,0.0201113285356754,0.0204757323636623,0.0208446089452627,0.0212178610636411,0.0215953880691066,0.0219770859378322,0.0223628473339507,0.02275256167498,0.0231461152005338,0.0235433910442652,0.0239442693089886,0.0243486271449238,0.0247563388309982,0.0251672758591408,0.0255813070214972,0.0259982985004945,0.0264181139616774,0.0268406146492341,0.027265659484129,0.0276931051647539,0.0281228062700069,0.0285546153647027,0.0289883831072207,0.02942395835929,0.0298611882978122,0.0302999185286152,0.0307399932020306,0.0311812551301807,0.0316235459058608,0.032066706022901,0.0325105749978871,0.0329549914931262,0.0333997934407358,0.0338448181677316,0.0342899025219854,0.0347348829989285,0.0351795958688708,0.0356238773048092,0.0360675635105969,0.0365104908493422,0.0369524959719004,0.0373934159453262,0.0378330883811528,0.0382713515633633,0.0387080445759199,0.0391430074297195,0.0395760811888468,0.0400071080959924,0.040435931696903,0.0408623969637305,0.0412863504171483,0.041707640247107,0.0421261164321002,0.0425416308568158,0.042954037428049,0.0433631921887506,0.0437689534300881,0.0441711818013983,0.0445697404179152,0.0449644949661597,0.045355313806876,0.0457420680754056,0.0461246317793893,0.0465028818936916,0.0468766984524502,0.0472459646381539,0.0476105668676541,0.0479703948750211,0.048325341791159,0.048675304220092,0.049020182311841,0.049359879831817,0.0496943042266556,0.0500233666864227,0.0503469822031289,0.0506650696254943,0.050977551709911,0.0512843551675502,0.0515854107075684,0.0518806530763742,0.0521700210929186,0.0524534576799801,0.0527309098914194,0.0530023289353847,0.0532676701934483,0.0535268932356584,0.0537799618314953,0.0540268439567347,0.0542675117962161,0.0545019417425238,0.0547301143905945,0.0549520145282641,0.0551676311227784,0.0553769573032937,0.0555799903394012,0.0557767316157083,0.0559671866025174,0.0561513648226427,0.0563292798144152,0.0565009490909286,0.0566663940955848,0.056825640154004,0.0569787164223722,0.0571256558322978,0.0572664950322585,0.0574012743257143,0.0575300376059697,0.0576528322878723,0.0577697092364403,0.0578807226925127,0.0579859301955212,0.0580853925034846,0.0581791735103361,0.0582673401606859,0.0583499623621303,0.0584271128952201,0.0584988673212017,0.0585653038876526,0.0586265034321294,0.0586825492839506,0.0587335271642361,0.0587795250843242,0.0588206332426948,0.0588569439205251,0.0588885513760047,0.0589155517375443,0.0589380428960116,0.0589561243961198,0.0589698973271019,0.0589794642128027,0.0589849289013243,0.0589863964543545,0.0589839730363095,0.0589777658034274,0.0589678827929467,0.0589544328125,0.0589375253298506,0.0589172703630968,0.0588937783714749,0.0588671601468815,0.0588375267062367,0.058804989184812,0.0587696587306415,0.0587316464001366,0.0586910630550157,0.0586480192606613,0.0586026251860215,0.0585549905051593,0.058505224300553,0.0584534349682503,0.0583997301249752,0.058344216517285,0.0582869999328706,0.0582281851140887,0.0581678756738058,0.058106174013628,0.0580431812445941,0.057978997110409,0.0579137199132866,0.0578474464424645,0.057780271905451,0.0577122898620596,0.0576435921612867,0.0575742688810862,0.0575044082710827,0.057434096698263,0.0573634185956801,0.0572924564142031,0.0572212905773354,0.0571499994391177,0.0570786592451409,0.0570073440966795,0.0569361259179567,0.0568650744265422,0.056794257106882,0.0567237391869538,0.0566535836180357,0.056583851057571,0.056514599855115,0.0564458860413422,0.05637776332009,0.056310283063408,0.0562434943095749,0.0561774437640515,0.0561121758033237,0.05604773248159,0.0559841535402454,0.0559214764201068,0.0558597362763269,0.055798965995938,0.0557391962179588,0.0556804553559979,0.0556227696232826,0.0555661630600444,0.0555106575631882,0.0554562729181673,0.0554030268329864,0.055350934974251,0.0553000110051762,0.0552502666254727,0.0552017116130233,0.055154353867265,0.0551081994541793,0.0550632526527959,0.0550195160031162,0.054976990355363,0.054935674920465,0.0548955673216777,0.0548566636472431,0.0548189585039922,0.0547824450717934,0.0547471151587459,0.0547129592570217,0.0546799665992541,0.0546481252153743,0.0546174219898002,0.0545878427188861,0.0545593721685426,0.0545319941319313,0.0545056914871336,0.0544804462547104,0.0544562396550647,0.0544330521655225,0.0544108635770402,0.0543896530504422,0.0543693991721005,0.0543500800089811,0.0543316731629769,0.0543141558244526,0.0542975048249252,0.0542816966888111,0.0542667076841625,0.0542525138723298,0.0542390911564865,0.0542264153289577,0.0542144621172948,0.0542032072290452,0.0541926263951647,0.0541826954120254,0.054173390181972,0.0541646867523851,0.0541565613532168,0.054148990432968,0.05414195069307,0.0541354191206352,0.0541293730195572,0.0541237900399426,0.0541186482058574,0.0541139259413769,0.0541096020949277,0.0541056559619166,0.0541020673056422,0.0540988163764851,0.0540958839293879,0.0540932512396348,0.0540909001169433,0.0540888129178824,0.0540869725566393,0.0540853625141555,0.0540839668456605,0.0540827701866248,0.0540817577571678,0.0540809153649517,0.0540802294065955,0.0540796868676478,0.0540792753211553,0.0540789829248731,0.0540787984171698,0.0540787111116779,0.0540787108907417,0.0540787881977068,0.0540789340281132,0.054079139919853,0.0540793979423455,0.0540797006847861,0.0540800412435326,0.0540804132086931,0.0540808106499759,0.0540812281018714,0.0540816605482318,0.0540821034063108,0.0540825525103282,0.0540830040946262,0.0540834547764839,0.0540839015386497,0.0540843417116545,0.0540847729559719,0.0540851932440867,0.0540856008425323,0.0540859942939626,0.0540863723993178,0.0540867342001427,0.0540870789611091,0.0540874061527941,0.054087715434765,0.05408800663902,0.0540882797538361,0.0540885349080671,0.0540887723559371,0.0540889924623646,0.0540891956888547,0.0540893825799908,0.0540895537505562,0.0540897098733105,0.0540898516674439,0.0540899798877288,0.0540900953143843,0.054090198743668,0.0540902909792067,0.0540903728240713,0.0540904450735984,0.0540905085089474,0.0540905638913877,0.0540906119573028,0.0540906534138972,0.0540906889355912,0.0540907191610857,0.0540907446910677,0.0540907660865329,0.0540907838676936,0.0540907985134366,0.0540908104612915,0.0540908201078715,0.0540908278097499,0.0540908338847253,0.0540908386134309,0.0540908422412407,0.0540908449804184,0.0540908470124673,0.0540908484906335,0.054090849542511,0.0540908502727019,0.0540908507654867,0.0540908510874584,0.0540908512900761,0.0540908514120925,0.00384658503711806,0.00375447178590668,0.00366195040039466,0.00356908231588494,0.00347592988710394,0.00338255633181287,0.00328902567303684,0.00319540267997658,0.00310175280766998,0.00300814213547246,0.00291463730442716,0.00282130545359754,0.0027282141554371,0.00263543135027218,0.00254302527997581,0.00245106442091182,0.00235961741622981,0.00226875300759254,0.00217853996641866,0.00208904702472413,0.00200034280564674,0.00191249575373876,0.00182557406511326,0.00173964561753014,0.00165477790050803,0.00157103794554834,0.00148849225655793,0.00140720674055627,0.00132724663875327,0.00124867645808305,0.0011715599032784,0.00109595980957046,0.00102193807609697,0.000949555600101781,0.000878872212007318,0.000809946611440193,0.000742836304289206,0.00067759754087328,0.000614285255295606,0.000552953006058629,0.000493652918012848,0.000436435625710579,0.000381350218233922,0.000328444185564192,0.000277763366558029,0.000229351898593195,0.000183252168944921,0.000139504767951295,9.8148444023854e-05,5.92200605570626e-05,2.27545547878973e-05,-1.12151013458311e-05,-4.26579383023718e-05,-7.15450239447691e-05,-9.78494964207625e-05,-0.000121546594875923,-0.000142613687964871,-0.000161030300128218,-0.000176778135605728,-0.000189841100159045,-0.000200205320480201,-0.000207859161264995,-0.000212793239933286,-0.000215000438981106,-0.000214475915952471,-0.000211217111021604,-0.000205223752179262,-0.000196497858019699,-0.00018504373812774,-0.000170867991068299,-0.000153979499983511,-0.000134389425805473,-0.000112111198095427,-8.71605035229552e-05,-5.95552720015273e-05,-2.93156604994567e-05,3.5359654520383e-06,3.89750525293238e-05,7.69748826384824e-05,0.000117506598159635,0.00016053922938151,0.000206039724091905,0.000253972979287274,0.000304301874962383,0.000356987309938698,0.000411988239687985,0.00046926171610548,0.000528762929184936,0.000590445250545852,0.000654260278761287,0.000720157886432863,0.000788086268957684,0.000857991994930234,0.000929820058120694,0.00100351393096968,0.00107901561953784,0.00115626571984744,0.00123520347555155,0.00131576683686542,0.00139789252069356,0.00148151607188494,0.00156657192554785,0.0016529934703549,0.00174071311276796,0.00182966234211194,0.00191977179642581,0.00201097132901849,0.0021031900756572,0.00219635652231483,0.00229039857340309,0.00238524362041747,0.00248081861092028,0.00257705011778793,0.00267386440864811,0.00277118751543307,0.00286894530397497,0.00296706354356963,0.00306546797643484,0.00316408438699022,0.00326283867088584,0.00336165690370721,0.00346046540928494,0.00355919082753774,0.00365776018177789,0.00375610094540967,0.00385414110795217,0.00395180924031807,0.00404903455928117,0.00414574699106644,0.00424187723399762,0.00433735682013796,0.0044321181758616,0.00452609468129408,0.00461922072856166,0.00471143177879093,0.00480266441780181,0.00489285641043779,0.00498194675347903,0.00506987572708567,0.005156584944721,0.00524201740150571,0.00532611752095664,0.00540883120006456,0.00549010585266727,0.00556989045107656,0.00564813556592049,0.00572479340416398,0.00579981784527297,0.00587316447548887,0.00594479062018337,0.00601465537426521,0.0060827196306129,0.00614894610650984,0.00621329936806073,0.0062757458525707,0.00633625388887067,0.00639479371557517,0.00645133749726099,0.00650585933855814,0.00655833529614648,0.00660874338865442,0.00665706360445938,0.00670327790739097,0.00674737024034019,0.00678932652678075,0.00682913467021091,0.00686678455152796,0.00690226802434941,0.00693557890829724,0.00696671298026421,0.00699566796368306,0.0070224435158211,0.00704704121312611,0.00706946453465186,0.00708971884359403,0.00710781136696861,0.00712375117346764,0.0071375491495286,0.00714921797365632,0.00715877208903825,0.00716622767449557,0.00717160261381415,0.00717491646350147,0.00717619041901862,0.0071754472795366,0.00717271141126813,0.00716800870942678,0.00716136655886674,0.00715281379345846,0.00714238065425621,0.00713009874651538,0.00711600099561891,0.00710012160197228,0.00708249599492829,0.00706316078580226,0.00704215372003894,0.00701951362859386,0.00699528037859166,0.00696949482332474,0.00694219875165685,0.00691343483689549,0.00688324658519725,0.00685167828356941,0.00681877494753249,0.00678458226850674,0.00674914656098621,0.00671251470956382,0.00667473411587089,0.00663585264549326,0.00659591857492589,0.00655498053862786,0.00651308747623846,0.0064702885800149,0.00642663324255022,0.00638217100483029,0.00633695150468619,0.00629102442569812,0.00624443944660519,0.00619724619127516,0.00614949417928684,0.00610123277717607,0.00605251115039528,0.00600337821603489,0.00595388259635311,0.00590407257315977,0.00585399604309864,0.00580370047387003,0.00575323286143417,0.00570263968823389,0.00565196688247392,0.00560125977849155,0.00555056307825212,0.0054999208140013,0.00544937631210447,0.00539897215810136,0.00534875016300195,0.00529875133084843,0.00524901582756619,0.00519958295112493,0.00515049110302824,0.00510177776114853,0.00505347945392245,0.00500563173592001,0.00495826916479897,0.00491142527965403,0.00486513258076839,0.00481942251077379,0.00477432543722306,0.00472987063657768,0.00468608627961107,0.00464299941822619,0.00460063597368475,0.00455902072624328,0.00451817730618965,0.00447812818627269,0.00443889467551557,0.00440049691440225,0.00436295387142466,0.00432628334097647,0.00429050194257769,0.00425562512141348,0.00422166715016887,0.00418864113214054,0.00415655900560438,0.00412543154941671,0.004095268389826,0.00406607800847068,0.00403786775153754,0.00401064384005387,0.00398441138128614,0.00395917438121644,0.00393493575806727,0.00391169735684384,0.00388945996486315,0.00386822332823736,0.00384798616927879,0.00382874620479259,0.00381050016522343,0.00379324381462105,0.00377697197138973,0.00376167852978618,0.00374735648212983,0.00373399794168902,0.00372159416620601,0.00371013558202401,0.00369961180877895,0.0036900116846189,0.00368132329191357,0.00367353398341631,0.00366663040884091,0.00366059854181578,0.0036554237071779,0.00365109060856918,0.00364758335629773,0.00364488549542711,0.00364298003405682,0.00364184947175757,0.00364147582812537,0.00364184067141844,0.00364292514724177,0.00364471000724473,0.00364717563779768,0.00365030208861384,0.00365406910128337,0.00365845613768702,0.00366344240825714,0.00366900690005532,0.00367512840463599,0.00368178554566652,0.0036889568062746,0.00369662055609474,0.00370475507798654,0.00371333859439818,0.00372234929334953,0.00373176535400982,0.0037415649718459,0.00375172638331787,0.00376222789010008,0.00377304788280617,0.00378416486419828,0.00379555747186049,0.00380720450031802,0.0038190849225846,0.0038311779111219,0.00384346285819515,0.00385591939561022,0.00386852741381854,0.00388126708037733,0.00389411885775348,0.00390706352046063,0.00392008217151998,0.00393315625823599,0.00394626758727913,0.00395939833906868,0.00397253108144966,0.00398564878265894,0.00399873482357675,0.0040117730092605,0.00402474757975873,0.00403764322020393,0.00405044507018439,0.00406313873239588,0.00407571028057427,0.00408814626671118,0.00410043372755562,0.00411256019040595,0.004124513678197,0.00413628271388833,0.00414785632415985,0.00415922404242198,0.00417037591114837,0.00418130248354018,0.00419199482453096,0.00420244451114221,0.00421264363220071,0.00422258478742921,0.00423226108592216,0.00424166614401892,0.00425079408258783,0.00425963952373478,0.00426819758695088,0.00427646388471364,0.00428443451755676,0.00429210606862367,0.00429947559772084,0.00430654063488737,0.00431329917349726,0.00431974966291183,0.00432589100069931,0.00433172252443945,0.0043372440031307,0.00434245562821854,0.00434735800426266,0.00435195213926154,0.00435623943465287,0.00436022167500865,0.00436390101744334,0.00436727998075382,0.00437036143430966,0.00437314858671252,0.00437564497424311,0.00437785444911465,0.00437978116755101,0.00438142957770805,0.00438280440745651,0.00438391065204494,0.00438475356166062,0.00438533862890616,0.00438567157620942,0.00438575834318466,0.00438560507396204,0.0043852181045019,0.0043846039499105,0.00438376929177382,0.00438272096552522,0.00438146594786254,0.00438001134422943,0.00437836437637629,0.00437653237001585,0.00437452274258746,0.00437234299114363,0.00437000068037218,0.00436750343076716,0.00436485890696108,0.00436207480623068,0.00435915884718776,0.00435611875866636,0.00435296226881684,0.0043496970944172,0.0043463309304115,0.0043428714396849,0.00433932624308349,0.00433570290968751,0.00433200894734568,0.0043282517934781,0.00432443880615489,0.00432057725545641,0.00431667431512067,0.00431273705448358,0.00430877243071749,0.00430478728137236,0.00430078831722362,0.00429678211543017,0.0042927751130056,0.0042887736006051,0.00428478371663095,0.0042808114416582,0.0042768625931816,0.00427294282068481,0.00426905760103254,0.00426521223418536,0.00426141183923694,0.00425766135077274,0.00425396551554932,0.00425032888949275,0.0042467558350141,0.00424325051863971,0.00423981690895372,0.00423645877484985,0.00423317968408917,0.00422998300216018,0.00422687189143743,0.00422384931063446,0.00422091801454663,0.00421808055407898,0.00421533927655431,0.0042126963262963,0.004210153645482,0.00420771297525758,0.0042053758571113,0.00420314363449778,0.00420101745470721,0.00419899827097313,0.00419708684481181,0.00419528374858621,0.00419358936828777,0.00419200390652877,0.00419052738573797,0.00418915965155168,0.00418790037639262,0.00418674906322925,0.00418570504950753,0.00418476751124758,0.00418393546729735,0.00418320778373497,0.00418258317841113,0.00418206022562408,0.00418163736091905,0.00418131288600365,0.00418108497377152,0.0041809516734262,0.00418091091569734,0.0041809605181409,0.00418109819051511,0.00418132154022421,0.0041816280778218,0.00418201522256596,0.00418248030801839,0.00418302058767955,0.00418363324065236,0.00418431537732686,0.0041850640450781,0.00418587623396979,0.00418674888245624,0.00418767888307567,0.00418866308812768,0.00418969831532759,0.00419078135343097,0.00419190896782146,0.00419307790605522,0.00419428490335592,0.004195526688054,0.00419679998696448,0.00419810153069678,0.00419942805889081,0.00420077632537349,0.00420214310323019,0.00420352518978616,0.00420491941149247,0.0042063226287116,0.00420773174039749,0.00420914368866546,0.00421055546324719,0.00421196410582676,0.00421336671425363,0.00421476044662823,0.00421614252525646,0.00421751024046968,0.00421886095430696,0.00422019210405613,0.00422150120565061,0.00422278585691909,0.00422404374068486,0.00422527262771258,0.00422647037950024,0.00422763495091391,0.00422876439266382,0.00422985685361982,0.00423091058296488,0.00423192393218491,0.00423289535689352,0.00423382341849062,0.0042347067856543,0.00423554423566516,0.00423633465556229,0.00423707704313061,0.00423777050771961,0.00423841427089359,0.00423900766691356,0.00423955014305144,0.00424004125973694,0.00424048069053756,0.004240868221973,0.00424120375316471,0.00424148729532169,0.00424171897106392,0.00424189901358463,0.00424202776565279,0.00424210567845794,0.00424213331029859,0.00424211132511604,0.00424204049087575,0.00424192167779886,0.00424175585644628,0.00424154409565808,0.00424128756035109,0.00424098750917742,0.00424064529204647,0.00424026234751373,0.00423984020003951,0.00423938045712129,0.00423888480630296,0.00423835501206461,0.00423779291259633,0.00423720041646036,0.00423657949914481,0.00423593219951303,0.00423526061615243,0.0042345669036276,0.00423385326864198,0.00423312196611174,0.00423237529515664,0.00423161559501219,0.00423084524086784,0.00423006663963642,0.00422928222565973,0.004228494456355,0.00422770580780674,0.00422691877030887,0.0042261358438622,0.00422535953363214,0.00422459234537253,0.00422383678082063,0.0042230953330685,0.0042223704819158,0.00422166468920976,0.00422098039417778,0.00422032000875795,0.00421968591293297,0.0042190804500726,0.00421850592229022,0.0042179645858192,0.00421745864641486,0.00421699025478751,0.00421656150207205,0.00421617441533948,0.00421583095315577,0.00421553300119384,0.00421528236790432,0.0042150807802507,0.0042149298795142,0.00421483121717401,0.00421478625086831,0.00421479634044155,0.0042148627440831,0.00421498661456248,0.00421516899556609,0.00421541081814127,0.00421571289725274,0.00421607592845627,0.00421650048469452,0.00421698701322007,0.00421753583265008,0.00421814713015739,0.00421882095880276,0.00421955723501246,0.0042203557362058,0.00422121609857692,0.00422213781503473,0.00422312023330532,0.00422416255420046,0.00422526383005591,0.00422642296334316,0.00422763870545809,0.00422890965568977,0.00423023426037239,0.00423161081222335,0.0042330374498704,0.00423451215757015,0.00423603276512045,0.00423759694796885,0.00423920222751913,0.00424084597163785,0.00424252539536305,0.00424423756181651,0.00424597938332078,0.00424774762272182,0.00424953889491784,0.0042513496685949,0.00425317626816933,0.00425501487593782,0.00425686153443526,0.00425871214899976,0.00426056249054361,0.00426240819852947,0.00426424478415051,0.00426606763371371,0.00426787201222472,0.00426965306717276,0.00427140583251324,0.00427312523284562,0.00427480608778376,0.00427644311651622,0.00427803094255334,0.00427956409865871,0.00428103703196161,0.0042824441092467,0.00428377962241658,0.00428503779412298,0.00428621278356267,0.00428729869243364,0.00428828957104646,0.0042891794245855,0.00428996221951458,0.00429063189012113,0.00429118234519344,0.00429160747482534,0.0042919011573423,0.00429205726634283,0.00429206967784826,0.00429193227755419,0.00429163896817658,0.00429118367688478,0.0042905603628147,0.0042897630246543,0.00428878570829424,0.0042876225145357,0.00428626760684744,0.00428471521916365,0.00428295966371417,0.00428099533887858,0.00427881673705523,0.00427641845253669,0.00427379518938302,0.00427094176928363,0.00426785313939886,0.00426452438017228,0.00426095071310415,0.0042571275084771,0.0042530502930246,0.00424871475753269,0.00424411676436535,0.00423925235490397,0.00423411775689149,0.0042287093916718,0.00422302388131509,0.00421705805561941,0.00421080895897926,0.00420427385711127,0.00419745024362733,0.0041903358464462,0.00418292863403442,0.00417522682146677,0.00416722887629696,0.00415893352422947,0.00415033975458388,0.00414144682554291,0.00413225426917534,0.00412276189622516,0.0041129698006587,0.00410287836396184,0.00409248825917909,0.00408180045468625,0.00407081621768906,0.00405953711744041,0.00404796502816899,0.00403610213171219,0.00402395091984629,0.00401151419630729,0.00399879507849632,0.00398579699886365,0.00397252370596593,0.00395897926519141,0.00394516805914807,0.00393109478770996,0.00391676446771693,0.0039021824323233,0.00388735432999164,0.00387228612312815,0.00385698408635684,0.00384145480442959,0.0038257051697697,0.00380974237964729,0.00379357393298498,0.0037772076267928,0.00376065155223164,0.00374391409030494,0.00372700390717887,0.00370992994913191,0.00369270143713488,0.00367532786106295,0.0036578189735418,0.00364018478343047,0.00362243554894405,0.00360458177042005,0.00358663418273234,0.00356860374735743,0.00355050164409825,0.00353233926247092,0.00351412819276068,0.00349588021675398,0.00347760729815374,0.00345932157268604,0.00344103533790661,0.00342276104271585,0.00340451127659167,0.00338629875855006,0.00336813632584376,0.00335003692240991,0.00333201358707812,0.00331407944155065,0.00329624767816725,0.00327853154746742,0.00326094434556415,0.00324349940134274,0.003226210063499,0.00320908968743149,0.00319215162200277,0.00317540919618527,0.00315887570560725,0.00314256439901506,0.00312648846466824,0.00311066101668424,0.00309509508134995,0.00307980358341697,0.00306479933239806,0.00305009500888216,0.00303570315088572,0.00302163614025821,0.00300790618915979,0.00299452532662926,0.00298150538526019,0.00296885798800342,0.00295659453511394,0.00294472619126005,0.0029332638728129,0.00292221823533386,0.00291159966127736,0.00290141824792659,0.00289168379557975,0.00288240579600372,0.00287359342117184,0.00286525551230235,0.00285740056921346,0.00285003674001055,0.0028431718111209,0.00283681319769114,0.00283096793436195,0.00282564266643416,0.00282084364143957,0.00281657670112974,0.00281284727389534,0.00280966036762801,0.00280702056303644,0.00280493200742712,0.00280339840896031,0.00280242303139095,0.00280200868930348,0.00280215774384908,0.00280287209899281,0.00280415319827809,0.00280600202211413,0.00280841908559208,0.00281140443683474,0.00281495765588384,0.00281907785412847,0.00282376367427723,0.00282901329087601,0.00283482441137224,0.00284119427772578,0.00284811966856595,0.00285559690189344,0.00286362183832459,0.0028721898848752,0.00288129599928005,0.00289093469484367,0.00290110004581668,0.00291178569329179,0.00292298485161219,0.00293469031528437,0.00294689446638657,0.00295958928246355,0.00297276634489778,0.0029864168477456,0.00300053160702716,0.00301510107045758,0.00303011532760616,0.00304556412047007,0.00306143685444819,0.00307772260970009,0.00309441015287437,0.00311148794919028,0.00312894417485548,0.00314676672980221,0.00316494325072404,0.00318346112439484,0.00320230750125081,0.00322146930921636,0.00324093326775444,0.003260685902121,0.00328071355780331,0.00330100241512106,0.00332153850396949,0.00334230771868373,0.00336329583300299,0.00338448851511316,0.00340587134274592,0.00342742981831262,0.00344914938405081,0.00347101543716164,0.00349301334491663,0.00351512845971246,0.00353734613405268,0.00355965173543516,0.00358203066112371,0.00360446835278377,0.00362695031096165,0.00364946210938715,0.00367198940907982,0.00369451797223942,0.00371703367590192,0.00373952252534214,0.00376197066720553,0.00378436440235175,0.00380669019839331,0.00382893470191344,0.00385108475034707,0.00387312738350991,0.00389504985476114,0.0039168396417862,0.00393848445698638,0.00395997225746338,0.00398129125458721,0.00400242992313723,0.00402337701000639,0.00404412154245948,0.0040646528359371,0.00408496050139767,0.00410503445219119,0.00412486491045896,0.00414444241305445,0.0041637578169816,0.00418280230434702,0.00420156738682378,0.00422004490962547,0.00423822705498982,0.00425610634517188,0.00427367564494775,0.00429092816363081,0.00430785745660275,0.00432445742636307,0.00434072232310146,0.00435664674479755,0.00437222563685368,0.00438745429126747,0.00440232834535154,0.00441684378000812,0.00443099691756701,0.00444478441919619,0.00445820328189561,0.00447125083508463,0.00448392473679424,0.0044962229694759,0.00450814383543858,0.00451968595192716,0.00453084824585596,0.00454162994821071,0.00455203058813294,0.00456204998670207,0.0045716882504301,0.00458094576448441,0.00458982318565411,0.00459832143507591,0.00460644169073613,0.00461418537976532,0.00462155417054231,0.0046285499646241,0.00463517488851862,0.00464143128531769,0.00464732170620751,0.00465284890187366,0.00465801581381805,0.00466282556560483,0.00466728145405254,0.00467138694039022,0.00467514564139426,0.00467856132052295,0.0046816378790654,0.0046843793473214,0.00468678987582825,0.00468887372665112,0.00469063526475262,0.00469207894945719,0.0046932093260256,0.00469403101735482,0.00469454871581759,0.00469476717525625,0.00469469120314475,0.00469432565293222,0.00469367541658105,0.00469274541731225,0.00469154060256951,0.00469006593721347,0.00468832639695752,0.00468632696205626,0.0046840726112565,0.00468156831602017,0.00467881903502801,0.00467582970897202,0.00467260525564382,0.00466915056532596,0.00466547049649262,0.00466156987182567,0.00465745347455128,0.00465312604510176,0.00464859227810635,0.00464385681971391,0.00463892426525033,0.00463379915721301,0.00462848598360337,0.00462298917659819,0.00461731311155945,0.00461146210638184,0.00460544042117614,0.00459925225828644,0.00459290176263774,0.00458639302241014,0.00457973007003579,0.00457291688351403,0.00456595738803945,0.00455885545793689,0.00455161491889667,0.00454423955050212,0.00453673308904201,0.00452909923059942,0.00452134163440822,0.00451346392646734,0.00450546970340215,0.00449736253656149,0.00448914597633958,0.00448082355671083,0.00447239879996492,0.00446387522162931,0.00445525633556628,0.00444654565923086,0.00443774671907556,0.0044288630560872,0.00441989823144114,0.00441085583225701,0.00440173947744029,0.004392552823594,0.00438329957098452,0.0043739834695449,0.00436460832489917,0.00435517800439095,0.00434569644309925,0.00433616764982428,0.00432659571302593,0.00431698480669797,0.00430733919616047,0.00429766324375288,0.00428796141441105,0.00427823828111082,0.00426849853016145,0.00425874696633144,0.00424898851778984,0.0042392282408464,0.00422947132447413,0.00421972309459853,0.00420998901813708,0.00420027470677339,0.00419058592045068,0.00418092857056956,0.00417130872287588,0.00416173260002438,0.00415220658380421,0.00414273721701328,0.00413333120496883,0.00412399541664269,0.00411473688540958,0.00410556280939714,0.00409648055142786,0.00408749763854296,0.00407862176109912,0.00406986077143001,0.00406122268206498,0.00405271566349809,0.00404434804150169,0.00403612829397931,0.00402806504735329,0.00402016707248338,0.0040124432801138,0.00400490271584691,0.00399755455464254,0.00399040809484283,0.00398347275172335,0.00397675805057242,0.00397027361930124,0.00396402918058855,0.00395803454356433,0.00395229959503751,0.0039468342902738,0.00394164864333159,0.00393675271696399,0.00393215661209644,0.00392787045688987,0.00392390439540085,0.00392026857585022,0.00391697313851302,0.00391402820324358,0.00391144385665054,0.00390923013893774,0.00390739703042765,0.00390595443778447,0.00390491217995515,0.00390427997384749,0.00390406741976481,0.00390428398661815,0.00390493899693739,0.00390604161170384,0.00390760081502723,0.0039096253986905,0.00391212394658703,0.00391510481907487,0.00391857613727336,0.003922545767328,0.00392702130467045,0.00393201005830107,0.00393751903512175,0.00394355492434674,0.00395012408201978,0.00395723251566597,0.00396488586910755,0.00397308940747289,0.00398184800242829,0.00399116611766181,0.00400104779464888,0.00401149663872957,0.00402251580552775,0.00403410798774159,0.0040462754023353,0.00405901977816173,0.00407234234404543,0.0040862438173554,0.00410072439309656,0.00411578373354869,0.00413142095848116,0.00414763463597095,0.00416442277385122,0.00418178281181709,0.0041997116142147,0.00421820546353887,0.00423726005466454,0.00425687048983633,0.00427703127443943,0.00429773631357406,0.00431897890945461,0.00434075175965425,0.00436304695621445,0.0043858559856376,0.00440916972978033,0.00443297846766346,0.00445727187821402,0.00448203904395288,0.00450726845564006,0.00453294801788924,0.00455906505576086,0.00458560632234203,0.0046125580073197,0.00463990574655215,0.00466763463264242,0.00469572922651625,0.00472417357000522,0.00475295119943348,0.00478204516020589,0.00481143802239316,0.00484111189730789,0.0048710484550632,0.00490122894310505,0.00493163420570713,0.00496224470441564,0.00499304053942954,0.00502400147189999,0.00505510694713083,0.00508633611866008,0.00511766787320133,0.00514908085642215,0.00518055349953451,0.00521206404667057,0.00524359058301636,0.00527511106367436,0.00530660334322419,0.00533804520594889,0.00536941439669304,0.00540068865231742,0.00543184573371364,0.00546286345834046,0.00549371973324248,0.00552439258851125,0.00555486021114699,0.00558510097927822,0.005615093496696,0.00564481662765795,0.0056742495319164,0.00570337169992404,0.00573216298817031,0.00576060365460049,0.00578867439406853,0.00581635637377468,0.00584363126863886,0.00587048129655965,0.00589688925350813,0.0059228385484063,0.00594831323773976,0.00597329805985381,0.0059977784688821,0.00602174066825694,0.00604517164375065,0.00606805919599749,0.00609039197244633,0.00611215949869436,0.00613335220915239,0.00615396147699284,0.00617397964333216,0.00619340004560123,0.00621221704505734,0.00623042605339187,0.00624802355838841,0.00626500714858753,0.00628137553691581,0.00629712858323775,0.00631226731579075,0.00632679395146439,0.00634071191488718,0.00635402585628485,0.00636674166807494,0.00637886650016483,0.0063904087739226,0.00640137819479128,0.00641178576351889,0.00642164378597836,0.00643096588155345,0.00643976699006848,0.00644806337724173,0.00645587263864376,0.00646321370214425,0.00647010682883351,0.00647657361240726,0.00648263697700551,0.00648832117349765,0.00649365177420833,0.00649865566608107,0.00650336104227859,0.0065077973922211,0.00651199549006613,0.00651598738163523,0.00651980636979572,0.00652348699830885,0.00652706503415684,0.006530577448363,0.00653406239532224,0.00653755919066173,0.00654110828765277,0.00654475125219739,0.00654853073641515,0.00655249045085841,0.00655667513538618,0.0065611305287281,0.00656590333677134,0.00657104119960599,0.00657659265736708,0.00658260711491235,0.00658913480537707,0.00659622675264861,0.0066039347328053,0.00661231123456575,0.00662140941879521,0.00663128307711773,0.00664198658968464,0.00665357488215028,0.00666610338190682,0.00667962797363218,0.00669420495420596,0.00670989098704937,0.00672674305594492,0.00674481841839223,0.00676417455855764,0.00678486913987552,0.0068069599573598,0.00683050488968483,0.00685556185109451,0.00688218874319872,0.00691044340671525,0.00694038357321694,0.00697206681694284,0.00700555050673244,0.0070408917581414,0.00707814738579698,0.00711737385604993,0.00715862723997947,0.00720196316680673,0.00724743677777054,0.00729510268051966,0.00734501490407419,0.00739722685440849,0.00745179127070586,0.00750876018233408,0.00756818486659006,0.0076301158072607,0.0076946026540452,0.00776169418288278,0.00783143825722658,0.00790388179030333,0.0079790707083977,0.00805704991519889,0.00813786325724358,0.00822155349048782,0.00830816224803863,0.00839773000907478,0.0084902960689842,0.00858589851074354,0.00868457417756297,0.00878635864681726,0.00889128620528213,0.00899938982569339,0.00911070114464355,0.00922525044182855,0.00934306662065621,0.00946417719022486,0.00958860824867908,0.00971638446794708,0.00984752907986254,0.00998206386367218,0.0101200091349289,0.0102613837357681,0.0104062050265617,0.0105544888789432,0.0107062496701953,0.0108615002789916,0.0110202520824796,0.0111825149546941,0.0113482972662854,0.0115176058855467,0.0116904461807234,0.0118668220235863,0.0120467357942461,0.0122301883871913,0.0124171792185227,0.0126077062343641,0.0128017659204224,0.0129993533126742,0.01320046200915,0.0134050841827917,0.0136132105953528,0.0138248306123151,0.0140399322187913,0.0142585020363832,0.0144805253409659,0.0147059860813662,0.0149348668989043,0.0151671491477671,0.0154028129161817,0.0156418370483547,0.015884199167147,0.0161298756974517,0.016378841890242,0.0166310718472599,0.0168865385463099,0.0171452138671254,0.017407068617777,0.0176720725615863,0.0179401944445164,0.0182114020230051,0.0184856620922084,0.0187629405146262,0.0190432022490741,0.019326411379972,0.0196125311469169,0.0199015239745114,0.0201933515024143,0.0204879746155874,0.0207853534747054,0.0210854475467025,0.0213882156354241,0.0216936159123554,0.0220016059473947,0.0223121427396441,0.0226251827481867,0.0229406819228252,0.0232585957347498,0.0235788792071092,0.0239014869454563,0.0242263731680384,0.0245534917359063,0.0248827961828115,0.0252142397448653,0.0255477753899312,0.025883355846722,0.0262209336335707,0.0265604610868501,0.0269018903890122,0.0272451735962155,0.0275902626655113,0.02793710948156,0.0282856658828531,0.0286358836874076,0.0289877147179011,0.0293411108262196,0.0296960239173919,0.0300524059728805,0.0304102090731972,0.0307693854198158,0.0311298873563516,0.0314916673889755,0.0318546782060328,0.0322188726968377,0.0325842039696154,0.0329506253685688,0.0333180904900368,0.0336865531977177,0.0340559676369256,0.0344262882478562,0.0347974697778299,0.0351694672924891,0.0355422361859199,0.0359157321896732,0.0362899113806601,0.0366647301879019,0.03704014539811,0.0374161141600714,0.0377925939878219,0.0381695427625849,0.0385469187334602,0.0389246805168439,0.0393027870945656,0.0396811978107265,0.0400598723672284,0.0404387708179788,0.0408178535617622,0.041197081333768,0.0415764151957692,0.0419558165249514,0.0423352470013845,0.0427146685941389,0.0430940435460485,0.0434733343571239,0.0438525037666225,0.0442315147337807,0.0446103304172215,0.0449889141530462,0.0453672294316198,0.0457452398730706,0.0461229092015235,0.0465002012180909,0.046877079772644,0.0472535087343909,0.0476294519612916,0.0480048732683461,0.0483797363947867,0.0487540049702129,0.0491276424797055,0.0495006122279623,0.0498728773024982,0.0502444005359578,0.050615144467593,0.0509850713039616,0.0513541428789034,0.0517223206128524,0.0520895654715452,0.0524558379241903,0.0528210979011659,0.0531853047513173,0.0535484171989315,0.0539103933004648,0.0542711904010979,0.0546307650911955,0.0549890731627533,0.0553460695659196,0.0557017083656792,0.056055942698791,0.0564087247310692,0.0567600056150959,0.0571097354484555,0.0574578632325891,0.0578043368323681,0.0581491029364815,0.0584921070187361,0.0588332933003713,0.0591726047134823,0.0595099828656532,0.0598453680059008,0.0601786989920255,0.0605099132594622,0.0608389467917269,0.0611657340925505,0.0614902081597983,0.0618123004612718,0.0621319409124844,0.0624490578565026,0.0627635780459429,0.0630754266272091,0.0633845271270537,0.0636908014415413,0.0639941698274871,0.0642945508964467,0.0645918616113271,0.0648860172856805,0.06517693158574,0.0654645165352525,0.0657486825231637,0.0660293383142074,0.0663063910624363,0.0665797463277345,0.0668493080953464,0.067114978798448,0.0673766593437785,0.0676342491403542,0.0678876461312729,0.06813674682861,0.068381446351405,0.0686216384667307,0.0688572156338418,0.0690880690513858,0.0693140887076421,0.0695351634337591,0.0697511809599619,0.0699620279746831,0.0701675901865643,0.0703677523892797,0.0705623985291216,0.0707514117752853,0.0709346745927797,0.0711120688178866,0.0712834757360956,0.0714487761624334,0.0716078505240999,0.0717605789453121,0.0719068413342545,0.0720465174720368,0.0721794871035494,0.0723056300301039,0.0724248262037376,0.0725369558230681,0.0726418994305803,0.0727395380112216,0.0728297530921787,0.0729124268437014,0.0729874421808388,0.0730546828659576,0.0731140336119062,0.0731653801856904,0.0732086095125253,0.0732436097801209,0.0732702705430635,0.0732884828271568,0.0732981392335917,0.0732991340427998,0.0732913633178537,0.0732747250072724,0.0732491190470949,0.0732144474620923,0.0731706144659901,0.0731175265605708,0.0730550926335254,0.0729832240549307,0.0729018347722338,0.072810841403616,0.0727101633296133,0.0725997227828786,0.0724794449359731,0.0723492579870769,0.0722090932435236,0.0720588852030493,0.0718985716326614,0.0717280936450326,0.0715473957723296,0.0713564260373863,0.0711551360221374,0.0709434809332346,0.0707214196647792,0.0704889148581023,0.0702459329585263,0.0699924442690457,0.0697284230008736,0.0694538473207992,0.0691686993953062,0.068872965431405,0.0685666357141376,0.0682497046407246,0.0679221707513279,0.0675840367563982,0.0672353095605807,0.0668760002831672,0.0665061242750764,0.0661257011323504,0.0657347547061609,0.0653333131093274,0.0649214087193484,0.0644990781779537,0.0640663623871898,0.0636233065020459,0.0631699599196428,0.0627063762650042,0.0622326133734339,0.0617487332695302,0.0612548021428719,0.0607508903204138,0.0602370722356262,0.0597134263944231,0.0591800353379306,0.0586369856021468,0.0580843676745549,0.0575222759477481,0.0569508086701341,0.0563700678937816,0.0557801594194816,0.0551811927390898,0.0545732809752248,0.0539565408183989,0.0533310924616684,0.0526970595328871,0.0520545690246464,0.0514037512219933,0.0507447396280126,0.0500776708873691,0.0494026847079024,0.0487199237803775,0.0480295336964892,0.0473316628652225,0.046626462427666,0.0459140861703783,0.0451946904374098,0.0444684340410856,0.0437354781716513,0.0429959863058876,0.0422501241147992,0.0414980593704862,0.0407399618523048,0.039976003252423,0.0392063570808725,0.0384311985702072,0.0376507045798721,0.0368650535003834,0.0360744251574225,0.0352790007159393,0.0344789625843658,0.0336744943190379,0.0328657805289211,0.0320530067807302,0.0312363595045352,0.030416025899942,0.0295921938429366,0.0287650517934748,0.0279347887039011,0.0271015939282738,0.0262656571326686,0.0254271682065335,0.024586317175164,0.0237432941133653,0.0228982890603656,0.0220514919360402,0.021203092458505,0.0203532800631283,0.0195022438230122,0.0186501723709916,0.0177972538231928,0.01694367570419,0.0160896248737963,0.0152352874555199,0.0143808487667151,0.0135264932504522,0.0126724044091307,0.0118187647398523,0.0109657556715706,0.010113557504027,0.00926234934848363,0.00841230907025818,0.00756361323306399,0.00671643704515425,0.00587095430726707,0.00502733736236261,0.00418575704714283,0.0033463826453417,0.00250938184277074,0.0016749206841024,0.000843163531370847,1.42730241669499e-05,-0.000811589958497409,-0.00163426633468304,-0.00245359885440438,-0.00326943213292894,-0.0040816126825285,-0.0048899889427169,-0.00569441130901121,-0.00649473216025476,-0.00729080588454074,-0.00808248890377746,-0.00886963969693665,-0.00965211882202739,-0.0104297889368392,-0.0112025148184998,-0.0119701633818931,-0.012732603696984,-0.0134897070050966,-0.0142413467341926,-0.0149873985131962,-0.0157277401854132,-0.0164622518210927,-0.0171908157291797,-0.0179133164683024,-0.018629640857042,-0.0193396779835316,-0.0200433192144281,-0.0207404582033034,-0.021430990898499,-0.0221148155504861,-0.0227918327187755,-0.0234619452784188,-0.0241250584261419,-0.024781079686149,-0.025429918915637,-0.0260714883100573,-0.0267057024081601,-0.0273324780968557,-0.0279517346159245,-0.0285633935626081,-0.029167378896108,-0.0297636169420206,-0.0303520363967318,-0.0309325683317987,-0.0315051461983364,-0.0320697058314298,-0.0326261854545852,-0.0331745256842391,-0.0337146695343409,-0.0342465624210167,-0.0347701521673277,-0.0352853890081285,-0.0357922255950331,-0.0362906170014918,-0.0367805207279813,-0.0372618967073057,-0.0377347073100052,-0.0381989173498655,-0.038654494089522,-0.0391014072461511,-0.0395396289972367,-0.0399691339863987,-0.0403898993292671,-0.0408019046193878,-0.041205131934142,-0.041599565840656,-0.0419851934016819,-0.0423620041814232,-0.042729990251278,-0.0430891461954731,-0.0434394691165631,-0.0437809586407618,-0.0441136169230752,-0.0444374486522016,-0.0447524610551615,-0.0450586639016243,-0.0453560695078941,-0.0456446927405196,-0.0459245510194873,-0.0461956643209617,-0.0464580551795297,-0.0467117486899053,-0.0469567725080537,-0.0471931568516921,-0.0474209345001219,-0.0476401407933494,-0.0478508136304504,-0.0480529934671369,-0.0482467233124828,-0.0484320487247701,-0.0486090178064079,-0.0487776811978839,-0.0489380920707034,-0.0490903061192713,-0.0492343815516761,-0.0493703790793323,-0.0494983619054411,-0.0496183957122335,-0.0497305486469539,-0.0498348913065482,-0.0499314967210155,-0.0500204403353888,-0.0501017999903093,-0.0501756559011656,-0.0502420906357674,-0.0503011890905232,-0.0503530384650917,-0.0503977282354773,-0.0504353501255461,-0.0504659980769345,-0.0504897682173309,-0.0505067588271099,-0.0505170703043011,-0.0505208051278782,-0.0505180678193551,-0.0505089649026759,-0.0504936048623945,-0.0504720981001389,-0.0504445568893532,-0.0504110953283133,-0.0503718292914211,-0.0503268763787756,-0.0502763558640305,-0.0502203886405444,-0.0501590971658341,-0.0500926054043429,-0.0500210387685437,-0.0499445240583936,-0.0498631893991599,-0.0497771641776441,-0.0496865789768274,-0.049591565508964,-0.0494922565471586,-0.0493887858554547,-0.0492812881174694,-0.0491698988636128,-0.049054754396934,-0.0489359917176353,-0.0488137484462967,-0.0486881627458612,-0.0485593732424313,-0.048427518944928,-0.0482927391636664,-0.048155173427905,-0.0480149614024252,-0.0478722428032049,-0.0477271573122505,-0.0475798444916564,-0.0474304436969517,-0.0472790939898051,-0.0471259340501542,-0.0469711020878287,-0.0468147357537444,-0.0466569720507394,-0.0464979472441364,-0.0463377967721065,-0.0461766551559097,-0.0460146559100913,-0.0458519314527189,-0.0456886130157409,-0.0455248305555494,-0.0453607126638254,-0.0451963864787498,-0.0450319775966676,-0.0448676099842931,-0.044703405891544,-0.0445394857650872,-0.0443759681626805,-0.0442129696683999,-0.0440506048088411,-0.0438889859703839,-0.0437282233175993,-0.043568424712891,-0.0434096956374521,-0.0432521391136234,-0.0430958556287381,-0.0429409430605394,-0.0427874966042503,-0.0426356087013785,-0.0424853689703351,-0.0423368641389475,-0.0421901779789466,-0.0420453912425048,-0.0419025816009025,-0.0417618235853953,-0.0416231885303518,-0.0414867445187292,-0.0413525563299552,-0.0412206853902853,-0.0410911897257,-0.0409641239174046,-0.0408395390599942,-0.0407174827223356,-0.040597998911217,-0.0404811280378153,-0.0403669068870331,-0.0402553685897522,-0.0401465425980463,-0.0400404546633915,-0.0399371268179152,-0.0398365773587144,-0.0397388208352749,-0.0396438680400194,-0.0395517260020083,-0.0394623979838133,-0.0393758834815797,-0.0392921782282919,-0.0392112742002515,-0.0391331596267751,-0.0390578190031118,-0.0389852331065819,-0.0389153790159361,-0.0388482301339242,-0.0387837562130667,-0.0387219233846188,-0.0386626941907087,-0.0386060276196275,-0.0385518791442477,-0.0385002007635399,-0.0384509410471564,-0.0384040451830476,-0.0383594550280742,-0.0383171091615784,-0.0382769429418695,-0.0382388885655772,-0.0382028751298251,-0.0381688286971712,-0.038136672363252,-0.0381063263270765,-0.0380777079639126,-0.0380507319006997,-0.0380253100939252,-0.0380013519098938,-0.0379787642073208,-0.0379574514221765,-0.0379373156547067,-0.0379182567585508,-0.0379001724318829,-0.0378829583104927,-0.0378665080627245,-0.0378507134861915,-0.0378354646061808,-0.0378206497756607,-0.0378061557768052,-0.0377918679239445,-0.0377776701678501,-0.0377634452012607,-0.0377490745655541,-0.0377344387584694,-0.037719417342786,-0.0377038890558641,-0.0376877319199539,-0.0376708233531772,-0.0376530402810856,-0.0376342592486949,-0.0376143565328993,-0.0375932082551697,-0.0375706904944415,-0.0375466794000943,-0.0375210513049275,-0.0374936828380338,-0.0374644510374753,-0.0374332334626688,-0.0373999083063834,-0.0373643545062558,-0.0373264518557262,-0.0372860811143015,-0.0372431241170505,-0.0371974638832433,-0.0371489847240455,-0.0370975723491796,-0.0370431139724621,-0.0369854984161261,-0.0369246162138435,-0.0368603597123659,-0.0367926231716993,-0.0367213028637305,-0.0366462971692193,-0.0365675066730827,-0.0364848342578908,-0.0363981851954987,-0.0363074672367348,-0.036212590699077,-0.0361134685522438,-0.0360100165016293,-0.0359021530695158,-0.035789799673996,-0.0356728807055411,-0.0355513236011534,-0.0354250589160397,-0.0352940203927453,-0.0351581450276914,-0.0350173731350623,-0.0348716484079902,-0.0347209179769902,-0.0345651324655962,-0.03440424604315,-0.0342382164746969,-0.0340670051679469,-0.0338905772172661,-0.0337089014446589,-0.033521950437709,-0.0333297005844412,-0.0331321321050739,-0.0329292290806323,-0.0327209794783975,-0.0325073751741679,-0.0322884119713107,-0.0320640896165846,-0.0318344118127186,-0.0315993862277348,-0.0313590245010073,-0.0311133422460498,-0.0308623590500277,-0.0306060984699889,-0.0303445880258141,-0.0300778591898862,-0.0298059473734823,-0.0295288919098984,-0.0292467360343148,-0.0289595268604183,-0.0286673153537969,-0.0283701563021276,-0.02806810828218,-0.0277612336236591,-0.027449598369917,-0.0271332722355644,-0.0268123285610144,-0.0264868442639968,-0.0261568997880806,-0.0258225790482476,-0.0254839693735645,-0.0251411614469967,-0.0247942492424123,-0.0244433299588298,-0.0240885039519665,-0.0237298746631439,-0.0233675485456131,-0.0230016349883605,-0.02263224623746,-0.02225949731504,-0.0218835059359334,-0.021504392422085,-0.0211222796147882,-0.0207372927848296,-0.0203495595406158,-0.0199592097343647,-0.019566375366444,-0.0191711904879424,-0.0187737911015574,-0.0183743150608892,-0.0179729019682283,-0.0175696930709286,-0.0171648311564587,-0.0167584604462232,-0.0163507264882504,-0.0159417760488401,-0.015531757003271,-0.0151208182256626,-0.0147091094780915,-0.0142967812990583,-0.0138839848914062,-0.0134708720097901,-0.0130575948477961,-0.0126443059248126,-0.0122311579727537,-0.0118183038227347,-0.0114058962918,-0.010994088069806,-0.0105830316065574,-0.0101728789992992,-0.00976378188066316,-0.00935589130716605,-0.00894935764835937,-0.00854433047672712,-0.00814095845842896,-0.00773938924498424,-0.0073397693659902,-0.00694224412296816,-0.00654695748442942,-0.00615405198225183,-0.00576366860945666,-0.00537594671947386,-0.00499102392698215,-0.00460903601040894,-0.00423011681617323,-0.00385439816475295,-0.00348200975865581,-0.00311307909237142,-0.00274773136438071,-0.00238608939129638,-0.00202827352420553,-0.00167440156728394,-0.00132458869874909,-0.000978947394216634,-0.000637587352522806,-0.000300615424072837,3.18644582270405e-05,0.00035975134539886,0.000682947336130873,0.00100135763777414,0.00131489062455034,0.00162345789292611,0.00192697431411175,0.00222535808364492,0.00251853076802281,0.00280641734834899,0.00308894626096381,0.00336604943503036,0.00363766232705066,0.0039037239522894,0.00416417691308541,0.00441896742403485,0.00466804533403231,0.00491136414515963,0.00514888102841477,0.00538055683627628,0.00560635611210127,0.0058262470963587,0.00604020172970194,0.00624819565288787,0.00645020820355286,0.00664622240985911,0.00683622498102716,0.00702020629477385,0.00719816038167783,0.00737008490649793,0.00753598114647202,0.00769585396662712,0.00784971179213479,0.00799756657774927,0.00813943377436829,0.00827533229275852,0.00840528446449142,0.00852931600013735,0.00864745594476839,0.00875973663082379,0.00886619362839479,0.00896686569298747,0.00906179471082514,0.00915102564175423,0.00923460645981912,0.00931258809157508,0.00938502435221019,0.00945197187954938,0.00951349006601586,0.00956964098862674,0.00962048933710287,0.00966610234017455,0.00970654969016674,0.00974190346594804,0.00977223805432978,0.0097976300700046,0.00981815827411407,0.00983390349153623,0.00984494852698456,0.00985137808001142,0.00985327865901042,0.00985073849431279,0.00984384745047412,0.00983269693784787,0.00981737982354323,0.0097979903418661,0.00977462400434135,0.00974737750941521,0.00971634865193593,0.00968163623250965,0.00964333996683062,0.00960156039508404,0.00955639879151841,0.00950795707428309,0.00945633771562717,0.00940164365255384,0.00934397819802373,0.00928344495280047,0.00922014771803032,0.00915419040864658,0.00908567696768662,0.00901471128160822,0.00894139709669038,0.00886583793660213,0.00878813702121982,0.00870839718677206,0.00862672080738924,0.00854320971813229,0.0084579651395731,0.00837108760399611,0.00828267688328786,0.00819283191857896,0.00810165075169965,0.00800923045850764,0.00791566708414359,0.00782105558026688,0.00772548974432108,0.00762906216087589,0.0075318641450892,0.0074339856883288,0.00733551540599018,0.0072365404875444,0.0071371466488458,0.00703741808672614,0.00693743743589853,0.00683728572819086,0.00673704235412546,0.00663678502685802,0.00653658974848546,0.00643653077872927,0.00633668060599691,0.00623710992082084,0.00613788759167111,0.00603908064313518,0.00594075423645488,0.00584297165240675,0.00574579427650979,0.00564928158654082,0.00555349114233458,0.00545847857784286,0.00536429759542469,0.00527099996233621,0.00517863550938617,0.00508725213171982,0.00499689579169229,0.00490761052379041,0.00481943844155883,0.0047324197464839,0.0046465927387872,0.00456199383007797,0.00447865755781175,0.00439661660150096,0.00431590180062099,0.00423654217415467,0.00415856494171588,0.00408199554619222,0.00400685767784486,0.00393317329980242,0.00386096267488445,0.00379024439368954,0.00372103540388298,0.00365335104061741,0.00358720505801998,0.00352260966167829,0.00345957554205732,0.00339811190877946,0.00333822652570048,0.00327992574671364,0.00322321455221416,0.0031680965861564,0.00311457419363689,0.0030626484589367,0.00301231924395748,0.00296358522698587,0.00291644394172227,0.00287089181651024,0.00282692421370487,0.00278453546911862,0.0027437189314847,0.00270446700187927,0.00266677117304506,0.00263062206856045,0.00259600948179953,0.0025629224146304,0.00253134911580018,0.00250127711895747,0.00247269328026445,0.00244558381555238,0.00241993433697687,0.00239572988913029,0.00237295498457122,0.00235159363873246,0.00233162940417139,0.00231304540412832,0.00229582436536071,0.00227994865022325,0.00226540028796578,0.00225216100522288,0.00224021225567098,0.00222953524883107,0.00222011097799715,0.00221192024727286,0.00220494369770065,0.0021991618324701,0.00219455504119388,0.00219110362324169,0.00218878781012416,0.00218758778692132,0.00218748371275153,0.0021884557402792,0.00219048403426118,0.00219354878913366,0.00219763024564292,0.0022027087065251,0.00220876455124172,0.00221577824977941,0.00222373037552394,0.00223260161721987,0.0022423727900292,0.00225302484570312,0.00226453888188224,0.00227689615054242,0.00229007806560417,0.00230406620972464,0.00231884234029245,0.00233438839464692,0.00235068649454369,0.00236771894988952,0.00238546826176992,0.00240391712479418,0.00242304842878299,0.00244284525982437,0.00246329090072431,0.0024843688308785,0.00250606272559226,0.00252835645487618,0.0025512340817451,0.00257467986004831,0.0025986782318589,0.00262321382445023,0.00264827144688754,0.00267383608626233,0.00269989290359797,0.00272642722945379,0.00275342455925532,0.00278087054837785,0.00280875100701039,0.00283705189482647,0.00286575931548829,0.00289485951100991,0.00292433885600459,0.00295418385184147,0.00298438112073579,0.0030149173997962,0.00304577953505179,0.00307695447548124,0.00310842926706582,0.00314019104688738,0.00317222703729167,0.00320452454013641,0.00323707093114319,0.00326985365437081,0.00330286021682739,0.00333607818323723,0.00336949517097811,0.00340309884520448,0.00343687691417029,0.00347081712476447,0.00350490725827151,0.00353913512636885,0.00357348856737167,0.00360795544273486,0.00364252363382129,0.0036771810389448,0.00371191557069567,0.00374671515355562,0.00378156772180813,0.0038164612177489,0.00385138359020111,0.00388632279333918,0.00392126678582449,0.00395620353025514,0.00399112099293095,0.00402600714393485,0.00406084995753058,0.0040956374128763,0.0041303574950534,0.0041649981964083,0.00419954751820476,0.00423399347258361,0.00426832408482642,0.0043025273959187,0.00433659146540815,0.00437050437455263,0.00440425422975216,0.00443782916625851,0.00447121735215547,0.00450440699260214,0.00453738633433188,0.00457014367039861,0.00460266734516216,0.0046349457595034,0.00466696737626026,0.0046987207258752,0.00473019441224379,0.00476137711875354,0.00479225761450254,0.00482282476068703,0.00485306751714667,0.00488297494905586,0.00491253623374985,0.00494174066767391,0.00497057767344285,0.00499903680699854,0.00502710776485344,0.00505478039140752,0.00508204468632635,0.00510889081196783,0.00513530910084463,0.00516129006310952,0.00518682439405088,0.0052119029815852,0.00523651691373385,0.00526065748607177,0.00528431620913527,0.00530748481577548,0.00533015526844564,0.00535231976641006,0.00537397075286255,0.0053951009219419,0.00541570322563285,0.00543577088054123,0.00545529737453215,0.00547427647321963,0.00549270222629652,0.00551056897369429,0.00552787135156186,0.0055446042980534,0.00556076305891566,0.00557634319286558,0.00559134057674866,0.00560575141046932,0.00561957222168473,0.00563279987025371,0.00564543155243357,0.00565746480481819,0.00566889750801039,0.0056797278900221,0.00568995452939639,0.00569957635804501,0.00570859266379618,0.00571700309264769,0.00572480765072077,0.00573200670591089,0.00573860098923226,0.00574459159585238,0.00574997998581379,0.00575476798444052,0.00575895778242804,0.00576255193561459,0.00576555336443271,0.00576796535304017,0.00576979154813004,0.00577103595741973,0.00577170294781929,0.00577179724327898,0.00577132392231786,0.00577028841523485,0.00576869650100477,0.00576655430386153,0.005763868289571,0.00576064526139635,0.00575689235575925,0.00575261703760015,0.0057478270954421,0.00574253063616201,0.00573673607947416,0.00573045215213078,0.00572368788184493,0.00571645259094114,0.0057087558897395,0.00570060766967856,0.00569201809618356,0.00568299760128653,0.00567355687600529,0.005663706862488,0.00565345874593007,0.00564282394627099,0.00563181410967868,0.0056204410998294,0.00560871698899121,0.00559665404891946,0.0055842647415727,0.00557156170965736,0.00555855776700974,0.00554526588882456,0.00553169920173875,0.00551787097377978,0.0055037946041877,0.00548948361312033,0.0054749516312514,0.00546021238927117,0.0054452797072995,0.00543016748422164,0.00541488968695622,0.00539946033966557,0.00538389351291776,0.00536820331281062,0.00535240387006761,0.00533650932911584,0.00532053383715655,0.00530449153323828,0.00528839653734324,0.00527226293949703,0.00525610478891162,0.00523993608317165,0.00522377075747405,0.00520762267393112,0.00519150561094736,0.00517543325268046,0.00515941917859623,0.00514347685312679,0.00512761961544173,0.00511186066934177,0.0050962130732843,0.00508068973054979,0.0050653033795585,0.00505006658434591,0.00503499172520556,0.00502009098950855,0.0050053763627083,0.00499085961953806,0.0049765523154091,0.00496246577801712,0.00494861109916426,0.00493499912680399,0.00492164045731589,0.00490854542801706,0.00489572410991592,0.00488318630071463,0.00487094151806615,0.00485899899309109,0.00484736766415944,0.00483605617094221,0.00482507284873754,0.00481442572307502,0.00480412250460187,0.00479417058425458,0.00478457702871939,0.00477534857618403,0.00476649163238338,0.00475801226694147,0.00474991621001162,0.00474220884921654,0.00473489522688948,0.00472798003761738,0.00472146762608691,0.00471536198523401,0.00470966675469676,0.00470438521957205,0.00469952030947616,0.00469507459790866,0.00469105030191877,0.00468744928207365,0.00468427304272742,0.00468152273258977,0.00467919914559254,0.00467730272205272,0.00467583355013055,0.00467479136758103,0.00467417556379646,0.00467398518213818,0.00467421892255479,0.00467487514448466,0.00467595187003978,0.00467744678746827,0.00467935725489276,0.00468168030432227,0.00468441264593402,0.00468755067262194,0.00469109046480814,0.00469502779551422,0.00469935813568878,0.00470407665978749,0.00470917825160156,0.00471465751033061,0.0047205087568958,0.00472672604048878,0.00473330314535185,0.00474023359778535,0.00474751067337707,0.00475512740444857,0.00476307658771306,0.00477135079213948,0.00477994236701772,0.00478884345021928,0.00479804597664784,0.00480754168687336,0.00481732213594368,0.00482737870236697,0.00483770259725854,0.00484828487364536,0.00485911643592162,0.00487018804944808,0.00488149035028706,0.00489301385506534,0.00490474897095732,0.00491668600578017,0.00492881517819288,0.00494112662799065,0.00495361042648608,0.00496625658696819,0.00497905507523007,0.00499199582015603,0.00500506872435842,0.00501826367485404,0.00503157055377003,0.00504497924906921,0.00505847966528434,0.0050720617342511,0.00508571542582871,0.00509943075859725,0.005113197810521,0.00512700672956661,0.00514084774426451,0.00515471117420228,0.00516858744043864,0.00518246707582629,0.00519634073523244,0.00521019920564523,0.0052240334161543,0.00523783444779409,0.00525159354323772,0.00526530211632983,0.00527895176144687,0.00529253426267339,0.00530604160278259,0.00531946597200937,0.0053327997766045,0.0053460356471587,0.00535916644668522,0.00537218527845026,0.00538508549354052,0.00539786069815744,0.00541050476062774,0.00542301181812007,0.0054353762830584,0.00544759284922286,0.00545965649752827,0.00547156250147168,0.00548330643224023,0.00549488416347084,0.00550629187565378,0.005517526060173,0.00552858352297598,0.00553946138786656,0.00555015709941441,0.00556066842547533,0.00557099345931748,0.00558113062134894,0.00559107866044233,0.00560083665485276,0.00561040401272557,0.0056197804721914,0.00562896610104676,0.00563796129601883,0.00564676678161315,0.00565538360854408,0.00566381315174838,0.00567205710798358,0.00568011749301256,0.00568799663837657,0.00569569718775921,0.00570322209294417,0.00571057460937108,0.00571775829129456,0.00572477698655168,0.0057316348309437,0.0057383362422385,0.00574488591380066,0.00575128880785676,0.00575755014840391,0.00576367541377013,0.00576967032883606,0.00577554085692835,0.00578129319139486,0.00578693374687278,0.00579246915026134,0.00579790623141114,0.00580325201354217,0.00580851370340412,0.00581369868119233,0.00581881449023358,0.00582386882645653,0.00582886952766136,0.00583382456260421,0.00583874201991199,0.00584363009684384,0.00584849708791594,0.00585335137340653,0.00585820140775871,0.00586305570789864,0.00586792284148727,0.00587281141512368,0.00587773006251855,0.00588268743265641,0.00588769217796561,0.00589275294251459,0.00589787835025384,0.0059030769933223,0.00590835742043829,0.00591372812539418,0.00591919753567526,0.00592477400122196,0.00593046578335456,0.00593628104387954,0.00594222783439776,0.00594831408583389,0.00595454759820559,0.00596093603065155,0.0059674868917372,0.00597420753005685,0.0059811051251502,0.00598818667875103,0.00599545900638535,0.00600292872933598,0.00601060226699019,0.00601848582958617,0.00602658541137357,0.00603490678420356,0.00604345549156286,0.00605223684306508,0.00606125590941233,0.00607051751783938,0.00608002624805181,0.00608978642866873,0.00609980213417965,0.00611007718242493,0.00612061513260749,0.00613141928384302,0.00614249267425485,0.00615383808061845,0.00616545801855988,0.00617735474331113,0.00618953025102461,0.00620198628064725,0.00621472431635389,0.00622774559053833,0.00624105108735976,0.0062546415468412,0.00626851746951485,0.0062826791216081,0.00629712654076329,0.00631185954228227,0.00632687772588616,0.00634218048297932,0.00635776700440581,0.00637363628868558,0.00638978715071614,0.00640621823092419,0.0064229280048505,0.00643991479315062,0.00645717677199255,0.00647471198383181,0.0064925183485431,0.00651059367488684,0.0065289356722877,0.00654754196290126,0.0065664100939443,0.00658553755026385,0.00660492176711874,0.00662456014314695,0.00664445005349161,0.00666458886305791,0.0066849739398718,0.0067056026685112,0.00672647246358051,0.00674758078319798,0.00676892514246605,0.00679050312689417,0.00681231240574291,0.00683435074525814,0.00685661602176445,0.00687910623458623,0.00690181951876517,0.00692475415754304,0.00694790859457827,0.00697128144586523,0.00699487151132664,0.007018677786049,0.00704269947113109,0.00706693598411603,0.00709138696897785,0.00711605230563432,0.00714093211895758,0.00716602678725636,0.00719133695020363,0.00721686351618452,0.00724260766904007,0.00726857087418269,0.00729475488406027,0.00732116174294691,0.00734779379103997,0.00737465366784461,0.00740174431482743,0.00742906897732148,0.00745663120566673,0.00748443485557111,0.00751248408767856,0.00754078336633232,0.00756933745752347,0.0075981514260146,0.00762723063163121,0.00765658072471461,0.00768620764073095,0.00771611759403437,0.0077463170707828,0.0077768128210054,0.00780761184982347,0.00783872140782774,0.0078701489806162,0.00790190227749889,0.00793398921937706,0.00796641792580594,0.00799919670125161,0.00803233402055457,0.00806583851361472,0.00809971894931317,0.00813398421868715,0.00816864331737669,0.00820370532736356,0.00823917939802384,0.00827507472651775,0.00831140053754167,0.00834816606246766,0.00838538051789729,0.00842305308365889,0.00846119288027761,0.00849980894594949,0.00853891021305149,0.00857850548422053,0.00861860340803642,0.00865921245434392,0.00870034088924969,0.00874199674983144,0.00878418781859623,0.00882692159772694,0.00887020528315641,0.00891404573850928,0.00895844946895252,0.009003422594996,0.00904897082628403,0.00909509943541894,0.00914181323185922,0.00918911653593441,0.00923701315301924,0.00928550634791009,0.00933459881944618,0.00938429267541802,0.00943458940780525,0.00948548986838571,0.00953699424475772,0.0095891020368165,0.00964181203372553,0.00969512229142279,0.00974903011070135,0.00980353201590282,0.00985862373426206,0.00991430017594142,0.00997055541479028,0.0100273826698646,0.0100847742877411,0.0101427217256586,0.0102012155355212,0.0102602453487901,0.0103197998622971,0.0103798668250067,0.0104404330257527,0.0105014842819776,0.010563005429496,0.0106249803133064,0.0106873917794709,0.0107502216680843,0.0108134508073518,0.0108770590087908,0.0109410250635702,0.0110053267400012,0.0110699407821901,0.0111348429098634,0.011200007819374,0.0112654091858934,0.0113310196667952,0.0113968109062322,0.0114627535409085,0.0115288172070468,0.0115949705485469,0.0116611812263317,0.0117274159288764,0.0117936403839111,0.0118598193712903,0.0119259167370161,0.0119918954084014,0.0120577174103618,0.0121233438828162,0.0121887350991838,0.0122538504859552,0.0123186486433194,0.0123830873668242,0.0124471236700469,0.0125107138082506,0.0125738133029986,0.0126363769677013,0.0126983589340667,0.0127597126794246,0.0128203910548949,0.0128803463143663,0.0129395301442545,0.0129978936940036,0.0130553876072985,0.0131119620539525,0.0131675667624317,0.0132221510529817,0.0132756638713154,0.0133280538228262,0.0133792692072882,0.0134292580540024,0.0134779681573481,0.0135253471126972,0.0135713423526555,0.0136159011835867,0.0136589708223785,0.0137004984334102,0.0137404311656792,0.0137787161900449,0.0138153007365485,0.0138501321317684,0.0138831578361706,0.0139143254814124,0.0139435829075592,0.0139708782001753,0.0139961597272462,0.0140193761758965,0.0140404765888619,0.0140594104006782,0.014076127473551,0.0140905781328689,0.0141027132023215,0.014112484038587,0.0141198425655558,0.0141247413080573,0.014127133425058,0.0141269727422989,0.0141242137843419,0.0141188118059957,0.0141107228230922,0.0140999036425858,0.0140863118919486,0.0140699060478386,0.0140506454640169,0.0140284903984928,0.0140034020398753,0.0139753425329062,0.0139442750031602,0.0139101635808917,0.0138729734240154,0.013832670740206,0.013789222808101,0.0137425979975962,0.013692765789222,0.0136396967925924,0.0135833627639183,0.0135237366225761,0.0134607924667269,0.0133945055879822,0.0133248524851133,0.0132518108768009,0.0131753597134259,0.0130954791878998,0.0130121507455382,0.0129253570929793,0.0128350822061518,0.0127413113372948,0.0126440310210402,0.0125432290795602,0.0124388946267914,0.0123310180717438,0.0122195911209038,0.0121046067797429,0.0119860593533422,0.0118639444461455,0.0117382589608532,0.0116090010964714,0.0114761703455295,0.0113397674904814,0.0111997945993043,0.0110562550203141,0.0109091533762122,0.0107584955573795,0.010604288714436,0.0104465412500838,0.0102852628102509,0.0101204642745538,0.00995215774609666,0.00978035654062471,0.00960507517505077,0.00942632935537144,0.00924413596399254,0.00905851304648335,0.00886947979777856,0.008677056547846,0.00848126474683787,0.00828212694974328,0.00807966680055961,0.00787390901600022,0.0076648793687565,0.00745260467033154,0.00723711275346177,0.00701843245414377,0.00679659359328259,0.00657162695797824,0.00634356428246585,0.00611243822872542,0.00587828236677594,0.00564113115466907,0.00540101991819661,0.00515798483032567,0.00491206289037518,0.00466329190294772,0.00441171045662938,0.0041573579024698,0.00390027433225486,0.003640500556584,0.0033780780827641,0.00311304909253106,0.00284545641961069,0.00257534352712995,0.00230275448488887,0.00202773394650304,0.00175032712642701,0.00147057977686846,0.0011885381646027,0.000904249047696952,0.000617759652153808,0.000329117648483251,3.83711282123753e-05,-0.000254431419658011,-0.000549241132240908,-0.000846008796385679,-0.00114468487232656,-0.00144521951734809,-0.00174756260945824,-0.00205166377106005,-0.00235747239261232,-0.00266493765626993,-0.00297400855949406,-0.00328463393862283,-0.00359676249239241,-0.00391034280539849,-0.00422532337148764,-0.00454165261706765,-0.00485927892432599,-0.00517815065434564,-0.00549821617010632,-0.00581942385935945,-0.00614172215736493,-0.00646505956947779,-0.00678938469357227,-0.00711464624229055,-0.00744079306510335,-0.00776777417016887,-0.00809553874597603,-0.00842403618275826,-0.00875321609366363,-0.00908302833566725,-0.00941342303021241,-0.00974435058356573,-0.0100757617068709,-0.0104076074358859,-0.0107398391503875,-0.0110724085932282,-0.0114052678890303,-0.0117383695625017,-0.0120716665563579,-0.0124051122488356,-0.0127386604707791,-0.0130722655222868,-0.013405882188901,-0.0137394657573268,-0.0140729720306649,-0.0144063573431443,-0.0147395785743387,-0.0150725931628524,-0.0154053591194594,-0.015737835039686,-0.0160699801158234,-0.0164017541483566,-0.0167331175567974,-0.0170640313899093,-0.0173944573353116,-0.0177243577284534,-0.0180536955609475,-0.0183824344882536,-0.0187105388367043,-0.0190379736098633,-0.0193647044942087,-0.0196906978641339,-0.020015920786261,-0.0203403410230626,-0.0206639270357874,-0.020986647986689,-0.0213084737405545,-0.0216293748655286,-0.0219493226332339,-0.0222682890181872,-0.0225862466965112,-0.0229031690439452,-0.0232190301331557,-0.0235338047303546,-0.0238474682912289,-0.0241599969561914,-0.0244713675449559,-0.0247815575504466,-0.0250905451320512,-0.0253983091082273,-0.0257048289484745,-0.0260100847646826,-0.0263140573018712,-0.0266167279283338,-0.0269180786252026,-0.027218091975449,-0.0275167511523365,-0.0278140399073397,-0.0281099425575501,-0.0284044439725916,-0.0286975295610626,-0.0289891852565233,-0.0292793975030455,-0.029568153240352,-0.0298554398885676,-0.0301412453326043,-0.0304255579062059,-0.0307083663756764,-0.0309896599233158,-0.0312694281305903,-0.0315476609610588,-0.0318243487430853,-0.0320994821523614,-0.0323730521942626,-0.0326450501860666,-0.032915467739059,-0.0331842967405548,-0.033451529335861,-0.0337171579102049,-0.0339811750706565,-0.0342435736280697,-0.0345043465790706,-0.0347634870881198,-0.0350209884696695,-0.0352768441704413,-0.0355310477518491,-0.0357835928725911,-0.0360344732714348,-0.0362836827502208,-0.036531215157111,-0.0367770643701009,-0.037021224280824,-0.0372636887786663,-0.03750445173521,-0.0377435069890252,-0.0379808483308281,-0.0382164694890268,-0.0384503641156732,-0.0386825257728419,-0.0389129479194505,-0.0391416238985351,-0.0393685469249941,-0.0395937100738129,-0.0398171062687835,-0.0400387282717308,-0.0402585686722549,-0.040476619878,-0.0406928741054632,-0.0409073233713547,-0.0411199594845126,-0.0413307740383761,-0.0415397584040198,-0.0417469037237556,-0.041952200905306,-0.042155640616549,-0.0423572132808354,-0.0425569090728797,-0.042754717915229,-0.0429506294753082,-0.0431446331630345,-0.0433367181289981,-0.0435268732632067,-0.043715087194391,-0.0439013482898626,-0.0440856446559185,-0.0442679641387837,-0.0444482943260773,-0.0446266225487913,-0.0448029358837698,-0.0449772211566817,-0.0451494649454755,-0.0453196535843022,-0.0454877731678944,-0.0456538095563888,-0.0458177483805726,-0.0459795750475419,-0.0461392747467545,-0.0462968324564634,-0.0464522329505118,-0.0466054608054746,-0.046756500408129,-0.0469053359632334,-0.0470519515016026,-0.0471963308884573,-0.0473384578320287,-0.0474783158923957,-0.0476158884905371,-0.0477511589175807,-0.047884110344226,-0.0480147258303196,-0.0481429883345672,-0.0482688807243627,-0.0483923857857154,-0.048513486233255,-0.048632164720292,-0.0487484038489153,-0.048862186180108,-0.048973494243866,-0.0490823105492981,-0.0491886175946898,-0.0492923978775117,-0.0493936339043524,-0.0494923082007606,-0.0495884033209735,-0.0496819018575152,-0.0497727864506559,-0.0498610397977179,-0.0499466446622102,-0.0500295838827765,-0.0501098403819419,-0.0501873971746464,-0.050262237376554,-0.0503343442121236,-0.0504037010224258,-0.0504702912726949,-0.0505340985596039,-0.0505951066182569,-0.0506532993288925,-0.0507086607232877,-0.0507611749908512,-0.0508108264843978,-0.0508575997255992,-0.0509014794101074,-0.0509424504123468,-0.0509804977899708,-0.0510156067879787,-0.0510477628424915,-0.0510769515841845,-0.0511031588413769,-0.05112637064278,-0.0511465732199051,-0.0511637530091322,-0.0511778966534452,-0.0511889910038378,-0.0511970231203947,-0.051201980273056,-0.0512038499420705,-0.0512026198181477,-0.0511982778023152,-0.051190812005491,-0.0511802107477813,-0.0511664625575138,-0.0511495561700196,-0.0511294805261722,-0.0511062247706989,-0.0510797782502727,-0.0510501305114052,-0.0510172712981545,-0.050981190549668,-0.0509418783975784,-0.0508993251632655,-0.0508535213550012,-0.0508044576650007,-0.0507521249663959,-0.0506965143101521,-0.0506376169219477,-0.0505754241990349,-0.0505099277071029,-0.0504411191771639,-0.0503689905024845,-0.0502935337355811,-0.0502147410853028,-0.0501326049140206,-0.0500471177349416,-0.0499582722095666,-0.049866061145315,-0.0497704774933353,-0.0496715143465252,-0.0495691649377785,-0.049463422638482,-0.0493542809572801,-0.0492417335391277,-0.0491257741646488,-0.0490063967498197,-0.0488835953459928,-0.0487573641402753,-0.0486276974562793,-0.0484945897552606,-0.0483580356376597,-0.0482180298450624,-0.0480745672625913,-0.0479276429217415,-0.0477772520036699,-0.0476233898429484,-0.0474660519317902,-0.0473052339247598,-0.0471409316439722,-0.0469731410847905,-0.0468018584220299,-0.0466270800166711,-0.0464488024230865,-0.0462670223967788,-0.0460817369026381,-0.045892943123711,-0.0457006384704795,-0.0455048205906527,-0.0453054873794683,-0.045102636990498,-0.0448962678469511,-0.0446863786534698,-0.0444729684084076,-0.0442560364165814,-0.0440355823024898,-0.0438116060239837,-0.0435841078863754,-0.0433530885569736,-0.0431185490800252,-0.0428804908920515,-0.0426389158375618,-0.0423938261851253,-0.0421452246437838,-0.0418931143797825,-0.041637499033597,-0.0413783827372349,-0.0411157701317871,-0.0408496663852073,-0.0405800772102903,-0.0403070088828278,-0.040030468259917,-0.0397504627983941,-0.0394670005733648,-0.0391800902968055,-0.0388897413362049,-0.0385959637332204,-0.0382987682223163,-0.0379981662493529,-0.0376941699900949,-0.0373867923686056,-0.0370760470754963,-0.0367619485859962,-0.0364445121778154,-0.0361237539487657,-0.0357996908341079,-0.0354723406235895,-0.0351417219781402,-0.0348078544461916,-0.0344707584795875,-0.0341304554490513,-0.0337869676591737,-0.0334403183628892,-0.0330905317754082,-0.0327376330875738,-0.0323816484786112,-0.0320226051282365,-0.0316605312280916,-0.0312954559924728,-0.0309274096683203,-0.0305564235444399,-0.030182529959927,-0.0298057623117613,-0.0294261550615473,-0.0290437437413689,-0.0286585649587299,-0.0282706564005541,-0.0278800568362227,-0.0274868061196201,-0.0270909451901624,-0.0266925160727859,-0.0262915618768727,-0.0258881267940916,-0.0254822560951362,-0.0250739961253405,-0.0246633942991543,-0.0242504990934629,-0.023835360039736,-0.0234180277149916,-0.022998553731561,-0.0225769907256443,-0.0221533923446474,-0.0217278132332952,-0.0213003090185122,-0.0208709362930662,-0.0204397525979702,-0.0200068164036417,-0.0195721870898187,-0.0191359249242349,-0.0186980910400563,-0.0182587474120847,-0.0178179568317333,-0.017375782880786,-0.0169322899039512,-0.0164875429802184,-0.0160416078930345,-0.0155945510993142,-0.0151464396973033,-0.0146973413933112,-0.0142473244673368,-0.0137964577376097,-0.013344810524075,-0.0128924526108469,-0.0124394542076594,-0.0119858859103446,-0.01153181866037,-0.0110773237034693,-0.0106224725474009,-0.010167336918872,-0.00971198871966602,-0.00925649998201596,-0.00880094282326363,-0.00834538939984977,-0.00788991186067911,-0.00743458229990731,-0.00697947270919738,-0.00652465492949591,-0.00607020060237985,-0.00561618112102617,-0.0051626675808576,-0.00470973072991835,-0.0042574409190352,-0.00380586805182065,-0.00335508153457611,-0.00290515022615406,-0.00245614238783837,-0.00200812563330301,-0.00156116687870989,-0.00111533229300705,-0.000670687248489603,-0.000227296271685664,0.000214777005369367,0.000655469893407113,0.00109472069368551,0.00153246874516945,0.00196865447106897,0.00240321942467132,0.00283610633440347,0.00326725914806133,0.00369662307614259,0.00412414463422014,0.00454977168429408,0.00497345347506059,0.00539514068103701,0.00581478544048285,0.00623234139205778,0.00664776371015769,0.00706100913887133,0.00747203602450071,0.00788080434659028,0.00828727574741192,0.00869141355985381,0.00909318283366283,0.00949255035999087,0.00988948469419784,0.0102839561768661,0.0106759369529818,0.011065400989241,0.0114523240894411,0.0118366839079219,0.0122184599610211,0.0125976336365114,0.0129741882009888,0.013348108805185,0.0137193824871798,0.0140879981734905,0.0144539466780194,0.0148172206988415,0.0151778148128197,0.015535725468035,0.015890950974026,0.01624349148983,0.0165933490098252,0.0169405273473755,0.0172850321162841,0.0176268707100635,0.0179660522790312,0.0183025877052491,0.0186364895753232,0.0189677721510874,0.0192964513381955,0.0196225446526526,0.0199460711853154,0.0202670515643957,0.0205855079160047,0.0209014638227814,0.0212149442806525,0.0215259756537712,0.0218345856276854,0.0221408031607915,0.0224446584341322,0.0227461827996028,0.0230454087266271,0.0233423697473732,0.0236371004005775,0.0239296361740518,0.0242200134459505,0.0245082694248743,0.0247944420888941,0.0250785701235764,0.025360692859097,0.025640850206531,0.0259190825934097,0.0261954308986339,0.0264699363868383,0.0267426406423012,0.0270135855024988,0.0272828129913984,0.0275503652525906,0.0278162844823605,0.0280806128627953,0.0283433924950297,0.0286046653327271,0.0288644731158974,0.0291228573051527,0.0293798590165002,0.0296355189567709,0.029889877359778,0.0301429739233014,0.0303948477469938,0.0306455372713051,0.0308950802175158,0.0311435135289697,0.0313908733135938,0.0316371947877924,0.0318825122218024,0.0321268588865869,0.032370267002345,0.0326127676887185,0.0328543909167675,0.0330951654627867,0.033335118864029,0.0335742773763978,0.03381266593417,0.0340503081118041,0.0342872260878856,0.0345234406112576,0.0347589709693798,0.0349938349589604,0.0352280488588964,0.035461627405558,0.0356945837704448,0.0359269295402402,0.036158674699282,0.036389827614465,0.0366203950225914,0.0368503820201748,0.0370797920557012,0.0373086269243477,0.0375368867651526,0.0377645700606302,0.0379916736388191,0.0382181926777478,0.0384441207123,0.0386694496434511,0.0388941697498491,0.0391182697017109,0.039341736577002,0.0395645558798607,0.0397867115612206,0.0400081860415888,0.0402289602359354,0.0404490135806408,0.0406683240624491,0.0408868682493695,0.0411046213234663,0.0413215571154721,0.0415376481411611,0.041752865639415,0.0419671796119123,0.04218055886437,0.0423929710492697,0.0426043827099927,0.0428147593262883,0.0430240653609976,0.0432322643079533,0.0434393187409721,0.0436451903638626,0.0438498400613674,0.0440532279509545,0.0442553134353751,0.044456055255902,0.0446554115461672,0.0448533398865144,0.045049797358783,0.045244740601436,0.0454381258649516,0.0456299090673934,0.045820045850079,0.0460084916332635,0.046195201671755,0.0463801311103787,0.046563235039211,0.0467444685485057,0.0469237867832354,0.0471011449971744,0.0472764986064439,0.0474498032424481,0.0476210148041317,0.0477900895094915,0.0479569839462691,0.0481216551217638,0.0482840605116995,0.0484441581080828,0.0486019064659934,0.0487572647492503,0.0489101927748999,0.049060651056474,0.0492086008459656,0.0493540041744704,0.0494968238914499,0.0496370237025751,0.0497745682061084,0.0499094229277887,0.0500415543541836,0.0501709299644811,0.0502975182606911,0.0504212887962284,0.050542212202854,0.0506602602159528,0.0507754056981372,0.0508876226611589,0.050996886286116,0.0511031729419435,0.0512064602021774,0.0513067268599937,0.0514039529415172,0.0514981197174007,0.0515892097126742,0.0516772067148736,0.0517620957804605,0.0518438632395405,0.0519224966988945,0.0519979850433375,0.0520703184354223,0.0521394883135073,0.0522054873882116,0.0522683096372754,0.0523279502988578,0.0523844058633046,0.0524376740634106,0.0524877538632122,0.0525346454453414,0.0525783501969774,0.05261887069443,0.0526562106863938,0.0526903750759071,0.052721369901058,0.0527492023144805,0.0527738805616807,0.0527954139582376,0.0528138128659191,0.0528290886677598,0.0528412537421512,0.0528503214359868,0.0528563060369099,0.0528592227447132,0.0528590876419415,0.0528559176637482,0.0528497305670517,0.0528405448990496,0.05282837996514,0.0528132557962979,0.0527951931159507,0.0527742133064081,0.0527503383749096,0.0527235909193353,0.0526939940936305,0.0526615715729939,0.0526263475188778,0.0525883465438483,0.0525475936763608,0.052504114325501,0.052457934245744,0.0524090795017809,0.0523575764334566,0.0523034516208587,0.0522467318495999,0.052187444076341,0.0521256153946033,0.0520612730009148,0.0519944441613316,0.0519251561783791,0.051853436358458,0.0517793119797501,0.0517028102606658,0.0516239583288681,0.0515427831909112,0.0514593117025256,0.0513735705395891,0.0512855861698119,0.0511953848251675,0.0511029924751032,0.0510084348005579,0.0509117371688162,0.0508129246092237,0.0507120217897891,0.0506090529946973,0.0505040421027528,0.0503970125667748,0.0502879873939575,0.0501769891272132,0.0500640398275118,0.049949161057234,0.0498323738645516,0.0497136987688434,0.0495931557471557,0.0494707642217126,0.0493465430484839,0.0492205105068132,0.0490926842901168,0.0489630814976522,0.0488317186273536,0.0486986115697335,0.0485637756028432,0.0484272253882933,0.0482889749683257,0.0481490377639355,0.048007426574034,0.0478641535756443,0.0477192303251198,0.0475726677603727,0.0474244762040978,0.0472746653679766,0.0471232443578449,0.0469702216798096,0.0468156052472951,0.0466594023890022,0.0465016198577601,0.0463422638402516,0.0461813399675883,0.0460188533267126,0.0458548084726051,0.0456892094412717,0.0455220597634855,0.0453533624792562,0.0451831201530001,0.04501133488939,0.0448380083498576,0.0446631417697171,0.0444867359758816,0.044308791405147,0.0441293081230122,0.0439482858430058,0.0437657239464911,0.043581621502918,0.043395977290497,0.0432087898172684,0.0430200573425294,0.0428297778985914,0.0426379493128382,0.0424445692300545,0.0422496351349947,0.0420531443751602,0.0418550941837569,0.0416554817028055,0.0414543040063744,0.0412515581239049,0.0410472410636018,0.0408413498358634,0.0406338814767222,0.0404248330712673,0.0402142017770212,0.0400019848472453,0.0397881796541497,0.0395727837119831,0.0393557946999732,0.0391372104850991,0.0389170291446682,0.0386952489886703,0.0384718685818861,0.0382468867657308,0.0380203026798116,0.0377921157831797,0.0375623258752609,0.0373309331164415,0.0370979380482893,0.0368633416133921,0.0366271451747906,0.0363893505349917,0.0361499599545475,0.0359089761701833,0.0356664024124586,0.0354222424229479,0.0351765004709264,0.0349291813695471,0.0346802904914947,0.0344298337841022,0.0341778177839242,0.0339242496307595,0.0336691370811079,0.0334124885210504,0.0331543129785463,0.0328946201351421,0.0326334203370851,0.0323707246058374,0.0321065446479849,0.0318408928645322,0.0315737823595792,0.0313052269483768,0.0310352411647564,0.0307638402679334,0.0304910402486828,0.0302168578348926,0.0299413104964884,0.029664416449734,0.0293861946609038,0.029106664849331,0.0288258474898316,0.0285437638145106,0.0282604358139521,0.0279758862377973,0.0276901385947112,0.0274032171517369,0.0271151469330435,0.026825953718077,0.0265356640391167,0.0262443051782461,0.0259519051637422,0.025658492765892,0.0253640974922417,0.025068749582288,0.0247724800016159,0.0244753204354906,0.0241773032819097,0.0238784616441248,0.0235788293226431,0.0232784408067153,0.0229773312653203,0.0226755365376538,0.0223730931231292,0.0220700381709018,0.0217664094689282,0.0214622454325672,0.0211575850927306,0.0208524680835926,0.0205469346298678,0.0202410255336665,0.0199347821609377,0.0196282464275073,0.0193214607847225,0.0190144682047135,0.0187073121652821,0.018400036634428,0.0180926860545211,0.0177853053261262,0.0174779397914926,0.0171706352177162,0.0168634377795838,0.0165563940421079,0.016249550942764,0.0159429557734366,0.0156366561620858,0.0153307000541418,0.0150251356936369,0.014720011604085,0.0144153765691165,0.0141112796128766,0.0138077699801966,0.0135048971165461,0.0132027106477757,0.0129012603596576,0.0126005961772334,0.0123007681439772,0.0120018264007842,0.0117038211647928,0.0114068027080499,0.0111108213360299,0.010815927366015,0.0105221711053457,0.0102296028295527,0.00993827276037873,0.00964823104370154,0.00935952772736677,0.00907221273894129,0.00878633586339673,0.00850194672073372,0.00821909474355747,0.00793782915461563,0.00765819894430902,0.00738025284818651,0.0071040393244358,0.00682960653138185,0.00655700230500445,0.00628627413648761,0.00601746914981318,0.00575063407941201,0.00548581524788551,0.00522305854381023,0.00496240939963945,0.00470391276971583,0.00444761310840892,0.00419355434839136,0.00394177987906848,0.00369233252517582,0.00344525452555964,0.00320058751215567,0.00295837248918104,0.00271864981255463,0.00248145916956098,0.00224683955877373,0.00201482927025413,0.00178546586604067,0.0015587861609454,0.00133482620367255,0.00111362125827496,0.000895205785964304,0.000679613427290834,0.000466876984708365,0.000257028405539939,5.00987653594913e-05,-0.000153881748195311,-0.00035488385116407,-0.000552879178543782,-0.000747840299093615,-0.00093974072965013,-0.00112855494893905,-0.00131425841087003,-0.00149682755730122,-0.00167623983026102,-0.00185247368361468,-0.00202550859416387,-0.00219532507216799,-0.00236190467127647,-0.00252522999786165,-0.00268528471974248,-0.00284205357428971,-0.00299552237590439,-0.00314567802286199,-0.0032925085035149,-0.00343600290184672,-0.00357615140237282,-0.00371294529438179,-0.00384637697551341,-0.0039764399546697,-0.0041031288542556,-0.00422643941174741,-0.00434636848058732,-0.00446291403040329,-0.00457607514655451,-0.00468585202900284,-0.00479224599051208,-0.00489525945417777,-0.00499489595029063,-0.00509116011253718,-0.00518405767354206,-0.00527359545975706,-0.00535978138570283,-0.00544262444756961,-0.00552213471618441,-0.00559832332935277,-0.00567120248358366,-0.0057407854252065,-0.00580708644089038,-0.00587012084757626,-0.00592990498183276,-0.00598645618864716,-0.00603979280966362,-0.00608993417088124,-0.00613690056982502,-0.00618071326220318,-0.00622139444806501,-0.00625896725747362,-0.00629345573570802,-0.00632488482800956,-0.00635328036388808,-0.00637866904100341,-0.00640107840863818,-0.00642053685077783,-0.00643707356881425,-0.00645071856388964,-0.00646150261889675,-0.00646945728015249,-0.00647461483876159,-0.00647700831168696,-0.00647667142254359,-0.00647363858213229,-0.00646794486872978,-0.00645962600815217,-0.00644871835360861,-0.00643525886536081,-0.00641928509020484,-0.00640083514079073,-0.00637994767479589,-0.00635666187396765,-0.00633101742304995,-0.00630305448860867,-0.00627281369777015,-0.00624033611688673,-0.00620566323014426,-0.00616883691812491,-0.00612989943633845,-0.0060888933937345,-0.00604586173120786,-0.00600084770010885,-0.00595389484077025,-0.00590504696106188,-0.00585434811498322,-0.00580184258130406,-0.00574757484226266,-0.00569158956233015,-0.00563393156704966,-0.00557464582195826,-0.00551377741159928,-0.00545137151863239,-0.00538747340304827,-0.00532212838149425,-0.00525538180671696,-0.00518727904712748,-0.00511786546649437,-0.00504718640376906,-0.0049752871530479,-0.00490221294367467,-0.00482800892048681,-0.00475272012420897,-0.00467639147199646,-0.00459906773813163,-0.00452079353487531,-0.00444161329347562,-0.00436157124533632,-0.0042807114033463,-0.00419907754337214,-0.00411671318591488,-0.00403366157793198,-0.00394996567482579,-0.00386566812259936,-0.0037808112401808,-0.00369543700191721,-0.00360958702023895,-0.00352330252849522,-0.0034366243639618,-0.00334959295102254,-0.00326224828452537,-0.00317462991331439,-0.00308677692393949,-0.00299872792454527,-0.00291052102894131,-0.00282219384085596,-0.00273378343837615,-0.00264532635857548,-0.00255685858233396,-0.0024684155193525,-0.00238003199336597,-0.00229174222755863,-0.0022035798301865,-0.00211557778041124,-0.00202776841435035,-0.00194018341134926,-0.00185285378048105,-0.00176580984728047,-0.00167908124071893,-0.00159269688042783,-0.00150668496417752,-0.00142107295562044,-0.00133588757230672,-0.00125115477398138,-0.00116689975117265,-0.00108314691408119,-0.000999919881780712,-0.000917241471740783,-0.000835133689683074,-0.000753617719782687,-0.000672713915226616,-0.000592441789141866,-0.000512820005906045,-0.000433866372853614,-0.000355597832391356,-0.00027803045453691,-0.000201179429894559,-0.000125059063082665,-4.96827666274264e-05,2.49369446621043e-05,9.87884588226831e-05,0.000171861071353956,0.000244144989308598,0.000315631334840025,0.00038631214819218,0.000456180390115834,0.000525229943695896,0.00059345561557427,0.000660853136552882,0.000727419161561582,0.000793151268975887,0.000858047959269697,0.00092210865298835,0.00098533368802768,0.00104772431620517,0.00110928269910959,0.00117001190321591,0.00122991589425277,0.00128899953081029,0.00134726855717683,0.00140472959539339,0.00146139013651543,0.00151725853107233,0.0015723439787154,0.00162665651704633,0.0016802070096187,0.00173300713310604,0.00178506936363073,0.00183640696224905,0.00188703395958848,0.00193696513963448,0.00198621602266485,0.00203480284733087,0.0020827425518856,0.00213005275456088,0.00217675173309568,0.00222285840341955,0.00226839229749626,0.00231337354033395,0.00235782282616932,0.00240176139383429,0.00244521100131537,0.00248819389951686,0.00253073280524071,0.00257285087339701,0.00261457166846002,0.00265591913518666,0.00269691756861542,0.00273759158336496,0.00277796608225308,0.00281806622425838,0.0028579173918476,0.00289754515769361,0.00293697525081022,0.00297623352213123,0.00301534590956241,0.00305433840253599,0.00309323700609945,0.003132067704571,0.00317085642479563,0.00320962899903631,0.00324841112753677,0.00328722834079306,0.00332610596157267,0.00336506906672064,0.00340414244879365,0.00344335057756367,0.00348271756143384,0.0035222671088109,0.00356202248947825,0.00360200649601477,0.00364224140530575,0.00368274894019224,0.00372355023130646,0.00376466577914191,0.00380611541640735,0.00384791827071417,0.00389009272764703,0.00393265639426796,0.00397562606310465,0.00401901767667373,0.00406284629259043,0.00410712604931564,0.00415187013259189,0.00419709074261982,0.00424279906202662,0.0042890052246773,0.00433571828537981,0.00438294619053422,0.00443069574977663,0.00447897260866726,0.00452778122247201,0.0045771248310858,0.00462700543514586,0.00467742377338175,0.00472837930124843,0.00477987017088757,0.00483189321246147,0.00488444391690244,0.0049375164201199,0.0049911034887059,0.00504519650717834,0.00509978546680018,0.00515485895601113,0.00521040415250683,0.00526640681699901,0.00532285128868778,0.0053797204824752,0.00543699588794806,0.00549465757015599,0.00555268417220881,0.00561105291971495,0.00566973962708083,0.00572871870568889,0.0057879631739696,0.00584744466938047,0.00590713346230281,0.00596699847186461,0.00602700728369542,0.00608712616961666,0.00614732010926866,0.00620755281367302,0.00626778675072629,0.00632798317261841,0.00638810214516651,0.006448102579052,0.0065079422629464,0.00656757789850829,0.00662696513723136,0.00668605861912015,0.00674481201316827,0.00680317805961122,0.00686110861392223,0.0069185546925172,0.00697546652013199,0.00703179357883304,0.00708748465861882,0.00714248790956751,0.00719675089548338,0.00725022064899064,0.00730284372802273,0.00735456627365188,0.007405334069201,0.00745509260057746,0.00750378711776577,0.00755136269741391,0.00759776430644554,0.00764293686662831,0.00768682532002564,0.00772937469525761,0.00777053017449512,0.00781023716110926,0.00784844134789629,0.00788508878579631,0.00792012595302211,0.00795349982451276,0.00798515794162538,0.00801504848197717,0.00804312032934832,0.00806932314355534,0.00809360743020328,0.00811592461022499,0.00813622708911554,0.00815446832576804,0.00817060290081626,0.00818458658438985,0.00819637640318779,0.0082059307067752,0.00821320923300886,0.00821817317249647,0.00822078523199464,0.008221009696651,0.00821881249099742,0.00821416123860378,0.00820702532030138,0.00819737593088537,0.00818518613420747,0.00817043091657157,0.00815308723834588,0.00813313408370704,0.00811055250843357,0.00808532568566751,0.0080574389495662,0.00802687983676796,0.00799363812559829,0.00795770587294553,0.00791907744873761,0.00787774956795293,0.00783372132010245,0.00778699419612197,0.00773757211261887,0.00768546143341945,0.00763067098836794,0.00757321208933054,0.00751309854336086,0.00745034666298725,0.00738497527358677,0.00731700571781381,0.00724646185705516,0.00717337006988757,0.00709775924751817,0.00701966078619245,0.00693910857655847,0.00685613898998043,0.00677079086179865,0.00668310547153726,0.00659312652006535,0.00650090010372187,0.00640647468541902,0.00630990106274336,0.00621123233307765,0.00611052385577073,0.00600783321138753,0.00590322015807592,0.0057967465850905,0.0056884764635181,0.00557847579425414,0.00546681255328309,0.00535355663432068,0.00523877978887899,0.00512255556381995,0.00500495923646611,0.0048860677473418,0.00476595963062112,0.00464471494236279,0.00452241518661533,0.00439914323947994,0.00427498327122134,0.00415002066652042,0.00402434194296486,0.00389803466787748,0.00377118737358375,0.00364388947122323,0.00351623116321173,0.00338830335446368,0.0032601975624859,0.00313200582645592,0.00300382061539984,0.00287573473558633,0.00274784123725443,0.0026202333207945,0.0024930042425025,0.00236624722002887,0.00224005533764356,0.00211452145143926,0.00198973809459536,0.00186579738282517,0.00174279092012892,0.0016208097049748,0.00149994403702951,0.00138028342455976,0.00126191649262472,0.00114493089217896,0.00102941321020355,0.000915448880982109,0.000803122098636676,0.00069251573103672,0.000583711235192489,0.000476788574241951,0.000371826136138273,0.000268900654142289,0.000168087129221881,6.94587544574687e-05,-2.69131584501891e-05,-0.000120959250476651,-0.00021261218428489,-0.00030180671086412,-0.000388479733713076,-0.000472570370488028,-0.000554020012039506,-0.000632772378765444,-0.000708773574212343,-0.000781972135860011,-0.000852319083029507,-0.000919767961858112,-0.000984274887289299,-0.00104579858202998,-0.00110430041243165,-0.00115974442125621,-0.00121209735729196,-0.00126132870178937,-0.00130741069169113,-0.00135031833963507,-0.00139002945071353,-0.00142652463597673,-0.00145978732267263,-0.00148980376121989,-0.00151656302891538,-0.00154005703038193,-0.00156028049476654,-0.00157723096970331,-0.00159090881206012,-0.00160131717549233,-0.00160846199483082,-0.00161235196733598,-0.00161299853085348,-0.00161041583891163,-0.00160462073280415,-0.00159563271070573,-0.00158347389387204,-0.00156816898997923,-0.00154974525366198,-0.00152823244431238,-0.00150366278120544,-0.00147607089602038,-0.00144549378282958,-0.00141197074563086,-0.00137554334350127,-0.00133625533345341,-0.00129415261107827,-0.0012492831490607,-0.0012016969336565,-0.00115144589922219,-0.0010985838608908,-0.00104316644548911,-0.000985251020793402,-0.000924896623222815,-0.000862163884071062,-0.00079711495437851,-0.000729813428547992,-0.000660324266808825,-0.000588713716634561,-0.000515049233220839,-0.000439399399130514,-0.000361833843213748,-0.00028242315891112,-0.000201238822048128,-0.000118353108229565,-3.38390099421793e-05,5.22298465260997e-05,0.000139779284242493,0.000228734658753803,0.000319020941072124,0.000410562800415781,0.000503284686600351,0.000597110911975662,0.00069196573280589,0.000787773429991173,0.000884458389030585,0.000981945179127913,0.00108015863134345,0.0011790239156968,0.00127846661712772,0.00137841281022405,0.00147878913262807,0.00157952285703498,0.00168054196169958,0.00178177519936976,0.00188315216456826,0.00198460335914695,0.00208606025604018,0.00218745536114754,0.00228872227327865,0.00238979574209636,0.00249061172399754,0.00259110743587386,0.00269122140669887,0.00279089352689038,0.00289006509540124,0.00298867886449462,0.00308667908216394,0.00318401153216105,0.00328062357160009,0.00337646416610845,0.00347148392249931,0.00356563511894405,0.00365887173262705,0.00375114946486928,0.00384242576371054,0.00393265984394415,0.00402181270460111,0.00410984714388536,0.00419672777156525,0.00428242101883043,0.00436689514562634,0.00445012024548248,0.00453206824785426,0.00461271291800182,0.00469202985443229,0.0047699964839359,0.0048465920542507,0.00492179762439284,0.00499559605269287,0.00506797198258132,0.00513891182617114,0.0052084037456874,0.00527643763279708,0.00534300508589464,0.00540809938540132,0.0054717154671394,0.00553384989384549,0.00559450082488891,0.00565366798426397,0.0057113526269265,0.00576755750354739,0.00582228682375791,0.0058755462179631,0.00592734269780144,0.00597768461533061,0.00602658162102033,0.00607404462063429,0.00612008573108485,0.00616471823534444,0.00620795653649957,0.00624981611103302,0.00629031346142048,0.00632946606812894,0.00636729234110386,0.00640381157083223,0.0064390438790682,0.00647301016930784,0.00650573207709974,0.00653723192027722,0.00656753264919754,0.00659665779707267,0.0066246314304753,0.00665147810010266,0.00667722279187875,0.00670189087847409,0.00672550807132139,0.00674810037320349,0.00676969403148813,0.006790315492082,0.00680999135417535,0.00682874832584599,0.00684661318058818,0.00686361271483022,0.00687977370650073,0.00689512287470215,0.00690968684054749,0.00692349208921276,0.0069365649332547,0.00694893147724019,0.00696061758373006,0.0069716488406576,0.00698205053013851,0.00699184759874549,0.00700106462927725,0.0070097258140488,0.007017854929726,0.00702547531372408,0.0070326098421855,0.00703928090954927,0.00704551040972037,0.00705131971884412,0.00705672967968618,0.00706176058761585,0.00706643217818712,0.00707076361630738,0.00707477348698015,0.00707847978760506,0.0070818999218146,0.00708505069482366,0.00708794831026464,0.00709060836847788,0.00709304586622403,0.00709527519778122,0.00709731015738654,0.00709916394297893,0.00710084916119796,0.0071023778335897,0.00710376140396823,0.00710501074687967,0.00710613617711308,0.00710714746020097,0.00710805382384904,0.00710886397023477,0.00710958608911257,0.00711022787166147,0.00711079652501019,0.00711129878737352,0.0071117409437332,0.00711212884199605,0.00711246790956143,0.00711276317023059,0.00711301926139038,0.00711324045140329,0.00711343065713744,0.00711359346157035,0.0071137321314015,0.00711384963460972,0.00711394865789343,0.0071140316239331,0.00711410070841744,0.00711415785677735,0.00711420480057328,0.00711424307348528,0.00711427402685733,0.00711429884475028,0.00711431855846183,0.00711433406047533,0.00711434611780241,0.00711435538468924,0.00711436241465907,0.00711436767186781,0.00711437154175411,0.00711437434097008,0.00711437632658299,0.00711437770454346,0.00711437863742069,0.00711437925141005,0.00711437964262334,0.00711437988267672,0.00711438002359651,0.00331868242764553,0.00332530244618059,0.00333161471465601,0.00333760416953046,0.00334325584466005,0.00334855489019371,0.00335348659152409,0.0033580363882669,0.00336218989324078,0.00336593291141964,0.00336925145882907,0.00337213178135847,0.00337456037346028,0.00337652399670734,0.00337800969817946,0.00337900482865012,0.00337949706054452,0.00337947440564044,0.00337892523248302,0.00337783828348478,0.00337620269168298,0.00337400799712666,0.0033712441628654,0.00336790159051276,0.00336397113535791,0.00335944412099886,0.00335431235347205,0.00334856813485377,0.00334220427630949,0.0033352141105678,0.00332759150379636,0.00331933086685825,0.00331042716592885,0.00330087593245306,0.00329067327242484,0.00327981587497182,0.00326830102022867,0.00325612658648428,0.00324329105658902,0.00322979352360894,0.00321563369571568,0.00320081190030225,0.00318532908731665,0.00316918683180565,0.00315238733566308,0.00313493342857771,0.00311682856817794,0.00309807683937116,0.00307868295287762,0.00305865224296,0.00303799066435101,0.00301670478838313,0.00299480179832584,0.0029722894839368,0.0029491762352356,0.00292547103550906,0.00290118345355906,0.00287632363520491,0.00285090229405344,0.00282493070155143,0.00279842067633619,0.00277138457290127,0.00274383526959536,0.00271578615597309,0.00268725111951823,0.0026582445317601,0.0026287812338053,0.00259887652130716,0.00256854612889689,0.00253780621410092,0.00250667334076966,0.00247516446204336,0.00244329690288111,0.00241108834218007,0.00237855679451192,0.0023457205915047,0.0023125983628982,0.00227920901730088,0.00224557172267715,0.00221170588659339,0.00217763113625184,0.00214336729834128,0.0021089343787332,0.00207435254205245,0.00203964209115091,0.00200482344651309,0.00196991712562191,0.0019349437223125,0.0018999238861418,0.00186487830180126,0.00182982766859965,0.00179479268004219,0.00175979400353241,0.00172485226022208,0.00168998800503429,0.0016552217068838,0.00162057372911848,0.00158606431020471,0.00155171354467935,0.00151754136438989,0.00148356752004364,0.00144981156308623,0.00141629282792861,0.00138303041454142,0.00135004317143443,0.00131734967903826,0.0012849682335046,0.00125291683094028,0.00122121315208968,0.00118987454747926,0.00115891802303702,0.00112836022619918,0.00109821743251493,0.00106850553275995,0.00103924002056782,0.00101043598058821,0.000982108077179665,0.00095427054364403,0.000926937172008743,0.000900121303362284,0.000873835818747362,0.000848093130615593,0.000822905174846728,0.000798283403334613,0.000774238777141393,0.00075078176022068,0.000727922313709729,0.000705669890789979,0.000684033432114585,0.000663021361800812,0.000642641583984591,0.000622901479933989,0.000603807905717684,0.000585367190423884,0.000567585134924604,0.000550467011179736,0.000534017562074724,0.000518241001785159,0.00050314101666111,0.000488720766623485,0.000474982887064386,0.000461929491242936,0.000449562173167612,0.000437882010955795,0.000426889570660877,0.0004165849105569,0.000406967585870371,0.000398036653948589,0.000389790679853562,0.000382227742370355,0.000375345440418352,0.000369140899853721,0.000363610780651174,0.000358751284452927,0.0003545581624726,0.000351026723741631,0.000348151843685575,0.000345927973017626,0.000344349146936518,0.000343408994615883,0.000343100748972063,0.000343417256697318,0.000344350988545356,0.000345894049856008,0.000348038191305901,0.000350774819871928,0.000354095009994353,0.00035798951492636,0.000362448778256931,0.000367462945593899,0.000373021876394097,0.000379115155927638,0.000385732107363405,0.000392861803962833,0.000400493081369181,0.000408614549979576,0.00041721460738717,0.000426281450880891,0.000435803089990337,0.000445767359063516,0.000456161929865156,0.000466974324183445,0.000478191926433247,0.000489801996243925,0.000501791681020064,0.000514148028463458,0.000526857999044894,0.000539908478414453,0.000553286289739104,0.000566978205956567,0.000580970961934537,0.000595251266524476,0.00060980581449946,0.000624621298365729,0.000639684420037675,0.000654981902366254,0.000670500500510998,0.00068622701314599,0.000702148293490302,0.000718251260153669,0.000734522907788351,0.000750950317538405,0.000767520667277808,0.000784221241629063,0.000801039441754234,0.000817962794910615,0.000834978963763439,0.00085207575544834,0.000869241130376516,0.000886463210775897,0.000903730288961933,0.000921030835331959,0.000938353506077321,0.000955687150607792,0.000973020818683098,0.000990343767246702,0.00100764546695738,0.00102491560841455,0.00104214410807357,0.00105932111384767,0.00107643701039359,0.00109348242407819,0.00111044822762402,0.00112732554443176,0.00114410575257827,0.00116078048848904,0.00117734165028431,0.00119378140079875,0.00121009217027483,0.00122626665873051,0.00124229783800194,0.00125817895346278,0.00127390352542166,0.00128946535020004,0.001304858500893,0.00132007732781564,0.0013351164586386,0.00134997079821605,0.00136463552811047,0.00137910610581842,0.00139337826370208,0.00140744800763161,0.00142131161534381,0.00143496563452288,0.00144840688060926,0.0014616324343428,0.00147463963904685,0.00148742609766046,0.00149998966952568,0.00151232846693753,0.00152444085146431,0.00153632543004615,0.00154798105087984,0.00155940679909831,0.00157060199225341,0.00158156617561061,0.00159229911726445,0.00160280080308358,0.00161307143149468,0.00162311140811444,0.00163292134023895,0.00164250203119984,0.00165185447459652,0.00166097984841393,0.00166987950903536,0.00167855498516008,0.00168700797163537,0.00169524032321235,0.001703254048235,0.00171105130227199,0.00171863438170034,0.00172600571725083,0.00173316786752418,0.00174012351248732,0.00174687544695863,0.00175342657409116,0.00175977989886241,0.00176593852157937,0.00177190563140731,0.00177768449993077,0.00178327847475488,0.0017886909731547,0.00179392547578036,0.00179898552042523,0.00180387469586464,0.00180859663577207,0.00181315501271967,0.00181755353226972,0.00182179592716334,0.00182588595161258,0.00182982737570191,0.00183362397990412,0.00183727954971605,0.00184079787041916,0.00184418272196965,0.00184743787402247,0.0018505670810934,0.00185357407786306,0.00185646257462649,0.00185923625289176,0.00186189876113063,0.00186445371068413,0.00186690467182556,0.0018692551699834,0.00187150868212588,0.00187366863330912,0.00187573839338999,0.00187772127390509,0.00187962052511676,0.00188143933322684,0.00188318081775885,0.00188484802910866,0.00188644394626372,0.00188797147469055,0.00188943344439028,0.00189083260812131,0.00189217163978818,0.00189345313299561,0.00189467959976648,0.00189585346942221,0.00189697708762401,0.00189805271557318,0.00189908252936824,0.00190006861951684,0.00190101299060004,0.00190191756108666,0.00190278416329451,0.00190361454349602,0.00190441036216521,0.00190517319436311,0.00190590453025808,0.00190660577577788,0.00190727825338991,0.0019079232030062,0.00190854178300944,0.00190913507139639,0.0019097040670347,0.00191024969102922,0.00191077278819382,0.00191127412862463,0.00191175440937034,0.00191221425619536,0.00191265422543135,0.00191307480591291,0.00191347642099289,0.00191385943063313,0.00191422413356621,0.00191457076952373,0.00191489952152641,0.00191521051823154,0.00191550383633303,0.00191577950300956,0.00191603749841606,0.00191627775821371,0.00191650017613429,0.00191670460657374,0.00191689086721059,0.00191705874164454,0.00191720798205083,0.0019173383118459,0.00191744942835973,0.0019175410055106,0.00191761269647793,0.00191766413636885,0.00191769494487385,0.00191770472890742,0.00191769308522943,0.00191765960304333,0.00191760386656709,0.00191752545757319,0.00191742395789365,0.00191729895188639,0.00191715002885929,0.00191697678544812,0.00191677882794508,0.00191655577457415,0.00191630725771003,0.00191603292603744,0.00191573244664778,0.00191540550707013,0.00191505181723384,0.00191467111135977,0.00191426314977812,0.00191382772066992,0.00191336464173,0.00191287376174891,0.00191235496211196,0.00191180815821311,0.00191123330078214,0.00191063037712334,0.00190999941226441,0.00190934047001416,0.0019086536539276,0.00190793910817747,0.00190719701833101,0.00190642761203137,0.00190563115958274,0.00190480797443882,0.00190395841359427,0.00190308287787891,0.00190218181215444,0.00190125570541381,0.00190030509078334,0.00189933054542823,0.00189833269036153,0.00189731219015738,0.0018962697525692,0.00189520612805364,0.00189412210920132,0.00189301853007586,0.00189189626546208,0.00189075623002489,0.00188959937738075,0.00188842669908337,0.00188723922352553,0.00188603801475861,0.00188482417123209,0.0018835988244553,0.00188236313758369,0.00188111830393183,0.00187986554541598,0.00187860611092881,0.00187734127464907,0.00187607233428906,0.00187480060928306,0.00187352743891945,0.00187225418041967,0.00187098220696716,0.00186971290568952,0.00186844767559734,0.00186718792548309,0.00186593507178348,0.00186469053640906,0.00186345574454473,0.00186223212242495,0.00186102109508712,0.00185982408410693,0.00185864250531971,0.0018574777665314,0.00185633126522335,0.0018552043862545,0.0018540984995648,0.00185301495788389,0.00185195509444898,0.00185092022073577,0.00184991162420631,0.00184893056607789,0.00184797827911681,0.00184705596546104,0.00184616479447527,0.00184530590064222,0.00184448038149416,0.0018436892955883,0.00184293366052998,0.00184221445104699,0.00184153259711878,0.00184088898216355,0.00184028444128698,0.00183971975959553,0.00183919567057775,0.00183871285455679,0.00183827193721696,0.00183787348820736,0.00183751801982531,0.00183720598578232,0.00183693778005522,0.00183671373582503,0.00183653412450573,0.00183639915486509,0.00183630897223956,0.00183626365784494,0.00183626322818473,0.00183630763455801,0.00183639676266823,0.00183653043233423,0.00183670839730473,0.00183693034517721,0.00183719589742208,0.00183750460951279,0.00183785597116254,0.00183824940666781,0.00183868427535911,0.00183915987215886,0.00183967542824634,0.00184023011182934,0.00184082302902183,0.00184145322482701,0.00184211968422494,0.00184282133336377,0.0018435570408533,0.00184432561915999,0.00184512582610154,0.00184595636643956,0.00184681589356837,0.0018477030112979,0.0018486162757285,0.00184955419721529,0.00185051524241948,0.00185149783644402,0.00185250036505056,0.00185352117695498,0.00185455858619828,0.00185561087458987,0.00185667629421962,0.00185775307003531,0.00185883940248168,0.00185993347019732,0.00186103343276553,0.00186213743351531,0.00186324360236817,0.00186435005872677,0.0018654549144009,0.00186655627656647,0.0018676522507528,0.00186874094385404,0.00186982046715981,0.00187088893940052,0.0018719444898024,0.00187298526114759,0.00187400941283443,0.00187501512393273,0.00187600059622939,0.00187696405725918,0.00187790376331615,0.00187881800244054,0.00187970509737636,0.00188056340849473,0.00188139133667805,0.00188218732615991,0.00188294986731607,0.00188367749940149,0.00188436881322886,0.00188502245378385,0.0018856371227722,0.00188621158109427,0.00188674465124229,0.00188723521961614,0.00188768223875323,0.00188808472946811,0.00188844178289747,0.00188875256244654,0.00188901630563312,0.0018892323258255,0.00188940001387036,0.00188951883960702,0.0018895883532648,0.00188960818674019,0.00188957805475095,0.00188949775586381,0.0018893671733933,0.00188918627616907,0.00188895511916925,0.00188867384401784,0.00188834267934389,0.00188796194100078,0.00188753203214361,0.00188705344316333,0.00188652675147625,0.00188595262116823,0.00188533180249248,0.00188466513122038,0.00188395352784481,0.00188319799663579,0.00188239962454843,0.00188155957998352,0.00188067911140115,0.00187975954578841,0.00187880228698185,0.00187780881384574,0.00187678067830747,0.00187571950325175,0.00187462698027544,0.00187350486730508,0.00187235498607936,0.00187117921949889,0.0018699795088457,0.00186875785087568,0.00186751629478668,0.00186625693906595,0.00186498192822045,0.00186369344939366,0.00186239372887292,0.00186108502849139,0.00185976964192872,0.00185844989091522,0.00185712812134412,0.00185580669929682,0.00185448800698611,0.0018531744386227,0.00185186839621063,0.00185057228527672,0.00184928851053996,0.00184801947152646,0.00184676755813609,0.00184553514616667,0.00184432459280194,0.00184313823206937,0.00184197837027433,0.00184084728141728,0.00183974720260037,0.00183868032943007,0.00183764881142235,0.0018366547474173,0.00183570018100996,0.00183478709600424,0.00183391741189654,0.00183309297939619,0.00183231557598942,0.00183158690155384,0.00183090857403022,0.00183028212515847,0.0018297089962846,0.00182919053424545,0.00182872798733778,0.00182832250137849,0.00182797511586246,0.0018276867602247,0.00182745825021317,0.00182729028437847,0.00182718344068672,0.0018271381732617,0.0018271548092624,0.00182723354590157,0.00182737444761092,0.00182757744335883,0.00182784232412628,0.00182816874054597,0.00182855620070978,0.00182900406814941,0.00182951155999488,0.00183007774531544,0.00183070154364712,0.00183138172371122,0.00183211690232767,0.00183290554352689,0.00183374595786364,0.00183463630193588,0.00183557457811201,0.00183655863446908,0.00183758616494469,0.00183865470970459,0.00183976165572805,0.00184090423761239,0.00184207953859856,0.00184328449181857,0.00184451588176588,0.00184577034598921,0.00184704437701004,0.00184833432446389,0.00184963639746534,0.00185094666719603,0.00185226106971477,0.00185357540898866,0.00185488536014355,0.00185618647293242,0.00185747417541971,0.00185874377787928,0.00185999047690352,0.00186120935972078,0.00186239540871785,0.00186354350616419,0.0018646484391339,0.00186570490462157,0.00186670751484732,0.00186765080274675,0.00186852922764065,0.0018693371810793,0.00187006899285616,0.00187071893718514,0.0018712812390357,0.00187175008061923,0.00187211960802044,0.00187238393796709,0.00187253716473117,0.00187257336715452,0.00187248661579137,0.00187227098016016,0.00187192053609667,0.00187142937320055,0.00187079160236699,0.00187000136339533,0.00186905283266576,0.00186794023087573,0.00186665783082687,0.00186519996525339,0.00186356103468294,0.00186173551532026,0.00185971796694448,0.00185750304081013,0.00185508548754238,0.00185246016501657,0.0018496220462121,0.00184656622703086,0.00184328793406999,0.00183978253233896,0.00183604553291071,0.00183207260049679,0.00182785956093651,0.00182340240858969,0.00181869731362307,0.0018137406291799,0.00180852889842282,0.0018030588614397,0.0017973274620023,0.00179133185416797,0.00178506940871459,0.00177853771939873,0.00177173460902721,0.00176465813533258,0.00175730659664296,0.00174967853733699,0.00174177275307447,0.00173358829579366,0.00172512447846639,0.0017163808796022,0.00170735734749312,0.00169805400419046,0.00168847124920564,0.00167860976292696,0.00166847050974518,0.00165805474088029,0.00164736399690272,0.00163640010994189,0.00162516520557574,0.00161366170439498,0.0016018923232362,0.00158986007607857,0.00157756827459906,0.00156502052838134,0.00155222074477428,0.00153917312839586,0.00152588218027949,0.00151235269665944,0.00149858976739281,0.00148459877401595,0.00147038538743357,0.00145595556523946,0.00144131554866807,0.00142647185917684,0.0014114312946593,0.00139620092529019,0.00138078808900368,0.00136520038660685,0.00134944567653096,0.00133353206922343,0.0013174679211842,0.00130126182865033,0.00128492262093372,0.00126845935341736,0.00125188130021595,0.00123519794650733,0.00121841898054157,0.00120155428533502,0.00118461393005745,0.00116760816112091,0.00115054739297934,0.0011334421986485,0.00111630329995658,0.0010991415575358,0.00108196796056642,0.00106479361628438,0.0010476297392647,0.00103048764049303,0.00101337871623841,0.000996314436740437,0.000979306334724716,0.000962365993760354,0.000945505036474076,0.000928735112635559,0.000912067887128909,0.000895515027825562,0.000879088193374092,0.000862799020922727,0.000846659113790465,0.000830680029102893,0.000814873265408948,0.000799250250294988,0.000783822328012626,0.000768600747136914,0.000753596648271459,0.000738821051817028,0.000724284845820216,0.000709998773918718,0.000695973423399709,0.000682219213387743,0.000668746383178463,0.000655564980734332,0.000642684851358452,0.000630115626562292,0.000617866713143013,0.000605947282485786,0.000594366260106168,0.000583132315447503,0.000572253851947937,0.000561738997391318,0.000551595594555944,0.000541831192174789,0.000532453036220389,0.000523468061527202,0.000514882883763757,0.000506703791766517,0.000498936740246927,0.000491587342882673,0.000484660865803617,0.000478162221482359,0.00047209596303881,0.000466466278967619,0.000461276988296746,0.000456531536184846,0.000452232989964551,0.000448384035638206,0.000444986974831899,0.000442043722212999,0.000439555803375728,0.000437524353198666,0.00043595011467746,0.00043483343823531,0.00043417428151308,0.000433972209640205,0.0004342263959869,0.000434935623397449,0.000436098285903669,0.000437712390916893,0.000439775561896193,0.000442285041489788,0.00044523769514592,0.000448630015188714,0.000452458125353897,0.000456717785778521,0.000461404398438213,0.00046651301302476,0.000472038333256122,0.000477974723610323,0.000484316216473989,0.000491056519695689,0.00049818902453355,0.000505706813986114,0.000513602671494704,0.000521869090004999,0.000530498281374969,0.000539482186115787,0.000548812483451761,0.000558480601684849,0.000568477728848816,0.000578794823637672,0.0005894226265925,0.000600351671530388,0.000611572297198826,0.000623074659138588,0.000634848741737788,0.000646884370459462,0.000659171224224791,0.000671698847933801,0.000684456665105242,0.000697433990617065,0.000710620043528906,0.000724003959967835,0.000737574806058495,0.000751321590878732,0.000765233279421828,0.000779298805546511,0.000793507084895966,0.000807847027767142,0.000822307551911807,0.000836877595250963,0.00085154612848441,0.000866302167577442,0.000881134786106905,0.000896033127449124,0.000910986416792599,0.000925983972958699,0.000941015220013843,0.000956069698657155,0.000971137077367949,0.000986207163297916,0.00100126991289329,0.00101631544223281,0.00103133403706766,0.00104631616255031,0.00106125247263947,0.00107613381916922,0.00109095126057094,0.00110569607023702,0.00112035974451626,0.00113493401033119,0.00114941083240829,0.001163782420113,0.00117804123388152,0.00119217999124272,0.00120619167242359,0.00122006952553252,0.00123380707131554,0.00124739810748106,0.00126083671258947,0.00127411724950479,0.00128723436840621,0.00130018300935781,0.00131295840443577,0.00132555607941289,0.00133797185500094,0.00135020184765199,0.00136224246992041,0.00137409043038847,0.00138574273315844,0.00139719667691511,0.00140844985356321,0.00141950014644467,0.00143034572814157,0.00144098505787099,0.00145141687847873,0.00146164021303917,0.00147165436106916,0.00148145889436463,0.00149105365246883,0.00150043873778175,0.00150961451032085,0.00151858158214333,0.00152734081144115,0.00153589329631998,0.00154424036827406,0.00155238358536892,0.00156032472514457,0.00156806577725203,0.00157560893583609,0.0015829565916778,0.00159011132411051,0.00159707589272324,0.00160385322886567,0.00161044642696904,0.00161685873569744,0.00162309354894436,0.00162915439668902,0.00163504493572753,0.00164076894029365,0.00164633029258422,0.00165173297320446,0.00165698105154825,0.00166207867612842,0.00166703006487192,0.00167183949539475,0.00167651129527139,0.00168104983231345,0.00168545950487222,0.0016897447321792,0.0016939099447392,0.00169795957478967,0.00170189804684019,0.0017057297683056,0.001709459120246,0.00171309044822645,0.00171662805330905,0.00172007618318988,0.00172343902349282,0.00172672068923188,0.00172992521645355,0.00173305655406988,0.00173611855589274,0.0017391149728794,0.00174204944559918,0.00174492549693041,0.00174774652499676,0.00175051579635103,0.00175323643941446,0.00175591143817914,0.00175854362618041,0.00176113568074576,0.00176369011752593,0.0017662092853139,0.00176869536115679,0.00177115034576522,0.00177357605922432,0.00177597413700983,0.00177834602631219,0.00178069298267131,0.00178301606692402,0.00178531614246592,0.00178759387282865,0.00178984971957341,0.00179208394050044,0.00179429658817417,0.00179648750876318,0.00179865634119351,0.00180080251661347,0.0018029252581679,0.00180502358107911,0.00180709629303144,0.00180914199485593,0.00181115908151113,0.00181314574335572,0.00181509996770805,0.00181701954068736,0.00181890204933122,0.00182074488398318,0.00182254524094441,0.00182430012538297,0.0018260063544936,0.00182766056090067,0.001829259196297,0.00183079853531064,0.00183227467959175,0.00183368356211106,0.00183502095166159,0.00183628245755479,0.00183746353450178,0.00183855948767078,0.0018395654779112,0.00184047652713504,0.00184128752384574,0.00184199322880463,0.00184258828082512,0.00184306720268468,0.00184342440714467,0.0018436542030676,0.00184375080162183,0.00184370832256339,0.0018435208005848,0.00184318219172093,0.00184268637980165,0.0018420271829411,0.00184119836005346,0.00184019361738532,0.00183900661505468,0.0018376309735869,0.00183606028043776,0.00183428809649419,0.00183230796254337,0.0018301134057012,0.00182769794579112,0.00182505510166451,0.00182217839745401,0.00181906136875132,0.0018156975687017,0.00181208057400711,0.00180820399083072,0.00180406146059561,0.00179964666567056,0.0017949533349364,0.00178997524922655,0.00178470624663586,0.00177914022769203,0.00177327116038453,0.00176709308504642,0.00176060011908433,0.00175378646155261,0.00174664639756801,0.00173917430256159,0.00173136464636492,0.00172321199712823,0.00171471102506841,0.00170585650604555,0.00169664332496681,0.00168706647901675,0.00167712108071397,0.00166680236079419,0.00165610567092063,0.00164502648622286,0.00163356040766579,0.00162170316425077,0.00160945061505152,0.00159679875108754,0.00158374369703872,0.00157028171280526,0.0015564091949173,0.00154212267779902,0.00152741883489276,0.0015122944796489,0.00149674656638792,0.00148077219104108,0.00146436859177704,0.00144753314952176,0.00143026338837957,0.00141255697596363,0.00139441172364456,0.00137582558672639,0.00135679666455932,0.00133732320059881,0.0013174035824213,0.00129703634170696,0.00127622015420021,0.00125495383965912,0.00123323636180487,0.00121106682828283,0.00118844449064713,0.0011653687443803,0.00114183912896047,0.00111785532798822,0.00109341716938544,0.00106852462567884,0.00104317781438052,0.00101737699847836,0.000991122587048949,0.000964415136005555,0.000937255348993827,0.000909644078447957,0.000881582326819811,0.00085307124799352,0.000824112148897862,0.000794706491328595,0.000764855893992719,0.000734562134786419,0.000703827153318195,0.000672653053688413,0.000641042107536151,0.000608996757363978,0.000576519620150884,0.000543613491263136,0.000510281348672471,0.00047652635749058,0.000442351874828352,0.000407761454987771,0.00037275885499398,0.000337348040474356,0.000301533191890941,0.000265318711131921,0.000228709228467186,0.000191709609872406,0.000154324964725375,0.000116560653877677,7.84222981040496e-05,3.99157869310392e-05,1.04728784587549e-06,-3.81767441142629e-05,-7.77495563931756e-05,-0.000117664088568091,-0.000157912961625744,-0.00019848846686494,-0.000239382554429247,-0.000280586821474201,-0.000322092499974204,-0.00036389044417501,-0.000405971117698468,-0.000448324580306965,-0.000490940474335718,-0.000533808010801813,-0.000576915955199586,-0.000620252612992708,-0.000663805814813956,-0.000707562901384357,-0.000751510708163997,-0.000795635549747421,-0.000839923204017198,-0.000884358896069885,-0.000928927281929174,-0.000973612432061596,-0.00101839781471054,-0.001063266279065,-0.00110820003827986,-0.00115318065236505,-0.00119818901096118,-0.00124320531602013,-0.00128820906440889,-0.00133317903045589,-0.00137809324845892,-0.00142292899517405,-0.00146766277230549,-0.00151227028901649,-0.00155672644448179,-0.00160100531050224,-0.00164508011420237,-0.0016889232208317,-0.00173250611669086,-0.00177579939220343,-0.00181877272515504,-0.00186139486412054,-0.00190363361210098,-0.00194545581039179,-0.0019868273227034,-0.00202771301955566,-0.00206807676296726,-0.0021078813914616,-0.0021470887054102,-0.00218565945273421,-0.00222355331498513,-0.00226072889382521,-0.00229714369792818,-0.00233275413032044,-0.00236751547618318,-0.00240138189113521,-0.00243430639001655,-0.00246624083619203,-0.00249713593139462,-0.00252694120612726,-0.00255560501064229,-0.00258307450651679,-0.00260929565884256,-0.0026342132290486,-0.00265777076837392,-0.0026799106120078,-0.00270057387391508,-0.00271970044236349,-0.00273722897616946,-0.00275309690167901,-0.00276724041049944,-0.00277959445799801,-0.00279009276258322,-0.00279866780578412,-0.00280525083314259,-0.00280977185593315,-0.00281215965372496,-0.00281234177780031,-0.00281024455544372,-0.00280579309511504,-0.00279891129252033,-0.00278952183759397,-0.00277754622240502,-0.00276290475000069,-0.00274551654419966,-0.0027252995603475,-0.00270217059704666,-0.00267604530887303,-0.00264683822009091,-0.00261446273937774,-0.00257883117556969,-0.00253985475443956,-0.00249744363651778,-0.0024515069359675,-0.00240195274052454,-0.00234868813251226,-0.00229161921094215,-0.00223065111470991,-0.00216568804689693,-0.00209663330018633,-0.00202338928340275,-0.001945857549185,-0.00186393882280054,-0.00177753303211056,-0.00168653933869383,-0.00159085617013715,-0.00149038125350018,-0.0013850116499615,-0.00127464379065325,-0.00115917351369077,-0.00103849610240327,-0.000912506324771495,-0.000781098474077413,-0.000644166410770756,-0.000501603605556502,-0.00035330318370688,-0.000199157970600804,-3.90605384929944e-05,0.000127096745485717,0.000299421670096093,0.000478022129526259,0.000663006071696414,0.000854481445334273,0.00105255614582399,0.00125733795983238,0.00146893450871726,0.00168745319072395,0.00191300112197726,0.00214568507627743,0.00238561142370971,0.00263288606807886,0.00288761438318123,0.00314990114792862,0.00341985048033945,0.00369756577041474,0.00398314961191816,0.00427670373308076,0.00457832892625349,0.00488812497653171,0.00520619058937847,0.00553262331727469,0.00586751948542702,0.00621097411656628,0.0065630808548715,0.00692393188905729,0.00729361787466408,0.0076722278555933,0.00805984918493113,0.00845656744510704,0.00886246636743571,0.00927762775109496,0.00970213138159425,0.0101360549487905,0.0105794739645103,0.0110324616798396,0.0114950890021455,0.0119674244118943,0.0124495338793386,0.0129414807811428,0.0134433258170223,0.0139551269264724,0.0144769392056642,0.0150088148245894,0.0155508029445367,0.0161029496359863,0.0166652977970096,0.0172378870722669,0.0178207537726953,0.0184139307959807,0.0190174475479089,0.019631329864693,0.0202555999363755,0.0208902762314053,0.0215353734224928,0.0221909023138467,0.0228568697698935,0.0235332786455852,0.0242201277183983,0.02491741162213,0.0256251207825975,0.0263432413553478,0.0270717551654855,0.0278106396497222,0.028559867800753,0.0293194081140658,0.0300892245372899,0.0308692764221834,0.0316595184793627,0.0324599007358732,0.0332703684957025,0.0340908623033308,0.034921317910411,0.0357616662456716,0.0366118333881331,0.0374717405437218,0.0383413040253638,0.0392204352366403,0.0401090406590825,0.0410070218431785,0.0419142754031629,0.0428306930156547,0.0437561614222055,0.0446905624358152,0.0456337729514667,0.0465856649607267,0.0475461055704542,0.0485149570256557,0.049492076736519,0.0504773173096564,0.051470526583582,0.0524715476684395,0.0534802189899878,0.0544963743378548,0.0555198429180545,0.0565504494097646,0.0575880140263507,0.0586323525806195,0.059683276554273,0.0607405931715345,0.061804105476907,0.0628736124170204,0.0639489089265147,0.0650297860179066,0.0661160308753809,0.0672074269524376,0.0683037540733192,0.069404788538142,0.0705103032316392,0.0716200677354215,0.0727338484436616,0.0738514086821076,0.0749725088303134,0.0760969064469675,0.0772243563982019,0.0783546109887499,0.0794874200958279,0.0806225313055984,0.0817596900520763,0.082898639758334,0.0840391219798589,0.0851808765499101,0.0863236417267188,0.0874671543423751,0.0886111499532352,0.0897553629916826,0.0908995269190766,0.0920433743797177,0.0931866373556575,0.0943290473221791,0.0954703354037625,0.0966102325303516,0.097748469593738,0.0988847776038864,0.10001888784503,0.101150532031357,0.102279442462094,0.103405352175818,0.104527995103803,0.105647106222231,0.106762421703088,0.107873679063553,0.108980617313715,0.110082977102425,0.111180500861129,0.112272932945511,0.113360019774781,0.114441509968449,0.11551715448041,0.116586706730199,0.117649922731251,0.11870656121602,0.11975638375783,0.120799154889305,0.121834642217272,0.122862616533982,0.123882851924549,0.124895125870472,0.125899219349133,0.126894916929178,0.12788200686168,0.128860281167001,0.129829535717264,0.130789570314344,0.131740188763339,0.132681198941442,0.133612412862156,0.134533646734812,0.13544472101936,0.136345460476408,0.137235694212461,0.138115255720373,0.138983982914979,0.139841718163917,0.140688308313653,0.14152360471072,0.142347463218188,0.143159744227396,0.143960312664992,0.144749037995323,0.145525794218226,0.146290459862293,0.147042917973688,0.147783056100578,0.148510766273285,0.149225944980234,0.149928493139803,0.150618316068167,0.15129532344325,0.151959429264885,0.152610551811335,0.153248613592286,0.153873541298459,0.154485265747978,0.155083721829632,0.15566884844318,0.156240588436857,0.156798888542227,0.157343699306561,0.15787497502287,0.158392673657783,0.158896756777418,0.159387189471428,0.159863940275416,0.160326981091872,0.16077628710981,0.161211836723254,0.16163361144876,0.162041595842144,0.162435777414596,0.162816146548364,0.163182696412169,0.163535422876539,0.163874324429212,0.164199402090797,0.164510659330845,0.164808101984506,0.165091738169925,0.165361578206517,0.165617634534275,0.165859921634236,0.166088455950269,0.166303255812302,0.166504341361143,0.166691734475004,0.166865458697885,0.167025539169923,0.167172002559818,0.167304876999461,0.167424192020823,0.167529978495222,0.167622268575026,0.167701095637898,0.167766494233639,0.167818500033699,0.167857149783407,0.167882481256991,0.167894533215418,0.167893345367092,0.167878958331447,0.167851413605461,0.167810753533131,0.167757021277916,0.167690260798155,0.167610516825472,0.167517834846154,0.167412261085495,0.16729384249508,0.167162626742988,0.167018662206876,0.166861997969905,0.166692683819472,0.166510770248687,0.166316308460538,0.166109350374686,0.165889948636839,0.165658156630619,0.165414028491846,0.165157619125165,0.164888984222944,0.164608180286352,0.164315264648536,0.164010295499812,0.163693331914777,0.163364433881214,0.163023662330705,0.162671079170826,0.162306747318837,0.161930730736748,0.161543094467659,0.16114390467325,0.160733228672311,0.160311134980194,0.159877693349078,0.159432974808924,0.158977051709011,0.158509997759912,0.158031888075782,0.157542799216821,0.157042809231818,0.156531997700642,0.156010445776552,0.155478236228241,0.154935453481478,0.154382183660238,0.153818514627193,0.153244536023459,0.152660339307485,0.152066017792983,0.151461666685796,0.150847383119576,0.150223266190196,0.149589416988789,0.148945938633332,0.14829293629866,0.147630517244827,0.146958790843738,0.146277868603944,0.145587864193533,0.144888893461041,0.144181074454328,0.143464527437346,0.142739374904722,0.1420057415941,0.141263754496176,0.140513542862398,0.139755238210259,0.138988974326154,0.138214887265768,0.137433115351933,0.136643799169936,0.135847081560273,0.135043107608828,0.134232024634448,0.13341398217392,0.132589131964336,0.131757627922842,0.130919626123783,0.130075284773254,0.129224764181083,0.128368226730249,0.12750583684376,0.126637760949016,0.12576416743969,0.124885226635162,0.124001110737534,0.123111993786288,0.122218051610635,0.121319461779576,0.120416403549758,0.119509057811161,0.118597607030676,0.11768223519365,0.116763127743457,0.115840471519179,0.114914454691449,0.11398526669654,0.113053098168788,0.112118140871413,0.111180587625819,0.110240632239448,0.109298469432282,0.108354294762077,0.107408304548412,0.106460695795647,0.105511666114882,0.104561413644999,0.103610136972868,0.102658035052809,0.101705307125392,0.100752152635676,0.0997987711509518,0.0988453622781079,0.0978921255806812,0.0969392604957039,0.0959869662504313,0.0950354417790324,0.0940848856393245,0.0931354959296383,0.0921874702058908,0.0912410053989511,0.0902962977323801,0.0893535426406099,0.088412934687627,0.087474667486241,0.0865389336180032,0.0856059245538398,0.0846758305754721,0.0837488406976891,0.0828251425915245,0.0819049225083848,0.0809883652051842,0.080075653870545,0.0791669700521191,0.0782624935850727,0.0773624025217781,0.0764668730627544,0.0755760794888931,0.0746901940950008,0.0738093871246897,0.0729338267066486,0.0720636787923238,0.0711991070950418,0.070340273030596,0.0694873356593184,0.0686404516296535,0.0677997751232482,0.0669654578015762,0.0661376487540987,0.065316494447962,0.0645021386792436,0.0636947225257515,0.0628943843013766,0.0621012595119971,0.0613154808129341,0.060537177967951,0.0597664778097936,0.0590035042022628,0.0582483780038044,0.0575012170326065,0.0567621360331895,0.0560312466444778,0.0553086573693335,0.0545944735455436,0.0538887973182435,0.0531917276137497,0.0525033601147841,0.0518237872370645,0.0511530981072441,0.0504913785421731,0.0498387110294641,0.0491951747093455,0.0485608453577855,0.0479357953708611,0.0473200937503493,0.0467138060905169,0.0461169945660876,0.0455297179213666,0.044952031460502,0.0443839870388588,0.0438256330554836,0.0432770144466384,0.0427381726803894,0.0422091457522277,0.0416899681817032,0.0411806710100562,0.0406812817988294,0.0401918246294431,0.039712320103719,0.039242785345336,0.038783234002207,0.0383336762497677,0.0378941187951673,0.0374645648823483,0.0370450142980093,0.0366354633784431,0.0362359050172436,0.0358463286738786,0.0354667203831234,0.0350970627653512,0.0347373350376789,0.0343875130259681,0.0340475691776839,0.0337174725756128,0.033397188952445,0.033086680706225,0.0327859069166726,0.0324948233623834,0.0322133825389173,0.0319415336777842,0.0316792227663326,0.0314263925685536,0.0311829826468111,0.0309489293845088,0.0307241660097058,0.0305086226196925,0.0303022262065436,0.0301049006836605,0.029916566913316,0.029737142735217,0.0295665429961008,0.0294046795803822,0.0292514614418673,0.0291067946365485,0.0289705823564959,0.0288427249648645,0.0287231200320297,0.0286116623728703,0.0285082440852093,0.0284127545894267,0.0283250806692589,0.0282451065137991,0.0281727137607136,0.0281077815406847,0.0280501865230904,0.0279998029629312,0.0279565027490145,0.0279201554534049,0.027890628382151,0.0278677866272953,0.0278514931201725,0.027841608686003,0.0278379920997828,0.0278405001434701,0.0278489876644684,0.0278633076354025,0.0278833112151851,0.0279088478113733,0.0279397651438076,0.0279759093095236,0.028017124848928,0.028063254813228,0.0281141408331032,0.0281696231886049,0.0282295408802657,0.0282937317014007,0.0283620323115758,0.0284342783112207,0.028510304317361,0.0285899440404455,0.0286730303622409,0.028759395414762,0.0288488706602044,0.0289412869718423,0.0290364747158557,0.0291342638340488,0.02923448392742,0.0293369643405396,0.0294415342466907,0.0295480227337284,0.0296562588906083,0.0297660718945334,0.0298772910986679,0.0299897461203666,0.030103266929864,0.0302176839393679,0.0303328280924981,0.0304485309540077,0.0305646247997274,0.0306809427066659,0.0307973186432028,0.0309135875593129,0.0310295854767595,0.0311451495791864,0.0312601183020404,0.0313743314222484,0.0314876301475811,0.0315998572056304,0.031710856932329,0.0318204753599376,0.0319285603044271,0.0320349614521839,0.0321395304459637,0.032242120970021,0.0323425888343367,0.0324407920578709,0.0325365909507637,0.0326298481954084,0.0327204289263235,0.0328082008087495,0.0328930341158948,0.0329748018047559,0.0330533795904389,0.0331286460189092,0.0332004825380985,0.0332687735672966,0.0333334065647607,0.0333942720934704,0.0334512638849618,0.0335042789011704,0.0335532173942227,0.0335979829641078,0.0336384826141693,0.0336746268043549,0.0337063295021623,0.0337335082312241,0.0337560841174739,0.0337739819328435,0.0337871301364365,0.0337954609131316,0.0337989102095647,0.0337974177674466,0.0337909271541729,0.0337793857906857,0.0337627449765481,0.0337409599121945,0.0337139897183234,0.0336817974524024,0.033644350122251,0.0336016186966784,0.0335535781131557,0.0335002072825042,0.0334414890905821,0.0333774103969537,0.0333079620305295,0.0332331387821671,0.033152939394231,0.0330673665471077,0.0329764268426794,0.0328801307847554,0.0327784927564712,0.0326715309946678,0.0325592675612666,0.0324417283116603,0.032318942860134,0.0321909445423436,0.0320577703748751,0.0319194610119186,0.031776060699092,0.0316276172244499,0.0314741818667165,0.0313158093407879,0.0311525577405458,0.0309844884790333,0.0308116662260466,0.0306341588431965,0.0304520373165022,0.0302653756865746,0.0300742509764542,0.0298787431171677,0.029678934871072,0.0294749117530598,0.0292667619497002,0.0290545762363914,0.0288384478926042,0.028618472615294,0.0283947484305665,0.0281673756036829,0.0279364565474941,0.027702095729393,0.0274643995768758,0.0272234763818084,0.0269794362034919,0.0267323907706213,0.0264824533822318,0.0262297388077273,0.0259743631860938,0.0257164439243959,0.0254560995956598,0.0251934498362441,0.0249286152427986,0.0246617172689152,0.0243928781215715,0.0241222206574732,0.0238498682793977,0.0235759448326429,0.0233005745016815,0.0230238817071235,0.0227459910030876,0.0224670269750829,0.0221871141385003,0.0219063768378151,0.0216249391465961,0.0213429247684175,0.021060456938771,0.0207776583280712,0.0204946509458488,0.0202115560462215,0.0199284940347321,0.019645584376639,0.0193629455067431,0.019080694740835,0.0187989481888421,0.0185178206697558,0.0182374256284137,0.0179578750542096,0.0176792794018035,0.0174017475138993,0.0171253865461564,0.0168503018942966,0.0165765971234677,0.0163043738999175,0.0160337319250339,0.0157647688718023,0.0154975803237272,0.0152322597162628,0.0149688982807918,0.0147075849911907,0.0144484065130177,0.0141914471553534,0.0139367888253222,0.0136845109853195,0.013434690612967,0.0131874021638145,0.0129427175368027,0.0127007060424975,0.0124614343741041,0.0122249665812632,0.0119913640466319,0.0117606854652496,0.0115329868266811,0.0113083213999314,0.0110867397211186,0.0108682895838932,0.0106530160325836,0.0104409613580476,0.010232165096208,0.0100266640292423,0.00982449218940219,0.00962568086542701,0.00943025861151969,0.00923825125884573,0.00904968192951648,0.00886457105301533,0.00868293638502179,0.00850479302858545,0.00833015345760077,0.00815902754253149,0.00799142257833126,0.00782734331450446,0.00766679198725006,0.00750976835362938,0.00735626972769657,0.00720629101852996,0.00705982477010035,0.00691686120291081,0.00677738825734152,0.00664139163863243,0.00650885486343404,0.00637975930785582,0.00625408425694136,0.00613180695549853,0.00601290266021174,0.00589734469296293,0.00578510449528797,0.0056761516838944,0.00557045410716593,0.00546797790257857,0.00536868755495328,0.00527254595547041,0.00517951446137066,0.00508955295626755,0.00500261991099699,0.00491867244492885,0.0048376663876667,0.00475955634106245,0.00468429574147288,0.00461183692218568,0.00454213117594345,0.00447512881749468,0.00441077924610196,0.00434903100793864,0.00428983185830644,0.00423312882360758,0.00417886826300556,0.00412699592971109,0.00407745703183021,0.00403019629271308,0.00398515801074325,0.00394228611850947,0.00390152424130325,0.00386281575488711,0.00382610384247983,0.00379133155090712,0.00375844184586809,0.00372737766626947,0.00369808197758149,0.00367049782417106,0.00364456838057019,0.00362023700163934,0.00359744727158758,0.0035761430518134,0.00355626852753244,0.00353776825315989,0.00352058719641785,0.00350467078113958,0.00348996492874495,0.00347641609836387,0.00346397132558628,0.00345257825981891,0.00344218520023185,0.00343274113027972,0.00342419575078423,0.00341649951156775,0.00340960364162883,0.00340346017785302,0.00339802199225372,0.00339324281774048,0.00338907727241428,0.00338548088239103,0.0033824101031563,0.00337982233945623,0.00337767596373128,0.00337593033310108,0.00337454580491047,0.00337348375084875,0.00337270656965598,0.00337217769843117,0.00337186162255894,0.00337172388427246,0.00337173108987246,0.00337185091562267,0.00337205211234428,0.00337230450873246,0.00337257901341925,0.00337284761580836,0.00337308338570842,0.00337326047179217,0.00337335409891014,0.00337334056428812,0.00337319723263807,0.00337290253021327,0.00337243593783869,0.00337177798294903,0.00337091023066684,0.0033698152739539,0.00336847672286883,0.0033668791929644,0.00336500829285865,0.00336285061101376,0.00336039370175669,0.00335762607057542,0.00335453715872549,0.00335111732718104,0.00334735783996475,0.00334325084688993,0.003338789365749,0.00333396726398236,0.00332877923986132,0.00332322080321838,0.00331728825575748,0.00331097867097672,0.0033042898737356,0.00329722041949832,0.00328976957328491,0.00328193728836058,0.00327372418469342,0.00326513152720996,0.00325616120387795,0.00324681570364498,0.00323709809426122,0.00322701200001311,0.00321656157939532,0.00320575150274709,0.00319458692987841,0.00318307348771079,0.003171217247957,0.00315902470486333,0.00314650275303726,0.00313365866538276,0.003120500071165,0.00310703493422527,0.00309327153136675,0.00307921843093056,0.00306488447158103,0.00305027874131851,0.00303541055673736,0.00302028944254614,0.00300492511136621,0.00298932744382428,0.00297350646895414,0.002957472344922,0.00294123534008932,0.00292480581442668,0.00290819420129126,0.00289141098958039,0.00287446670627265,0.00285737189936737,0.00284013712123295,0.00282277291237421,0.00280528978562767,0.00278769821079407,0.00277000859971624,0.0027522312918103,0.00273437654005736,0.00271645449746253,0.00269847520398778,0.00268044857396402,0.00266238438398787,0.00264429226130781,0.00262618167270441,0.00260806191386823,0.00258994209927925,0.0025718311525908,0.00255373779752058,0.0025356705492509,0.00251763770633943,0.00249964734314189,0.00248170730274723,0.00246382519042555,0.00244600836758851,0.00242826394626159,0.00241059878406749,0.00239301947971883,0.00237553236901821,0.0023581435213631,0.00234085873675246,0.00232368354329168,0.00230662319519164,0.00228968267125762,0.00227286667386332,0.0022561796284042,0.00223962568322446,0.0022232087100114,0.00220693230465043,0.00219079978853303,0.0021748142103098,0.00215897834808047,0.00214329471201209,0.00212776554737613,0.00211239283799473,0.00209717831008582,0.00208212343649647,0.00206722944131328,0.00205249730483832,0.00203792776891867,0.00202352134261683,0.00200927830820932,0.00199519872749992,0.0019812824484344,0.00196752911200259,0.00195393815941336,0.00194050883952779,0.00192724021653545,0.00191413117785849,0.00190118044226766,0.00188838656819452,0.00187574796222359,0.00186326288774825,0.00185092947377369,0.00183874572385016,0.00182670952511943,0.00181481865745738,0.00180307080269567,0.00179146355390519,0.00177999442472409,0.00176866085871332,0.0017574602387221,0.00174638989624622,0.00173544712076197,0.00172462916901882,0.00171393327427381,0.00170335665545107,0.00169289652620957,0.00168255010390293,0.00167231461841523,0.00166218732085678,0.00165216549210458,0.00164224645117187,0.00163242756339194,0.00162270624840189,0.00161307998791208,0.00160354633324795,0.00159410291265072,0.00158474743832448,0.00157547771321775,0.00156629163752765,0.00155718721491576,0.00154816255842501,0.00153921589608745,0.00153034557621383,0.00152155007235598,0.00151282798793413,0.00150417806052175,0.0014955991657811,0.00148709032104335,0.00147865068852798,0.00147027957819685,0.00146197645023908,0.00145374091718345,0.00144557274563582,0.00143747185763979,0.00142943833165952,0.00142147240318416,0.00141357446495452,0.00140574506681305,0.00139798491517897,0.00139029487215087,0.00138267595424035,0.00137512933074046,0.00136765632173364,0.00136025839574429,0.00135293716704204,0.00134569439260237,0.0013385319687317,0.00133145192736513,0.00132445643204518,0.00131754777359083,0.00131072836546621,0.00130400073885942,0.00129736753748191,0.00129083151209992,0.00128439551480943,0.00127806249306696,0.0012718354834887,0.00126571760543094,0.0012597120543653,0.0012538220950625,0.00124805105459872,0.0012424023151989,0.00123687930693176,0.00123148550027133,0.00122622439853982,0.00122109953024706,0.00121611444134198,0.00121127268739145,0.00120657782570197,0.00120203340739949,0.00119764296948312,0.00119341002686806,0.00118933806443339,0.00118543052908977,0.00118169082188251,0.00117812229014511,0.00117472821971778,0.00117151182724586,0.00116847625257229,0.00116562455123832,0.00116295968710604,0.00116048452511639,0.00115820182419558,0.00115611423032236,0.00115422426976861,0.00115253434252483,0.00115104671592195,0.00114976351846024,0.00114868673385547,0.00114781819531236,0.00114715958003438,0.00114671240397861,0.00114647801686371,0.00114645759743871,0.00114665214901943,0.00114706249529871,0.00114768927643619,0.00114853294543266,0.00114959376479357,0.00115087180348582,0.00115236693419077,0.00115407883085627,0.00115600696654972,0.00115815061161336,0.0011605088321227,0.00116308048864808,0.00116586423531922,0.00116885851919152,0.00117206157991268,0.00117547144968739,0.00117908595353761,0.00118290270985505,0.00118691913124232,0.00119113242563858,0.00119553959772501,0.00120013745060505,0.00120492258775395,0.00120989141523155,0.00121504014415217,0.00122036479340456,0.00122586119261513,0.00123152498534709,0.00123735163252799,0.00124333641609786,0.00124947444286961,0.00125576064859372,0.00126218980221833,0.00126875651033628,0.00127545522181022,0.00128228023256705,0.0012892256905524,0.00129628560083623,0.00130345383086014,0.00131072411581746,0.00131809006415698,0.00132554516320131,0.00133308278487084,0.00134069619150417,0.00134837854176632,0.00135612289663549,0.00136392222546015,0.0013717694120775,0.00137965726098515,0.00138757850355734,0.001395525804298,0.00140349176712253,0.00141146894166105,0.00141944982957529,0.00142742689088196,0.00143539255027555,0.00144333920344351,0.00145125922336749,0.00145914496660433,0.00146698877954089,0.00147478300461688,0.00148251998651017,0.00149019207827942,0.00149779164745902,0.00150531108210164,0.00151274279676374,0.00152007923842994,0.00152731289237224,0.0015344362879403,0.0015414420042794,0.0015483226759729,0.00155507099860619,0.00156167973424954,0.00156814171685716,0.00157444985758055,0.00158059714999377,0.00158657667522898,0.00159238160702045,0.00159800521665551,0.00160344087783109,0.00160868207141465,0.00161372239010844,0.00161855554301629,0.00162317536011192,0.00162757579660801,0.00163175093722555,0.00163569500036283,0.00163940234216399,0.00164286746048677,0.00164608499876901,0.00164904974979378,0.00165175665935269,0.00165420082980733,0.00165637752354858,0.00165828216635368,0.00165991035064071,0.00166125783862034,0.00166232056534458,0.00166309464165234,0.00166357635701101,0.00166376218225384,0.00166364877221266,0.00166323296824549,0.0016625118006583,0.0016614824910203,0.0016601424543719,0.00165848930132463,0.0016565208400519,0.00165423507816966,0.00165163022450573,0.00164870469075643,0.00164545709302929,0.00164188625327023,0.00163799120057374,0.00163377117237424,0.00162922561551699,0.00162435418720673,0.00161915675583206,0.00161363340166349,0.00160778441742328,0.00160161030872465,0.00159511179437838,0.00158828980656451,0.00158114549086666,0.00157368020616667,0.00156589552439682,0.00155779323014736,0.00154937532012673,0.00154064400247223,0.00153160169590854,0.00152225102875154,0.0015125948377551,0.00150263616679838,0.00149237826541132,0.00148182458713585,0.0014709787877209,0.00145984472314886,0.0014484264474917,0.00143672821059469,0.00142475445558597,0.00141250981621029,0.00139999911398548,0.00138722735518041,0.00137419972761299,0.00136092159726723,0.00134739850472844,0.00133363616143615,0.00131964044575407,0.00130541739885706,0.00129097322043506,0.00127631426421424,0.00126144703329606,0.00124637817531473,0.00123111447741421,0.00121566286104628,0.00120003037659115,0.00118422419780273,0.00116825161608042,0.00115212003457009,0.00113583696209701,0.00111941000693378,0.00110284687040676,0.00108615534034462,0.00106934328437322,0.00105241864306112,0.00103538942292039,0.00101826368926754,0.00100104955894976,0.000983755192942155,0.000966388788821613,0.000948958573123643,0.00093147279358852,0.000913939711303536,0.000896367592748381,0.000878764701750875,0.000861139291360678,0.000843499595648786,0.000825853821440862,0.000808210139992548,0.000790576678615101,0.000772961512260041,0.000755372655071716,0.000737818051916786,0.000720305569899755,0.000702842989873848,0.000685437997956581,0.00066809817705966,0.00065083099844286,0.000633643813301543,0.000616543844397564,0.000599538177743396,0.00058263375434929,0.000565837362043334,0.000549155627374183,0.000532595007606229,0.000516161782816912,0.000499862048105848,0.000483701705925313,0.000467686458541474,0.000451821800635618,0.000436113012054601,0.000420565150719531,0.000405183045701513,0.000389971290473029,0.000374934236343358,0.000360075986086134,0.000345400387766938,0.000330911028778578,0.000316611230091419,0.000302504040725876,0.000288592232453836,0.000274878294735513,0.000261364429897912,0.000248052548560713,0.000234944265315082,0.000222040894660603,0.000209343447205133,0.000196852626132064,0.00018456882393913,0.000172492119452498,0.000160622275119546,0.00014895873458336,0.000137500620541605,0.00012624673289206,0.00011519554716673,0.000104345213256121,9.36935544248576e-05,8.32380666195131e-05,7.29759180691322e-05,6.29039491785811e-05,5.30186727144897e-05,4.33162742832212e-05,3.37926130999573e-05,2.44432230476579e-05,1.52633140243176e-05,6.24777357662045e-06,-2.60883118221634e-06,-1.13122513729249e-05,-1.98685538718087e-05,-2.82841185566058e-05,-3.65656352799753e-05,-4.47201005742568e-05,-5.27548140914217e-05,-6.06773747823725e-05,-6.8495676819992e-05,-7.62179052705729e-05,-8.38525315184829e-05,-9.14083084491239e-05,-9.88942653954424e-05,-0.000106319702853428,-0.000113694186972209,-0.000121027543824538,-0.000128329853463589,-0.000135611443772138,-0.000142882884110323,-0.00015015497876831,-0.000157438760230258,-0.000164745482256105,-0.000172086612787756,-0.000179473826686349,-0.000186918998307325,-0.000194434193920091,-0.000202031663979107,-0.000209723835253235,-0.000217523302820251,-0.000225442821933387,-0.000233495299766817,-0.000241693787046982,-0.000250051469576645,-0.000258581659658532,-0.000267297787425402,-0.000276213392083376,-0.00028534211307533,-0.000294697681171091,-0.000304293909491184,-0.000314144684470744,-0.000324263956770188,-0.000334665732139185,-0.0003453640622404,-0.000356373035439474,-0.000367706767567588,-0.000379379392662947,-0.000391405053697429,-0.000403797893294519,-0.000416572044444626,-0.000429741621223838,-0.000443320709522102,-0.000457323357786745,-0.00047176356778719,-0.000486655285406631,-0.000502012391466416,-0.000517848692588811,-0.000534177912103837,-0.00055101368100572,-0.000568369528964433,-0.000586258875397724,-0.000604695020609005,-0.000623691136996495,-0.000643260260338882,-0.000663415281162725,-0.000684168936196853,-0.000705533799918997,-0.000727522276199778,-0.000750146590049071,-0.000773418779469857,-0.000797350687424653,-0.000821953953919528,-0.000847240008210688,-0.000873220061138555,-0.000899905097594236,-0.000927305869123231,-0.000955432886671204,-0.000984296413476544,-0.00101390645811454,-0.00104427276769788,-0.00107540482123805,-0.00110731182317236,-0.00114000269706113,-0.0011734860794596,-0.00120777031396905,-0.00124286344547126,-0.00127877321455077,-0.00131550705210911,-0.00135307207417505,-0.00139147507691485,-0.00143072253184666,-0.00147082058126282,-0.00151177503386394,-0.00155359136060809,-0.00159627469077876,-0.00163982980827463,-0.00168426114812463,-0.00172957279323139,-0.00177576847134593,-0.00182285155227621,-0.00187082504533234,-0.00191969159701059,-0.00196945348891824,-0.00202011263594113,-0.00207167058465546,-0.00212412851198535,-0.00217748722410736,-0.00223174715560285,-0.00228690836885909,-0.00234297055371952,-0.00239993302738334,-0.00245779473455379,-0.00251655424783451,-0.00257620976837315,-0.00263675912675088,-0.00269819978411643,-0.00276052883356281,-0.00282374300174457,-0.0028878386507329,-0.00295281178010556,-0.00301865802926823,-0.00308537268000361,-0.00315295065924396,-0.00322138654206269,-0.00329067455487992,-0.00336080857887689,-0.00343178215361352,-0.00350358848084324,-0.00357622042851859,-0.00364967053498023,-0.00372393101332214,-0.00379899375592553,-0.00387485033915357,-0.00395149202819852,-0.0040289097820726,-0.00410709425873323,-0.00418603582033296,-0.00426572453858471,-0.0043461502002322,-0.00442730231261544,-0.00450917010932086,-0.00459174255590534,-0.00467500835568343,-0.00475895595556611,-0.00484357355193934,-0.00492884909657075,-0.00501477030253265,-0.00510132465012961,-0.00518849939281904,-0.00527628156311268,-0.00536465797844672,-0.00545361524700888,-0.00554313977351052,-0.00563321776489157,-0.00572383523594612,-0.00581497801485729,-0.00590663174862961,-0.00599878190840811,-0.00609141379467205,-0.0061845125422927,-0.0062780631254446,-0.00637205036235968,-0.00646645891991444,-0.00656127331804059,-0.00665647793394984,-0.00675205700616459,-0.00684799463834669,-0.00694427480291617,-0.00704088134445211,-0.00713779798286942,-0.00723500831636523,-0.00733249582412931,-0.00743024386881533,-0.0075282356987692,-0.00762645445001068,-0.00772488314796563,-0.00782350470894681,-0.00792230194138263,-0.00802125754679393,-0.00812035412051944,-0.00821957415219246,-0.00831890002597101,-0.00841831402052384,-0.00851779830877646,-0.0086173349574227,-0.00871690592620688,-0.00881649306698331,-0.00891607812256051,-0.0090156427253389,-0.00911516839575149,-0.00921463654051809,-0.009314028450724,-0.00941332529973487,-0.00951250814095976,-0.0096115579054766,-0.00971045539953416,-0.00980918130194403,-0.00990771616137878,-0.0100060403935935,-0.0101041342785882,-0.0102019779577284,-0.0102995514308441,-0.0103968345533229,-0.0104938070332209,-0.0105904484284071,-0.0106867381437631,-0.0107826554284598,-0.0108781793733318,-0.0109732889083716,-0.0110679628003668,-0.0111621796507016,-0.0112559178933472,-0.0113491557930606,-0.011441871443816,-0.0115340427674932,-0.0116256475128441,-0.0117166632547623,-0.0118070673938752,-0.0118968371564849,-0.0119859495948773,-0.0120743815880248,-0.012162109842701,-0.0122491108950311,-0.0123353611124961,-0.0124208366964135,-0.0125055136849148,-0.0125893679564387,-0.0126723752337601,-0.0127545110885717,-0.0128357509466355,-0.0129160700935227,-0.0129954436809549,-0.0130738467337617,-0.0131512541574709,-0.0132276407465401,-0.0133029811932453,-0.0133772500972348,-0.0134504219757619,-0.013522471274602,-0.0135933723796625,-0.0136630996292919,-0.0137316273272946,-0.013798929756653,-0.0138649811939623,-0.0139297559245736,-0.013993228258449,-0.0140553725467248,-0.0141161631989816,-0.0141755747012149,-0.0142335816344995,-0.014290158694341,-0.0143452807107043,-0.014398922668707,-0.014451059729968,-0.0145016672545944,-0.0145507208237956,-0.0145981962631051,-0.0146440696661923,-0.0146883174192468,-0.0147309162259129,-0.0147718431327537,-0.0148110755552197,-0.0148485913040997,-0.0148843686124254,-0.0149183861628017,-0.0149506231151344,-0.0149810591347248,-0.0150096744207004,-0.0150364497347488,-0.015061366430124,-0.0150844064808889,-0.0151055525113601,-0.0151247878257165,-0.0151420964377366,-0.0151574631006256,-0.015170873336892,-0.0151823134682351,-0.0151917706454015,-0.0151992328779708,-0.0152046890640274,-0.0152081290196799,-0.0152095435083842,-0.0152089242700302,-0.0152062640497478,-0.0152015566263891,-0.0151947968406426,-0.0151859806227377,-0.0151751050196972,-0.0151621682220975,-0.0151471695902913,-0.0151301096800529,-0.0151109902676049,-0.0150898143739842,-0.0150665862887077,-0.0150413115926985,-0.0150139971804321,-0.014984651281263,-0.014953283479896,-0.0149199047359645,-0.0148845274026832,-0.0148471652445396,-0.0148078334539919,-0.0147665486671417,-0.0147233289783487,-0.0146781939537549,-0.0146311646436934,-0.0145822635939535,-0.0145315148558764,-0.0144789439952573,-0.0144245781000287,-0.0143684457867037,-0.0143105772055592,-0.0142510040445412,-0.0141897595318774,-0.0141268784373823,-0.0140623970724408,-0.0139963532886596,-0.0139287864751761,-0.0138597375546159,-0.0137892489776933,-0.0137173647164497,-0.0136441302561279,-0.0135695925856802,-0.0134938001869119,-0.0134168030222636,-0.013338652521236,-0.0132594015654646,-0.0131791044724504,-0.0130978169779578,-0.0130155962170928,-0.0129325007040716,-0.0128485903106976,-0.0127639262435609,-0.01267857101998,-0.012592588442706,-0.012506043573409,-0.0124190027049693,-0.0123315333325978,-0.0122437041238118,-0.0121555848872934,-0.0120672465406594,-0.0119787610771726,-0.0118902015314248,-0.0118016419440249,-0.0117131573253231,-0.0116248236182068,-0.0115367176600051,-0.0114489171435374,-0.0113615005773435,-0.0112745472451345,-0.0111881371645027,-0.0111023510449334,-0.0110172702451553,-0.0109329767298755,-0.0108495530259391,-0.0107670821779563,-0.0106856477034389,-0.010605333547488,-0.0105262240370783,-0.0104484038349824,-0.0103719578933783,-0.010296971407186,-0.0102235297671753,-0.0101517185128892,-0.0100816232854284,-0.0100133297801389,-0.00994692369924928,-0.00988249070449766,-0.00982011636979511,-0.00975988613396559,-0.0097018852536056,-0.00964619875610458,-0.00959291139286723,-0.00954210759277897,-0.00949387141595355,-0.00944828650780303,-0.00940543605346805,-0.00936540273264584,-0.00932826867485294,-0.00929411541515818,-0.00926302385042022,-0.0092350741960641,-0.00921034594342957,-0.00918891781772223,-0.00917086773659848,-0.00915627276941414,-0.00914520909716594,-0.00913775197315292,-0.00913397568438393,-0.00913395351375633,-0.00913775770302832,-0.00914545941660671,-0.00915712870617189,-0.0091728344761601,-0.00919264445012152,-0.0092166251379714,-0.00924484180415025,-0.00927735843670767,-0.00931423771732286,-0.00935554099227471,-0.00940132824437245,-0.00945165806585638,-0.00950658763227788,-0.00956617267736619,-0.00963046746888752,-0.00969952478550269,-0.00977339589462664,-0.00985213053129202,-0.00993577687801842,-0.0100243815456877,-0.0101179895554258,-0.0102166443214894,-0.0103203876351544,-0.0104292596496038,-0.0105432988658096,-0.0106625421194064,-0.0107870245685482,-0.0109167796827425,-0.0110518392326538,-0.0111922332808696,-0.0113379901736189,-0.0114891365334348,-0.0116456972527502,-0.011807695488418,-0.0119751526571432,-0.0121480884318147,-0.0123265207387251,-0.0125104657556675,-0.0126999379108953,-0.0128949498829342,-0.0130955126012306,-0.0133016352476236,-0.0135133252586272,-0.0137305883285063,-0.0139534284131349,-0.0141818477346211,-0.0144158467866893,-0.0146554243408022,-0.01490057745301,-0.0151513014715137,-0.0154075900449259,-0.0156694351312149,-0.0159368270073163,-0.0162097542794004,-0.0164882038937815,-0.0167721611484547,-0.0170616097052485,-0.0173565316025769,-0.0176569072687827,-0.0179627155360565,-0.0182739336549198,-0.0185905373092604,-0.018912500631907,-0.0192397962207293,-0.0195723951552534,-0.0199102670137779,-0.0202533798909819,-0.0206017004160111,-0.0209551937710332,-0.0213138237102525,-0.0216775525793716,-0.0220463413354898,-0.0224201495674298,-0.022798935516485,-0.0231826560975761,-0.0235712669208057,-0.0239647223133989,-0.024362975342022,-0.0247659778354706,-0.0251736804077138,-0.0255860324812867,-0.0260029823110189,-0.0264244770080936,-0.0268504625644251,-0.0272808838773479,-0.0277156847746094,-0.0281548080396508,-0.0285981954371696,-0.0290457877389536,-0.029497524749973,-0.0299533453347231,-0.0304131874438058,-0.0308769881407421,-0.0313446836290026,-0.0318162092792466,-0.0322914996567535,-0.0327704885490375,-0.033253108993635,-0.0337392933060498,-0.0342289731078461,-0.0347220793548762,-0.0352185423656276,-0.0357182918496773,-0.0362212569362408,-0.0367273662027991,-0.03723654770379,-0.0377487289993511,-0.0382638371841021,-0.0387817989159512,-0.0393025404449086,-0.0398259876418966,-0.0403520660275367,-0.040880700800899,-0.0414118168681964,-0.0419453388714066,-0.0424811912168037,-0.0430192981033842,-0.043559583551169,-0.0441019714293641,-0.0446463854843598,-0.0451927493675509,-0.0457409866629649,-0.0462910209146796,-0.0468427756540134,-0.0473961744264665,-0.0479511408183965,-0.0485075984834106,-0.0490654711684586,-0.0496246827396164,-0.0501851572075373,-0.0507468187525574,-0.0513095917494399,-0.0518734007917437,-0.0524381707157967,-0.0530038266242592,-0.053570293909262,-0.054137498275101,-0.0547053657604766,-0.0552738227602681,-0.0558427960468274,-0.0564122127907793,-0.0569820005813148,-0.0575520874459645,-0.0581224018698372,-0.0586928728143211,-0.0592634297352358,-0.0598340026004275,-0.0604045219067967,-0.0609749186967447,-0.0615451245740373,-0.0621150717190769,-0.0626846929035846,-0.0632539215046853,-0.0638226915183924,-0.0643909375724859,-0.0649585949387815,-0.0655255995447875,-0.066091887984751,-0.0666573975300859,-0.0672220661391763,-0.067785832466556,-0.0683486358714744,-0.0689104164258564,-0.0694711149216585,-0.070030672877627,-0.0705890325454623,-0.0711461369153975,-0.0717019297211986,-0.0722563554445978,-0.0728093593191649,-0.0733608873336267,-0.0739108862346433,-0.0744593035290514,-0.0750060874855834,-0.0755511871360731,-0.0760945522761592,-0.0766361334654985,-0.0771758820275017,-0.0777137500486007,-0.0782496903770647,-0.0787836566213874,-0.0793156031482642,-0.07984548508017,-0.0803732582925488,-0.0808988794106341,-0.0814223058059065,-0.0819434955922073,-0.0824624076215224,-0.0829790014794505,-0.0834932374803752,-0.0840050766623667,-0.0845144807818263,-0.0850214123078845,-0.0855258344165625,-0.0860277109847191,-0.0865270065838071,-0.0870236864734539,-0.0875177165948742,-0.0880090635641244,-0.0884976946652157,-0.0889835778431002,-0.0894666816965485,-0.0899469754709339,-0.0904244290509343,-0.0908990129531598,-0.0913706983187193,-0.0918394569057438,-0.0923052610818725,-0.0927680838167141,-0.0932278986742899,-0.0936846798054635,-0.0941384019403605,-0.0945890403807908,-0.0950365709926921,-0.0954809701986068,-0.0959222149701937,-0.0963602828207754,-0.0967951517979313,-0.0972268004761367,-0.0976552079494465,-0.0980803538242198,-0.0985022182118828,-0.0989207817217345,-0.099336025453795,-0.0997479309916962,-0.100156480395615,-0.100561656195247,-0.100963441382828,-0.101361819406186,-0.101756774161831,-0.10214828998806,-0.1025363516581,-0.102920944373251,-0.103302053756045,-0.103679665843405,-0.104053767079789,-0.104424344310322,-0.1047913847739,-0.105154876096248,-0.105514806282927,-0.105871163712284,-0.10622393712833,-0.106573115633534,-0.106918688681527,-0.107260646069695,-0.107598977931666,-0.107933674729665,-0.108264727246734,-0.108592126578794,-0.108915864126551,-0.109235931587217,-0.109552320946052,-0.109865024467707,-0.110174034687348,-0.110479344401567,-0.110780946659058,-0.111078834751037,-0.111373002201408,-0.111663442756655,-0.111950150375463,-0.112233119218056,-0.112512343635245,-0.112787818157188,-0.113059537481845,-0.11332749646313,-0.113591690098751,-0.113852113517714,-0.11410876196751,-0.114361630800972,-0.114610715462826,-0.114856011475933,-0.115097514427213,-0.115335219953251,-0.115569123725607,-0.115799221435788,-0.116025508779921,-0.116247981443125,-0.116466635083587,-0.116681465316347,-0.116892467696805,-0.117099637703971,-0.117302970723465,-0.117502462030279,-0.117698106771327,-0.117889899947783,-0.11807783639723,-0.118261910775644,-0.118442117539224,-0.118618450926095,-0.1187909049379,-0.118959473321298,-0.119124149549417,-0.119284926803259,-0.119441797953102,-0.119594755539908,-0.119743791756782,-0.119888898430487,-0.120030067003086,-0.120167288513716,-0.120300553580526,-0.120429852382816,-0.120555174643413,-0.120676509611311,-0.120793846044644,-0.120907172194,-0.121016475786149,-0.121121744008182,-0.121222963492143,-0.121320120300158,-0.121413199910106,-0.121502187201878,-0.121587066444243,-0.121667821282389,-0.121744434726155,-0.121816889139014,-0.121885166227837,-0.121949247033468,-0.122009111922163,-0.122064740577912,-0.122116111995696,-0.122163204475719,-0.12220599561865,-0.12224446232193,-0.122278580777168,-0.122308326468641,-0.122333674172941,-0.12235459795979,-0.122371071194073,-0.122383066539098,-0.122390555961129,-0.122393510735223,-0.122391901452403,-0.12238569802819,-0.122374869712513,-0.122359385101015,-0.122339212147782,-0.12231431817952,-0.12228466991119,-0.122250233463122,-0.122210974379599,-0.122166857648961,-0.122117847725201,-0.122063908551076,-0.122005003582748,-0.121941095815947,-0.12187214781369,-0.121798121735512,-0.121718979368227,-0.121634682158203,-0.121545191245147,-0.121450467497396,-0.121350471548705,-0.121245163836518,-0.121134504641699,-0.121018454129732,-0.120896972393342,-0.120770019496525,-0.120637555519942,-0.120499540607649,-0.120355935015123,-0.120206699158588,-0.120051793665568,-0.119891179426647,-0.119724817648408,-0.119552669907478,-0.119374698205654,-0.119190865026052,-0.11900113339025,-0.118805466916373,-0.118603829878049,-0.118396187264188,-0.11818250483953,-0.117962749205898,-0.117736887864104,-0.117504889276424,-0.11726672292959,-0.117022359398227,-0.116771770408672,-0.11651492890311,-0.116251809103933,-0.115982386578278,-0.115706638302639,-0.115424542727516,-0.115136079842007,-0.114841231238278,-0.11453998017583,-0.114232311645481,-0.113918212432963,-0.113597671182072,-0.11327067845728,-0.112937226805749,-0.112597310818642,-0.112250927191665,-0.111898074784751,-0.111538754680817,-0.111172970243506,-0.110800727173812,-0.110422033565546,-0.110036899959524,-0.10964533939643,-0.10924736746824,-0.108843002368155,-0.108432264938949,-0.108015178719683,-0.107591769990697,-0.107162067816806,-0.106726104088614,-0.106283913561858,-0.105835533894739,-0.105381005683154,-0.104920372493759,-0.104453680894815,-0.103980980484736,-0.103502323918269,-0.103017766930247,-0.102527368356866,-0.102031190154411,-0.101529297415396,-0.101021758382048,-0.100508644457093,-0.0999900302117982,-0.0994659933911986,-0.0989366149164915,-0.0984019788845481,-0.0978621725645078,-0.097317286391417,-0.0967674139568764,-0.0962126519966658,-0.0956531003753183,-0.0950888620676231,-0.0945200431370472,-0.093946752711059,-0.0933691029533344,-0.0927872090328336,-0.0922011890897315,-0.0916111641982029,-0.0910172583260665,-0.0904195982912932,-0.0898183137153842,-0.0892135369736334,-0.0886054031422843,-0.0879940499425967,-0.0873796176818405,-0.0867622491912399,-0.0861420897609012,-0.0855192870717587,-0.0848939911245758,-0.0842663541660386,-0.083636530611985,-0.0830046769678146,-0.0823709517461265,-0.081735515381643,-0.0810985301434781,-0.0804601600448115,-0.0798205707500422,-0.0791799294794858,-0.078538404911687,-0.0778961670834159,-0.0772533872874258,-0.0766102379680563,-0.0759668926147678,-0.0753235256536973,-0.0746803123373261,-0.0740374286323526,-0.0733950511058668,-0.072753356809932,-0.0721125231646711,-0.0714727278399636,-0.0708341486358532,-0.0701969633617753,-0.0695613497147153,-0.0689274851564125,-0.0682955467897249,-0.0676657112342798,-0.06703815450153,-0.0664130518693397,-0.0657905777562233,-0.0651709055953658,-0.0645542077085497,-0.0639406551801172,-0.0633304177310954,-0.0627236635936155,-0.06212055938576,-0.0615212699869649,-0.0609259584141128,-0.0603347856984476,-0.0597479107634429,-0.0591654903037486,-0.0585876786653485,-0.0580146277270622,-0.0574464867835254,-0.056883402429779,-0.0563255184475964,-0.055772975693682,-0.0552259119898664,-0.0546844620154192,-0.0541487572016032,-0.0536189256285945,-0.0530950919248946,-0.052577377169352,-0.0520658987959084,-0.051560770501187,-0.0510621021550349,-0.0505699997141292,-0.0500845651387517,-0.0496058963128368,-0.0491340869673933,-0.0486692266073986,-0.0482114004422599,-0.0477606893199345,-0.0473171696647979,-0.0468809134193392,-0.0464519879897617,-0.0460304561955628,-0.0456163762231664,-0.0452098015836728,-0.0448107810747872,-0.0444193587469841,-0.0440355738739576,-0.0436594609274117,-0.0432910495562352,-0.0429303645701007,-0.042577425927516,-0.0422322487283609,-0.0418948432109291,-0.0415652147534941,-0.0412433638804073,-0.0409292862727383,-0.0406229727834613,-0.0403244094571875,-0.0400335775544266,-0.0397504535803634,-0.0394750093181299,-0.0392072118665501,-0.0389470236823259,-0.0386944026266268,-0.0384493020160376,-0.0382116706778238,-0.0379814530094614,-0.0377585890423745,-0.0375430145098175,-0.0373346609188362,-0.0371334556262358,-0.0369393219184768,-0.0367521790954083,-0.0365719425577545,-0.0363985238982604,-0.0362318309963997,-0.0360717681165425,-0.0359182360094738,-0.0357711320171527,-0.0356303501805963,-0.0354957813507679,-0.0353673133023466,-0.0352448308502484,-0.0351282159687688,-0.0350173479132118,-0.0349121033438675,-0.0348123564521958,-0.0347179790890741,-0.0346288408949609,-0.0345448094318272,-0.0344657503167005,-0.0343915273566709,-0.0343220026852033,-0.0342570368995966,-0.0341964891994284,-0.0341402175258268,-0.0340880787014057,-0.0340399285707032,-0.033995622140961,-0.0339550137230816,-0.0339179570725988,-0.0338843055304971,-0.0338539121637198,-0.0338266299051997,-0.0338023116932536,-0.0337808106101789,-0.0337619800198937,-0.0337456737044649,-0.0337317459993686,-0.0337200519273279,-0.0337104473305779,-0.0337027890014088,-0.0336969348108395,-0.0336927438352791,-0.03369007648104,-0.0336887946065628,-0.0336887616422224,-0.0336898427075872,-0.0336919047260035,-0.0336948165363862,-0.0336984490020941,-0.0337026751167792,-0.0337073701071021,-0.0337124115322072,-0.0337176793798561,-0.0337230561591243,-0.0337284269895758,-0.0337336796868293,-0.0337387048444343,-0.0337433959119827,-0.0337476492693876,-0.0337513642972661,-0.0337544434433676,-0.0337567922849966,-0.0337583195873827,-0.0337589373579531,-0.0337585608964712,-0.0337571088410128,-0.0337545032097556,-0.0337506694385596,-0.0337455364143286,-0.0337390365041409,-0.0337311055801504,-0.0337216830402556,-0.0337107118245456,-0.033698138427536,-0.0336839129062105,-0.0336679888838959,-0.0336503235500016,-0.0336308776556565,-0.0336096155052786,-0.0335865049441246,-0.0335615173418724,-0.0335346275722906,-0.033505813989056,-0.0334750583977812,-0.0334423460243156,-0.0334076654793925,-0.033371008719699,-0.0333323710054482,-0.0332917508545343,-0.033249149993358,-0.0332045733044113,-0.0331580287707208,-0.0331095274172436,-0.0330590832493156,-0.0330067131882573,-0.0329524370042401,-0.0328962772465268,-0.0328382591711943,-0.0327784106664488,-0.0327167621756484,-0.0326533466181493,-0.0325881993080957,-0.0325213578712727,-0.0324528621601436,-0.0323827541671896,-0.0323110779366773,-0.0322378794749824,-0.0321632066595925,-0.0320871091469131,-0.0320096382790062,-0.0319308469893862,-0.0318507897079923,-0.0317695222654635,-0.031687101796842,-0.031603586644834,-0.0315190362627477,-0.0314335111172319,-0.0313470725909355,-0.0312597828852116,-0.0311717049229802,-0.0310829022518654,-0.0309934389477219,-0.0309033795186667,-0.0308127888097289,-0.0307217319082233,-0.0306302740499552,-0.0305384805263597,-0.0304464165926837,-0.0303541473773091,-0.0302617377923127,-0.0301692524453537,-0.0300767555529801,-0.0299843108554434,-0.0298919815331067,-0.0297998301245246,-0.0297079184462739,-0.0296163075146132,-0.0295250574690445,-0.0294342274978416,-0.0293438757656098,-0.0292540593429375,-0.0291648341381991,-0.02907625483156,-0.0289883748112338,-0.0289012461120375,-0.0288149193562916,-0.028729443697101,-0.02864486676405,-0.0285612346113459,-0.0284785916684401,-0.0283969806931526,-0.0283164427273215,-0.0282370170549948,-0.0281587411631797,-0.0280816507051619,-0.0280057794663979,-0.0279311593329855,-0.0278578202627124,-0.0277857902586814,-0.027715095345506,-0.0276457595480702,-0.0275778048728353,-0.0275112512916823,-0.0274461167282687,-0.027382417046882,-0.0273201660437648,-0.0272593754408837,-0.027200054882113,-0.0271422119318037,-0.0270858520757057,-0.0270309787242059,-0.0269775932178451,-0.026925694835073,-0.0268752808022009,-0.0268263463055041,-0.0267788845054275,-0.0267328865528467,-0.0266883416073388,-0.0266452368574092,-0.0266035575426238,-0.0265632869775921,-0.0265244065777446,-0.0264868958868513,-0.0264507326062224,-0.026415892625532,-0.0263823500552037,-0.0263500772603022,-0.0263190448958712,-0.0262892219436607,-0.0262605757501812,-0.0262330720660204,-0.0262066750863598,-0.0261813474926263,-0.0261570504952194,-0.026133743877252,-0.02611138603925,-0.0260899340447458,-0.0260693436667051,-0.0260495694347219,-0.0260305646829234,-0.0260122815985222,-0.0259946712709578,-0.0259776837415676,-0.0259612680537313,-0.0259453723034325,-0.0259299436901762,-0.0259149285682092,-0.0259002724979867,-0.0258859202978329,-0.0258718160957455,-0.0258579033812879,-0.0258441250575187,-0.0258304234929105,-0.0258167405732079,-0.0258030177531807,-0.0257891961082233,-0.0257752163857588,-0.0257610190564051,-0.0257465443648593,-0.025731732380459,-0.0257165230473819,-0.025700856234448,-0.0256846717844885,-0.0256679095632453,-0.0256505095077666,-0.0256324116742694,-0.025613556285437,-0.0255938837771246,-0.0255733348444451,-0.025551850487208,-0.0255293720546867,-0.0255058412896874,-0.0254812003718986,-0.0254553919604994,-0.0254283592360113,-0.0254000459413733,-0.0253703964222248,-0.0253393556663821,-0.0253068693424895,-0.0252728838378342,-0.0252373462953126,-0.0252002046495381,-0.0251614076620795,-0.0251209049558202,-0.0250786470484303,-0.0250345853849503,-0.0249886723694782,-0.0249408613959562,-0.0248911068780513,-0.0248393642781258,-0.0247855901352978,-0.0247297420925893,-0.0246717789231597,-0.0246116605556267,-0.0245493480984721,-0.0244848038635367,-0.0244179913886051,-0.0243488754590828,-0.0242774221287717,-0.0242035987397444,-0.0241273739413207,-0.0240487177081479,-0.0239676013573932,-0.023883997565052,-0.0237978803813802,-0.0237092252454522,-0.0236180089988503,-0.0235242098984934,-0.0234278076286103,-0.023328783311864,-0.0232271195196313,-0.0231228002814456,-0.0230158110936083,-0.0229061389269756,-0.0227937722339265,-0.0226787009545171,-0.022560916521828,-0.0224404118665071,-0.0223171814205155,-0.0221912211200835,-0.0220625284078805,-0.0219311022344067,-0.021796943058611,-0.0216600528477406,-0.0215204350764281,-0.0213780947250196,-0.021233038277151,-0.021085273716573,-0.0209348105232343,-0.0207816596686222,-0.0206258336103654,-0.0204673462861054,-0.0203062131066424,-0.0201424509483584,-0.0199760781449218,-0.0198071144782758,-0.0196355811689127,-0.0194615008654391,-0.0192848976334337,-0.0191057969436021,-0.0189242256592296,-0.0187402120229321,-0.0185537856427098,-0.0183649774773066,-0.0181738198208799,-0.0179803462869848,-0.0177845917918775,-0.0175865925371406,-0.0173863859916323,-0.0171840108727617,-0.016979507127094,-0.016772915910289,-0.0165642795663746,-0.0163536416063628,-0.0161410466862105,-0.0159265405841336,-0.0157101701772756,-0.0154919834177385,-0.0152720293079816,-0.0150503578755932,-0.0148270201474437,-0.014602068123224,-0.014375554748378,-0.0141475338864377,-0.0139180602907667,-0.0136871895757222,-0.0134549781872443,-0.013221483372886,-0.0129867631512908,-0.0127508762811319,-0.0125138822295215,-0.0122758411399042,-0.0120368137994489,-0.0117968616059503,-0.0115560465342565,-0.0113144311022355,-0.0110720783362983,-0.0108290517364935,-0.0105854152411916,-0.0103412331913768,-0.0100965702945655,-0.00985149158836898,-0.0096060624037202,-0.00936034832778552,-0.00911441516658375,-0.00886832890733524,-0.00862215568056345,-0.00837596172197211,-0.00812981333412179,-0.00788377684793077,-0.00763791858402646,-0.00739230481397332,-0.00714700172140381,-0.006902075363079,-0.00665759162990638,-0.00641361620794316,-0.00617021453941469,-0.00592745178377697,-0.00568539277885228,-0.0054441020020684,-0.00520364353183233,-0.0049640810090694,-0.00472547759895861,-0.00448789595289495,-0.00425139817071038,-0.00401604576318527,-0.00378189961488202,-0.00354901994733289,-0.00331746628261394,-0.00308729740733689,-0.00285857133709074,-0.00263134528136484,-0.00240567560898492,-0.00218161781409353,-0.00195922648270616,-0.00173855525987425,-0.00151965681748569,-0.00130258282273285,-0.00108738390727794,-0.000874109637145003,-0.000662808483367532,-0.000453527793420015,-0.000246313763461164,-4.12114114160031e-05,0.000161735449076696,0.000362484233825847,0.000560993612333297,0.000757223531098584,0.000951135235959737,0.00114269129344741,0.00133185561113055,0.00151859345693266,0.0017028714773985,0.0018846577148923,0.00206392162370929,0.00224063408508375,0.00241476742107733,0.00258629540733234,0.00275519328467603,0.00292143776956316,0.00308500706334481,0.00324588086035281,0.00340404035479006,0.00355946824641822,0.00371214874503473,0.00386206757373286,0.00400921197093939,0.00415357069122662,0.00429513400489544,0.00443389369632763,0.00456984306110679,0.00470297690190869,0.0048332915231623,0.00496078472448508,0.00508545579289673,0.00520730549381638,0.00532633606085001,0.00544255118437544,0.00555595599893389,0.00566655706943848,0.00577436237621082,0.00587938129885757,0.00598162459900078,0.00608110440187618,0.00617783417681569,0.00627182871663071,0.00636310411591485,0.00645167774828477,0.00653756824257903,0.00662079545803602,0.00670138045847318,0.00677934548549096,0.00685471393072604,0.00692751030717944,0.0069977602196454,0.00706549033426865,0.00713072834725821,0.00719350295278663,0.00725384381010438,0.00731178150990067,0.00736734753994231,0.00742057425002299,0.0074714948162564,0.00752014320474654,0.00756655413467,0.00761076304080521,0.00765280603554443,0.00769271987042507,0.00773054189721746,0.00776631002860681,0.00780006269850712,0.00783183882204585,0.00786167775525838,0.007889619254531,0.00791570343583172,0.00793997073376856,0.00796246186051558,0.00798321776464695,0.0080022795899197,0.00801968863404629,0.00803548630749733,0.00804971409237543,0.00806241350140006,0.00807362603704435,0.00808339315086453,0.008091756203062,0.00809875642231876,0.00810443486594678,0.00810883238039023,0.00811198956212031,0.00811394671896278,0.0081147438318971,0.00811442051736557,0.00811301599013011,0.00811056902671417,0.00810711792946686,0.00810270049128622,0.00809735396103902,0.00809111500971124,0.00808401969732432,0.00807610344065105,0.00806740098176434,0.00805794635745241,0.0080477728695321,0.00803691305609005,0.0080253986636825,0.00801326062052317,0.00800052901068756,0.0079872330493605,0.00797340105915395,0.00795906044752083,0.00794423768528971,0.00792895828634392,0.00791324678846768,0.00789712673538157,0.0078806206599883,0.0078637500688484,0.00784653542790501,0.00782899614947484,0.00781115058052155,0.00779301599222716,0.00777460857087629,0.00775594341006647,0.00773703450425742,0.00771789474366975,0.00769853591054227,0.00767896867675677,0.00765920260283773,0.00763924613833349,0.00761910662358513,0.00759879029288653,0.00757830227903725,0.00755764661929065,0.00753682626269793,0.00751584307884758,0.00749469786799905,0.00747339037260689,0.00745191929023144,0.00743028228783011,0.00740847601742316,0.00738649613312614,0.00736433730953946,0.00734199326148403,0.007319456765071,0.00729671968009289,0.0072737729737227,0.00725060674550572,0.00722721025362613,0.00720357194243049,0.00717967947118856,0.00715551974407106,0.00713107894132261,0.00710634255160652,0.0070812954054971,0.00705592171009323,0.00703020508472622,0.00700412859773409,0.0069776748042726,0.00695082578513222,0.00692356318652897,0.00689586826083622,0.0068677219082229,0.00683910471916213,0.00680999701777327,0.00678037890595957,0.00675023030830185,0.00671953101766734,0.00668826074149203,0.00665639914869376,0.00662392591717173,0.00659082078184725,0.00655706358319969,0.00652263431625006,0.00648751317994413,0.00645168062688551,0.00641511741336823,0.00637780464965703,0.00633972385046324,0.00630085698556244,0.00626118653049925,0.00622069551732451,0.00617936758530906,0.0061371870315775,0.00609413886160445,0.00605020883951521,0.00600538353813152,0.00595965038870355,0.00591299773026819,0.00586541485857356,0.00581689207450864,0.00576742073197648,0.00571699328514937,0.00566560333504372,0.00561324567535254,0.00555991633747282,0.00550561263466529,0.00545033320528402,0.00539407805501302,0.00533684859804757,0.00527864769715853,0.00521947970257724,0.00515935048963889,0.00509826749512328,0.00503623975223202,0.00497327792414134,0.00490939433607093,0.00484460300580984,0.00477891967264079,0.00471236182460505,0.00464494872405113,0.00457670143141159,0.00450764282715361,0.00443779763184953,0.00436719242431499,0.00429585565776319,0.00422381767392526,0.0041511107150884,0.0040777689340051,0.0040038284016291,0.00392932711263427,0.00385430498867519,0.00377880387935008,0.0037028675608282,0.00362654173210592,0.00354987400885759,0.00347291391485,0.0033957128708918,0.00331832418129146,0.00324080301779885,0.00316320640100903,0.00308559317920905,0.00300802400465144,0.00293056130724019,0.00285326926561837,0.00277621377564887,0.00269946241628333,0.0026230844128167,0.00254715059752816,0.00247173336771213,0.00239690664110619,0.00232274580872629,0.00224932768512242,0.00217673045607134,0.00210503362372614,0.00203431794924582,0.0019646653929316,0.00189615905189965,0.00182888309532361,0.00176292269728341,0.00169836396726063,0.00163529387832406,0.00157380019305249,0.00151397138724558,0.00145589657147654,0.00139966541054408,0.00134536804088432,0.00129309498600689,0.00124293707002297,0.001194985329336,0.00114933092256961,0.00110606503881018,0.00106527880424482,0.00102706318727859,0.000991508902218198,0.000958706311612171,0.00092874532734068,0.000901715310550906,0.000877704970536775,0.000856802262664775,0.000839094285450119,0.000824667176890064,0.000813606010163685,0.000805994688809789,0.000801915841496824,0.000801450716500843,0.000804679076009616,0.000811679090372776,0.000822527232419738,0.000837298171968737,0.000856064670651872,0.000878897477182335,0.000905865223191223,0.000937034319762324,0.000972468854794163,0.00101223049131929,0.00105637836691135,0.00110496899431086,0.00115805616340109,0.0012156908446652,0.00127792109425575,0.0013447919608076,0.00141634539412438,0.00149262015586856,0.00157365173238358,0.00165947224977638,0.00175011039138685,0.00184559131776976,0.00194593658931258,0.00205116409161126,0.00216128796372388,0.00227631852942034,0.00239626223154378,0.00252112156959653,0.00265089504066147,0.00278557708376597,0.00292515802779362,0.00306962404304496,0.00321895709654523,0.00337313491119376,0.00353213092884604,0.0036959142774155,0.00386444974207813,0.00403769774065817,0.00421561430327013,0.00439815105628695,0.0045852552106996,0.00477686955492921,0.00497293245214819,0.00517337784216135,0.00537813524789321,0.00558712978652199,0.00580028218529598,0.0060175088020625,0.00623872165053458,0.00646382843031533,0.00669273256169372,0.00692533322522032,0.00716152540606535,0.0074011999431564,0.0076442435830869,0.00789053903878086,0.0081399650528939,0.00839239646592403,0.00864770428899923,0.0089057557813038,0.00916641453209935,0.00942954054729131,0.0096949903404848,0.00996261702846933,0.010232270431065,0.0105037971752572,0.0107770408035418,0.0110518418863961,0.0113280381387861,0.0116054645406162,0.0118839534610188,0.0121633347863806,0.0124434360519932,0.012724082577214,0.0130050976040153,0.0132863024387972,0.0135675165973318,0.0138485579527041,0.0141292428861084,0.0144093864403561,0.0146888024759469,0.0149673038295503,0.015244702474744,0.0155208096848477,0.0157954361976905,0.0160683923821431,0.0163394884062461,0.0166085344067579,0.0168753406599498,0.0171397177534664,0.0174014767590713,0.0176604294060894,0.0179163882553633,0.018169166873535,0.0184185800074603,0.0186644437585694,0.0189065757569819,0.0191447953351804,0.0193789237010525,0.0196087841101043,0.019834202036653,0.0200550053438021,0.0202710244520044,0.0204820925060184,0.0206880455400631,0.0208887226409801,0.0210839661092113,0.0212736216174005,0.0214575383664314,0.021635569238713,0.0218075709485277,0.0219734041892577,0.0221329337773108,0.0222860287925673,0.0224325627151745,0.022572413558518,0.0227054639982032,0.022831601496886,0.022950718424792,0.0230627121757694,0.0231674852787254,0.0232649455042991,0.0233550059666312,0.0234375852200938,0.0235126073508514,0.0235800020631272,0.023639704760057,0.0236916566190159,0.0237358046613112,0.0237721018161401,0.0238005069787202,0.0238209850625049,0.023833507045403,0.0238380500099287,0.0238345971772165,0.0238231379348365,0.0238036678583614,0.0237761887266411,0.0237407085307473,0.0236972414765603,0.023645807980974,0.0235864346617045,0.0235191543206962,0.02344400592113,0.0233610345580407,0.0232702914225625,0.0231718337598291,0.0230657248205614,0.0229520338063835,0.0228308358089157,0.0227022117427009,0.0225662482720292,0.0224230377317363,0.0222726780420537,0.0221152726176021,0.0219509302706208,0.0217797651085383,0.0216018964259933,0.0214174485914245,0.0212265509283533,0.0210293375914914,0.0208259474378118,0.0206165238927274,0.0204012148115287,0.0201801723362385,0.0199535527480484,0.0197215163155046,0.019484227138622,0.0192418529891041,0.0189945651468577,0.0187425382329936,0.0184859500395061,0.0182249813558315,0.0179598157924871,0.0176906396019988,0.0174176414973289,0.0171410124680168,0.016860945594251,0.0165776358590925,0.0162912799590724,0.0160020761133881,0.015710223871924,0.0154159239223248,0.0151193778963505,0.01482078817574,0.0145203576978141,0.0142182897610472,0.0139147878308394,0.0136100553457193,0.0133042955242043,0.0129977111725472,0.0126905044935927,0.0123828768969693,0.0120750288108401,0.0117671594954319,0.011459466858561,0.0111521472733695,0.0108453953984834,0.0105394040007993,0.0102343637811049,0.00993046320273256,0.00962788832343963,0.00932682263070961,0.00902744688065659,0.00872993894071429,0.00843447363628618,0.0081412226015263,0.00785035413441282,0.00756203305627263,0.00727642057590846,0.00699367415847401,0.00671394739923522,0.00643738990234894,0.00616414716478349,0.0058943604654982,0.0056281667599922,0.00536569858032482,0.00510708394070263,0.00485244624872049,0.00460190422233608,0.00435557181264999,0.00411355813255543,0.0038759673913135,0.00364289883510198,0.00341444669357694,0.00319070013247917,0.00297174321230822,0.00275765485307953,0.00254850880517155,0.00234437362626204,0.00214531266434411,0.0019513840468046,0.00176264067553948,0.00157913022807282,0.00140089516463811,0.00122797274117301,0.00106039502817093,0.00089818893532494,0.000741376241892488,0.000589973632701457,0.000443992739711419,0.000303440189036537,0.000168317653329774,3.86219094213402e-05,-8.56550989022282e-05,-0.000204526193098319,-0.000318008887173923,-0.000426125310228796,-0.000528902124373869,-0.000626370438168184,-0.000718565715722909,-0.00080552768162593,-0.00088730022184536,-0.000963931280774767,-0.00103547275458725,-0.00110198038106938,-0.00116351362610968,-0.00122013556701999,-0.00127191277287082,-0.00131891518202524,-0.00136121597705769,-0.00139889145724705,-0.00143202090883489,-0.00146068647324194,-0.00148497301343672,-0.00150496797865158,-0.00152076126764235,-0.00153244509068794,-0.00154011383052683,-0.00154386390242705,-0.00154379361358594,-0.00154000302205521,-0.00153259379538605,-0.00152166906918748,-0.00150733330579,-0.00148969215320423,-0.0014688523045626,-0.00144492135822966,-0.00141800767876361,-0.0013882202589093,-0.00135566858279932,-0.00132046249053674,-0.00128271204432906,-0.00124252739633951,-0.00120001865841728,-0.00115529577386428,-0.00110846839139138,-0.00105964574141241,-0.00100893651481932,-0.000956448744376689,-0.000902289688868563,-0.000846565720125243,-0.000789382213051955,-0.00073084343877576,-0.000671052461021041,-0.000610111035818065,-0.000548119514643,-0.000485176751081643,-0.000421380011102752,-0.000356824887020591,-0.0002916052152199,-0.000225812997710018,-0.000159538327568402,-9.28693183272156e-05,-2.58920373500625e-05,4.13095567606066e-05,0.00010865367269149,0.000176060740854488,0.000243453463710045,0.000310756861963553,0.000377898316627097,0.000444807606945262,0.000511416944190101,0.000577661001336779,0.000643476938637646,0.000708804425118657,0.00077358565602815,0.000837765366274008,0.000901290839891045,0.00096411191558623,0.00102618098841508,0.00108745300764792,0.00114788547089014,0.00120743841452585,0.00126607440055948,0.00132375849993456,0.00138045827241392,0.00143614374310987,0.00149078737575746,0.00154436404282815,0.00159685099258517,0.00164822781318554,0.00169847639393776,0.00174758088382711,0.0017955276474241,0.00184230521829425,0.00188790425003032,0.00193231746503063,0.00197553960114947,0.00201756735634767,0.00205839933147332,0.00209803597130412,0.00213647950398462,0.0021737338789926,0.0022098047037697,0.00224469917915219,0.00227842603373821,0.00231099545732785,0.00234241903357257,0.00237270967197051,0.00240188153934406,0.00242994999093475,0.00245693150124984,0.00248284359479366,0.00250770477681539,0.00253153446420309,0.00255435291665246,0.00257618116823637,0.00259704095949916,0.00261695467019694,0.00263594525280245,0.0026540361668894,0.00267125131450899,0.00268761497666736,0.00270315175100974,0.00271788649081233,0.00273184424537996,0.00274505020194291,0.00275752962914251,0.00276930782219011,0.00278041004977944,0.00279086150282801,0.00280068724511807,0.00280991216590216,0.00281856093453376,0.0028266579571778,0.00283422733565062,0.00284129282843355,0.00284787781389885,0.00285400525578065,0.00285969767091814,0.00286497709929226,0.00286986507637128,0.00287438260777507,0.00287855014626189,0.0028823875710358,0.00288591416936678,0.00288914862050965,0.0028921089819023,0.00289481267761805,0.00289727648904111,0.00289951654772858,0.00290154833041657,0.00290338665612318,0.00290504568529554,0.00290653892094305,0.00290787921169345,0.00290907875670381,0.00291014911235372,0.00291110120064377,0.00291194531921771,0.00291269115292273,0.00291334778681843,0.00291392372054136,0.00291442688392901,0.00291486465380385,0.00291524387181528,0.00291557086323523,0.00291585145660071,0.00291609100409483,0.00291629440255677,0.00291646611501017,0.00291661019259951,0.00291673029682286,0.0029168297219501,0.00291691141751613,0.00291697801077986,0.00291703182904166,0.00291707492171402,0.00291710908204305,0.00291713586838176,0.00291715662491966,0.00291717250177768,0.00291718447438224,0.00291719336203774,0.00291719984562317,0.00291720448434531,0.00291720773148758,0.00291720994910274,0.00291721142160569,0.00291721236823247,0.00291721295434137,0.00291721330154342,0,-6.49955498404345e-05,-6.46351336526275e-05,-6.4203841821992e-05,-6.37019336994548e-05,-6.31299020900566e-05,-6.2488488185913e-05,-6.1778696362611e-05,-6.10018086101448e-05,-6.01593983337477e-05,-5.92533432235975e-05,-5.82858368578043e-05,-5.72593986719215e-05,-5.61768819018274e-05,-5.50414790875444e-05,-5.38567247157333e-05,-5.26264945803672e-05,-5.13550014567951e-05,-5.00467867159638e-05,-4.87067075540491e-05,-4.73399195783895e-05,-4.5951854575219e-05,-4.45481933863635e-05,-4.3134833936879e-05,-4.17178545833474e-05,-4.0303473087153e-05,-3.88980016527035e-05,-3.75077986028228e-05,-3.61392173854297e-05,-3.47985537105669e-05,-3.349199169863e-05,-3.22255499742184e-05,-3.10050286627494e-05,-2.9835958236836e-05,-2.8723551113179e-05,-2.7672656824235e-05,-2.66877214831081e-05,-2.57727521294289e-05,-2.49312863970217e-05,-2.41663677857363e-05,-2.34805266573763e-05,-2.28757669166356e-05,-2.23535581897103e-05,-2.19148331795905e-05,-2.15599897617582e-05,-2.12888972908388e-05,-2.11009065184697e-05,-2.09948624756962e-05,-2.09691196475618e-05,-2.10215587617855e-05,-2.11496045254599e-05,-2.13502436686584e-05,-2.16200426905056e-05,-2.19551647471766e-05,-2.23513851699639e-05,-2.28041051532095e-05,-2.33083632033017e-05,-2.38588439907188e-05,-2.44498842967952e-05,-2.50754757942463e-05,-2.57292644477067e-05,-2.64045463686468e-05,-2.70942600105436e-05,-2.77909746482122e-05,-2.84868751544956e-05,-2.9173743174642e-05,-2.98429349104611e-05,-3.04853558713209e-05,-3.10914331389423e-05,-3.16510859409789e-05,-3.21536956495649e-05,-3.25880767321029e-05,-3.29424506996952e-05,-3.32044257429086e-05,-3.336098552767e-05,-3.33984915540275e-05,-3.33027045505566e-05,-3.30588315572856e-05,-3.26516065757053e-05,-3.20654138231766e-05,-3.12844635391965e-05,-3.02930306911842e-05,-2.90757664635354e-05,-2.76180906455476e-05,-2.59066694687075e-05,-2.39299776096896e-05,-2.16789346453644e-05,-1.91475952206711e-05,-1.63338591146946e-05,-1.32401535576122e-05,-9.8740277004513e-06,-6.24859094064878e-06,-2.38272603193595e-06,1.69898273761704e-06,5.96664527421908e-06,1.03857932543948e-05,1.49184100224019e-05,1.95241955948623e-05,2.41619688803119e-05,2.87910918835418e-05,3.33728002413301e-05,3.78713406775904e-05,4.22548449476061e-05,4.649590524728e-05,5.0571851059529e-05,5.44647563893788e-05,5.81612259944585e-05,6.16520187454003e-05,6.49315668633473e-05,6.7997443862568e-05,7.08498242859546e-05,7.34909671778524e-05,7.59247444853724e-05,7.81562263134513e-05,8.01913276719602e-05,8.2036516096591e-05,8.3698576082003e-05,8.51844242942051e-05,8.65009686604784e-05,8.76550043303189e-05,8.86531398827462e-05,8.95017478110102e-05,9.0206934094251e-05,9.07745224650487e-05,9.1210049742402e-05,9.15187692847696e-05,9.17056602135428e-05,9.17754405632314e-05,9.17325829339014e-05,9.15813315623456e-05,9.13257200019146e-05,9.09695888187895e-05,9.0516602881412e-05,8.99702679505923e-05,8.93339463789253e-05,8.86108718030987e-05,8.78041627681474e-05,8.69168352642486e-05,8.59518141866416e-05,8.49119437493903e-05,8.37999968973996e-05,8.26186837695657e-05,8.13706592703118e-05,8.00585298089554e-05,7.86848592673368e-05,7.72521742552351e-05,7.57629687098086e-05,7.42197078928948e-05,7.26248318365721e-05,7.09807582853763e-05,6.92898851789286e-05,6.7554592715984e-05,6.5777245037933e-05,6.39601915668432e-05,6.21057680299996e-05,6.02162972005039e-05,5.82940893807775e-05,5.6341442653797e-05,5.43606429252346e-05,5.23539637767795e-05,5.03236661502926e-05,4.82719978810572e-05,4.62011930951597e-05,4.41134714853917e-05,4.2011037479783e-05,3.9896079315118e-05,3.77707680279862e-05,3.56372563739618e-05,3.34976776841097e-05,3.13541446687266e-05,2.92087481756414e-05,2.7063555910754e-05,2.49206111288007e-05,2.27819313014929e-05,2.06495067693289e-05,1.85252993822821e-05,1.64112411352047e-05,1.43092328025902e-05,1.22211425779492e-05,1.01488047220709e-05,8.09401822415585e-06,6.05854547929691e-06,4.04411098635718e-06,2.05240007047306e-06,8.50576323705929e-08,-1.85631307276016e-06,-3.77015162470514e-06,-5.65494159344027e-06,-7.509211657355e-06,-9.33153668259724e-06,-1.11205387611224e-05,-1.28748882051444e-05,-1.45933044970971e-05,-1.62745571930462e-05,-1.79174667792117e-05,-1.95209054806474e-05,-2.10837980202392e-05,-2.26051223274478e-05,-2.40839101957706e-05,-2.55192478872809e-05,-2.69102766842742e-05,-2.82561933876661e-05,-2.95562507620795e-05,-3.08097579263273e-05,-3.20160806898534e-05,-3.31746418344454e-05,-3.42849213405385e-05,-3.53464565576002e-05,-3.63588423190802e-05,-3.73217310013869e-05,-3.82348325261763e-05,-3.90979143058117e-05,-3.99108011317015e-05,-4.06733750054917e-05,-4.13855749124828e-05,-4.20473965374885e-05,-4.26588919225281e-05,-4.32201690659722e-05,-4.37313914618421e-05,-4.41927775786275e-05,-4.4604600277269e-05,-4.49671861670609e-05,-4.52809148987062e-05,-4.55462183939579e-05,-4.57635800096955e-05,-4.59335336355175e-05,-4.60566627239149e-05,-4.613359925196e-05,-4.61650226130754e-05,-4.61516584373978e-05,-4.60942773399184e-05,-4.59936935948762e-05,-4.58507637350778e-05,-4.56663850746369e-05,-4.5441494154929e-05,-4.51770651133309e-05,-4.48741079739252e-05,-4.45336668598948e-05,-4.41568181284331e-05,-4.37446684294724e-05,-4.32983526896082e-05,-4.28190320229446e-05,-4.2307891571349e-05,-4.17661382775651e-05,-4.11949985952053e-05,-4.05957161405792e-05,-3.99695492919244e-05,-3.9317768742296e-05,-3.86416550137427e-05,-3.7942495940621e-05,-3.72215841315847e-05,-3.64802144197053e-05,-3.57196813115463e-05,-3.49412764465004e-05,-3.41462860776317e-05,-3.33359885865197e-05,-3.25116520449613e-05,-3.16745318365026e-05,-3.0825868350892e-05,-2.99668847649551e-05,-2.90987849219408e-05,-2.8222751321764e-05,-2.73399432336877e-05,-2.64514949428448e-05,-2.55585141406217e-05,-2.46620804673645e-05,-2.37632442151277e-05,-2.28630251968764e-05,-2.19624117866858e-05,-2.10623601338833e-05,-2.01637935524183e-05,-1.92676020852583e-05,-1.83746422417318e-05,-1.74857369035723e-05,-1.66016753943973e-05,-1.57232137056309e-05,-1.4851074869939e-05,-1.39859494719318e-05,-1.31284962848971e-05,-1.22793430209697e-05,-1.14390871812425e-05,-1.06082969918977e-05,-9.78751241230164e-06,-8.97724619999558e-06,-8.17798501762893e-06,-7.39019056712146e-06,-6.61430073650021e-06,-5.85073074579195e-06,-5.0998742789389e-06,-4.36210458915759e-06,-3.6377755667687e-06,-2.92722275910522e-06,-2.23076433370547e-06,-1.54870197700135e-06,-8.8132172193587e-07,-2.28894699388048e-07,4.08322190333793e-07,1.03008568859073e-06,1.63616567294689e-06,2.22634473545646e-06,2.80041784374383e-06,3.35819208252455e-06,3.89948647249068e-06,4.4241318623451e-06,4.93197088910057e-06,5.42285800120799e-06,5.8966595388385e-06,6.3532538649505e-06,6.79253154044299e-06,7.21439553652559e-06,7.61876147727623e-06,8.00555790563939e-06,8.37472656594652e-06,8.72622269635758e-06,9.06001532467293e-06,9.3760875613004e-06,9.67443688371875e-06,9.9550754072697e-06,1.02180301372592e-05,1.04633431980902e-05,1.06910720350734e-05,1.09012895852523e-05,1.10940844146278e-05,1.12695608194312e-05,1.14278388890048e-05,1.15690545286259e-05,1.1693359441318e-05,1.18009210680467e-05,1.18919224859045e-05,1.19665622645765e-05,1.20250542813109e-05,1.20676274948115e-05,1.20945256792421e-05,1.21060071192752e-05,1.21023442676699e-05,1.20838233673305e-05,1.20507440394451e-05,1.20034188396201e-05,1.1942172784018e-05,1.18673428476353e-05,1.17792774371435e-05,1.16783358404945e-05,1.15648876550748e-05,1.14393121964885e-05,1.13019978905567e-05,1.11533416511473e-05,1.09937482457578e-05,1.08236296512019e-05,1.0643404401124e-05,1.04534969273314e-05,1.02543368972734e-05,1.00463585495101e-05,9.83000002860012e-06,9.60570272130323e-06,9.37391059622778e-06,9.1350695482894e-06,8.88962674890081e-06,8.63803000364545e-06,8.38072711899923e-06,8.11816527918324e-06,7.85079043440044e-06,7.57904670136041e-06,7.30337577694706e-06,7.02421636572612e-06,6.7420036223946e-06,6.45716861006479e-06,6.17013777501427e-06,5.88133243857591e-06,5.59116830686074e-06,5.30005499846473e-06,5.00839559091585e-06,4.71658618619517e-06,4.42501549527581e-06,4.13406444213591e-06,3.84410578763497e-06,3.55550377314183e-06,3.26861378406335e-06,2.98378203333199e-06,2.70134526485482e-06,2.42163047691618e-06,2.14495466550196e-06,1.87162458763733e-06,1.60193654429562e-06,1.33617618281161e-06,1.07461831880956e-06,8.17526777390984e-07,5.65154253324637e-07,3.17742189609796e-07,7.5520674553374e-08,-1.6129164269723e-07,-3.92487618872464e-07,-6.17871666385404e-07,-8.37259786059044e-07,-1.05047958313433e-06,-1.25737026713743e-06,-1.45778263620916e-06,-1.65157904647838e-06,-1.83863336630351e-06,-2.01883091551728e-06,-2.19206839091862e-06,-2.35825377845143e-06,-2.51730625249694e-06,-2.66915606239419e-06,-2.81374440677488e-06,-2.95102329643006e-06,-3.08095540607883e-06,-3.20351391554577e-06,-3.31868234101917e-06,-3.42645435661131e-06,-3.52683360660064e-06,-3.61983350909926e-06,-3.7054770518994e-06,-3.78379658058647e-06,-3.85483357929171e-06,-3.9186384446872e-06,-3.97527025360663e-06,-4.02479652510373e-06,-4.06729297742787e-06,-4.10284327974093e-06,-4.13153879892918e-06,-4.15347834211745e-06,-4.16876789553246e-06,-4.17752035984046e-06,-4.17985528259213e-06,-4.17589858791624e-06,-4.16578230346201e-06,-4.14964428540991e-06,-4.12762794208248e-06,-4.09988195608502e-06,-4.06656000523885e-06,-4.02782048304715e-06,-3.98382621870016e-06,-3.93474419702403e-06,-3.88074527819544e-06,-3.82200391792729e-06,-3.75869788839158e-06,-3.69100800015794e-06,-3.61911782511756e-06,-3.54321342077839e-06,-3.46348305634361e-06,-3.38011694054133e-06,-3.293306951529e-06,-3.20324636913626e-06,-3.1101296094219e-06,-3.01415196208004e-06,-2.91550933058295e-06,-2.81439797523205e-06,-2.71101425959857e-06,-2.60555440083181e-06,-2.49821422369616e-06,-2.38918891827013e-06,-2.27867280152855e-06,-2.16685908303697e-06,-2.05393963511203e-06,-1.94010476762662e-06,-1.82554300741811e-06,-1.71044088255988e-06,-1.59498271167218e-06,-1.47935039888653e-06,-1.36372323413479e-06,-1.24827769869534e-06,-1.13318727656096e-06,-1.01862227148974e-06,-9.04749629822114e-07,-7.91732769870809e-07,-6.79731417820365e-07,-5.68901449522069e-07,-4.59394738793265e-07,-3.51359012462117e-07,-2.44937711850815e-07,-1.40269860881941e-07,-3.74899407126067e-08,6.32722286248583e-08,1.61891599481136e-07,2.58248000893635e-07,3.52226235762233e-07,4.43716171087856e-07,5.32612821083078e-07,6.18816423251893e-07,7.02232507447317e-07,7.82771957964085e-07,8.60351068460857e-07,9.34891589679e-07,1.00632077023287e-06,1.07457139047681e-06,1.13958178940814e-06,1.20129588445858e-06,1.25966318451683e-06,1.31463879613283e-06,1.36618342307104e-06,1.41426335947478e-06,1.4588504768636e-06,1.49992220477551e-06,1.53746150489617e-06,1.57145683887371e-06,1.60190212997527e-06,1.62879671885933e-06,1.65214531360359e-06,1.67195793402374e-06,1.68824985019665e-06,1.70104151542196e-06,1.71035849375056e-06,1.71623138217614e-06,1.71869572787326e-06,1.71779194050193e-06,1.71356519939898e-06,1.70606535599555e-06,1.6953468319628e-06,1.68146851301475e-06,1.66449363826846e-06,1.64448968548603e-06,1.62152825207949e-06,1.59568493193502e-06,1.56703918854136e-06,1.53567422465483e-06,1.50167684833183e-06,1.46513733576253e-06,1.42614929099158e-06,1.38480950257099e-06,1.34121779701759e-06,1.29547688921313e-06,1.24769223007991e-06,1.19797185192932e-06,1.14642621131238e-06,1.09316802935321e-06,1.0383121298585e-06,9.81975275650762e-07,9.24276003011482e-07,8.65334454349699e-07,8.05272209418624e-07,7.4421211484349e-07,6.82278112274642e-07,6.19595065434742e-07,5.56288585955994e-07,4.92484858042978e-07,4.28310462492754e-07,3.63892199622094e-07,2.99356911658694e-07,2.34831304705627e-07,1.704417699833e-07,1.06314204586545e-07,4.25738323536068e-08,-2.06549748736976e-08,-8.32488756706204e-08,-1.45085737110993e-07,-2.06044811770605e-07,-2.6600691419628e-07,-3.24854596596945e-07,-3.82472323479967e-07,-4.38746644820798e-07,-4.93566367472734e-07,-5.46822725059661e-07,-5.98409545902491e-07,-6.48223418948934e-07,-6.9616385722001e-07,-7.42133459163616e-07,-7.86038067622855e-07,-8.27786925949002e-07,-8.67292830517528e-07,-9.04472280105137e-07,-9.3924562224925e-07,-9.71537195999274e-07,-1.00127547076126e-06,-1.02839318097403e-06,-1.05282745623513e-06,-1.07451994648539e-06,-1.09341694273877e-06,-1.10946949321948e-06,-1.12263351451786e-06,-1.1328698974267e-06,-1.14014460736098e-06,-1.14442877856107e-06,-1.145698802189e-06,-1.14393640870871e-06,-1.13912874403089e-06,-1.13126843898168e-06,-1.12035367206241e-06,-1.10638822539959e-06,-1.08938153391396e-06,-1.06934872739703e-06,-1.04631066546491e-06,-1.02029396486982e-06,-9.91331019118032e-07,-9.59460010553116e-07,-9.24724914794228e-07,-8.87175497440995e-07,-8.46867303063228e-07,-8.03861636130242e-07,-7.58225533579668e-07,-7.10031729370987e-07,-6.59358611120042e-07,-6.06290168565608e-07,-5.50915933807301e-07,-4.93330913592382e-07,-4.3363551369309e-07,-3.71935455545369e-07,-3.08341685157677e-07,-2.42970273693112e-07,-1.75942310255695e-07,-1.07383787237292e-07,-3.74254781861441e-08,3.37971917188651e-08,1.06144282309775e-07,1.79471482186083e-07,2.53630259463948e-07,3.2846801911908e-07,4.03828266980558e-07,4.79550780257618e-07,5.55471784020878e-07,6.31424133794994e-07,7.07237503882845e-07,7.82738581069954e-07,8.57751263583402e-07,9.32096865315611e-07,1.0055943246599e-06,1.07806041784939e-06,1.14930997675757e-06,1.21915611078424e-06,1.2874104324068e-06,1.35388328620974e-06,1.41838398138878e-06,1.48072102723346e-06,1.54070237149469e-06,1.59813564164744e-06,1.65282838871395e-06,1.7045883331044e-06,1.75322361212205e-06,1.79854302892468e-06,1.84035630267261e-06,1.8784743196611e-06,1.91270938588398e-06,1.94287548052445e-06,1.96878850952133e-06,1.99026655900957e-06,2.00713014852482e-06,2.01920248399899e-06,2.02630971047214e-06,2.02828116433861e-06,2.02494962482994e-06,2.0161515641515e-06,2.00172739604852e-06,1.9815217226311e-06,1.95538357941009e-06,1.9231666785564e-06,1.8847296503503e-06,1.83993628260961e-06,1.78865575725922e-06,1.73076288362013e-06,1.6661383288076e-06,1.59466884514393e-06,1.51624749431586e-06,1.43077386754748e-06,1.33815430159497e-06,1.23830209038112e-06,1.13113769194435e-06,1.01658893108918e-06,8.94591197335426e-07,7.65087638036378e-07,6.28029346196393e-07,4.83375542518864e-07,3.31093751479786e-07,1.71159971200548e-07,3.55883656138339e-09,-1.71716224202541e-07,-3.54662839751989e-07,-5.45269552871576e-07,-7.43515685152664e-07,-9.49371209346336e-07,-1.1627966298661e-06,-1.38374287161989e-06,-1.61215117752689e-06,-1.84795301497002e-06,-2.09106999108071e-06,-2.34141377711619e-06,-2.59888604248106e-06,-2.86337839834703e-06,-3.13477235132972e-06,-3.41293926755908e-06,-3.69774034694563e-06,-3.98902660813955e-06,-4.28663888450871e-06,-4.59040783124063e-06,-4.90015394383116e-06,-5.21568758798593e-06,-5.53680904089981e-06,-5.86330854437326e-06,-6.19496636986017e-06,-6.53155289545831e-06,-6.87282869552691e-06,-7.21854464290871e-06,-7.56844202319702e-06,-7.92225266155362e-06,-8.27969906255777e-06,-8.64049456302408e-06,-9.00434349772501e-06,-9.37094137765538e-06,-9.73997508112168e-06,-1.01111230580335e-05,-1.04840555470685e-05,-1.08584348058067e-05,-1.1233915353551e-05,-1.16101442272113e-05,-1.19867612506548e-05,-1.23633993168908e-05,-1.27396846830545e-05,-1.31152372780932e-05,-1.34896710235269e-05,-1.38625941670913e-05,-1.42336096291265e-05,-1.46023153614581e-05,-1.49683047186945e-05,-1.53311668417248e-05,-1.56904870534588e-05,-1.60458472666563e-05,-1.63968264039532e-05,-1.67430008301602e-05,-1.70839447967705e-05,-1.74192308985419e-05,-1.77484305416351e-05,-1.80711144230766e-05,-1.83868530219044e-05,-1.86952171015485e-05,-1.89957782232193e-05,-1.9288109270336e-05,-1.95717849838413e-05,-1.98463825080595e-05,-2.01114819472015e-05,-2.0366666931981e-05,-2.06115251961403e-05,-2.08456491629051e-05,-2.10686365409779e-05,-2.12800909298047e-05,-2.14796224337517e-05,-2.16668482850239e-05,-2.18413934745137e-05,-2.2002891390658e-05,-2.215098446563e-05,-2.22853248282701e-05,-2.24055749634207e-05,-2.25114083769484e-05,-2.26025102653799e-05,-2.26785781895973e-05,-2.27393227513273e-05,-2.2784468271521e-05,-2.28137534697059e-05,-2.28269321429797e-05,-2.28237738432455e-05,-2.28040645509193e-05,-2.2767607343386e-05,-2.27142230562693e-05,-2.26437509355483e-05,-2.25560492779615e-05,-2.24509960572608e-05,-2.23284895329752e-05,-2.21884488391532e-05,-2.20308145500252e-05,-2.18555492190139e-05,-2.16626378874191e-05,-2.14520885590329e-05,-2.12239326365955e-05,-2.09782253159743e-05,-2.07150459334577e-05,-2.04344982614748e-05,-2.0136710748435e-05,-1.98218366980439e-05,-1.94900543835953e-05,-1.91415670925889e-05,-1.87766030972625e-05,-1.83954155466718e-05,-1.79982822763611e-05,-1.75855055319931e-05,-1.71574116038888e-05,-1.67143503696813e-05,-1.62566947431511e-05,-1.57848400279001e-05,-1.52992031752001e-05,-1.4800221946709e-05,-1.42883539831287e-05,-1.37640757809426e-05,-1.32278815802595e-05,-1.26802821685786e-05,-1.21218036059599e-05,-1.15529858779563e-05,-1.09743814842357e-05,-1.03865539717103e-05,-9.79007642148326e-06,-9.18552990002413e-06,-8.57350188583454e-06,-7.9545846837191e-06,-7.32937383905816e-06,-6.69846656456159e-06,-6.06246019225652e-06,-5.42195066343234e-06,-4.77753106895278e-06,-4.12979025211273e-06,-3.47931148499949e-06,-2.82667122876402e-06,-2.17243798740279e-06,-1.51717126321664e-06,-8.61420620723152e-07,-2.05724864586841e-07,4.49388664189396e-07,1.10340467165525e-06,1.75582037332828e-06,2.40614583630304e-06,3.05390420351744e-06,3.69863180430105e-06,4.33987815617138e-06,4.97720586450879e-06,5.61019042783027e-06,6.23841995773134e-06,6.86149482286968e-06,7.47902722716661e-06,8.09064073314632e-06,8.69596974155005e-06,9.29465893827674e-06,9.88636271970602e-06,1.04707446075144e-05,1.10474766631674e-05,1.16162389119873e-05,1.21767187862979e-05,1.2728610596383e-05,1.327161503702e-05,1.3805438736217e-05,1.43297938523085e-05,1.48443977243343e-05,1.53489725794155e-05,1.584324530039e-05,1.63269472556933e-05,1.67998141923677e-05,1.72615861923323e-05,1.7712007691358e-05,1.81508275588146e-05,1.85777992361452e-05,1.89926809313246e-05,1.93952358660508e-05,1.97852325716052e-05,2.01624452291849e-05,2.05266540504252e-05,2.08776456929712e-05,2.12152137059611e-05,2.15391590002415e-05,2.18492903385176e-05,2.21454248404123e-05,2.24273884971747e-05,2.26950166909269e-05,2.29481547135988e-05,2.31866582808349e-05,2.34103940365111e-05,2.36192400439273e-05,2.38130862600205e-05,2.39918349893503e-05,2.41554013145537e-05,2.43037135000631e-05,2.44367133663379e-05,2.45543566328001e-05,2.4656613227576e-05,2.4743467561858e-05,2.48149187676923e-05,2.48709808982573e-05,2.49116830896719e-05,2.49370696836153e-05,2.49472003108465e-05,2.4942149935319e-05,2.49220088592494e-05,2.48868826893149e-05,2.48368922639644e-05,2.47721735425989e-05,2.46928774576645e-05,2.45991697303549e-05,2.44912306510527e-05,2.43692548257618e-05,2.42334508897902e-05,2.40840411902176e-05,2.39212614383177e-05,2.37453603331517e-05,2.3556599158002e-05,2.33552513510156e-05,2.31416020519499e-05,2.29159476266266e-05,2.26785951705872e-05,2.24298619937967e-05,2.21700750876429e-05,2.18995705759169e-05,2.16186931516222e-05,2.13277955010841e-05,2.10272377166943e-05,2.0717386700164e-05,2.03986155577797e-05,2.00713029889308e-05,1.97358326698305e-05,1.93925926338699e-05,1.90419746494202e-05,1.86843735968311e-05,1.83201868464572e-05,1.79498136387958e-05,1.75736544678713e-05,1.71921104689847e-05,1.6805582812464e-05,1.64144721049118e-05,1.60191777986065e-05,1.56200976102411e-05,1.52176269500211e-05,1.48121583616436e-05,1.44040809750149e-05,1.39937799726085e-05,1.35816360698083e-05,1.31680250100418e-05,1.27533170764171e-05,1.2337876620124e-05,1.19220616061387e-05,1.15062231768812e-05,1.10907052345774e-05,1.06758440432033e-05,1.02619678503391e-05,9.84939652940494e-06,9.43844124231055e-06,9.0294041231757e-06,8.62257798399466e-06,8.21824604202177e-06,7.81668166923918e-06,7.41814816403435e-06,7.02289854527961e-06,6.63117536893118e-06,6.24321056768955e-06,5.85922531327453e-06,5.47942990111999e-06,5.1040236576979e-06,4.73319487009644e-06,4.3671207376585e-06,4.00596734595731e-06,3.64988966246489e-06,3.29903155362084e-06,2.95352582320527e-06,2.61349427156925e-06,2.27904777530975e-06,1.9502863870223e-06,1.62729945469686e-06,1.31016575995613e-06,9.98953674660394e-07,6.93721335465712e-07,3.94516835126694e-07,1.01378430072616e-07,-1.85665235645852e-07,-4.66594890900611e-07,-7.41400383513953e-07,-1.01008041271562e-06,-1.27264224868053e-06,-1.5291014401125e-06,-1.77948151104668e-06,-2.02381364717598e-06,-2.26213637231822e-06,-2.49449521588004e-06,-2.72094237225348e-06,-2.94153635284171e-06,-3.15634163179472e-06,-3.36542828656937e-06,-3.56887163350996e-06,-3.76675185914926e-06,-3.95915364854657e-06,-4.14616581136378e-06,-4.32788090646598e-06,-4.50439486612917e-06,-4.67580662046399e-06,-4.84221772272583e-06,-5.00373197681245e-06,-5.16045506750509e-06,-5.31249419342267e-06,-5.45995770337513e-06,-5.60295473702333e-06,-5.74159487014541e-06,-5.87598776577436e-06,-6.00624283169336e-06,-6.13246888428801e-06,-6.25477381927669e-06,-6.37326428984657e-06,-6.48804539273538e-06,-6.59922036329221e-06,-6.70689027983552e-06,-6.81115377674461e-06,-6.91210676707476e-06,-7.00984217516694e-06,-7.10444967927468e-06,-7.19601546394361e-06,-7.28462198270642e-06,-7.37034773117592e-06,-7.45326703087065e-06,-7.53344982361553e-06,-7.61096147717209e-06,-7.68586260186787e-06,-7.75820887780315e-06,-7.82805089259622e-06,-7.89543399020657e-06,-7.9603981301057e-06,-8.02297775677908e-06,-8.08320167980121e-06,-8.14109296427747e-06,-8.19666883129788e-06,-8.24994056790925e-06,-8.30091344698226e-06,-8.34958665649026e-06,-8.39595323755098e-06,-8.4400000312599e-06,-8.48170763406274e-06,-8.52105036155178e-06,-8.55799622046915e-06,-8.59250688842097e-06,-8.62453770087476e-06,-8.6540376451746e-06,-8.68094936155774e-06,-8.70520915094691e-06,-8.72674698904063e-06,-8.7454865465228e-06,-8.76134521508691e-06,-8.77423413909659e-06,-8.78405825304081e-06,-8.79071632421766e-06,-8.79410100045313e-06,-8.79409886259466e-06,-8.79059048226969e-06,-8.78345048489076e-06,-8.77254761764111e-06,-8.75774482285516e-06,-8.73889931701094e-06,-8.71586267531081e-06,-8.68848092217076e-06,-8.65659462809341e-06,-8.62003901313732e-06,-8.57864405765831e-06,-8.5322346213253e-06,-8.48063057070237e-06,-8.42364691621463e-06,-8.36109395925457e-06,-8.29277745048162e-06,-8.21849876038189e-06,-8.13805506338222e-06,-8.05123953643606e-06,-7.95784157356458e-06,-7.85764701772846e-06,-7.7504384115969e-06,-7.6359952690952e-06,-7.51409436911075e-06,-7.38451007269159e-06,-7.24701466548253e-06,-7.10137872756908e-06,-6.94737153210563e-06,-6.78476147463435e-06,-6.61331653516867e-06,-6.43280477467204e-06,-6.24299486720603e-06,-6.04365666944783e-06,-5.83456182865101e-06,-5.61548443061156e-06,-5.38620168885964e-06,-5.14649467567643e-06,-4.89614909573825e-06,-4.63495610270558e-06,-4.3627131586163e-06,-4.07922493573902e-06,-3.78430425984275e-06,-3.477773094002e-06,-3.15946356130217e-06,-2.82921900405988e-06,-2.48689507721753e-06,-2.13236087281011e-06,-1.76550007144251e-06,-1.38621211624376e-06,-9.94413404000957e-07,-5.90038488401667e-07,-1.73041289138788e-07,2.5660369958394e-07,6.98900208599869e-07,1.15382900943775e-06,1.62134675456543e-06,2.10138485067825e-06,2.59384837387674e-06,3.09861503639073e-06,3.6155342146146e-06,4.14442604823075e-06,4.68508061974085e-06,5.23725722412823e-06,5.80068373814968e-06,6.37505609816374e-06,6.9600378950329e-06,7.5552600940932e-06,8.16032088742091e-06,8.7747856846454e-06,9.39818724753506e-06,1.00300259725924e-05,1.06697703252017e-05,1.1316857426974e-05,1.1970693796947e-05,1.26306562465393e-05,1.32960929260005e-05,1.3966324518856e-05,1.46406455791706e-05,1.53183260054581e-05,1.59986126444531e-05,1.66807310156367e-05,1.736388714708e-05,1.80472695117907e-05,1.87300510531598e-05,1.94113912874655e-05,2.00904384700974e-05,2.07663318121587e-05,2.14382037343943e-05,2.2105182144249e-05,2.27663927225945e-05,2.34209612063442e-05,2.40680156539637e-05,2.47066886814454e-05,2.53361196570221e-05,2.59554568430177e-05,2.65638594738457e-05,2.71604997609922e-05,2.77445648162039e-05,2.83152584844761e-05,2.88718030799825e-05,2.94134410197674e-05,2.99394363501111e-05,3.04490761616379e-05,3.09416718902861e-05,3.14165605018795e-05,3.18731055589556e-05,3.23106981691352e-05,3.27287578161051e-05,3.31267330740031e-05,3.35041022061855e-05,3.38603736507771e-05,3.41950863960213e-05,3.4507810248649e-05,3.47981459983037e-05,3.50657254813286e-05,3.53102115480926e-05,3.55312979376885e-05,3.5728709064247e-05,3.59021997189011e-05,3.60515546919803e-05,3.61765883203037e-05,3.62771439635255e-05,3.63530934143468e-05,3.64043362472248e-05,3.64307991100868e-05,3.64324349633599e-05,3.64092222710066e-05,3.63611641489006e-05,3.62882874747131e-05,3.61906419638165e-05,3.60682992168425e-05,3.59213517442877e-05,3.57499119727584e-05,3.55541112380189e-05,3.53340987711351e-05,3.50900406836888e-05,3.4822118957876e-05,3.45305304477427e-05,3.4215485898474e-05,3.38772089907707e-05,3.351593541784e-05,3.31319120031297e-05,3.27253958669416e-05,3.22966536505697e-05,3.18459608071916e-05,3.13736009696025e-05,3.08798654058704e-05,3.036505257381e-05,2.98294677849751e-05,2.92734229904524e-05,2.86972367017036e-05,2.81012340604455e-05,2.74857470718044e-05,2.68511150159139e-05,2.61976850539098e-05,2.5525813045402e-05,2.48358645944897e-05,2.41282163422297e-05,2.34032575254063e-05,2.26613918229788e-05,2.19030395107421e-05,2.11286399468946e-05,2.03386544119733e-05,1.95335693279021e-05,1.87138998818046e-05,1.7880194081818e-05,1.70330372727609e-05,1.61730571414725e-05,1.53009292433656e-05,1.44173830827201e-05,1.35232087806999e-05,1.26192643654282e-05,1.17064837206046e-05,1.07858852307378e-05,9.8585811613679e-06,8.92578781468579e-06,7.98883650090457e-06,7.0491853663996e-06,6.10843212031295e-06,5.16832770108226e-06,4.23079092214899e-06,3.29792413375409e-06,2.37202993672025e-06,1.4556289788031e-06,5.51478857203566e-07,-3.37405855763487e-07,-1.2077324580825e-06,-2.05590784134024e-06,-2.8780151162585e-06,-3.66978918636685e-06,-4.4265913417222e-06,-5.14338297514724e-06,-5.81469856176988e-06,-6.43461809031118e-06,-6.99673918828046e-06,-7.49414924780187e-06,-7.91939793416685e-06,-8.26447054593643e-06,-8.52076279550876e-06,-8.67905768998315e-06,-8.72950531608484e-06,-8.66160647132203e-06,-8.4642012285396e-06,-8.12546367403438e-06,-7.63290421502884e-06,-6.97338100406637e-06,-6.13312216712122e-06,-5.09776063503924e-06,-3.85238345187739e-06,-2.38159745278958e-06,-6.69613145822326e-07,1.29965152529006e-06,3.54244613745211e-06,6.07504048712789e-06,8.91355464169383e-06,1.20737667187202e-05,1.5570899712828e-05,1.94193898049397e-05,2.36326398472377e-05,2.82227630651376e-05,3.32003233855299e-05,3.85740800906975e-05,4.43507455926287e-05,5.053476589802e-05,5.71281336636514e-05,6.41302435102917e-05,7.15377983945276e-05,7.93447742994851e-05,8.75424483319483e-05,9.61194926031401e-05,0.000105062133191328,0.000114354370258465,0.000123978252275584,0.000133914194561265,0.000144141330188721,0.000154637879943144,0.000165381527509447,0.000176349786451046,0.000187520346733389,0.000198871390396288,0.000210381868292583,0.000222031732365704,0.000233802120520505,0.00024567549356134,0.000257635725782249,0.000269668152500901,0.000281759579084537,0.000293898256821091,0.000306073831380005,0.000318277269643509,0.000330500770439191,0.000342737664251377,0.00035498230639976,0.000367229967515131,0.00037947672446555,0.000391719354229329,0.000403955232603583,0.000416182239097467,0.000428398668895023,0.000440603152386356,0.000452794582453567,0.000464972049453782,0.000477134783659239,0.000489282104782177,0.000501413378124968,0.000513527976844976,0.000525625249799145,0.000537704494429633,0.000549764934164535,0.000561805699831962,0.000573825814617259,0.000585824182127263,0.000597799577161724,0.000609750638831445,0.000621675865700708,0.000633573612665039,0.000645442089311637,0.000657279359539981,0.000669083342246603,0.00068085181290433,0.000692582405889076,0.000704272617428666,0.000715919809066854,0.000727521211550661,0.000739073929063465,0.00075057494373873,0.000762021120397041,0.000773409211460394,0.000784735862007786,0.000795997614938156,0.00080719091621307,0.000818312120157774,0.00082935749480427,0.00084032322726272,0.000851205429108458,0.000862000141772956,0.000872703341935982,0.000883310946911811,0.000893818820021638,0.000904222775951376,0.000914518586092948,0.000924701983866481,0.000934768670022131,0.000944714317919516,0.000954534578783493,0.000964225086935944,0.00097378146500067,0.000983199329079067,0.000992474293895804,0.00100160197791451,0.00101057800842043,0.00101939802656992,0.00102805769240599,0.00103655268983929,0.00104487873158687,0.00105303156406641,0.00106100697224698,0.00106880078444944,0.00107640887709561,0.00108382717940269,0.00109105167801596,0.00109807842157787,0.00110490352523089,0.00111152317504556,0.00111793363237174,0.00112413123810748,0.001130112416888,0.00113587368118567,0.00114141163531467,0.00114672297933729,0.00115180451286995,0.00115665313877673,0.00116126586674647,0.0011656398167566,0.00116977222242322,0.00117366043421922,0.00117730192255826,0.00118069428074261,0.00118383522776797,0.00118672261098658,0.00118935440861641,0.00119172873209587,0.00119384382828257,0.00119569808149209,0.0011972900153715,0.00119861829460628,0.00119968172645711,0.00120047926212141,0.00120100999791688,0.00120127317629012,0.00120126818664451,0.00120099456598635,0.00120045199938694,0.00119964032025317,0.00119855951040472,0.00119720969996101,0.00119559116704368,0.00119370433729987,0.00119154978323764,0.00118912822336791,0.00118644052115832,0.00118348768379851,0.00118027086078322,0.00117679134230993,0.00117305055748966,0.00116905007237214,0.00116479158778664,0.00116027693701869,0.00115550808331458,0.00115048711721767,0.00114521625373565,0.0011396978293445,0.00113393429883139,0.0011279282319831,0.00112168231012638,0.00111519932253051,0.0011084821626782,0.00110153382440356,0.00109435739789981,0.00108695606561302,0.00107933309801761,0.00107149184927832,0.00106343575281917,0.00105516831680896,0.00104669311955846,0.00103801380483018,0.00102913407708399,0.00102005769667143,0.00101078847497246,0.00100133026948351,0.000991686978872142,0.000981862538017492,0.00097186091303228,0.000961686096269204,0.000951342101331076,0.000940832958093385,0.000930162707735688,0.000919335397809945,0.000908355077346379,0.000897225791991058,0.000885951579206457,0.00087453646353744,0.00086298445194985,0.000851299529249672,0.000839485653596206,0.000827546752121405,0.000815486716662761,0.000803309399610125,0.000791018609883648,0.000778618109041535,0.000766111607522907,0.000753502761035918,0.000740795167102015,0.000727992361767654,0.000715097816490096,0.000702114935198728,0.000689047051535663,0.000675897426286542,0.000662669244997471,0.000649365615799091,0.000635989567430106,0.000622544047466367,0.000609031920754455,0.000595455968055963,0.000581818884903884,0.000568123280683258,0.000554371677941923,0.000540566511918639,0.000526710130277219,0.000512804793052019,0.000498852672808386,0.000484855855028415,0.000470816338721702,0.000456736037247524,0.000442616779354671,0.000428460310435974,0.000414268293981834,0.000400042313239479,0.000385783873081053,0.000371494402062716,0.000357175254664638,0.000342827713713467,0.000328452992963219,0.000314052239846541,0.000299626538393077,0.000285176912294044,0.000270704328116128,0.000256209698661525,0.000241693886466776,0.000227157707422571,0.000212601934511863,0.000198027301648473,0.000183434507604191,0.000168824220005498,0.000154197079411639,0.000139553703457529,0.000124894691048816,0.000110220626601487,9.55320843092911e-05,8.08296324421587e-05,6.61138376539527e-05,5.13852692854422e-05,3.66445036612817e-05,2.18921283779705e-05,7.1287465754355e-06,-7.64501882857815e-06,-2.24285209467767e-05,-3.72210847773002e-05,-5.2022003126373e-05,-6.68305326103902e-05,-8.16458897325567e-05,-9.64672470550598e-05,-0.000111293729471745,-0.00012612441058335,-0.000140958309190975,-0.000155794385914509,-0.000170631539939736,-0.000185468605895217,-0.00020030435086632,-0.000215137471558935,-0.000229966591621722,-0.000244790259124078,-0.000259606944175872,-0.000274415036714076,-0.000289212844452047,-0.000303998590981541,-0.000318770414054176,-0.000333526364044712,-0.000348264402596637,-0.000362982401441947,-0.000377678141397747,-0.000392349311540613,-0.000406993508553222,-0.000421608236249038,-0.000436190905282796,-0.000450738833024988,-0.000465249243610522,-0.000479719268161677,-0.000494145945176216,-0.00050852622109554,-0.000522856951059275,-0.000537134899820407,-0.000551356742803377,-0.000565519067329462,-0.000579618373995311,-0.000593651078179991,-0.000607613511696081,-0.000621501924587403,-0.000635312487061557,-0.000649041291551966,-0.000662684354892279,-0.000676237620604619,-0.000689696961296477,-0.000703058181173055,-0.00071631701864297,-0.00072946914899466,-0.000742510187170115,-0.000755435690626138,-0.000768241162250993,-0.000780922053352007,-0.000793473766705438,-0.000805891659654334,-0.000818171047245325,-0.000830307205386016,-0.000842295374032992,-0.000854130760411187,-0.000865808542248825,-0.000877323871009444,-0.000888671875122593,-0.000899847663205638,-0.000910846327267401,-0.000921662945885082,-0.000932292587358774,-0.000942730312823659,-0.000952971179291634,-0.000963010242642809,-0.000972842560557852,-0.000982463195372707,-0.000991867216862341,-0.00100104970494411,-0.00101000575228827,-0.00101873046681705,-0.00102721897410632,-0.00103546641967769,-0.00104346797117963,-0.00105121882045614,-0.00105871418548562,-0.0010659493121962,-0.00107291947615046,-0.00107961998408895,-0.00108604617533867,-0.00109219342309227,-0.00109805713554972,-0.00110363275692324,-0.00110891576830963,-0.00111390168842126,-0.00111858607417804,-0.00112296452117271,-0.00112703266401286,-0.00113078617654373,-0.0011342207719523,-0.00113733220277613,-0.00114011626082713,-0.00114256877703786,-0.0011446856212423,-0.00114646270191093,-0.00114789596585774,-0.00114898139793845,-0.00114971502077096,-0.0011500928944979,-0.00115011111664107,-0.00114976582207021,-0.00114905318311365,-0.00114796940987008,-0.00114651075075432,-0.0011446734933294,-0.0011424539654819,-0.00113984853699338,-0.00113685362157415,-0.00113346567944116,-0.00112968122051385,-0.00112549680830458,-0.00112090906459887,-0.00111591467501386,-0.00111051039553731,-0.00110469306016842,-0.00109845958977213,-0.00109180700225193,-0.00108473242417614,-0.00107723310398877,-0.00106930642692886,-0.00106094993179631,-0.00105216132971916,-0.00104293852505762,-0.001033279638574,-0.00102318303299404,-0.001012647341083,-0.00100167149636178,-0.00099025476655934,-0.000978396789877919,-0.000966097614133257,-0.000953357738797428,-0.000940178159934274,-0.000926560417974454,-0.000912506648230518,-0.000898019633994954,-0.000883102862010265,-0.000867760580021915,-0.000851997856053541,-0.000835820638952101,-0.000819235819662631,-0.000802251292610495,-0.000784876016459671,-0.000767120073409122,-0.000748994726100863,-0.000730512471128222,-0.000711687088038822,-0.000692533682653922,-0.00067306872347575,-0.000653310069905919,-0.000633276990993449,-0.000612990173448048,-0.0005924717176942,-0.000571745120825438,-0.000550835245443262,-0.000529768273528394,-0.000508571644679788,-0.000487273978312323,-0.000465904979675781,-0.000444495329846889,-0.000423076560182194,-0.000401680912048952,-0.000380341183008746,-0.000359090560949682,-0.000337962447985306,-0.000316990276236516,-0.00029620731785697,-0.00027564649185681,-0.000255340170410442,-0.000235319987404309,-0.000215616651976794,-0.000196259769731984,-0.000177277674166941,-0.000158697270637692,-0.000140543894923392,-0.000122841188130884,-0.000105610989338055,-8.88732469908823e-05,-7.26459496803097e-05,-5.69450765427193e-05,-4.17845671496081e-05,-2.71763104030751e-05,-1.31301516392776e-05,3.46083138778874e-07,1.32465472087798e-05,2.5567318745881e-05,3.73063337331253e-05,4.84633078728647e-05,5.90396492506223e-05,6.90383634945196e-05,7.84639531367301e-05,8.73223128105768e-05,9.56206218143824e-05,0.00010336723546131,0.000110571576498457,0.000117244027735774,0.000123395826882922,0.000129038964441927,0.000134186085358826,0.000138850395000674,0.000143045569899684,0.000146785673585698,0.000150085077720137,0.000152958388642634,0.000155420379368068,0.000157485926995195,0.000159169955422374,0.000160487383223912,0.000161453076499028,0.00016208180647001,0.000162388211584333,0.000162386763859455,0.000162091739200197,0.000161517191417819,0.000160676929674974,0.000159584499087199,0.000158253164214653,0.00015669589519203,0.000154925356250647,0.000152953896401256,0.000150793542061045,0.000148455991419251,0.000145952610350941,0.000143294429704392,0.000140492143801567,0.000137556110004072,0.000134496349209284,0.00013132254715395,0.00012804405641257,0.000124669898991882,0.000121208769432279,0.000117669038336217,0.000114058756254913,0.000110385657870651,0.000106657166423045,0.000102880398333949,9.90621679867881e-05,9.52089926279237e-05,9.13270973592548e-05,8.74224202002394e-05,8.35006172019634e-05,7.95670675990748e-05,7.56268789858724e-05,7.16848925046421e-05,6.77456880412083e-05,6.381358942395e-05,5.98926696245075e-05,5.59867559573532e-05,5.20994352843224e-05,4.82340592230651e-05,4.43937493646712e-05,4.0581402507428e-05,3.67996959108399e-05,3.30510925751135e-05,2.93378465556771e-05,2.56620083159548e-05,2.20254301218636e-05,1.84297714848208e-05,1.48765046638494e-05,1.13669202274139e-05,7.9021326838194e-06,4.48308618198473e-06,1.11056028734291e-06,-2.21482416277313e-06,-5.49259912201866e-06,-8.72244331359684e-06,-1.19041761246427e-05,-1.50377514141972e-05,-1.81232512386775e-05,-2.11608794958296e-05,-2.41509554886402e-05,-2.70939074148921e-05,-2.99902657901058e-05,-3.2840656803472e-05,-3.56457956090309e-05,-3.84064795664121e-05,-4.11235814384361e-05,-4.37980425526674e-05,-4.64308659388624e-05,-4.90231094524493e-05,-5.15758788941154e-05,-5.40903211386709e-05,-5.65676172860144e-05,-5.90089758459658e-05,-6.14156259664753e-05,-6.3788810723206e-05,-6.61297804890673e-05,-6.84397863964445e-05,-7.07200739082578e-05,-7.29718765141371e-05,-7.51964095634036e-05,-7.73948642517758e-05,-7.95684017721246e-05,-8.17181476501991e-05,-8.3845186284133e-05,-8.59505556983775e-05,-8.80352425221276e-05,-9.01001772109569e-05,-9.21462295254208e-05,-9.41742042807614e-05,-9.61848373793595e-05,-9.81787921347302e-05,-0.000100156655896771,-0.000102118936989651,-0.00010406606197453,-0.000105998373247713,-0.000107916126975541,-0.000109819491374029,-0.000111708545343391,-0.000113583277461388,-0.000115443585336633,-0.000117289275328836,-0.00011912006263555,-0.000120935571747846,-0.000122735337273333,-0.000124518805127469,-0.000126285334093645,-0.000128034197748247,-0.000129764586746767,-0.000131475611465322,-0.000133166304994624,-0.000134835626479701,-0.000136482464799574,-0.000138105642576873,-0.000139703920510915,-0.000141276002022961,-0.000142820538202824,-0.000144336133046326,-0.000145821348969753,-0.000147274712588817,-0.000148694720750679,-0.000150079846808419,-0.000151428547118845,-0.000152739267743958,-0.000154010451338664,-0.000155240544208929,-0.000156428003520816,-0.000157571304643958,-0.000158668948607443,-0.000159719469647671,-0.000160721442823267,-0.000161673491676159,-0.00016257429591611,-0.000163422599105255,-0.000164217216315772,-0.000164957041735796,-0.000165641056197617,-0.000166268334599949,-0.000166838053194784,-0.000167349496708907,-0.000167802065275148,-0.000168195281141398,-0.000168528795125605,-0.00016880239278888,-0.000169016000298533,-0.000169169689946673,-0.00016926368529778,-0.000169298365935738,-0.000169274271778347,-0.000169192106930088,-0.000169052743041395,-0.000168857222150584,-0.000168606758981955,-0.000168302742673362,-0.000167946737913045,-0.000167540485468028,-0.000167085902078819,-0.000166585079704955,-0.000166040284108597,-0.000165453952761317,-0.000164828692067534,-0.000164167273896523,-0.000163472631422724,-0.000162747854276717,-0.000161996183009848,-0.000161221002880518,-0.000160425836975307,-0.000159614338682425,-0.00015879028353484,-0.000157957560450755,-0.000157120162399549,-0.000156282176522471,-0.000155447773746133,-0.000154621197928854,-0.000153806754582202,-0.000153008799214663,-0.000152231725345349,-0.00015147995223657,-0.000150757912396604,-0.000150070038908164,-0.000149420752637547,-0.000148814449385068,-0.000148255487034656,-0.000147748172759435,-0.000147296750336243,-0.00014690538762864,-0.000146578164290631,-0.000146319059748823,-0.000146131941514561,-0.000146020553871369,-0.000145988506985342,-0.000146039266483315,-0.000146176143539678,-0.000146402285508267,-0.00014672066713256,-0.000147134082361979,-0.000147645136795792,-0.000148256240774969,-0.000148969603139544,-0.000149787225668489,-0.000150710898209297,-0.000151742194496929,-0.000152882468663337,-0.000154132852433597,-0.000155494253005727,-0.000156967351603171,-0.000158552602681904,-0.000160250233778157,-0.000162060245981248,-0.000163982415008583,-0.000166016292857202,-0.00016816121000731,-0.000170416278151744,-0.000172780393423527,-0.000175252240092121,-0.000177830294698561,-0.00018051283059764,-0.000183297922881985,-0.000186183453654648,-0.000189167117618863,-0.000192246427954561,-0.000195418722449964,-0.000198681169859223,-0.000202030776458806,-0.00020546439277877,-0.000208978720480313,-0.000212570319352005,-0.000216235614398055,-0.000219970902998183,-0.000223772362116591,-0.000227636055541339,-0.000231557941133692,-0.000235533878068239,-0.000239559634043915,-0.000243630892450983,-0.000247743259479453,-0.000251892271153631,-0.000256073400278216,-0.000260282063282415,-0.000264513626951166,-0.000268763415030605,-0.000273026714701891,-0.00027729878291459,-0.000281574852569362,-0.000285850138543865,-0.000290119843552886,-0.000294379163833725,-0.00029862329465033,-0.000302847435607833,-0.000307046795770222,-0.000311216598573943,-0.000315352086530649,-0.000319448525712269,-0.000323501210007963,-0.000327505465146361,-0.00033145665247335,-0.000335350172473731,-0.000339181468028742,-0.000342946027392939,-0.000346639386876974,-0.000350257133225319,-0.000353794905669183,-0.000357248397632282,-0.000360613358065944,-0.000363885592387567,-0.000367060962992723,-0.000370135389306206,-0.000373104847332998,-0.000375965368661801,-0.000378713038868848,-0.000381343995261321,-0.000383854423889111,-0.000386240555743517,-0.000388498662048441,-0.000390625048532309,-0.000392616048548379,-0.00039446801489566,-0.00039617731016138,-0.000397740295378292,-0.000399153316752332,-0.000400412690170701,-0.000401514683150452,-0.000402455493824009,-0.000403231226481886,-0.000403837863100102,-0.000404271230171477,-0.000404526960023245,-0.000404600445643324,-0.000404486787834642,-0.000404180733275021,-0.000403676601761938,-0.000402968200556311,-0.000402048723288315,-0.000400910630336928,-0.000399545506914739,-0.000397943894248897,-0.000396095088216435,-0.000393986898525952,-0.00039160535998428,-0.000388934385496873,-0.000385955348169584,-0.000382646577163288,-0.00037898274878676,-0.000374934150743507,-0.000370465793641174,-0.000365536340223764,-0.000360096820091816,-0.000354089097438202,-0.000347444064212088,-0.000340079545727127,-0.000331897937684321,-0.000322783655103334,-0.000312600583430234,-0.000301189906802976,-0.000288368982174725,-0.000273932364949193,-0.000257656683943178,-0.000239311749286344,-0.000218680827654144,-0.00019559291308942,-0.000169968170985342,-0.000141873499562302,-0.000111577999091844,-7.95899599127458e-05,-4.66530074506319e-05,-1.36859807353096e-05,1.83290105029077e-05,4.84816826970399e-05,7.60504752049559e-05,0.000100568510076428,0.000121829625373785,0.000139848233828133,0.000154796888942175,0.000166942762710877,0.000176595495246433,0.000184070466168938,0.000189666282778511,0.000193653127171373,0.000196268403329933,0.000197716784396472,0.000198172608833576,0.000197783310283256,0.000196673106183758,0.000194946528885148,0.000192691604276831,0.000189982610810115,0.000186882420505997,0.000183444456769366,0.000179714316853631,0.000175731108988795,0.000171528550996902,0.000167135871775307,0.000162578550997265,0.000157878926593867,0.00015305669441119,0.000148129319996358,0.000143112378749276,0.000138019837610234,0.000132864288953439,0.000127657145326199,0.000122408802035529,0.000117128773264931,0.000111825806339897,0.000106507977904747,0.000101182775084207,9.58571641454693e-05,9.05376487254396e-05,8.52303193231169e-05,7.99408954612127e-05,7.46747616778981e-05,6.9436998315256e-05,6.42324079075298e-05,5.90655378404619e-05,5.3940699844145e-05,4.88619867911877e-05,4.38332871990285e-05,3.88582977725177e-05,3.39405342710854e-05,2.9083340941545e-05,2.42898987221126e-05,1.95632323949837e-05,1.49062168362385e-05,1.03215824918314e-05,5.81192018983025e-06,1.37968538438393e-06,-2.97279808581484e-06,-7.2433346537254e-06,-1.14298540330356e-05,-1.55304085270556e-05,-1.95431705903599e-05,-2.34664306023955e-05,-2.72985948185974e-05,-3.10381834675855e-05,-3.46838289689601e-05,-3.82342742488804e-05,-4.16883711311933e-05,-4.504507878649e-05,-4.83034622247754e-05,-5.14626908186943e-05,-5.45220368446675e-05,-5.7480874032725e-05,-6.03386761158578e-05,-6.30950153709866e-05,-6.57495611446485e-05,-6.83020783581526e-05,-7.07524259888938e-05,-7.31005555233127e-05,-7.53465093787011e-05,-7.74904192909487e-05,-7.9532504667388e-05,-8.14730709027631e-05,-8.3312507657635e-05,-8.50512870984449e-05,-8.66899620992432e-05,-8.82291644058331e-05,-8.96696027629026e-05,-9.1012061004845e-05,-9.22573961118275e-05,-9.34065362322069e-05,-9.44604786734509e-05,-9.54202878626891e-05,-9.62870932792077e-05,-9.70620873605617e-05,-9.77465233840905e-05,-9.8341713327425e-05,-9.88490257096495e-05,-9.92698834149869e-05,-9.96057615021426e-05,-9.98581850012647e-05,-0.000100028726701131,-0.000100119004928891,-0.000100130681324059,-0.000100065458609362,-9.99250783602626e-05,-9.97113187748413e-05,-9.94259924463571e-05,-9.90709441396394e-05,-9.86480485727576e-05,-9.81592082043119e-05,-9.76063510273817e-05,-9.69914283711314e-05,-9.63164127093926e-05,-9.55832954767531e-05,-9.47940848918302e-05,-9.3950803786642e-05,-9.30554874405062e-05,-9.21101814171507e-05,-9.11169394034027e-05,-9.00778210475069e-05,-8.89948897936123e-05,-8.787021070934e-05,-8.67058483040436e-05,-8.55038643342888e-05,-8.42663155925204e-05,-8.29952516759169e-05,-8.16927127316519e-05,-8.03607271750353e-05,-7.90013093773332e-05,-7.76164573196335e-05,-7.6208150210642e-05,-7.47783460663459e-05,-7.33289792507015e-05,-7.18619579775127e-05,-7.03791617747487e-05,-6.88824389130987e-05,-6.73736038023214e-05,-6.58544343612264e-05,-6.43266693683428e-05,-6.27920058028399e-05,-6.12520961869537e-05,-5.97085459429609e-05,-5.81629107796783e-05,-5.66166941261981e-05,-5.50713446328026e-05,-5.35282537604659e-05,-5.19887534815668e-05,-5.04541141164655e-05,-4.89255423315078e-05,-4.74041793248371e-05,-4.58910992266704e-05,-4.43873077403379e-05,-4.28937410496986e-05,-4.14112650174753e-05,-3.99406746973505e-05,-3.84826941796767e-05,-3.70379767880781e-05,-3.56071056405553e-05,-3.41905945843981e-05,-3.2788889509942e-05,-3.14023700435425e-05,-3.0031351614411e-05,-2.86760878852313e-05,-2.73367735309019e-05,-2.60135473443448e-05,-2.47064956435581e-05,-2.3415655949034e-05,-2.21410208962269e-05,-2.08825423440033e-05,-1.96401356366998e-05,-1.84136839747073e-05,-1.72030428469503e-05,-1.60080444775771e-05,-1.48285022391571e-05,-1.36642149854171e-05,-1.2514971257645e-05,-1.13805533214278e-05,-1.02607409934417e-05,-9.15531522179165e-06,-8.06406138767046e-06,-6.98677230097887e-06,-5.92325086826032e-06,-4.8733124163652e-06,-3.83678666077006e-06,-2.81351931342077e-06,-1.80337333064709e-06,-8.06229806882622e-07,1.78011474763397e-07,1.14943181933527e-06,2.1080937043466e-06,3.05404114795847e-06,3.98730033447561e-06,4.90788046813304e-06,5.8157748245532e-06,6.7109619680387e-06,7.59340710225487e-06,8.46306352214957e-06,9.31987413606587e-06,1.01637730278788e-05,1.09946870307542e-05,1.18125372867072e-05,1.26172407683566e-05,1.34087117415506e-05,1.41868631507503e-05,1.4951607911819e-05,1.57028601000253e-05,1.644053602393e-05,1.7164555178441e-05,1.78748410729255e-05,1.85713219326253e-05,1.92539312740088e-05,1.99226083568618e-05,2.05772985173592e-05,2.1217953387638e-05,2.18445310090376e-05,2.24569958468838e-05,2.30553187151919e-05,2.36394766205544e-05,2.42094525348753e-05,2.47652351062105e-05,2.53068183172561e-05,2.58342011008779e-05,2.63473869215685e-05,2.68463833313702e-05,2.73312015084811e-05,2.78018557858845e-05,2.82583631768538e-05,2.87007429040187e-05,2.91290159375414e-05,2.95432045471027e-05,2.99433318721562e-05,3.0329421514349e-05,3.07014971555799e-05,3.10595822044383e-05,3.14036994730469e-05,3.17338708859818e-05,3.20501172226132e-05,3.23524578934318e-05,3.26409107509382e-05,3.29154919347522e-05,3.31762157513671e-05,3.34230945884515e-05,3.36561388622502e-05,3.38753569972352e-05,3.40807554373491e-05,3.42723386874333e-05,3.44501093833441e-05,3.46140683893264e-05,3.47642149211599e-05,3.4900546693732e-05,3.50230600914274e-05,3.51317503598262e-05,3.52266118165724e-05,3.5307638079466e-05,3.5374822310706e-05,3.54281574756277e-05,3.54676366145163e-05,3.54932531254635e-05,3.55050010566313e-05,3.55028754066809e-05,3.54868724317271e-05,3.5456989957547e-05,3.54132276960085e-05,3.53555875637649e-05,3.52840740019305e-05,3.51986942959967e-05,3.50994588945129e-05,3.49863817257099e-05,3.4859480510986e-05,3.47187770743012e-05,3.45642976464907e-05,3.43960731635749e-05,3.42141395580061e-05,3.40185380422889e-05,3.38093153844513e-05,3.35865241747665e-05,3.33502230830257e-05,3.31004771056019e-05,3.2837357802267e-05,3.25609435223983e-05,3.22713196192238e-05,3.19685786518255e-05,3.16528205750845e-05,3.13241529171972e-05,3.09826909443344e-05,3.06285578120444e-05,3.02618847038008e-05,2.98828109563014e-05,2.94914841705287e-05,2.90880603089965e-05,2.86727037795481e-05,2.8245587505275e-05,2.78068929807302e-05,2.73568103144701e-05,2.68955382574107e-05,2.64232842172724e-05,2.59402642592346e-05,2.54467030924256e-05,2.49428340427767e-05,2.44288990126455e-05,2.39051484266471e-05,2.33718411635679e-05,2.28292444754358e-05,2.22776338940651e-05,2.17172931246037e-05,2.11485139261875e-05,2.05715959803714e-05,1.99868467477401e-05,1.93945813127929e-05,1.87951222167743e-05,1.8188799278872e-05,1.75759494063597e-05,1.69569163935334e-05,1.63320507099189e-05,1.57017092785152e-05,1.50662552440752e-05,1.44260577312812e-05,1.37814915934517e-05,1.31329371520095e-05,1.24807799267834e-05,1.18254103582995e-05,1.11672235224283e-05,1.05066188370497e-05,9.84399976138549e-06,9.1797734879176e-06,8.51435062707885e-06,7.84814488522228e-06,7.18157273625793e-06,6.51505308733782e-06,5.84900693920403e-06,5.18385704142976e-06,4.52002754258371e-06,3.8579436354956e-06,3.19803119834018e-06,2.5407164323003e-06,1.88642549528092e-06,1.23558413216932e-06,5.88617302140979e-07,-5.40511965428647e-08,-6.91999104236556e-07,-1.32480607989861e-06,-1.95205408327383e-06,-2.5733277580816e-06,-3.18821481613916e-06,-3.7963064216575e-06,-4.39719757581829e-06,-4.99048750157889e-06,-5.57578002814089e-06,-6.15268397478452e-06,-6.72081353375511e-06,-7.27978865162123e-06,-7.82923540875585e-06,-8.36878639675232e-06,-8.89808109314546e-06,-9.41676623315672e-06,-9.92449617809657e-06,-1.04209332801282e-05,-1.09057482432957e-05,-1.13786204798743e-05,-1.18392384615045e-05,-1.2287300064774e-05,-1.27225129110519e-05,-1.31445947002635e-05,-1.3553273537823e-05,-1.39482882539465e-05,-1.43293887151091e-05,-1.46963361268918e-05,-1.50489033277183e-05,-1.53868750729777e-05,-1.57100483093977e-05,-1.60182324386512e-05,-1.63112495695349e-05,-1.65889347584222e-05,-1.68511362372342e-05,-1.70977156282648e-05,-1.73285481452614e-05,-1.75435227798369e-05,-1.77425424728673e-05,-1.7925524269935e-05,-1.80923994600726e-05,-1.82431136976271e-05,-1.83776271066209e-05,-1.84959143672298e-05,-1.85979647833309e-05,-1.86837823307221e-05,-1.87533856851425e-05,-1.88068082294917e-05,-1.88440980398866e-05,-1.88653178496727e-05,-1.88705449914329e-05,-1.88598713166946e-05,-1.88334030928545e-05,-1.8791260877068e-05,-1.87335793666536e-05,-1.86605072256454e-05,-1.85722068872891e-05,-1.84688543329575e-05,-1.83506388478525e-05,-1.8217762753318e-05,-1.80704411159218e-05,-1.79089014339445e-05,-1.77333833016689e-05,-1.75441380516964e-05,-1.73414283766863e-05,-1.71255279309114e-05,-1.68967209117632e-05,-1.66553016227727e-05,-1.64015740198213e-05,-1.6135851241608e-05,-1.58584551254301e-05,-1.55697157097883e-05,-1.52699707252771e-05,-1.49595650750954e-05,-1.46388503071233e-05,-1.43081840798592e-05,-1.39679296232813e-05,-1.3618455196391e-05,-1.32601335438992e-05,-1.28933413536432e-05,-1.25184587164108e-05,-1.21358685902951e-05,-1.174595627165e-05,-1.13491088746991e-05,-1.09457148207408e-05,-1.05361633389658e-05,-1.01208439808832e-05,-9.70014614929283e-06,-9.27445864328576e-06,-8.84416922053606e-06,-8.40966417792969e-06,-7.97132795167781e-06,-7.52954273770638e-06,-7.08468813258485e-06,-6.63714079553093e-06,-6.18727413214965e-06,-5.73545799917047e-06,-5.28205843006602e-06,-4.82743738186662e-06,-4.37195250247314e-06,-3.91595691761563e-06,-3.45979903680627e-06,-3.00382237712702e-06,-2.54836540409739e-06,-2.09376138805492e-06,-1.64033827422094e-06,-1.18841856526931e-06,-7.38319215292348e-07,-2.90351532887881e-07,1.55178907773092e-07,5.97972349952042e-07,1.03773493301523e-06,1.47417876841371e-06,1.90702201529388e-06,2.33598895741337e-06,2.76081008249857e-06,3.1812221655686e-06,3.59696835793098e-06,4.00779828341625e-06,4.41346814327327e-06,4.81374083076067e-06,5.20838605621698e-06,5.59718048387045e-06,5.97990788116926e-06,6.35635928103884e-06,6.72633315778118e-06,7.08963561747624e-06,7.44608060225093e-06,7.7954901086686e-06,8.13769441991487e-06,8.47253235214569e-06,8.79985151451112e-06,9.11950858246968e-06,9.43136958369423e-06,9.73531019551714e-06,1.00312160532324e-05,1.03189830682826e-05,1.05985177553218e-05,1.08697375671672e-05,1.11325712367346e-05,1.13869591241e-05,1.16328535668319e-05,1.18702192328018e-05,1.20990334742084e-05,1.23192866812094e-05,1.25309826337593e-05,1.27341388501791e-05,1.29287869309698e-05,1.31149728961732e-05,1.32927575148189e-05,1.3462216624998e-05,1.36234414428657e-05,1.37765388586297e-05,1.39216317184606e-05,1.40588590909815e-05,1.41883765165914e-05,1.43103562385725e-05,1.44249874139604e-05,1.45324763029149e-05,1.46330464356522e-05,1.47269387551123e-05,1.48144117337557e-05,1.4895741463474e-05,1.49712217172677e-05,1.50411639810756e-05,1.5105897454978e-05,1.51657690218342e-05,1.52211431822345e-05,1.52724019545358e-05,1.53199447381581e-05,1.53641881390386e-05,1.54055657562669e-05,1.54445279282366e-05,1.54815414368896e-05,1.55170891684327e-05,1.55516697295001e-05,1.55857970174844e-05,1.56199997434223e-05,1.56548209066278e-05,1.56908172196666e-05,1.5728558482476e-05,1.57686269042483e-05,1.58116163720091e-05,1.58581316653051e-05,1.5908787615925e-05,1.59642082110008e-05,1.60250256394509e-05,1.6091879281044e-05,1.61654146372198e-05,1.62462822038386e-05,1.63351362861466e-05,1.64326337557382e-05,1.65394327501216e-05,1.66561913155436e-05,1.67835659942647e-05,1.69222103579879e-05,1.70727734892049e-05,1.72358984124018e-05,1.74122204778162e-05,1.76023657006532e-05,1.78069490594564e-05,1.80265727583537e-05,1.82618244572424e-05,1.85132754748213e-05,1.87814789704664e-05,1.90669681112976e-05,1.93702542315198e-05,1.96918249909146e-05,2.00321425403134e-05,2.0391641702016e-05,2.07707281737928e-05,2.11697767664469e-05,2.15891296847142e-05,2.20290948609913e-05,2.24899443519453e-05,2.29719128084479e-05,2.347519602922e-05,2.39999496085526e-05,2.4546287688618e-05,2.51142818263094e-05,2.57039599849424e-05,2.63153056604638e-05,2.69482571504318e-05,2.76027069741162e-05,2.82785014514148e-05,2.89754404469728e-05,2.96932772846977e-05,3.04317188380837e-05,3.11904257991914e-05,3.19690131283601e-05,3.27670506857563e-05,3.35840640433753e-05,3.44195354758442e-05,3.52729051264784e-05,3.61435723437e-05,3.70308971815725e-05,3.79342020568225e-05,3.88527735535413e-05,3.97858643652318e-05,4.07326953632981e-05,4.16924577790849e-05,4.26643154863623e-05,4.36474073705765e-05,4.46408497702007e-05,4.5643738975293e-05,4.6655153767939e-05,4.76741579893735e-05,4.86998031185336e-05,4.97311308471395e-05,5.07671756369904e-05,5.18069672447294e-05,5.28495332001505e-05,5.3893901225636e-05,5.49391015855589e-05,5.59841693540822e-05,5.70281465907341e-05,5.8070084415082e-05,5.91090449732707e-05,6.01441032895269e-05,6.11743489972458e-05,6.21988879453972e-05,6.32168436767739e-05,6.42273587761755e-05,6.52295960875751e-05,6.62227398001165e-05,6.72059964036513e-05,6.8178595515913e-05,6.91397905841669e-05,7.00888594642006e-05,7.10251048807956e-05,7.19478547738257e-05,7.28564625352979e-05,7.37503071426109e-05,7.46287931935215e-05,7.5491350849291e-05,7.63374356916695e-05,7.71665285000719e-05,7.79781349556086e-05,7.87717852780926e-05,7.95470338018824e-05,8.03034584964425e-05,8.10406604382658e-05,8.17582632393083e-05,8.24559124377611e-05,8.31332748577381e-05,8.37900379424446e-05,8.44259090652423e-05,8.5040614823154e-05,8.56339003171263e-05,8.62055284238921e-05,8.67552790628431e-05,8.7282948461484e-05,8.7788348423469e-05,8.82713056017965e-05,8.87316607793166e-05,8.91692681596005e-05,8.95839946708638e-05,8.99757192839613e-05,9.03443323470015e-05,9.06897349382211e-05,9.10118382387564e-05,9.13105629270026e-05,9.15858385953736e-05,9.18376031904134e-05,9.20658024767575e-05,9.22703895256862e-05,9.24513242301344e-05,9.2608572845692e-05,9.2742107557128e-05,9.28519060724321e-05,9.29379512451395e-05,9.30002307240399e-05,9.30387366308866e-05,9.30534652660592e-05,9.30444168422227e-05,9.30115952461966e-05,9.29550078279211e-05,9.28746652173219e-05,9.27705811692714e-05,9.26427724364989e-05,9.24912586701375e-05,9.23160623484201e-05,9.21172087331688e-05,9.18947258527533e-05,9.16486445114162e-05,9.13789983262962e-05,9.10858237915032e-05,9.07691603684278e-05,9.04290506019804e-05,9.00655402620715e-05,8.96786785103253e-05,8.92685180921733e-05,8.88351155538189e-05,8.83785314830954e-05,8.78988307734859e-05,8.73960829111103e-05,8.687036228445e-05,8.6321748516997e-05,8.57503268208507e-05,8.5156188371455e-05,8.45394307024006e-05,8.39001581200392e-05,8.32384821360214e-05,8.25545219167167e-05,8.18484047493354e-05,8.11202665235693e-05,8.03702522273499e-05,7.95985164562425e-05,7.88052239354357e-05,7.79905500532477e-05,7.71546814037436e-05,7.62978163366783e-05,7.542016551562e-05,7.45219524814142e-05,7.36034142188174e-05,7.26648017244161e-05,7.17063805732894e-05,7.07284314831226e-05,6.97312508753795e-05,6.8715151429994e-05,6.76804626306565e-05,6.66275312989975e-05,6.55567221158893e-05,6.44684181272705e-05,6.33630212313052e-05,6.22409526449229e-05,6.11026533474356e-05,5.99485844992795e-05,5.87792278318525e-05,5.75950860064942e-05,5.63966829407354e-05,5.51845640982158e-05,5.3959296739077e-05,5.27214701284244e-05,5.14716957006472e-05,5.02106071759469e-05,4.89388606243583e-05,4.7657134476381e-05,4.63661294784444e-05,4.50665685883221e-05,4.37591968085391e-05,4.24447809566353e-05,4.11241093670571e-05,3.97979915232466e-05,3.84672576165673e-05,3.71327580307237e-05,3.57953627490096e-05,3.445596068068e-05,3.31154589052543e-05,3.17747818319412e-05,3.04348702732347e-05,2.9096680431169e-05,2.7761182795058e-05,2.64293609500595e-05,2.51022102949854e-05,2.37807366671311e-05,2.24659548737627e-05,2.11588871300294e-05,1.98605614046485e-05,1.85720096737667e-05,1.72942660838435e-05,1.60283650226627e-05,1.47753391015852e-05,1.35362170507608e-05,1.23120215287237e-05,1.11037668505537e-05,9.9124566373017e-06,8.73908138821627e-06,7.58461598155541e-06,6.45001710946475e-06,5.33622065230013e-06,4.24413899873313e-06,3.17465831779079e-06,2.12863578942166e-06,1.10689680202225e-06,1.10232123311238e-07,-8.6060494653567e-07,-1.80490142756215e-06,-2.72198750818353e-06,-3.61123937864596e-06,-4.47208203870758e-06,-5.30399206735005e-06,-6.10650034311294e-06,-6.87919470090601e-06,-7.62172250911436e-06,-8.33379315333047e-06,-9.01518041312305e-06,-9.66572471672658e-06,-1.02853352586495e-05,-1.08739919638598e-05,-1.14317472829639e-05,-1.1958727803317e-05,-1.24551356595407e-05,-1.29212497277167e-05,-1.33574265877533e-05,-1.37641012394017e-05,-1.4141787556151e-05,-1.44910784644625e-05,-1.48126458349301e-05,-1.5107240073281e-05,-1.53756893985155e-05,-1.56188987976494e-05,-1.58378486490758e-05,-1.60335930071906e-05,-1.62072575408748e-05,-1.63600371213407e-05,-1.64931930572536e-05,-1.66080499758962e-05,-1.67059923503396e-05,-1.67884606742871e-05,-1.68569472885141e-05,-1.69129918655142e-05,-1.69581765597504e-05,-1.69941208332872e-05,-1.70224759689676e-05,-1.70449192832163e-05,-1.70631480539696e-05,-1.70788731803095e-05,-1.70938125904074e-05,-1.71096844180513e-05,-1.71281999671383e-05,-1.71510564838245e-05,-1.71799297602679e-05,-1.72164665935316e-05,-1.7262277120008e-05,-1.7318927047226e-05,-1.73879298076968e-05,-1.74707386577343e-05,-1.75687387433052e-05,-1.76832391550162e-05,-1.78154649914976e-05,-1.79665494509547e-05,-1.81375259694118e-05,-1.8329320422783e-05,-1.85427434097538e-05,-1.87784826290727e-05,-1.9037095364046e-05,-1.93190010858851e-05,-1.96244741858011e-05,-1.99536368439661e-05,-2.03064520415581e-05,-2.06827167213222e-05,-2.10820551016823e-05,-2.15039121481686e-05,-2.19475472035893e-05,-2.24120277764646e-05,-2.28962234886769e-05,-2.33988001829971e-05,-2.39182141927134e-05,-2.44527067734847e-05,-2.50002987000654e-05,-2.55587850323397e-05,-2.61257300559169e-05,-2.66984624041865e-05,-2.72740703726945e-05,-2.78493974397789e-05,-2.84210380117646e-05,-2.89853334181217e-05,-2.95383681858039e-05,-3.00759666268836e-05,-3.05936897822719e-05,-3.10868327713029e-05,-3.15504226079955e-05,-3.19792165559031e-05,-3.23677010994686e-05,-3.27100916227945e-05,-3.30003329012535e-05,-3.32321005240416e-05,-3.33988033791345e-05,-3.34935873452374e-05,-3.35093403514321e-05,-3.34386989784795e-05,-3.32740567919251e-05,-3.30075746111831e-05,-3.26311929281856e-05,-3.21366467034255e-05,-3.15154827749929e-05,-3.07590801213002e-05,-2.98586732198035e-05,-2.88053787399663e-05,-2.75902258005355e-05,-2.62041900021652e-05,-2.46382314220868e-05,-2.28833367245315e-05,-2.09305654936889e-05,-1.87711008387235e-05,-1.6396304251487e-05,-1.37977746138482e-05,-1.09674111577161e-05,-7.89748007258215e-06,-4.58068433374648e-06,-1.01023619402535e-06,2.82006835404178e-06,6.91577397942192e-06,1.12816902542411e-05,1.59218168482543e-05,2.08392709113471e-05,2.6036217985876e-05,3.1513807872894e-05,3.72721169253874e-05,4.33100982512383e-05,4.96255412750536e-05,5.6215042025444e-05,6.30739853810409e-05,7.01965403225799e-05,7.75756690006082e-05,8.52031501492496e-05,9.30696170600466e-05,0.000101164609983377,0.000109476642465144,0.000117993280769332,0.000126701235192764,0.00013558646176073,0.000144634272522749,0.000153829452453638,0.000163156380813132,0.000172599154737985,0.000182141712829625,0.00019176795656866,0.000201461867517256,0.000211207618462508,0.000220989676888945,0.000230792899443152,0.000240602616352323,0.000250404705060103,0.000260185652649875,0.000269932606913402,0.00027963341618821,0.000289276658322211,0.000298851659323744,0.000308348502415519,0.000317758028333743,0.000327071827795317,0.000336282227105734,0.000345382267900818,0.000354365681999723,0.000363226862311373,0.000371960830684057,0.000380563203524885,0.000389030155941036,0.000397358385071014,0.000405545073188733,0.00041358785108267,0.000421484762135011,0.000429234227445639,0.000436835012276267,0.000444286194029336,0.000451587131913532,0.000458737438397656,0.000465736952517917,0.000472585715061886,0.000479283945620662,0.00048583202147897,0.000492230458293406,0.000498479892489814,0.000504581065299794,0.000510534808349429,0.000516342030705275,0.000522003707285022,0.000527520868536989,0.000532894591290377,0.000538125990684327,0.000543216213084056,0.000548166429895316,0.000552977832197425,0.000557651626115326,0.000562189028856193,0.00056659126534199,0.00057085956537848,0.000574995161301176,0.000578999286040847,0.000582873171560278,0.000586618047620058,0.000590235140826186,0.000593725673925086,0.000597090865310956,0.000600331928714434,0.000603450073045408,0.0006064465023667,0.000609322415975694,0.000612079008573484,0.000614717470501229,0.000617238988032731,0.000619644743712261,0.000621935916720578,0.000624113683260319,0.000626179216948047,0.00062813368920682,0.000629978269652672,0.000631714126472442,0.000633342426788884,0.000634864337003001,0.000636281023111411,0.000637593650999496,0.00063880338670444,0.000639911396644044,0.000640918847812276,0.000641826907941061,0.000642636745623759,0.000643349530406317,0.000643966432845977,0.000644488624533569,0.000644917278079679,0.000645253567067829,0.00064549866597019,0.000645653750031346,0.000645719995125672,0.000645698577583842,0.000645590673991517,0.000645397460957556,0.000645120114851544,0.00064475981151961,0.000644317725977728,0.000643795032086225,0.000643192902206338,0.000642512506836168,0.000641755014230166,0.000640921590000926,0.000640013396707301,0.000639031593432787,0.000637977335346998,0.000636851773251304,0.000635656053117953,0.000634391315630117,0.000633058695723235,0.000631659322123251,0.000630194316883548,0.000628664794922754,0.000627071863563977,0.000625416622080238,0.000623700161247409,0.000621923562902221,0.000620087899504559,0.000618194233709402,0.000616243617947335,0.000614237094015729,0.000612175692680808,0.000610060433291607,0.000607892323408091,0.000605672358443901,0.000603401521319838,0.000601080782136845,0.00059871109787521,0.000596293412113286,0.000593828654760473,0.000591317741806874,0.000588761575092633,0.000586161042092206,0.000583517015718044,0.000580830354144038,0.000578101900647887,0.000575332483476756,0.000572522915742418,0.000569673995336875,0.000566786504860473,0.000563861211564959,0.000560898867324106,0.000557900208631473,0.000554865956616718,0.000551796817077302,0.000548693480525109,0.000545556622252641,0.000542386902421102,0.000539184966169767,0.000535951443743396,0.000532686950633771,0.000529392087735656,0.000526067441518216,0.000522713584218501,0.000519331074046989,0.000515920455406979,0.000512482259124453,0.000509017002684048,0.00050552519047288,0.000502007314038183,0.000498463852366182,0.000494895272172932,0.000491302028200122,0.000487684563515625,0.000484043309824392,0.000480378687782418,0.000476691107307858,0.000472980967888864,0.000469248658891613,0.000465494559871021,0.000461719040883324,0.000457922462794497,0.000454105177591299,0.000450267528691567,0.000446409851254354,0.000442532472482576,0.000438635711914465,0.00043471988171323,0.000430785286949217,0.000426832225873364,0.000422860990181226,0.000418871865262696,0.000414865130442185,0.000410841059203831,0.000406799919401263,0.000402741973456591,0.00039866747853691,0.000394576686723436,0.00039046984516812,0.000386347196230111,0.000382208977593515,0.000378055422370391,0.000373886759192796,0.000369703212283509,0.000365505001504285,0.000361292342392891,0.00035706544617739,0.000352824519771144,0.000348569765755383,0.000344301382340109,0.000340019563302124,0.000335724497910944,0.000331416370831408,0.000327095362001248,0.000322761646494682,0.00031841539436675,0.000314056770484003,0.000309685934342427,0.000305303039869892,0.000300908235214406,0.000296501662519225,0.000292083457680795,0.000287653750091182,0.000283212662360893,0.000278760310031587,0.00027429680128857,0.000269822236673004,0.000265336708783481,0.000260840301963744,0.000256333091989386,0.000251815145740075,0.000247286520862616,0.00024274726543394,0.000238197417628233,0.000233637005376264,0.000229066046023157,0.000224484545991332,0.000219892500453511,0.000215289893009646,0.000210676695364814,0.000206052867020301,0.000201418354966898,0.000196773093388475,0.000192117003382813,0.000187449992691241,0.000182771955444472,0.00017808277191525,0.000173382308290754,0.000168670416472644,0.000163946933889991,0.000159211683332161,0.000154464472803206,0.000149705095394387,0.000144933329188079,0.000140148937194745,0.000135351667315625,0.000130541252326921,0.000125717409895865,0.000120879842629262,0.000116028238160509,0.000111162269276294,0.000106281594086322,0.000101385856225072,9.64746850923293e-05,9.15476961346473e-05,8.66044911618791e-05,8.164465869967e-05,7.66677743794797e-05,7.16734013710418e-05,6.66610908583443e-05,6.16303825589082e-05,5.65808052875594e-05,5.15118775581414e-05,4.64231082295818e-05,4.13139971956744e-05,3.61840361138566e-05,3.1032709179063e-05,2.58594939444301e-05,2.06638621937094e-05,1.54452808607541e-05,1.02032129848384e-05,4.93711869756219e-06,-3.53543753217611e-07,-5.66931693699035e-06,-1.10107431307571e-05,-1.63783631763892e-05,-2.17727152949099e-05,-2.719433385448e-05,-3.26437481008301e-05,-3.8121480855996e-05,-4.36280471894646e-05,-4.91639530558752e-05,-5.47296939024666e-05,-6.03257532408585e-05,-6.59526011892175e-05,-7.16106930024885e-05,-7.73004675716782e-05,-8.30223458980484e-05,-8.87767295535968e-05,-9.45639991260516e-05,-0.000100384512639412,-0.00010623860395545,-0.000112126581163968,-0.000118048724968983,-0.000124005287075013,-0.000129996488566597,-0.000136022518281098,-0.000142083531180393,-0.000148179646726782,-0.000154310947257569,-0.000160477476367799,-0.0001666792372996,-0.000172916191339495,-0.000179188256243884,-0.000185495304688477,-0.000191837162742348,-0.000198213608362668,-0.000204624369908257,-0.00021106912468502,-0.000217547497525283,-0.000224059059395293,-0.000230603326045048,-0.000237179756701539,-0.000243787752801539,-0.000250426656752678,-0.000257095750746228,-0.000263794255627253,-0.000270521329816809,-0.000277276068284482,-0.000284057501574148,-0.000290864594890361,-0.000297696247254675,-0.000304551290725055,-0.000311428489672638,-0.000318326540125397,-0.000325244069182759,-0.000332179634501953,-0.000339131723861408,-0.000346098754788693,-0.000353079074262963,-0.000360070958489125,-0.000367072612743435,-0.000374082171301485,-0.000381097697454577,-0.000388117183610037,-0.000395138551472551,-0.000402159652301434,-0.000409178267247609,-0.000416192107777866,-0.000423198816183648,-0.00043019596616678,-0.000437181063504613,-0.000444151546812446,-0.000451104788385628,-0.000458038095122251,-0.000464948709529761,-0.000471833810816891,-0.000478690516067831,-0.000485515881500476,-0.000492306903800172,-0.000499060521523875,-0.000505773616582564,-0.000512443015804595,-0.000519065492593826,-0.000525637768668111,-0.000532156515857349,-0.000538618357983009,-0.000545019872809999,-0.00055135759405843,-0.000557628013493544,-0.000563827583092411,-0.000569952717273309,-0.000575999795187479,-0.000581965163075432,-0.000587845136681947,-0.000593636003729622,-0.000599334026451515,-0.000604935444182275,-0.000610436476007267,-0.000615833323460213,-0.000621122173265418,-0.000626299200129909,-0.000631360569583725,-0.000636302440868292,-0.000641120969867598,-0.000645812312082078,-0.000650372625637829,-0.000654798074323448,-0.000659084830661238,-0.000663229079017863,-0.00066722701874905,-0.000671074867385157,-0.0006747688638431,-0.000678305271662211,-0.000681680382268124,-0.000684890518263939,-0.00068793203674683,-0.000690801332654908,-0.000693494842145911,-0.00069600904600714,-0.000698340473096137,-0.000700485703808928,-0.000702441373575252,-0.000704204176390014,-0.000705770868379252,-0.000707138271407351,-0.000708303276725941,-0.000709262848672218,-0.000710014028411088,-0.00071055393773127,-0.00071087978289773,-0.000710988858559608,-0.000710878551730132,-0.000710546345841875,-0.000709989824888263,-0.000709206677654464,-0.000708194702041656,-0.000706951809492637,-0.000705476029524865,-0.000703765514383753,-0.000701818543822563,-0.000699633530016314,-0.000697209022612735,-0.00069454371393747,-0.000691636444356991,-0.000688486207810632,-0.000685092157515901,-0.000681453611848667,-0.000677570060404004,-0.00067344117023832,-0.000669066792289744,-0.000664446967979543,-0.000659581935991735,-0.000654472139224191,-0.000649118231901363,-0.000643521086839419,-0.000637681802846957,-0.000631601712241289,-0.000625282388455203,-0.000618725653702336,-0.000611933586672539,-0.000604908530211314,-0.00059765309893977,-0.00059017018676321,-0.000582462974216547,-0.000574534935572614,-0.000566389845640482,-0.000558031786173988,-0.000549465151808148,-0.000540694655431759,-0.000531725332895652,-0.000522562546959572,-0.000513211990374102,-0.000503679687984857,-0.000493971997740539,-0.000484095610491862,-0.000474057548471879,-0.000463865162347608,-0.000453526126732884,-0.000443048434062239,-0.000432440386736073,-0.000421710587453418,-0.000410867927663691,-0.000399921574081787,-0.000388880953229545,-0.000377755733985873,-0.000366555808149011,-0.000355291269038875,-0.000343972388192434,-0.000332609590233644,-0.00032121342601428,-0.000309794544157582,-0.00029836366116192,-0.00028693153024504,-0.000275508909135073,-0.000264106527035353,-0.000252735051003164,-0.000241405052004734,-0.000230126970926503,-0.000218911084827147,-0.000207767473712907,-0.000196705988127849,-0.000185736217842,-0.000174867461913093,-0.000164108700378369,-0.000153468567818969,-0.000142955329018382,-0.000132576856917838,-0.000122340613034226,-0.000112253630475984,-0.000102322499660731,-9.25533568092995e-05,-8.29518752587591e-05,-7.35232595975993e-05,-6.42722425908265e-05,-5.52030848409643e-05,-4.6319577098955e-05,-3.76250451104357e-05,-2.91223568569671e-05,-2.08139320332784e-05,-1.27017535894655e-05,-4.78738115036043e-06,2.92803389458779e-06,1.04437318406703e-05,1.7759326864944e-05,2.48747881843384e-05,3.17904203840647e-05,3.85068431228638e-05,4.50249704140038e-05,5.13459896706106e-05,5.74713406926372e-05,6.34026947608987e-05,6.91419339919619e-05,7.46911310903278e-05,8.00525296229745e-05,8.52285249231186e-05,9.02216457165581e-05,9.5034536550985e-05,9.96699410920066e-05,0.000104130686335399,0.000108419667775868,0.000112539835558548,0.00011649418162455,0.000120285727853817,0.000123917515203714,0.000127392593827602,0.000130714014152794,0.000133884818893641,0.000136908035963057,0.00013978667224402,0.000142523708178792,0.000145122093131611,0.000147584741480224,0.000149914529387285,0.000152114292201154,0.000154186822435627,0.000156134868280762,0.000157961132594253,0.000159668272324998,0.000161258898319278,0.000162735575464423,0.000164100823128788,0.000165357115854657,0.000166506884265769,0.000167552516149298,0.000168496357677073,0.00016934071473463,0.000170087854325172,0.00017074000602163,0.000171299363438251,0.000171768085702032,0.00017214829890437,0.000172442097512666,0.000172651545723178,0.000172778678745919,0.000172825504009391,0.000172794002271902,0.00017268612863091,0.000172503813428412,0.000172248963045976,0.000171923460585525,0.000171529166436452,0.000171067918727896,0.000170541533668585,0.000169951805774865,0.000169300507991077,0.000168589391709925,0.000167820186692119,0.00016699460089302,0.000166114320207293,0.000165181008137096,0.000164196305388387,0.000163161829401036,0.000162079173824686,0.000160949907950299,0.000159775576102313,0.000158557697003105,0.00015729776311868,0.000155997239990158,0.000154657565556646,0.000153280149484611,0.000151866372511224,0.000150417585806424,0.000148935110364713,0.000147420236430981,0.000145874222965768,0.00014429829715587,0.000142693653978114,0.000141061455818034,0.000139402832147029,0.000137718879267175,0.000136010660124801,0.000134279204197757,0.000132525507454954,0.000130750532391422,0.000128955208143038,0.000127140430680059,0.000125307063081344,0.000123455935885447,0.000121587847518936,0.000119703564802724,0.000117803823534053,0.000115889329142561,0.000113960757416071,0.000112018755291703,0.000110063941709551,0.000108096908530024,0.000106118221510125,0.000104128421332436,0.000102128024679349,0.000100117525352036,9.80973954293335e-05,9.60680864571725e-05,9.40300306626271e-05,9.19836421928583e-05,8.9929318371644e-05,8.78674409639443e-05,8.5798377444872e-05,8.37224822691496e-05,8.1640098135119e-05,7.95515572360808e-05,7.74571824901371e-05,7.53572887430831e-05,7.32521839453479e-05,7.11421702963011e-05,6.90275453470862e-05,6.69086030604601e-05,6.47856348236636e-05,6.26589304125597e-05,6.05287789018499e-05,5.83954695121958e-05,5.6259292392502e-05,5.4120539337614e-05,5.19795044426966e-05,4.98364846860874e-05,4.76917804371479e-05,4.55456958876818e-05,4.33985394079975e-05,4.12506238295779e-05,3.9102266649077e-05,3.69537901505554e-05,3.48055214501111e-05,3.2657792465085e-05,3.05109398086242e-05,2.83653046065438e-05,2.62212322400951e-05,2.40790720178602e-05,2.19391767755442e-05,1.98019024061705e-05,1.76676073258969e-05,1.55366518737876e-05,1.34093976565039e-05,1.1286206841106e-05,9.16744139049103e-06,7.05346225371439e-06,4.94462850927913e-06,2.84129646762471e-06,7.43818733189849e-07,-1.34745676383385e-06,-3.4321877699639e-06,-5.5100387324758e-06,-7.58068184116001e-06,-9.6437980895217e-06,-1.16990783451398e-05,-1.37462244292549e-05,-1.57849501970578e-05,-1.78149826109211e-05,-1.98360628096764e-05,-2.18479471673499e-05,-2.38504083317076e-05,-2.58432362395741e-05,-2.78262391056952e-05,-2.97992443841696e-05,-3.1762099689879e-05,-3.37146736811497e-05,-3.5656856905035e-05,-3.7588562603684e-05,-3.95097274666564e-05,-4.14203123201423e-05,-4.33203027639731e-05,-4.5209709752296e-05,-4.70885701122914e-05,-4.89569470026735e-05,-5.08149303066821e-05,-5.26626369531033e-05,-5.45002111665277e-05,-5.63278246454232e-05,-5.8145676663679e-05,-5.9953994101955e-05,-6.17530314101639e-05,-6.35430704983148e-05,-6.53244205516615e-05,-6.70974177679681e-05,-6.88624250202302e-05,-7.06198314447334e-05,-7.23700519522086e-05,-7.41135266611043e-05,-7.58507202615818e-05,-7.75821213092678e-05,-7.93082414509427e-05,-8.10296145842965e-05,-8.27467959527844e-05,-8.44603611759101e-05,-8.61709052203258e-05,-8.78790413132366e-05,-8.95853997978993e-05,-9.12906269369268e-05,-9.29953836668954e-05,-9.47003443064753e-05,-9.64061952206038e-05,-9.81136334450433e-05,-9.98233652755032e-05,-0.000101536104826772,-0.000103252572565667,-0.000104973493818897,-0.000106699597262006,-0.000108431613388325,-0.000110170272961882,-0.000111916305463838,-0.000113670437534075,-0.000115433391411755,-0.000117205883378789,-0.000118988622206523,-0.00012078230760755,-0.000122587628701001,-0.000124405262497566,-0.000126235872403103,-0.000128080106746815,-0.000129938597333304,-0.000131811958021859,-0.000133700783335952,-0.000135605647106372,-0.000137527101151842,-0.000139465673997675,-0.000141421869637129,-0.000143396166336435,-0.0001453890154864,-0.000147400840501903,-0.000149432035769802,-0.00015148296564834,-0.000153553963518835,-0.000155645330889465,-0.00015775733655217,-0.000159890215797334,-0.0001620441696846,-0.000164219364370159,-0.000166415930488543,-0.000168633962593485,-0.000170873518657536,-0.000173134619629763,-0.000175417249046531,-0.000177721352698064,-0.000180046838355381,-0.00018239357555274,-0.000184761395424136,-0.000187150090595667,-0.000189559415131456,-0.000191989084533113,-0.000194438775790881,-0.000196908127479835,-0.00019939673990603,-0.000201904175306078,-0.000204429958093166,-0.000206973575147588,-0.000209534476151199,-0.000212112073965209,-0.000214705745051544,-0.000217314829933819,-0.00021993863369487,-0.000222576426511099,-0.000225227444224659,-0.000227890888948507,-0.000230565929701561,-0.000233251703075171,-0.000235947313930986,-0.000238651836126917,-0.000241364313268197,-0.00024408375948258,-0.000246809160219741,-0.000249539473073219,-0.000252273628620597,-0.000255010531282754,-0.000257749060205641,-0.000260488070156717,-0.000263226392434777,-0.00026596283579168,-0.00026869618736422,-0.00027142521361441,-0.000274148661280803,-0.000276865258338491,-0.000279573714967306,-0.000282272724528465,-0.00028496096454237,-0.000287637097667652,-0.00029029977268126,-0.000292947625460269,-0.000295579279962946,-0.000298193349208359,-0.000300788436252711,-0.000303363135163472,-0.000305916031989095,-0.000308445705718224,-0.000310950729229376,-0.00031342967023415,-0.000315881092211617,-0.000318303555326527,-0.000320695617331453,-0.000323055834452787,-0.000325382762256868,-0.00032767495649913,-0.000329930973954923,-0.000332149373229611,-0.000334328715542731,-0.000336467565487608,-0.000338564491761964,-0.000340618067864472,-0.000342626872755693,-0.000344589491484873,-0.00034650451577882,-0.00034837054458986,-0.000350186184599977,-0.000351950050677348,-0.000353660766281107,-0.000355316963810512,-0.000356917284895633,-0.000358460380629626,-0.000359944911737003,-0.000361369548668982,-0.000362732971617957,-0.000364033870448897,-0.000365270944541883,-0.000366442902537577,-0.000367548461979474,-0.000368586348842542,-0.000369555296941753,-0.000370454047211557,-0.000371281346845952,-0.00037203594828732,-0.00037271660804971,-0.000373322085362355,-0.000373851140619729,-0.000374302533621914,-0.000374675021586935,-0.000374967356916153,-0.00037517828468599,-0.000375306539843356,-0.000375350844079542,-0.000375309902354209,-0.000375182399034949,-0.000374966993615482,-0.000374662315972458,-0.000374266961115938,-0.000373779483384892,-0.000373198390032744,-0.000372522134141112,-0.00037174910679505,-0.000370877628447071,-0.00036990593938933,-0.000368832189243714,-0.00036765442536936,-0.000366370580077904,-0.000364978456536835,-0.000363475713229058,-0.000361859846823919,-0.000360128173304081,-0.000358277807179782,-0.000356305638607137,-0.000354208308218062,-0.000351982179457143,-0.000349623308214595,-0.000347127409539941,-0.000344489821221641,-0.00034170546403055,-0.000338768798446161,-0.000335673777724062,-0.000332413797223891,-0.00032898164000842,-0.000325369418853388,-0.000321568514991951,-0.000317569514165195,-0.00031336214088646,-0.00030893519227311,-0.000304276473380554,-0.00029937273672416,-0.000294209629633261,-0.000288771654284089,-0.000283042146744123,-0.000277003283158401,-0.000270636123336263,-0.000263920704439454,-0.000256836200162253,-0.000249361163586228,-0.000241473874524744,-0.000233152814221018,-0.000224377291107459,-0.000215128240108594,-0.000205389213569859,-0.000195147573032495,-0.000184395876433232,-0.000173133433838662,-0.000161367976217751,-0.000149117347045714,-0.000136411088763317,-0.000123291760820073,-0.000109815801193681,-9.60537384259337e-05,-8.20895853689387e-05,-6.80193045008212e-05,-5.39483265864808e-05,-3.99882194202002e-05,-2.62527225310697e-05,-1.2853463136407e-05,1.04274371287745e-07,1.25253529073277e-05,2.43278464088009e-05,3.54451511061366e-05,4.58270585545102e-05,5.54398279190814e-05,6.42653944827433e-05,7.22999145853038e-05,7.95518717344023e-05,8.60399600250191e-05,9.17909293857164e-05,9.68375336447445e-05,0.00010121667650031,0.000104967808850375,0.000108131597230052,0.000110748858481266,0.000112859739715134,0.00011450311369398,0.00011571615621101,0.000116534072203555,0.000116989939790364,0.000117114645094378,0.000116936884839841,0.000116483217803172,0.000115778149965216,0.000114844241513099,0.000113702226630143,0.000112371139304793,0.000110868440229923,0.000109210141310262,0.000107410925413495,0.00010548425984945,0.000103442502693493,0.000101297001533156,9.90581845473175e-05,9.6735644056694e-05,9.43382128380538e-05,9.18740335914096e-05,8.93506220048003e-05,8.67749238863576e-05,8.41533668389152e-05,8.14919069417244e-05,7.87960708844657e-05,7.6070993974206e-05,7.33214544070479e-05,7.05519041669048e-05,6.77664968831738e-05,6.49691129505203e-05,6.21633821860229e-05,5.93527042718426e-05,5.65402672083291e-05,5.37290639791872e-05,5.09219076105967e-05,4.8121444787233e-05,4.53301681709387e-05,4.25504275533718e-05,3.97844399593963e-05,3.70342988049201e-05,3.43019822034822e-05,3.15893605058581e-05,2.88982031469327e-05,2.62301848662164e-05,2.35868913621567e-05,2.09698244335432e-05,1.83804066557873e-05,1.58199856356341e-05,1.32898378828877e-05,1.07911723322314e-05,8.32513354623136e-06,5.89280462750218e-06,3.49520986443058e-06,1.13331713369469e-06,-1.19195992142641e-06,-3.47975991947351e-06,-5.72927195876573e-06,-7.93973401007168e-06,-1.01104314712344e-05,-1.22406958724345e-05,-1.43299037198459e-05,-1.63774754678367e-05,-1.838287461043e-05,-2.03456068844608e-05,-2.22652195760748e-05,-2.41413009231198e-05,-2.59734796064798e-05,-2.77614243243633e-05,-2.95048434432784e-05,-3.12034847202488e-05,-3.28571350909808e-05,-3.44656205174959e-05,-3.60288058895882e-05,-3.75465949751085e-05,-3.90189304136212e-05,-4.04457937488237e-05,-4.18272054948394e-05,-4.31632252296584e-05,-4.44539517107292e-05,-4.56995230064209e-05,-4.69001166372145e-05,-4.80559497215722e-05,-4.91672791209374e-05,-5.02344015757827e-05,-5.12576538267209e-05,-5.22374127133029e-05,-5.31740952434152e-05,-5.40681586265971e-05,-5.49201002634277e-05,-5.57304576834124e-05,-5.6499808423302e-05,-5.72287698378336e-05,-5.79179988354547e-05,-5.85681915312424e-05,-5.91800828086096e-05,-5.97544457814052e-05,-6.02920911479069e-05,-6.07938664291229e-05,-6.12606550849087e-05,-6.16933754995202e-05,-6.20929798295852e-05,-6.24604527076321e-05,-6.27968097947698e-05,-6.31030961771705e-05,-6.33803846011149e-05,-6.36297735427897e-05,-6.38523851089669e-05,-6.40493627653213e-05,-6.4221868890971e-05,-6.43710821585826e-05,-6.44981947397621e-05,-6.46044093373429e-05,-6.46909360470975e-05,-6.47589890526547e-05,-6.48097831584295e-05,-6.48445301663133e-05,-6.48644351039038e-05,-6.48706923130358e-05,-6.48644814077561e-05,-6.48469631127496e-05,-6.48192749945521e-05,-6.47825270982021e-05,-6.47377975031629e-05,-6.46861278136308e-05,-6.46285185980904e-05,-6.45659247945699e-05,-6.44992510984311e-05,-6.44293473492791e-05,-6.43570039341353e-05,-6.42829472245086e-05,-6.42078350643832e-05,-6.41322523253374e-05,-6.4056706545414e-05,-6.39816236679396e-05,-6.39073438959336e-05,-6.38341176770326e-05,-6.37621018331749e-05,-6.36913558481767e-05,-6.36218383255642e-05,-6.35534036287503e-05,-6.34857987152123e-05,-6.34186601752348e-05,-6.33515114854448e-05,-6.32837604872243e-05,-6.3214697099908e-05,-6.31434912793417e-05,-6.30691912326129e-05,-6.29907219010508e-05,-6.29068837256263e-05,-6.28163517100095e-05,-6.27176748000677e-05,-6.260927560267e-05,-6.24894504710101e-05,-6.23563699875714e-05,-6.22080798838567e-05,-6.2042502443003e-05,-6.18574384392764e-05,-6.1650569678876e-05,-6.14194622179237e-05,-6.11615703456228e-05,-6.08742414342093e-05,-6.05547217718428e-05,-6.02001635110977e-05,-5.98076328825834e-05,-5.93741198403157e-05,-5.88965493225659e-05,-5.83717943281282e-05,-5.77966910225184e-05,-5.71680560995415e-05,-5.64827066315563e-05,-5.57374826432137e-05,-5.49292726353878e-05,-5.40550422675002e-05,-5.31118663754807e-05,-5.20969644534999e-05,-5.10077396590133e-05,-4.98418213093548e-05,-4.85971107213419e-05,-4.7271830102166e-05,-4.58645740283804e-05,-4.43743628497999e-05,-4.2800697133142e-05,-4.11436120208619e-05,-3.94037301324301e-05,-3.75823113922271e-05,-3.56812979470131e-05,-3.37033521563787e-05,-3.16518855234533e-05,-2.95310764036505e-05,-2.73458744077179e-05,-2.51019896190243e-05,-2.28058650848591e-05,-2.04646315185206e-05,-1.80860437519691e-05,-1.56783991838521e-05,-1.32504392383105e-05,-1.08112356381048e-05,-8.37006404639292e-06,-5.93626828755732e-06,-3.51911886592969e-06,-1.12766981834062e-06,1.22938196590698e-06,3.5438309541995e-06,5.80808705303746e-06,8.01528644369352e-06,1.01593867290594e-05,1.22352447157288e-05,1.42386759509994e-05,1.61664959032783e-05,1.80165433675485e-05,1.97876872590269e-05,2.14798184046596e-05,2.30938282432887e-05,2.46315765033058e-05,2.60958499544552e-05,2.74903142477422e-05,2.88194606877885e-05,3.00885495491655e-05,3.13035512771163e-05,3.24710866249872e-05,3.35983664937422e-05,3.4693131966516e-05,3.57635947860536e-05,3.68183783105444e-05,3.78664588074119e-05,3.89171068109202e-05,3.99798281756642e-05,4.10643044038302e-05,4.21803318103172e-05,4.33377591127744e-05,4.45464230911753e-05,4.58160820525034e-05,4.71563469571327e-05,4.85766102111783e-05,5.00859722992559e-05,5.16931666192585e-05,5.34064830788597e-05,5.52336912146567e-05,5.71819637916696e-05,5.92578020218032e-05,6.14669636951112e-05,6.38143956373889e-05,6.63041719808442e-05,6.89394397522334e-05,7.1722373239015e-05,7.46541384825097e-05,7.77348690696941e-05,8.09636541543304e-05,8.43385393416397e-05,8.78565407302816e-05,9.15136720371409e-05,9.53049843516697e-05,9.92246176963196e-05,0.000103265863227913,0.000107421234619348,0.000111682546925376,0.000116041001072784,0.000120487272029267,0.000125011598697117,0.000129603873645649,0.000134253730929905,0.00013895063043202,0.000143683937392175,0.00014844299605438,0.000153217196621928,0.000157996034984335,0.000162769164932593,0.000167526442812298,0.000172257964766227,0.000176954096886547,0.000181605498730346,0.000186203140750707,0.000190738316260574,0.000195202648582114,0.000199588094044056,0.000203886941477306,0.000208091808830135,0.000212195637482338,0.000216191684788362,0.000220073515323696,0.000223834991251131,0.000227470262166449,0.000230973754727158,0.000234340162315185,0.00023756443493601,0.000240641769514468,0.000243567600708398,0.000246337592327162,0.000248947629412861,0.000251393811019152,0.000253672443700999,0.000255780035712449,0.000257713291896633,0.000259469109242079,0.000261044573071119,0.000262436953821875,0.000263643704380446,0.000264662457917762,0.000265491026184887,0.000266127398219771,0.000266569739419922,0.000266816390934614,0.000266865869333692,0.000266716866511094,0.000266368249783766,0.000265819062149258,0.000265068522667562,0.000264116026935223,0.000262961147621702,0.000261603635040263,0.000260043417726542,0.000258280603000993,0.000256315477494221,0.000254148507613867,0.000251780339937346,0.000249211801513098,0.00024644390005361,0.000243477824007403,0.000240314942500167,0.000236956805132221,0.000233405141622286,0.000229661861292387,0.000225729052385677,0.000221608981208227,0.000217304091090862,0.000212817001165797,0.000208150504953809,0.000203307568759099,0.000198291329868219,0.000193105094551786,0.000187752335867968,0.000182236691266109,0.000176561959991776,0.000170732100291452,0.000164751226418909,0.00015862360544245,0.00015235365385605,0.000145945933995809,0.000139405150264699,0.000132736145169263,0.00012594389517127,0.000119033506356937,0.000112010209929941,0.000104879357532336,9.76464163956713e-05,9.03169643289327e-05,8.28966845472789e-05,7.53913603483911e-05,6.78068696411752e-05,6.01491793333526e-05,5.24243395845642e-05,4.46384779309097e-05,3.6797793287989e-05,2.89085498389394e-05,2.09770708136658e-05,1.30097321688165e-05,5.01295617654982e-06,-3.00679507198032e-06,-1.10430262395961e-05,-1.90892153842763e-05,-2.71388206619129e-05,-3.51852870835584e-05,-4.32220533154518e-05,-5.12425585131315e-05,-5.92402491813616e-05,-6.72085860527229e-05,-7.51410509760748e-05,-8.30311538068673e-05,-9.08724392876883e-05,-9.865849391099e-05,-0.00010638295275623,-0.000114039506291488,-0.000121621907130085,-0.000129123976735222,-0.000136539612063467,-0.000143862792138627,-0.000151087584547863,-0.000158208151850126,-0.000165218757887286,-0.000172113773990869,-0.000178887685076342,-0.000185535095616519,-0.000192050735486626,-0.000198429465672209,-0.000204666283833095,-0.000210756329716032,-0.000216694890407942,-0.000222477405422868,-0.000228099471616512,-0.00023355684792116,-0.000238845459893628,-0.000243961404070306,-0.000248900952123501,-0.000253660554812879,-0.000258236845725738,-0.00026262664480144,-0.000266826961633874,-0.000270834998549442,-0.00027464815345641,-0.000278264022460336,-0.000281680402240414,-0.000284895292183618,-0.000287906896272207,-0.000290713624721398,-0.000293314095362599,-0.000295707134768827,-0.000297891779120502,-0.000299867274807315,-0.000301633078762605,-0.000303188858528128,-0.000304534492046132,-0.000305670067174595,-0.000306595880921015,-0.00030731243838903,-0.000307820451433018,-0.000308120837016944,-0.000308214715269891,-0.000308103407230512,-0.000307788432270107,-0.000307271505181771,-0.000306554532922755,-0.000305639610994319,-0.000304529019438865,-0.000303225218430963,-0.000301730843433465,-0.00030004869988396,-0.000298181757369842,-0.000296133143241829,-0.000293906135603775,-0.000291504155606435,-0.000288930758955187,-0.000286189626520474,-0.000283284553920482,-0.000280219439916313,-0.000276998273421208,-0.000273625118883713,-0.000270104099750652,-0.000266439379649364,-0.000262635140844838,-0.000258695559423676,-0.000254624776526323,-0.000250426864785895,-0.000246105788926095,-0.000241665359210608,-0.000237109176106945,-0.000232440564109224,-0.000227662492132046,-0.000222777477210037,-0.000217787467374364,-0.000212693698479319,-0.000207496518359503,-0.000202195169942857,-0.000196787522758026,-0.000191269739594768,-0.000185635861889959,-0.000179877293812877,-0.000173982161340464,-0.000167934519651045,-0.000161713381642828,-0.000155291545716891,-0.000148634218601684,-0.000141697470572705,-0.000134426645889262,-0.000126755012506246,-0.000118603217409384,-0.000109880567275067,-0.000100489795324003,-9.03376861645169e-05,-7.93542605323442e-05,-6.75221523002668e-05,-5.49138391444757e-05,-4.1726739251815e-05,-2.8297597693369e-05,-1.50762774780648e-05,-2.55372518620251e-06,8.83429012306402e-06,1.8787882580224e-05,2.71770521007131e-05,3.40259193703698e-05,3.94672531546755e-05,4.36917178797715e-05,4.69072663503052e-05,4.93132328927821e-05,5.10871193318246e-05,5.23799856153113e-05,5.33167336650502e-05,5.39987029196307e-05,5.45070477509524e-05,5.49061042263166e-05,5.52463983038e-05,5.55671877802103e-05,5.58985466258771e-05,5.62630482731172e-05,5.66771175813563e-05,5.71521183039868e-05,5.76952337001757e-05,5.83101872382666e-05,5.89978402529459e-05,5.97566947448413e-05,6.05833224215251e-05,6.14727354749083e-05,6.24187102765709e-05,6.34140719346101e-05,6.44509452913862e-05,6.55209762732202e-05,6.66155263766557e-05,6.77258423618815e-05,6.88432028126827e-05,6.99590430232803e-05,7.10650596127561e-05,7.2153296289232e-05,7.32162122448637e-05,7.42467347273224e-05,7.52382973827183e-05,7.61848659871951e-05,7.70809531739987e-05,7.79216237189284e-05,7.87024918742804e-05,7.94197121436252e-05,8.00699647737118e-05,8.06504371125573e-05,8.11588018515353e-05,8.15931930352996e-05,8.19521805948786e-05,8.22347440376956e-05,8.24402458164944e-05,8.25684047987456e-05,8.26192701685593e-05,8.25931960154441e-05,8.24908167973539e-05,8.23130238099563e-05,8.20609427484124e-05,8.17359124097106e-05,8.13394645535646e-05,8.08733049176558e-05,8.03392953649959e-05,7.97394371271033e-05,7.90758550977422e-05,7.83507831262961e-05,7.75665502572177e-05,7.672556785949e-05,7.58303175895664e-05,7.4883340132826e-05,7.38872246705451e-05,7.28445990224097e-05,7.17581204177399e-05,7.06304668511345e-05,6.94643289816969e-05,6.82624025382271e-05,6.70273811961735e-05,6.5761949895304e-05,6.44687785697987e-05,6.31505162654181e-05,6.18097856210538e-05,6.04491776940025e-05,5.90712471106054e-05,5.76785075261594e-05,5.62734273794963e-05,5.48584259298691e-05,5.34358695643382e-05,5.20080683652389e-05,5.05772729295362e-05,4.91456714316364e-05,4.77153869223607e-05,4.62884748572822e-05,4.48669208491688e-05,4.34526386391297e-05,4.20474682818559e-05,4.06531745405789e-05,3.92714454874972e-05,3.79038913061605e-05,3.65520432915314e-05,3.52173530438933e-05,3.39011918525211e-05,3.26048502664184e-05,3.13295378483779e-05,3.0076383108456e-05,2.88464336131774e-05,2.76406562670544e-05,2.64599377622857e-05,2.53050851915055e-05,2.41768268195676e-05,2.30758130089753e-05,2.20026172949254e-05,2.09577376053711e-05,1.99415976200983e-05,1.89545482632046e-05,1.7996869323216e-05,1.70687711943595e-05,1.61703967334753e-05,1.5301823226177e-05,1.44630644550049e-05,1.36540728630907e-05,1.28747418066798e-05,1.21249078893415e-05,1.14043533701929e-05,1.07128086384639e-05,1.00499547471301e-05,9.4154259978026e-06,8.80881256921841e-06,8.2296631811413e-06,7.6774877861719e-06,7.15176028231145e-06,6.65192123768497e-06,6.17738061962393e-06,5.7275205208639e-06,5.30169787528369e-06,4.89924715540817e-06,4.51948304487897e-06,4.16170307896997e-06,3.82519024640701e-06,3.50921554534249e-06,3.21304048668362e-06,2.93591953927971e-06,2.67710251101137e-06,2.43583686003988e-06,2.21136993077201e-06,2.00295111001895e-06,1.80983389894921e-06,1.63127789656273e-06,1.4665506903374e-06,1.3149296513304e-06,1.17570363094774e-06,1.04817455544044e-06,9.31658916386753e-07,8.2548915470923e-07,7.29014936609769e-07,6.41604320100915e-07,5.62644810664023e-07,4.91544306074204e-07,4.27731929725922e-07,3.70658751738459e-07,3.19798399110206e-07,2.74647555240093e-07,2.3472634970087e-07,1.99578639516716e-07,1.687721840277e-07,1.41898715192053e-07,1.18573905855471e-07,9.84372386962293e-08,8.11517783432317e-08,6.64038505805362e-08,5.39026319508126e-08,4.33796535576417e-08,3.45882239863315e-08,2.73027759402703e-08,2.13181413737107e-08,1.64487609166999e-08,1.25278325144307e-08,9.40640489804911e-09,6.95242267055585e-09,5.04972974112866e-09,3.59703785333954e-09,2.50686765443375e-09,1.70447013621289e-09,1.12673651138373e-09,7.21104499896985e-10,4.44469392714419e-10,2.6210876438032e-10
