0.1525606477272486,-0.716086496466249,-0.1325553737440191,-0.45374137684074645,0.3753291406209939,0.48686768636032063,-0.44585003899439585,-0.6440396553559256,1.032083757037177,-0.20587384577044965,0.9776643613388711,0.05198031863197783,-0.7998637756223226,-0.17370838958036824,-0.08192432505086522,0.06421371087593411,-0.13420669442370822,-0.07715856093244178,0.07198535367765817,-0.4474329758412102,0.9870530578049512,-0.5543139598415242,-0.6045247576013607,-0.6004264047005824,-0.5387715515042336,0.18194133044223132,0.34705546247050645,-0.5058214210941568,-0.6846366388215385,-0.9576123304281405,-0.7033315204282703,-0.5782778624177249,-0.11979591730058388,-1.3705105983695627,0.510084100695809,1.0919038002748216,0.07767205321608392,-0.3782414683858413,0.22639654093828815,-0.15455877497851944
0.07564440073884782,-1.023471811910588,0.08288060079582651,-1.0607146149180635,0.5067733158067,0.4144470323618494,-0.6289576661427272,-0.5728655020759595,0.6511059993260129,-0.8414396869854381,1.372942434043712,-0.1508606632416299,-1.9612199039091018,-0.43459412025931266,0.7670422552437753,0.7799743059660302,-0.06739997391496512,0.38945323365988477,0.18241934985480193,-0.003916458092060513,1.138501425783173,-0.3097861253396349,-0.8144875871983379,-0.6774372660955337,-0.6913850522855306,-0.7276502970661886,0.292028932870175,-0.8396473166659104,-0.1986173233185684,-0.5558882954671285,-1.1084871655459065,-0.3700886399567884,0.05246331906485387,-1.8138940113548292,0.7481412766334349,1.7140885228150342,0.3781877608597317,0.10920620950161201,0.7067892040753272,-0.6350220207381969
0.11307155718495246,-0.38666634569706526,0.4833851030073735,-1.492754593714601,1.015844990416342,0.3465983289704877,-0.560484045532392,-1.190512894328095,0.4386328024629321,-1.34676989702426,1.918917210572122,0.03209407800261754,-2.2133148555818893,-0.9267636956504804,1.6579091220677198,0.870514401631097,0.09131807792080544,-0.3680305316820169,0.7354649232836992,-0.2175881100297778,1.4031643018766244,-0.5931193090482044,-1.0084408254391932,-0.562763445478142,-0.5847513132785964,-0.2794364643025679,-0.3151803440262664,-0.11186558418562541,-0.9514853628704635,0.059111141246547,-1.3249905978601548,-0.5207499323701803,0.4806846072071486,-1.1119722375355885,1.1151362450740316,1.317652293295387,0.20278074797436224,-1.371105736000686,0.7264081334931847,-0.10918892333275715
-0.29084549618622346,-0.7498710600797351,1.0210437390393072,-2.0385433941374114,0.6636041054104186,-0.0017744597858366518,-0.2743594225379879,-0.5403767611534299,-0.19357571187012698,-1.3443388681722424,2.28457434982545,-0.8605432471106074,-2.500681764716349,-0.9451047228208105,1.5509007681733453,0.7091160727751663,-0.681670922681991,-0.33383908931386946,0.7368428952007979,0.7713236065104607,2.0724378675119906,-0.4470892002674103,-1.1484878144485604,-0.39338400226100334,-0.39733094386492257,0.10034034496667218,-0.3146061967926619,-0.6648281110788747,-0.6728653505769302,-0.1722844177371138,-1.253695480310405,-1.5328344144151007,0.9628916771835497,-0.4797076576745616,0.8458874568214898,0.24118597171520773,0.2547584730025082,-2.648673492561025,0.8576978004731824,-0.06744006955544185
0.20767784985325766,-1.412059844299263,1.1257964249401395,-1.7048045369605307,0.9149273244390015,-0.0680018220668748,-0.42944687798389547,-0.43666767813500856,-1.0770411206312178,-1.447595327746563,2.303656764811343,0.08519795217077164,-1.5764837121989934,-2.202999070024624,2.160537918173485,1.1311055920518533,-0.8023760925037291,-0.052863215156165835,0.501207471194225,1.7446302547476646,1.8403539297648788,-0.6165546424250814,-1.0275385175583263,-0.47083126092193434,-0.09536972050914078,0.3239861981239272,-0.8842001386440682,-0.8398514377291597,-0.8116007589376333,-0.08510140997677319,-1.0936722211590537,-2.0712315354377027,0.8703667811860596,-0.7817036641879989,0.9408563284196988,-0.7769869106280017,-0.03856378083491781,-2.3273338452484307,1.0434013801066342,0.7467106858262474
1.077020407641914,-1.4154845058780168,1.515418979469196,-1.9350992985148383,1.3419311679360126,-0.32214554862658423,0.2021439558343786,-0.5211589994590176,-0.5465565534250876,-1.7100528464378373,2.5023366992269716,0.5469028704632288,-1.773714374816493,-1.839156291176457,2.5335064131001013,1.3897627695629415,-0.3954281207030928,0.1173707363981438,0.5631450980718233,1.9695728011867888,1.9358559292385622,-0.6399253054028181,-0.3576569518978332,-1.4590379410207857,0.1949950428860106,0.009343694888811038,-0.7205703211567007,-0.8181671668084853,-1.5212757774598393,0.4910489774516331,-0.6151238786130985,-1.8909617667047605,0.9637176514888812,-1.3667384386512196,1.2315949210784847,-1.624282027409806,-0.4434763480150218,-2.0547014007395377,2.1050818221667726,1.6796130933721762
1.0930219538866703,-1.2151421861646698,2.4247212490974195,-2.2192712427794348,2.23658416364975,-0.8865332317471318,1.119177290244434,-0.05859975257542528,-0.00971155924621997,-1.50770900772509,2.3754349080322017,0.8579195050197773,-1.2549951462544038,-0.8313805050348394,2.9604678622897422,1.1048415205800415,-0.06161782051044752,0.6762990044914933,0.46238312347408217,2.3646267108820176,1.767307220022071,-0.9330108135590184,-0.8368628326077348,-2.215335525979139,-0.10801513362121656,-0.05796271269680171,0.24951545285568502,-0.9344101001328542,-1.3095377357057387,0.9313327069278379,-0.3332394033383267,-1.9107016900445797,0.9366354656995665,-1.8176841023851251,0.9252607437004369,-2.6439745755767725,-0.05632817637195486,-1.7000555688997663,2.5889690640548677,1.8812695364352066
0.7112575657896469,-1.6596947255322438,3.1411983603475653,-2.2279946604311434,2.242176293454877,-1.8249835241366479,1.4466817391626663,0.26633264703358817,0.08066344136408254,-2.2004054716405,1.8072757085196436,1.3935401390279465,-1.0752700467226524,-0.9816897263510971,3.6538997177154666,1.498260502966456,0.059931017367412354,0.941929853819061,0.4826410956433739,2.304626733865087,1.5746175598424528,-0.7195381494803311,-1.7949066656260895,-1.7882616123027368,0.6257327288080617,0.012639056111985458,0.8799644864962032,-1.3163458087556013,-1.387966419526343,0.8138608717202469,-0.5302839097433033,-0.9788687351364025,1.8911375221180007,-1.9947028019180104,0.46660908702097953,-1.7826962176550682,0.21199649989009572,-1.2220297037410657,2.5153040529893915,2.3459592137274115
-0.16243781273839564,-1.1725425795983,3.149064630997224,-2.813023126267873,1.8457881343753806,-1.8883052234249338,1.3326603790203595,0.5896771825458411,-0.15324018707840603,-2.7740031438089012,1.6324250771388842,0.2928164954462521,-1.210029127793435,-0.733585551929194,3.7559764876248423,2.2597936649882535,0.2350292357655913,0.7953077329980082,0.9538622415594725,2.598173660374659,1.3277295731446233,-0.6918995280861958,-1.9060418846041578,-1.3188544294182076,0.5399286000241317,-0.14992620284766395,0.5731490712208203,-1.0105772156084436,-1.0534364624808212,1.125336087824088,-0.049563853528837604,-1.0308107971459892,2.6718445623562532,-2.1840164622950886,0.3738879383535833,-2.69342620910198,-0.1550856353895972,-1.923523007512764,2.5698736544186334,2.461060581079688
-0.01596323098508806,-0.8458610397987003,2.7695303916180416,-2.2259168767615596,2.0550356447896974,-1.3078233928028897,0.9177220349438112,0.18649134613670423,-0.1061802239216586,-2.3609154235876404,1.911727326278791,-0.20264506884170547,-0.2785415876109727,-0.36205116713100477,3.5691024980980677,3.2310022670674323,-0.10707500684404349,1.011559027908954,1.5997518568834912,2.5675731829019983,0.8583159735316541,-1.461483554243982,-1.7729294686691124,-1.0481705496252947,0.9749117425626437,-0.2641219987701659,0.03638208383000417,-1.099699499338395,-1.4943368218146276,0.8854197424361655,0.2563221096541982,-0.41023042604291904,2.8098561724910565,-1.4148353795372577,0.1739317195024167,-2.9938575457489693,-0.05099816808424685,-2.176811998158124,2.6061352269187137,3.101178166220106
0.1984279414799534,-0.5188484920738181,2.7173055666473056,-1.831295270997461,2.2956169625299294,-1.5439208036901353,-0.01930178725359688,0.41613472183776656,0.3942027621593348,-1.4934582504511231,1.430311792360699,-0.4536580496681687,0.3299784942019498,-0.6539192885235783,3.204327983951613,3.737782265261446,-0.5357713533546297,2.1377481359280512,1.5236953300345808,2.3413872923636543,1.608599577581812,-2.0617309322693265,-1.942562319390562,-0.6368053748166772,0.7424089004657428,-0.5407216827204495,0.10221499891378363,-0.608484299095795,-1.3748114564223575,1.091453947780829,0.686429632957215,0.20483986299171097,3.0535289184869865,-0.9161557937488859,0.4159095699427242,-2.9026676177407613,0.29275879270902405,-2.2046837670652875,2.253320471870145,2.131571124623679
0.13710402112244024,-0.24838721608085124,2.159889458886931,-1.255531246110834,1.6693316618638485,-1.9349811376002335,-0.5669609992696628,0.6003176327827742,1.1002718958848066,-1.4930534053383537,1.222933970287568,-0.7733831465705525,0.8396011270574854,-0.8568979394068723,2.691724314368584,3.2778591057325097,-0.8730325966684832,3.4385241235932313,1.6239333702103342,1.5584250822117125,1.9958270144522574,-2.447503150849088,-2.064024750742058,-0.5894128077009826,1.1587825158665626,-1.167840633674858,-0.41855524964543134,-0.315791479356089,-2.0655534438760363,0.7995852287374899,-0.18853648397898332,0.38332589361632163,3.7137579327222427,-0.7336409777067974,0.5054186200707973,-2.7368393478854105,0.905048564240841,-2.5273973200541886,2.08451941177827,1.8154146215275002
-0.6002921563796788,-0.9440067731777414,1.050858437557805,-0.9054538344635137,2.009169547810418,-1.5894035736422425,-0.3725969822209798,0.6495976130764443,1.293849408366492,-0.3416130759260473,0.23467034272342369,-1.1395294773744302,0.23348452032069605,-1.4477091384172123,2.42165960949543,3.234294151188917,-0.9560135366734468,3.254111128489482,0.4459316525314393,1.4980581374884139,1.9460055725701968,-2.2023555380161053,-2.0059803557364555,-0.6735202422118007,1.4546453927437502,-0.8856659122473333,-1.2668391793314118,-0.24627107475409687,-2.1959452985033208,0.8324606666755273,-0.1465767890347075,0.08937786514093173,4.713434020264247,-0.6860130900555288,0.7065465147240326,-2.514164903464556,1.316019237743648,-2.397058361268511,2.6514352536237316,1.7638631653512942
-0.7598891171521741,-0.7734912402831748,0.8196204015005985,-1.2058611921787004,1.9630877089092547,-2.1165716764188343,-0.48764445825901526,-0.13597550255340568,1.144891602460907,-0.45347445816986237,-0.41056716385507447,-1.4474335782001684,0.046546861616301255,-1.714025768870613,1.9331221560329956,2.7081516617480674,-1.1162396409405924,4.010005892127635,0.5455840002705614,1.0405873187359305,1.5116872754783386,-2.1242878626110544,-1.3975059478685516,-1.056153768236775,1.1938372382575628,-1.577365635061494,-1.62856855180483,0.15790320333444685,-2.3668362344322915,1.0880725073465953,0.1248107208257476,-0.4564933460901235,4.334054763511245,-0.6844475545037358,1.3549535405234112,-3.223938233123739,1.638509917557918,-3.637415080465168,2.4313993589794434,1.7769937577047696
-1.4505728863710459,-0.40249098705772046,0.05469477084794483,-1.4896601750143406,2.486462103445839,-1.795545477562749,-0.46130708534074305,-0.4980224406574901,-0.04054570061647744,-0.11776600609058407,-0.6667078092865788,-1.342048741430836,0.8780535811269237,-1.8439803723882047,1.5558992403012957,2.3070550113088952,-1.1956118870463222,4.388662488930223,1.2418427296912855,0.08595434495146809,1.6853392363800577,-2.3993702626634126,-1.060152972960135,-1.2167747785833387,1.8089634476106033,-2.1720842183355056,-1.5246327141844114,0.011850976089003207,-2.445241112761927,0.861314531220135,0.6932624076486688,-0.6996586572441454,4.29836644281417,-0.32838846525827753,1.7558630767576902,-3.772021309948233,1.3113350622333966,-4.443509881533891,2.753910445940985,1.9855219175212555
-0.04608558558966691,-0.6214130373744562,0.45950801176281464,-1.787042469670531,2.068127150120514,-1.0196920777740672,-0.6949975886304126,-1.1630856866813144,0.520489677025964,-0.7432942592455886,-0.744300054497151,-1.5654866282636477,1.1565851620589715,-2.3575665389620215,2.2470067677752716,1.937738182556943,-1.2610313884846625,4.646714414142854,1.5332086457220515,0.3543822889390878,1.6325434325276877,-1.9940687362240346,-0.6535990232630333,-0.26836235509064194,1.8072031862926352,-1.7854306947931537,-2.123173471265437,-0.3644411073414331,-2.458937906058223,0.6032032066480213,0.4528012878164282,-0.33479250422760354,4.031152479909598,0.40234877370158134,1.393101849887867,-3.5020861519919766,1.7544135165795027,-4.174449366296935,2.877546950527601,1.7108408920814453
-0.7542387568593811,-0.744975055713256,0.8937911965116672,-2.070598475479688,1.5847128793358525,-1.306777944484867,-1.1309240456831224,-0.947477308852102,0.33189094229863925,0.09406616437461801,-1.4153596620196622,-0.6800392889328949,0.8182586843815844,-2.6185244408839643,1.8850105112855458,1.8147153273541359,-0.7495525234718345,3.829029837585096,0.8027552198572403,0.9881699786650839,1.8134350839476607,-2.1486063450897914,-0.27305639143420674,-0.3094485725348531,1.396102521515803,-1.6720913032221107,-2.5003767406877597,-0.21242745149630504,-2.6620629554836293,0.22139486032002756,0.4467902680976223,0.057102232116236995,5.19305843395679,0.21826590707831844,1.5007504551134048,-3.362052874657425,1.5477355797483616,-4.206090597087288,2.447822175988954,1.6436278120210368
-0.35681026598307947,-0.37434116426800346,1.2200397661677884,-1.7842385093714217,1.9110182889091494,-0.6734537965804293,-1.1915503933440668,-0.7732276404732819,-0.39607445910917977,0.20979810751042707,-1.4603860956412231,-1.064569791907835,0.7500663257931592,-1.970685093228673,2.059352048568402,0.9140462056799609,-0.29605439236832165,3.9428041842215507,1.5937060094282454,1.3081817459075809,0.9751552515486488,-2.0614865765847554,0.003540374499210186,-0.8280442009701905,1.6751314819973941,-1.4274232539697689,-2.27367476951524,-1.1027743352392974,-3.1444934400634184,0.3391323948678038,0.47170188164123444,0.4337114249015693,4.923261959228412,0.45622889547278034,1.8167862640486614,-4.101207341276671,1.6142874309871937,-4.568546906494392,2.707020984214514,1.722287221802559
-0.08600807560222729,-0.6474687657542997,0.9427412281625598,-1.619193857331133,1.6206290619427683,-0.8044062986638982,-1.192169718308886,-0.37107315489075154,-0.6893609848445512,0.7414483480679649,-1.3337464307455476,-1.1508666932054605,1.5787511417469584,-1.7293475709768775,1.185982138198972,1.2186063915403729,-0.026584476429708348,4.4390067145042105,1.7169083216341514,0.6937938677451501,0.7339481441032794,-1.6574114038441268,0.4114522730966772,-1.0611512344562408,1.615507213275004,-2.3439668168390733,-2.3567364553385595,-1.1455080373686874,-3.1488986423106926,0.9284702329044389,0.4120310190312577,0.9207460809564216,5.100557832298433,0.19538168200605227,1.1494552549448378,-3.620109523836101,1.7588846220738275,-4.102346321765131,1.9793823035778346,2.7143552427737463
0.1225285864766123,-1.1566696871291229,1.0187364135454482,-0.740452782804405,1.8141076505074285,-0.7862728875715539,-0.3091743925693635,-1.2234999967099296,-0.811998297148934,0.7373444097489894,-1.3646934489046743,-0.9683999209155162,2.101104767150777,-1.1040623165009864,1.0152127938849942,0.3096388970048327,-1.120289738721382,5.064320272739803,1.799592399644828,0.16188001755903147,0.7382589504766188,-1.1697419667066344,0.18070259665721025,-1.153764059811853,2.144702788292384,-2.494388421664043,-1.997416574889058,-0.768153258131967,-2.484123424359493,1.780879986931285,0.7231272502884286,1.133429926027674,5.066472118983987,0.25815390239661923,1.1773223668165205,-2.955330096697372,1.812052568449569,-3.5511939110892503,2.0984633139328257,2.067950549061189
0.2734900138051758,-0.8403235188803808,0.40679581921009417,-0.8555826918844691,1.5009721077699252,-0.45846738973480283,-0.04785109943532491,-1.0738032878169264,0.32951727354270144,0.5527677334890329,-1.8867586114922836,-1.2412820597607648,2.2262784867422836,-0.9014671811134546,0.7954351681375571,-0.5226730928003944,-0.9036440478120249,4.814927419428037,2.216235281119458,0.5622679769633984,0.8223244920777977,-0.6575873687201664,0.3635363220726373,-1.0441977101617228,1.8327496779739225,-2.426270653709539,-1.1870043937054837,-0.6471305488500312,-2.3288871277318868,1.7358336994213388,0.6445038605671342,0.26117514664728925,4.690215651777945,0.18975857284810727,0.7295467077006148,-2.891925502115042,2.7299582730038665,-3.2843064144991416,1.620412248086424,1.5805331450845732
-0.2734100641016707,-1.0307437377726216,0.19009639804973533,-0.9816136684794914,1.0865692884976774,-1.2878491263838756,0.1260878928533161,-0.5151696023484517,0.07297688748152997,1.488081983848772,-2.0628725128230285,-0.37070480308884707,1.9186962158775647,-1.095148265245539,0.8642856030548013,0.021000232460064258,-0.6125848603935222,3.543952065390168,2.151102367066678,0.5422902665294705,0.05320075933618068,-0.5471023557243261,0.20606633028128213,-0.8163221204076846,1.3922606263188315,-2.103432079783343,-1.8836772562551398,-0.20885618751108947,-2.60785924300166,0.901510067248525,0.42664569362369065,0.979016048674608,4.434830822935885,-0.17853797961752493,0.7490495646302262,-3.287487655329233,2.254054896803664,-2.671451992801714,0.8938309335611195,0.6064758854502736
-0.9752385856365562,-1.0846816071785708,-0.10198324120531987,-0.6240931211832088,1.2260057919829577,-1.2705309251159598,0.6985591946279782,-1.088073798487165,-0.374083113551172,0.8027459100346356,-1.6597639953301175,-0.9779994190720624,2.1928924137741808,-1.0503947310671597,0.8821395702897161,0.5687158106008118,-0.5782941462372662,2.898118466497637,1.3631049307366057,0.5676894676340023,-0.255310225258231,-0.6366648711858129,0.3076290264816115,-0.031977695264899325,1.4849072866340933,-2.5782333064168435,-1.9002836235128484,-1.1527744215974978,-1.9725904802282996,0.6163242394017588,0.3067852210360827,0.36321467623967646,3.831681350590961,-0.010873837090439764,0.7484253907941073,-3.065199590583359,2.3185855970045717,-2.7546109562451675,0.8850422996154518,0.021562024093324472
-0.770405607565442,-0.4094123949605112,-0.2099217448758783,-0.9308845521634335,0.9508752399870821,-1.2025159725032935,-0.2611772107438625,-0.6006080861400616,-0.44080627692424257,0.6617573449117837,-1.3227296940616122,-1.6789406634150361,1.688026807675882,-1.6491516198419616,1.0403436116904026,-0.043843294937654764,0.13952664578909735,2.0736356327132435,1.3536182061365734,0.31760216664815033,-0.29178225113381806,-0.6622086217753819,0.25472799666918866,0.8571625176615398,1.0106965321730572,-2.4576316267423484,-1.3475138176272323,0.5298226925798998,-1.3719416523884793,1.0358088680204023,-0.06079761897667016,-0.3246688984817244,3.7096910608886446,1.4682341616700638,0.4193845102786986,-2.640370119717511,2.144970864440594,-3.5705363214605677,1.1215807023397946,0.5611087186332874
-0.601289313650905,1.2810945875746473,-0.41786526598042917,-0.657943691545462,0.020786869846210643,-1.2907746435215397,-0.4492468113063289,-0.6624828165910681,-0.10584180413898779,0.8396384655773961,-1.2591548382435138,-1.5600689918773576,2.1492181985686374,-0.9255087954130312,0.40865365412772664,-0.08997073735140393,0.5491123530971685,1.985352806305332,1.6342735166295193,0.6142956668996172,-0.41349735512284225,-1.0783553566666497,0.2735053597211922,1.3090508428380767,1.4083167949077402,-1.5743951723025096,-1.218197545287482,1.708770104134974,-1.3917066672551708,0.48854096311346795,-0.5040938108397631,0.0049490837155024,3.5434462063590795,2.8645418341666455,1.1106918732866151,-1.7326774224854016,2.096711858430655,-3.8542403969219494,1.893004239859854,0.7912551485908625
-0.022170130541447258,2.6109774201320417,-1.2581973102263042,0.7638754560501568,-1.2329546895359953,-0.7640922951483102,-1.081514768529685,0.2094034132674627,-0.24217571538546287,2.185844547018627,-1.1024117394961852,-0.5344067896552286,2.9454949210465524,-1.068775209225615,-0.49169344663760833,-0.7654099898558095,0.4776062633892235,1.6813230057999768,1.5286519878617904,0.632564319355807,0.5475284007036283,-0.9056633436438011,1.4702430745278763,0.6090151940004852,1.5802791695422098,-1.6489323809299201,-0.9570630086258115,2.1345292649688012,-1.1407896223660547,0.30022742000719926,-0.8154337200396626,-1.0558386771986823,3.4591065879157448,2.7114949968476667,0.8904387858210755,-1.398092729935129,1.4838804845136682,-3.857829974571261,1.1196976208053857,0.12352643124766981
1.3517013676152174,2.233024619092249,-1.8623428659957169,1.9178183860078257,-1.3576032923925265,-1.140754353789029,0.05267470581830075,-0.82775749837354,-1.0253771528149689,2.87882396400995,-0.9536937853603218,1.4510208829968887,3.1964096599137113,-1.0930914580999842,-1.0042009888600612,-2.108845480045987,0.9337288114431181,2.1417806090871645,0.3303982358638947,2.599277751349305,0.21965262776201022,-0.3366680941018312,1.9644605132125212,-0.8716875923303059,1.1718943231371228,-1.1441401667545898,-1.7393181117869116,1.254320717334985,-2.6918616497116203,0.8587105252469648,-1.2011848376369822,-0.5616829798468297,2.8051384368914696,1.6673310064682993,0.930110787871118,-0.46023682176750835,0.974064384051135,-1.7468004776126635,0.11202062795982909,0.21830039482344063
2.0770314271835284,0.8570431444518816,-1.1273184776507743,1.736471525106013,0.27159376544315134,0.10859545217497148,1.6888022049192768,-1.1489806644141676,-2.4026115932797567,2.6074022284799527,-0.1349541382484398,1.452314184440352,3.482223932707395,-0.3879613450701234,-0.6262775418515553,-3.1174304268555004,0.21068742017683967,1.3725160122557676,0.5604240188992154,2.1864843481403797,-1.029027930358362,1.1481381766511962,1.644669397947176,-2.6005102545039276,0.5105928510512119,-0.9783574964481263,0.1605255024183416,-0.027130140571088965,-2.901852509241085,1.3725585142564605,0.050914055282733156,-1.1507820763863024,1.156110228535998,0.08336330127539379,1.0254667180597399,-2.4672247714299322,0.7228942153392637,-1.6042900906976822,0.9232945266390662,0.3995141337053797
2.569470207669054,-0.08807236727441392,0.2450139574209827,0.6553193623977782,0.8008625834887126,-0.3107851164090658,2.4830069965500248,-1.1585228047610583,-0.5151152550515414,1.2188606991824313,0.5970396441862856,1.4008619018428967,2.7317805027765614,0.31773619618071103,0.07280394444831363,-2.5868549083785863,-0.09831574380937758,1.4260281423576657,1.4086393712796272,0.7722952424984493,-2.111341835641623,1.2901079004750284,1.0765932589006377,-2.034468541955823,-0.08111769536103486,-1.4410839368712431,1.2261965197517781,-0.5908604279574112,-2.384654812414194,1.1946159656633304,0.8348687423020043,-0.6281124192270632,0.5269809834792903,-0.8293301828489476,1.161568396051774,-3.373203972253318,1.0290299350995575,-0.8081845600541075,0.5545476220373341,0.33169546681987316
1.9797728685233864,-0.24662009204624208,0.45171169056865546,-0.127964866024737,0.27489319268108103,-0.9731401237142818,1.5072443951770864,-0.6760028310598064,0.9704896156375047,0.22289841638557234,-0.1813562633900717,0.6208803478893906,1.0487782155440102,-0.32191321206960255,-0.04630597144041761,-1.1246847858915854,-0.80842630419082,0.7077746892686464,1.2519960330584463,-0.0046857919286376615,-1.8501249180529356,1.0758343610036072,0.3077820594522064,-0.8166087614301902,0.15411680496564256,-2.368527019846603,1.6601619531244334,-0.7841840788233019,-1.0588941366556017,1.2131385480099355,0.19212619918158996,-0.24413029021907517,1.7090792398319758,-1.461911105385309,0.4888379383352417,-1.637664563436063,1.8906894279635929,0.15582064213402158,0.2899378115614424,0.028270673216157574
-0.21003696182411827,0.16134402294690636,0.22382674348801299,-0.5715587262573979,0.4545492872511844,-1.7703087689772392,0.8515806476337904,-0.7974547108798692,0.5628271886513309,-0.20180453063691223,-0.9863843130416334,-0.3014025372400603,-0.6700128103183828,-0.9338075190305124,0.5447536439966624,-0.8984452011012309,-0.0629103234983046,-0.08061851946993978,1.1243604281645736,-0.04248264737935373,-1.3097512671997946,0.8558015183884699,-0.36469374377726954,-0.47293413319242233,0.7058030374920669,-2.7276309526452547,1.503408001369507,-0.8551765919648968,-0.8057557541697389,0.4163666535070165,0.07577831587761968,0.549160338673967,2.585109077174736,-1.704613400982054,0.12284856070129288,-0.4662840441485189,1.7530715756704671,0.5543127766577371,0.6483224904489873,-0.32922767312824547
-0.8741132560055447,-0.5428200594292061,0.0674352270518993,-0.43090872767357974,0.9308089587128712,-2.113680789152735,-0.5972328630999041,-0.7113672896513004,0.07194321665433781,-0.15972737014274127,-1.1883910005877556,-1.3573972624301172,-1.5441267319060064,-1.0310780677298896,0.8175991461792522,-0.1930345043785868,0.5998313715409824,-0.32492581451030955,1.1509212356379808,0.04202374745034938,-1.5971103843827352,1.2383763528869836,-0.3930585574126562,0.31591042776742895,1.1544254578883257,-2.4540412870632937,0.568399979288688,0.4254754463876517,-0.25078065010124706,0.5298957632796764,0.1449072454634358,0.6355466171364543,2.263515923621474,-1.9199751608502273,0.5265277276239432,0.2220929133371446,2.310727206265413,0.26648442125258137,0.9501255221436581,-0.06327610152185577
-0.4710796146329828,1.0361221029187042,0.23732059806290146,-0.4579411312696345,0.5333127687017327,-1.3459401415001246,-1.0409015288191368,-0.20229557182804173,0.2358209703865186,-0.6930744823637989,-1.3963829289883622,-2.440364082923595,-1.538552727389212,-0.2545290660864939,-0.041594447238799986,0.07016385190714891,0.9668724220708208,0.056473187232309346,1.7348257405223526,-0.11643498214626452,-2.4316752843634806,0.8622813616911547,-0.1388771780438673,1.988628998907348,0.727937907608324,-1.7013946174708285,0.28706186561782154,1.716367300882271,0.30643115933751786,0.5660000485171087,0.3167293715603475,0.9049863956468887,1.648305747770546,-0.25531351629042615,0.8210082866388743,-0.18473413758440432,2.3574433943977073,-1.6194944991845153,1.266211818077122,0.12771473252081025
0.37480041688258625,2.003207111246116,-0.5935861475045433,2.1289784334953175,-0.5919515217399853,-0.9965776343283329,-2.5057661945654632,0.14611048058525505,-0.14577611333420049,0.30164622756447546,-3.45604819504114,-2.0965808764326344,-0.8035242981715273,0.9532018781312451,-2.097384214811333,-0.41150930920408857,1.0424337755084938,-0.32341500369398235,3.194126057278531,-0.7803071388525786,-2.6493371490962043,-0.1027158430395067,0.953039110769774,2.702846939517581,1.0291999628797113,-2.0244326199077634,-0.8422073681141169,2.8174659359118883,1.6252221362448083,1.1665804161367384,-0.015380498679273491,0.01109149607902793,-0.4611773102079652,0.6771100558904298,1.7045522009876388,0.2161470016254669,0.6131437376178345,-1.9860554351999815,1.6066091054806821,0.7940277130633809
0.30111631468159045,3.6097544209257606,-1.1277324399225706,3.1105170622099108,-0.8607854377292646,0.0868303881782529,-2.737124233615287,1.1526321206959689,-0.27637518143700107,1.989223702035958,-4.581641822014048,-2.6338253269310514,0.2380353084455547,1.8094810157306034,-1.8981573097838162,-0.7310812679102734,1.153352672069277,-1.3895652390502713,2.9463717453880145,-1.3428131249808013,-1.7858427115590496,-0.23143801352046667,1.9515057140049987,2.534499397058686,0.18961558315220894,-2.4681096713432518,-0.9586594027141051,3.159716727379927,2.851576208618976,1.963153555645355,-0.031815962659149766,-1.1982483507178183,-1.4019037808537045,0.926664938383568,2.254873518154936,0.38240340321204236,-0.07238874153378871,-2.3524623763668058,1.5624938765544907,1.6195087064892082
1.0922315707199068,5.6985506493439235,-1.8082819956594793,3.7066194148707705,-1.333862236472867,0.16022482280978775,-2.4237745615889055,1.0632378784283416,-0.08813761934919556,2.4951100055292526,-5.203449485759782,-2.352847341095818,0.7521210483619827,2.113846762932348,-2.590148072588605,-0.9915681616860302,1.1074536885318633,-1.5731592399070324,3.9977023003696672,-0.5722725062463752,-1.4115510469160932,-1.0535908884523466,2.9829302039071797,2.3217580903224233,-0.14038146941570637,-2.269696387330092,-1.3231289246042783,3.2094199386009876,2.104911235182008,2.1489527643479547,-0.6270608606963741,-2.145125603415532,-2.1462415415651326,1.418737448843728,3.119391119953389,-0.002330247801975882,-0.3208748045152508,-1.8033066511635236,0.11696071789953355,1.419781747476284
0.8959071140683407,5.498534679953405,-2.036135682755489,2.9777902408245205,-1.5933568120104085,-0.40803105971246306,-1.670852705978776,0.9835494653989876,-0.4593066041150713,2.2331342732964066,-4.3822584452494775,-1.4744845674466234,0.7660120722444392,1.6274569308478057,-1.9440468952399568,-0.8930486555931122,1.2965589329171416,-2.097754699289372,2.5411751171163535,-0.5276235982153349,-1.076752041106337,-0.8694451716250848,3.7589629139945613,2.1371327808784004,-0.9657377302222877,-1.233467183659128,-0.9682747323451757,2.8510258500123227,0.4082595004068058,2.2631189694505798,-1.1351726240483142,-1.5698057161434422,-1.21644613428523,0.4907968691704598,2.294613078937614,-0.44264982091200306,-0.9431931899466097,-0.7781092026052882,-1.5869714044157763,0.7507800966466353
1.4998228553770183,4.50028048568897,-1.7337116488124824,2.264348657118367,-1.2624608138364706,-0.37222098889307725,-1.241311378237294,0.5913230197131867,-0.07507312470784305,1.1810094735574548,-3.8577177502294964,-1.2728112423185205,-0.8445522089881443,1.156359912104778,-1.1722248548223217,-0.15745362183409642,1.3703407635930294,-3.1241660058936946,0.8338090260744688,0.5067184061056024,-1.3295720547487913,-0.15385421137244795,3.310951244209481,1.8526135865005706,-0.9019932116672671,-0.8977123892616357,-0.18067519102265517,0.9342905795463493,-0.6674461250676655,1.6895768780607285,-0.9015265125447919,-0.6346865618717723,-1.0720346951182957,0.5423295615677813,1.233339427438939,-1.3535191069543229,-0.6870871501865488,1.1045911820253305,-1.7055603952374774,0.2675353010681939
0.6896865152659876,2.7375926284162913,-0.8896594004556281,1.2095224586904993,-1.1820622399536953,-0.8380866860032337,-0.9818833235630893,0.3480677597076683,0.21360599887658094,0.24367176922057046,-3.214960829293959,-1.4862597708608682,-1.5846155873668804,0.7012818757995185,-0.8658620871390821,0.32852019492708584,0.5373439561461262,-2.3794506685147176,-0.05512017246587933,0.1768539597219781,-1.8549177842666007,0.9212806732542776,2.264167699332879,2.362828424937489,-1.1713893555552053,-0.19207761184826114,0.1324942201270114,0.3959608060486196,-1.2291567414809954,1.2272374122227099,-0.8781073695113151,1.607562841503635,-0.7710360803308405,0.08738369031094971,0.957724853366247,-1.116992865102142,-0.873716384950145,2.3174838621630367,-1.827651768366199,-0.10010554411737191
-0.8195011836101171,2.1227896178399956,0.14424411691407502,0.09231861416668047,-1.4692154110720388,-1.3342839436962177,-1.4539198422364565,1.2138859649318559,1.2324503795255308,0.08976246366103763,-2.893927814420035,-1.7293952628773976,-1.2321955726970812,0.5222991582492471,-0.7767684726260062,1.4324900006340548,-0.6822556622220997,-2.221352136988282,0.0007875288578713113,-0.2783642098338918,-1.6648077670238004,0.9131574483809989,0.9093767548405216,2.4695628252160455,-0.501763693029093,-0.4871637486683004,0.5386688894033158,0.030537504651943936,-0.6162015315032244,0.6858023762388737,-0.4062654706539743,1.4949831413431984,-0.8212821554849199,-0.35860853532418413,0.9915660257286871,-0.9809091171375759,-1.1902494007786673,2.427740767045487,-0.935131886093935,-0.9226550087041084
-1.5441542260265444,2.43789832450366,0.343936293268019,-0.4461561455653621,-1.7270044186422855,-1.5558238553190655,-1.609148778618533,1.5279600989047455,2.36957659369295,-0.4882913990967517,-2.3204939114316976,-1.3398317653160623,-0.7142861378287704,-0.7182432868285354,-0.7492306564647991,2.1575560336314346,-0.8710975301381276,-2.3202227805443796,0.34951739636778495,-0.5322262090077114,-1.78474299771677,0.48846552597545395,0.25608643737956643,2.832561701700371,0.23196581738765865,-0.8035492184628973,-0.02119038609342838,-0.10472473719357572,-0.4785645519219229,0.49337261550986966,-0.5178132470842784,0.811250329548741,0.48677714197797395,-0.6780933165324432,0.6090376083266485,-0.06251521437468427,-1.0571300493646412,1.9599559039350036,-0.23870179083749976,-0.6698568374181382
-1.0114536340459583,2.199183587034591,0.44963120994116546,-0.10626880015496362,-1.1854060819411578,-1.8507820447248562,-1.7530035836635904,1.2785977647219082,2.5841915466477445,-0.4274326021812169,-1.9093524009284109,-0.6725018099944204,-0.7823393682526107,-2.6944758070379753,-0.3225775756049555,1.00721145867493,-0.5216786500412826,-2.657693201761581,-1.1078124279159063,0.7919838195032483,-1.1394249174154845,0.16278238720768973,-0.2480104733219242,2.275247281070671,0.702263030241773,0.35563573172091756,-0.5100020131956453,-0.8055262011593856,-0.739966115734362,-0.2570249136049729,-0.9595395420762899,-0.02711599506409429,1.747978119867931,-0.8922348911186845,0.4611747484626202,0.11382358808990173,-0.6344233608979272,1.4750951334648459,0.00019872350727964672,-1.1717515246304109
-1.0481017533366361,1.5294021200471881,0.27427651717115115,-0.23021718836013516,-0.8101756591628558,-2.3896110206270897,-0.9873619892892611,1.5021096746057658,2.4096470170100273,0.6904335871076126,-0.4653011728561972,-1.3230354812574423,-1.6473076541868774,-2.243782249897681,-0.3395838378822634,0.22129702688161784,-0.5244493599306037,-2.183375122952313,-1.6013832107719725,1.2733413854528952,-1.7973586726691018,-0.017626565682979878,-0.1819401773482545,1.5336079784714738,0.4087502106635019,0.5286942943151112,-0.3489108196435742,-0.5564569665950652,-1.0516067873046078,-0.6432750566841309,-0.1828895886484952,0.4501394142683738,1.674372284368649,-1.44199611146932,1.0069025517940278,0.08775090024814433,-0.8481693152557357,0.9910770134669558,0.6327178958079832,-0.8342213415714909
-0.2966770520197073,0.9831357900241096,-0.3945319267469824,0.04524479539593343,-1.0352864089646538,-2.3081124164329268,-1.6128371401039427,1.7063422709673204,2.7185480058892506,0.4632926217032515,-0.9138976776996548,-1.6122390640410835,-1.4104438175187954,-1.7742316695078064,-0.21727833524357806,0.1482330313846461,-0.044877482732735896,-0.8928255787175386,-1.0719545041766962,1.2867124407700428,-1.8794311406415156,0.5091699164420327,-0.8914257134048857,0.9211037163058458,0.43195867076499167,-0.6026398759027585,-0.09286691964993526,-0.7983059862496042,-0.5052325436103107,-0.6388029268817933,-0.6719880409579676,0.8921543617983193,1.057590119280679,-2.0330301387420664,0.4467127756043712,0.7140187534602431,-0.0823428496054149,1.0484750168518604,0.7474899065411085,-0.5590493909224953
-0.26013419680235245,0.6030937202185468,-1.0317563740943179,0.33874578580869685,-0.3999050594954101,-1.7390057775258025,-1.6924811200799628,1.2458634749106126,2.4148086409848606,0.16565987679391547,-0.6687386983287543,-0.8636770109249201,-1.3563415617023395,-2.012220553575595,-0.030972293005394766,-0.18839589684339508,-0.18727088274587533,-0.8988552811540017,-1.0166650816643459,0.9697696107500746,-1.5321927238052817,0.6638825671739478,-0.8468610457262982,0.5999307035322579,0.10604840260010324,-0.8823340285040712,-0.28669856722026366,-0.3974680731382359,-0.14757644957848637,-0.3102518539578216,-0.20833380142003785,0.8334285954857585,0.7622758258014729,-2.7561242057931157,1.2891861233915018,0.5923351309878487,0.4960469680665913,0.7697619646535275,0.661046455854237,-0.876572808340041
-0.842629386441157,0.5625277417249288,-1.3740154471667536,-0.09623845402392871,-0.15838014726459265,-2.0086521039155656,-0.9713898796196753,0.8620460899734088,1.359474672444993,-0.6485500629917591,-0.3424868036347831,-0.8219286133435822,-2.1557300792186673,-1.5857840643817351,0.11359552951784647,0.2977261409241651,-0.036538032054763775,-0.7136683292214827,-0.7350694848035364,0.8067823978755849,-1.2738711186616285,0.2968997530198241,-0.479360686058764,-0.09807132246214936,0.29446809049661204,-1.721471072845235,-0.058039738212328024,-0.8342420798335589,-0.6138407670643982,-0.686752663987162,-0.37227887801073767,0.7268085278519854,0.7048942380779469,-2.913190671593442,1.0575402837564205,0.5517408606214382,0.8850157036363667,0.2192482388070024,1.6130554557223253,-0.5335590753298584
0.006265670906234332,-0.18214615144067256,-0.9323769369207102,0.06549148770446109,0.7053116457063617,-1.5109759807976335,-0.850307145861385,0.8982028988289699,0.5245954340781183,-0.8303381393306536,-0.29102131341627496,-0.9953030642813746,-2.1814376902582113,-2.0949632854071303,1.1497788746696647,0.12122435268028572,0.2820520881008852,-0.45381870971647176,-0.4182024950031811,1.1615528756091837,-1.05935534162801,0.5841667289456602,-0.8546698379883707,-0.18805648956592658,0.5038677356014511,-1.184965161789661,-0.2699033201833253,-1.1538757222385783,-0.2708699784694306,-0.8786263649477861,-0.2747945867277287,1.301581383870754,0.7613205832986844,-2.848736929152109,1.4910269653797528,0.16544317021572785,0.16266486696776672,-0.5798105084894292,1.5832507462472423,-0.7337147090653616
0.7733872036822257,-0.2612135000864045,-0.4709786763462871,-0.27549678584665843,1.2222276266355894,-1.0787006395606653,-0.5284282268076942,0.2530562197200416,1.2673433938109204,-1.3344419186843965,0.37113928969744087,-0.7851929390388782,-2.357343056035444,-1.7067058478457828,1.5590307239633336,0.24673344188549773,-0.14083479135749002,-0.3304624562977605,-0.2692699283678761,0.6243291192403553,-0.7422298152040339,0.11338151749244568,-0.612286215110905,-0.32785119126236345,0.7715194246275119,-1.4188955712500801,-0.7581177896627707,-0.34953054261492184,-0.2251115317235562,-1.2101937710073567,0.592840203080839,1.2812887465537832,0.620817428417204,-3.0051420894741288,1.7290983929092008,-0.27305373915422926,0.0055983313678317735,-0.4521787533140281,1.952411220351244,-0.4751345765436993
0.5473628149149583,0.25692209615060707,0.026836987356661554,-1.0865179428116831,0.8882933653372961,-1.085519004551105,-0.8589485767345659,0.8533484044370032,1.4185897728080665,-1.6946539085298549,0.44628046452675185,-1.4116212570092181,-2.63505858467086,-1.857153966774766,1.1185786981375703,1.103628429019541,-0.24587126433713724,0.4876897053333513,-0.5872674588034035,0.3198930663579693,-0.02136341679591562,-0.07591068855858887,-0.5605615046849651,0.10483824403554733,0.7680523391679792,-1.6411841053613954,-0.17669570734967846,-0.3855868111567832,0.9657304609812241,-0.7579105545786221,0.3169540552612339,1.523701061709627,1.1203794528208169,-2.2946253462648207,0.6756658728518694,-0.43087073915160606,-0.19228995206052057,-0.3383075034117106,1.6967870975473278,-0.2594703142766053
0.2993401043682861,0.019592514025169545,0.1632606747902356,-1.3173381320761524,0.22076368783030803,-1.3655627191997974,-2.216104985145763,0.8497499406166177,2.2511046343837897,-1.7087306907523885,0.288872003503324,-1.1887729881663334,-1.7565609471299772,-2.288165836215521,0.049612673995746544,1.4439074130829137,0.04462103019755953,1.1772456160472267,-0.7116132586056566,0.3963537793239799,-0.1261437528301059,-0.04786936343763039,-0.870699944929616,-0.37071605037842814,0.940729752812206,-1.7917144294643732,-0.6819808299495607,0.03079262175055214,0.40738138335190055,-0.8331576012041229,0.03979280496800313,1.460327783223037,1.2956603894733894,-1.5102919161655404,0.8863354417641479,0.08504198648410834,-0.4658325512825472,0.8835496862639085,1.6220080113147584,0.12380078042868635
-0.02406558766917738,0.567476487988765,0.1800655701971921,-0.7434644931808043,0.27094847124775995,-0.5932761913679826,-2.3812934752316837,0.5928247780233893,0.8507224946987616,-0.7650448070683283,-0.366307162488479,-0.6995389010420173,-1.4255067806177795,-2.274763803571239,-0.7679565712844237,1.0073153341308978,0.48848790283053545,1.1715348734973536,-1.9668060926720794,0.9015073287479186,-0.0640615208085079,-0.5283872161370329,-0.44401408083805394,-1.4965035138674572,1.115413410141469,-2.1696089420047953,-0.8337492281816877,0.0510017365271392,-0.3486459176771415,0.14345720701125092,0.3562748869146707,1.1448121539024745,1.4997283597271005,-1.4074111404597862,0.5472612866426969,1.280751708694872,-0.7876110397715573,0.6952968704246578,2.332539134386178,0.08869728298029339
0.6640993113679121,0.9323486840165172,-0.17294384719850792,0.5434488669337417,0.951711586366305,0.30643579172227436,-1.0900869447209174,-0.4929868562131423,-0.8564609432303592,0.6006817939367148,-0.5491695944448493,-0.3278795746586012,0.16814980903262053,-1.6579759667106413,-2.069167594428628,-0.12378499572337762,-0.1375304389333445,1.7585355471615212,-1.8759333876563895,1.125124000987877,-0.24571495894654577,0.18007966954448074,-0.5669285391986452,-2.5072886261350664,0.5130658733303021,-1.8913144241225588,-0.6691404401760017,0.17026623637544847,-0.5915487074458601,0.8804973032660954,0.7636399392357749,0.9702431266019573,0.7517859517717793,-1.419109094579979,1.135847213405183,0.35079872479492386,-1.6620599506311824,0.5121909050688355,1.8582734373146654,0.43429452178129957
2.4207195639803576,0.7456508584689783,0.22744277520304101,0.8315106609881266,1.3935730294997977,1.4616400745345939,-0.40828024994392426,-1.2497137698234415,-0.8624680249001349,0.9060858526301359,-0.5569153437795729,0.9863836588233419,1.0489280071691691,-0.4914598037576253,-1.8945245506308594,-1.0928182511420312,-0.3966688239513095,1.410882858246176,-1.5848604317807262,0.5334246282715801,-0.7114576217133861,0.5353091088900288,-0.4870107511432649,-3.1167257509399926,0.249854771649956,-1.7136541526331068,0.04060742234695805,1.1787145214825778,-0.4462299098757159,0.8099943343602038,-0.0683705259008622,0.3073970797178238,0.6758899983506165,-1.7679929128371261,1.191080994154454,-0.48306035296240046,-0.6110458301558154,0.8087084392134415,1.7040549229237663,0.7099989672024747
2.713237980166348,0.17410816461678436,0.8737394556649277,0.7092735988315684,1.194012034008816,0.7723737910195833,1.1501782123396593,-1.079457928807202,-0.6671214853411211,0.9731214537851328,-0.5142668970953334,1.0739838984377,1.0889390272034667,-0.0977089059115549,-1.582597229415126,-1.1695910558649232,0.10622565677043591,1.9922656958359455,-0.5378270246882939,0.04701026852628169,-0.05777846695209654,0.9104433943967144,-0.4297799927447889,-3.1326352447715475,-0.4300991420562037,-2.2233415250859507,0.9725751812214951,0.6936550025855149,-0.9606690012975334,1.5746326140559315,0.36572514726108757,0.29069904338392144,0.1801373064028475,-1.9600852015549504,1.1181608045621374,-0.7067735346422095,-0.763517592334696,1.1389302262528744,1.9038316572692382,0.48850403384085583
2.1809003734381274,0.06637317355552087,0.2720955287571283,0.004491929121288041,1.7225018934027598,-0.2979388928349778,1.7253448103594797,-1.5008948419025354,-0.12594159734210292,0.849900598717509,-0.751265485243722,1.3575778173015345,0.6568717810221298,0.11342119776331347,-1.580370809743231,-0.6777702578616562,-0.6128645236270399,1.931193145014431,-0.14107029864660642,-0.3709581397042011,0.35371289820772406,0.7432436826284133,-0.9277548028434203,-3.001572044616743,-0.552674619590437,-1.9828070614441171,1.2839814387551916,0.7360763228757888,-0.4307030820560259,1.7704566764392085,-0.3063499068602603,-0.008655294962908872,0.49114622179241235,-2.1456882237519346,1.058346358638245,-0.6160443211394874,-0.1924433743319195,0.529881955792021,1.5316010318976343,0.7064526194341164
1.5929613537016412,-0.3246170093342442,0.9205826112280588,-0.8597724631380338,0.5269082071927367,-0.9558319345267288,1.8098463051211544,-1.5579624170678588,0.16867236033310012,0.029450998217522145,-1.023727040450211,1.1451089717273568,-0.05180320836349417,0.011397314452750468,-0.35930346948813235,0.2413937745799518,-0.01984308287457065,1.3500448406339272,0.2554109603346111,0.04313067711521544,0.94608682687701,0.34707182905500567,-1.0165627656154763,-2.675836927076259,-0.3678657885021094,-2.732492755456707,1.312897721012513,-0.14752898729395605,-0.6111850765610221,1.662412609396819,-0.3381210577005597,-1.0622508012393568,0.5326146101452737,-2.287497184563038,1.1295718552466265,-0.9633290915315573,0.24775896437677472,0.011310749841079208,2.0122101602706515,0.6857247708045601
1.561849401082566,-0.01152712746555742,1.2743565313019554,-1.6114834741836048,0.6962355175585043,-0.8893207254549258,1.176014079371356,-1.8653605863199214,-0.4948728126230144,-0.7895749220864612,-1.1079950925973496,1.2592684313727103,-0.4198953704399301,-0.400757371806156,-0.1462561422982711,0.07340382768147696,0.5027415476137396,0.31525480662928884,0.8404236010960425,0.2830942534321117,0.8955094337214717,0.013082157047275111,-1.385105175436661,-3.1152537393433817,0.432065622536427,-1.9787711004433206,0.5257756059929775,0.017233930213766457,-1.313884857463235,1.1998113123559577,-0.38537298563156586,-1.6409138519710942,0.9206608521031637,-2.951601856731664,1.6726210796901246,-1.7270845216782778,0.4330976141420103,-0.3694341356414692,2.1339552633689283,1.0850716468134214
1.4275408550448097,0.10446324966791215,2.0408286846661623,-1.6171567566541434,1.535579156427219,-0.8920376409840117,1.3221390735037786,-1.6689635883628438,-0.7450717576819388,-1.0566423187260083,-1.177926704793554,0.805594142736582,0.08786419225005848,0.1439045022271529,0.6090806128393332,-0.5203674049155026,0.4453629449148442,0.17795969211361806,1.4066851845696404,0.9383523054209483,0.7823833793045991,-0.03014105967772973,-1.3851966794382302,-3.163079911733364,0.7464651963630953,-1.362580050437404,0.3232612687745235,-0.7850638437842099,-1.6441949774738256,1.2292909257547933,-0.04419535272389852,-1.7106636097490282,1.0643823965085084,-2.8377615721359564,2.3915719381923535,-2.9434404360122493,-0.3391644530600553,-1.891805616843336,2.3302522179513474,1.5684704649204648
1.7680590919896122,-0.0773692695490894,2.313584982590443,-1.2665023834880018,1.4939318085532876,-0.926055357321517,1.7437577046217811,-1.2570194029893123,-1.2148874970613335,-0.2449097131671048,-0.5046655892766339,1.0792424684665143,0.11248599859261965,0.3648228584685516,1.131982214946599,0.5213391708627915,0.3841325681317126,0.3150563869917847,1.6912532887378693,0.47321647290048546,0.13520245695482763,-0.2986070162549486,-1.6136764759282314,-2.74280124749804,0.7439484945481036,-1.0045915174453157,0.5376418142851366,-1.4655209841573023,-0.9825830064774967,1.2392459109362335,0.2920928668682357,-1.1072438041806656,1.5101135800098997,-2.515901757169404,1.585440527300927,-3.806389078473932,0.0496654802776028,-1.7819191349296888,2.225759420602842,2.1133874866306814
2.1018004732554156,-0.08300846726590594,2.3595688174811658,-1.3750133272590346,0.6823474989831328,-1.142861182301577,1.4559737899582277,-1.031152128665086,-0.18314416831107017,-0.39083672639638056,-0.593112895038433,0.5293827810850188,0.49796581563756825,0.8318584663216974,1.4258093145884456,0.47733800435774143,0.08816107608920969,0.932614463348834,1.9438487108216955,0.6954695205486483,0.2793652760526002,-0.4407528275768223,-1.91967168018312,-2.3193161537160356,1.1515513236600958,-1.2083396533199102,1.2305988959888436,-1.6827263821578007,-0.48674885524258293,1.1895563858079958,0.3149368506567941,-0.9229720425649115,1.8935411662952473,-2.621139817758494,1.259955001912016,-3.6452341687772787,0.8665928548474021,-0.9246223964085755,2.0614926749432954,1.8609674980319681
1.964631101493552,0.1050824038989223,2.449598971784933,-1.2036700447605608,0.8306812277841455,-1.1785777550988394,1.115523337016855,-0.7716543262840704,1.2309762510761604,0.19839364155992548,-0.8207797874215309,0.3648849341414333,0.882445651594182,0.19834101547357,1.624498300412023,0.5402977589444092,-0.3852873953131406,1.5920636944764641,2.061352828224325,0.36565455934158686,-0.07931142533575436,-0.5076301737914711,-2.0244681849319726,-1.7835899281422076,1.1305493636595334,-1.962674286064169,0.530995774788882,-1.2433308369901588,-0.19170322084511296,0.8873601754784598,0.5114252146283963,0.10596162498057349,2.5665054998258787,-2.81045921330294,0.9450313423730988,-3.01958790077597,0.8664344453068091,-1.304270136627784,1.1930412447371799,1.6802646316546461
1.3849875931840443,0.07211579151092568,1.9725735337807095,-0.9382754806280503,0.9205756800528466,-1.1433457291476854,0.873376140676591,-0.46000877049352296,0.9196054629990703,0.26550862499898353,-1.117203849356075,0.5622224842167225,0.4844922121689278,-0.45639983067011075,1.609981221144711,0.881041118734107,-0.8481634708985372,1.8712125719171284,1.7715522613737529,0.4013548837149292,-0.06724323617604784,-0.8198130173729973,-1.9445250535610021,-1.4488265762360675,0.8047959565789138,-2.014988509212762,-0.13309408363537759,-1.7537675909315396,-0.5147552892386846,0.7058895405635264,0.14676503909564612,0.3076551684094474,3.4708183991035173,-2.589912063522287,0.8808843681174364,-1.240845693479322,1.8766509796101047,-0.10892629007914661,1.2981320129500855,1.061461264529091
-0.08738045766502306,-0.1924114827162793,0.9542341401842578,-1.4167824920947625,0.8830626608052394,-0.9230547444675212,0.576215071167983,-0.5897911650014831,1.4371309084591688,-0.10807734968932003,-0.9727100338647592,0.01024938259321484,-0.20508160543017356,-1.3106752082489497,1.6988282504241108,0.7818847011080665,-0.6461975840965646,1.7553280296714144,1.3834312745172668,0.1569684238093478,0.06157351274828146,-0.20832493354651271,-1.5014656271749498,-1.708066544185055,0.6187951702711246,-2.8881249625449907,-0.49928205538316994,-1.3192328249335583,-0.5817995298645187,0.5686582250817559,-0.34090480473430274,0.408446556186128,4.110909624886078,-2.4529629822527994,0.9978017985239855,-1.1908187158560293,1.3223572439631563,0.047189407798640004,1.6749677734265782,0.31206317947551515
-0.19974790884520477,0.06381927687050168,1.405589622796346,-1.6971523672046827,1.7193158259781824,-1.0414816004697593,-0.04836069152817214,-0.870339834901521,0.20380062301326266,-0.4710200648053826,-1.0543320798661737,-0.7482907478420175,-0.6039451594241008,-1.5606978583810527,2.2767843869674476,0.6237906586892494,0.4188038606182085,1.69552196351102,0.9760976538319706,0.2017605410527086,-0.3680988492047216,-0.24417176979666463,-1.2894550581384503,-1.943451706571846,0.20040302227338022,-2.785247879386775,-1.2377541568643295,-1.4914260169615867,-0.41077169823892035,-0.5746536353237146,-0.04670032027079636,0.3956588360203498,3.90077750194725,-1.683693392266928,1.58740222637406,-1.2210239101389895,1.5558459086275507,-0.6015749329499931,1.3807728774368344,0.7338625922964176
-0.5812784592375086,-0.7390357533955716,1.5920854944872673,-0.5550717881688922,2.81713317942017,-0.8003061892392827,-1.1346582429295335,-0.7315408048611799,-1.9048729223454017,-0.5123729899000053,-0.9784172202837829,-3.0555700915449506,-0.8022435114280749,-1.3237584148194816,0.7826501587552491,0.626846520906781,0.5760881054778136,2.3370090896869686,0.8943857519538069,-0.3624084584167422,-0.24930107786457809,-0.8868922993845523,-0.8483704235577345,-0.2391604906175852,0.12285936673704,-3.810713779735618,-1.7083562313144205,0.43922321043123724,-0.11215175284246541,-0.12446671327097854,-0.4073831130354409,0.7096877530834919,3.20606291167527,-0.798609840635583,1.0742000703061472,-0.8412515947367574,1.8618579061546627,-1.151487202741123,1.411195113202307,0.7123293713228056
-0.7578616492606944,-0.41481076540187256,1.3140177817450653,-0.7116640170510075,2.020065679610746,0.4735364993180855,-2.090302682378751,0.09234862908057084,-2.0337890683866275,-0.5675915835330718,-1.2909348958826325,-4.158931988977042,0.12483644902643685,0.39857123052462606,-0.13685336674198462,0.6397613196444163,0.5747001929776783,2.48577656545316,2.351391518950647,-1.5005010272185748,-1.7968853508130267,-1.086123559870208,0.04575434170459025,1.4354025101863233,0.9679013212656209,-2.8658186155440237,-2.248835853689889,3.6367333268359654,0.7311831591805665,-0.280202792570008,-0.10522598407459793,-0.5024900440564165,1.1083950110222365,1.8727254341140358,1.5786795518958563,-0.8189525757586165,1.824572201206239,-2.2936591516913527,2.3714523922159176,0.31036399076738996
1.2083899852574196,1.7640451224402123,-0.21729423873073708,2.9218398239129657,0.4555845016008252,0.8514195904817434,-2.3930078261646215,1.753467245669372,-0.902826704779243,-0.45289430712351664,-3.679157375615949,-4.034097534904918,2.1696720636738185,2.8234865330275163,-2.622386502213335,-1.8722867082869308,2.3618617484510818,1.3987807773505359,3.6485720230110856,-3.249191437478074,-2.404730130056602,-2.436078561180713,2.608639927900692,2.2950942422496428,1.5956391979833704,-3.2222670177039676,-2.851287514176095,4.887893352559068,3.586558290006192,1.407075174148489,0.32027408712402716,-3.4492959676800456,-3.154627840222112,2.926410706884706,3.1458800408221763,0.0494685865895208,0.372600680167997,-3.2008278232893104,1.294417298090116,0.9350202252353659
2.1400418560424397,3.698384240403591,-2.8329377360267616,4.179774110697847,0.3421546919697573,0.8644866184982847,-0.8099451609907807,2.021720150123607,-0.6547566051056333,1.0713165307776957,-4.035357847514146,-4.030285551818906,3.9574901279735695,3.894494582442265,-1.977244486978484,-2.2263184801319182,3.165357998288671,-0.2918976209045818,3.7084243629392977,-2.6517143533700467,-1.1748636943184416,-2.2393068794289466,4.4472573927709735,2.428676736045063,0.975210205468919,-2.7323018709669173,-2.848281137445671,4.230825883168158,3.7485858469004603,2.2650811651886786,-1.0398394691789896,-5.155504768931056,-4.4520221685278925,2.9406690859826434,3.4542885610915004,1.0838193629528166,-0.4947204522562971,-2.5313324520945626,-0.7396199686425227,0.6332525577341805
1.6602019213543073,4.455946435488226,-3.526229149133737,2.754381917371874,0.680414317217643,1.6628643584251472,0.49668313706692113,1.1297313170371837,-0.15913816304487094,0.6255129836199627,-3.8563017226594973,-4.4496532540408005,3.548383460564965,3.108971782560064,-1.455822561170968,-1.456952848107287,4.0548677771194,-1.347265617585907,2.860455291733179,-1.7215785376828223,-1.5095681506513468,-2.9691439216390005,4.274718286209988,2.9552386318382764,-0.5383643501681887,-1.669561151541369,-2.117790612618337,3.955977308410692,1.8577948411506398,2.59194283357555,-1.632201049063978,-4.649084979662364,-4.371127011723456,1.6117895264402873,2.7244079462375144,0.7537467240112303,-0.48630642514402234,-1.9429248963703492,-3.0820586480280707,-0.4354351766359682
0.9186957765808692,3.59410068275713,-3.165854937095823,1.4547304407609056,-0.1692656889410861,0.5497571760520211,1.1367194975917856,1.3304092725546717,1.532934044588373,-0.5169419672242022,-3.4010037289927264,-4.82211767677014,2.904099222063424,2.511326491106632,-1.4643806839765772,0.47245498935459546,3.5317656617813484,-2.41865412981262,2.689849048749883,-1.6149899642473193,-0.9114653326644713,-1.331875694635197,3.692273110430006,3.6565619585105718,-0.9050332092118573,-0.8316055362039045,-1.4782240487898102,3.627498573481991,0.5224248472185147,2.841456715366892,-1.6048022933117776,-3.668338694566054,-4.069836959924281,0.8117109348842084,1.6399861745221957,0.0413270951007893,-0.7813556914202624,-1.3845449017009848,-3.9903120025872747,-1.0999673140706097
1.4712052110279619,3.720289819609013,-2.2895525617192063,1.2415789705158427,-0.8886328403345198,-0.15498786591032732,0.4106371075321002,1.8149787434104607,1.7279092289586702,-1.1673726546019174,-3.0307195450563467,-4.237664908866044,1.2765211349642192,2.3573143368611267,-0.7960429543583876,1.7469719670067803,2.926730950817248,-3.6382161681990866,1.7849164279412641,-0.2242541260463189,-0.805659721885604,-0.9255224417464974,2.5456142437845592,3.7778618952309393,-0.07126348302881637,0.162279620914355,-1.1749978249201047,2.3660767309782127,-0.8450695485242147,1.9852855391186426,-1.2704540438891359,-2.957635760005749,-3.198270838571259,0.7063503357154367,0.3601808767223331,-0.03401392957874565,-0.6809268831504043,-0.4263492255447491,-3.229496404053777,-2.007179302456222
0.6580133268214339,3.2188988623465846,-1.8936207710088497,0.5125400968295556,-1.1904392383501499,-0.37960200847320047,-0.150815417363633,1.3277701635904218,1.3552997657016361,-1.1726947727931316,-2.2957633290236488,-3.9804932178171555,0.6530076053115573,1.9700721375982309,-0.6294288627695965,2.276944329149683,2.4264893447031466,-5.28597573087632,0.3507961001521072,0.6585476126943073,-0.9893733907397533,-0.23076187369364445,1.0887888532342371,4.0060926954369345,-0.04870793237233889,1.010043201596663,-0.9372251281795716,1.6988053016919908,-1.2738212976424406,1.6825942621421912,-0.6238826674355908,-1.9241210179068673,-1.8383999598083685,-0.3261679250666144,0.17624247831937417,0.2312970964540977,-1.7884287969875647,0.689594933441724,-3.0586240300885903,-1.6170884016022053
0.7260034132624777,2.4492050803488916,-1.2530868475474517,1.0023027058645497,-0.475596562201176,-1.1669127677323134,-0.8934637397769052,1.2861529514675694,1.6399307944642492,-0.5364067234878289,-2.174876351496832,-3.757407208104847,0.28049682556940186,1.2802898398068294,-1.2045463741860134,2.9632669087933,2.009646356209921,-6.039075055785558,0.034697077529341314,0.7538230918508917,-1.1898114756553617,0.34009875856500005,-0.004994712187908479,3.5510759946373542,-0.32138432887265245,1.708958464352052,-0.005480138652933175,1.070618120341789,-1.1370939792232497,1.5748053398709991,-0.48697929252292704,-0.42623939191657867,-1.9626313502053143,-0.6062640356052625,0.006617551308518099,-0.7440308431786052,-2.045384933698851,1.2495023983188198,-3.4648214280029275,-1.1433403523286814
-0.057238927155933594,2.5831210154644246,-0.12898461106255055,0.8926207861707085,-0.34296735047667415,-0.7799995891910934,-1.4400589925297491,1.4859333832166102,2.0694625479632123,-0.6532389516345981,-2.055289831446575,-3.289368017887909,-0.045169499996691675,1.710679135196804,-1.9270743462525464,3.1647564841383433,1.378598468771779,-5.34237882931367,0.3463110341733386,0.7947019110756631,-1.3832024131463274,0.33496083127850845,-0.8456357992053746,4.0739008899107665,-0.4408040535653667,1.4214865751943682,0.3226647557093727,0.4337355502617541,-1.307310805035951,1.0980722981512954,-0.30131395532619965,0.014584998792828041,-1.5439725002156588,-0.18684091946000667,-0.06125305965424804,-1.383882565835191,-1.8533716152252353,1.6740973931547878,-2.8448222577694464,-1.7234075056150922
-0.5117388158402572,2.535829933981587,0.2861528874696732,0.6671812008910519,-0.6163706511476599,-0.5878076548499502,-1.9214522620513153,2.164332729379098,2.3582751001616575,-0.6999631346484854,-2.5864123040261724,-2.2517010714930024,-0.5172031658703657,1.2399479015526056,-2.0667538601005577,2.9504887547572607,0.9839250736195283,-4.745643441076674,-0.02220975452724927,0.599846071611539,-0.819700710565302,-0.0957256214330309,-0.8594295353969963,4.464279291751062,-0.11010718518494322,0.22618664443286085,0.37279312635766804,0.04437011962725659,-0.6761255222985256,1.1279698926881527,-0.3167627756737099,-0.16303248308663026,-0.529312713683743,-0.3027299736319823,-0.9171984781364093,-1.173617800714679,-1.4593571217602217,1.27193115859037,-2.4029346039259014,-1.604256105074644
-1.038421406643417,1.7990077019137751,-0.08905242075769709,0.9634652180322476,-0.5352385318154259,-1.0254212998826486,-2.185783925015856,1.7828937558650018,2.1458284965107355,-0.4867456113630408,-3.2461408540652728,-0.35813835835656627,-1.319856753318811,-0.17153455451648658,-1.224946721977763,2.6164620745342626,0.7844973934597395,-5.1935054751177105,-0.3743598996389389,0.9789978008836712,-1.4562724795470927,0.08588660379424501,-1.543834927272299,3.8896006575698774,0.27768047287831454,0.06328447254727114,-0.5598890795169454,-0.32606803882627405,-1.0617519834751754,0.5826463848896091,-1.0363110757767966,0.2731298259566894,-0.4407810336725154,-0.5992215946647841,-0.618381786194042,-0.6070601779210474,-1.3319840055577972,1.4375504764724174,-1.9789344136980418,-1.2644987469540467
-1.6400251525682064,0.9061254449724794,0.2402495286059121,-0.35631211315610245,0.09508466458434456,-1.578317299897881,-1.3912923769511418,1.3674455244344843,2.7354893762488697,-1.0661375984930856,-1.6478069611687534,-0.6974045291827051,-2.0969537936337734,-0.899507860627612,0.16803333771062454,2.069213913026699,0.684838945850966,-5.506726859676129,-0.955650239631577,0.6612978286200697,-2.1242079780532133,0.3764035526130516,-1.5671989891927374,3.636243697333904,0.83722092659577,0.8526897107655895,-0.6150025000805047,0.1847748424874645,-1.5461537058259887,-0.023353514394549413,-0.7807780803241045,-0.1799845541796692,-0.39043841624024433,-0.7548877974456135,0.9931798139864639,-0.9811569279507109,-1.5195792462998736,0.7181814020021773,-0.5984797273733446,-1.6861102802002583
-1.5231490932719696,1.0028495364818308,0.9568532030218702,-0.43631515218899597,-0.7991518821990449,-1.9472090325631002,-0.9075899287882275,1.5368590728490812,2.705978844828782,-1.6083479086583077,-0.1571462955589874,-2.641524828216528,-1.4746252200843841,-1.4759354884522193,0.29100542045897754,2.3168252890720185,0.45978375323025783,-4.0803523494645,-0.5581060532913202,0.9267367992191875,-2.1506311414636,-0.24809320495144455,-1.1402794494133575,3.6512661867330922,1.354734253685641,1.3125779148085226,0.0629023519306331,0.6081723271676561,-1.344342009295894,-0.3718695662774163,-0.8740787427818767,-0.5173745540875929,0.19367679023093734,-0.48065840858463255,1.2664192943549444,-1.1011932330173766,-1.580155033000155,0.08531991529375638,-0.20899438781626017,-1.6184579775619028
-1.1156008760241785,1.3914578508148716,0.47152091288119996,0.3494639744892978,-0.3422140921591004,-2.2733398766912876,-1.6696891280329016,1.4772293823146028,3.185363957783947,-0.244778974071375,-0.16578336635256127,-2.337911277537264,-0.32770173532127334,-2.035997808176263,0.14222201892090192,2.120377742818233,1.0314811907571155,-3.37707097990766,-1.515447845919299,0.8422622010129008,-1.6850893579732489,-0.06223025856898945,-1.3211222157781946,3.151919213060179,1.3862465976181673,1.1246571515507826,0.07512345707245877,1.423388811414136,-1.029763987068575,-0.69879835002584,-1.2267769486421447,-0.1911911589148755,1.4438023446069728,-0.17779888091252835,1.1470438950331092,-0.5796991754634774,-0.38904748769546615,-0.7097981007894794,-0.47320269714514496,-1.1441050028346287
-0.8875293813421518,2.5152597962794,-0.02347288499366107,0.6973767783318695,-0.9586237581334909,-2.2441974328295977,-1.6736133258695831,1.7137177938460928,3.2011038430146876,0.3365620266824237,0.44071282929228994,-1.0503887906486973,-0.5695483828034473,-2.07912888049492,-0.2736359711201598,1.282779184100546,1.5341658291965312,-1.9335289866312522,-0.8540285016255472,1.5344199376218937,-1.320665396604557,-0.6918429688868161,-1.1588840302474872,3.159193121854792,1.1452826841604753,0.6145564049599507,0.24237288105402477,1.1942737326613275,-0.27340356419635814,-0.7096041129400974,-1.2582715764430772,-0.2623137232105328,1.513522788601906,0.6672510393023525,0.37098776884101303,0.6977700908609925,-0.180932573940027,-1.1338892771897613,-0.24569811861790103,-1.5363828655673148
-0.26335447782731736,1.7018059761907736,-1.4000408166297285,1.3703542929216252,-0.4214965194894614,-2.400720913635901,-1.945599238049909,0.895409566024605,1.8849969132895557,1.519171090102538,0.40766806763918517,1.0226422471588714,0.46600929644512534,-1.4973013739798031,-1.6584684844143982,-0.9825552593456772,0.8492483601611959,-1.7118670198393335,-0.9221446841695364,2.8113705767386348,-1.2068897731833437,0.3396034424281393,-0.08289175573629826,0.4472938209644924,1.2349357283688749,0.4933493946084342,-0.26053195757060266,0.8397424517260377,-0.7204734087427179,-0.5475011580903559,-1.5613232142403226,-1.7790815900098302,1.396331424788389,-0.919566021449768,0.7822902674144173,1.537479426154278,-0.46889222516914686,-0.6495285813572574,-1.2648016255598673,-1.1624277944202197
-0.3490695269959535,0.7000824320386102,-1.0962878825500582,1.9540292494604228,-0.07668833018329593,-1.0029434610768089,-0.41044817298408975,0.3226669528285011,0.5278074020739795,0.48070466014929225,0.40397813577688013,0.6755335788938276,-0.6922514360016891,-1.509698753076705,-1.0114553188233801,-1.7878597040408293,1.338750506965441,-1.5094378413858665,-1.532849954746072,2.275903603885839,-1.9810906806355686,0.9432256201130881,-0.22163216411771644,-0.01674210039655752,0.2865828684716348,0.4555662141667559,0.5433964330606854,-0.8312795620321718,-1.0716893069881501,-0.5448695662330272,-0.1814296741970705,-0.7835427043353437,0.25596367005589266,-2.257850743469852,1.048902382017787,0.6757218259616742,0.0332217976541634,0.46085756124372956,0.08723265516878775,-0.7532628603809081
0.8481752003763752,-0.10067784689434252,-1.001945328433529,2.166036705848868,0.37964736845242064,-0.2884285050906464,0.040770483297921184,0.3617804356191605,0.4397325953534793,-0.37974174053742316,0.8454082583456577,-0.18650742582755797,-1.7882727991161487,-0.581104001929719,0.004147256799619482,-0.9962578744164238,0.6761217929807981,-1.4009939006812415,-1.068760162707393,1.0006603785651371,-2.312955527722314,1.1435033670464105,-0.12517323748711556,-0.45219221190948145,0.18871795329812263,-0.9290712376973982,1.2251165610700387,-0.5560402511072812,0.12204387415019526,-0.4904991011333527,0.7935392055218381,-0.29517070679469715,-0.5169082628757373,-2.521786138868819,0.9017879035498777,-0.10822861419602989,0.5530198601235689,0.5119597790596059,0.32457050390702635,-0.03480239118651281
0.6225093306828304,0.045449581876095935,-0.7540568643569256,2.122738362642239,0.211939072940116,-0.25798096494145006,0.0434072828725508,0.3045896127370718,0.39859079346463167,-1.1808830495286529,0.5614079007805208,-0.644549481846011,-1.945591083619005,-0.756331438605221,-0.14091699121464502,0.23965601632750103,0.47204376930274544,-0.4081656691682611,-0.3104366717984525,0.683752846409272,-1.2667734520942657,1.1839328326746863,-0.7693909417715286,-0.22657375942603514,0.13544985169357712,-1.4593115040510645,0.7781829639505563,0.41269699717777997,0.4833458478542714,-0.14158441514922337,0.05733097557787298,0.4261691948522286,-0.511703047961819,-1.8072587269363345,-0.12328489146208645,0.850026461867889,0.5554162213429081,1.7837798156743996,0.9564492084926528,-0.4946069518007091
0.5971450117363287,-0.15290773413286807,-0.603692610628654,1.6151756891788493,0.8368618682514519,-0.19713736745640506,-0.11505370060443712,0.16105117741786878,-1.1650340505163257,-1.3587623944293787,-0.001063532034072029,-0.4887886158660195,-2.4325483497127176,-1.0177591624788294,-0.2544458216905367,0.5633445127044606,0.49970253485066046,-0.238138839205434,-0.36971242714612274,0.7023459022207212,-0.26466047385749275,1.3746278047590914,-0.7095089076619313,-0.7949872784831795,-0.4849857030890505,-1.6309933249771302,0.38688267546403265,1.1779127741306594,0.5461231906690587,0.04738239133052512,0.14913436925476825,0.05832286596475932,-1.0632058858451396,-1.809167918760871,-0.2087373695712658,0.6434392928998834,0.06658915695351239,1.3768235398283049,0.9401499110508013,-0.028370253096814235
1.1605514322750263,-0.24707776394966205,-0.30594051700530506,0.908044735290326,0.8235236722934551,0.3838689273032752,0.12450359751173327,-0.7678525258492702,-1.6268380561959455,-0.9742601863650491,0.8463074515716432,-0.10065975036285951,-2.0444446902140827,-0.6631997542775343,1.0143315375986202,0.6142498345215389,0.6038258575885793,-0.6502859250017845,-0.21369573469128167,1.3845368877862574,0.5238992713199608,1.3591599191177137,-0.6532889230821677,-1.0900278041047582,-0.7991715136861772,-1.964846808192386,-0.14394931567547692,2.1355144484568958,0.0549513613985065,0.921836487780641,0.2690379045460698,-0.4138966730347203,-1.2271933824028287,-2.2323838093813486,0.006558275546507647,-0.5812063679602978,-0.5259415960935677,0.8604856321964944,1.4671921267774832,0.29815801529186314
1.8016795213242867,0.10060844370834619,0.7558297130687419,0.4610458344142462,1.9260119190928078,0.04161809471424677,0.9853302798440542,-1.420224813547667,-1.1128954965792712,-2.5227255698360866,2.0192394349887235,-0.38942982673217474,-1.476505368955623,-0.6706649401373568,1.571166924458288,0.22798594330880215,0.23079535042542548,-1.0554226462804595,0.031246228050646696,1.411899027277345,1.0175504320342907,1.1782816447471527,-0.9389726662213436,-0.7117744598480262,0.0014348877370422702,-0.5761304169246348,-0.2551946613601438,1.4493534608797285,-0.5370124633578082,0.2685725656393525,0.6457527717594786,-0.9264046666929113,-0.8470121470326408,-1.4740719647080731,0.2312962267004348,-2.096528429679031,-0.9575979748669587,-0.1865544014690334,1.6260087019903013,1.34666245631972
2.1964400418472922,0.759605692821305,2.0873293034837714,-0.1355183847454234,1.4484144578680673,-0.7350248868702632,0.7891246039373578,-0.029704213399624313,-0.549284541992998,-2.7568945336335875,2.474578143726155,-0.9763787899540413,-0.8351424392161513,-0.6240445985506464,1.6747815331362292,0.6880864763140475,0.10601023548084262,0.24174024273099246,0.0663089889146672,1.7784881686155605,1.010810226745868,0.9098488032180587,-0.7537678249069183,-0.2721338490351522,0.45823713659582066,-0.6822351041459159,0.15768380451723008,1.1481472940097872,-0.5573504385007151,-0.12225912375355899,0.6812105687511042,-0.8581751100512114,0.1352042404298269,-0.6520507034447589,-0.2652773923209332,-2.3141465593004646,-1.0135306739069605,-0.0842934316832641,1.4872728671527367,1.3156692469214633
1.7194565609320136,0.6142624493160483,2.411942490541423,-0.554703533134061,0.027525532340447745,-0.7833748882572839,-0.05462103973221215,0.24123026964491728,0.29296997040224837,-1.5567991955928706,1.8146271139227999,-0.4195594715785055,-0.39862457224028314,-0.6242354287586729,0.6554901907607257,0.9882268265881011,0.018428678017385652,1.2657214239519803,-0.6145631455408351,2.433534329219694,1.070859927121531,0.253755989245949,-0.8696342347376689,-0.723914512850088,1.0955530120043795,-1.1520169076484241,-0.03604385616318663,1.0795760018149843,-0.07712155802066986,0.6718996290717966,0.6831869985155679,-0.33792809014939845,1.7383324021712618,-0.7372702075870462,-1.2859683243356095,-2.0540584310549588,-0.7297033485371751,0.9996325837650558,0.702976738883688,1.4207727157394578
1.6501863997351596,0.9555823536834608,1.9518972524045668,0.7578543721193871,0.26667818741446647,0.16575406126190484,0.18551435367467506,-0.445171254782497,-0.42036708529377953,-0.21730249386525063,0.6992324491635191,1.1346324068049194,0.7045754616380122,-0.8363539917990253,-1.134121622099486,-0.10340237354451437,0.23467814790146457,1.85328727349886,-0.9382137852799329,3.118558910288992,0.44501421358543936,0.7197322516210495,-1.0591668251042046,-1.8651782468055491,0.879385656519253,-0.6306454930800605,0.0016089393938241714,1.1707607949939092,-0.7611471411147934,1.577564505958552,0.20345097793014713,-0.35881525854334506,2.221572773171386,-1.4618523144513442,-0.5065243485635275,-0.46532668882105577,-0.6434906043816,1.6691532548700554,0.9544517394870524,1.0161025811813758
2.238691083070073,0.502672940182122,1.4428344246871436,1.7840065707120787,1.8862298318603274,0.3955482907926283,1.353412854498645,-1.1545368171697241,-1.0239717373114012,1.2344525534649038,0.9032670096392571,2.1480296350332972,1.6215554520608482,0.1316166384752619,-1.3868865731324258,-1.2594428262508262,0.11569990383193829,0.9194177544525461,-0.3331543144465341,2.3072618782592764,-0.6475474009561234,1.0594228312993308,-0.7180988928369824,-2.4892381665158014,0.3021268805985688,-0.16044042383696258,1.269905626276419,1.774949568458649,-1.139649620533199,1.8243157972474808,0.2766865742035197,-1.1007836129652613,1.1180666385423474,-2.615453682184053,0.7934604897024837,-2.2507111108349522,-0.8344657226429795,0.98387139757824,0.9210043840601746,0.8083235131264205
2.3193806353688773,0.9884136266301919,0.9227681836902881,1.5091176100756658,1.7255707892426781,-0.3230956445708214,2.224542015789958,-1.1470660347596342,0.5258141058367738,0.1768811576481774,0.9143267664506365,2.132251234888309,1.271705201007807,0.09689699821350195,0.11882966241637885,-0.4513732820136153,0.6940515963320025,0.23227594880153019,0.018922743201009062,1.1430563787788448,-0.7728316568657573,1.3425891557865497,-0.5039831799574718,-1.9472006075782582,0.09617202214007971,-0.32664444790195396,2.0563443835855617,1.3295590309108507,-1.0675641196404364,1.1605978173266802,-0.41074925464434364,-0.8541206382576028,0.8845718420004732,-2.6123946224215424,0.23730287472107878,-2.728048512334804,0.40818099851783224,0.8283806845830586,1.6301584448413977,0.920545154229338
1.4961867861781923,0.5623200805492287,1.3716276763013762,-0.41421299678115375,0.8931349434726586,-1.0157873293400295,1.8932743424123943,-0.7104242066356949,1.8188751937820729,-1.6914783907799515,0.8628897534024047,0.6191398590625555,0.3440725748033172,-1.4404531065964041,0.5604548250228947,0.34946653966189734,-0.06204354163827408,-0.0813684277551453,0.007787268286933963,0.9455628381301521,0.13141641152901162,1.3195309631616599,-0.7994106794684428,-1.392387860016186,0.35434968045367354,-0.49655035614919596,1.6400786558010345,1.4154752999825218,-0.8904917948954931,0.4916534710115734,-0.16258392951430412,-1.1359224387581652,1.6044539127060946,-2.770517861567809,0.4061684814783051,-2.7925689407929326,0.07336050068079578,0.938158851315141,1.5499019693915097,-0.05367590609879297
0.8614930867817812,1.4551940258805556,1.5267857703746521,-1.088347331877218,0.2715676691531902,-0.9559748704032146,1.0064645565588026,-0.07735204411145864,1.9908225947358216,-0.7647931420907483,0.31252743714078685,0.20384325860847108,0.42369818470545895,-2.379939813718039,1.4670527769674557,0.598235608450316,0.09527155487215469,0.072329428454633,-0.7020680362147438,1.568597061626651,0.8278741245409119,1.3379623254195894,-1.5097853481316839,-1.3247040769777425,0.4320887665146883,-0.3108791800175289,0.3353070067394616,1.0265787235428232,-1.0552569137783063,-0.12969363449098775,0.22405920438659338,-0.822047369212283,2.6114128788711284,-2.786215403117033,0.8236509168072825,-2.154590507033052,0.2601565179996582,0.29270492296827944,1.5670820365673324,-0.36548905218944594
0.7273418355053852,1.1564240039100917,1.5416796012552245,-0.8125935727181149,1.24573764455957,-1.4792987711821,0.5281173519316217,-0.9982789292723523,1.847960661977269,-0.46675083573007436,0.005562233031692246,0.01123755266566237,0.4540985785245245,-2.261456105156956,1.076724571588497,0.10745556064046174,0.015875746225416085,0.5317122669046006,-0.9949821356686437,1.9373543938255955,0.4701851409945702,1.0490427974150212,-1.4038759116050383,-1.7672917005276887,0.5681669453785285,-0.08129800564849277,0.051848262842334424,-0.019721910674323495,-1.2160808713451017,-0.27408445546428434,0.2985404052186207,0.09280711256275256,3.611917302193256,-2.8618467686413216,0.9343178936515335,-1.713786440436218,0.16947800385353803,0.35542724841044915,1.4362788597275944,0.18531432946995538
0.4843323895195664,0.9769510726287006,1.829761408298519,-1.3694380479436439,1.6380385526934051,-1.605536228980648,-0.28756412870918313,-0.6583456884569918,2.078852468928526,0.02315090575006723,-0.025336636414997477,-0.9292840238303819,1.0259130103507461,-1.747266388633829,0.9197647204909285,-0.12330492288979611,0.4768155249609151,1.5622462255249956,-0.5945614997347537,1.8113423073116324,-0.4280291719456055,0.8830423226638024,-1.339279570115358,-2.075801052011149,0.24016805234681635,-0.6860466101924715,0.25952711962514763,0.14893934949456888,-0.8649501044290796,-0.7180237971870789,0.204648836276747,0.4146896462319332,3.7534570911685434,-2.7101003195998654,1.1856726497107277,-1.2219008615934466,1.0370795316669699,0.12829523760489753,1.307675624278569,0.090072655735868
0.4407330008595428,0.3367164574483132,0.9797259207946613,-0.7482244393817793,1.9225578432313506,-1.148977926405763,-0.7651085802809379,-0.6567708644163903,1.3986138955148415,0.6650998444986144,-0.8822310899687172,-1.6682435769476056,0.675422982019992,-2.2401800055844645,0.6397247558736403,0.4083734532404087,0.5963102553927686,2.375984637863085,-0.46052692826600883,1.1508676515762961,-1.0983831365117087,0.28147457013941984,-0.9294768756268522,-2.3800432556330398,0.3304504263536229,-1.5236164925662095,-0.06515856087716246,-0.6208733550785778,-0.4793279709207098,-1.045612209570982,0.06371112748072466,0.305684990498044,3.7652746851178245,-2.4945780380304594,0.6577923026407395,-0.31099201245164043,1.035679044973161,0.9783744414857497,1.2331568772637793,-0.654428769110722
-0.32513040859641695,-0.1455310241641248,0.947302372963626,0.16489720612570435,2.7306523341408457,-0.6134683440009525,-1.049929523301048,-1.1664538444647234,-1.0981136942072591,0.12273940247865181,-0.21901047737246432,-2.344348795063166,-0.6658221861648718,-1.9576935885939706,-0.19619735914675585,-0.13718197910050486,0.9385049086018324,2.8342595339123053,-0.430526521309311,-0.18323144523807688,-0.7535347496239514,0.08406602053629658,-0.9221819225380967,-0.6144652183855515,0.7269996615284546,-2.6699327728695224,-1.294827963615592,1.6544498175272,0.2078303577404247,-0.05118230974597353,-0.5837672636232847,0.37209748457723313,2.8139663316262586,-1.9684525090857057,0.08670312865601165,0.14831982239748495,1.5783679722949189,1.05884489950186,1.6158898825102137,-0.3908366408426405
-0.6262512386838566,0.12280261892206974,0.5641286940124732,0.4087238151005951,2.487367650052713,0.5075983218553919,-1.6707653452759734,-1.2550179175050178,-1.3810390398026058,-0.24187441073103977,-0.832244935749803,-4.190625579529733,-0.3586501558278323,-0.613517638515785,-0.4325441269724349,-0.07918316763677014,0.9639713103695633,2.768893507745847,0.8161470048667996,-1.5988397501663285,-1.7496710178513086,-0.12646944405332322,0.352674179670383,0.1846939614514478,1.1230869640788999,-2.5258191582060117,-1.3333593898238179,3.75276185031484,1.318782237312592,0.3219721007939778,0.4042211608522778,-0.9862102511897249,0.21512385977812562,0.17622149520453434,1.0510410019977914,-0.6263298017142191,1.6476226474635185,-0.7188526006128944,2.780667772031002,-0.6921216341111613
1.285367638185367,1.1377724115609347,-0.9324349349542606,3.6349318217024242,0.07617732013444323,1.1417504643234984,-2.1081308930913756,1.1667070216849074,-1.4862172924021368,-0.22811928447737034,-2.36888230322235,-4.76547335117005,1.5242451973845905,2.6824059276913665,-2.275344387023059,-1.3288359481463607,3.062449389964949,1.5599128602294028,3.0679180075580574,-2.522635964907052,-3.604725850579927,-1.1316375161638357,2.134448506035932,1.3476734704138713,1.6713896347107706,-3.029399131192053,-2.2063515060627585,5.273178910427228,2.9500728503357623,1.6159065620662907,0.5428041524685223,-3.621038450334435,-3.160980605210166,1.6422350064293323,1.7700690996761888,-0.15300226362500916,0.6495365425763918,-1.2001727012957653,2.3653715827243857,0.5492440455298877
1.7990861174007629,4.246512941625254,-2.9834626174065884,5.6628768171757375,-0.48038475812304016,1.6328382984797427,-0.6898373327561371,2.6372806498825057,-0.7455710451029323,0.08528171903261905,-3.6588080181946214,-4.485288193759474,3.092685020504857,3.8771440298329694,-2.198201574167664,-2.18382650680155,2.918898139114999,0.004803052016961296,3.9605295435705963,-2.62722127029469,-2.3523362298559847,-1.847722400216203,4.078658001262681,2.2631027433331607,0.46395507717669715,-2.4660472595538936,-2.2905388731981975,5.233988701384607,3.3142697882097445,2.662456128782836,1.057055474660813,-4.3192062879437865,-4.142231509428063,2.2110679671273146,2.4992078994468754,-0.05482950845930523,-0.37260714265894956,-1.563428174016213,-0.006576267303435079,1.48112553852977
1.043982144800467,5.553824710867689,-3.3100632077580947,4.950459321262742,-0.45368082681478095,1.2679766974668387,0.48095724594524364,1.9348013164630147,-0.5286202403052376,0.6991266490336165,-4.126547919777817,-4.096236377370096,3.2076635826378426,3.020947994830948,-2.026289721249685,-1.4745342092421876,2.4646892437363954,-1.1012568631764998,3.0505993610219084,-2.0227185167016537,-0.914577954820393,-1.5111890797933172,4.359338645305134,2.611032107576859,-0.10120072863328744,-2.064419027617266,-2.611237515574423,4.730886208228276,1.2998620294863954,2.7152896106113347,0.29521137957327254,-3.929105110452995,-3.447904022225832,2.020330849397842,0.8772019565201146,0.4080223947695265,0.19625011526821778,-0.8616368124850626,-2.231699918543699,0.8087597616266313
1.2478542018858998,4.755779305327994,-3.3470291578808826,3.7470205025037044,-0.7436544385238701,1.100786771546074,0.686169597594296,1.350185277910675,0.3726892568852376,0.9987757958802567,-3.8480069558838794,-2.9330818521904103,2.07999173671604,2.136569700346516,-1.0968517188929878,-1.091996904218682,1.5823726226210129,-2.3330738129655053,1.6441747617970006,-1.2238416778599448,-0.9952447888221629,-1.3955021870887097,4.170724436711944,2.493215433422873,-0.356824331332924,-1.3311426395211496,-2.7416224361263475,3.3976849384183736,0.31235444877882335,2.244433805506735,-0.3241347907992364,-2.8167738230765917,-2.7304181978490396,1.598142809486573,-0.31504369261424814,-0.05261463034306291,0.07119418066978078,1.0469495401416533,-3.453828011403569,-0.8773319070685134
0.5632829842338958,2.619475370694719,-2.251328116499698,2.6964540286905785,-1.0440724978994396,0.7433510549784585,0.6992008337907424,1.5207515763483672,0.7681297201192876,0.2563293702478475,-3.0329511102818434,-2.986028290720959,1.0039906256576705,1.210120740960746,-0.6568790590607965,0.14356315970675868,1.6110722627177363,-2.1888797867020107,-0.07033350004925942,-1.0963824226634566,-1.4491928777340344,-0.022796973097834627,3.200264786725074,1.373274382834008,-0.5354098503354486,-0.8881452827965292,-2.745428918092026,1.5671388695570558,-0.5204604971045361,1.3192570398519117,-0.2645690215734818,-1.228225231288264,-1.3562101841685064,0.5245390074358087,-1.0938684646099923,-0.037270441093143966,-0.5831265210911047,3.184859349557335,-3.659814081727061,-1.6374926403080043
-0.1206119137107946,2.0465466925097067,-1.4401636317907194,2.191913588385322,-0.3044848680256437,1.1105817640136488,0.5933809128602772,1.5319845010696125,1.2077123263271488,0.19628786608164783,-2.0847156359468535,-2.4456601791664263,0.42332706636600104,1.356934679260732,0.5363757876967551,0.5305107108052236,1.2187330440897737,-1.9812516760313257,-1.105664512051137,-1.2452627783870451,-2.1102904219417824,0.7372255792941933,1.701174984839838,0.20096532249019924,-0.3904199718268415,-0.7428860575907485,-2.591765654945644,1.177226143715671,-0.7838277229862327,0.3473173730084671,0.0015058288911463658,0.16077890503206937,-1.215514400308333,-0.20697812328301252,-0.8360806186714813,0.2816699064767081,-0.39375099653714396,4.422374350279281,-3.044975404609205,-2.110979993653394
-0.43330153212746336,0.10214013683100542,-0.34713224340724197,1.551581759615475,0.06078928968768033,0.46171498130664135,0.46601845063044467,1.152693320638603,1.3806165152843082,-0.4351970809714976,-1.4955156350894592,-2.2006965411934365,-0.5459671239442738,1.2632499513864557,0.17139156753293067,0.7302873694469034,1.0013267617795998,-0.7056540289352722,-1.0328388073413781,-1.4543396090481018,-3.0128923162025267,0.18567994834123466,0.539877341169964,0.20838505223522477,-0.5163239195260179,-1.3533879568069624,-2.4810340201318355,0.803140192574216,0.03450353634757791,0.22373650040539966,-0.08670781963182525,0.9697597964459594,-1.2336915082933375,-0.14032036063945255,-1.5172360510852394,0.7267296058595061,-0.4852756775666899,4.379860578148437,-2.1763243833398964,-2.09189880902262
-1.1757008667972262,-0.24511763945905612,-0.1437341378903808,2.5095799787359683,-0.688547095964108,0.7765145641506113,-0.37059827453471095,0.9057007035050206,0.020959331351250443,-0.34276009190856255,-1.6250799784882446,-1.9744964942649939,-0.6839330335065529,0.4855012504606547,-0.6242563098095,0.39352475480814203,0.3670376433001253,0.37345495760534964,-0.8320991669975524,-0.8472074640322852,-2.504713607198889,0.6472164504268697,-0.023796864009845833,-0.5628050285544817,-0.5578670346134562,-2.1406795163286123,-2.272867330754906,0.4979932668718302,0.8784841141691418,0.17519763174337805,-0.8241537076291312,0.6407295194680303,-0.8359393551272647,-0.6105724090442342,-0.8883583297613781,1.7903132845513754,0.06314633306216236,4.203089203129594,-1.7164408140251357,-2.3429245383948474
-1.067360564778813,-1.0370791730964315,-1.0616206939915882,3.555977887908588,0.09077323957799799,1.6879392574991738,-0.3363066709478535,-0.5237022389017971,-1.2208585384694937,0.7714251130808504,-1.4013525862880623,-2.1625558342256235,-0.18688148358946682,-0.08311947567868105,-0.941885859162982,-0.44114991424075695,0.6848808400155142,-0.06782974705435596,-0.8877534344425667,-0.7528181211310113,-2.462621988016509,1.15296132367148,0.08145232075095041,-1.573143186343398,-0.6169644361297798,-1.6843112418846475,-1.9944909822156913,1.6497970167445795,0.8504901287773875,-0.18759555153892776,-0.7831043965958295,0.20705014177508768,-1.3485380366946398,-0.9878038013629468,-0.06153568517620833,2.1584033285498916,0.11124666422308213,3.8256187795132686,-1.0245001667903435,-1.5047248082851872
-0.4748686804933132,-0.8814127588570717,-1.059210648292687,4.388994144562282,-0.5434537413272102,2.4825062473714614,-0.29842201939557866,0.8146145469811141,-1.788219964606609,0.5702042853670009,-1.8298358124884102,-3.374123102293235,0.40364521767776074,2.108804609783548,-1.8588259209616032,-0.721047916411601,0.5471619487066481,-0.07740117246465983,1.7355932869430695,-0.9033458375717243,-3.9100044602290636,0.7251155539384473,1.164402095079433,-0.005685019815821146,-0.14005746303750488,-2.2795067658956008,-0.6711116516369382,2.4995954523058153,1.8986295188884448,0.6428415467962602,0.6166029728949928,-1.64055187976522,-4.295699728600369,-0.1392734711740946,1.0988379577011254,-0.18772083957680952,-0.27330291895629755,2.0151767128347275,0.29487305684014165,-0.7540735738440827
-0.9620089943152019,1.4501970178438006,-1.390427577344585,4.430158926691769,-0.7308447504161679,2.8400788192886206,-0.35737439082013034,1.0153810030262826,-0.40595499207852936,-0.2672620014712319,-2.807932238525658,-3.567874225888255,2.3668961571463245,3.143187533041019,-1.9281968390653803,0.16797233208201567,1.0825179713284676,-1.3663173773564545,3.788629179007815,-2.1541490582249065,-2.795056848257445,-0.6584140950593724,2.24417633612282,2.0546330629778504,-0.38622450323500285,-1.7645758933189288,-0.3957788420207119,3.3418626608525446,2.9914899594990247,1.146320455850704,1.8686445865674055,-2.86501628876781,-4.558575658025628,1.9655207017892906,0.9448145653234632,-1.0815343748455226,0.136844085969819,0.091967629413647,-0.04232415541680623,0.26653939907063506
-1.7955585159905516,4.05687008157166,-2.231224570642545,4.274443238879413,-1.2482230609615121,1.0808394334520286,-0.4102282001470603,1.8186451186164678,0.35433042055496333,-0.04122936634792204,-3.1599191437550815,-2.094084227052502,4.03122038189214,2.845456550100604,-1.032933117660264,0.38148348478890715,1.2166406818600526,-1.4514832826777384,3.1470846535628794,-2.456042819999304,-0.8440911329787708,-1.6156242991996193,2.504791866092754,3.5238366499097764,-0.18585740597809697,-1.0054719792973528,-2.0143992672254676,3.5714885153730354,2.6574524996055864,0.646799798106739,0.9033759550452721,-4.374817220918409,-3.3995377027216067,3.3549506044411466,0.506597510024719,-0.281862907788497,0.613297031638077,-1.0682239455533473,-2.3725350912600813,-0.22822793529103258
-1.8595129967107495,3.6418634611223593,-2.851587029807806,4.219270377403492,-1.5533581467351318,0.28677164205722505,-0.14693224779003697,1.690613170744511,-0.22950205077083846,0.6615393096885862,-2.683433298256608,-1.1725342341121958,3.644014436585564,1.7629095054154922,-0.20860925227550442,-0.38427462861321127,1.6437623322372548,-2.428033126634894,0.9442097106534437,-1.0186098375514718,-0.46600490220145313,-1.6844624184067962,2.8295739916226266,3.6334097819780773,0.43045164662944163,-0.37353727731543124,-3.3439871656080573,2.882427571490634,0.7933532800453367,0.5864728454803371,-0.7241817107873999,-4.088883194597597,-1.2167140067559468,2.973541095653362,-1.4039161595194198,0.2854968795883879,0.0070859480714206,-1.3752312696199467,-3.3580453354040998,-1.6265312977679025
-1.0403262137145206,2.366050827779909,-2.9298120947202815,3.251439802877986,-1.627384249336405,0.17021025624729244,-0.23894876331938922,1.6130970288128579,0.5104681552947083,-0.1971023157277643,-1.7142691294645047,-0.10435724861502371,2.531813633304761,0.9485458699324398,0.36328897599671073,-0.9047826911259704,1.5020636318248495,-2.482342419050567,0.02635712310341362,0.005182266510591144,-1.7507528940013661,-1.1783265055289451,2.8254214476486377,2.848271038532258,0.41957346680247776,0.8357629391496452,-3.5485727317426212,1.6299194975674147,-0.715637622013338,-0.1357818168131745,-0.18285614405739603,-2.8319844445602844,-0.7436224608614809,1.8762002055254385,-1.8107494285355061,-0.23482787322837617,0.22433731324492878,-0.5455115349155811,-3.3713585365750154,-2.009482234535027
-1.7385829477665597,0.9533914405132169,-2.6263276844230043,3.1356898187642743,-2.1587953963728284,-0.8691103612867096,0.7219320571780454,1.5011177641305067,0.3837609487840423,0.14023095507268554,-0.6810348723337755,-0.06479343693752135,1.6801086418675921,0.517207301474319,0.6731696537898606,-0.8150015222996686,0.9541419520096479,-2.415683450715367,-1.6328661168059972,0.6858761317566605,-2.1975141560841718,-0.4683775313039079,1.9802053361338179,2.1931108815825247,0.8470065585573012,0.7566288981685636,-2.9828591328761815,0.27716479198560334,-1.1522138547332996,-0.7775967414367182,-0.34377592170005605,-1.3120630147202843,-0.420305054298515,0.2532424023007669,-1.8645570984474267,-0.25759921837045424,-0.5034398872282454,-0.028669359211367512,-2.6436212317694303,-2.7610970864072226
-1.1375697252689885,-0.6462959129409358,-2.6654833970490066,2.880359703107803,-1.7443962225278657,-1.3914860417648263,-0.2239276815465612,0.9919275948297525,0.22967199520768078,-0.4075858900575464,-0.4640226219283829,-0.2878836255417859,1.4424890212750463,-0.3656074722585475,0.11787624030309865,-0.5447680360637306,1.0023562428221826,-2.0501200816446503,-2.1060686824501538,1.0845767109657416,-3.1999585877785837,-0.35472878856833256,1.0228906190239868,1.4114878626876146,0.6327151219672721,0.6135927576786866,-2.216159975973415,-0.6578308089295637,-1.0340864762940176,-0.9594679774847735,0.10231429552755106,-0.8544029558202478,-0.25283078451862767,-0.6003964671553346,-1.7268854166247165,0.08594513634192924,-0.28332415550220985,0.3343293394913456,-2.407551982391284,-2.30011806913753
-0.5232838943382022,-0.6962582434247195,-2.6852162792463963,3.1444328496997493,-1.3159739125626295,-0.798475060163234,-0.05087345558715378,0.49995495227711007,-0.7900013694522164,-0.26521454360602464,-0.261003107901315,-0.08012984196211911,-0.3185431100111582,-0.6003038769861171,1.113300089086834,-0.8091933069474118,0.10344077671404772,-2.1718773303372076,-1.9780061774103332,1.1996413579402887,-3.4782986174911863,0.39028220688142534,0.9006940554661186,0.4703233683682941,0.678282422577905,-0.2540401789116264,-0.8852893068847257,0.009086050216645797,-0.6258348488267795,-1.0194738030540986,0.2578137640417365,-0.3674954147881442,-1.550391226086435,-0.8054314821693289,-0.3324227621845346,-0.04630158359974207,0.08358599288729929,0.45759626177969426,-1.1578127236458593,-1.6218283656177797
-0.04436261005662105,-1.0913283655714148,-2.6863608755727992,2.9946600768575897,-0.8636891116773199,-0.6642704729442956,0.04333205689351885,0.25190629840903134,-1.8307512208243335,-0.9514967969504232,0.5598816849823394,-0.260613149577126,-1.842469493124002,-0.31472019736880713,0.8688154642390438,-0.6487447804877551,0.32509647340377845,-1.9409831951996765,-1.334934605994071,0.9302886547688898,-2.521257275200583,0.4416670157297238,0.25356665290111247,-0.1221933554409083,0.21706248253095606,-1.113353938797854,-0.09543804772023713,0.8744819119977293,0.04875031081706806,-0.9464945962507849,-0.1368409587742353,-0.24641356901074768,-1.5840359724582085,-0.9850567315614729,-0.5079375326656667,0.19955389621886443,-0.2819773889683898,0.9621802759247277,-0.05443561071963038,-0.9245079642165568
1.125208736014306,-0.43512756521390467,-1.7573649044001898,3.2942976468462515,-0.5798327900647952,0.04650770951662073,0.3390053302439975,-0.16239238866182282,-3.098656129854846,-0.8261849166365575,1.458348064783157,-0.7951721842292506,-1.6459644634291495,0.2713964858003901,1.7805825458850237,0.025787405111925288,1.3895098334420963,-1.456084597157485,-0.1042497099829087,0.6883193059330192,-1.4059102907993695,1.3668916875458383,-0.22563911976261067,-1.1690792341675937,0.017459853894326416,-1.9379177419178073,0.16207880131499564,1.6861524348314374,0.23398919548996683,-0.863252401771074,0.8108919158465446,-0.6419976400927005,-1.7350256312358894,-1.2937513547456454,0.2775967627814767,0.3685582686516363,-0.9458843838343957,-0.40107665608374365,0.8326833772138148,-0.17520922117147558
2.1720694343362337,-0.5380241652997112,-1.1661937215790328,2.7684826446805264,-0.42113722513307694,1.0403014540785038,0.6306495149488819,-1.0811240961671054,-3.0490065292758026,-1.2444094611467476,1.5159798454647335,-0.59697884826571,-1.4558687170198408,0.9914080777872589,1.3342392459319732,0.38171872816707964,0.9117085519414712,-0.5398223361624161,0.5213782419608546,0.6262120513830551,-0.5269177555043039,1.301152675620057,-0.587047351063284,-1.384930314810842,-0.45925561454649166,-1.7102874762777729,0.7237721028731625,0.9288259868118978,0.6418845109033244,-0.34678734125719274,0.5728665996962742,-0.7908740120686161,-1.7912767403375394,-1.370170607888522,-0.5382931875303472,-0.5182113398832533,-1.4091559558479914,0.13606014219104157,1.165548953439804,0.017470339933955692
2.6538569829059395,-0.08745646877177207,-0.12275780430378475,2.5393203729554457,0.029780477115148057,1.3885414529278524,0.73400593048405,-0.6353449138937574,-2.60798005767567,-1.2130265693326046,1.9777203421125786,0.4432133449992508,-0.933493845814372,1.41910506545257,0.9860147136311632,0.742221597791907,0.23615477399444043,0.3470514338769046,1.4064627500707323,-0.20375622166528765,0.45240509034487386,1.3408031147035293,-0.9347578573193132,-2.1314361843169003,-0.44622577142314257,-1.3699946002933774,1.088304897139312,1.6201096784336624,0.04817447661551607,0.14145221583561196,0.0031591404237700793,-0.9583364391939224,-1.6622855198570505,-1.583520631963775,-0.2924884830751966,-0.7748351341650812,-1.1201199293351416,0.9824514265878445,0.48450482060423006,0.5362278654497799
2.758018649486801,-0.027614923329415328,0.5449239276066267,1.75268626147549,0.40295863698622725,2.1575470398749976,0.7925435356974172,-1.6642072743173435,-0.8496107843440598,-1.3637685757304963,2.107107068694044,0.9433322325917581,-1.206368359472783,1.9527398329658356,1.4681537996451304,0.6787938911358461,-0.02654161882926287,0.5840181672971867,0.4944332011122863,-0.0526250083139613,0.944849482559395,1.0985859401015516,-0.7097076505558785,-2.130188285376477,-0.5084931371742665,-0.9186572282799728,1.1675403624147769,1.640067584012178,0.013207749127288601,0.4705650529130866,0.45945492431364165,-0.902955136275895,-0.7369892420947937,-1.6691578673154102,-0.48361581579337587,-0.393632100657617,-1.4541797675066461,1.071187309456773,0.5498113796524128,0.654977926793544
2.404113123978931,0.14948374366402217,1.5758788270820239,1.2236303256967551,-0.15297912494138816,1.947919286247655,0.8823125424871897,-1.51613284380731,-0.07725274784912278,-1.777595871324265,1.946503814021689,0.8025446288781718,-0.7215581526595999,1.4800510424915214,0.9411661746693085,1.3555058985563786,0.004875662944670817,1.47314534679478,0.05110295399176882,-0.48499996050909,0.8455939575390096,1.2610668814515753,-0.9812074603416451,-1.716651398974198,0.1610441599827674,-0.7680091600685748,1.2396768515721417,0.9377619330638619,-0.009546303270770114,0.4764893071574957,-0.12242600739583023,-0.8272294255857695,-0.3793372259356383,-1.6002330993020097,-1.1673081973098514,-0.36606664322652704,-1.391602430342112,1.9607590712909326,0.7305607202346319,0.6903874918146923
2.3278875685611737,-0.07992458492189536,1.680144806050235,1.0183149904656872,-0.11457761259580512,1.2931258664791372,0.27451489551914676,-1.4432363654881337,0.5245170712706073,-0.8984856653947099,1.888766675008016,0.6797208689108423,-0.49841662064659936,1.0759211649586005,0.03962293947877338,0.838768319458457,0.5965052878343708,1.7605440012338258,-0.4534868117323605,-0.15094230282685384,0.8730823546267389,1.334831781834439,-1.4744765174670411,-2.65088106873952,-0.0461995817324633,-0.6278607725901736,1.3850721018140209,1.2935104680357805,-0.2542844179961996,0.8459441136914846,-0.5107622144886728,-0.8503146132821467,0.24642660476847325,-1.598883803925382,-1.2534259593341195,-0.0488257824453959,-1.4958860113094514,2.5043353541889855,0.14079275660176904,0.5511117656370774
1.7205027661060817,0.17435820417761028,1.7697614124383927,1.279382388249822,0.24441593345145826,1.2767067198492086,0.5477071176628303,-1.4726844307789897,0.391687362558122,-0.011892327633003824,1.9953929043185685,1.353775837487509,-0.024495096095467073,1.1110778853673624,-0.4612721925139849,0.7478994327315618,0.9474380337368608,1.7606843189263917,-0.6664355820749459,0.2833809737903865,-0.1780248600652081,1.2930189052632834,-1.2466364581915073,-3.120487746024642,-0.48952733631463274,-0.2869072318683976,1.7042690828223976,1.3746868799889957,-0.29376091618921785,0.9879229712077209,-0.6873751182057536,-1.072047606516819,0.04227931551352365,-0.7419831452217733,-0.6968714354639125,0.1849195492005432,-1.0615916027308128,2.5679588222190417,0.34861138617568366,0.410159993590533
1.6322521625874074,-0.48003183146071515,0.7084915653135319,2.026398371920502,0.3066020982095585,2.5714167845689153,0.13198319097275102,-1.133897447632939,0.39113567321852305,1.1440053553379146,1.035390611987708,0.7979176604873045,0.8402291119630689,1.8464108142563518,-2.685061437931425,0.584947389681026,0.9861999606051399,1.8963353632753075,0.2815892619124136,-0.7400384872363646,-1.2333720118797156,1.2236628001489207,-1.392507192433113,-2.7257918001254446,-1.0261557730550848,-1.5310608656665203,2.3017431404938398,2.4301486393827414,-0.41334239048367316,0.98762287228587,0.14570374063416466,-1.296389698696701,-0.5645586256327556,-0.914047337488046,0.8472913995689213,-0.1601378009021056,-0.749477082527408,1.7454940980811646,0.19617894514714818,0.7106433040099861
0.010292065896217895,-2.339511427377871,1.6990277980338604,-0.11203025252418075,-0.5857345722673459,1.7232428472356764,0.7815700672912771,-1.1251306323974237,0.8782089987595937,4.954109050487865,-0.18282528618856464,0.3895296392774734,-4.165635345430988,-0.18912356849526252,0.0241794931284256,-1.5198290426623102,-3.640568589909811,1.931895336617829,0.21320057004110737,-5.909244178796687,2.179667927660188,-1.0188623396378238,-0.1376564954514108,-2.0707416849139997,-2.3207113622165085,1.1206156278503623,0.18557402067931372,-1.7366552558423078,4.155644079525682,-4.275162532735906,0.08133999700917871,1.207624302691737,2.8419605415587954,0.9289381061592245,-3.893892787235685,0.04661408115165805,1.1196614519615558,3.423669171979374,-2.0795168639127475,2.2557934847462837
