0.35218097909205826,0.8266594549689636,-1.0057228935372888,0.3504019054694762,-0.20575826059244656,0.016186356370103554,0.126026926568233,0.5163073299429384,0.650293074402603,0.1325754301274678,-0.8297950534702778,-0.37290650651036644,0.0018920390518281094,0.9695615539273469,-1.2113230136965698,0.7284179627788715,-0.6469857048257126,-0.4990283876786977,0.6143777722854085,-1.0255609304096658,-0.4443154179868085,-0.34124372709492223,-0.03449815786710894,-0.5451298249262206,-0.35176885014292913,-0.050651549717959085,0.9248956301663263,0.22338861713618202,0.5135150029280005,0.6733465289280439,-0.4591301432479317,0.8191553003650902,-0.6825686794995984,-0.8549120559780822,0.13585755951250816,1.1031025493640882,0.3036680305276067,-0.25629914240589413,0.22921962560324377,-0.10772600995456073
0.6469778578733052,0.4294392281443496,-1.7583687564980952,0.14017080011768185,-0.6264639308333023,0.3534017094375045,-0.03319322521881096,0.5583031207062004,1.6502282789594866,-0.20842995463422304,-0.5874149181958445,-1.2619425873034165,0.1786998856396499,0.0942547862760145,-1.1545796141525246,0.48199287435689664,-1.0023086298078048,-0.9790276819038035,0.6653334463388666,0.044613686767869254,-0.3450808808107058,-0.6008416759073646,-0.5686190060362644,-0.5970592172937731,-1.227090134281654,-1.3172215111244532,0.2355299766772083,-0.47764298948901884,0.30348801927467095,0.2321886058690903,-0.5031284630621935,0.7154832610041927,-1.2045469107480995,-2.037544565479422,0.553936873491004,1.5881721634633124,0.5158945587841279,0.22622003396036916,0.33903320662036435,-0.799046918608955
1.1228246927927095,-0.1271150285763158,-2.166714806559609,-0.07929417561274546,-1.014235684335691,0.04181022863944519,-0.2221738220300968,0.28230401042546205,1.5463838044318845,-0.4093288339784142,-1.013629943531769,-0.8036963899001695,0.13388483679623903,-0.2084952491568805,-0.5902771925660356,0.2767822667663955,-0.8460237476008136,-1.7237735246124857,0.6927725503720181,-0.13865150080815383,-0.27857103674174255,-0.7024883090600593,-1.2000835477067997,-0.9918528175283292,-0.9505093021461544,-1.566131334523204,0.30848756531335786,-0.18488365644730925,0.3219496125585851,-0.09402949692810349,-0.8374343004354214,1.1385887713086438,-1.542619113955523,-2.8606896009466998,0.7319740662221633,1.2062849283014263,0.5978975104215905,0.7687425137932469,0.6996972347779644,-0.9957834819348502
1.730604007589622,-0.7833030048747726,-1.8748244976859307,-0.22154841527040767,-0.8139798391505628,0.22106489978067823,0.4680916385066517,0.3053687783777631,1.575315236363492,-1.483058186936245,-1.4928736361108617,-1.3705698893520757,0.2344123566710246,-0.8457299083672138,-0.19279638306491734,-0.026151573383332724,-0.7844017422240068,-1.9914503337334846,0.39786144128992984,-0.06172537452944067,0.2391257144049669,-0.43617834959226415,-1.5340937090951494,-0.5377364316577874,-1.1365943352708043,-0.895619827891649,-0.18110445865054287,-0.6117987098362856,0.6627179399427041,-0.4483745333497714,-1.1956415169366092,0.2035450941088376,-0.6487535022415705,-3.06214944943124,0.7885661583656476,1.2642216984293184,0.7489404763098474,0.1915847814481046,0.3931392672689585,-0.9452686501281387
0.9176341105640979,-0.5125134611094406,-1.6429561023844796,-0.15335010997108034,-0.7756015814133606,0.2541528037853775,0.8942473752899578,0.36932900773858335,1.8892266785732632,-1.1598582803929223,-0.33565204436306845,-1.429931301193702,-0.45058505448036024,-0.9064010660463863,0.7816832377426132,-0.7593211573600366,-0.6112327948873081,-2.24268806653875,-0.04791680076055535,0.3231506922347391,0.8274550979214086,-0.20844483358590282,-2.227756390723425,-0.7581904351113715,-0.6605549816400078,-0.9623663773564758,-1.0907989870246073,-0.7287262667353936,0.7081109243586604,-0.6282928144311865,-1.250254182552115,-0.22216113870798604,-1.159243129625308,-2.9853237305493083,1.2195466693270403,0.983454417564638,0.40417198550019856,-0.17574960345019025,0.28036686588163684,-0.5764905853255281
1.3748916605988502,-0.8139114911801015,-1.169333330706879,-0.25661824675558237,-0.6059174894731549,0.5746730298478147,0.21444980761876792,0.9571497250125564,0.5146902982366792,-0.9777874535801484,0.20135296127037366,-1.2459904021454695,-1.2003076185009092,-0.889783404995306,1.2860248366072484,-0.3910148864670049,-0.9170058860257088,-1.884842915975023,-0.23061006129093684,0.3859980558480528,0.5098478050304913,0.10291297151763856,-1.4835209866662553,-1.5514564051667645,-0.8007957969109737,-0.42305275098613965,-1.2694564689240628,-0.6180345024248959,0.867242875201901,-0.8989091343912189,-0.8638975564432809,0.967476343902893,-0.8891673080479877,-2.7605133973557803,0.7378815106893476,1.2700481196634708,0.07187088495107727,-0.491038479737392,0.42208821898581184,-0.14628398084074626
1.917937460615675,-0.6770988993946369,-1.0564116807152937,0.13747477137884284,-0.8857409120991048,0.8431476454762861,-0.07211348191465587,0.3671295077361952,1.3299753986343512,-0.8757411537666988,0.9205071086314968,-0.941293645515064,-0.9462262643508313,-0.42977957403105493,1.0667464247812741,-0.3204597727446793,-0.5868602080556643,-0.8914180356068656,0.4184352900134124,1.0995830987936652,1.1608930275760134,0.0784601394861128,-0.6158327758346036,-1.8493287122765,-0.9020062265822694,-1.0931519373573615,-1.1945062490363103,-1.2107624714082565,0.7993978197067921,-0.7522795062257037,-0.7236468513039336,1.0420812403190574,-1.4622555424707289,-3.1490245002770716,0.32377744440551465,1.4987118154108372,0.2173482686261533,0.2555773731818046,0.6111759861499071,0.2490267116211049
1.8063803258061015,-0.3569591193900966,-0.6945530256172707,0.12212287877601144,0.11796370957556718,1.0938135090539771,0.42645096854824127,0.5614824167170814,0.3206881409843809,-0.5024531051977369,1.5472596808172132,0.21725784924923902,-0.8409972965557808,-0.05098023763702392,0.6656592827847285,-0.9661512946563086,-0.8757386359116522,-0.2543780000828852,-0.4723894570952508,0.3634728077833699,1.1618325575347141,-0.274686215473287,-1.2055666454500449,-2.2215112293313566,-0.789600298972543,-0.928309823293173,-0.7234360444248943,-1.1805537413368072,1.05999223849059,-1.1703479417152005,-0.2861627840207102,1.0609807424474653,-0.6415429045969815,-3.5480320665977185,0.4281048184827971,1.4785549533747662,0.025713252477826222,0.7661736693452075,0.5186043784709697,-0.00010232576630891943
1.7869104406178118,-0.8897575526145086,-0.3162718747911717,0.10784415362558336,0.5283364320464867,1.2101744178841458,0.6593045097700381,0.2686051588804651,0.25014277503399973,-0.4785345513357655,1.3767319508048743,-0.09663928233576558,-0.1853459936744542,-0.2666320931150129,0.7364052245507104,-1.1855670183233384,-1.0894000593696136,0.6924073231118504,-0.14759372967162,0.3057641841849844,0.8289364890928747,0.5557965495784434,-1.0446477269362693,-2.7773007385855757,-1.2434288269543794,-1.134048919502746,-0.9488156410878494,-1.4658109978163276,1.0734440039881692,-1.157451206860485,-0.2687416098853179,1.219645551605306,-0.03463270099601945,-4.099897220642662,0.40940834685795846,1.8771047617525132,-0.23307280732199226,1.2793134975936633,0.4970228991708929,-0.20848627107097173
1.7731124379571142,-0.3492982191312084,-0.0231835681285453,-0.061782590049689445,0.40261745746698474,1.5276395654970454,1.2537166321227413,-0.2366291612687811,0.32126159624785766,-0.4960314635666345,1.425832633058305,0.12270412001845095,0.006385510028272645,0.22826534035964083,0.5246080352925979,-0.8457999711021138,-0.9379589096636575,1.1406992132244242,-0.1336370220227388,0.5670405189876978,0.3355270532358117,0.40261732890477864,-0.41238604767337683,-2.600571847454299,-1.066947514147032,-1.7662731801054183,-0.9674311500128928,-1.2143551899881124,1.0278093080396895,-1.0380581685127777,-0.36174696683399965,0.7809586607685944,0.31948716940273303,-4.1308798233728385,-0.10974847053473849,1.9863326014248164,0.562760181504652,1.2021600659129137,0.5351466582079683,0.04242862946385831
1.4555033880829147,-0.23445096034589127,0.21225659548696046,0.7105110801719796,0.7032256585114293,1.1616641496611524,1.2894883410373472,0.19239985856317685,-0.49365999866556814,-0.007365711436087691,1.2769565542281958,0.525148348411463,-0.1424917275191196,-0.22220487999188138,0.1927346897243068,-1.5986928961968923,-0.8916885517012685,1.2279733023991455,-0.03384181246279461,-0.02982070074866571,0.24147117600030946,0.7276061079330003,-0.568957656170083,-3.448420377238609,-1.2510784836143465,-0.9925257065974342,-1.0110003557907488,-1.0803260191707271,0.5021085836112615,-0.3694342341051939,-0.555498832711352,0.5231946207379463,0.9652467525676289,-3.6600652299918663,-0.5058070805187811,2.1361386585932856,0.3455184613167872,1.1726520477030375,0.6830093205812398,0.0665810199589801
1.0419290366027363,-0.9491014394090638,0.6447435250049299,0.30828118344048083,0.17762710403391319,1.5661967527823664,1.1690978689689753,-0.39892460849429684,0.010683885785485958,0.17520486474291536,1.1014328886265523,0.010499882106620506,0.02441514988862306,0.18161139590735326,0.5864945589881981,-1.5986036910069126,-0.6266512636993216,1.3830471697443738,0.06630163713925644,0.4819956064373827,0.06751024599741229,0.8796862539673177,-0.07099221335748068,-3.4164429263898577,-1.2194890164357128,-1.2363620435646043,-1.0369111456082267,-0.7147317478724172,0.7103924703627902,-0.22735771866801885,-0.013719443303527597,0.34293746219757815,0.7467412943904006,-3.6579599026178156,-0.1737863175633579,1.1336020864513965,0.3679654119323243,2.0362950330735026,0.9832519330381264,0.2948613802967619
1.4033821988022446,-0.676608059445106,0.9365964437387824,0.5620375062712084,0.49105576104504134,1.8182816846605163,1.308822177488856,0.13603305406694843,-0.46298592035152963,0.9280802821107854,0.6537861177846561,0.012134277999284099,0.413761229412245,0.13209353591932882,0.21910911287330437,-0.9740827967138298,-0.7883910397363388,1.640828115321682,0.29159768506486294,-0.31662108663523486,0.12935384252143417,0.9188973021714616,0.05868716818358004,-3.50276830479916,-0.586544260180524,-1.2909527771439309,-0.9830930592312054,-0.297470052201875,0.4778289058935341,0.025895774677739788,-0.3964214964255225,0.3833094037543535,0.593932029905258,-3.954685355441536,-0.4754000385922509,1.1103717605150532,0.6534298419355491,2.0489324747731272,1.1523334540078585,0.2586306718438184
1.6169954486614349,-0.5972458876067226,1.0991078769650997,0.9347550059794221,0.3303293001913133,1.5844334590368434,1.7105055323209561,-0.0936506845494917,-0.17607542009442945,0.3669995053805698,0.3473605767899494,0.441623694952725,0.2943806303962824,0.23167012484569793,-0.18890206277936072,-1.4884750963281848,-0.5384292890625906,1.9478901751625781,0.45430915573917924,-0.10861079242655305,-0.294339898805842,0.7352691412721835,-0.3351924842582108,-3.3358833479428256,-0.8617389613661439,-1.2641270072743016,-0.9891484591878571,-0.4692026057870503,0.829593152892173,-0.4324639918625053,-0.7618965431808505,0.5593634079860884,0.1891881475401747,-4.014266915148533,0.1537746363623044,0.27264109465075925,0.8067575168517406,2.4821705013243105,0.9726080973087909,0.03249002134662918
2.101673815715997,-0.5309976263016399,0.8951295049692947,0.5555278683629081,-0.1953085889287347,1.0243896597969218,1.3531833462248897,-0.8084968788829204,0.1421613901827546,0.43339985497175093,0.23130920146518888,0.20246173618685456,0.6849566580757753,-0.0889801697316342,-0.8202062905368186,-0.7261981581561351,-0.6898070485294697,1.9661782475735348,-0.12813143106041253,0.009470931421395462,-0.3804445559631515,0.8272899809385708,-0.36713467796875954,-3.589336765408279,-0.7032261834782916,-1.254668533318179,-1.1724382653979566,-0.3641572753034985,1.483484598555184,-0.17213630815155526,-1.0699226078229227,0.6379669249285783,0.30935628656986774,-3.7891637589460405,0.22561596544133924,0.1605071933708741,0.918766687847424,1.872061789519835,1.241430529314704,-0.36004887459522433
1.8798069511699194,-0.385082099139598,0.723156540121345,1.320936139737486,-0.4574646652423723,1.204613990508672,1.4671030985595201,-0.650358950738827,-0.8825072216934973,0.7010658792348858,-0.31091137562896437,0.4622074211840717,0.9336605896312387,-0.3332126592539093,-0.5318486222452393,-1.7455921279612472,0.08633362700443707,1.9460255708105239,-0.4532381425478466,0.2592162872330733,-0.10473262987761899,0.5211237376256552,-0.6125999687756707,-4.185696347791494,-0.5693188129000222,-0.9992612940806331,-0.9044415285996794,-0.23345642504590058,1.2590426205756151,-0.13815896911746617,-0.6743288494332252,-0.1037765412162425,0.6526326382611682,-3.4799867816580834,0.16249235772816698,0.6137482470025097,0.6738775942639507,1.481651275588525,1.323220074003325,-0.3612780400447986
2.4850632796768957,-0.12894395654137458,0.34288078260829247,1.9811974535724155,-0.04125270145366344,1.19835065668326,2.1154145412064453,-1.1258974501544468,-1.5205186756724656,1.420404401743486,0.5262642240726954,0.7326204632786849,1.7673240243733777,0.31229820344953313,-0.24487394310963764,-1.838724569309571,0.16703736666044616,1.6362891122717844,0.2603555197976942,0.48521433833293426,-0.6626796207004941,0.5048228086165587,0.07863515813469935,-4.253050762583162,-1.4042482000206,-1.4441312226957912,-0.5655823795737694,0.19526475097298282,0.5712558944006574,-0.21685848698487956,-0.3531320290917088,-1.0870165287508216,0.33153592013799216,-3.329548707062288,0.5128607112647462,0.06073954903782591,-0.09761829638794892,0.45225493881589096,1.253382853551181,-0.2505745096205237
1.9571755051027524,-0.20259339250679437,0.5255484147729126,1.9233314711839848,0.4010667326812857,1.1721392752822188,2.3055898850377012,-1.4781657321617965,-1.5136035122721279,1.0943031955693425,0.9232994263357219,0.6479372830336935,1.8064092664849918,0.8273111800878201,0.006230454514315642,-1.8697037601540458,0.0027784889427875034,1.6475671148486832,0.8207024006355182,-0.15808436680021407,0.07962587953451694,0.4694108711956247,-0.12400107613060188,-3.791013995775083,-1.3924778766080732,-0.9683114955526186,0.03791659792889179,-0.4497291290953222,0.6923816600051781,0.22473605417715778,-0.6545156691857253,-0.5909974065512292,0.7460707432542372,-3.0267047070218567,0.2619949643582249,-0.35463519929656795,0.4066556432307843,0.6256854829426621,1.0896904700548544,0.5589658651470994
2.43720098056042,-0.6247911685211589,1.3211527907694958,0.7982647778947536,0.3295946721566486,1.0080404789510269,2.186103513624022,-1.4610855102993368,-0.9976794520967227,0.24249656726791302,0.7351186029177977,0.47222180949866377,1.961329077917855,0.7891440252979942,0.40939909135350605,-1.4259320863724483,-0.5396323293465266,1.7867166264158378,1.4503471166473743,-0.33536693611266094,-0.33566849541647414,0.9863662197987497,0.05800649607758737,-2.8421847641943874,-1.6403497096201758,-1.4624445192688762,0.3214696364303143,-0.17526719042182498,0.21937527909801702,0.1889532720550896,-0.5858654173641009,-0.3912617318643101,1.3570973367430816,-2.7412034789007076,-0.056151627792271,-0.35694804097972443,1.3489131108917278,0.44727821759211484,1.1820118228786234,0.25532681357694503
1.3392015918957854,-1.109004485698104,1.6219292277482593,-0.24126858223518827,0.17669856472529116,0.4005148904452213,2.1987961499016953,-1.4072432566158355,-0.5926738981852163,0.1486967910876528,0.3244533782415075,0.3532725614241206,0.7187262686780191,0.1519057715265406,0.680469677017153,-1.467388069328417,-1.2426873115565102,1.9971425604206365,1.614127143328257,-0.9501416818585527,0.621027902747664,0.649702515723437,-0.41551601828468177,-2.6319896984924793,-0.5933091786563685,-1.768819503050466,-0.13294895527896292,-0.26924103986913006,0.31057084860258255,0.18119888328319914,-0.386826272443743,0.13594759406608747,1.4580815794904611,-2.3616415480308635,-0.3991810385793333,-0.31986121764474645,1.6449148266189464,0.5889885897776317,0.591172587942851,-0.062442562212533304
1.7111059208875572,-1.3963800121562444,1.684290106104027,-0.7212154764099988,-0.1514441920183891,0.17033751418848933,1.139206487488416,-1.1505225454298171,-0.3104048484411671,0.3704062905931507,-0.049021099936238016,0.3659270226475832,0.5168351045317464,-0.42074207134198205,1.1640125976265225,-1.5204951986869921,-1.0048290418135002,1.3061064075713578,1.4085672327609218,-0.34252319643481727,0.2731914733913441,0.7198420862262039,-0.3364410613315017,-2.7094346663607984,-0.049450399958641617,-2.034195151800199,-0.7564300948480498,-0.21359210516055233,0.4983391908358509,0.08248780710476164,-0.6672032254110715,-0.6521470150603006,1.635850420756903,-1.7471108480365292,-0.30344452620927737,-0.30861167701654824,1.8940057979180351,0.8860666924212375,0.5770960796647183,0.34486415922827157
0.7731966281152347,-1.3871189297963533,1.5480667413085576,-0.1751504553145391,-0.17521380999744401,-0.002388329300445635,1.2562138608536104,-1.0202807033838537,-0.6056910102286778,0.2497100610422872,-0.4337325876925039,0.793480009427993,0.3805119954236761,-0.6050530817588029,0.9756300344469792,-2.0084263206669415,-0.46310077595040844,0.884453605618227,1.1094668316917542,-0.16413248285452872,-0.12715804293022023,0.7984034366174052,-0.19264391426059652,-2.923992386920139,-0.535973239432289,-1.8763748911852631,-0.9744311726592905,-0.43393074237429013,-0.2350967566492606,-0.02087225303473459,-0.7788178873496852,-0.11996160736860037,1.7453387978447263,-1.627548729191405,-0.020599865657934327,0.502891098288267,1.3306334932172934,0.6284513267491565,0.5929157898153874,0.6408337937542361
0.10700814700194333,-1.4419027816963568,1.4062437302526638,0.24807865676236876,0.3175672156298269,0.42297991582984296,1.105523520608762,-1.1715246012471747,-1.7283893221891704,0.16297428372697811,-0.4883679360358239,0.5166212610786881,0.0700326184766501,-0.5858144862717696,1.0467836844195741,-2.6956677864566365,-0.6074748019337811,0.5610407113598719,0.761646759779845,0.33007569876121956,-0.15073873430326756,0.8622043585296872,-0.648708886259927,-2.95845071544996,-0.9473424772327627,-1.8372645485825516,-0.7169873914081203,-0.6162885179592728,-0.11870623776199568,0.10918855506639866,-0.7540583540134844,-0.10912745376627594,0.5844619389754742,-1.7173321038853473,0.9802919888761646,0.4683933416500944,1.6503069930554988,0.13694065968190924,1.1432640004328105,0.654681090579208
-0.000215985341174188,-1.9755075163921068,0.9752284724390607,0.4378605227544672,0.7067505257589868,-0.024270734960765705,1.5024898473000587,-1.2905593629525434,-1.9286963349652368,-0.1058103695002969,0.24646283497372148,0.3041291729559039,0.19015384165596178,-0.3436297585224897,1.0543418624679437,-2.179391409647376,-0.5616280563620724,0.029308422140839202,1.6506732239297328,-0.5445720730420228,-0.5823981639105027,1.0819474948116126,-0.036957644453329774,-2.9863400187751448,-1.2887464720487725,-2.119026257868981,-0.10172792260193392,-0.32468999192491943,-0.013492180498070522,-0.11364500453941853,-0.8918291066423542,-1.105541917143727,0.08267498015765194,-1.5418553946831157,1.315116266565974,-0.40185705036271707,1.5910939449607535,-0.6885022651377004,1.800729399245196,1.1939137318524817
-0.26991929057229047,-2.090516772517233,1.376057975047826,0.34565137730586376,0.851404707578848,-0.452274223049727,1.7882521971116154,-1.1225830410534494,-1.7859257122492316,-0.8440277580413725,1.0615488325504412,-0.03705528515339464,-0.8451010953769775,-0.6154852176140998,2.9581393313866693,-1.530460885793937,-0.4668980740520027,0.11787853855918462,2.213520356388524,-0.9661953142212671,-0.564336957133926,0.3602645407216776,-0.0010847216572129892,-2.1773652578484577,-1.6355308879366803,-1.9750711876339093,0.02133690831909421,-0.2571568348260811,0.02114315930661717,-0.3726493845250359,-0.6972007074326149,-1.2323438945704313,0.2004150125461381,-0.7909567496428834,1.1401733737422033,0.0425163448066434,1.5157391391829216,-1.0474510334757166,2.2104301389486585,0.5860121925305621
-0.76841661536442,-1.290951073951728,1.2350853310809609,-0.6502694061959398,0.9851506250488631,-0.6868142711646862,0.7607222841436581,-0.04874810690039419,-0.8175475757528693,-2.4222488267982496,1.1609341454077706,-1.8033601337463154,-1.4342506565428426,-0.02994815386755001,2.96741780925415,-0.030297083468400543,-0.41994632336520016,1.2977127871954144,2.229660547955341,-1.9292197180051964,-0.4061984198988371,-0.06001583810818112,1.061949420491828,-0.33214454217084055,-0.2889153335192568,-0.8639180503987314,0.14942378513279964,1.3342166156142914,1.17141005498067,-0.933823455480535,-0.8456968032273906,-1.2956299675164098,0.2986356125674308,0.547231743912131,1.3074637105406817,-0.7466959941253974,1.7027875776800858,-1.4689607393112236,1.988748250004584,0.893924499862031
-0.9138651624274577,0.12894346227346842,1.0185261805841113,-0.43159074603625913,-0.03648682712992579,-0.37497594873407253,-0.5461201706623093,0.8059435416775914,0.47781021795363515,-1.8652502046376647,1.1100476847806353,-2.2186833154487315,-0.19812943490514523,0.4090772838280473,1.8248529097549073,0.4854225028205365,-0.2259969232186125,1.9325331373794905,1.85997850281888,-1.873211079427569,-0.2443195406160793,-1.1660260677846006,1.8118145930689622,0.5813289522129723,0.6115141447479812,0.5640175059044452,-1.4076132330239468,2.037162862189726,1.1279455886250296,-1.1317216161801777,-1.256631982166187,-1.1022887086111417,0.5399751964938513,1.4762388348284499,1.4942381047285198,-0.0004333446253733872,1.271417713703025,-1.5074812738933432,2.0179406593324547,0.46194886345629843
-0.5759324252696914,0.39966591849608607,0.23158827418006178,1.0794681258003864,-1.2126460219789712,-0.6321122868246063,-1.3189975966785548,0.9825909727253279,0.7417563672379921,-0.16398550188325908,0.22040840112716037,-0.2528591219406869,0.7979219295157343,-0.37916673376431353,0.8493361453927841,-0.6959571782794329,0.002470129556314593,2.0390339692877957,0.33033339539336803,-0.8221843615557622,-0.8763019200260731,-1.9012771722482356,2.2176912141777096,0.2428652490526226,0.7552343910091623,0.7305674705326028,-2.3051342012060867,1.5333349441183692,0.8227864848263862,-0.6889525499395669,-1.303815919093755,-0.696915245498168,0.21687600730617834,1.5995639097472232,1.4856110997654335,0.22099983059157524,1.246397197428239,-0.49953563959093533,1.2259076533733588,-0.05218551048843112
-1.3489643509985492,-0.06030595341333171,0.20526884931586198,1.447138848586494,-1.406211415380208,-0.6961540050182506,-0.11045695049376826,0.3760849011169723,-0.2633854547762335,0.6108787827543253,-0.22214840738258715,0.5527183385145039,0.42967428894407966,-1.5138332784401387,0.3980649506139251,-0.44184521349071965,0.00030174585750591953,2.318526447929187,-0.907353587225236,0.16105943065590836,-0.8155173683978156,-0.9002571738736208,1.7057789913777555,-1.1560188079044107,0.9152854426645602,-0.39391586864397776,-1.903276369184083,0.5922094875822472,-0.02329032578692687,-0.25215960484599065,-1.3861884040606884,-0.5681203882896847,0.6000607191568046,0.5692910439252378,0.6190467498392165,0.7054788801192594,0.6333544116584497,-0.30848726156153783,0.988863688208146,0.03940575111198416
-1.1161176600523075,-1.1679142210345377,-0.5862643422655267,2.397469317853398,-0.919261680010007,-0.3285920182843673,0.41227652800835096,-0.6582058984489044,-1.7871762118126249,1.7576224366876207,-0.27812566126350113,0.4855420098741562,0.10331725418562399,-1.6789487301678692,0.15616934206025965,-0.560491901992363,0.7050296235888194,2.030428831720971,-1.1600900643093726,0.8410715010935725,-1.138974647475809,-0.1645858931852098,1.3147106787364167,-2.932342551432657,0.2131049584507919,-1.0180276494284877,-1.3086209193605247,0.07622211784971424,-0.2754654277187698,0.4764415127031138,-0.5927413929555517,-1.7038566609419026,0.017199901023532777,-0.35535100874124526,0.4061579127833468,0.34331812295938463,0.032179623800201396,-0.1858320604743168,1.6724273931555507,0.4953353665675712
0.8123772055202461,-1.0792062778695453,0.10046987162744743,2.6982987282212227,-0.035053295864462264,0.13717788289316812,1.2610698310977655,-1.631815593755372,-3.5120228783021856,1.3489664659390426,0.6402472757928703,1.3187023767783521,0.3006046054651365,-0.9364203943956801,0.4107650973141679,-1.8997841784903144,0.5757862375664815,1.591998729980688,-0.2457977038464362,0.23125501259545486,-1.0019258034939271,0.30808724144985067,0.6182834226154701,-3.3655186035315423,-0.4404099220548771,-0.9644584231883382,-0.24100469460917082,-0.25967521625899576,-0.5753675143272645,0.44438143756359716,-0.46093909111515113,-2.507141392386451,-0.714982207099956,-1.4782826056505542,0.9043520306894082,-1.1254079940119301,0.07884890056807349,-1.2323029803779193,2.3810365246606775,0.8554702586472889
1.110385378186338,-1.4552643661810412,0.7344672490205698,2.1717936288616357,0.37175416384542803,-0.10639789615436507,2.0113896045873743,-1.4448726190901418,-2.7696929763656133,0.36064549472351254,1.230646814824401,1.82984290506088,0.29881781737610075,0.18820097703043098,2.237211126438398,-1.79481790659794,0.22438425928997247,0.938945406073509,0.7943608364073321,0.2464143901327886,-0.23385411112395355,1.1006224300058192,0.0459735346059873,-3.5440591975535694,-0.14553885221390073,-0.9223349012216183,0.29541522942842346,0.01265750535145524,-0.48082253593646895,0.26571278809279403,-0.3643941292104833,-2.7040514633000727,-0.6866621231373039,-1.741745015118251,0.7941147810499277,-1.4473032595823654,0.5580453932438596,-0.5333925343479347,2.3588443564103434,1.6846979697147522
1.3214977953337939,-1.9204231536424905,1.2410502790207931,0.9332810442629595,0.7647362823126524,-0.18663611185257542,2.9262867226398015,-1.7539404332290027,-3.1258880204325536,-0.2639209468158751,1.7789392027688715,1.4538744227715275,-0.6914031894336701,0.5901822583200526,2.656096559889061,-1.5107472725495297,-0.17909150857811426,0.2963696754822255,1.2404876927911643,0.124747482212437,-0.021700629524738446,0.794638971572569,-0.07559971230610871,-3.059721850893857,-0.37949823493689294,-0.8284040227335332,0.456510720619296,0.1439749450399423,-0.32899763546925304,0.4135834451637813,-0.07947708029039718,-2.1043568872065332,0.1024495070482789,-2.0966836274617293,0.3177567471445858,-2.06430823317452,0.390417151011,0.05553077028402846,2.0948411610420803,2.3115013938524225
1.0877197385238624,-1.867093205299863,2.3027077264495177,-0.17962142503805328,1.095959222714315,-0.25537932272879366,2.984218898431403,-1.424644678601403,-1.9568558904107602,-1.3894080973224903,1.7355506043840545,1.3290823505978127,-0.8751434322525746,0.8298021521589078,3.76746519087165,-1.0527410007751745,-0.7663458632167005,0.43673766272405234,1.8032295487887802,-0.2782465775526669,0.0914475518549856,0.7483584823466537,-0.5092295750373332,-1.9144120451618245,-0.41651831541383183,-0.7284442933627947,0.4794138992222447,-0.21629876034592868,-0.3359568528601691,0.8815705007369776,0.3643025414895615,-2.0045642713625558,0.6637892312141321,-2.264431378593077,0.28763163344527143,-1.8909535681140208,0.3662503419572622,-0.22322575078477155,2.4586649947222137,1.6069963058174772
0.23161807782709462,-1.8992083909416773,3.005734121380934,-0.9735714705678375,0.9576161885753433,-1.347810644288439,2.1425625752730495,-1.4114957032901716,-0.4708142999835716,-2.2372392216561576,1.3303709036111357,0.7258196503141234,-1.4252445879279847,0.31945944915414043,3.610330074810729,0.5816323527929166,-0.41265263241863814,0.5162197030157254,1.5432247239994021,-0.42706040236194387,1.0952186344861365,0.41688449857850357,-1.0258772594112788,-0.7526773593607085,0.15391174413050443,-1.105499999933764,0.7142693183376954,-0.12414813270589778,0.08222060361994993,0.29126127413671676,-0.2531798745689817,-1.0012932571339708,1.4097970885065076,-1.5894611664279312,0.012738606848324785,-2.434889861941241,1.3405429607814914,-0.02249514718058901,1.7938763240615443,1.70309308232281
-1.1622775658942563,-1.5779011934365994,2.8217909479314094,-1.9935649233293757,1.220671982702408,-1.5025840456590345,0.7573107549297277,-0.911443915608904,0.4508311962390272,-2.6107108795081033,1.3596400029530544,-1.8167683179209693,-1.3354985822309797,-0.9264339111560458,3.4699791175036125,1.7332441678628054,-0.6247086423150962,0.9950885815034625,1.5967066101958558,-1.0476821752986394,0.6029420891633028,-0.09841938631386637,-0.20654378564829579,1.2728674019453394,0.14961635159200515,0.12367795892166364,0.12031243750483595,2.1283221198167013,0.02398412998657269,-0.21150801642759617,-0.17658187223262534,-0.8290358676703555,1.8188055107533327,0.10753227172129176,0.88562668217982,-2.112714010079474,0.8873066537722898,-1.6661741609536422,2.341384742533725,1.3208922176281255
-1.5908558337918075,0.6943717113956329,2.3075113373672163,-1.7245011045025593,0.0770478037897154,-1.9257964899695197,-0.7736645121484569,0.6114212984562026,1.6233305959972097,-1.4157669524095908,1.5030833061890854,-2.305234082309377,0.7853898555515142,-1.1711053100299242,3.3473223199509254,2.001909665332397,-0.7521712871931596,1.6147808144912354,0.9382226161954347,-0.2737049542347919,0.3034977088185265,-1.147552251502387,1.54540434589297,1.9846042987772512,0.6708177885157615,1.1048262510426303,-0.6211172995581405,2.0413563598504973,0.28951714606749596,-0.5683525432110127,-0.8423872241328823,-0.8067980608905838,2.022963690772415,2.186768781534418,1.7732731036462783,-1.1948054864919195,0.7852105365397897,-2.9857761835175274,2.2345999503477714,1.225833663869614
-1.6437388149773935,2.71195011482959,0.37378462229135,-0.005631175455222792,-0.6616503283742818,-2.821594166490044,-0.9149859926126493,0.5770424649172189,0.849205481068174,0.5554760651168765,0.9500256194106129,-0.09779082901792968,1.9237680160659947,-1.9572861944281619,2.0850841575373624,1.3089045121256253,0.5979955110316926,2.4803321017409603,0.6371169288962593,1.2822554860120914,1.1764953098376085,-2.0966016983175586,2.180334875490951,1.2119223868728002,0.9130721089374604,0.16294208772268234,-1.9661492020977347,1.9713382129207944,-0.03882751286645786,-0.8496327187392957,-2.854975566651726,-2.247917714554711,2.519517812126864,3.6120105451971862,2.581745953385449,1.210211958767399,1.0234571482050054,-3.2751079703562427,2.332124832877081,0.3011832897081534
-1.7661522716817681,1.5659087576891304,-0.39999311176995067,0.9894742541493479,-0.022653490478023952,-2.5083809839253215,-0.6074654131638038,0.3618575073230394,0.3825755389662,1.409027109078353,0.656921642093178,0.45401399979935625,1.4714450468225113,-3.0096772191588768,1.7848728655037207,0.28107140779210427,1.0412350585441368,2.377276177081224,-0.6114598485783771,2.7444069139000864,0.38084161635906233,-2.3660057948623203,2.866937559119759,-0.6360091609788763,0.14369791564848317,0.20109967684823973,-2.0389727067549086,0.4433080046881981,-2.291665707566424,-1.0004272869164286,-2.833212222284296,-1.954015707574914,2.891956851656345,3.044393943497514,2.3509805449144503,-0.43932403773392853,1.1390904666002957,-2.9049555864299523,1.5375144094227333,0.31302701903890173
-2.2842171967932896,-0.059807187337549,-0.052224858583742345,0.6191298289168676,0.7829806893661799,-1.3766146008348232,-0.4687754589254877,1.01986939036009,0.21972554790427345,0.8943570285761092,0.8238711037974111,-0.8549321543736413,0.611509931005489,-3.080881788814563,2.140747539769268,-0.1929254066492868,0.19927265441074737,3.5212842483487727,-0.9300780475861095,2.0482267600150554,-0.4603899088042154,-1.5471926958761093,2.5038365434793386,-0.8603580227053843,0.2749421149729431,-0.06284868645978026,-0.6079230054984166,-0.2053836459370164,-2.6951004804257126,-1.4631564945031612,-1.3878927372266157,-1.3328275491406734,2.1330071856519544,2.5005420097464293,2.7589091304692,-2.0234020791019596,1.22011899617488,-2.8534259981849464,2.393299957331641,-0.40068765009884283
-2.1258106615605943,-0.6175384543901385,-0.5989583957102448,0.727747853730914,0.5833382251233598,-1.3622466921901275,-0.7778081893348325,0.8351668459749337,1.2821448238582862,0.06781891652067365,1.1016659725691471,-0.8446291010579975,0.9500627479728789,-2.4581147964989354,1.3428329626535775,0.05691112649651961,-0.26425040126993377,4.420587511760713,-0.9418478539382864,1.0269502679734663,-0.026666214724197668,-1.949210530840797,2.0835169192120415,-0.8057725710050803,1.1286874474518713,-0.46429941586998674,-0.45924225635378135,0.6311153288662418,-2.2358169511916652,-1.2609366646738762,-1.1468165945089235,-0.19503500705401836,2.4013548775111797,2.4111466927457856,2.1724449225145746,-1.5921751124640238,1.7203506683191743,-3.1372279537827006,1.449365463729525,0.2245598521167486
-1.5766857283672908,-0.71705037302243,-1.2423412925163646,0.4816714351619541,0.29737562886935875,-1.0675918184278534,-0.5860539001277045,1.4155592641843593,1.6093710329445972,0.3516037839378229,1.3853691561820034,-0.09127694528517724,0.7077241863345245,-2.8565831832528823,1.8075615136012353,0.40276509927047055,-0.043491497030551995,4.228688181321791,-1.3428468526886312,1.078851185649735,0.4231172317003312,-2.207281547689734,2.2774109357302534,-0.7709776808019891,1.0184965455848676,-1.590541177448551,-0.8483376380709308,0.7331237434285074,-1.8648152886260103,-0.8088521593546836,-0.8429884269209639,-0.07711184945827157,2.0098156360941153,2.2972675261374738,1.0835688997627195,-0.42593716918811686,1.8065241364934117,-2.551610579226948,1.3052195593445328,-0.011778685199435118
-1.799373842101844,-0.9093890577845065,-1.0225322791792841,0.2700241407129056,0.5286202080616518,-1.2934410396273976,-0.2418293020953798,0.8541339911324559,1.5640217334013715,-0.07507648228952014,1.0156194318619223,0.5567108405300191,0.11183903651730803,-3.3129820490368345,1.1959127780731502,0.12319359534978372,-0.33203966248295536,3.821328549008856,-1.4152000874484918,1.508513212579393,0.25180006388861476,-1.6276249111013388,1.5716507086580456,-0.8715994028379896,1.220382588803811,-1.2670332914899405,-1.40594849300337,0.7237831224385229,-2.3440000921297854,-0.9132800566945598,-0.6745823805562814,0.22406014257551493,1.7951001655611207,0.8799253366582296,0.7250080214757544,-0.253603893085786,1.2334376783268606,-0.9012002006404517,0.9610578040171108,-0.1439919635732796
-1.2817180982926601,-0.7653147437197474,-0.7225850879623826,-0.19722207005414538,1.1575283788105877,-1.552246654048069,-0.500037509364788,0.9516004017251719,0.9237887471552934,-0.7197037629696936,0.5951821637360969,0.0005402799447829648,-0.2946128754906711,-2.6827802911125733,1.5353140486907884,-0.20565264789958104,-0.9423461346782364,3.2760043768223555,-1.504242210597178,1.4455812722802346,0.21676690323042722,-0.7890702363718864,1.21863511539001,-1.3010411178398287,0.7874588370339127,-1.0841243753845502,-0.9179432099928448,0.23019378933829449,-1.9311276728122604,-0.2083052707824169,-0.01919531398348602,0.22024276089767889,1.940593125466,0.10465188643554102,0.7228489438996073,-0.7708566892117409,0.7216882943469104,-0.6546501904166694,0.8254832585108851,0.16573908034449394
-1.230058451694032,-0.2365260635413681,0.11250435700861099,-0.5353618484417915,1.0205114434536415,-1.4407358973165283,0.10130100633067152,0.44477260733554236,0.8492638635586847,-1.3908718406984035,0.4021940469698667,-0.3635710105488046,-0.38530183963734094,-2.3042255279296726,1.7299338050591733,-0.11795787635177267,-1.1410871565485976,2.543469139014618,-0.9072077198777753,1.5437919049881856,-0.24225999472864512,-0.1739998635832592,0.7875911753318926,-1.11597144716772,1.01009483362635,-1.4059319956305236,-0.5485076564848413,0.48910964712701865,-1.581398659645051,0.21543462513574319,0.7331333409785591,0.7268788382106224,1.8194655267097641,-0.23988275689173497,0.36219555621557864,-0.4931828805689599,0.4706168178201949,-0.49108937728822255,1.329660821234684,0.6320560066514694
-0.5276096274264288,0.11223275594191859,0.6206382462593324,-0.07765449898928248,0.8144310623665124,-1.4099525085090523,-0.19305261730735446,1.0401798889992335,0.8450522296424233,-1.8083461159945653,0.00975941069987768,-0.7781973709569108,-0.022479355178276192,-1.3277316668373809,1.289304570506973,-0.047814447293676454,-0.9990920612705056,1.1317557835941472,-0.5843947609888852,1.4908283582664332,-0.10126601465858309,-0.2579566637873509,0.672457095330234,-1.1099461818332599,0.535991815505083,-1.447060857706749,-0.16494735421645973,-0.002933810642184141,-1.1729091594286183,0.3235981819079625,0.9806461725829687,0.14269450803834172,2.181618788807294,-0.29622514663042393,-0.25301409261189634,-0.5716770076958594,0.49925454490394006,-0.5081739782976368,1.709816592456325,0.718356112974568
-0.3281405699656149,0.6709574753197275,0.5095032799697601,0.02342035530170066,0.5973448538900021,-1.6881408047674116,-0.45512347183986573,1.070224275258591,0.9613041122757542,-0.7673028681142882,0.11759650835215327,-0.9030139663646288,0.3202131785015563,-1.0088320567457143,1.2151996442172077,-0.42504182178696615,-0.4815626546176192,0.3662351627900368,-0.1891776491705373,1.6982569911532266,-0.2607625461015659,-0.6315964751209389,-0.16198275947310345,-0.7897486969340703,0.01900777374270647,-1.109594044219094,0.13258734825670837,0.5839750829406564,-0.9528441146481099,0.2807647299462204,0.6646721083660023,0.7224201431752714,1.9095115021617883,-0.9998217387156214,0.12855358184356014,-0.43940909665201333,0.37603867491512194,0.29840130541961596,1.700013844583274,0.9413635940559955
-0.6200707665003777,0.41428480342843466,0.39268722062726547,0.4213065326986033,0.051757617814508786,-2.0076877655068848,-0.566554484251332,0.8680242220739712,1.2644416354501544,-1.1763214410093212,-0.32330741377612976,-1.8942413695070461,-0.25667764639521995,-0.6847774561544284,0.43077589700500807,-0.16119344987213263,-1.031365414885389,0.07541647177082897,-0.04290503064622331,1.301364483586851,-1.28373625005693,-0.21734090436321718,-0.3583593398426056,-0.12252210584081352,-0.07100409075972099,-1.7117347221078127,0.5801253077570915,0.11681902306300063,-0.22047915533232937,0.49207446654660797,0.3097604703558795,1.1779275346033666,1.5185946509377364,-1.7224756456679302,0.9941504874660447,-0.16930270955926272,0.6019968347768896,0.7500185714541762,2.4195749543998404,1.135434191163941
-0.5732035664310445,0.41926434367172843,0.3004282739131536,0.6191525991003132,-0.27773963314873085,-2.0610100996078207,-1.2483549063959845,0.7266782758685592,-0.10620564801319743,-0.8605573186273557,-1.3261023904265403,-2.334079033309561,-0.5692434142231245,-1.021475162757833,-0.23089436555026804,0.6716831321560174,-0.25857408597580483,-0.17249741094214666,0.1647907711760633,1.0706316249097128,-1.0026358502652395,-0.48019412242004905,-1.0752989247718956,0.2386763220055539,0.5292187025185319,-2.035344431481515,-0.3910591072836531,0.6326265381870946,1.2890237673162384,0.41964522144364774,0.8998238104133812,1.2967432634985119,0.9334359354136892,-1.8275990062353533,1.2213679533271162,0.36616569457788994,1.6248603426640862,0.9382975326967758,2.2727049028538655,0.7881635540500156
-0.8339435018113959,0.6028600310825085,-0.015688952487262736,1.3950573964055404,0.27437857626801077,-1.2914313583783237,-1.6511856537895815,0.2797255364112654,-1.5192417156961648,-0.6773276220595951,-1.8887894606889888,-3.5521777274293225,-0.814916529074802,-0.2734182710874574,-0.7230968706526109,-0.04595577929890626,0.493518064270809,-0.4553654813802105,1.3499417040087964,0.35929739974874164,-2.6226126798332032,-0.2386870331463723,-0.7518951900209105,1.5517775159134315,0.9406910520028577,-2.4369407053968213,-0.8337468282668398,2.8152310397845843,1.1153698943517691,0.7726374056219911,0.4124623867507084,0.14335495264826825,0.17235163420702254,-0.5957439523361605,1.3139825797719962,0.5745738314459888,1.8859352216351808,0.2014443801867864,3.2745765131377462,0.8294294054411246
0.8708801694027373,3.4339769478456703,-1.0848170727335638,4.662178330665014,-0.29378720637878053,-0.05387205829793465,-2.51204054276911,1.6864926081482243,-1.3152019329803963,0.34848120338746097,-3.7410343131816637,-3.7830866981860107,0.669637134844953,1.9058897751249977,-2.539250872239009,-1.750797665275655,1.4313066328578663,-1.7751446379660862,4.025012685967174,-0.9386807764168804,-3.4919994041731233,-0.25252023578686467,0.9570519418487822,2.359105752476595,0.7314142924574574,-2.333207506884343,-0.7708263622336796,4.789929365473548,2.913357966066112,1.3280333050380526,1.3028124470031222,-1.5266847703516346,-3.2643564309444697,0.11997677746434181,2.483764219465668,-0.3633753477260473,-0.003654991977887545,-2.5206398681917914,3.0523720573096793,1.928452108837066
1.367882729088412,6.435026063308191,-3.1096867062193874,5.954585356833297,-0.2536967286203556,0.12701992695377098,-1.40841582179843,1.9000566259615126,0.38845333231477464,0.950537677066459,-4.183147903836087,-3.1734058962694336,1.8252009867938237,2.842534013284236,-1.8011471193504296,-0.6731722699919359,1.0768773652979506,-2.894809837922925,4.770947294915706,-0.6769631882583811,-1.4131375108252968,-1.6094161462125385,3.4701281875185677,2.698660539642359,-1.5398559709657575,-1.8446447581103904,-1.4173218270917327,3.744534275593814,2.9115797242133308,2.064495509194173,0.7527198712087388,-2.5554553054971216,-3.1844824557169944,0.24343353676165932,2.0721803731127135,-0.21990857157706178,-0.7657499239373666,-2.1071075282589806,0.8944122559200236,2.1452816512263917
1.0668604420095638,6.189995998858995,-2.9545084926315344,4.58337916787697,-0.7113361340128295,-0.6756229733265051,-1.0210741508746533,1.9327441784831276,0.07798411421708173,0.3126593942152992,-3.2121008353845464,-2.3492249766504743,1.282609902053267,2.3891876303897157,-0.722283522175243,0.655771306285243,1.129845887785276,-3.1697474113830424,2.4605530371411692,0.35326145943615056,-1.2684820808022357,-1.134806938058433,3.0346756209442685,2.7821983843359757,-1.8035904771024138,-1.1018592641113285,-0.6536597116556614,2.53231319658703,1.4977981204229864,2.0476690682056913,-0.00986604406187433,-1.1974469917777835,-1.8772896781871478,-0.6753273550278339,0.5027418271545092,0.30905913935726215,-0.4472860882153626,0.8623473838021765,-1.368548866419705,0.47715073586249607
0.05615056001584834,4.989172059244313,-2.1795735245803796,3.2474497451323137,-1.1598061650398075,-1.0057618164978128,-0.8622075699810726,1.726008314247132,-0.0729865022228409,-0.31155012418776307,-2.7344288894717996,-2.923387380073275,0.47839215329773765,1.1028227454374944,-0.10914260060370118,1.3958474697255563,1.101785403103684,-4.23872997730333,1.3634148968174347,0.7324017068432653,-1.326655924152582,-0.4345824362195102,2.330084545292591,2.8791739194546033,-1.652774830912315,-0.26093116535424776,-0.06883561270670158,1.4698760395786512,0.568072745412318,1.142685839151694,-0.10949120025367678,0.2026375595960183,-1.5560462528689478,-1.4647092608329122,-0.5519134580470345,-0.0863222281158368,-0.9310866878687345,2.3605188903299785,-1.5606670891892764,-0.3889104719610081
0.11577279772094412,3.960674453522344,-1.048688573695648,2.455395495405925,-1.2872404133613542,-1.6533829428018865,-1.2369302191257938,1.3544265540535603,0.7084678967050599,-1.1773489991290502,-2.256392951455399,-3.300926570331244,0.1933422657324485,-0.07261609099248395,0.44536108821971276,2.161647437866946,0.5747815818011739,-4.428318871272187,0.26810065914097525,0.9939208665994858,-1.418081442443531,0.14412361152153616,1.0425982605079134,3.553170730009217,-0.8432897183840771,0.6463118169256706,0.5137591017880646,0.42502187785889334,0.043640184629946024,0.8114697825821948,0.48134298121285013,1.6977659169883395,-1.6514210068505353,-1.7394207226307714,-0.9200396685596539,-0.5229795619683848,-1.9375586066456276,2.5774114909572408,-1.1755649713875105,-1.1293465773240818
-0.5513181671574999,3.2527438294981526,-0.9329215534821452,1.6432851310632395,-1.6251545856031742,-2.280119388431604,-1.8431950424851595,1.2732944796927397,1.1430480839654182,-1.5413619099063485,-1.8187299183783452,-2.409309918074155,-0.5625168725314501,0.10893394660564673,0.2596607650112689,3.3598228965251695,0.07758563294174034,-4.136316643452634,-0.5258275260499041,1.2558982650380281,-1.3642525296070187,0.4728194971028383,0.2095434897596873,3.425675177486267,-0.36568374128570313,0.9536837056407864,0.28543389622339377,-0.0428822196188583,-0.41132102692311673,0.236461811537154,0.6502594543420779,1.754622395008257,-0.5579485756123173,-1.7647047904899187,-0.7202959712100035,-0.1927794398851128,-1.605705172198193,2.401048374624085,-0.7331621907976669,-1.0314810300165318
-1.0422113848034529,2.7304231329251216,-1.1000737365859046,1.2864578368894353,-1.4963974280568468,-2.169511568548699,-2.051266360734131,1.174278806930854,1.69487436756887,-0.8948999015016655,-1.467071363007265,-1.4327405778025413,-0.23559465033240384,-0.7226822630262647,0.3808079054654465,2.7744764531548975,-0.29287586818462275,-3.7784770958647664,-0.6461812469911494,1.5675237032967564,-1.1926927818091366,0.23435296113636095,-0.7454457908560497,3.3158768887160104,0.1641025780887107,0.8649486746465673,0.38612433964588455,-0.12172723276288648,-0.5239560812148732,-0.01012459097094906,0.21795480272381923,1.692888015337056,0.12251145624512272,-1.5497053462128865,-0.726731585331194,-0.4363333594961506,-1.1114988086179372,1.6720411780870186,-0.3873491020410681,-0.8999049078733539
-0.8724399207910705,1.7815287401815934,-1.0456947919538775,0.8263776577641866,-1.5706791373052515,-1.8399821113265016,-2.70375391452976,1.1232033515781377,1.9852184787062048,-0.41895957449212967,-1.390972438103806,-0.6411550218587854,-0.7526494290791768,-1.0569436943984163,0.5249387174854953,2.1937114093508936,-1.2085050826564372,-3.4123855455150824,-1.3605790596274177,1.6338267725701057,-1.2907394080676966,0.05331222311027,-1.2879311645426097,2.4403604446984026,-0.18258043699083265,0.9178531981180407,0.4349817986068042,-0.4255422278868195,-0.6429808476483192,-0.8002982825952187,0.12786143938103117,1.0013752572535504,0.8783959055269267,-1.6121104262595312,-0.7382999132682346,-0.08299763435895588,-0.7917944054425006,1.4253832549277345,0.6174211698788792,-1.0239269888930675
-1.2988622495306585,1.5371833861202335,-0.8677367310389609,0.8056753341572283,-1.345878511780973,-2.402512887683149,-2.4753977110123015,0.8723818298607049,1.5837918473340333,-0.26276005750987896,-0.7387935785203629,0.23250775888690106,-1.4138947635886105,-1.850874414822872,0.6732527006976755,1.8452940760238536,-1.66942017896618,-2.8175378519543006,-1.5280085081720591,1.3893999811187523,-1.4752997505962415,0.3892404402912104,-1.444493440140929,1.580168677948396,0.10394220265598296,0.1895903593932328,0.3037141957337727,-0.8089111554168086,-0.8758855534507064,-0.8009786344738633,-0.2702233151417174,1.6205334295940117,1.0777216922391122,-1.7325785100646294,0.11395906756056294,0.6076621477057138,-0.29885703967342897,1.1900488809107284,0.6709316132777882,-0.3118657596790616
-1.3488134697955843,0.7182257722560266,-0.4510187349106904,0.032645016133921956,-1.0416142765825394,-2.1986182482099705,-1.8900890048864727,0.8670732868252984,1.5451439808388023,-1.1305759419446049,0.5017954895082162,-0.6911937329433768,-2.2939073268383408,-1.7535426822606408,1.6922772002165416,1.0488777056269427,-1.2685216642287747,-1.916242112933369,-1.7103182220408846,1.0853122681316814,-1.0426686433938799,0.6402926299473202,-1.753087012692021,0.8651143684097338,0.11494701554190599,-0.009620984625493462,0.28221187074886334,-0.14967544280473438,-0.5660254956530826,-1.3954443403227224,0.4807102919970684,0.8776160152289734,0.8642154271853707,-1.4886496299306209,1.251580088618002,0.1291713384004808,-0.29654151563729236,0.8408297652719557,1.4461045211537582,-0.043784337424648934
-0.6703105387366939,0.7962347092810313,-0.29840906149111135,0.1261926488400919,-0.16163509920484143,-1.8095058199074183,-1.8143239203289523,0.5820910560705919,0.7546350268436253,-1.4422045057370885,1.1797737852279195,-1.2917964946121019,-2.852585592466092,-1.3922558854990588,1.6978154839963635,1.2268272769210407,-0.7067904749681526,-0.4792032133746895,-1.2339053710253887,1.1173856551116723,-0.43810806123191587,0.02616078791002563,-1.1656523276331194,0.4051644207740366,0.37293150133835423,-0.38768703966249335,0.24781605392304382,0.04126234463061117,0.10736705096050546,-1.4280387699278794,0.36371092702808483,1.2201306200098458,1.23516639119838,-1.3218004242056456,0.7429805635938447,0.36886653519854673,-0.04933910367399868,0.5102661598186228,1.4899157112395338,0.0347035989943071
-0.6389288220926506,0.8657475734922581,-0.4284551147926795,0.21409239172809133,0.14503585915876027,-1.4040049281303304,-1.5684100823324023,0.9719417121563592,0.3369703025470273,-1.2796088486147266,1.3573074339171305,-1.3129185050993055,-1.761830809648352,-1.3071237303546166,1.6556663825256537,1.5383786599601574,-0.5349553099269706,1.138491110140932,-0.6389225674699693,1.251523921737967,0.11252937486061082,-0.1388897953108294,-0.889093679592178,0.5238909197732116,0.042953803099055235,-0.9845389202031194,0.07355232652163493,0.5034711198219071,0.291588917442208,-0.9984173254865925,0.8136015604727747,1.1326920300728422,0.8638837575137459,-1.9101716664493817,0.44468031938913066,1.0873183277170986,-0.3347269032490133,0.6068380256204152,1.5896778106754155,0.05886123813958005
0.21086728025683177,0.6108651970228922,-0.8031719472181718,0.5682668696211519,0.7082457069005501,-0.7657602957831342,-1.3977091089881934,0.5081947520818153,0.7474484358099194,-1.4804632669819016,1.6448271459129014,-1.5047170649510508,-1.2538317045821747,-1.5537319394720885,1.4633235908571165,1.3227362758628252,-0.9991311850739226,0.9599573796176146,-0.5622320169276543,0.8168844919802498,0.5296660537638312,-0.18758523404664146,-0.28458744216473625,0.1976457309161661,-0.0024718426268346,-1.0046537510673186,0.20186750847050883,0.5887933153121588,-0.45971175881808374,-0.892231623141855,0.8955193033955252,1.0227772419023466,1.4954036808146491,-2.141015408442285,0.01890907080036755,0.4960312629608623,-0.2682459934838117,0.4638833742067071,1.9400526613452096,-0.09368213666468483
-9.812156539706907e-05,0.3816866199274671,-0.4124890428617202,0.27971100355376677,0.5309151188727191,-1.0025916244004538,-1.367663777201401,-0.09668569615999237,2.125628582100734,-1.7303288413846583,1.6437052624267625,-1.3819785719670057,-1.4495576680640565,-2.046765678708625,2.1668257234269355,0.8944173629468293,-0.9641463038438827,1.021679078785658,-0.9208372554175586,0.5517316504696441,0.9041089135944097,-0.5604563291132676,-0.4974615611153961,-0.2842343070499255,0.05646933054854055,-0.49810714747597484,-0.5286088374747021,0.8083437286959362,-0.6796644608201036,-1.071730056545265,1.376592976582234,1.3970645663957817,1.533329831285961,-1.9355700910862188,0.04704295788380708,0.1282801214730864,-0.10271832073667703,0.3760097044914483,1.2500972877887389,0.3595815934569949
0.20824636479267544,0.13029674496827778,-0.24499869560544607,-0.28474569171489017,-0.0034973903322838285,-1.2983047918889141,-1.2196227634823968,0.7174846203152101,2.3437348929538158,-1.6312311313273746,1.350156483452256,-1.5090866261852598,-1.5081737541636095,-2.3123176186928234,1.8034265696901965,1.2481638914773043,-1.1104034625898334,1.344518228195239,-1.5155249063142162,0.8291646260172514,0.6957189303748235,-0.17488189609816301,-0.5630486056103434,-0.24605763537845526,0.15467250795054635,-0.7873248429175178,-0.9383926579297792,0.2044650843214723,-0.4322612061017189,-0.8261272709217093,0.8396454722345138,1.1850702690939143,1.8621318147691406,-1.6994271112608383,-0.8420865878881386,0.7620435035533502,0.35757489179582824,0.9838707744692148,1.2493624363447087,0.27593288465308224
-0.31421716867777194,0.29936609185313334,-0.19434731920327347,0.16234827471438612,0.8580059859618656,-0.8596263865781248,-0.9470488199100124,0.8781117583606993,2.670783632480234,-1.1553637097841793,1.0600874819864063,-1.444851677077584,-1.5492785172641297,-2.434290842339424,1.2775137639486094,0.45591083292713985,-1.0921560426497723,1.1781996864943034,-1.5504707651467182,1.1628584906184827,0.2496645035212762,0.0563140932898164,-1.101073134845891,-0.9098975868109296,0.5746582295304489,-0.715547938748886,-0.6654709227807181,-0.3793793825925699,-0.24933155416439423,-0.894994453330258,0.9262456922003435,1.0019731856170895,1.8702029668544322,-2.1618260443771753,-0.0781369522101251,0.3224613251423003,-0.010498221163522982,1.1245305518867703,0.5559574557205426,0.31156618515275725
0.06629733020100836,-0.01736525181584629,0.09789751912753247,-0.24431613828007168,0.7943653630591541,-0.5242419802507671,-1.145874537771837,1.0667029335654667,2.4976167830594487,-0.5251649561409766,0.8268387518737429,-0.6627209784568676,-1.868877781141005,-2.3259014300735887,1.0073516413064711,0.28773448597067774,-1.2389165573499583,1.4622653264748453,-1.7204355303616399,1.1141935014271243,-0.363417458737887,-0.28109259285111815,-0.8784188070587096,-1.0217109717711572,0.18889889603987867,-0.5814094878477091,-0.39564613794840403,-0.4326909012187282,-0.1516991775433021,-1.1086513439246684,0.35152279206958337,1.679464220535664,1.7826737039072273,-2.4280820681316646,-0.3525046968926942,1.0768127758206532,0.70356440356354,2.0862721494571117,0.7951417368009829,0.07195395509806046
-0.06006439788211629,0.03760533757691419,-0.014283322966151812,-0.36478999074397184,0.7766073658744836,-0.18465338710050333,-0.9215604280876506,0.5995246224955957,2.3018062300675854,-0.7272398689727126,0.530657531618927,-1.0443643046651938,-1.9305953046045263,-2.4931159589980907,0.7742942536738063,0.45507441228892265,-1.7724761756248453,1.4642250863656923,-1.590351736082965,1.2670357449602512,-0.42183686888293515,-0.46865287589689236,-0.3561676004790918,-1.1032963475164883,-0.14732705601265955,-0.9638634100183896,-0.48219203446067893,-0.5156410118808012,0.2686090321352564,-0.8952367917543951,-0.016662370047343528,1.679368416881263,1.5650861180130358,-3.275994619823171,0.005107252387930805,1.2863991100683791,1.1807813249125307,2.2599304739845,0.7892550571661969,-0.5962932390162621
-0.39519777620146784,0.4662096448424545,-0.3664519630512018,-0.8858184275001357,1.0501938999307256,-0.4819095913898188,-0.8088344840226852,1.248966272085697,1.8875291596251405,-0.5884929393066535,0.12484927676658453,-1.4821080170641472,-2.2553605844249374,-2.377643837363406,0.8213753342359584,0.16592533534631318,-1.6272537227012167,1.3484141081075296,-1.2526625678196852,1.631658844247649,0.18203579034873693,-0.3421232373154717,-0.4706268115173286,-1.3299206030040618,-0.08508541431088859,-1.2806037970966242,-0.2081273810481793,-0.6008513936079053,0.3281155862627425,-0.8019301171406549,-0.35340321240817496,1.077602654110557,1.3752655799301026,-3.552885512621015,0.20319568928779097,1.2066778178588615,0.7203366904075507,2.3487074080366694,0.9167796824056003,-0.44686726384116343
0.3730623462182078,0.08662060102339145,-0.12034025698968642,-0.4593448903727537,1.63040576298699,-0.8082935578003727,-0.20756814288312259,1.3427389864179071,2.5303640278038237,-0.29521796357022856,0.17678910211371301,-1.6817328080488025,-1.9552887347168322,-2.15260843634374,0.9702568659028451,0.17554394015945438,-0.7572541057501418,0.8543274982476969,-0.7814136078327718,1.7869647003181732,0.17920543372846373,0.08702018551357898,-0.7038716186449734,-1.7452584995929978,0.07721861844243944,-0.5888955217199716,-0.9159110028818818,-0.19566723662561078,0.4900396971562499,-0.5602048157493419,0.17555815539241992,1.2948276162115202,1.6398518237739372,-2.9965155811279507,0.3626579866388884,1.1618074336790023,0.5421563447374668,2.2841227992793365,1.47728780262827,0.03665589648276725
0.3862435534342758,0.3816118656353866,0.5019665256471191,-0.787825033966265,1.098826998478676,-0.5355861959948263,0.050381130034068036,1.6968343045869785,1.9350976708109249,-0.05629161115615884,0.2859589958571417,-1.4242701332758791,-1.7568287925756705,-1.7692146428253024,0.7311357372643283,0.4318059779578784,-0.5999243742994472,1.075647662472891,-0.5703890629747438,1.1624522051463242,-0.030532765233172342,-0.05680248769324099,-0.7367187143417715,-1.8674535628093094,-0.22276285530380308,-0.9031716605834742,-0.8196819685479544,-0.3359456619894874,0.42437325542282694,-0.5014510430774303,-0.0584547716156678,1.0199596091435748,1.5399331454758984,-3.8002890619895147,0.6063197681627887,0.8245164844641815,0.4635520992271408,2.3501446761481595,0.8498112372601365,0.15330963391151808
0.05159423361444608,-0.07369324908281871,0.9217982384849452,-0.4543389950732835,0.9595805411820866,-0.5898649505912075,0.3636932959062198,1.5130672800388527,1.3058251861897219,0.27178712824483947,0.23236017802967357,-1.4860600806791942,-1.5561719839536727,-1.3167690615558454,0.44370202616640414,0.5585730662189183,-0.5749549452961511,1.2290862503877442,-0.18635702939715254,1.1581226187235507,0.27280038586510746,-0.06686713528235906,-1.1836503379562033,-2.111274163917025,-0.3630416015658224,-0.8501068778059552,-1.30332906086424,-0.8225061849570223,0.792332047099327,-0.3472132626538966,-0.3956044217319717,1.309234860426441,1.8179166197917005,-4.4747781263799205,0.47948424047182425,1.0925358041968176,0.2181624997041407,1.7358280110409074,1.530942444114638,0.23667312157522863
0.3567045775101531,-0.12220612952633075,0.8701244934718948,0.04008265684026063,1.169156568834685,-0.0066072701115977295,-0.06988540518393309,0.9897253315588984,1.9292837240021656,0.03522374043218333,-0.4972033196984079,-1.1515987656968947,-0.6205663692913594,-1.1969014015009318,1.0551135885382172,0.3341989550391432,0.13183680405769171,1.337818329695147,0.054366919130045266,1.173407169146235,-0.14167323997854883,0.1048796152739099,-1.076265128827468,-2.577156488506422,-0.6523283011487071,-1.284606407744033,-1.0406889370082295,-0.5226628549032596,0.46568602418717864,-0.29848605272628104,-0.6665031525283001,1.2572564447883394,1.8412324294062707,-4.685689211504063,0.6620326087431971,0.7105378486936285,0.7880992992474044,2.0143830363619246,1.8251655388666117,0.5341167883785017
0.7874210219087032,-0.008375553593990906,1.2985367973419082,-0.44471175091011667,1.690599725597505,-0.8816386835138362,0.1962734186477399,0.6036893912307303,1.0756598417952903,0.3118034935837109,-0.7747008527329501,-0.9583686339493254,-1.2349556782133901,-0.8752235687850072,0.9889561054120402,0.6618290451068446,-0.3873814210899018,1.580282790015851,0.2617191446935979,1.1772390021083277,-0.27366154538574855,-0.3375277634437578,-1.1931804408369957,-2.5603575202842834,-0.473791958112047,-0.9729889540718311,-0.33678740088302217,-0.7277208087505844,1.0555403267996446,-0.7258722071969426,-0.8672232941242313,0.833558895300652,1.5821012373998196,-3.8998135374188125,0.4924452444925458,0.8248168360274797,0.5200643271541961,1.3063092525798237,2.0981311136642264,0.6402171884980146
0.45504673178498495,0.0662204218944445,1.6005788430677428,0.19896180127702157,1.1505466834556024,-1.0635030535375258,0.35815839326690824,0.6910961046047667,0.23728436801378155,-0.4260860014156318,-0.6630903079485472,-1.344728094741356,-1.4066665944406715,-1.4881259235441386,0.5813898080093485,0.9650380020191719,-0.4407119373580043,1.99551115645542,0.5517139695479992,1.1195971882680036,0.1941225604711956,-0.4521239408696839,-1.5054487359837676,-2.854814612734487,-0.570971225222066,-1.3650141471074781,-0.6037704711607212,-1.7049457420176826,1.3371130185404074,0.193283403629966,-0.8146968584794253,0.621970466460558,1.5059940867394213,-4.3274453305467215,0.6415419979479895,0.8186515219376672,0.7408094495573361,1.2905639229195165,1.8500934043687467,0.44951245463166595
0.37742549531468694,-0.5496130290313141,1.213131315223921,0.3061330455835558,1.081515837049691,-0.621745122861856,0.19596797283504247,0.5746851123751604,0.432536676781088,0.18203181489612014,-0.8300676761366956,-1.5233530640564983,-0.65601276981716,-1.0159956741793361,1.2983019522326118,1.025185369487217,-0.25128937126908635,1.348473129356328,0.8331044015559439,1.4629539304778743,0.08910758611750697,0.024227017906640974,-1.3210640763113437,-2.927799693824996,-0.7804849052756776,-1.7624063474587186,-0.6658096508963038,-0.4982103177757654,1.0275939558195097,-0.08919172723430449,-0.6964398284099526,0.27215997643606793,1.0637633106890785,-4.841044865310097,0.8461679294731657,0.47802026670934933,0.9767977880711753,1.2279942464242444,1.9986651135604543,1.5666550816500733
0.4348990060859255,-0.33546972725043644,0.8818327026981195,0.43753065258984475,1.4650493322614115,-0.572291905287462,1.1357921257395356,0.17907756466474808,0.020531207674988783,-0.11841005817749382,-0.8502719594405843,-1.7750813049139844,-0.9052298290071344,-1.6559008376841096,1.0466353143253837,0.573638330657555,-0.43971624132613835,0.9990348454120134,0.5806096853043418,1.7241217975737242,0.46284745656129234,-0.19885131212610835,-1.6369754147734095,-2.6918247084969997,-0.6241914955798766,-1.1734689260436615,-0.7364957780278367,-0.3981074668935054,0.9906733920430545,0.2189382117082426,-0.7619157572837767,-0.23133622102062912,0.8180039341847196,-4.327058282061542,0.6741135838666981,0.2758210086933808,1.0277182148585695,0.4361948773810669,2.5574802427990475,1.4924209242510147
1.2677844284918778,-0.7465705572926932,0.8936372448026388,0.15614655347071965,1.069355528140751,-1.2394354446811657,1.469537501667627,0.2072774362031724,-0.5676792624079765,-0.7626106731154554,-0.7674650946614163,-1.2130813634611732,-0.9554928252186177,-1.4770034974542843,2.488577367083243,0.8871379227574581,-0.3399701183962035,0.9483636636914693,0.8925585830750431,2.1007441778104052,1.0413122860995452,-0.5133305100903727,-1.7544021482345278,-2.7176972366097036,-0.7906781409726785,-0.7477431997534258,-0.7376511946127033,-0.7003856862378061,0.5499524092087087,0.4903937858129662,-0.3691797366834435,-0.5536319546898776,1.0554239634444607,-3.9690012168656805,0.44050622032662495,-1.045073579476641,1.2292676093979389,-0.4045587871023027,3.1999499268873706,1.5693396532326562
0.8075491095583781,-1.2215243501326654,1.0227320583165636,-0.5708632194291436,0.6084198801582834,-1.8905240224930235,1.5151790146998378,0.21234278993751363,-0.6024738101362521,-1.1750534410700104,-0.2053260769883219,-1.5885688285223436,-0.06569386836561399,-0.21407440940225492,3.5984355070502025,0.93529928677702,-0.3126604212208183,0.749899604415947,1.1860556181196509,2.3888411157221596,1.5776439232579855,-0.5704692989367737,-2.4915639122574276,-2.264302052985252,0.13484558047132153,-0.6442644703165932,-0.7055159542119976,-0.4920663465138822,0.054379527423810775,0.7202107121812322,-0.32946768066232784,-1.0103504446162879,1.4836851264196955,-3.841530611691949,0.7321990570237723,-2.815653652654327,0.8039002009081607,-1.5608094550091194,3.114109908643798,2.5750060451648196
1.1583897884417673,-1.258389526948481,1.9629513136505992,-0.7761648566144292,0.1050782227626803,-1.9044858865984082,1.580541390738927,0.34450662711288155,-0.7260657544280381,-1.1053091045749708,-0.16419712585148394,-1.1116816343113158,1.1520503709692569,-0.0658205075563395,4.111192553492825,1.8194855955305167,-0.4373872408711672,0.9976017450845436,2.3269659871678616,2.24519063517548,0.9143178237708405,-0.9620305712301709,-1.8765116649851568,-1.2539443680578222,0.8180086602713563,-0.1816365438817857,-0.8562865904309865,-0.8756632156179742,-0.4050523124434081,1.2052334278311325,0.4899095153666734,-1.1773308875590716,1.8547265349012068,-3.5286850584753,1.0187914701028804,-3.282610490539729,0.9668541307167198,-2.476585072024943,3.1038526260314834,3.0868446610724343
1.0249352038726576,-1.0569015876999075,1.6762895344088407,-0.5620175129080254,0.16620701791620085,-2.406585918393096,1.6110060746546946,0.5701052421244199,-0.22476614313411258,-1.1528443026466126,-0.7811366758770213,-0.5198533471836018,1.1145414275579026,-0.5586429488084597,3.487884671337103,1.6328217742378444,-0.5375612482506702,1.2463949889614903,2.3486327679340078,2.538011338901479,0.8091695774686667,-1.5096351774100114,-2.1782715687943375,-1.4808151621465964,1.3390122283006785,0.1147873581789646,-0.978908714064003,-0.9472220744228671,-1.1000468447480936,1.2496280268829194,0.3453669779302967,-0.721275963511651,2.5039940340885383,-2.6172075891157878,0.36035173609825144,-3.736039228433063,1.1114419547118888,-2.74718412010868,2.837854492613495,2.9341850792412005
0.2679684395600541,-0.8354620381744494,1.1624043383015672,-0.5165804501682774,0.04461095345253907,-2.372324328322036,2.0246823413762765,0.36705927491941515,-0.530457219136693,-0.8213430556945456,-0.9265448518204451,-0.15610844151331552,1.0202190620163492,-0.132898849525615,3.0074400588562713,1.582129608890032,-0.5619923162743043,0.4289711923817414,1.6693182773756035,3.215395886319433,0.38356518834903275,-1.5669298298279155,-1.8660356933757825,-1.6357886842568643,1.2635354866260575,-0.5342378558084521,-0.9227194001862875,-1.0690651086417355,-0.8278253422501379,1.3291737456619288,0.806335557819482,-0.9589177956517434,3.140119195894132,-2.768675528933554,0.7825305839832514,-4.328760026462206,1.2429005413624032,-3.8604800717959242,2.955633992275427,2.5136742414435576
0.29992527573081673,-0.21295906412424695,0.9110099697295833,-0.5780018170367155,0.786666406914764,-1.9737614827242886,1.8765682595439757,0.4691117363929365,-0.9618732411422172,-0.7318454277957375,-0.8587250908575552,0.10246961784523106,0.9777386751513395,0.1334135679197503,3.4329544338373217,1.4259622079638017,-0.18206294148979796,0.19178029468620295,1.951993453151601,2.8807613531824483,0.032386074086326926,-1.627222223032641,-1.6562270402647061,-0.9524728481441367,1.157998912981307,-0.7334278907868459,-0.08752365423218238,-1.1103011113927235,-0.7459946884854585,1.4222735975816427,0.6172282285506748,-0.8531595735365511,2.9457452359229386,-2.86144560268784,0.9346232764487789,-4.589698302966944,1.4285796098099055,-3.7906584511861263,2.731706429448227,2.8612487833298768
0.9388038928922213,-0.27926288707026087,0.7937393944964962,-0.7884110358533309,1.079179261493663,-1.987465976077602,1.1840301942639322,-0.03754165821041766,-0.4750971741712578,-1.4066893151046114,-1.0542282747699967,-1.0159927692766533,0.9091858947540318,-0.02813971797076631,3.529742806762448,1.5484980879621912,-0.3225375199977758,-0.02277003039942327,2.265059111375281,2.4894108293197825,0.6950191549126777,-1.2308324906572607,-2.4655132296966706,-0.42090220658697536,0.9563954554171546,-0.5883820202709603,-0.11926488728966478,-1.205200278872618,-0.9196993640003089,1.399135299570793,-0.03509455030290881,-0.5999596925469696,3.2063495149086245,-2.2564523142101978,-0.03324476602209042,-4.569579272260276,1.239145587118558,-3.4670359635225263,2.422277273517599,2.664498573334756
0.7460096150541924,0.16739051808077676,1.2549943088805893,-1.3274222032848915,1.037331316759946,-2.1593452408926295,0.7381137215504519,0.06988449938522986,-0.4085452071471289,-2.1432527022167376,-0.8185498728798604,-1.3035437269083054,0.9198405423246436,-0.8353076940580744,3.611581332898018,1.379389374157566,-0.31584069259511866,0.5407069072881265,2.5996640057388705,2.5422352714135656,0.8394981806613613,-1.274645572646934,-2.607587964045319,-0.33081422545166494,1.002955769237818,-0.46052694823194784,-0.9281177037755388,-0.3635100191673122,-1.5099823128470096,1.319068952641955,0.9314193015464695,-0.5621361988057911,2.9414917009313117,-2.161679246289099,0.4730859796885932,-4.398596902817357,1.4166643462768216,-3.3589280732171747,2.5818123840345226,2.077996181557599
0.318536015355503,0.07465885141986894,0.6443878068753978,-1.4331501874988974,0.7226026392726174,-1.8266418462401288,0.20137128829413153,0.31702087971603526,-0.2230528365627511,-1.6893951343331237,-0.65792880061499,-1.9453848185778952,1.4992814590358934,-0.9814645241864512,2.9748661843600757,1.4655127719561898,0.015296154770762405,0.09000001243194689,1.9606123949989829,2.279065244577946,1.2382296333157516,-1.7136445286897672,-2.0798405532543813,-0.02469916131430666,1.1155518941397342,-0.6946061741790002,-0.9399837231256868,-0.8879583420922401,-1.748525644044555,1.5320377424931708,1.2267627516763309,-0.6545290344800138,3.8183293464203176,-1.6102070877232497,0.10303694523284701,-4.486370755246376,1.0531872015113721,-3.7858539721789466,2.340594610212534,2.2708641696429654
0.7887570099674741,-0.10560657456477845,0.8646462551096149,-1.0576602634795123,1.6085722954907127,-1.6260230580096537,0.2560555197971563,-0.12765110557719445,0.4389778775139981,-1.0352911223900387,-0.6108243767462946,-1.724680945944767,2.229340929843646,-0.8163848650099139,2.9379316909968463,1.7178573989157662,-0.07705394207202584,0.008981674415211804,2.228093724652943,2.067308664217262,0.6176598729280096,-1.7165105047480895,-2.1196897418605065,0.3445321008957024,0.6695357730620897,-0.43121076178465634,-1.0882454629474554,-0.7291866816742119,-2.1671862251732334,1.4833035318765124,1.7021453524013683,0.507979728233697,4.174041359977708,-1.656880056276487,-0.18470924841430797,-3.6873793993692967,0.5055585660164245,-3.5238279789379625,1.3067172870022863,2.0423036056846566
-0.1375666578919119,0.29505085232978423,1.028766514704531,-1.3299019357370203,1.1669165405876434,-1.784658352487323,0.009058468538547304,0.5247771909999384,0.4271446327113668,-0.991558306713059,-0.13919679357129555,-1.723311622321466,2.722429243514298,-0.04453242849198066,2.8821094522657855,2.1201016099765666,-0.5542049483971385,1.2239332673233188,2.23268879484409,2.0998311524790543,0.750543692984634,-1.1308889273392324,-2.0223780733009784,1.4788350806332193,0.9879641662046122,-1.055892241825068,-0.6713396918354237,-0.45718258812585605,-1.8506309494254924,0.9020842682363323,0.9323380460647087,0.7534471260843383,3.961718363120439,-1.8888272531317905,-0.46509992516065735,-3.2697074551671417,1.174003369640484,-3.016765190007437,1.1649909811031793,1.1918178225705311
-0.42855595804219065,0.10038948938927975,0.4122677520175215,-0.8910531147766405,0.7186026814648276,-2.151623181624468,-0.8164140672732044,0.5765175101953119,0.9673940200104467,-0.8564242571976923,-0.4516353103213805,-1.5721568773441779,1.9360290146243004,-1.3364864809104053,2.225951032620651,2.441806328134336,-0.464112894905375,1.346247187115523,1.8553267507547633,2.4112820498206906,0.570387449264916,-0.799150513543645,-1.624108808269996,1.2297850523439093,0.7355627277156779,-0.9530369500167881,-1.0081294381374741,-0.5439645511723361,-1.291128283640352,0.31594952603384513,1.0761033920063312,0.7872250912298719,4.405572233471951,-1.2284592996942996,-0.35741541852694625,-2.8764472140405988,1.7849684432596922,-2.3043427052373797,0.2381131517585472,0.7923171787222909
-0.8135990927774532,1.1838916349509296,0.48631242668008273,-0.6385179272197612,0.7866489117163268,-2.186383891749387,-0.6585163497256374,0.563646677384199,1.150060292915361,-0.5453065726101051,-0.9820708987534473,-0.7538143825818315,1.1644501962963258,-1.3480592629588273,1.8480801623689351,1.6650551144403438,-0.8289180063879861,1.8033809309871476,1.7017686684636957,2.486816975657444,0.41704623669799723,-1.156467625797101,-0.92968819536982,1.7010800621250137,1.1836611347907577,-0.7310833157906594,-0.9394760236388542,-0.4921999052286825,-1.1739007372179484,-0.015297518164651955,0.26410131667034875,0.13399743563557762,4.024011209754838,-0.40690965624691916,-0.5916983099647711,-1.8357033073723765,1.9604948496162535,-2.0665118955702,0.6529376109207434,0.5030177528060411
-1.3822200867407766,1.071946144610511,0.47297274649151455,-0.380439109385785,0.19494775569863,-2.584722386805416,-1.1593942651932077,0.5231337123346241,0.6344994430015356,-0.25549929495281665,-1.118045163598193,-0.8746082430055462,0.6838694309329927,-1.473706243088716,1.1501708066592804,0.8717750039313658,0.019486206223774852,1.3918808998121794,0.673359441440959,2.5710297242862823,0.08793050421587043,-0.7598400195452732,-0.5238368980765575,0.747966439947753,1.5689210635645976,-0.5771174233703983,-1.1315827406717751,-0.43170440390805476,-1.0946581020401953,-0.05264737823435964,-0.08809434123337986,0.3148665716743474,3.7114276819457523,-0.8948382320967259,-0.8969261818323262,-1.6053916280205478,1.825724316197493,-1.5652282600328753,0.3321420119133571,0.3612892021441905
-0.7918592427215688,0.8474518912929333,-0.046875493306212185,0.8268230624484425,0.33350988220813715,-1.8982093956378545,0.0635731629949322,-0.6801597364327235,-1.073349089113451,0.8725357861349636,-1.422968251877905,0.5017704260496924,0.6460443654713041,-1.9301444284849016,0.013026765316027394,-0.22251741646486595,-0.06348739523667357,1.1800920770315573,0.3753286692063003,3.370575719613008,-0.7179139516615374,0.23812587839766647,-0.01599841330879409,-1.063410297582109,1.7646577489632174,-1.279647116132457,-1.639503324238747,-0.17172831829547747,-1.7993746458925461,-0.12917116503218462,-0.226706515755878,-0.35945398588713917,2.5911148189245385,-1.3394346169422326,0.4274647228157342,-0.7081022824167732,1.0149028357479182,-0.9935327097196437,0.6147122825750742,0.22722858100115229
0.06600147316716659,0.12256297485132563,0.2528440431837716,1.5012583091116602,2.667700881926362,-1.2642528591782562,1.0425495063278996,-1.7932077426135256,-1.96852251852189,1.0976594927869567,-1.3253227150413047,-0.6444920662320925,0.3869410442445904,-0.3553985084784188,1.2955625130616841,-0.9384767840917451,0.8636319541781783,0.3840562473290453,0.6837971044544181,2.2203367981265676,-1.703092214431238,0.32609921606671505,0.35747855414802077,-1.432379122233728,0.750579224961631,-1.2489929702623983,-0.7109762436521836,-0.02476830533965818,-1.6181058291885384,-0.22556339858426988,0.713895973474298,-0.5838188928510771,1.7041791761729064,-1.852371499688293,0.9539795565451366,-1.960750116415678,0.9395986821880894,-0.38721159259357996,0.8465479680636776,1.0811926953815
0.8198862393783297,-0.3351491929993785,0.5381135664060513,2.3721050808847255,1.451426598459496,0.424221448879624,-0.16613167033445206,-0.664594488316135,-3.440621658365284,0.5953801521224964,-3.279218955595191,-3.6091329901939306,-0.4331066329436068,2.0322657497465655,-0.7903426424682185,-0.3309613264465803,1.165273693465727,2.050980985129432,2.754272180550355,0.35554689878299184,-3.3063116286720353,0.7090947864554134,0.4182584563221148,-0.3649861759876115,0.3502722966761358,-2.83362612164239,-0.5140758861566216,2.752561324901278,0.6112576740384799,1.4152114028702703,0.4279608495052245,0.6751939979392385,-0.3020059784565101,-0.7776254194703883,0.41415548883734676,-2.3271391690657657,1.022320631537585,-0.5320652470868006,2.3655301811659077,1.4955728701757547
1.0057434838595123,1.8012118146289873,-0.681043096927052,4.3516587493776475,0.2207769646274209,1.409389921723239,-1.3912370692728813,0.6697149242590755,-1.8851337312151883,0.21732326393763213,-6.223052778772647,-5.25140212777776,0.5182054016909587,4.2525658045803505,-2.8085984994445905,-0.25921650172228383,1.289026937394327,1.6132862495277038,5.336505195634136,-1.7240766737049409,-2.8003081980872584,-0.836207796626045,1.2460121052935609,2.1779404713632355,0.2937069728754019,-3.342846905379247,-0.8298127865799146,5.112061951136058,2.9425530939784457,2.2348029141614614,1.695575238682284,-1.521258280229179,-3.058092809635142,1.3251017074928975,2.6270018245103315,-2.519181469744663,0.7878771714157216,-1.8292158013136413,2.3480923583692697,2.51954352699124
1.0558681806718437,5.140785311825084,-2.6191247256805004,5.29304543501037,-0.33375853262741695,1.721445774556127,-1.0886248951746578,2.6540529447902417,0.2511645364446766,1.249543961790452,-7.7056708679211585,-5.795166791519656,2.3540407992379553,4.537945611307403,-1.7783104862450838,-0.20787331004810441,1.1428852082844991,-0.6207902244975221,6.516171366740933,-3.3439515000219324,-0.8162354544586322,-2.4281029108312957,3.2512131821828625,4.656657641614008,-0.37978969263430007,-2.9132636616572865,-1.5366362021679443,5.808518945235782,4.262122503168879,2.5203451052698345,1.297568034481141,-4.759974063421585,-4.185350453492377,3.596285350509268,3.9480512937652903,-1.44518814848953,0.8435731363528087,-4.226191215637438,0.1858774807320378,2.649967021989236
1.4716645245660878,8.227336097293493,-4.276919057905248,5.089600091199406,-0.2099210428874916,1.2457547100586235,0.15252681052113254,2.359065797862968,0.16380692002731023,1.1094770749231797,-6.256497131093415,-4.145014998360018,3.5299251891831034,4.902938184824735,1.5954052317763923,-0.6238891312151459,2.4345275834914415,-2.999816732504743,5.991490400021752,-1.8835559189744275,0.9878054507431877,-3.1471930042468395,3.428790892021434,4.245837670644723,-0.8183408497862598,-1.3287187606974633,-2.7136190978774017,5.372864972288648,2.6320056832572263,2.3762546393837893,-1.4276525520001453,-5.181944151153168,-3.624172795911888,4.262685102909426,3.314566934415651,-0.76257475606887,0.29725684894063886,-5.360389426962123,-2.1974477145550315,1.2846410847596705
0.8092890782465164,6.124909830426011,-3.664271627423905,2.708620275085872,-1.0033654716575764,0.4526430673078888,0.8063175146878749,1.7064200050710705,-0.09470031961622494,0.05716944333650853,-4.499625497734259,-4.820933707009733,3.345201299322923,3.583179439871894,0.9835804229649112,1.3257298852633608,2.7893852822711596,-3.365518387995522,3.2788192608139033,-0.3917354346395111,0.9860857336099873,-3.050283279308525,2.9176846934234284,5.0692856823175765,-1.1898604303816627,0.3458734821834524,-3.27735642421858,3.3741216481141243,0.16387528067740115,2.4964637894543453,-1.482112654322166,-4.135215397216575,-3.130290952635919,2.6247820702929725,1.4302088319228075,-0.22436650435017483,-0.7178313915637912,-4.225702490813776,-3.7027633656820615,-0.14702812910775598
0.5449573887671639,4.17722589454658,-2.952441624980515,1.4472144810341963,-1.16010292775205,0.3310644923018522,0.6500889629151199,1.4931803304033513,-0.34445596127565753,-1.1598985419392454,-3.528797649975776,-4.74484176509643,2.7854414981070432,3.0503556095962625,0.5492854685240397,1.944840903231543,2.5724960320859096,-4.600774779146926,1.9712006590263327,1.1295886061398952,0.8902002576582344,-2.4963375411704556,2.517868605988471,5.106845366828245,-0.6131726741766881,0.9719233329034218,-2.396599506432344,2.153663667945538,-1.0517241330248825,2.1743655275976916,-1.232443664028935,-2.7472471381484755,-2.710978298964075,1.749918278957874,-0.2268213464632618,-0.8322587832359959,-1.3334646049072416,-2.826369810259203,-4.288415007947371,-0.7955649479841932
0.396982440435733,2.706457992788847,-2.2395428971668108,0.7466032565936329,-0.717392044345993,-0.1602116498582279,0.48563175567204686,1.2702815314353442,-0.4551176022335651,-1.4345470722519713,-3.241255352249757,-4.251535162369695,2.6411095585638344,2.7965108851491722,0.22125011928926436,2.265147481706573,2.026485916544585,-4.763952657250703,0.7594137433438073,1.5301521247881704,0.06544064047029446,-1.632316349209455,1.2168533702427595,5.171887682793067,-0.23970574109263015,1.184788777437864,-1.8648326215102622,1.1195802762314822,-2.0668815561216727,1.4848799370498806,-0.36312200982945053,-0.7221954483891923,-2.80494346806679,1.0029446399619486,-0.5270278539319184,-1.2690229417590726,-1.6231948617036132,-1.9726918611001003,-4.205794948542165,-0.5484498795732768
0.4954091665139124,1.4953506859872483,-1.6052273650926996,0.4712074424196737,-1.1374828042645635,-0.2679231332831696,-0.1630669046663882,1.553552498162202,-0.23968428966435046,-1.612367221992039,-3.3820364320362843,-2.8498761860837183,2.5203834380866867,3.140448360861834,0.149722814948281,2.571657340947327,1.1515536593862001,-4.4918711237460105,1.181387589840262,1.0396850812742136,-0.6843020149398509,-1.5996617378181912,0.06517714930648646,4.651964178181937,-0.162978410496819,0.9607038250797344,-0.6390009528065785,1.3727696131125173,-1.9254403321318336,0.9557140390433393,0.04634367118146537,-0.17071525106769259,-2.8646074784227618,0.7212528798564166,-0.8428035426101657,-1.4752344205550576,-1.0986101015735459,-1.203924475574616,-3.254145115643246,-0.17417311463870175
-0.5523150092611807,1.5942747931486725,-1.3361596024665892,1.282638140473156,-1.6282494197035886,-0.2754067980138367,0.04968178641587018,1.5323742487560197,0.6959636264215789,-1.8082333654743104,-3.56125642918878,-2.4643795652146436,2.2322159915099857,3.007594268807597,0.15370925329221927,2.7502057422381028,0.36627077963099,-4.670382252683893,0.8863362280234877,0.9652831842198405,-0.097632813698347,-1.606218807728813,-0.8473040724938552,4.105935130167642,-0.11828935963237208,0.03514862455961172,-0.7324925788042405,0.9438425179980612,-1.8027575016168713,1.2248569071892819,0.1675534215689326,-0.2647465981724313,-2.5355910937564854,1.045309088049745,-0.8284678625229265,-1.3010377088910625,-0.723121771636242,-2.608820169954776,-2.486867467437566,-0.7656964119697663
-1.1458443210388256,1.2839804647783717,-1.8351506529651966,1.0921250472923802,-1.422925409260643,-0.17945168978005355,-0.10272235187815679,1.1886035334813265,0.43685014982173453,-1.4791132068635158,-3.82221789781727,-1.664183285364291,2.133400275639267,2.052321873037897,0.5444283804266618,3.435925889683157,-0.36735954533977017,-5.155441692252561,1.477636175649471,1.0494538941739655,-0.4821741266849094,-1.3631715442521144,-1.6095105410151314,4.0574325413166745,0.2640633581878409,0.31372252413222723,-1.4776862325409774,0.433313550105142,-2.043716802841645,1.5165341367455527,0.40933317239680583,-0.5180603009420062,-2.1927720721536788,0.9348544125378132,-0.8859605403123678,-1.0364980398890709,-0.46741797515831673,-2.156978020642243,-2.0446873603013582,-0.34527983242414817
-0.9276238777110789,0.9422381874313187,-1.276969527040833,1.4679998070578075,-1.8750366689443376,0.25393089521547674,-0.5341452257481647,1.2868694615620468,-0.18806555451684592,-1.8620602229703487,-2.8972978788204995,-0.8800737381924764,1.4238692184190502,1.2761854538436765,0.44065807627539516,2.6824828850163542,-0.2248232377364882,-5.328695259104874,1.4152368216088236,1.6253240214360942,-0.3852876719415202,-0.8402503526974894,-1.5175080531425622,3.6157249914662533,0.22555338400911037,0.26932979349807085,-1.9134014723420014,0.49050405846934514,-2.3925840482545433,0.6187617134604233,0.09283003867709241,-0.2730266538808875,-1.9079812000884049,1.084097786842183,-1.504266518184104,-1.0441927231994652,0.2478908461391851,-2.1031559558134267,-2.020943926153521,-0.5223916168006294
-1.0046475389488707,-0.18135056694872015,-1.3474523089715427,0.9952330505818796,-2.236907195229146,-0.40702457870664305,-0.537928588210879,1.0412798053917438,0.450127207627006,-0.8356771656551142,-2.583769199171483,0.31934509718807336,0.7407957924781039,0.7790062453797049,0.66857775567478,2.1127371331198286,-1.1437487058586926,-4.709250832040392,0.5722757798642322,1.7270109505646523,-0.921687451332305,-0.5013362672367494,-1.5229263922802931,3.0795312307550047,0.23565856651404252,0.716271254510167,-1.6191362534944034,-0.23806441369439008,-2.299043041243862,1.0310513428826713,0.039032062901132675,0.36628793253885006,-1.50166249615893,0.21849303457801117,-1.4505986027713713,-1.0857009975302443,-0.6192955342247533,-1.8250385213284506,-2.0764294172503197,-0.4481899443625344
-1.2129542205305195,-0.6689239476189757,-0.9025720229314316,0.9180019220566418,-2.0848430349434985,-0.3418481852985567,-0.6032116691098854,1.1629066422887113,0.9272974740754663,-0.8938519560078628,-2.0883799894683492,0.6312027628615745,0.1258611243564401,0.7592683212964395,0.7760401507343656,1.9485132383902488,-1.5481647351362844,-5.028547375239418,-0.02560209960533233,1.7976786992564446,-1.2089385486986173,-0.45441554476286966,-2.816340113266193,2.6530831272375344,0.10537521516752019,0.9909120268431686,-0.7682324409084659,-0.7420440313705059,-2.1618492890482592,0.46973459997804695,-0.17892293731573639,0.6601985678289916,-0.6502944813070541,0.21421208419564963,-1.0251344586919355,-1.3119515728626956,0.43948549361071176,-1.3911886269494098,-1.3585070625272762,-0.7458298687937477
-0.3344906887021881,-1.4852770791004335,-1.4367753187608496,-0.19182805044144385,-2.2349503145343528,-1.1594627297032087,-0.24685666937950912,1.1273530231986857,0.4168648393011448,-1.3241234112742437,-1.4759526058334467,0.21309999438342409,-0.9000577141816853,-0.1475793130838128,2.803992871397546,0.80987731473287,-1.0243766392159859,-5.273643751212805,-0.36337116583728024,1.326557697837547,-0.5443648786901274,0.040605301536363714,-2.57178683038619,2.675721299749062,1.3135854549376857,0.3523223964258072,0.12867947124820633,-0.6983954691453305,-2.3128027757692387,0.07689249001650511,-0.5783439481999066,-0.38423247259387106,-1.7839243236371063,-0.2894028609829723,0.35877040832840096,-2.079607479116315,0.29110337491743266,-2.5090679727775926,0.21104799358032283,0.085392722394418
0.23991246080799186,-2.1009051292404295,-1.0873786465867503,-1.2977009401270039,-1.869506871397661,-1.8307099359047458,0.3753264860509036,0.3155684661686687,0.3816536941862473,-3.227371211615486,-0.5779505320517465,-0.71433451680771,-2.147019726816994,0.07988427686932209,3.915649052954631,0.17001494747801726,-0.7698441602958979,-5.966638487337134,-1.013102779333495,1.2134617907425722,-0.6756164859823551,-0.12733145201011803,-2.8264809919570952,3.0085242950117843,1.5732848544767388,-0.09202616062789765,0.5735524035098124,-0.8310102012022101,-1.97908329117186,0.6730607334125909,-0.6950985547238976,-0.7443361095714736,-1.4319041612584962,-0.10928864440131456,0.9933896970116903,-2.6539440198273843,0.12305291286196818,-3.533954654665175,0.4989768719344978,0.5097076399962246
0.35569061215411446,-1.6814761254092174,-0.6652500210772221,-2.493781057578903,-2.2163889219222512,-2.4018800560185554,0.5740626904144578,0.5465034836853988,0.8479918171328011,-3.46125035240697,0.320863688157536,-1.0931085858337473,-2.305283201965696,-0.58333038219857,4.248281169774963,0.8913786381878657,-0.3650540836011043,-6.949237302920969,-0.28644994087814507,0.9388916895496192,-0.6352580515288899,-0.08479918697011471,-3.0932456847123975,3.1198021744681337,2.012691364415564,-0.01474610147491362,0.836308037472494,0.1266019479032215,-2.0276544937632472,0.7479419947116315,-0.24150009391216884,-0.24084936596401046,-0.9742390762478135,0.16085122978727126,1.3293141381403382,-3.365171485004604,-0.5003230413974823,-4.422040588302994,1.4293911497286869,0.2751510881038476
0.6445616835616719,-0.4600155221017518,-0.3438686860288792,-2.7378098074259545,-2.210102586575899,-2.729931209354693,0.2568908686721737,1.1447675138361335,1.0780824462467655,-2.5600058795752982,0.43662532362310014,-2.1500802913482224,-1.8612139659986755,-0.8761740436005866,4.319798056874587,0.8515604899229017,-0.21405953070338166,-6.721330796125581,0.018359412310714474,1.4044747072210715,-0.3702534032793388,-0.31441656148573927,-3.3284993836072556,3.540583204736749,2.6069872672593952,-0.29085081521681533,0.9308193422483418,-0.07507130830288755,-2.2303927502270655,0.28218493611615375,-0.05928064111313826,-0.7786677418326721,-0.8567640816127071,0.31162176951036824,1.5877354229967464,-3.479108708664312,-1.1512469291642449,-5.571318114941811,1.7213880281784901,0.3785329691565952
0.2916627137587612,0.07106152346054782,-0.2484247788366235,-2.3879755513967877,-1.9621914505542004,-2.9124225094680365,-0.6808025094468273,0.7842197995500944,0.7519509850379804,-1.7850180563716875,0.7569677886792326,-1.5580973921126606,-1.3844265472539465,-1.064777899682541,3.5247667378788563,0.8143455508595544,0.31008403860504835,-6.3578428921278425,-0.4826385900404139,1.9235578522872552,0.2774091175646748,-0.35068720225790173,-3.260838589229844,2.9384155597758888,2.6643909021429217,-0.09146653755104375,0.6300371481182487,-0.49259947142379173,-2.2759779607113915,-0.6689268804475705,0.07642901487968673,-0.14932998706150824,0.2575000462116641,-0.5192989741378337,0.7488821423765053,-2.704491332421798,-1.0108594678803753,-4.185795512040083,1.3712422036953245,0.399341069884028
1.1519585786584559,0.49580932715528536,-0.12868326979990863,-2.011298040377438,-1.3471500558375626,-2.1194786600567097,-1.0988920811422531,0.23977721176725958,-0.14892715836113649,-2.0294237306407785,0.699789283098801,-1.7706997810428984,-1.981221834265632,-0.573629184687109,3.2011788929118885,0.08221901206353371,0.3979558774733116,-4.730268996138007,-0.36425052350472364,1.783845880794928,-0.7337519457074891,-0.3697425390258103,-2.785670126774669,2.1370851469587477,2.6266325575701965,-0.40056157472611403,0.6735581278069627,-1.745103733776384,-2.246302390919036,-0.609169911495704,0.6493429263875985,0.4643317505553838,0.9133842482768235,-1.1119540490356103,0.4428589372008672,-2.3637241832027236,-1.0503787540427836,-2.780911743695932,1.128530506537106,0.8955344830826024
1.6250101304377715,0.373119853261242,0.2692098060285476,-1.3802772988783043,-0.3966046817403876,-0.883006151362458,-0.8952293419242838,0.6577731744057455,-0.1130148712611016,-1.725676910209831,0.8351071130827152,-1.6490019461727456,-2.3889964092217277,-0.29229047850305956,2.6793288914151208,0.2886664276904357,0.12872540786171416,-3.2508489206827824,-0.43229250015551035,1.2080905987755888,-0.8048555919981824,0.4892919279204022,-2.1448193587153,2.246979989192226,2.053400570179551,-1.3500726995582357,0.613116141301937,-1.4914674841531979,-0.8362132616086405,-0.12723150527412755,1.1154119614586682,1.622280875602774,1.3529227337841414,-1.8978708447623083,-0.09246438584775196,-1.3876390302007666,-1.1834578526003159,-1.5877785710552026,0.8149783318921382,0.34940087768846534
1.7137538969679444,0.5526692791830932,0.3100074914001952,-1.459250005543407,-0.46292899810560184,-0.7768810526005726,-0.9899599093965306,0.5687489835530843,0.14459537059359653,-1.5294394573059669,0.7304540925977256,-1.5956944996703317,-2.617540471065666,-0.45683594756409124,1.048685170907929,0.6485209590570508,-0.3123055734894755,-1.8991666555841207,-0.1781715207178902,1.683509659858277,0.16384958315209014,0.7148441111081596,-2.1006959377671,1.7522826636445212,1.6874105962331813,-1.5415440594473373,0.4076384807263539,-1.3225618568582986,0.10896385991988697,-0.4305053766693036,1.229475215659612,2.2844364777875734,1.7128364606678974,-2.424617538104135,-1.026625783581802,-0.624864878106126,-0.9187219363767954,0.13079298376845355,0.734392320091823,0.25502712083325607
2.0306857250439627,1.205915896171009,0.6746173984037824,-0.6528064190996865,0.21085065942645492,-0.41975135520499757,-1.3310777913244825,0.5397771913559348,0.918604766261202,-1.1561854949252233,-0.0859983565449017,-1.4872266542836743,-1.8640765769494412,-0.3163084757519691,0.6348171393957047,0.07840701155521967,-0.6413500753240048,-1.4658035410331536,-0.4136721162459549,1.566590444736121,0.5209487419601404,1.1108836951135466,-2.357579524271273,0.7034179931423272,1.105381676394637,-1.5035502173532986,0.08952802660775402,-0.4656638140212361,-0.1524777314580344,-0.3883699766755475,1.4665097233023991,2.8527389939083103,1.909120713004749,-3.4455877987613417,-0.8865437241306147,-0.4444965275298877,-0.2694684823845713,0.7440098115180347,0.7707301804557443,0.3499718687745408
2.248321383008476,1.0367139051484033,0.7857507976870179,-0.29139858821021103,0.3415568868407636,0.04997736894820626,-1.310012010625665,0.3179248772949883,1.005149316751305,-0.735561722014058,-0.784950744164476,-1.563418142756064,-1.4692201702736476,-0.4260074105526944,0.1817498688476998,0.20238253587133764,-0.3938047065618889,-0.343495757784742,-0.21799718070521087,1.594227079006311,-0.4629472440444783,0.7947634761144992,-2.7802013944461814,0.07010532028842775,0.7774809024987067,-1.7882646053587672,-0.1350231300519426,-0.12328056067716886,0.3150676725810589,-0.1891011599597963,1.444351784433499,2.495370938169868,1.9262812630525958,-3.4864771543403097,-0.7651416055507577,-0.16076085064864049,-0.31877437301469624,1.532531664229776,0.8174882415034892,0.5490580338564232
2.2182139570615016,0.8277199632791947,0.713214899285122,0.4213046242145111,-0.2281096824163681,0.8082693729900023,-1.2396652233771952,0.2637027223007804,0.20541571534393482,-0.21418274865982986,-1.1281852376965311,-1.5562752979909067,-0.9905051230722265,0.03192670248172241,-1.2120173075039813,0.4232318412741664,-0.0700914775757917,0.4118535345116722,-0.2723232412837155,1.1888152884072505,-0.5336802994836747,1.196793737659042,-2.3705731995127666,-0.8098425428546352,0.7319036701144659,-2.176618208572524,-0.028817124074256056,0.11396580682493737,0.6991276908741785,0.3539253176398918,1.039983739973048,2.0927779513774274,1.29270962726975,-3.50170412261308,-0.883069974124111,0.5291149219233466,-0.13375983128660743,1.159374176998344,1.290786920032379,0.5065873372152481
2.4951817867067594,0.8303870193398448,-0.020524949801039333,1.3939472886289153,0.1917194615810087,2.095826475307048,-0.835604004509246,-0.8952186450418731,-0.9803118945169119,0.4983871162568415,-1.6885266787393787,-0.8447455510582047,-0.06777567384839162,0.46121627767197004,-2.549808597567656,-0.533353490156609,0.25916368412770097,0.7446822337920295,-0.1506330886504419,1.4701059635103813,-0.5430181635641037,1.3920203593777536,-2.378030137489239,-1.5692901133703443,-0.21951267939669683,-1.7602221472455268,0.5606990327186855,0.9283230457872378,0.9001747074918918,1.3880548122035068,1.1620121102158536,1.8684297405625507,0.6426218854710379,-3.7854238295753007,0.4426831279263056,0.797947949743371,-0.13958351231601288,1.7271898843629634,1.6118217101346122,0.24774279652654
3.796291413410183,0.7151361748585785,-0.7157384955665955,2.376927478001966,0.38433860163780686,2.6047941729726283,0.409877107204108,-1.5593887439424285,-1.4661767417639047,1.5258088480888117,-1.3373213724248554,-0.7827168845642443,0.9493292170827404,1.8453806555686632,-2.819243366694614,-0.2948362369632298,0.5015679373060352,0.6713071882212367,0.8238523691509487,1.6274752251745643,-0.750727326740111,1.8783405811264258,-2.0957801312541835,-2.1402600662694953,-0.9206818309213989,-2.0907681621297636,1.0153629930333647,2.1402452148766704,1.4086787150709124,1.53184414719211,0.9069883421362884,1.7468683651458798,-1.0359034549075894,-3.396085783168899,1.3856333868507493,0.04574747429863829,0.08395022673927494,0.8545302222324824,1.5763955737341018,0.7119480506850819
5.609794679561904,1.3644841555669995,-1.2471210128165222,3.565447571681511,-0.6294115697794183,3.0458771780342935,0.54413774716372,0.2318143104974293,-0.7244399017371784,0.6644739743410999,-3.4764314207884466,-1.6314967785531949,0.7944499595024498,2.450442267948214,-3.8519726615207355,-0.18105045481014198,-0.551500276953015,1.1406591186008423,3.6392822940493126,-0.13850291686900532,-0.9291807581755998,1.412149730462233,-1.237286220714607,-0.2869014194540528,-3.425347582054189,-2.8623262394391613,3.024761951612504,1.4347178751869374,1.0655718623096246,1.3733372934330559,1.8419602295792326,1.151509925251343,-3.325466811618168,-1.4534330990187736,2.8462396674697903,-2.0435561092331715,0.2619337770063868,-0.02270477129432441,2.9359967033898644,1.6048125689447432
4.0967834214245675,2.6599070525561883,-2.449683933273162,2.1834475670272395,-1.3527006020183372,2.292446308888107,0.6729917893098765,0.43154820010037487,0.702831233763947,-0.10763621157378078,-3.36338985778976,-0.6316313681168295,0.351816579543754,1.9261624407335654,-3.7423579430841523,1.1609879581573332,-1.9325524432291763,0.4714177729205442,3.01003505882062,-0.8216960366417163,0.7526902133336404,0.9918166368701689,-0.9610439203964353,-0.7769030566558114,-2.5181460969253497,-2.8432208658238785,2.1532528678444254,0.882023755177686,1.4380067806606718,1.1190703028518367,0.7097749747679332,1.3072484651789122,-2.1602424783065013,-1.1751889284226997,1.1012520360417433,-1.5945986911913965,0.3557219102253063,1.596506993161418,1.5196459717620923,0.38747725308281444
2.9654061952594364,2.675066515878595,-2.14680305561341,1.359028083039968,-1.4247635650904258,2.000660526035918,0.42770426779282544,0.13741916888393826,0.3036574855436956,0.296537539212539,-3.047325984355121,-0.38384351353004753,0.37649501919069533,1.6335205516384725,-2.363484602854979,0.6040896698031668,-2.2938095015049957,-0.34070622517147586,0.457533879562956,-0.05817270699020821,0.95998303466141,0.7259762582146625,-1.2937925466253635,-1.5347863110867381,-1.9098575439810455,-1.7847735016166895,0.42935623609141016,0.3815033097214866,0.346726328350599,0.06520968422999404,0.3213329400173607,1.1951786567420897,-1.0026245165178889,-2.0831402808943955,0.6004182874424235,-0.8785516051908154,-0.03727862079988056,2.8288396059078513,0.7739291065462254,-0.2626391755743185
2.0892416104881066,1.8687820627117735,-1.5545401848261766,2.2609620781907385,-0.802005064523977,1.7521385926779238,0.879848729705785,0.09581380940283224,0.06283493933145082,0.31030783785319016,-2.6106534844554328,-0.33809011243095,1.230367068541495,0.9685704624765322,-1.5221782351148792,-0.25577927575160964,-1.7093173124457641,-0.16840193571755516,-0.8306049804608389,0.04418233425272089,0.5567488782026492,0.8607507273796284,-1.4179619407542436,-2.492580612300486,-1.8526146328811195,-1.2661601920005778,0.051139770335656975,0.24182062571368668,-0.36613985858838916,-0.23365505735433234,0.05669144570765622,1.4981038850278732,-0.6436161217598462,-2.582840300801481,0.38323872294186956,-0.6952582383618804,-0.7714021427985831,2.8346387852169954,0.648431402038152,-0.6911126232683953
1.924246092524845,0.9272109829272672,-0.8159736796308875,2.287071025739358,-0.7141515190026357,1.1938427101736169,1.0032611098502364,-0.19893399168439221,0.23195759789360332,0.731582292217815,-1.4803992743711476,-0.5628040194097974,1.0215843497460975,1.5283348496321392,-0.737601489904514,-0.05613123686121879,-1.3560990103179145,0.13609690211473666,-0.5027177016427553,0.05450944163584903,-0.7815688438353988,0.8313188197460285,-1.332780135915517,-3.0369739790718446,-1.9546421303820962,-1.4140004840362306,-0.02002883336921385,0.8002667464320278,-0.10455040451769912,-0.42850638718737544,0.24429920150577544,1.7728932779096733,-0.9832417222158486,-2.680983792423818,1.0397369183785106,-0.7727898341753818,-0.6025506730738566,2.3638054721132367,0.41472378665437704,-0.6328062518730797
2.0029306378675784,0.3806537714487003,-0.43561274554546775,2.160673020936495,-0.9192831847841338,0.40865114579341616,0.6415156694740407,-0.3043607852907707,-0.14586387147600077,-0.024506812567581415,-1.6245766994920179,-1.2670617909943398,0.5495034105989226,1.2330965888094125,-0.5465219900322216,0.2377888696058536,-0.9426937351390873,0.8683054373097909,-0.10671635277680526,-0.495837353280928,-1.0269590768299526,0.851730527719894,-1.169400184585116,-2.482604613510196,-1.7334441269640872,-1.6413563689941515,0.7116005094091207,0.671899304658427,0.6099911458174402,-0.01315188829343445,-0.6646037303138861,1.4767936745277483,-0.7674349203623227,-2.379102074406895,0.8963923689070714,-0.26651181230196175,0.5280218070214938,2.31768378484188,0.4743902019240311,-0.9171290229088729
0.16929313487900718,-1.5840460693916791,-0.23338071244220704,2.1281383481537173,0.3504183677709054,0.0957183283667595,1.1566943140645096,-1.478739975994914,-1.1993996545031544,-1.2685465555939104,-1.5904837825801532,-2.785831414070015,-0.8059186608849928,0.49894211209107536,0.29961992327875636,0.8816576946011634,0.005502340608541989,0.5772157946591457,1.029386197201645,-1.1906344395967066,-0.16141359659600193,0.6263758624952711,-1.1508622560369697,-0.46900968792659725,-0.508564696367624,-2.9183815942698206,-0.3822138119712862,2.29308738776915,1.2408789843068349,-0.0032648030939698564,-0.20506459103456698,-0.18020216959430263,-1.5413631627343019,-1.0785535863355113,0.42391464889272124,0.36078530978671597,1.7008646573404884,1.6172051750671532,1.3246767944005975,-0.8525567220213937
-0.7461740181873668,-1.6582976947674828,0.3747495888369165,1.0262047313137348,0.3567575514793445,0.5907731985053872,0.15766109857151026,-0.3430240082677529,-1.2538245999114088,-2.4489048511250577,-1.2802783707531649,-4.187725091888234,0.44657095909966515,0.9684185410325336,1.4903481546485435,0.560165789652086,0.42122128433849926,-0.11063081827994639,2.4850834659801886,-2.6357916599857,-0.7898944266542016,-0.08326136672387002,0.4894141522832112,1.9025766451184385,0.2833842710516857,-1.3688286054364651,-0.6478525652950673,5.025431819023095,1.7953083372886813,0.08912058221097223,-0.0187632725432616,-2.185279382026615,-2.3796029023689296,0.6905284519345598,1.506654486616245,-1.0666933142262862,1.7524355829255516,-1.1006655798887328,1.7769976716029947,-0.8308294963977545
-1.4151371294979231,1.3906034892341155,-0.7057649589602817,1.1214538603781634,-1.7004598323655324,-0.21795620325297188,-0.3938745461696421,0.896536706779963,1.409724128035987,-2.228823578229759,-0.9456919376234137,-3.8376138958494717,2.7794717814650705,1.1322378443114745,1.069979313602346,0.4452564785085158,0.8775360356428841,-1.6239975705765684,2.402218075800578,-2.7070087561439675,-1.0129856601344003,-1.2748032076606561,2.927018275322772,3.4942580199465203,0.9355786280490649,1.0921424819175667,-1.8932168513746905,4.693245129106348,2.35481930180919,-0.4622422869444535,-0.17315402141160485,-2.4130401271532476,-2.7351122466356923,3.0203405474968354,2.079361328755984,-1.5716647998761546,1.0861924949023845,-3.012246681438158,1.7238983083396664,-0.2207347088411204
-0.4163520975126976,4.19400813429475,-3.039403189188537,2.936855350171711,-1.6409651505691651,-2.0317830834798167,-0.605472557968815,1.9115974302945282,1.0341163680709158,-0.3483531505399194,-0.7837300440348226,-1.1295059511195007,4.838473805525623,0.3980100661965374,1.4207637363807701,-0.3994203201843223,1.3587279218106234,-1.1007888943012119,1.1483932917050415,-0.2802879034372897,1.0082166698601442,-2.1720716535908515,2.946483648732432,3.2370972555945983,0.5525755004810686,1.1510854337952343,-3.384251930947099,3.595338049035922,1.4646519765183772,0.0925703629011847,-2.782137733621158,-3.336245897393904,0.28709672690197685,3.6015214150507777,1.9282212095381985,0.21412014384903139,-0.012060519805617342,-3.725202365229645,-0.3863129909482569,-1.0320753812517829
-0.08154547399779774,4.181112941970682,-3.316563128470992,2.407507441445679,-1.102419206651465,-2.7482217815069587,0.7632607588637164,2.34452098270311,-0.21002926728515153,0.7710874946539317,-0.22682272045653343,0.45607535312058967,3.565951594746335,-0.16229549097985319,1.3558107708179898,-1.1139502375508354,1.5029087388682398,-0.7296598292046013,-0.5760000458912302,2.226600055321391,0.9308027608474402,-1.677606597210532,2.5606040309085154,1.3760910822196954,0.7548009122389575,1.4076756053522619,-2.92790316780879,2.2705603622801225,-0.4791693662791784,-0.8710697813562784,-2.8650138879567875,-2.4916536022157283,1.7384186226446072,1.7582432640406647,1.0103784679610097,0.6685538566965712,-0.38774517596937885,-2.125143240789749,-1.1948661447786701,-1.2273516542040674
1.0141257505435362,1.6415232731308655,-2.100560050072281,2.0397870815728454,-0.9792530957925318,-1.8212681102350137,1.407633447652843,0.8029582909298202,-0.7682267870208384,0.507973118010354,0.3364906370703705,-0.028330138621350406,2.1516140086942466,-1.3064419506732112,0.9009031525976338,-1.293369183940543,1.031618754260586,-0.7790432436993384,-1.0190168553697614,3.758639144202808,-0.13884027500419116,-0.9563066979829817,1.8162389147872806,-1.3811300322353615,0.44521680542689124,0.5609641804868988,-1.5409984725010666,0.9628227691432407,-2.025062572151576,-0.5302497361500635,-0.9180889989578763,-1.6516063813881159,0.4541380276274763,0.31511826717801283,1.1229704727199463,-0.5276644899593392,-0.47681181574530085,-1.4635196625802815,0.27313587821906543,-0.6361271159627249
2.2539200044934296,0.6512681185111616,-1.1348641064754543,2.341721641614301,0.4064504748669649,-1.1148244874616413,2.0762802679010695,0.4271920502662747,-1.2303976877665972,-0.18975004717421207,0.6724857523300627,-0.21125904580831384,1.8108299834722834,0.3586184201561618,0.7444922534154796,-1.8964567930658756,0.5297379570666697,-0.6485693277906873,-0.7130864834538971,2.8990222300033306,-0.8876127233749717,-0.018851966859788974,1.1020888604190475,-2.842251002377602,-0.011580822281540573,0.43801873224356,0.22297540348867628,0.7896385302742465,-2.359760337463878,0.425728362770673,0.08048846804163895,-1.4723466178959792,-0.43606709240553343,-1.0553248610239965,1.2649440725364736,-1.4091096499444082,-0.6931390826007352,-1.70338035269381,1.2985035373421454,0.8068675964379255
2.591656249841482,0.5931591241228874,-0.44270187410877343,1.887784616202771,0.026211944592150704,-0.48215347674070513,2.3650574253299173,-0.36228702081032277,0.778078435092546,-1.0748144862460416,1.0935183221149636,-1.0112401743626815,1.7560349795743255,0.4266466957450481,1.4636606516555242,-0.4909314519402271,-0.19140459166726043,0.0019125968705807142,0.19402556737817864,1.9848693267860993,-1.370753948479978,-0.11775836097373502,1.520071353530099,-1.507395609873437,-0.5507709878696612,-0.7890628914142173,1.3809602425514074,0.8833692316138853,-1.4996827115984561,0.21078851191223147,0.32809344058213075,-1.003168349842614,-0.6571574759287206,-1.5611569227723323,1.5606972566941275,-2.0351934711334687,-0.2553254969079753,-0.3297631299068372,2.1480236500268757,1.3880141540189521
0.7143802969217825,1.0592390753438974,-0.11263485211420257,1.3465008792422726,-0.5547176576026164,-1.6503941746219328,1.2799780569472525,0.794105681088783,2.157715726258704,-1.3382445301089851,0.473546719816599,-1.0478503216498867,1.239450476362368,-0.17296138082940862,1.2367840249400965,0.7295317706621104,-0.585413940527861,0.43059820313079067,-0.5577874847572144,0.8953967712590003,-0.8768312149519976,0.005731206542365641,0.7676842063921916,-0.8537448213710483,-0.2740550727760692,-0.9194532639506259,1.1813702182092487,1.5561399228598616,-0.6208597154134217,-0.4054964384767072,-0.06767208052571072,0.12486549855085483,0.22388024234401394,-0.6828104210569746,0.4910146682547318,-2.0376047681247202,0.41263871828971543,0.15974328588353764,2.1227185692692148,0.5376767125846643
-0.8913447492248339,1.0149907626354695,-0.5414375869513542,1.0906339130603688,-0.645397320329845,-2.0310119983749013,0.23754372195704418,0.9044996764957627,1.928541257137312,-1.7320270052397286,-0.24949174989671177,-1.016495933396986,1.009200271876557,-1.7414572174520162,0.792494261549156,0.5820172711011657,-0.9454940017933674,1.2389054616820834,-1.5113167521404756,1.008725933857979,-0.47624764620562793,-0.051632202652226566,0.4598370564627758,-0.7253493975391894,0.12202186669376457,-0.5695246637672189,0.4578509950711015,1.6074509421280576,-0.5860285055804058,-0.5820596160542681,-0.11013530848696435,0.058027951643131875,1.2182478591139496,-0.4851128989662701,0.1957591067393733,-1.683468393949456,0.6689023456074292,1.2108586160221013,1.7732514723439312,0.19275560252998583
-1.3173533995865616,1.4573117457671283,-0.41080482258723117,1.0137674204726663,-0.2942823532575338,-2.0734371301334775,0.004474105349948132,1.297255842206381,1.9374179459970806,-1.0849694491016042,-0.5388643849113912,-1.0093530237285795,0.8309538700484578,-2.475797682533172,1.166751789371521,0.5710258404481443,-0.9511601748931385,1.2404664158952665,-2.271797380829833,1.652351752740567,-0.20053464723765263,-0.1023872659511686,0.3557284214963349,-0.9637728507607257,0.20913303643610986,-0.5040472327614929,-0.4319043236043779,2.066207583795318,-1.0206957110328314,-0.739315753260461,0.211187703872085,-0.25742361102302086,1.0552635574288793,-0.19627323531388546,-0.02604575206683793,-1.4244690528079584,0.835601576234745,0.6459290398532064,1.729244059460563,-0.2879138288804531
-1.3844381858964339,0.7698729485783089,-0.20719304918597278,0.8234804138576908,-0.2743444677294724,-2.3387083814054614,-0.4202354891193051,1.1891403355222099,1.0503655628792452,-1.1102346072372058,-0.36099907004900816,-1.6356258828024735,0.339702636976972,-3.168670798779533,1.3231885070332137,0.11547807116980321,-0.8072695878086172,1.8433172014691082,-2.7452777914461564,2.275403320145762,-0.877906996828953,-0.20216248619008054,0.896526691109426,-1.2331654013111528,-0.08210055136483202,-0.6266527237369235,-0.5669637462495236,1.3077398341488908,-1.7005743177587127,-0.3932124922607956,-0.4652602970800527,-0.34662010871177673,1.6601182847699396,-0.15820868005149907,0.013991373469063068,-1.4718876301172887,0.43158167481577947,1.0226246754753592,2.2167210365194974,0.657284970064334
-0.616736249546019,0.5081818279590589,0.7386974673784126,1.1816116239164838,0.3261966677651522,-2.2808424496365554,-0.2263524467789351,1.1484049368155151,0.1486989510966905,-0.28401218998772304,0.1150962251878287,-1.1280944941946796,-0.17101903246611977,-2.9032829969174965,1.5418303343493338,0.026539018307086805,-0.9825460947160264,2.116012585350285,-2.365363363798596,2.080358881194198,-1.2170156686927585,-0.10826231342423795,0.5422801499755497,-1.642198281748874,0.36302862791976037,-0.8389588550350285,-0.9564083649514619,1.5509138563975722,-1.90784058654017,-0.862139964793755,0.5250171949802049,0.49727748167787095,1.1900563399929343,-0.08051300712623363,0.7807907138307285,-1.459872087254076,-0.002262154902154173,0.8873332730633617,2.1214839927921876,0.5118386632515289
-0.7786226172548012,-0.05491094644802932,0.3555676138081025,1.709376962037179,1.4936746694971816,-2.103491087367226,0.21637241567853255,0.6958270370983475,0.3114692799894892,-0.04141570004579016,0.24117613246538877,-1.9346699983742919,-0.5366493400335642,-1.3392193681939342,0.8182311141294132,-0.08303736482186003,-0.7203787295584683,3.087057080143492,-2.5074249756919746,1.0510062448876172,-1.3792389347718388,-0.09452315520811695,0.7092665530527407,-1.457305388566391,0.3679480079209594,-1.7572357195359316,-0.6447535270770133,2.254535678246325,-0.7733424135601491,-0.40102588236262,0.29395550033578,0.49610902439971394,1.2219286614476175,-0.4028229579003211,0.5253309964542614,-1.1545565279958474,0.14675707596309562,1.385527017381499,2.653411981062557,0.7108986746644661
-0.8135368826474634,-0.230441820293401,0.5105715676632442,1.4167483212696994,1.1511281824171136,-1.4491583350086747,-0.5691917406453652,0.30686767294899714,0.3173861663712787,-0.565459825332026,-0.6301518560302953,-2.2331159142876515,-0.6260052190856448,-1.7091739683036686,0.2005288431647343,-0.21804907077022212,-0.36310284439092855,3.339956245347554,-1.6364488908433565,0.6081836153465874,-2.0571189289429688,0.38067566779204465,0.21345934007877607,-1.2572955563815995,0.27855694962800603,-1.9815626208108723,-0.5483888301722435,2.8101155191610774,0.2952295062402701,0.4016218612239565,0.02382556157815241,-0.35680295749706326,0.991820785945791,-0.10909694882754206,0.08988060446997737,-0.8172345393345741,1.0783263685849986,1.4132403523879957,3.0727899468536854,0.6361926737329344
0.7149792738770131,0.9066256101439856,-0.3990548877656078,3.6513548787611967,-0.9166668215150021,1.13018850842687,-1.3770825219290002,1.0910862681582796,-2.3433889675973387,0.10989135647717119,-2.5585531054187505,-3.1967482507775338,0.6890129348104924,0.06712412320267003,-3.520685115261524,-1.598460078663815,1.740763365522234,2.018785453080564,1.059909087173763,-0.39042818762012876,-4.391705819896068,0.31458837159444053,1.0864344469269338,-0.2243563531312616,1.3101759309892624,-3.042431969062228,-1.6390228626738945,4.853166144924068,1.9139588254267954,0.7743336770059865,0.5300748336369319,-1.5892824743558867,-2.835835508963409,-0.3617837474578372,1.5583554639058184,-0.4010125075268379,0.5932586483223198,-0.07807611761877573,3.9203538506030253,0.9099456191772267
2.944088203827772,3.282714526472518,-3.407847683603463,5.986286195543126,-0.666552611679503,1.8785011928759356,-0.8393342468070757,0.7992240477828767,-3.5303097368565153,1.1952454828944674,-2.723653914217254,-1.3638042134501898,2.6325187170415836,1.0964344034120912,-3.942795447715897,-2.4704104476618975,1.785925739660072,-0.7338698869044707,3.145162608040496,-0.6343111398480723,-2.183443766076498,-0.5946770328458761,2.834320471884683,0.3513661304560525,-0.5608939066476312,-3.798221261514232,-0.7409140620229824,4.672458877578719,1.7099281359362317,2.4279073201448194,1.1702482689661409,-2.932645885613245,-4.279912281114671,-0.7581818127087342,2.0459151235532023,-1.6134794019413363,-0.26954760625026475,-2.0217545441434006,2.7554986508430845,1.0306145876112829
4.11718558906142,4.049623986550472,-3.9730817228719393,4.6456569287652165,0.16826546834401374,1.875268620132388,0.869099197103044,-0.4029429497457827,-2.9247232423391853,0.9708333200276758,-1.651988693447468,-0.10612796609730507,1.627971474967342,1.2522445504770734,-2.834099544911336,-2.3637779441324667,-0.30208952244490667,-1.4076988531942847,3.0216375031706315,-0.027603612513969256,-1.254682181850186,0.043734372183381,1.9962102829212438,-0.5578076565339751,-1.4126406526643784,-1.8099710072780346,0.2632363547106634,3.350019702329679,0.181938556614182,2.3590260317249605,1.020712077647795,-2.453177073211945,-3.3776209257336234,-0.3067380537116153,1.482074844518808,-2.004744732554339,-0.9789271545451081,-1.0232038879735532,1.7561876770394071,0.9213946999780067
4.343383629369654,2.9099275623563585,-2.8730974005127994,3.661831793432272,0.18103498956399405,1.1999953913079602,1.3959537736270737,-0.10723246870644602,-1.2467269100673257,0.03600111982798848,-0.7406729317061407,0.8068809032761628,1.0584035249694468,2.027590801060277,-1.2790068574398834,-1.1638559731208131,-0.362099963792603,-1.3366419005491013,1.850006831692307,-0.6438673273211568,0.24235168662252782,1.0572796640238185,1.2341337493826445,-1.4441035376816718,-2.010438752276495,-1.7945881705953828,1.0798822153726788,1.674645601762958,-1.039903560636446,1.8461513280090043,0.4954483077593191,-1.6661760562178063,-1.9996257385667777,-0.8121232978392927,0.05293537862599894,-2.41143199143227,-0.8558292504116067,-0.08612670511044074,1.0525706435043212,0.8205330762198294
3.7180694244992347,2.2073409427802053,-1.3313252813410368,1.5768372502363999,-0.015404574113721092,0.7443044401596335,1.2633594873759229,-1.1112965298241138,0.15444651429309125,-0.8585707067829926,-0.1680321908424581,0.898393019755295,0.37847523476493766,1.822547693652449,0.3171343809895233,-0.5739640652575182,-1.1685045357293837,-0.9730188997344242,0.40216390921088413,0.08393816225536652,0.6840935917193214,0.7161291961267554,-0.20933192082473698,-1.6664656694961448,-1.3132804653171306,-1.0547097481868537,0.3360140482078706,1.5048831791465367,-1.301172313972089,0.3901764157440255,0.5836368431015995,-0.9481728912165057,-0.7188638421631606,-1.2923934442174971,0.21644370303371216,-2.081501557501703,-0.9571561898674441,1.6231214238096416,0.9990613812795107,0.06307504493099253
2.5783191735663826,0.9987918783691537,0.11621315228001095,0.7020235243994866,0.06372006022518367,-0.3768828157146352,0.9089966394856219,-0.6108936175139347,0.5116257788611918,-0.46904252926080875,-0.27306105125231767,0.4117592716042188,0.707837412352524,0.1506969349914804,0.7205842611459546,-0.33587130346757377,-1.2482382630782716,-0.20863071771905,-0.8466426587106713,0.029878026602377955,1.1655988815976557,1.029319681360166,-1.0238566689313624,-2.1111129950943295,-0.6931933833017653,-1.061755077219895,0.18488778224934205,1.721886791836435,-0.9432027829355927,0.3316032546635017,0.4565403250450493,0.11837987921902933,-0.30961205865099134,-1.9839182745402382,0.41507059835518895,-1.6054704754524998,-0.8731677829468697,1.9165754211458925,1.091572713033479,0.13382313421751757
2.28409502789918,0.638764434721223,0.9813498124337986,0.10141977179805634,-0.07624936518393816,-0.9804226285804902,1.5261401746084715,-0.414321255527631,0.39977573381783993,-0.7725613207666888,-0.8159438777866951,-0.2692779037366694,0.7246056975904897,-0.6216761446652781,0.7336730222532968,-0.1102370193828108,-0.5489035007817242,0.5379144235287896,-1.5224436618149086,1.044566448755781,1.2452918621693807,0.9198532804890391,-1.7166560905092876,-1.848195681728195,-0.35490091612518015,-1.9294883499621878,-0.5806295561846737,1.1140184834526297,-0.8939393977678173,0.21842074730110897,-0.0290887915523306,-0.8603247517443458,0.6198402828652152,-2.4993988344445537,0.30852775588281967,-1.2007353420834357,-0.9176491493362421,1.137938157351085,1.5295160458938715,-0.09477544190005696
1.8029499479207922,1.264941343867584,0.8963374466438017,-0.364921009330452,0.6972777765495654,-1.501921921477125,1.0159718190985754,-0.9712324334806736,-0.467030745292478,0.059222724626582145,-1.16603294756039,0.4384159327856681,0.9380337186301098,-1.064784901271126,0.6584742126131655,-0.7654055042710668,0.15333921889535412,0.6106774187327506,-1.2501026364783636,1.4660871108364697,0.9513914113412282,0.7293035795199792,-2.076155129128671,-2.9459682304072143,-0.1516819397019689,-1.387073354159641,-0.8502102288852345,0.20136519426623667,0.050325322460611416,0.4403588182728958,0.019733456118185333,-1.2625015458350086,1.2995176140939761,-3.147831621207794,1.3857123043003583,-1.9733875523141213,-1.1464307854191156,-0.3513504430419706,1.3007467650260733,0.8974433882588368
2.118683172348092,1.0142590678540788,1.611851706083492,-0.3437794185010177,1.8095961454230358,-0.3938159007987805,1.1597577828166266,-1.9770461678360336,-1.452828502953177,0.41429690680613307,-1.1229577908065855,0.5007828378585412,1.4920442500765438,-0.1882737678793675,1.1082546346468056,-1.3192081510307814,0.5338453757122255,0.9357275001651063,-0.5817027715625236,1.5506660308973035,-0.6052962861448355,0.1325969656439634,-1.516494628283652,-3.3182571579415803,-0.04123424685726666,-1.168540387965911,-0.5948574012380392,-0.3850145751463041,-0.26797046531731783,-0.10608750304268649,0.26669017287265007,-1.8635408028297824,2.153220033789077,-3.425614099753568,1.7935894163320305,-2.372809894640384,-0.62230641099227,-0.7970713459558997,2.8538074272446172,1.3132430428926114
2.117352674077732,0.5419626200824369,2.0875503871458165,-0.029916381679442508,2.153236252799874,-0.28730394539056187,1.4549061912198005,-1.0653848491335387,-1.1746275765493794,1.2941956254717681,-0.25009447933009765,0.13342228673127043,1.3270640901098967,0.49469019868393377,1.1098592215531744,-1.2047893191547958,-0.1395744477582525,1.8121364716596164,0.3817937604013867,0.6833951704976694,-1.1245940924076439,0.5716156410834631,-1.5284506110381681,-3.329805170931411,-0.2755910450536434,-1.4299146946942956,0.07071706440127964,-1.0307782909689736,0.20928012588015443,0.22961228953673785,0.5744641896422406,-0.8334784754148805,2.1384434882737304,-2.851368933129031,1.070859165214622,-2.816171590746492,0.4578925274676797,-0.8111135023182662,2.9380912748508297,1.7861377303114865
1.35129077924086,0.8699961911392472,1.8609175371263613,-0.2764066933169157,1.0387971563059537,-0.636367134937726,1.5907733740693042,-0.8115165606348758,0.08748416179288447,0.9155234340652034,-0.27291707451362596,-0.19552212882740846,0.5780055775885773,-0.056008490440434044,0.8595495100322059,-0.7972090609488307,-0.8281443708807118,2.8288628700171734,1.0342421607980807,0.48379154046651174,-0.8902986244006461,0.30872011648313524,-1.4138172320589928,-2.5842025122202297,-0.6046189593290457,-1.9876441372851041,0.5249196048972179,-1.5379886701608305,0.6783596263725211,0.661045165590674,0.36802048969585993,-0.24164905663857977,2.844194370918124,-3.0450569493663435,0.1902140778184407,-1.1353880894186361,1.2264528501897676,0.8758284768585733,2.3976678351615,1.3420528694964151
0.5581780143794117,0.2834557370807605,1.406209208574106,-0.1682777344188597,0.4845401924843576,-1.4909378352720808,0.871574388013924,-0.5004677108618981,0.11442982606807112,1.1015671139615222,-0.8840811414496021,-0.06359554452432295,-0.22211913411805623,-0.5178157739011976,1.0844449472509763,-0.2222397820713455,-0.9664487550659631,2.664736159197214,1.1397077358608798,0.6222912936181728,-0.30614124755395467,0.241082332027157,-1.2990647677104081,-2.605631135404682,-1.265750893009228,-2.244143492424943,0.3450360067958671,-1.7578859966091906,1.0475165824034438,0.7668923461209706,0.6351339443102043,0.5177582614593308,3.2724931682579497,-3.6856021961956666,0.03419752375045634,-0.39020214231038997,1.658474708787272,1.4835820947899636,1.6852804423982004,1.0391031885113353
-0.09175803106868584,0.097767531931373,0.6849419396309921,0.20473410463117075,0.948988481684163,-1.3573613101315325,0.8481074230694168,-0.9160053138080223,0.04624536511176333,0.28469528135024935,-1.1773417323096858,-0.44335099485956164,-0.5943732495576648,-0.840729004136841,1.3624278024942995,-0.2876352163472058,-1.0066431874292452,1.7898817240636735,0.9092896875054529,0.7393149213378984,-0.3790565288687033,0.447026304807949,-2.031044894016607,-2.2336094296687907,-1.2714896799682007,-2.262302681456001,-0.10092319956596608,-1.3330785218778218,0.2477885482117665,-0.03827008741811415,-0.07258064609896078,0.43591021868366053,2.82155919211431,-3.8882106523497946,0.17192450350676824,-0.09751524562452396,2.498248165866325,1.8980506182276033,1.9397526362617477,1.2067852635474974
-0.6486794197739892,-0.2515970930899859,0.5243420223319037,-0.092118207639859,1.3739085891139389,-1.8942853995181126,0.5780437472381381,-0.5122935893699501,-0.5849604122269905,-0.8930541392949871,-0.8356948121100072,-1.3322578024842533,-0.9617348891305191,-1.4400360637451033,1.7710196487417733,-0.2576601173235003,-1.558197104159901,0.902684795225833,1.1796983170712105,-0.3961840271118217,0.2934677762813843,0.3155370447626237,-1.9068877481434483,-2.0222238429719157,-1.4187878858819243,-2.3688719074196847,-0.010216840610362043,-0.6443538510209936,0.41405363741468465,-0.16031699570264024,-0.22304897537130683,-0.3963023994631016,2.4561152396729278,-3.816218713004287,0.6456892330874676,-0.7064744897912523,1.89158431537687,0.8636188844486995,1.902671025636736,0.9688111326851618
0.1484874896632697,0.16885637517848842,1.3793826278118888,-0.5160353543130811,1.4964132644075756,-1.7558504837567657,0.12158988884361233,-0.7770079384100252,-0.2930097702049144,-1.4277745194126303,-0.6285236904684413,-2.2259766144325415,-1.7091913963313998,-1.5281939482732971,3.0665804481252863,0.5419990639081667,-1.1614484478022045,0.8845799350337823,0.642539289905447,-0.03050257963919356,0.5078649886801297,-0.4146917185610913,-0.9335804956992363,-1.8595583549110126,-1.4132188138718391,-2.199803235160606,-0.7037298937598992,-0.1707597354643679,0.17315180847017225,-1.5110911798628803,0.48673732790786456,-0.6725773072026761,2.7173660176387675,-2.63002913825081,0.5904527996739458,-1.019670741330391,1.7134681378076122,-0.31610978478572654,3.016003937488565,0.8949072888934273
-0.8336647279684872,-0.2473159706347272,1.4072230147380391,-0.6875069739611956,1.1143982579300606,-2.0728332038014825,-0.04492287603611067,-0.49128910517092095,0.30451247595570513,-0.6259017057542656,0.40105635448217164,-1.7372130140099813,-1.854793243913187,-1.7320505855520414,3.041428592661193,0.8251323211818093,-1.6661503138662177,1.8390987943959807,0.44895214988644405,-0.27109908345265876,0.9724594584153746,-1.0917052145257635,-0.963861081593923,-1.3279058355595288,-0.7388755146425566,-1.7018138721813285,-1.7720712609484601,-0.5336594493262892,0.5984977026980882,-1.73753036018869,0.2785366535916218,0.44462215466829846,3.129479310347414,-1.6610139121798004,0.3339933184029907,-0.8119193624880452,1.1799834339588757,0.40816041282255006,2.2006268871553614,1.6473381839794714
