-0.053383598258101225,0.41978365492765823,-0.8037659085244466,-0.3796282930637932,0.47776378890891386,-0.47657250079304836,0.17234456845214172,-0.6272301824536409,-0.8533642988433959,-0.7322007540775712,-0.35205995917966837,-0.7644344451848017,0.056267976661717276,-0.4839909468480904,0.18368776445218135,-0.7793320137952936,0.5368642829739151,0.4870380109604197,1.218765424117938,0.062238233455340755,0.6024453904980707,0.052148497205944166,-0.7844612620594443,0.7574653756462997,-0.32263708774501365,-0.1920460679346468,0.3685878603142033,-0.4075864769906551,0.30383204084962534,-0.030556695325088375
-0.18354802379081972,0.568240177067091,-2.170234077777964,-0.4156892830209965,0.7435407831942984,-0.4672365841619347,0.7325175470632647,-1.258098225279693,-1.4064290020560102,-1.3572218237194538,0.05843341308583021,-1.527493513260749,0.07191164399040383,-0.7022672778168203,0.7484692605956483,-0.7053468590889487,1.365324270319059,0.44531512431197373,2.5150709566762224,0.2327400879744399,1.3458617621122873,0.5314849844241228,-1.247035680192116,0.669858214188225,-0.07985649979731452,-0.05616476004668867,0.8574309895642017,-0.3902614038385256,0.39272597651798197,0.22505179345807008
-0.37343925950703405,0.5579450879036706,-2.6742444850119402,-0.5669363856448068,1.1537461247587808,-0.2907648326196499,0.7827868901758099,-1.563753735436197,-1.565823999012637,-1.2187334074798326,0.12028439637901034,-2.127039067065093,0.03713824510138926,-0.7864062175884169,1.3811112804449368,-0.029182306874511676,1.7233316970638555,0.29511428897766334,3.1091310764009092,0.14367604310464327,2.2730696096307237,0.30876880452029315,-1.6048489297461088,1.159027004345726,-0.09885291354745546,0.3433691552895636,1.488423066466649,-0.5689518869796004,-0.024216998478165462,0.6301152865684322
0.33411919938596735,0.8921620502501395,-2.648233280590542,-1.128589850007675,1.0695922175909953,-0.5525589666943931,0.8124150243816293,-1.5965540089429926,-1.8748786434457883,-1.9113297215697553,0.5321512340076077,-2.579963217602677,0.6546864622839296,-0.5701985835346588,1.0567547658678305,0.20388973759077175,1.1900715629377743,0.18503604888181768,3.7912621273409193,0.01647864289421369,2.699589674674061,-0.2602294467842424,-1.5880757910921313,1.3779250071984626,-0.02826119381118579,0.4337426835308932,1.569486900887668,-0.10642256612944151,0.4237517422868936,1.0180216425075936
0.3975991596004693,0.9020554492205882,-2.34580956850087,-1.7854323511656576,1.3293444781065324,-0.6329228027623697,0.9537566597907412,-1.666406858414183,-1.7447047732924865,-1.7979327567842118,0.5774444637931236,-2.6152897093437426,0.9231003935915983,-0.7119332873326918,1.388911409471015,0.04363233923619203,1.0734676642148506,0.4436721563552954,3.753934361733716,0.16620091599784356,2.1900498802851334,-0.5098197883825543,-2.900337338851125,2.310250715641082,-0.32309392564510925,0.048670341973306996,2.019732955117068,-0.4044417090802928,0.5949282292572442,0.7053650530250104
0.9257404524153894,0.7184659919710249,-2.215301980297491,-1.6339066008917893,1.6499394210471308,-0.4354806123576684,1.3745435978586669,-1.8942891550902359,-2.6094968379859624,-2.061027013823784,0.5188970347984818,-2.873410304663438,0.5006207534444993,-0.6952265003492669,1.6337566361232185,-0.03134626779170263,1.6639556052565325,0.16698240196253686,3.9549809410476477,0.4048978036863172,1.8547217414408566,-0.2630209769469798,-2.870513290039153,1.7674182734613426,0.4055216456552965,0.059280875784789036,2.212629754578831,-0.02253076081945604,0.27556157784226454,1.0757747430816476
1.022130784926426,0.5253760134047563,-2.3837942790512896,-1.7423793475540295,1.908542832221665,-0.09682197807928608,1.3345515145623505,-1.9754151568164726,-3.065105930226865,-2.4114622871647926,1.1711821257850934,-2.483438326394901,0.49414051351797034,-1.0280973737207464,1.3609350710985042,-0.3833630181679638,1.9979534889240123,0.5337400018608893,3.613325914450386,0.372259698046953,1.9057124212777445,-0.08477251536924332,-2.874312916179223,1.6677762000471934,0.5448170394593305,-0.2912360983430328,2.1451778391137055,0.30602796247712594,0.5228077498838398,0.9685708650841133
1.2495948125129281,0.44844980265626344,-3.0508941160526892,-1.3814803405749085,2.0655058200965755,-0.21512244264205468,1.3678700276687048,-1.8670487929694048,-3.1522580948971886,-2.77231328900701,1.7836954512846372,-2.309812465211772,0.35054600145232157,-0.9439762956426848,1.0791599769699114,-0.2725759711881296,2.1684136344785285,0.45182960325350946,3.564756623677336,-0.012973475307597071,1.8584899374074968,0.6840672200452996,-3.6025994189343717,0.8030260201736421,0.18314644119622167,-0.48071260632426893,2.0342825929513597,-0.2632245161176768,0.4317922993678123,1.101180977414243
1.1932159688822939,0.2813731446567545,-2.5491341015815614,-1.856886659528386,2.1209509771592807,-0.4294208980960295,1.2716980628728305,-1.4707697818965217,-2.964618913093602,-2.7684377433758396,2.0382105903179797,-2.1411088365809863,0.6145091011970218,-0.7912410182106104,1.4391724506040167,-0.4755553732281098,2.2878264428573227,-0.250930177558476,3.6010270970626395,-0.39789759380426093,2.00137638868791,1.311424051202891,-3.380034251797433,0.22892627877376875,0.34149684400603053,-0.5519219434520328,1.6889668575468928,-0.8734048795515847,0.7356669245298731,0.8113531964689429
1.621186018501986,0.5874439648893302,-3.230794087210061,-1.4839078337942628,2.3308365817581644,0.5071609087049102,1.3370402934870576,-1.4001327181130134,-2.8598129876910217,-2.637908162425481,1.3188670376238802,-1.6063485124694192,0.5037622753751049,-0.9103741665556884,0.9842585596971932,-0.27512341417437236,2.0887484598988095,-0.8968479369992757,3.4411354539986014,-0.2664974754317317,1.3704608264256002,1.3577188658459753,-2.7334178607017536,-0.5437618623345116,0.31184780252663846,-0.2099795154272697,1.2328550891239274,-0.7958243294972894,0.4654399192473756,0.13027826980361118
1.4260196275451376,0.7862120717216169,-3.2446247914321873,-2.6329408178827234,1.5214663683907332,0.0379518875765128,0.8125721921788958,-1.617971241516238,-1.6619199855045732,-2.189622191872325,0.7577379122949537,-1.1982344027001826,1.1220651895916054,-1.058749316449694,1.587986855760192,-0.030455972390741548,1.3826947886796197,-0.09421428829052383,3.2261238470216282,-1.2287116608466775,0.5729197100132388,1.445239961484459,-2.7345389479088267,0.12413876291662373,-0.4146665600650704,-0.7922457761128596,1.1984025789970474,-0.8308884532565483,-0.11614837528491871,-0.6644580480591735
1.9469357171897756,0.32187691374980937,-2.0704623027444296,-1.7944286696429477,0.9016313212543093,0.6518909065507472,0.9252394234716186,-1.1734106698920321,-0.3766533165626826,-1.1887871768371907,-0.38507219228140915,-1.5891949468047049,0.5118581260926172,0.42457814881551464,1.5848303500586807,-0.4721986649427646,0.9734940222868446,0.5587335601494215,1.524930959079145,-2.2474819838368534,-0.441005574138434,1.549326728664108,0.9212712178518188,1.8072432773943437,-1.0679994256975291,-0.29913787913822115,2.0388103795623795,0.9120534773490394,-0.9043795749162968,0.6986399887646865
0.44967388193662844,-0.13681111738687546,-2.0604575168820953,-1.7889147087273438,0.3804962116876696,0.05677723974460485,1.6658899527894118,-1.65231836725905,-0.23473495529435257,-0.8750159059049425,-0.44470534555668495,-0.747433088005605,-0.6616110886428017,1.144856959300929,0.46717884210254756,0.21685594805515457,1.1328145505922582,1.1829438200207287,0.771874209585225,-1.4469675754909166,-0.4892927127360726,0.6523082327186369,1.501250702732289,3.5499705372028503,-0.615809249636822,1.1740302230625508,1.4919381287601632,1.5947398902813457,1.1669617317120426,1.6599825036175866
0.14320880296532046,0.16356359984965607,-2.770142605753883,-1.2759551077942812,0.14380646878730682,-0.21429889199259855,1.5963322400999813,-1.5054277266255602,-0.15290984129103624,-0.8116793995852332,0.5746953264245958,-0.8736351421082837,-1.2869625775942712,0.7154778398268382,0.652892050973181,1.090180673091162,0.8768497459692187,0.932063966795433,0.8506902645549603,-1.6597695838657993,0.18000196906446816,1.3011515481038358,0.7530555179170925,3.21386458784779,-0.09217756712191202,1.3570743816934892,1.1582194397049832,1.4396824783315931,2.000320513961522,1.5482039382213877
0.3971605890046743,-0.153261302053568,-2.2294533710520943,-1.3341586205104452,-0.17809081357074158,-1.2825907390134879,0.8947248310425044,-0.7621659777775978,0.14589186472826415,-0.899525669253512,0.812424229419496,-1.2320769460409668,-1.2253177154104973,0.12345734185616894,1.5268629846290889,1.2753093821997044,0.9600812331409359,0.6598846819972348,0.2742152087081816,-1.2360711175429524,0.006652386712425198,0.942785548553682,1.0793122661926935,2.8328998525724125,0.07020242147505881,1.2146931839538657,1.4720241543133594,1.058620633951088,2.062296745713523,1.435275336450432
1.9524667672980518,-1.1260791564641452,-1.4902906052241467,-0.3089248669667632,-0.4983146557247996,-1.9061695091011819,0.7304045325107489,-0.31062294819075964,0.22939506685689792,-1.2332763047009916,1.3210313475697433,-2.251221961829856,-1.3362773532783567,-0.11684729510404898,0.7631419777150402,1.211457012308468,0.6850385251289125,-0.09694840256967478,-0.45610674352626,-1.73934232405373,-0.8478883476574003,0.38884890623512325,1.3795571671882527,2.0898690432320004,0.9137887224602801,0.7615527101531057,1.2163111905407107,1.546975529403313,2.5756712029980195,0.6531453545910015
2.4313056937019915,-0.631443429671503,-0.39710624835552916,0.2682457172717265,-0.8960330432252823,-1.1631294515122932,0.5191939267227609,0.10857817401979405,0.13850002696454222,-1.0884860608619933,3.002574059241682,-2.6939952384577532,-0.9110218405990773,-0.05064165143429766,0.5030413176938581,1.282225059196775,-0.16130805847905721,-0.37689552812526617,-0.08474470499779646,-0.4718180814073974,-2.165030839402298,-0.06191246422064578,1.4013692617411666,1.4754584355928986,0.9893459429195366,1.0994507477523443,0.6068988514376317,1.6276017200613364,3.8010125739732303,0.5095134495337457
3.124007595640383,-0.7417700103941895,-0.6602233421966495,0.5285134049712308,0.10776369275239922,-0.721460700883239,0.7188047679346896,1.0240453124319377,0.5186686844051965,-0.18019648107462222,3.566781362757789,-2.392828469518215,0.0005678997700002825,-0.5164314809472842,0.6171443398207291,1.3934933082919552,-0.583165945470562,-1.1582810276063467,0.23856495120491272,-0.3936968531732332,-1.8826048456086244,0.03696667158837767,0.6961308351280424,0.07609098536348313,1.4201034784910471,-0.39579008824813144,0.4653436288040007,0.6748330707973043,3.006158896451933,-0.4532062882331295
2.5278768876197812,-1.5966356482931876,0.12114643547044782,-0.3422842038751541,1.0268418976430962,-0.3640134515961488,0.23117781000484877,0.6282965386781654,0.08692816582252598,-0.024137248734877992,2.751566063022928,-2.2818478422587423,0.32495998616340954,-1.1184400009504243,0.8952013092427421,1.704365758429564,-2.2600765757030756,-1.2396977801643172,0.02855801701036058,-0.8259013187340047,-1.7693712458745336,0.005369387910867274,0.372486611518964,-0.8690550095461989,0.8386304466694487,-0.8053589762123214,0.7044182887405022,-0.21330861403583062,1.915989890566285,-0.7581878739367203
2.389973432855339,-1.1326728477488779,0.4108847754091782,0.12624590603780092,2.010384981686139,0.7087926012873922,0.17090016398998864,0.5976002323959143,0.1719903297172111,0.5786075911930348,2.8772011763496206,-1.5579318151462713,1.0831498494963911,-0.4006055354014526,1.893233369250401,1.5240630097973153,-2.468827120323501,-1.3645113659813903,-0.02061099373741579,-0.8793388829022724,-2.6637946243804804,-0.4970248716145369,1.425290906035654,-1.2420006208513907,1.426895819576647,-1.3663655379215487,-0.05237542611160738,0.020229018029935875,1.9922298094633917,-0.6544380888623866
0.8023408795631136,-0.6656067298397269,-1.0668112396025626,0.9649176351089176,1.9463477480642284,2.064386922487247,-1.099797491105616,1.2912599045808242,-0.35901436789228613,0.9916022265440003,1.3180057462466246,-1.176726276289945,1.2019560131454887,-0.1883486008054826,1.718780970315671,1.2698227277725431,-1.9654732083252608,-2.2841077065367585,-1.090309843891646,-1.531614785840925,-3.290761299188136,-0.19812574814691672,1.0645716827390215,-1.1726825007304802,0.9435837970157525,-0.03432019565562172,-0.4646978723963683,-0.16293888028350278,2.06919925461323,-0.13157766146966185
-0.27440285620779586,0.15187940802100394,-1.3760185800437075,1.5323104983332814,1.6595265290808474,1.8773710594082635,-1.2415041441015944,1.7885188160618515,-1.2043151342836358,1.104203402597961,0.2031003594768555,-0.8874981465924809,2.1937690650525994,-0.4814349958340055,1.4962020828487055,1.2478536091745411,-1.6712186535972404,-2.7078602421519764,-2.461029134587814,-2.788597173381991,-3.036457975144847,0.45492534198304885,-0.21078417090714568,-1.0756942881769826,-0.06865050693057873,0.3697445287570759,-0.09089563262792498,0.34184506437014084,1.40455737200041,1.2249066705496565
-1.283892563278971,0.7723119572804389,-0.7031771316280981,1.6675468360562973,1.10477221543118,0.6546495503492585,-1.1534525883651476,1.3450891343672788,-1.336805940739126,0.9318695960744976,-0.7080050028074159,-1.4635755716640495,3.081562109788001,-1.330441092135632,1.6495678909859974,1.0047890468408753,-1.1947807358113605,-2.94256436730247,-3.1184095988743294,-2.4111930221119935,-3.058632418857704,0.669745312668269,-0.8359734732652089,-0.4830196733925123,-0.9897217334756667,0.3018661372433241,0.7921816341518657,0.19289807050314522,0.029150752527440812,1.3731289015055577
-1.1575310719041378,0.4875380351552383,-0.19973443574385008,1.9625614896534953,1.0650799529732085,-0.7052790452488031,0.24707664280885244,0.7015068428917396,-2.009807754263669,0.41418162418146487,-0.7133573089824097,-1.545546183816921,3.543113752846211,-2.155544155990931,1.1445669090157509,0.36313793369109126,-0.9971499451382977,-2.803893536501839,-2.463366900234402,-1.536460501482769,-2.1202006761395085,0.3208568578611687,-0.02841174127745838,-0.8474444275258879,-1.465603132987434,0.05868963085731976,0.13963020734852238,-0.30799231046502973,-1.4957694566166548,1.6876325075008767
-1.5062930671025805,0.2751716403934829,-0.3206038120363022,1.9579736395695346,1.194839612638638,-1.115761917934892,1.7401624695773759,-0.09507412397757964,-2.082573297044844,0.31845403772527947,-0.7053946438959925,-2.006430250705119,3.0391257548179165,-1.7436216427609672,1.5381034345457116,-0.3873037549894503,-1.1529206945006898,-2.482741024427579,-1.303808224780766,-1.7600845948758383,-1.3536622560325822,0.16709028711903545,0.006715557504045011,-0.4621932200544697,-1.5993207977697466,-0.09899115538987063,-0.43583875979778347,-0.913033219640633,-2.0395775900704134,0.5108352760348324
-1.1567099656434294,-0.28275686412071843,-1.1745823868181808,1.24194276145712,1.3390811175593855,-0.8000751262366511,2.224471474624684,-0.8820722460800541,-2.0008305990234883,0.23427370149854831,-0.7617096468840221,-2.1845832756316006,1.858594538818744,-0.022062734308524706,1.551234687626075,-1.1195261088948565,-0.7800595117444855,-1.932759260285618,-0.9387458022410402,-1.1003172874118297,-0.6620714458031708,0.5553146050760627,0.6710706593836081,-0.43033703565542786,-1.6179857155414357,-0.23947688887563534,-0.3555525494214268,-1.0943477048422048,-2.2009010227148598,0.4279189411304738
-1.5412301426832737,-0.21131330856776148,-2.0320754318718803,1.0018568256399853,0.8127941576054446,0.20410593349077366,2.5164225961923132,-0.9799198810335854,-1.717218786403095,-0.04456709315425331,-0.829021396361157,-0.8779248614326709,0.3934504884657318,0.3571995553560032,1.9893056294114773,-1.7300245700017496,-0.1320596507935357,-1.2813572030124227,-0.623106782576841,-1.108630621515594,-0.06928397512465895,0.4329117624087146,0.9533123205816957,-0.2870946012071014,-1.1413199084643677,-0.23189089668235852,0.43019693504322,-0.9845448372799943,-1.4649974551982252,-0.03402698466073195
-2.120843690005623,-0.5257862903744139,-2.473562091197188,1.544386350758349,-0.18029845875788447,1.4866099186294424,3.228694748146166,-0.768324235199157,0.5426509943775107,-0.8026895236132748,-1.0748363854645795,0.3783364845282894,-1.0546248378719865,2.8484459721657114,1.5955156788795612,-1.560093301933214,0.9190526220935326,0.18748126306893742,-0.3013573122869554,-2.5327269082275894,-0.32362310199240085,1.128099031731741,1.8945819650765245,-0.06325305924924507,-2.3994840266085884,0.9148804890839926,0.7456607399051609,0.2721722194011436,-0.5194928335449368,1.5211012393211327
-2.9931281662439537,-1.1582712272301123,-2.6214232929647894,1.8957568152908486,0.3343233344439942,2.308008786178736,2.577325283054036,0.23190786068361477,2.7493496573106793,-1.9883026788145641,-1.47579531914362,2.004385931592229,-1.2781130839937753,2.9860002326928345,0.6569037676710058,-0.16890711271892547,1.3209518417715276,0.09075690155205052,0.07323355365459519,-2.757012716972636,-0.07724943700455611,1.5068114037560258,1.9165757474142744,-1.1929778531395572,-3.136423504280734,1.4354794082959539,0.9421272707363126,1.6808527448530048,0.6578719809205223,2.903900442588059
-2.5882192741379626,-0.6470486423587858,-2.715232850753853,1.7578674159297303,0.31875862557014134,2.7082311378354293,-0.12453298960747679,1.2288404014035956,2.621149202471758,-2.483861699504608,-1.424662872532777,2.2867263935429487,-1.3430652443842135,0.6812884061916444,0.9082851384556077,0.805483399274723,0.8722481509853657,-0.7076543555730037,-0.2635475945904429,-2.817057074848093,0.14305505763868537,0.798946886591031,1.4716157260371108,-2.536570051893487,-3.5466616125052,0.8062891110482857,0.4908642678204125,0.7985419056073312,0.20178719645395685,3.146209180922965
-2.6446233951878946,0.41658468244270375,-1.1424004458855244,1.8706024830397459,-0.10037232717629328,2.422846083200416,-1.4649554272275538,0.780945756093673,2.0773767231370943,-1.7979904036199612,-1.239795219790671,1.5642534992936354,-0.34690206518464817,0.8516227024285539,1.141079477455612,1.869389106952989,0.47073024298644184,-1.0773799358365488,-0.5461665294182341,-1.707849434935641,-0.43507155698710087,-0.023648536284657795,1.1751795139352996,-2.424791569841553,-4.2328261137181435,0.5693405551869553,0.040018263041253915,0.2910404191315302,0.4799993042346091,2.846107961687078
-2.932080295783927,1.361804171386815,-1.0435947237484082,2.1746315128377818,0.08541695894326581,1.9859163003776723,-1.7529119153429165,0.5938121483787238,1.3722090412542318,-1.0560675851154955,-1.5217978110077506,0.21523308727545493,0.08300466785924385,0.13723018133978854,1.2383782960703364,1.874655923355845,0.40561965464193295,-1.5279341032039047,0.05156298634256243,-1.293214126999687,-0.32161826295539786,-0.5396968669809763,0.7537518446697471,-1.8091276622984376,-4.330799645305943,0.08507020825093232,-0.5470125627199028,0.1463561554207714,0.19590372772382564,2.8837114952496328
-2.3229730605343297,1.960689837712634,-1.4750500776461397,2.179864869130715,1.0373720781586337,1.5004942753240749,-0.3270675133321253,-0.2687354189955651,0.8816093658546815,0.14151572032629622,-1.8780801681044823,-1.2436655363092126,0.18363478869201563,-0.8570390131412603,1.4368477731346696,1.5816500254549337,0.4943326460062273,-1.778620492547375,-0.05816067308458088,-0.6838235589171849,0.4959264743018098,-1.023647644522409,0.6193748966422759,-1.0391728181774753,-3.9177854823820133,-0.3811981120058597,-0.2494853084473004,0.32778040217662696,-0.5893016097808039,2.559694688930877
-2.9769281995546404,1.7924501248583309,-1.8685966474158375,1.9641253596566284,1.2812882258890574,0.5867232271464123,0.34453433618832735,-0.37226512945468176,0.16297421026713768,0.568621818148405,-1.716784760952598,-1.6511688969009903,-0.08310884323281759,-0.9018975853107195,1.6626304901835391,0.6784867405969213,0.45584698152256775,-0.9022509027309585,0.49660391791371605,-0.5406428211288586,0.9744387619313136,-1.24363133346775,-0.09964447430842058,-0.3138604260720186,-3.6778924669020245,-0.7968276059671117,0.1384549300444295,0.42222858033668076,-1.0349033310732656,2.455042618191339
-2.8366361011227816,1.705388189809581,-2.0212416097686554,1.7525615873756073,1.2186210707785492,0.13844208376574343,0.278771707138608,-0.27510796480203953,-0.2583433434303228,0.7577497412077527,-1.1832069902921152,-1.6811399093285324,-0.41015897631618503,-0.8320410421182105,1.6871046799869087,-0.013069434157280124,1.1897021865338346,-0.2873427342246482,1.021787687213397,-0.22169305000108802,1.4853959499322797,-1.8999599322504268,0.007010511935863689,-0.4856743066259176,-3.3047021723901517,-1.1505061410037463,0.7450801051509002,0.27427581822637415,-1.295756021796996,1.7692580463875789
-3.011424123086051,1.1489647985699214,-1.3554028023565237,1.3659868674892712,0.9625492959422419,-0.12916756467450652,0.9609926644184421,-0.6110853798922568,-0.5901264495512941,0.5037105122482752,-1.1758118898229735,-0.9805465735628505,-0.9139062032908029,-0.7186097654000477,1.4770970407674613,-0.5319458494143282,1.300859630454453,-0.28669161630225026,1.21430911010824,0.5155972729081241,2.102412242292694,-1.815102713268026,-0.3441942933342714,-1.0869198075195445,-2.3610105137916246,-1.0622343457484429,0.6853696800866902,0.049127335782943926,-0.4834240686885092,0.9764815304631603
-2.9233848216812914,0.4148579863079545,-2.8121150953969547,1.3959665929982084,0.7511207706069171,0.8367982355408395,1.2920887653432354,-0.7783679689625065,-0.6503401464159524,0.12974606961578394,-1.4164632869399332,-0.04511037991105813,-1.326188789423588,-0.24606216788902965,1.350594894573239,-0.9483050389151331,0.4481853255745247,-0.6094090133421566,1.939613777021519,-0.14882504854141476,2.9892989327493735,-0.5216710903597227,-0.528119901592992,-2.0963960704941735,-1.8615968358612223,-0.8320164514355383,0.24771850950478297,-0.5372743682787042,-0.33231292567376924,0.3311241523169647
-3.8971468760004533,0.35925408638735723,-3.410537328534002,0.857763520329158,-0.09271598587686647,2.786347802483113,0.7115670269495141,0.1415976569149856,0.5907003116623045,-0.7618775390811647,-1.8869824556056374,1.6151036378321006,-0.8629742731236617,0.17190740879718241,2.6121496972727862,-1.1899220701727244,0.6683631249162473,-0.45907156260221804,1.7461076098106627,-1.8213381814236658,2.465660077566791,0.0853529492346497,0.5293992612752085,-1.6898616963141062,-2.7243964957048643,-0.5629227076089482,0.3720141201152006,-0.6995702817661639,-0.9717590998340467,0.9692742563288075
-4.545093065908725,-0.05912894252775849,-2.063726675242947,1.1853645824060706,-0.4653825201191902,4.35362796958461,0.32288451200911494,0.996101978291801,3.060245496545362,-2.0531068302122497,-2.753239967777578,2.2572623098209443,-0.507774909930584,1.563711263401636,2.4300314990350547,-1.0498411386946107,0.7120738833889166,0.19357971135141416,1.112525082540823,-2.119514141871665,1.13809651773281,1.2379913673254683,0.6027318711189151,-0.6049572442314408,-4.308028250193371,2.614697730676802,-0.5944202593067756,0.6873078024575894,-0.316820741536185,3.760192586721531
-4.682154204994576,-0.24431287644505717,-1.294812323737575,0.8605863202374415,-0.2992394167622895,4.518818910110713,-0.2489505503550458,1.3406951984213649,2.6626450009767666,-1.7392838251688056,-1.9371217036173949,1.1284494058209311,0.2780203079193348,0.607443082975915,1.4455136689835697,2.242572659540661,0.9882172093286162,0.10513196267559954,0.5467854372427503,-1.1418709234595146,1.0496459638748128,2.012083743032326,0.9999057650254133,-1.0699662615991463,-4.641411604874745,3.2401684328480678,-0.2240274332440808,1.8722507648258992,-0.10524314571870814,4.749884620585421
-4.820347036353751,0.25713357627392014,-1.2781761266692748,0.6095631426654043,0.3485565759329576,2.280908827847223,0.16014743623193128,1.0345723703543117,1.7459080560642883,-1.1807638915123186,-1.5170658562115622,0.692499391974771,0.30299712260895706,-1.3256525087504882,1.7565971154346756,2.254178083667338,0.08895960467421574,-0.7599617913176517,0.6727946145040038,-1.1413186231088444,1.4636225693395524,0.08755607613028785,-0.3086741632824962,-1.0560469256314735,-3.4477262805479745,0.23629373201229203,-0.3245202970550018,0.08533271128106672,-0.4225240302823931,2.6020163610057914
-3.821988025799025,1.2087816548464387,-1.6661658361216578,1.0281540186389768,-0.10916533288259313,1.6681222016123165,0.5881380060818773,0.36946284967641246,0.6441796887009937,-1.1547883509724681,-0.7880148017541648,0.4717288894808247,0.5417586131667287,-1.5813249955405013,1.9821103549575325,1.6642174816943516,-0.9329928249524151,-1.46272353492033,0.9615214719107608,-0.6438237998672318,2.0985659464386157,-0.29801048505715644,-0.41152646524327896,-1.2712384107321126,-1.977571474194109,0.040944989085420797,-0.330460125012571,-0.32861744750131877,-0.8080141498791625,2.137765657789404
-4.043399493778299,0.6279418533890013,-1.5495467777682266,0.5196589864325973,0.01648948697304134,0.5217715450649236,1.1225837122701594,0.04401447475737988,0.11726009810816779,-0.9871998151949122,-0.5468271219082836,-0.35558713568871725,0.003336642980801552,-1.7999898435734347,2.345691588814049,1.4200999953112365,-0.7223206013429783,-1.4209121717413495,1.260904941322133,-1.4231087137138865,2.1133974751432163,0.22449661813260502,-1.3584950815738277,-0.20155123117795432,-2.371131025030758,-0.3219934153230651,-0.16432020087666538,-0.7546830609482127,-2.2940008549467734,1.6586267012174187
-2.0532936248523246,0.39978125197326947,-1.030557174520712,0.37260948293935253,-0.4456859753032494,-0.9028684330898022,1.0224261793355904,0.3485054874563047,-0.2370857947690853,-1.3008134009749757,0.44047430772152985,-1.0797369364277773,-0.05706787378791794,-0.43261569265406075,2.7775807802204513,0.5020171489879035,0.16272012222346685,-1.39503147501906,1.6977286531776228,-0.9334001792673438,2.0573967674612983,-0.3712454114743302,-0.23818765775528816,0.4399621174499626,-1.2937706573622574,0.08439628673986574,-0.7839208078443852,-0.5618634028243836,-2.704348193123553,1.896044252969792
-1.2849938796239422,-0.8106244173406124,0.6686361656286586,-0.5830134879116698,-0.19011321260451686,-1.2215481138943125,1.0119130404394263,0.18602750651971398,-0.45017912647672287,-1.3639843370299398,0.7060026614191318,-1.8005472449034579,-0.7789706264548751,-0.25825769592626757,2.523043494202109,0.20483020017728054,1.3725199853483876,-0.8120543520891662,1.7485824844190974,-1.1712532183857032,1.0335058510381148,-1.327154526604676,-0.41351156976052994,0.6928843991601028,-0.6526932673881912,1.532371841139108,-0.7757559311487998,-0.30030942054486887,-1.4999544637917546,1.5030698099797029
0.5628134599872323,-1.5041366989675733,-0.24418854181082783,-0.46562436232967164,0.31430422971359123,-1.9789961673405676,0.5526168458562066,0.5875022798061137,-0.12112509510406994,-1.5406780075372521,1.3960240126335832,-1.7845645590956023,-0.5996261253626531,-0.4253187610549284,1.8390501772133956,-0.7573346992192967,1.4195168700340735,-0.12289047135975881,2.1474615562893358,-2.04367333021219,-0.23012577487483776,-0.49975315063414866,-0.2976667445210698,0.07773887596389181,-0.37323809932245255,1.8640606998988978,-0.8190101122708159,0.5303391452139229,-0.46425752862050396,0.9389176129050538
1.7057464741925588,-1.5492264440431744,-0.8041087079922051,-0.882019896744189,0.2559757577038144,-1.4009690541731163,-0.017736349899359974,0.19861397884855073,-0.6328322382571775,-1.5961629353343552,1.5690881930001137,-2.0097580263258616,-0.34217529124833174,-0.10139129986744894,1.34433142624609,-0.04638784647587811,1.2464740013517195,-0.32149064756255524,2.2091957262600266,-1.3976686239525293,-1.3313385396983834,-0.4371808241325906,0.44866146139244695,-0.15701302729317676,0.11788556668556235,1.7594221915782629,-0.8973016543033611,0.6748464440425885,0.7759254503041515,0.4531601101357046
2.295894922574304,-1.3379531404363558,-0.8894152594440008,-1.127668354603364,0.7436125534903091,-0.5560345739844061,-0.09278078214338295,-0.30606843199914197,-0.7595580022947851,-0.6932252817871044,1.2731938064618733,-2.2082308257255594,-0.33010267626958034,-0.8051201248511441,0.7175974847393706,0.471965451822185,1.0822581532782531,-0.7633345995993637,2.5130065062009557,-1.9487175719160914,-0.9697129944166036,-0.06746973727635791,-0.03441297624806408,0.13246381704927496,0.3920756823294931,1.2444639301594456,-0.3655601246416166,0.2858175810365121,1.8764670393246319,0.41642444626437736
1.507454553494364,-0.819914091570039,-2.0255934448735378,-0.4404941236914166,1.0730140603036988,-1.04166011680419,0.12617195787821267,-0.5755552023870374,-0.7007725528549791,-0.1797697161859977,0.7393091797784744,-2.4124267053689956,0.7244059968472474,-0.6244881198796588,0.5400281336536112,0.7624445496341558,0.7798313528524887,-0.8821423992541287,2.5883948691733076,-0.7535612076100073,-0.547153384879341,0.9139159561013717,0.061506581839146604,0.42630315246632405,0.6255141192530506,1.3860233254062515,0.3754486130691215,-0.43629398637820527,1.729659097890343,0.348578857219701
1.4541411767625498,-0.2246894306945602,-2.08209168734369,-1.2174032179100769,0.780831459703042,-1.3616362266191366,1.1319584523260422,-1.0855717402774667,-0.19849448649829154,0.4322572482084557,0.7375076945962589,-1.8454682542988559,0.6254611937495655,-0.8236290433047855,0.2998580193491162,0.016354524726211933,0.6018532486809477,-1.3203104245820976,2.3916579970308556,-0.28145075834212085,0.6686554210860113,0.14489936125915126,-0.20227102144946707,1.2682944312453417,0.615961943992148,0.9702413811333184,1.4879601576139512,-0.22185954236994804,0.998847499577997,0.09739154827468496
1.06724486707373,-0.20558546884861406,-2.471244590329803,-1.1874193401496982,0.4543069878267055,-1.3504956338396352,1.3773536595833893,-1.5212525589823058,0.023164079099689122,0.07226305925845201,0.9988936155849357,-2.1301464632623057,0.07425822001962286,-1.0198935284658928,0.36714072642713724,-0.19195971522513475,0.36103751313168136,-0.9063528064014627,2.3335584888957084,0.03129414335998104,1.3336955513334163,-0.013687694924320315,0.7081674433937358,1.9900350390336654,0.20925120514544154,0.6583810688431235,2.692856880093431,0.17848249536748936,-0.03874726666702129,-0.204705159455261
1.098736943180533,-0.3957984297118978,-1.9993096707246445,-1.1098791203527199,0.4287644300964334,-1.5061871849461836,1.6839626373245795,-1.0260329129807866,0.5702680504103441,-0.023795513368967874,1.4781631988533763,-2.05029609213321,-0.736192294560184,0.841639683458504,-0.19908592216201978,-0.2459159517800207,0.601921029523465,-0.13581795108203337,2.1518214785577663,-0.18351522707575302,0.7187857072332309,0.01850282227857697,0.2560088909122448,4.255280491037067,-0.3712524979224594,0.8965450504313927,2.9189763264117605,0.10135201407622246,-0.09550633721368909,-0.7541691266890034
1.884300761030276,-0.22249653743079384,-0.3563497966087311,-0.6471539663375643,0.015991651975482052,-0.5376693500396055,2.0457420125698262,0.26868222846550094,1.195666955164703,0.023304965232378738,2.916786888857436,-2.4275548718866626,-1.5686278328128413,1.4270748889445697,-0.28762046882881087,0.10922085107055562,1.30878225697783,-0.060770607593168824,1.641649640385542,-0.4131863736354613,0.5719679099271076,-0.23639184518618192,1.1160556859059356,4.021487886013307,0.5646767152360815,1.8887152907018823,2.656744743447987,0.5878730802360587,0.8467243113977877,-0.6308963004083422
2.3572242335066322,-0.37751166056495256,-0.9943759107652439,-0.15000207439606633,0.25675651307704755,-0.9286889523653566,1.4301918838788852,0.5944266224159511,0.5521734900566834,-0.41768492844184996,3.5740081706128506,-2.6133374970416035,-1.3180571696361045,0.39763707566863454,-0.19621224834759,0.55184742234467,0.7563485610228143,0.006795467083312495,1.3994423127314206,-0.49430679556954027,-0.0772170535890437,0.3320857502657619,-0.5171938875888618,2.480020057901743,1.4585399670619792,2.409601538406718,2.232597584272152,-0.07785951092993214,1.0437666037722115,-1.2394014141378495
3.300008796116204,-0.909988496668284,-0.4062925731004227,-0.5317633264590446,0.9723779499478029,-1.234023474858069,0.328346601073112,0.46932845067418283,0.14467275630526294,-1.238340040586593,4.159398715679609,-3.325692560960253,-0.2013493612266929,-1.6520642271391346,0.3613460116569882,1.1828697669696546,0.2675215067639755,0.3647003609016485,1.210200019597472,-1.1426287341441248,-1.4290265830704199,0.09050707872841142,-0.8674080330215834,1.6619366603535541,0.9608810466343546,2.173644092593485,1.3467544768902187,-0.8252137752508102,0.216389960735186,-1.6522551666296525
3.83742836661321,-1.2124001460228326,1.0072921217231154,-0.5857553699060623,1.9474880504398657,-1.021895525469715,0.506454044649587,-0.36075676212474556,0.2636673557399105,0.08825377903139969,4.9393332384655615,-4.037350316089945,0.9124979869997087,-1.737820333122008,0.811149812373183,1.6321693927296663,0.18063637909324093,0.5462593677975238,1.3708720682240902,-1.4366214348935251,-1.3190472115791605,0.3882980307727624,0.45278382448474186,1.6117485285117434,1.3086688576410392,2.419642729604667,0.000924376788438994,-0.74608944475221,0.23296945769654287,-1.4038512797068248
3.3611542309644498,-1.0682061955503102,0.12350948430514078,-0.958632914564235,2.9040004936914525,0.16581135282907017,0.43503786572814473,-0.48116636495496545,0.6664359967592981,0.5271838737211616,5.733639203245689,-3.7050709489687152,1.4446605400223524,-1.543458261835375,0.7634479897084422,1.1034421009897235,-0.2205274383934005,0.5378533960843785,1.6232461864170926,-1.1091281352962647,-0.08793048352301117,0.612653383447256,1.8706713429243291,1.9732880785776863,1.8238359115346399,1.7375683693421988,-0.07751129078437977,-0.3255029344788809,1.0986711602557844,-1.069453197531383
2.041807532708625,-0.9753604436782701,-0.6920770443463721,-1.2368251572146571,3.3910011715216677,0.8628177432272176,0.698058368539456,-1.155200615186435,1.0046928797895485,0.6950865762864307,4.083141030988325,-3.153471425158234,1.9976392817846857,-2.220359992356262,1.0352557427466431,1.1770965276619259,-0.8437453984185664,-0.08173620847057927,1.8081194925765047,-0.2519034627929868,-0.1732917506650973,0.8966629928992899,0.6415374354413335,2.6883119171554632,1.5906681511299303,1.258758217834575,0.6845624483197463,-0.2377506296768119,1.510040468655421,-1.8196214867036726
1.487776542446676,-0.7474299209124946,-1.5579656917468427,-1.3320409372739648,3.4351566962683493,1.080703594796055,1.2572785860014248,-0.5828359997059843,0.8521062566570186,0.9519147712484348,3.306743141854074,-2.4667104723647855,1.9860236702757692,-2.0360590153569147,1.0666046263685496,1.525519391281261,-0.463817754301065,-0.2922187859680494,2.176322996093983,0.2256130706018039,0.05560893124427001,1.4178523868472175,0.4943362599767249,2.470391400423755,1.6357867636691457,1.832441699735263,0.7238320076181965,-0.0340104974887607,1.6868921537313877,-1.6011001916714598
1.5897273540733958,-0.7085136412655443,-1.4546139400410676,-1.8722692006184676,3.532933388649437,1.1532407207268272,1.3614125379983284,-0.3532992888444916,0.2940923278563178,1.0878878311799178,3.6536896601336792,-1.9381400025477635,1.731453994416153,-2.5097396241738905,0.8931087970809639,1.2315195239272203,-0.46255111947524374,-0.1465516938402923,2.2433734440651265,-0.26063984203708784,0.12629000107539623,1.385154510643595,0.32860516631576014,2.0543569347867043,1.1419500223215258,1.3245094788957896,0.5800128812190337,-0.30527368429655893,1.5588645431864598,-1.6638367876184719
1.365866205737297,-1.0478449865178388,-2.1122730698658363,-1.8014595263415962,3.0197060592538323,0.9756265272925783,1.2220700718795008,0.05919595398701044,-0.18580792501586083,0.8099585929956495,3.311621785198044,-1.8195295843961714,1.4794294617481447,-2.7799273180929647,1.2686567131231747,1.3213180161598863,-0.43415038843452974,-0.4563274519583958,1.8416707739239346,-0.2595395086807418,-0.6362847809205543,1.9130961115994314,0.26986920782258567,0.8554872869947346,1.0754733569620485,1.056377314845501,0.15851770967055773,-0.33744805693712676,1.2204644301166776,-2.0305922909849983
1.5947355596641255,-0.8989156897408461,-1.7552020360052634,-1.578558036523896,2.230166547121928,1.5054291755604514,0.3168269595619714,0.25464136784918107,-0.6554504119299236,0.5520157489776225,3.084828778075064,-1.8009848411276193,1.9730700705357955,-1.2640502765123736,1.508990737772953,0.2174730773682234,-0.8974729799668864,-0.8962693199898963,1.3431176404861334,-0.5409972566614479,-1.3694349474572651,1.6598001447257167,-0.07714907233366648,-0.40799036395589067,0.5780526035234222,1.0403639394599957,0.14112208901423667,-0.4757852973055827,1.2084251376069526,-1.7715128194286724
1.1215915560276422,-0.7092133907891562,-1.806880598956381,-0.7765879325295149,2.346484275934273,1.2408834580799701,0.12850268995572242,-0.6828135866579458,-1.2879570637883695,0.3756848987358122,1.8333305332868703,-1.6328609685508335,2.1419274292820027,-1.927816802162371,1.7074062036447337,0.7058860685887446,-1.4131896797711874,-1.180494341759092,1.1451869799535268,-1.6891378723661512,-0.5661125051328249,1.3503837770650342,-0.1335424148176082,-0.8576099154107205,0.13822921219231493,0.3790975403673001,0.6407922673158469,-0.34592326343046415,0.012547308508137718,-1.334342448715109
0.639757218381615,-0.6622708679060638,-1.1721915804855196,0.15472273821136118,2.00991009758251,0.7715624353854537,0.7121199186894802,-0.4222268751828292,-0.8709216320440047,0.10835281587431006,1.4672226675925395,-1.5548281542526419,1.7751740401555791,-1.7290936304773867,2.4735453088123434,0.3082206724119748,-1.0199840524771058,-1.0385740562425,1.033249130698738,-1.050500517715349,-0.4263548888064352,0.3545036559517801,0.24028220379534915,-0.3684084866206364,-0.3705670521323843,-0.042781327053942705,0.5192687278833777,-0.4384457490647553,-0.7674632192184618,-1.1889532345883127
0.9201554481987397,-1.217903035476394,-0.6750410270996833,0.7946206064695204,0.9359729839708392,0.31522122840934663,0.5947384760198546,-0.5199396674611132,-0.9229332865888263,-0.5516328616815568,1.490697157158845,-1.6758340636153235,1.7742630115836087,-0.26191328401720587,2.098931097823326,-0.5290072583206001,-0.77271205999876,-1.1068985016361217,0.8506353296732351,-0.8483207397305931,-0.5718341353743279,0.0368325240799441,0.30877392513673796,0.17296890658276515,-0.6029412782335181,-0.6203663003682283,0.8443946530679882,-0.10806031800585027,-1.2699035518025579,-1.1208305851586768
1.2834469401506148,-2.3811412282468862,-0.11943494700580577,1.5700883542970208,-0.09310713592919391,-0.8235871222351883,0.8360391991884322,-1.5848045396005155,-0.7434525085240706,-0.7945845924342831,1.312139781257702,-3.0886736423960315,1.099049218110331,0.3915303764572573,2.2865896607720115,-0.1905428285368056,-0.6245778638189547,-0.6318001932727362,0.6101732415916515,-0.5432171886870194,-0.5576607390150035,0.3951819745860024,0.88270493505776,0.9706744393010224,-1.5223737622460127,-0.003220518116919164,1.5114748731068173,-0.5746899826986505,-1.249558307634609,-1.07205925614368
1.3970729953814787,-3.402776361116591,0.918998359518339,0.716419678399289,-1.0934303746108998,-0.020090178328776076,1.1739506204381929,-1.7137755444701543,0.0148670562656639,-1.2620091622869025,2.5385216740103766,-3.921512121696545,0.3306596653958782,2.139987980520397,1.4100459139523995,-0.61183521089902,0.09612561349144123,-0.1939826701742265,0.48287349479261044,-0.027291857405081308,-0.22002224590717445,0.24381966553473616,1.818559405718318,1.5511762904102198,-1.4884763947803736,0.8723214669631217,2.095582142749825,0.2345675157485949,0.475908444901117,-0.5624639482947527
2.1730153389670805,-3.182353646792829,1.2226053045912813,1.042386507826566,-0.6871055774632892,-0.3645249378256856,1.0303357985899098,-1.0056402885127187,-0.14795929267463237,-1.1341114300696689,3.4848706108966616,-2.632742055795297,0.28689369139057713,1.6023047666383123,0.7385152397194977,-0.0732935505293254,0.47539908840817,-0.4909570370273118,1.003874359553811,0.22127148391810927,1.0170149031312827,-0.01758275934652556,1.6114518259829036,1.6156005632649708,-0.9040188245690104,0.5700710270618646,2.945818328930951,0.033443056347905675,1.3640345553883526,-1.5482426513692453
2.2877168469797433,-2.876820970589246,1.3546858907429316,0.4034753112976904,0.27897633748469713,-0.54201666131788,1.0052259283647935,-0.9153652560140835,-0.24967543912163914,-1.2464671366158324,4.142476439217655,-2.8628959488721617,1.0153929653051434,1.3405236191835042,1.097443073931243,0.1618316034232538,0.23246431067930592,-0.3627288754477076,0.6768471991819534,0.38432771744213134,1.4709104934461594,0.49199236336333424,0.6065899978779303,0.9920065441578313,-1.3371702038757183,0.14800265479943137,2.269930693487974,-0.10855326162658999,1.3648562834796447,-2.35387411044902
2.5462303682875733,-3.0795498612127057,1.309966951415561,0.09354200086308634,1.42757819394857,0.5829806209154573,1.1138735292667339,-1.9934820832149336,-0.8566593221819774,-1.6023908563062321,4.058159628290045,-2.723516784167443,1.050450589401122,1.7892276311558666,1.30930614745057,0.6376506144080556,0.3342093700524366,0.4523995823905922,0.5386079098824708,0.5584652503552427,0.9361949291183517,0.7214253270720917,0.2183608731316675,-0.2476749790661195,-1.2591769776898591,-0.2896045525207867,1.992148553342983,-0.6257845017511882,1.1358604061610271,-2.1222193657898645
2.932107411772209,-2.5041935995162654,-0.35848649461983295,0.5803336506577645,1.124639432533182,1.320500131552571,2.0959807055211175,-2.5728935627737526,-0.6051156490239393,-2.1995415630205994,1.5465732286240783,0.12605531370693285,0.34259983120244214,2.849237230732208,0.9502405702027796,0.1618959667512737,0.6568683300812087,0.7102001296345626,1.141007648929292,-1.8295752982402198,0.4296244830102288,0.21491792055497658,2.1274891155503406,-1.8258373021852283,-1.074243118155404,-2.104213147587387,2.2290575953837024,-0.8522761216136492,1.9891139271448874,-2.387074284477041
1.418406784551016,-1.7235704120784918,-2.6459845472570893,1.044767144697956,1.0523564580923974,4.727163714930387,1.253295087970982,-2.272852836433319,2.150150190487766,-3.4565205303369106,-1.3655762016242061,3.2704342182725794,-0.5558329256880115,3.5172320700633573,-0.2092550235379102,-1.6689650714771225,1.2696321424637258,0.5757829782675037,0.9697891674250355,-3.6924227811090926,0.09858757229829074,1.0698833900605524,2.786321739353812,-2.8917684614240273,-1.9171170332459295,-1.4991034045112026,1.7691222321057885,-0.6780679443431077,2.0003075358883393,0.1265978278823645
-0.08960136634017613,-0.8060575219674777,-2.8893558644785675,1.649597654492626,0.6835730073050336,6.678249069052742,-0.7257223888621342,-0.35830758640831606,4.556220070365754,-4.373712855122172,-4.712242073244875,6.094166060919714,-1.4068665189263556,3.903604369392175,-0.2704002387768146,-2.2354712203320206,2.171520365364768,0.6422214584318906,0.7066735047800128,-4.8179571153110405,-0.47347074666593125,2.2152592941760627,3.601662540051544,-2.422296987881839,-4.546629372401345,1.4994539311731954,1.5153692451266214,0.8919363467025568,2.124328500115433,4.010420224965622
-0.26294295234591913,0.16818651211996086,-1.115036516914701,1.8642023717095109,0.5169636795668096,5.8364522033510395,-3.2645632117700094,0.26475185932721074,3.6006437891299536,-3.247898294434457,-5.669576418416592,5.3023021380488125,-3.1869554829698057,2.3187468788072394,0.04850713765604042,-0.6644111143054078,2.268546765953196,1.7444372248684705,-1.1749498281860327,-2.7624007400181574,-1.0441335146460322,1.3575564811263041,4.161477389291689,-3.1059443162053757,-7.0731912747898775,2.490953046327605,1.1558708306931085,1.8249462867381328,3.2068542358225582,6.00918463415919
0.9508091475422994,0.29446216666602815,-0.8486526991541612,2.5280113315050534,1.0557983382502336,5.1656853040803945,-5.822130593247252,1.2125922143507548,3.449200819163113,-2.707975314382292,-5.9566474539614624,3.6812005121028086,-4.220451156938462,1.9800339146915258,-0.38550424812903983,-0.07886045139755216,1.5428770353499541,1.2599519076462138,-1.8455085733704737,-1.2589379735009711,-1.8753943393037396,1.157207321973465,3.1593889460905333,-3.557840650621272,-7.447456173825998,1.3690193553555614,1.3339474855848499,3.6187436348872337,3.2509822962892176,5.685045926762173
1.4094880382924968,0.4155920159803119,0.32397143088120395,3.6079726940436734,0.8812112137623554,3.2086250572543213,-8.311503587783072,1.023883422239146,2.129182473126907,-1.959657115237069,-5.147899650069757,1.7996994140670808,-4.9095982028935765,2.0749996113772733,-0.3965354277025306,0.15200728896236987,0.28669879281382266,0.4375279079432608,-1.7540637002802968,-0.20305153700958978,-1.6718573432154424,0.6099914462268494,2.49991321079706,-4.153358747015772,-7.571005218495115,0.10591514304363137,0.6277580716002096,3.808848130969163,3.0768391519414524,5.5777104517197085
1.6772704114354011,1.2814788107865032,3.2164454658387056,3.336932553204414,1.1829810832851757,1.7124693122872832,-9.0437760314712,0.45072009557516535,1.5850702870372837,-1.055638373107242,-4.6174015290322625,-0.13534366779778145,-5.393381459103227,2.7009876675614097,0.5596317553612995,-0.3505431278670476,-0.8090712793189827,-0.10785726585860347,-1.1024254130718936,0.8822383684759684,-1.4517891214751832,-0.3396407612855258,1.8733894538228804,-3.880090255673995,-6.898674425817833,-1.1160046172168028,-0.4205379959550879,4.328235226710915,3.152779080049875,5.207625191245713
0.9301074512408072,1.0668950347764432,2.4715942759596867,2.876692833888518,1.7282995591958663,1.229739834976005,-8.120487218450005,-0.5042062372234057,0.7585428411470305,0.028013925076262935,-4.47168434172598,-0.9491822001284939,-5.21221848616931,2.284396925868369,1.180509917660793,-0.8674592217754726,-1.0682173449542256,-0.30709269777936704,-0.8955357108510055,1.2484971222246113,0.259042042721386,-0.688176714912776,0.4733587438973498,-4.111009824597311,-5.024098955524676,-2.3194520931373073,-1.585069694851945,3.9442639304296883,1.687338674370825,4.3229226499750615
-0.38459213380236723,0.5832518253202493,1.045005500486404,2.790449589075817,1.6989862904337156,0.9458931363292966,-6.176954591342596,-0.3808291254866003,1.232527989776943,0.3145170429690596,-4.108078024258772,-0.930355848834283,-4.968179258254982,2.1546100449718955,1.6827751719716906,-1.446707464371771,-1.1905202366065408,-0.4188687451626611,-0.5696055972162601,1.0055975684948208,1.142083968303834,-0.3099387072781589,-0.29607105990626237,-3.8170457836597493,-4.014688271645471,-2.7659391602164183,-1.6050011800886064,3.4631967386097013,0.6393411422299817,3.1913138738459406
-0.8578869120166326,0.09008059170778748,0.1745556508637498,1.910341342158965,1.1239617635674257,1.2399362643367935,-5.42994257278426,0.2750639970170569,1.192643970440364,-0.5803424006278866,-3.0551920598490883,0.32158054864316027,-4.486773974071847,1.756303863476185,1.8719699927536175,-1.2584412985763238,-1.6726906895009575,-0.3311712115708448,-0.38530784308895905,1.2697739477268084,2.0738542595090985,-0.7149832288962563,-0.9359045971341388,-3.8071664916056798,-3.70957324948178,-2.8788397423695162,-1.7039347701772785,3.11828728919634,0.4090954546811625,2.9793302062140583
-1.2447267863483709,0.0103391079988025,0.6695340492786266,1.476680715361186,0.57355348290747,2.005403469081647,-5.2585286620931475,0.64335737494432,1.0495410904455218,-1.0558525184743428,-3.0797886903236416,0.907913552036972,-3.868540072954141,1.451884766698245,2.341876876223089,-0.8657519338176054,-2.014909355546052,-0.6488930228829506,-0.35590671152126846,1.0842902901306588,2.04549778378089,-0.7491307564142035,-1.37599202127663,-3.8607097160939903,-3.7574652197419294,-1.8710952883213043,-1.6181709164920008,2.7078135162185974,-0.02063569427470871,3.218317826087739
-0.35099380383085077,-0.002762308832515603,0.7773365630386926,1.1570182762194385,-0.17902167310943218,1.3600948679312739,-5.757911469342407,1.149064968431963,0.8943291918590417,-1.324833749930995,-2.436792051270226,-0.6305525664145537,-2.8536674458988576,1.847582816559982,2.8409060097301477,-0.6616198346863755,-1.7420065394598474,-1.0025205618682513,0.012857879235970399,1.2670974369693648,3.0586550728924133,-0.4101726693284248,-1.7928710626868996,-3.561244819896735,-3.637707511184845,-1.304400108620751,-2.3115060030045145,2.6973730575260486,-0.6779801014169264,3.236070021086301
-0.9965987187632679,-0.5359550692475086,1.8504052348451492,0.8996388948326723,-0.22314483598736073,2.057012672207526,-4.672769555950506,0.3291085768686019,-0.4339379510556777,-1.1447487175241802,-2.1079371048531246,-1.4012809662238297,-2.5955107923225276,1.2717563013567672,2.544542831871029,-0.6037850426272854,-2.140923647905034,-1.0945171239527043,0.9397090399427664,1.7289126185612738,2.9269320374785086,-1.2016758705535462,-2.0509581642276924,-2.760289200253274,-3.024480527616736,-2.245725624166686,-2.6807661315443765,1.7279379677109805,-0.6929285640978672,2.365784625864351
-1.071171235607256,-0.25166120943578263,2.201639042967445,0.36262186144813086,0.09215199218726047,2.4610439990070163,-3.513616669966642,0.24411010672707664,-0.6841203094902192,-0.8673359717538491,-1.8528406863614535,-1.6559635809598552,-2.4170141109973873,0.2375831640907799,2.98154161664979,-0.8210173938469416,-1.5449924664524517,-1.4184370356184686,1.294709237415659,1.1049641199060594,3.2018707510599747,-0.9784156923619711,-2.345396620554195,-2.4053444743944863,-2.337201748096695,-1.9607174061894583,-1.8239250500124435,1.1947888843602907,-1.1063586458871681,1.8477723478031205
-0.45678554892125794,0.35945946293267395,0.9437974849604737,0.4417333524823811,0.13634760341828023,1.7191815280133542,-2.6737109644964048,0.8647178087662464,-1.7062909722780994,-0.14618542509515198,-1.4138138105467628,-0.9022264894556404,-2.069938909689618,0.8278832890154618,3.298125187340928,-1.279608270242439,-1.4114542148370273,-1.1492586212652056,1.2364950380573008,0.2743609810135218,3.0302671443434495,-1.2176650558135955,-2.079768605214705,-1.9320282060360865,-2.6513339785151446,-1.351876870693876,-2.080388818367994,-0.08510311797893522,-1.2303217152161081,1.176154529093742
-1.0249468011628726,-0.9607440730453055,0.8258850998390717,0.3992224175902503,0.32201006335237353,2.035712144131685,-2.0608976982695446,0.37391050541114185,-1.519424681882374,-0.5918124304210199,-1.480094385748075,-1.591878183612354,-2.5389021841867194,1.2085530071887531,3.6391595925772613,-0.7871433425098696,-1.532004203691191,-0.9459542913025358,-0.35954740888463926,-0.4599463726255739,2.615711843367806,-1.0512539915962127,-2.3749968014033964,-1.5126830422155277,-2.456227643948931,-1.1178373246876854,-1.4247285852845961,0.16013212506362712,-1.6900457247838956,0.9244422457642636
-1.699490920853945,-1.3808871435744354,0.9677252454605026,0.6608296737964641,-0.5225708534245785,2.0712297495772654,-2.48909155015482,1.4920563833995844,-0.9589474553510141,-1.0509612762869764,-0.5501579069645439,-1.0782365797689373,-1.852235772523674,1.3357916629723419,4.157012359271624,-1.0069712089014176,-2.1031712799467885,-0.7940259104520169,-0.6549708306258657,-0.9665454606989805,1.6214937208695055,-0.6162677895817253,-2.1274675548456083,-1.5723922300169346,-2.5915974324946323,-0.5537342462762724,-0.951698025082941,-0.047870168539054736,-1.0743279879995848,1.4146991067266763
-1.7632394857942546,-0.9054771713137131,1.5572099851990657,0.3446584852222013,-1.379650420066979,2.0857647065350196,-3.4302975644267217,0.8263330156676117,-0.7618266897244266,-1.3259902971438988,-1.0278889309446428,-1.2562318189149992,-1.0121263755700967,1.156733553085632,4.657715827415712,-0.22414547486262998,-2.347026615448271,-1.5624558962697392,-0.452173707494376,-1.4324965098329745,0.7822791909159618,-0.6604167327344997,-1.8341655997885082,-1.0378848792781592,-2.675166021064662,0.4967980267068028,-0.8069668345087657,0.12898608670732178,-0.8847990572937079,1.5678446680462872
-1.3262146452774675,-1.6938703205445391,2.1204452738653017,1.1161013269646416,-1.6176559204779366,-0.3414588476837168,-2.4274893457277598,0.06766640799104484,-1.0070585544090034,-1.24838689268919,-1.3318920832008603,-1.4236379584746741,-0.475386262038514,0.7831009572905292,4.497143977432783,0.20278704104570103,-2.0326214978234014,-1.576690722317338,0.043764885218686114,-1.9418114852352821,0.3884387558103235,-0.8827403591055545,-2.14575001283215,0.43955681932642443,-1.5836959758719118,0.6616073254767163,-1.5038198738027848,-0.14005732151952666,-1.006294365178877,2.266262597998853
0.806472308036493,-3.2526055672922234,2.338297937744008,1.0257818133221008,-2.378084720302338,-2.3951156095526396,-1.0894712389171837,-0.42400563332734487,-1.6381671274857292,-1.397168695141056,-0.6576234897625681,-2.6503607752777207,-0.2639119186777129,1.219558533106942,2.5089267761509495,-0.6027676028493396,0.17879279751123547,-1.349255044201899,1.083829678102491,-2.845832317031677,-0.47381836630423857,-0.6850198711049397,0.6276081137982996,0.5270512629093161,-0.3983100715149063,0.714445473493281,-1.7707417641822287,1.6363722757448909,-0.13168679333271155,2.686534900743952
1.9099013091181911,-3.427162960535735,0.4164676295609228,0.49430242581599526,-1.974327281569185,-3.0045592114836723,-0.44122382820367745,-1.112039054117076,-0.4722463295534127,-0.6053881482852492,-0.5570414719311714,-2.6709454157223353,-0.5571147357067345,1.5439381613850305,1.2965419287941036,-1.4311887580224418,0.8697899094139492,-1.0635314029367564,1.7874600167269692,-1.9169158842729057,-0.6699565776479006,-0.905956793686716,1.420625940746924,-0.3810452722051378,-0.3623753992515986,0.38015361073146403,-0.5643523147923337,2.015065592538291,1.5051618668791873,1.588324417341083
1.1317518728063407,-2.8854412298986776,-1.8963735733218263,0.37052716252486245,-1.4468149331636138,-2.835453049661663,0.05304742310400784,-1.8799411146235325,0.6121709958696268,-0.2926395062306131,-0.5549728580570183,-2.1060777405243742,-0.8509312388364827,1.231373376474177,0.005189657784290057,-1.4987173928493374,1.197507087679659,-0.5712076363493929,1.6774568662229163,-0.7233879114797797,-0.017476720797065748,-0.3121684782164556,2.3035702460630794,-0.6857008554887016,-0.4201829619511947,0.19169770903625205,1.0627429128532682,1.6728245181500943,2.7050193899423514,1.0604020317602396
-0.1483567310214567,-2.018826164206919,-3.073094054603003,0.7059358158262186,-1.676988427212482,-2.099474213625449,-0.2591569752348328,-1.6066478078727864,1.054432743433186,0.8257080491503005,-0.23761804610986245,-1.6146223658998644,-0.997669745000583,1.5457088430787673,-0.6362406540447143,-1.3711257248654602,1.8585634134632205,-1.0916734752019657,1.6865940888505904,0.07126388344031226,0.5467490939799978,-0.01900567714505763,2.941838030323274,-0.053359207271785586,-0.5655246072359443,-0.20856554574383201,2.330900301584243,1.1690996927423396,3.147851849308438,0.5056702645488128
-0.9423997694281545,-1.109576012270999,-3.4113980110034308,1.5190381897518248,-1.7151068003752108,-1.7564294886129956,0.8602378137585612,-0.4049185979430152,1.0725072960677275,0.9647467725969273,-0.5305836119928784,-1.0045349303175064,-1.766042519535418,1.737491323845655,-1.2460935453776223,-0.1706371686032782,1.9281254291441159,-1.6468786207500357,1.5785563181754287,0.3121157672590379,0.9398244352350504,0.08675163216903822,3.1245812181205905,0.3631231949693828,-0.1412795268687803,0.02774084748713758,3.170549547455639,0.7593089661935329,3.5493368426256273,0.19403275329685785
-2.2174202765822826,-0.7813021750807645,-3.5998393495896766,1.3857711696728383,-1.672866161614873,-2.1028330315902837,0.8893471096093084,-0.02075657464602676,1.551130708041073,0.4852514632393009,0.08825234021798106,-1.620190571163913,-1.7351639041895464,1.2292052028769347,-1.5218691987233104,-0.06909000045629254,1.409555931332954,-1.9301304509671062,1.5173519190665083,-0.13094331798130976,1.796761124825869,0.5979389246884139,2.2138728091701285,-0.012869715563518958,0.006042466712976494,-0.0815595336653764,3.2003541333645362,-0.41052275673553074,2.8243422254463444,-0.521640323432392
-2.1690119135663792,0.05262578184165689,-4.104650190210638,-0.32311157140231106,-2.383254854846838,-2.338720936175873,1.8320702421890838,-0.5184653390583476,1.2655331661438773,1.034854274915964,-1.3267166792216807,-1.3771950142281946,-0.6384538665061228,0.6524514335364666,-1.1808277492484682,-0.09752590710231057,0.862747832590534,-1.9325140423418137,1.5914017029432435,-0.3007515299251535,1.8792701210479992,0.1805045426881131,1.8190564657146386,0.6089383913375701,-0.46434052966731143,-0.13433811129567966,2.8017173982309975,-1.6489470553906669,1.8699168158688662,-0.4835996044898694
-1.946667002510673,-0.005784513918879686,-3.1710042050266356,0.6178467712892822,-3.6655876888729906,-1.5384817672869244,1.7171441220821535,-1.2598233143133895,1.6512131020983023,1.0488147367972271,-1.4548021522100776,-0.6696690709303953,-1.7912661900594307,1.4396736415848792,-0.6798110979183285,-1.6568767257586934,1.5564991848839078,-1.053116458585295,0.919565036523103,-0.03967533732701023,1.5622021704014541,0.661753188302258,4.039912066145601,2.7129624988221996,-1.3902583173415262,0.14762002187556328,3.8294946086958306,-0.3717471809822064,0.5903833249712711,0.114872135684709
-2.865698709805538,-0.20922976488567527,-2.617606319790922,0.9215120727277735,-4.471754278666923,-0.811444162329895,1.694458682276931,-1.2961837983765214,2.6004965681950947,0.5788809372950912,-0.7601275953368172,-0.5421500048375647,-2.7820588445144208,2.6053522440531025,-0.590281806943893,-2.0293677376783266,2.3041384911934735,-0.5292118430169617,0.8220098827895929,0.40908279880742565,1.5861544056901327,1.6568476329102575,5.190829538687789,2.7693185139830345,-1.8630790576843246,1.4839436991451591,3.4192140928353467,1.2103813497166522,0.8710418848985919,0.9195209736639877
-5.016097304907305,-1.3647176840480286,-1.6726793674934604,0.5659214824388762,-3.955285501722165,-0.9101404418645404,1.4601137181611497,-1.9227655109428459,3.031050278428211,0.42621954748596635,-0.1547197026537135,0.5881450774490758,-3.8365570447306987,2.7413640003087005,-1.079558090215691,-1.228620290211869,2.2954344809548757,-0.5405402273427262,1.0116389326617954,0.5310471664955182,1.4183895055417808,2.3137041802135343,4.068843973692383,2.983875900174131,-1.8927689766359397,1.2964050824270998,3.169050586422577,0.2741339666817807,1.9651481506010016,1.2808319904040297
-5.679553551613046,-0.2416353960705656,-1.2748997628148262,0.7955080896629549,-3.6561124894343977,0.0147017384950614,1.4185957729999015,-1.4156556786981889,3.2567079558929963,-0.030573961638108993,-0.4124900042461516,1.2513128937036408,-3.895182865186926,2.9627562191794294,-1.3749392428828604,-0.41378118539574177,1.8276819878781732,-0.9557346553251476,1.7635578276858586,0.484831881979702,1.9736691036346397,2.2558198349102057,3.9411617265988736,2.2441737680521405,-1.7384892754242558,1.0698277076601603,3.223331044118776,0.18683565878788871,2.837193172789523,1.3525046712231625
-5.509862614621625,0.35375572422121015,-2.0481535876543178,0.32605712440324086,-2.9642431957868687,-0.2818049616195496,1.2660766467664766,-0.790357783678785,3.0826320718957456,-0.06117936877167093,-0.5638166863962416,1.4644166068874644,-3.7137573109107636,1.8070682747855413,-1.0159660820948972,1.0017739932406806,2.0786045386241514,-1.3742188622861025,1.9811323402497918,0.37385921675217626,2.496301467908201,2.4602020166235485,3.6478923884254106,2.0207756015494187,-1.9035630187822932,0.9080550381509351,3.196564485370174,-0.11374692396164898,2.1253348964790963,1.3463361292440237
-5.59262607853644,1.040096980250023,-2.3463485502203585,-0.25933545995080465,-2.303361905164007,0.0419226335280205,1.580446282131108,-0.880780418038966,2.6709900711721617,0.010915811942591419,-0.16357580554429182,0.9217205863730877,-3.1368689651237887,1.6731375988799249,-1.2706225835413165,1.0793124626855946,1.083939416275276,-1.2223779250100182,1.750264854933341,0.42920925452295555,2.0346147711302707,1.8332635681937803,3.8467564031813914,2.0774473491598644,-1.7645962301867175,0.8196724874896177,2.607512950324484,0.5817581296639024,2.1460123748249043,0.8289314680474177
-4.1527852105991325,1.4722532353854576,-2.9707370817816368,-0.4486932922976558,-1.801396193934587,0.12904761020021058,1.563013563264981,0.12771565028779275,2.619103985336036,-0.1686551779041656,0.31180948801134706,1.2346547081901262,-3.104991278746489,0.8335913315970839,-0.9492948499650389,1.5187828064537878,1.3353698130601421,-1.2468397670137594,1.3389942776250747,0.34150063235768124,2.830423152699288,1.1679953182188143,2.8190261389521463,1.4262950364141123,-1.1357420280932842,0.8941921447162214,2.288214547125502,-0.06096935379262708,1.8843186267262337,1.3547031624785708
-3.645497658353076,1.870486140533494,-3.0250862947756434,-0.758061016499418,-1.8078653440596202,-0.42248033025887427,1.3245524093985508,0.3947371999621091,1.6722661854316712,-0.6752200937511845,-0.3794980841866025,0.5928420162357981,-2.5818631973339805,-0.14471869573324644,-0.2550495109750129,1.3368746577005124,1.2055779768781336,-1.4886943548028904,1.36209557822562,0.31418917199310303,2.6988268066593637,1.1576135667903749,2.0943738797880496,1.2629976132646692,-0.9346566868474239,1.0721682247923032,2.0799123792325833,-0.3464393868241561,0.9418915776455344,0.5222756675550748
-2.7625043232916267,1.315046596021974,-2.8390419005260323,-1.536961846752128,-1.6756565555321241,-1.2179323019098416,0.943680788775034,0.5919017034464543,0.9232944286929086,-1.1455568489254317,-0.1859936075005473,-0.20430819341570064,-2.5734303457378522,-0.6143960865410406,-0.28296445066792125,0.9404321536915228,0.5697408763025437,-1.1582932359387461,1.3197484133196675,-0.48324141916592867,2.6634349116718,1.336911899634737,1.4895519092923566,1.5646901042455663,-1.5106110778337971,0.8629021187080528,1.4987542344308968,-1.055750436420741,0.22742128684505353,0.5245312351419982
-1.4704197996443231,0.5625946528176533,-1.957412180009685,-1.783292063521523,-1.6619175741841639,-1.8796347028844216,1.0618230244537636,0.8359393317473884,-0.5164657925573147,-1.5336252925068337,-0.7770452753106514,-1.2521660725214863,-3.094485510665121,-0.2057978803068142,0.3409803050939661,0.2023366030797734,0.6054111252321316,-0.891854757448628,0.9102279009405307,-0.9838387520021493,2.2688293057717823,1.8924865271922,1.8281363342273527,2.1295189039079205,-1.4990515534126003,0.6344509269509201,1.2446018172786664,-0.9478420370942217,0.2523821295942136,0.49291674910203415
-0.9333661570927587,-0.2662701512076132,-1.4424695398639458,-3.643993445544863,-1.4242617585208408,-1.8171695878479395,1.9492457604901148,1.1062176078111075,-2.0666359380548984,-2.1646312727442885,-0.9360880697637101,-1.3364495362110345,-2.695051439772538,-0.977154643939561,0.586510194788464,0.26098243487119877,1.0751718322877044,0.3616345684832951,0.6930768255094613,-1.7213952663971084,-0.055393059763381824,0.7854737696273022,1.4244837859132546,1.5848756216068196,-0.5427045205452127,0.42027535761704543,0.10831306519118966,-1.7353722182218658,2.348004442582525,-0.42150053350464844
1.4795643343696778,-1.1753164413078894,-1.275255606839746,-1.141292971127783,0.2205496053901692,0.9161544185443173,-0.5874787220498264,1.9126700984857954,-1.4336805628101463,-2.8550304081447524,1.3818180074510653,0.03950116395371095,-2.8408881802583,-0.30529509266588256,1.103261780849154,-0.9355511621279039,-0.055751144033674954,-0.12164329259089052,0.5431649453307753,-3.9739825522142467,-2.9551336199167695,0.5851339832081301,0.21577399878208722,-0.9061706847188254,1.1172247453567736,-0.6716586574668164,-0.4420482268616533,-1.0567642047212908,1.8361975176994045,0.08228012239875437
1.716811051771888,0.1888210951787433,-1.0634987547904113,0.7599361064696415,0.6854288542056942,2.930639612921813,-3.285927349402238,1.5122033935835957,-0.9547109833382793,-1.7637278581532057,0.8156908839885009,-0.2342447231087343,-0.9811206987128518,-0.19453319201725455,0.8403180071848624,-0.4099014430079819,-0.11390735043514956,-1.4695414470219066,-0.6684827320204174,-3.5183009009335,-3.4288447898743444,0.33403625884937665,0.9667874411823624,-1.7507400568930516,-0.022356951946589793,0.5685543271642535,-1.3437866906926332,0.4293645961462658,1.6276439939684106,0.9949030971946216
0.9428156413671406,0.9627202432817605,-1.8556599718576139,0.24079431778813268,1.3201406322298337,1.0808150024918601,-1.1483557526863275,0.3278328919490842,-2.5834631396760286,-1.1606620372879988,0.1724720724505119,-0.4491299187359341,-0.9279083388747287,0.16710357576278856,1.054455258028355,-0.3762859984456397,-0.21408568365862682,-2.401445260468625,0.3235857208892332,-2.301579533310599,-2.0137844138402086,2.0908341278130864,-0.05484528825732066,-0.7495742525547824,-0.1585518253495811,0.6728758877527156,-1.2291789968997688,0.4974813026108821,0.8976244606967768,0.9219300583502559
0.5457501507159358,1.5213557870532362,-2.507667206946071,-0.46388398487164484,1.9257999191487443,0.4550441674649046,-0.8701647094699688,-0.1820669281363429,-3.008670043217645,-1.3251700877152461,0.07130608552849413,-0.6131826517378665,-1.4305319758336048,-0.2512573383644695,1.7000727730743335,-0.46216281081086513,0.3782156511631048,-2.692339640933822,0.2403408905210136,-1.469086690685532,-1.4540834813086971,1.9462847156501368,-0.14817763463786335,-1.1060237444420962,-0.037650416630535755,0.22885365639486566,-0.4022851457870545,-0.6515817780949167,-0.2762872228591131,0.8212913222244056
-0.34145377509316144,1.8212897960501078,-2.0543738346568268,-1.2464919730077126,2.216229541241632,0.9331394041010463,-0.09006370544760962,-0.21051639274702977,-2.4050487983443984,-1.6092688873822527,-0.0801527282295872,-1.207973597039254,-1.6397095278269094,-0.11288971046418445,2.0651163310319993,-0.8428505168029268,0.3813005045357466,-1.8573803287905573,-0.057213073274179155,-1.8479629688391574,-1.9183928633559182,0.9158237431693828,-0.4948871989920032,-0.8424499237388481,-0.3611251127150486,0.054521182898164364,0.2706794695299739,-0.8920491479867291,-0.23635619522364223,0.45913871990689425
-0.9966795690784576,1.9231621650530606,-2.915014340057138,-0.6983356352441145,2.41024027725166,1.327677373192457,-0.15999205056690421,0.45152212388448293,-2.2519674876059694,-1.5684158691588206,0.4992600629911934,-1.137521818536581,-1.2622328265817924,0.2498236283335204,1.783287904640936,-1.4181460924209044,0.01261981561385686,-1.2985237049246219,0.4316188600593777,-2.4834720814181197,-2.276213379846569,0.6711590338248917,-0.7337391735874281,-1.332240973785003,0.02357763218665121,-0.026571835460660137,0.001900604262556338,-0.5578340237022402,-0.40321154278015786,0.4183258520875343
-1.1070600258104315,2.0369871355775104,-3.6542965845113735,-0.43630956920609343,3.19123504999813,1.4759668054531778,-0.7082683589491249,1.247232037093489,-2.400071310584042,-1.1189719211667752,0.24996871857253888,-1.7433007430971033,-0.9278845399449778,0.5074872557208684,1.4811344226567555,-0.728751435834457,0.146046200504725,-1.960654978137199,0.3173589331368877,-2.039165431595236,-1.7259423042704962,1.2077944384206258,-1.1650030840884884,-1.390774352412587,0.07848007120859207,-0.13586050433246954,0.2971927807448502,-0.5352632226531033,-0.8175651099184739,0.5969438367593856
-1.0093938570624217,2.413389965439627,-4.098031677028947,-0.8281043929648633,2.849522820840454,0.7359221149739616,-0.5392299750930734,0.9606147094499565,-3.249119419138882,-1.3364827921114184,-0.02944760256340332,-1.7201056185537662,-0.6639557247858502,-0.08346534509719972,1.9125962720657517,-0.9617748748004948,-0.2694922432433638,-2.12425581448805,0.424652458112593,-1.4786648382519898,-1.792488053872108,1.1761327535413262,-0.7823102559181885,-1.4201447238945724,0.5461440107925717,-0.03128285640647541,0.6606448422230592,-0.4240498750562149,-0.2735185305480107,0.26279119073097235
-1.3717141135143975,2.0887833122462474,-4.612634013015463,-1.2752065799183396,2.806528470153395,0.7573481819081028,-0.6929892787343386,0.9068881295435764,-3.6302503824425685,-1.895061499402195,0.0769719817353395,-1.9665726773634593,-0.5353647063014153,-0.14818687775178319,2.388667072120757,-1.70009698697237,-0.35495294998484594,-2.0820588321533533,0.09371514144316433,-1.5794095738126217,-2.0946879764469433,1.337377244080312,-0.5832700672349219,-2.341558164676785,0.5474805779098695,-0.4257159095133028,0.5826947031241301,-0.8068523173918869,-0.1294338037162717,0.47195171912100736
-1.814798589408245,2.3603611980327703,-4.628492906347529,-1.6245644162434387,2.2077019113117555,1.1914821067570336,-0.8800175288882374,0.9269288108401514,-3.648929445725277,-1.5127850718708016,0.06408543912670717,-1.7567976931282094,-0.3967041396515497,-0.6437981019205617,2.881966454906075,-1.708460935920121,-0.6704481143969108,-2.544889520219203,0.3745187370054107,-1.9574572984498297,-2.0563774012202387,1.3257712140186901,-0.8724989895438796,-2.7130083306726593,0.7519683877063252,-1.1042391896371966,0.4246666991986277,-0.9423699814162942,-0.5246846167769947,0.6108901963464891
-2.6100315061176556,2.441551057440925,-4.568049777058648,-0.7412983418324155,2.2517899631844243,1.6774870163767932,-1.2226956998411906,0.6293777384114503,-3.5693404065945,-1.7239885646661528,-0.09273068728353329,-1.5705761287227398,-0.48409474693861654,-0.4583209537170262,2.9846807877204435,-1.422558681538253,-1.1958807661798243,-2.642345242486159,0.7930859709780538,-1.9879279261770302,-2.1303989219667296,1.7735312750534233,-1.219386122502221,-2.3687476385119064,0.9796916650648853,-0.6335900560815633,0.7007625399878535,-1.3000403278626995,-0.9043734031668703,1.233558061299071
-3.0553017710103716,2.8156819763153775,-4.1162768988945695,-1.4826581959429275,2.108680913684852,1.846018785029932,-0.7020879128134785,0.9171250155956748,-3.690374793898403,-1.909683020108414,-0.5448289986273508,-1.6842806397755303,-0.19210101265442114,-0.44297813369264133,2.8446696684503063,-1.6902283276262382,-1.1720178280906683,-3.077082327413988,0.6469055460005136,-1.8163892994719255,-1.6264556571285427,0.7862367439290486,-1.747191169915427,-1.493340315760364,0.7506274472033643,-0.4920064263083687,1.4566369765983125,-1.6547830365093352,-1.161437534080523,1.7095961636289845
-2.6712534400398917,2.263696769832584,-4.318548512601868,-1.0392292163394714,2.2099175507420448,0.9241271930262401,-0.5028854351160931,0.6906629612073341,-3.98179137954749,-2.386404821408563,-0.9060211788325725,-1.363703646026905,-0.0038716071608863936,-0.8239263183658929,2.523806726833509,-1.3046762422279092,-0.659237111031751,-2.0948993157542795,0.488269869398331,-1.432028030309454,-1.1800684663166896,0.813090411152805,-2.322328316177188,-1.2083591231644304,0.08999288776076048,-0.5560367950539975,1.5967255844915311,-1.9028751261366958,-2.125243151583905,1.9471726815466113
-2.1691763807842444,2.3492442143157,-3.7743789501239053,-0.5054190208069572,2.062022498196958,0.5951602315938567,-0.21650923011313944,-0.21454319566332186,-3.8619718424739795,-2.7837958234935387,-0.6697552937711884,-1.541740758897645,-0.4261153436526763,-1.2440650087227292,2.485604897500263,-1.2583934881710728,0.17636800972065658,-1.6680568697730056,0.43801645880396883,-1.6498535645458736,-0.3058879300725831,0.6712671819543303,-2.191798754948593,-1.204123217322002,0.17988491309508364,-0.11957788610229894,1.0094653680162267,-1.3147369803568827,-2.351292553230966,1.2549650386025932
-1.4846044834910042,2.1623645806795118,-3.852908014732701,-1.032664462496675,1.5556115074965648,0.20077327413080098,-0.17936876076043823,-0.11318938691303518,-4.1328685170315955,-3.2260394850576777,-0.759064768289118,-1.787742557171907,-0.642319632169855,-0.7377686838389619,2.2918137752339964,-1.042247017690441,0.44813075277874764,-0.7932791227297497,1.1566773853951637,-1.8005239997093232,-0.12296989482180642,0.3722987852432589,-2.4529664105160203,-0.6769558986538788,0.1896153472968418,-0.4827767711677452,0.5562720586263739,-1.2172566923196202,-1.852166091997324,1.646609596342791
-0.109454376255433,2.305531145238924,-3.784519480410401,-1.2073617717379515,1.0034842581428547,-0.5178028180437655,-0.05111171766352171,-0.09190378976951155,-3.8800454026119997,-3.8366750790105257,-0.7537419301345165,-2.2930066676477785,-0.9787904019472177,-0.41219526706796605,2.5185432770575793,-0.4401337318771121,1.3060429897902341,-0.9652390547801256,1.29221529774421,-1.763750914731167,-0.11190167660361856,0.6030241748842946,-2.882770031356845,-0.17451299570558607,1.0121944863579013,-0.3240120598062666,-0.19691207736429647,-0.9248060180368607,-1.701502893201053,1.5264471396758843
1.0771661362195248,1.7744978282529515,-2.7317528792988175,-2.7253421400572484,0.8569794343199166,-0.9779775132385856,-0.3301310230467221,-1.1174462074935838,-3.9880168657268062,-3.5502218928955847,0.25379737551397635,-1.857235953328847,-1.385577827837752,-1.5445119331966342,2.570925306867667,-0.8765982498884126,1.123345011126842,-0.4754258307804169,1.9458037720281323,-1.216060520415085,-0.13860047189386787,0.23441348479929208,-2.5380298971418265,0.14385962747300277,0.8372675510266381,-0.42048416016739476,0.603915165702978,-0.7561177020283334,-1.3663330527479014,1.1298527176536526
2.1010346293012705,1.4084049639039053,-2.5573123747691477,-2.5616755033772356,0.8500581598413627,-0.42297719166597847,-0.19238706178668633,-1.5774572141414382,-3.854292671908714,-3.043364260642928,0.4601156004988715,-1.7127077857327906,-1.4059759099134965,-1.9793630788450365,1.9831056645055416,-0.7693618121861134,1.161433945715162,-0.4349426455624792,2.1934099066411803,-1.1452866558669428,0.017826584522669747,0.7044913538493519,-2.7488306227640966,1.5278506743522693,0.5538306304925245,-0.23259837383658932,0.7089583085361048,-0.10195327954940983,-0.7120786391945274,1.6967540105388594
1.8697032262007647,0.6603837219455619,-2.114858210288691,-3.0924441324126337,1.0151148708495887,-0.5889935356829181,0.6400368467122746,-2.1270353852226713,-3.9046736499878314,-2.9620448201249765,0.7572229969248713,-2.0527801239535948,-1.5464464665955722,-2.0273082229988,2.1816228602496603,-0.9798872431882025,1.5016876802624015,-0.021968776591625522,1.416062066974137,-0.7488971321740422,-0.45074328496380134,1.3896052008096078,-2.1989600231681257,2.529417386598668,-0.13365313931647763,-0.0034151889125372953,0.6003676674892784,0.05130338642977148,-0.07050986072661933,1.4724662230051901
2.208383348738007,1.0122078848183713,-1.8725303421401718,-2.603734944250158,1.272807217490624,-0.05465973103529284,0.5115951156716426,-2.16860619102912,-4.191554501576205,-2.4922500009852326,1.4154827633508271,-1.8997684073060668,-1.6654879436016095,-0.4115298603674275,2.1483395624128963,-1.1045767866836174,1.5736896124215178,-0.21782096404255952,0.753485572281958,-1.6763945201375716,-0.4659118849141832,1.9787093437680385,-1.406495769523509,2.426329779638009,0.3943778906242091,0.021981388314510616,-0.02597980756513174,1.099021917118917,1.0283168141543955,1.3169996372804558
2.0570921310968098,0.9424223465398605,-2.194563326526939,-1.2847411050683923,1.6898360181399015,0.7595327849758603,-0.13416426772515355,-1.1712493975141793,-2.9629923997265677,-3.037900197216293,1.5027945131674665,-1.094353143572423,-2.2893750468536185,0.8341225647873466,2.2122613449224815,-0.29249977609494454,0.837969459791343,-0.8063029597853699,-0.018439602487184792,-1.7202789429302063,-1.208828228600333,1.8140782421408421,-1.036375332980735,2.008542708855872,1.3989840761159298,0.44613891491145136,-0.031997070450593385,0.7990518059633442,1.8667329057998796,0.27971214152499324
1.7952068695396166,0.019686793826887233,-1.6772666201843918,-1.3690474521856442,1.6998191866813168,0.9374015164716445,-1.4892151719776665,-0.4895569410330206,-2.7889502174569203,-3.0317729273952727,2.148245204752133,-1.4536674018702507,-2.3906108769018317,-0.23476578938145298,1.7378355388993452,0.29497001088235675,0.04289428905098694,-1.2672723402828212,-0.8343766913845285,-2.572968314481362,-2.7883704646784198,1.5647623161627684,-0.8491208878808792,1.0378999974040641,1.4288932517239223,-0.753753346612519,-0.13135495174066736,0.19081941407031872,0.5574021296272982,0.6522814459835379
2.558880993714786,0.7030718646874516,-0.7044372133426342,-0.41102442145975127,1.5288953971239023,1.3497699646513113,-1.8373058137235876,1.2514872919193616,-2.435212101265986,-2.1237776007974762,2.288330247276844,-1.7771619805330383,-1.7393587688187258,-0.3773655766194104,1.8730348784543778,0.32195118726649574,-0.5605170123868467,-1.903278224840583,-0.7702881970780516,-2.422905246296616,-3.402515846427763,1.4050985299117849,-0.2228503084371585,-0.5807198999863651,1.0037013611328762,-0.8043397904506007,-0.5747793705232889,0.17476624655878584,-0.032276680651668804,1.1715661692730002
1.7266969533606469,0.84570363273056,-0.32659380334843524,-0.14085507173400877,2.348694745685333,1.6746490326646133,-2.0403413334809026,1.2420859964366964,-1.9259587388803114,-1.2510151573213746,2.3254551341505083,-2.451921146228589,-0.981917637763357,0.13930858374823088,2.004902505237241,-0.1282752468208926,-1.9560502000593496,-1.3455478684721938,-0.682578602701797,-2.8218773303596425,-3.852092710978656,1.4511913140985988,0.0851879229701266,-0.7179835152569477,0.8825189732653606,-0.9655940482735933,-1.5333083480799088,-0.1955549057815558,-0.16412270494170622,0.7192888309716741
0.7964532044414129,1.0568198116067653,-0.45890910867021495,-0.5004674452128958,2.710112740802831,1.6469551774918216,-1.0303121584708783,1.7938272695397253,-2.227258101871538,-0.8639849132684603,1.44589310072789,-2.8116282451130967,-0.3973454318298947,0.054785455605182,2.3010924594962083,0.24213508270980583,-1.759294064780661,-1.6006093743472483,-1.3054237404299252,-2.455403079296651,-4.775217246174947,1.511318944888887,-0.08545962379344722,-1.4409856295478851,1.3130141343562376,-0.5643619379725855,-1.159699505472955,0.007163788859084086,-0.6012926404031377,-0.09461254592185242
0.35671162474098506,1.216360164205182,-0.680513966993826,-0.5224709003953891,2.836461761557336,1.9202489589894347,-1.866643071613397,2.4080595199120616,-2.6405927634923287,0.4100707790408855,0.7388483208629916,-1.4791937435310551,1.014297323426429,0.49315620764086443,2.3055931048357214,0.30215096531878033,-1.497758738794314,-1.7954305200896297,-1.600125279356645,-3.5718772500957643,-5.235726180008676,0.8059970434622874,0.30960566410005586,-2.1316237195267416,1.1723238164562977,-0.021981551301213598,-0.793039066028733,-0.1383554224361087,0.11518241944012325,0.5110676052456591
-0.7400320730504497,2.3388119951046282,-1.0289638347681267,0.4280240427699446,3.0518881510020366,2.656386585011573,-3.2250467929985835,2.3151270547044125,-2.698160430657814,0.8996412542416102,-0.3600324139434633,-1.2384768497381327,2.288602317376185,0.5253499378596942,2.125462868780915,0.7645571785038607,-1.2882941641106347,-2.7240278935938615,-2.1834505117892453,-3.5294802045878204,-5.602880564323264,0.8944850594670407,0.13286255829795535,-1.0150652953822357,1.3684250058900975,1.3648249098914276,-0.5892210715710496,-0.06884003093912933,0.20979762761786963,1.8949208199494043
-1.0458854725229743,3.0677235798796847,-0.6173754766872741,0.7035118093958421,2.9312973282212744,1.7177730283547514,-1.9389524479185247,0.6998224623666607,-2.7153605757959385,1.0154116077280717,-0.9321473464552881,-2.363843549714955,3.0535826065012914,-0.46522269050586995,2.7830034280244393,1.9322650629444231,-0.8991933428988771,-2.8768343975228334,-3.46743577435453,-2.631432191601151,-3.9685694321453107,0.7731035666764445,-0.20604539558311896,-0.5056604507100156,0.9185395659362322,2.1702371069179685,0.1213233881128643,-1.0191941358901544,-0.38654320853216523,2.048982045280688
-1.2639400511651984,2.5516903859627953,-0.4283736846764878,0.023621226792495037,3.5498232498734064,0.26124045267917767,-0.7508290260805558,0.12903745897612695,-3.375623170447204,-0.04091516091072522,-0.8667421885157263,-3.148018230148661,2.4263054088122207,-1.875570490509221,2.9559520098506686,1.7478003920866425,-1.7833009621663896,-1.936752403479176,-2.7191135148391297,-1.8591165017869014,-3.4442544864963187,0.4664623329449598,-0.43979310577460534,0.7468209144574893,1.0081608179967456,1.245561561659534,0.523259421246898,-0.6615071359998874,-1.2763296777670825,2.123740965574344
-0.045777417868868076,1.872115168857369,-1.294603057499313,-0.3268269503615598,3.4095337321817882,-0.278850886132536,0.32285602133582425,0.6812167777814297,-3.951999614269934,-0.3440714919971647,0.46586348785095666,-2.9648115840685088,1.2501461031080783,-2.1197495272572358,3.0189336408870937,1.2381164699247684,-1.4953996338420203,-1.6235848691007568,-1.6518934370009517,-1.981407299257397,-2.240381587468992,0.20132116410367462,-0.6082227429064888,0.767072074480092,1.7184825017420715,0.39038321314607816,-0.03241908787311494,-0.1381214280814516,-1.2462686753037941,2.3500832027614145
0.317346684677401,1.2653593713188607,-1.6515570446073342,-0.6971659092517966,3.315349621363039,-0.6342140166694359,0.23884687969608012,0.7209897050817256,-3.565946319226743,-1.1326562860257334,1.312431874904288,-3.2280935500516663,0.45550700863449267,-1.326820818534359,3.1056566645027197,0.7562742677405097,-1.441817350259695,-1.3043123526244391,-0.9206194450906879,-2.468288970318359,-2.6425259127036727,0.06859745744421362,-0.6834002177897576,0.3451315304560792,2.436893525610085,0.24918304937651994,-0.596970116817062,0.2899130902778331,-0.6528453772998526,1.3652376042151937
0.8814701816672751,0.8615416123459493,-1.9019384504077141,-0.40258382856044983,3.412338633962478,0.00888639207987102,-0.15303506333446387,-0.08633215942433847,-3.4320652290177396,-1.0209352712992208,1.8754206730984817,-3.2152809217981533,0.292938287008765,-1.1458915167605799,3.06032976824766,0.3701751284141882,-1.267221025527693,-1.2630814869799734,-0.29822944415273245,-2.2910166713629616,-2.9344397755201728,-0.017333426095734003,-1.081276042580699,-0.20573124284608954,2.744058133893044,0.05665628953738644,-0.8626915450267894,-0.42490452515315313,0.00730545878894677,1.6687416511224056
1.0136334668939364,1.4730869491591636,-2.8045188703649617,-0.5256258903458285,3.4416827062266657,0.454137362538134,-0.7069019411573345,-0.2696108430155213,-2.7661088068360793,-1.3178734709173094,1.4903378483597163,-2.660716662263577,0.6300314511540933,-1.8109654232627732,2.6066141883738387,-0.017622638826819234,-0.9196623798428426,-1.8527155332495988,-0.002469518336619708,-2.0789111491265233,-2.098402452816765,0.12103641090161563,-1.3565002731743678,-0.5047207112606781,2.607094790404898,-0.1270528953750688,-0.16055967027196205,-0.28359038452526353,-0.07968661380944304,1.853045215125291
0.8779107502703822,2.3359657303268766,-3.1746332183824846,-0.9496121261536878,3.0081351012017032,0.7144157873052703,0.09470147476914892,-0.8132581503742938,-3.0082859038118097,-1.586851739079224,1.518032519213094,-2.3399582389114375,0.4333100457180325,-1.5759199325586122,2.816075863105048,-0.7498276564722208,-1.0149031370253305,-1.6989557303056881,0.3140112107982447,-1.5655137366512268,-1.6765962887166859,-0.1851948687402321,-1.6841200179905516,0.020852406334333898,1.5343110246606946,0.18735308411352314,0.3239356576538862,-0.6565461662236579,-0.17259208749073535,2.113869950725652
1.5213278764500282,1.8847492963367816,-3.5443144201619066,-1.2939960514594344,2.5020094156636707,0.5034592045102256,0.719873239599604,-1.2087702514232017,-2.8776201915692186,-1.6735367734230338,0.5745219164228614,-2.1186354272221397,0.06500772687088438,-0.8083933193431657,2.861966103042608,-1.108772071522624,-0.4856648383192473,-1.7192415387561082,0.3705263838545555,-1.6483053787139252,-1.2597617192825845,0.0904788829010996,-1.8280767909998379,0.2431681977309595,0.9029181504583567,-0.14935454063350978,-0.06276047256236458,-1.0031238186860811,-0.3658267241385411,1.9729297036928186
1.8129555248773588,1.818565048137877,-4.434111587521376,-0.5005836226681231,1.7488377274741824,0.9457827980796416,0.5925003698055648,-1.7212725308555188,-2.604982835349992,-2.5973286770247657,0.46120246218671906,-1.4361006441540964,-0.9439004505466189,-0.5408373186924873,2.9265776920483706,-1.5366488552834634,0.08496012919340198,-1.2513836515973844,-0.2804075570284712,-2.362927708616774,-0.7697515591548868,0.8344879869577733,-0.8941598656610658,0.8439104001993007,0.47609344868716874,-0.43993125183142134,0.741322841319239,-0.8233675264463256,-0.8634859117471106,2.021547481271109
2.6461314792483086,0.5472006742167507,-3.928010900866088,1.166757847677306,0.45727838416974514,1.7131592195660903,0.9345396765456349,-2.7077107921414596,-0.2443353940499131,-3.1493142741559605,-0.051202036059652456,0.3715809285426373,-1.2478918231277443,1.3705023429104366,1.069633746718356,-3.1811343385990187,1.0356519603833092,-0.2467056206464256,-0.7566202945339715,-3.9284629922537984,-1.0290060548517266,1.4271482739029506,-0.0929576457037462,2.7811944872447207,-0.98376592742797,0.3051158073116216,0.8652578874689071,0.12364970507410655,-0.6871774547510663,2.927917305342708
1.6297307664141327,-1.026934855375685,-2.7891158520240658,2.355780989993722,-0.4358867893088084,1.9636500272838315,1.6426947228129047,-3.377059478973151,1.7772730174088798,-2.916052711217656,-0.05496130067009851,0.33148031740360706,-1.4567569543407293,2.294474094209304,-0.519715809385275,-2.2902538156829824,2.4606963000033577,0.3276022487786769,-0.10030373322245467,-1.9251477222690863,-1.0365448434739637,2.4123689934801567,1.4988701106461237,2.605119417401112,-2.0433600891036834,2.056411116111378,1.6589682023691126,1.6743580123324873,0.19821547719629498,3.2728426894029576
-0.013554385001330937,-0.4469445775815542,-2.263662703958892,1.3456464639666852,-0.5851340636681907,0.48389351403617364,1.2452961618050487,-3.12691666652058,1.8691940656653414,-2.4334639925170376,1.538057190674009,0.40744191645948424,-1.2650191491282075,2.6422136337839035,-0.6633620281834628,-0.4099945287769395,2.460033894949897,-0.26971662775931904,0.021058510453850106,-0.8401492988992393,-0.06196010236848784,1.748787902551092,1.9502210464258043,2.715903418337317,-1.8656305259816615,1.4152850586917434,1.3869168490405512,1.3516131041773998,1.4189081941005957,1.9089388510619376
-0.019508021195834446,-0.4299575169894636,-1.5635110816932511,0.6761885455690703,-0.8685323183514205,-0.9619119736403335,1.4467945962410302,-3.083248296886347,1.514340966978027,-1.3317216222749828,1.5911259430604283,-0.46782674630453003,-1.5223297917824492,0.8022200916435092,-0.49717472973293186,0.3747819296144862,2.5030430184026025,-0.7979421929403043,0.37869301050791015,-0.2268970515553621,1.1552039212835639,1.2789868623365448,2.4729521475953637,2.4185705656671477,-1.2134054896795305,1.1706327335008204,1.384991130709539,0.18650516132073935,0.851070084573085,1.2864600174878453
-0.25801758516057677,0.21461224566899692,-0.9528017648564375,0.5260529420183538,-1.188532064943414,-1.0414468106684123,1.5716291500434683,-1.5165101700201,1.2978523759530673,-0.1651988716457286,2.0478334909842197,-1.1748414013982376,-1.7923105577241023,1.1632927213749704,-0.8134149104935894,-0.40626781345854956,1.7649046506971677,-0.9066347275556342,0.5991604221926071,-0.20619532795387463,1.7898304653227894,0.7921511528858278,2.0887730850667383,3.2295600054074933,-0.8542562851651572,0.9216465232704406,2.46550965757854,0.5636328421618193,1.6521986424214778,0.6392857988253857
-0.7009546777758131,-0.02676120444795231,-1.502851773653758,1.0165420585766947,-1.2356311681772465,-1.1566527214198545,1.0514755836812824,-0.7813816420483548,1.2658086231001944,-0.9175148674088314,1.7951366965093427,-2.307495407046877,-2.0764340782367676,0.27678435777963445,-1.26017360961871,0.12262312568666206,1.6263763461764311,-1.9255701856074106,0.4211441303503919,0.7522111146052627,1.6973718862463265,0.805821080655095,0.9918082956093015,2.8688733921680813,-0.23643161720956832,1.415430661923463,1.9374254942007252,-0.19525896878262172,2.1626579285524046,-0.2202727043967107
0.14435665102730205,0.3917152770255754,-0.6401508196310184,0.24644256523619168,-0.8460514200699317,-1.4464778245199865,1.2815300007356891,-0.7077989165546452,0.6551079503323478,-0.8061703043708492,1.4663141656877798,-2.4528253603705936,-1.375315899827621,-1.2892243622927997,-1.1270015964387319,0.509239023183486,0.9353578194481229,-2.3415697921271468,0.8851444961869408,0.6212745699662698,1.6094350755658224,0.6324016471283054,0.6184103426937151,2.3546758823821707,-0.7490938218673617,1.1140479733785522,1.6785339435670596,-1.3389835964024714,1.5095340000826702,-0.055153779517594814
0.15926825191009092,0.42273700646547074,-0.6553316086977197,-0.7083962488480162,-0.11446271527723961,-1.442075360176815,1.6122178318416323,-0.6329566748809834,0.5383515594222132,-0.7602133303270507,1.3188324022575397,-2.639460201837388,-0.7648988228131377,-1.263326478674677,-0.37162848085736966,-0.07309087869190391,1.048553611764188,-1.9626286951766014,0.9873147081684303,1.1085757371212808,1.576039766125084,0.4739926467118132,0.6349130205452752,3.7198547873452186,-1.0140423886651675,0.5095283566745071,1.4197464319950874,-1.608410740742913,0.020070397772903526,-0.5139256631997542
0.8764066968740046,0.510622397171825,-0.022181970293293413,-0.7065729481375138,0.1093491792162018,-1.4474243679311996,1.894446924902581,-0.6064444852299111,0.5095960399124391,-1.087517734687341,1.561572580101194,-3.138216561589926,-0.9176151222004623,-0.4233019827682199,-0.5183286206708034,-0.08533396682386662,0.6993543170501367,-1.6628756092875863,0.7193649418954727,0.4524912467393813,1.771008873720055,0.3129256248015514,0.9423852708408794,3.8173441548332954,-0.8534563277960712,1.2175030782134053,1.5561639587023006,-0.7974899779786602,0.11975771188621154,-0.618721377966253
1.6550437095120871,0.5419640427788295,0.4705841186896036,-0.9431368799972462,0.15269562130622344,-0.9297953234191285,1.9357485950296283,-0.7443926801177989,0.4309753464031464,-0.9995571247413066,2.173620012306337,-3.1239280082631393,-0.8560946461419728,-0.4151948385339316,-0.6716206487144527,-0.36322327745142935,0.8605766047959186,-1.6025937834246928,0.5073726448701431,0.23945472273064972,1.5935657501059852,0.44918827734963357,1.0210897882940255,3.8742109855898548,-1.1736817913985351,0.7005380711182423,0.9110452595521815,-0.9573438237224201,0.08951125673049688,-0.5540520654950876
2.50860851776796,0.10334017852988749,0.5438845180623016,-0.12683435549858646,0.5986312308424675,-0.12058572426098896,1.9376362433342749,-1.3863693287769034,0.29092943572851127,-0.7980169500265875,2.6619189735376105,-4.211215511652213,-0.9662110990208995,-0.9666381717569701,-0.5918755794408803,-0.37606456546389416,1.3835388563339643,-1.480902464448472,0.1535356301549289,0.17569779526268942,1.4886902750489694,1.0909808736551148,1.287978171600949,4.16791483439463,-0.665685609756438,0.7763419688590429,0.48948170818742337,-0.5109997425708628,0.22359987570031775,-0.24292530641607396
2.8285504033565276,0.20282617937859201,-0.3526163050939428,0.202778141799654,0.6615759990482084,0.27168175807207595,1.0496472247086608,-1.5853056488343602,0.6499185850127877,0.08034090798949262,2.973566674816048,-3.849100197483665,-1.0464271688822628,-1.547090472967667,-0.4844177261855551,-0.6790325184034604,1.0304815220917003,-1.0483884026192771,-0.1253446495938707,-0.018530782240280083,1.3595947216814204,1.6794351612141991,0.6422905234841916,4.662912886212163,-1.0116954769953128,0.39976128910216546,-0.0029749694003918803,-1.2456037540733993,1.1909332561698907,-0.2302112990489582
2.62719634402228,0.7015388147835743,-1.2596036816654346,-0.0239514093251513,0.21735528880951868,0.16632463607680886,1.4011626284770164,-1.6317343551255334,0.8810568784289958,0.010371479608708045,3.154954227046447,-3.9069369130831957,-0.9921708295752529,-1.460926772091114,0.08714100428024807,-0.6349426916909655,0.8947282919527092,-0.7167020024336359,-0.45755447925617154,-0.008420137903756397,2.1916636158342513,2.8730166000517903,1.0739503320746353,5.563807492152131,-1.0127031485550428,-0.11476916859420615,0.07031019762566035,-0.5507496253460789,1.0444060768024546,-0.17544913654691002
2.251714755477278,-0.3125079728732312,-1.0025884114792634,-0.12303304374940101,-0.19482103780228344,-0.3173373361538514,2.557611755814054,-1.7457711532382971,0.761086307666475,-0.49347120065664185,3.371468374230108,-3.6174664274687345,-1.4108508899955359,-0.725033145493877,0.35086417694823,-0.6468709151263488,1.3935573046703211,0.23616428701645176,-1.3042654968235419,0.10895055449374239,2.010263152849897,2.7310056420972755,0.998857184193778,5.715608478391157,-1.3804438219683346,0.3373824931472178,0.665320930378067,-0.5072974589436354,1.635592250808072,-0.4192777799611934
2.349952647368193,-0.782734822205065,-0.9102446108884727,-0.7629451174125311,-0.33072047350110556,-0.12428557552537144,2.3426207262959817,-1.2717324203687936,0.41897181689705215,-1.2417157061811446,3.1890086585492696,-3.2182410160864423,-1.5323171133961406,0.08399467073802863,0.06710700690275671,-0.4174874076360033,1.5022726410845606,0.5725766717616496,-0.5274717641568012,-0.44583304901008475,1.9703332198127617,2.4167261119794534,0.736273808825768,3.8783273063524355,-1.4061153411146636,0.39427051160225235,0.9703166293231695,0.038487149808316495,2.4920791220594145,-1.2204123554548332
3.9875742476105707,-0.8379075716203035,-0.8810097038029312,-0.2156584647713748,-0.9128100086578346,-0.11795319743938154,2.0544269826740034,-0.076644379653595,0.2348006566837349,-1.833015715430354,3.58973451839409,-2.80356938395828,-1.2780966653388937,-0.05362018717262925,0.48903628538500005,0.07384492783917503,1.1458402210440066,0.16051890328810503,0.154655383872939,-0.23745432843318545,1.6206792369832717,1.991337912935097,-0.7508403917915037,2.8031042004959748,-0.7690229876021587,0.08985592968149607,0.5590960043897277,0.24194307695302048,2.7230556049453516,-1.6192909407243774
4.850642187774574,-1.8348336698780088,0.5474201483268405,-0.7039263001001497,-1.0699110824900637,-0.7390552407078463,0.8985610369839397,0.20955041717316214,0.010328432553356998,-2.4384489439451755,3.901220093027203,-3.403242866711618,-0.46117114654164526,-1.2704596645649902,0.591378906795754,0.6275158221676866,0.8500226890545522,-0.20827122702482126,0.7347405188932419,-0.493607278027109,1.070535419525193,1.8451993182283095,-1.6900259378397595,1.8162364647857148,-0.958791963565413,-0.3866890194987656,0.33811159448685985,-0.1703684157762701,2.021730226522896,-1.6154497347926005
5.765939551094589,-2.809364642297896,2.2139489501837897,-1.140656802394629,-0.5685143711529627,-0.2313849637519548,1.0383912163361984,-0.5414312308968611,-0.7677988498813717,-1.8857366185598539,3.7624737469911143,-4.1999721316408545,0.31465462105166925,-1.1875716356493122,0.3468289722448087,0.32880761023853733,1.0851953410141102,0.010580381273035872,0.8916223802269476,-0.8363596056569002,0.3050879481969908,1.2012967191953772,-1.190599073937937,2.1101700644156094,-0.8028636344682456,-0.5012651336914983,-0.06293766712672716,0.3962321810007722,2.1060185712381414,-1.12981518940116
5.5684440760361635,-2.3698964770454896,0.9861823291199562,-0.9962761667151349,0.04797589426841455,0.07976327607519038,1.4803666611348867,-1.4470086523368824,-0.27181315875907325,-1.4206572583254231,3.917702926978975,-3.8730229225512445,0.7073733680483267,-0.7336275125446676,0.9919923025726517,0.21611830880309416,1.2380562920983789,0.1517641620436316,1.1456280702810684,-0.19564992456976493,0.006195031468450046,1.5528636214730311,-0.332712337029968,1.0185691734785234,-0.09833123977889913,-0.9548171147532195,-0.6005026998256437,0.4590499683198179,2.5507963676230743,-1.9883615729849529
4.832050886749263,-2.41252834856124,0.2190634396698137,-1.7657595841346185,0.4353077104046209,0.5281446735698905,0.8564993341368927,-1.4927507096016677,0.7359706526757797,-0.07846741301842194,3.7533412070738033,-3.735025180566196,1.4158281369802497,-0.834294236484433,0.9910314618521852,0.5731870953659469,0.692803776377445,0.14634162773300363,0.8522350456112616,-0.09552312379502842,0.2631190046382442,2.0311534273998024,-0.15810497169253293,1.75077943473042,0.24060111434066364,-0.6836879118912723,-0.32307388391810643,-0.05178623272455557,3.0494549961060273,-2.3502504083326374
4.667603907293077,-2.21143272446776,0.07435257591146435,-1.7453856756445159,1.1155855442414992,0.9316504970909114,1.7398990544491268,-1.5333732931262427,0.7893368503131911,0.4558063150171331,3.6212684159660347,-3.003461693456405,0.6647473845810559,-0.6879294300956176,0.9434717057936421,1.0969059673967483,-0.1296190632648853,0.36856308621898254,0.3204585283965142,-0.10231782936025854,1.0575587793355563,2.114474743628162,0.2525613650657008,2.4383200246190153,0.5916305858065372,-0.5458630924358964,0.1457338415420774,-0.7926869371977114,3.378595025802336,-2.5963132660948873
3.875183238877369,-1.3678214042973729,0.09729356228627686,-1.8649292618475446,1.278505242983006,1.1674877766356695,1.510865673307753,-1.3396116919731158,0.9566186480006308,0.5000544363251476,3.591636277468806,-2.4425660913434197,1.058504805842443,-1.1821984743669645,1.4018617865918137,1.2772063121194575,-0.7242128915868231,0.07477567165340143,-0.3237110506601144,-0.37508102942635946,1.4819081085410994,2.1564863627784407,-0.27934520105172034,2.308833494073191,0.901361321340967,-0.7752544151280749,0.3965470197893618,-0.5571480682279988,2.728027895549356,-2.3426968573395985
