-0.41646113348418495,1.2638656221843783,-1.6318121414959068,-0.8957969734844716,0.2876260921275525,-0.08292137785384393,-0.051303649777525474,-0.9288516563428637,-0.8353552823947725,-1.0878368490386245,-1.1076154911815428,0.34362030778809716,-1.5157196061546026,-0.06409618196087719,-0.2809296314307254,-0.7204775685190337,0.8090516223308793,-0.12540084450214078,-0.13574815995412567,0.5076236013064972,0.4503488516710643,1.4214254362602938,0.10793188164697819,0.7481846308537711,0.25619397516846254,0.6754858766806618,0.005537866694035776,0.14687682649855963,-0.06274580708777351,0.0031476219844507325
-0.6097699412874024,1.8779127677000467,-2.4947598003952187,-2.08204376843303,0.24413291594524394,-0.09550016294438027,0.33061550092866865,-1.5630696061919596,-1.8162655209286886,-1.7571741672957903,-0.8183468785332486,0.629181046712283,-2.0739114402042986,-0.07610798763503147,-0.4147586872548693,-1.2001272916182302,1.2788543869930402,-0.8058142073102419,0.24316233889016334,0.08075833238109212,0.6206738134279811,2.5700944065984377,-0.7087217305756077,1.1597777812378984,0.4356241724915095,0.3791537232704194,0.9124122059107956,0.15982325796627364,0.24049668049504352,1.0589764887548223
-0.803212702478187,2.093267018055335,-2.6095099082107143,-1.8791389231214022,-0.18057291199587008,-0.18565445469338193,0.11038908496575175,-2.0846960592030923,-2.1483249235518045,-2.6939464985977466,-0.09879787311252719,1.1161583089946188,-2.910654629015067,0.06565763976304148,-0.519692791551449,-0.6674210933780894,1.392442133321301,-1.0110495969812532,0.2433875359927038,-0.39035932271273033,0.24467582850600583,3.44692854662698,-1.2705821717030354,1.3616016119883418,0.2559443403414088,0.3670889900589574,1.4275786171573728,0.14946159999809305,-0.3047163800941582,1.8269892304555522
-0.17596861776900075,1.8146521679773262,-2.4531178108593488,-2.0194050023624386,-0.2136004936156241,-0.09649594364194146,-0.2944197467116967,-2.1342504734828722,-2.4679467655266456,-2.9734813184699305,-0.24772564716982884,1.2161474139937611,-2.759777522007399,-0.009835267218332673,-0.3473481353278255,-1.114536406099634,1.8254428680251273,-0.9294954502838231,0.22067497255656515,-0.5094495909721553,-0.006157181560576097,3.687999424775053,-1.4447321909536532,1.3255283244711429,0.3858887869726185,0.5780328909805044,1.672136554613985,-1.2788723225806764,-0.5490058160549743,1.8769497201711753
-0.8507947531995323,1.8165756776879698,-1.6188931804338764,-2.7328963764787924,-0.24218255202643263,-0.21436256055496272,-0.3093095838386192,-2.613723387160297,-2.5649854261783993,-3.369079469932862,-0.4005424491073517,0.7956110859388071,-2.9848450408909235,1.2934015293296146,-0.2633209665533096,-1.4705037133278152,2.382339792891515,-1.1748766729856461,0.20609035732706582,-0.8178953125510495,-0.4847151865466264,3.856136914590966,-1.614135072060949,1.9181024848913144,0.4050446347906317,0.8572292919029727,1.3890711136015548,-0.6624359166316794,-0.3656935498203202,2.0390339874631374
-0.01662577795915715,2.129054128074548,-1.2301850440669615,-2.4723187389746872,0.009187000281511058,0.13873261460941122,-0.3437927983678527,-2.446268137028524,-2.346909555949873,-4.362301149660041,-0.263479000295204,0.8900458921974892,-3.0774099979506495,3.032702175396023,-1.5329556705894882,-1.0998081432923157,2.6068933265687435,-1.8808194381114383,0.5117508480584516,-0.6246159756066771,-0.744742183882694,4.370514248314444,-0.8805549018015446,1.7347343276605425,0.9667922165689766,1.3386677925967936,1.4899582932128375,0.8462145546081147,0.5808818998479817,3.4736535432363116
-1.1283007657130877,2.495539636602145,-2.282727601177006,-1.9436531530411134,0.6322877734380086,-0.6039550514109076,-0.5264459176958292,-2.6783372268985164,-2.6972309153024847,-3.2711187917540916,0.22065036811835048,1.2399128107725121,-2.840055202116593,0.7817375417163086,-1.4888273187867638,-1.242659093573764,2.9940866748784636,-2.364314606140149,0.5950899492481773,0.3702215613710259,-0.6156122878228321,3.537313895883909,-1.1899652493909474,0.5389136766451629,0.8926968729661882,1.020700882040953,1.5017766909703352,-0.5453395210438499,-0.5371407783028475,2.30847606185004
-1.470869163079234,3.262802310234754,-2.498006128986408,-2.004338957853528,0.652382043005115,-0.70717782034933,-0.27761708540545826,-2.6190246889800073,-3.1889199551642373,-2.360007842890897,0.3385890798446466,1.259201548040121,-2.994614322017263,0.07219797038894848,-1.540741053312972,-2.0452346048881487,2.736920581907505,-2.978168077745721,0.9893839886130829,0.25628682928365887,-0.21025000020835377,2.973958016442693,-1.198816712764269,-0.001774365325969085,-0.37340795933353055,0.7000446784254089,1.81667479283074,-1.2106769682756744,-0.9592411061864392,1.5837834201365133
-1.6063136536362945,3.261055813652833,-2.2474925634176546,-2.3663256752011335,0.6635721122663366,-1.180492781863543,-0.5368192952606775,-2.4597372388081182,-3.5429860903128527,-2.2942195142988897,0.5955785639369066,1.184340669943296,-3.4673759507988042,0.7631500405709274,-1.5365792209501485,-2.639252215781707,2.8105184681336617,-2.356599888397999,1.254083873782602,0.6047058201324846,0.6563823184820128,3.116868266334511,-0.5877637515945108,0.4570262142118933,-0.5978023859214543,1.0035019752521166,1.647579382994174,-1.907888490290187,-1.3057732124505435,1.467369417532302
-1.7337240716226716,3.206231586185632,-2.1713505123828565,-1.8359411643004988,0.6359440929889895,-1.2997626219950784,-0.7261216761656677,-2.359803947604881,-3.606878774130769,-2.3136024104472375,-0.08157576099562722,1.0073379193683227,-3.891796663522223,0.7765847768097603,-1.5914176231936452,-2.3650014342896677,3.031068572366748,-2.2656799998705406,1.2189869959596469,-0.03530746374001392,0.762988277709044,3.0102562432041795,-1.0691226929897177,0.0822765916156954,-1.1755751851729046,0.7135854081744204,1.6281592426331735,-1.8261816682685248,-0.5559853659046846,1.0984449356226595
-1.948666228695851,3.059924615358404,-2.29615234770684,-1.513525356836575,0.6365028284631737,-1.4226822530053729,-1.8900953147992379,-2.3781885967768575,-3.3836530124280153,-2.2383607514023933,-0.052341175375784824,1.3114212875025713,-3.9997164525042974,0.9114340411923433,-0.970048271782481,-2.7054474160595583,2.8007666869607384,-1.8285372442893846,0.9412439356912166,-0.22561431642689384,0.12139777465843082,3.272657311115973,-0.856928396952902,-0.2751357904845537,-1.4964980334675857,0.4634973961617076,1.9201301617656614,-1.4914626815952075,-0.7362054387772539,1.2187668907761249
-2.839758436993336,3.158437025089354,-2.4826086086120758,-1.3032215605927826,0.2960748700176663,-1.4071866458502007,-2.1915854353281667,-2.6068082640721215,-3.283376018891654,-2.101430056308847,-0.7063622480687499,1.7640847636078199,-3.574503997658638,1.4231351682982074,-1.1837260286474065,-2.609304936829952,2.96629787781289,-1.521624794597662,0.7780161681686061,-0.539985842405207,0.5965553020400799,3.2921722984526935,-0.8587780738136713,-0.18104291679898482,-1.923841819557108,0.9459558710518882,1.4634212352217768,-0.8837177991245686,-0.012922513022724286,1.029893754755853
-3.6664124725894744,2.5345839784349815,-2.5233203304708582,-1.7615394130821493,-0.004017026023200837,-0.823158482017331,-1.4809587910250381,-2.1051411849404342,-3.173848822568063,-2.6163065526737137,-1.263194009392256,1.4771519774676576,-3.792834508790652,1.4793669793044053,-0.4968911051472275,-2.0942308172095445,2.883744436770138,-1.9073711824472623,1.1452605652073078,-0.06919474250281021,0.6246885676736696,3.3364422370888485,-1.9716849619761623,0.3950133191201166,-1.5817290111262239,1.0459045471286939,1.6866684189501757,-1.1118860408822897,-0.39682207615622206,1.4965697165422807
-3.589720376612811,2.7622715548847925,-1.8640599877268242,-1.7237758190609611,-0.15827506860118734,-1.0304228318166202,-1.5826141698589498,-1.6839097676775578,-3.6666090761025822,-3.1477177769787277,-1.4801778803743277,1.5278358532778233,-3.18186862900247,1.9295939480146347,-0.5000399465382002,-1.7171868234543695,3.364215841616634,-1.3974463391260712,1.1063994292203312,-0.17124465283915952,0.2986267284505464,2.7005267882954636,-1.2857378528244068,0.1024618622072403,-2.039177071218831,1.3703028434623747,1.9893286379155124,-1.0373840121709919,-0.08756702035213687,2.3265842593452266
-2.4891361088197064,2.3918658563574944,-2.1089738829234435,-1.4553075941505935,0.1404468514289626,-0.2013196578520341,-1.0709772721639832,-2.092650577177549,-3.4704469945282073,-3.1648454335110388,-0.8811417944224915,1.7299845589001743,-3.628332915100042,1.6002099711129287,0.11095412831904594,-1.564681457848856,3.196483961906046,-2.263820734421828,1.2416588251797511,-0.37955535469900337,0.7522123700107503,2.72921091222376,-2.2857799609675546,0.08387585436710947,-1.5431185020385039,0.9634717081791084,2.286331607335575,-0.4432198129042956,0.1761283000055051,2.0581561358351124
-1.7147657426287384,2.5952831485780274,-2.629917236495843,-1.745350314802861,0.15704208869893752,-0.865589975130358,-0.996981964221305,-2.4405121428132146,-3.424048643508901,-3.8674203936534686,0.046145448428755384,2.1563576389639234,-3.173733669917728,1.3201883716579759,-0.12484870380413815,-1.653872693098813,2.6622493754216974,-2.477432107952889,1.1636849088640056,-0.02356815645188559,0.42174226052581504,2.27678814561287,-2.449712011991312,0.11156755982495073,-1.6411604962100546,0.5658509017498343,1.7128017724890368,-0.3637447079804132,0.17948972897167795,1.9536250300002818
-0.8707995648687562,1.9510776845294315,-2.643644905695972,-2.044754883592911,0.12675574512004972,-1.5074454150638064,-1.1303945174544014,-2.3986351176127565,-3.3747428755359286,-3.222076966518586,0.6294923835466902,1.2473310859059374,-3.049726013372554,0.3433723568658031,-0.1946972655566745,-1.6969379557806294,2.7574194530213076,-2.4761432514619814,1.0933293483032647,-0.08005869835942564,1.0637120850928727,2.9070192495292964,-1.5995622608538893,0.09126113834742977,-1.030412934569924,-0.1917189809767587,1.3570924374660585,-0.3242351042093447,-0.3180003194054864,2.2070745208123053
-0.7309420644680287,1.6894833468081587,-2.50650099238773,-1.7117229549117698,0.08252429481478071,-1.3149526374156155,-1.6399885576603557,-2.2490521773116123,-2.9872116545202316,-3.347952265483751,0.6530616604074859,0.3029171339191334,-3.279488127259488,-0.12437745244985766,-0.431345958385164,-2.111910592362197,2.8691558989138306,-2.3601701502455,0.7089355076323345,-0.4294484657520345,0.3761715333339249,3.094596840550023,-1.8311751306238104,0.3646749384354697,-1.0774232681639528,-0.6891479328781858,1.515963752379811,-0.4217695075678802,0.10415448480797534,1.966428603633648
-0.6085095984506256,2.0353384596083655,-1.8653487858228326,-1.915397462471488,-0.19844128336155006,-1.209568419550901,-2.1114868793209176,-2.4986175069556245,-3.385061964419485,-2.600626679382208,-0.00012100516491826696,0.06471776954218643,-3.4709175456750274,-0.35975559562795956,-0.5440981044853141,-1.8214517545840117,3.18632661360612,-2.4294606065748643,1.5319114937371776,0.4219073786964248,0.8686713783613565,2.7037977186983313,-1.1822482086838688,0.5175273168086705,-0.888203205540691,-0.32959942014311516,0.8193903160514251,-0.36701742949114713,0.42934489134717047,1.9166406859251905
-2.0835867629582387,3.2838864196143556,-0.6529919264232695,-1.614814278346126,0.10474353874874029,-2.2849976591463657,-3.027963426700414,-2.8082478403715823,-4.037093505698761,-1.9853828113767804,-0.2683100090369549,-0.5058331178889355,-3.5412995374932086,0.5935381838387308,-1.8101060962017865,-2.3306691005401863,3.1512442382853134,-1.3060264752503725,1.4118373959855914,0.7170446863590203,0.9354973596846935,3.392327260016509,-0.6535163270756925,0.072772595150981,-1.8116427502284718,0.8872159864641755,1.0150121498455773,-0.748660106263995,0.8574366620368984,1.4911297269886135
-2.3717464886384767,3.109724034567158,-1.519232884754986,-1.5064908704316746,0.33860263034238064,-2.2777749542265524,-2.883398659724222,-2.7196885438908263,-3.9545463424541496,-2.371728678793952,-0.010252590187763366,0.006648260695199054,-3.4132866356343117,0.21777082139488263,-1.8757995513929488,-2.6823938747798595,3.1879374061878125,-2.122908221331725,1.2749044136827783,0.4292193903055766,1.6358274105775585,3.6609557524853065,-1.059698715432103,-0.18171604736568647,-1.7741886198461696,0.25365328634669293,1.5819612767532212,-1.0652141264359558,0.3625054006493433,1.6259472224864044
-2.967974915611262,3.0793835446831186,-1.532274495977341,-1.4954690584844048,0.36820162380153554,-2.4462102372206327,-1.9694538247378208,-3.488703121422873,-4.609424688927414,-2.2911964421206803,-0.8686803909181667,0.48352345702379607,-3.6777874727758317,0.18977805387146068,-1.5881510506889835,-1.9752077003996025,4.0216866678502425,-2.0729142926776887,1.4666613045370718,0.753703668214238,1.9158905395595558,3.6503620597453725,-1.2418626046979,-0.04913215609206201,-2.0439631464104178,0.11005988127820587,1.4637793789327422,-0.926000195057207,0.3111198970637189,1.2072816297055884
-3.188235112888268,3.5126397181128035,-1.042677132261705,-2.186346495549917,0.1621819664666057,-2.72013038165838,-2.6177499062833474,-3.6494688040424355,-4.178567842860472,-2.513429762126665,-0.9651732034380395,0.006026282536723437,-3.9507379716625852,1.40249385879252,-1.44593763707314,-2.02723323191547,3.8794645038421463,-0.990030309676102,1.8067140005647289,1.090067894772783,1.7122667899758255,3.661698206514948,-0.5170944463973817,-0.8568652557190584,-2.0811976463498354,0.23540408323522272,1.2879105809326197,-1.1156195584071722,1.4058691887003707,1.216536017303361
-2.6945385181006776,3.0011294850975023,-2.030062522496867,-2.111522845095617,0.28035320486466697,-1.708862018583297,-2.300718451402169,-3.078554857806263,-4.049718527793883,-2.3718118054957165,-1.2175486165902274,0.9427332527534762,-3.6430613950878485,0.763898910096405,-0.7301064354125624,-1.579933657432906,3.915285558178343,-1.3406647391446218,1.7324126623645146,0.8390360959164054,1.5158912291371647,3.364358801101399,-0.651878812972788,0.0877729740055384,-1.3601797114072185,-0.36983809535038065,2.115968818590627,-1.0606197562537825,1.0544624477535383,1.729090637959936
-2.751935584156847,3.1733539731366034,-2.082723184522936,-2.0989668400735573,0.05395396181403058,-1.3191769984659099,-1.7194851975314527,-2.648411143018935,-4.046821530829035,-2.1491417924508225,-0.6473087651592133,1.0476639990432555,-4.121983979012614,0.9135628778559606,-0.9286016685366149,-1.683066646605665,3.3994767927975684,-1.525525083413936,1.2889506763847725,0.787571484279534,1.261747696973749,3.411380482809759,-1.215267204884698,-0.25355071273158175,-0.9129421534637361,-0.23233206401412435,2.1206826099116522,-0.7058245110264769,1.4142078513406595,2.0574198397190995
-2.3321288287909683,3.6183559348583523,-2.964415456593164,-1.2985588319968007,0.10003024293763726,-1.5750730484465316,-1.7969525211399617,-2.7464506698584383,-4.246984297039425,-2.4950087847637796,-0.6404068252929364,1.0121679083120902,-3.553267172996496,0.23901425231882023,-0.7707389386169098,-1.4933223205988222,2.935571468979299,-1.2828554061086603,1.2638322440549112,0.7444285476734056,0.9465346345780381,3.597539272140251,-1.3581953228272885,-0.9899845631274715,-0.6268896199358,-0.12164881479344335,1.3073310341958773,-1.109893071518391,0.9488033008318135,1.5943289009597095
-1.5601092062338628,2.84518194843532,-3.291212573735458,-2.3952271926669693,0.1653440851194269,-0.8420168394365934,-0.8642751702207003,-2.7755858014099064,-3.759945827585376,-2.4656901171216465,-0.2531863617408285,1.6175458785217771,-3.0962312072024627,-0.16097885093057962,-0.05818423580091914,-1.4190837351836543,2.5544278447523934,-1.92556291696945,1.424216307986315,0.42228354898897674,0.602098161773762,4.187094125958512,-2.567270271501494,-0.33667529069747376,-0.8961633414432648,-0.1760992285998543,1.446520196794565,-0.7319782533664949,-0.2605139774742874,1.4365341532581202
-1.3203982174160578,2.219298538484265,-2.683092623383115,-3.229886606697031,0.25926687403354426,-0.460318902141534,-0.4956009667804153,-2.720891218944373,-3.6006905809185503,-2.631775705568211,0.05303812805696346,1.7044219393959275,-3.197534751244388,-0.5059620037253283,-0.036937268617859564,-1.9952534278665364,3.039696497661116,-1.6485710688480255,1.1069195758078598,0.2042048280214697,0.43936812718818435,3.9556211682563056,-1.9178560858401923,0.15701479338028043,-0.5659048128536089,-0.21473376587269222,1.0647100982365836,-0.1349525336555006,-0.5117308424310205,1.52423551178204
-1.0112147979688664,2.307218175352131,-2.7451084029066695,-2.5284104744948244,0.4527103393378149,-0.5859597165517829,-0.3976794709803089,-2.3756693423488757,-3.0398168109172694,-2.5648848819321795,0.34507767898218483,1.4582909841037466,-3.437652221989816,0.026185884118319125,-0.2290969268845644,-2.3867545044479304,3.08647068017333,-1.9725851214185584,0.9808870034031213,0.341248671663752,0.41513456878659644,3.994559790869769,-1.4876410697244602,0.08060326649071353,-0.6739780519955808,0.7774920497960869,0.0987234187629221,-0.4786369195294874,-0.2302492412420074,1.0825743583960215
-0.7668683997183173,2.470362733391684,-2.6508253893673457,-2.971851907211812,0.6240914742099687,-1.1254124190607557,-1.2848806847397098,-2.0698216102997478,-3.311990843905819,-1.5985257878334778,0.25421344025068043,1.4343079192856059,-3.787565437661809,0.1615450965085919,-0.6952071872114786,-2.07105898160176,2.741876500315732,-2.366721122548675,0.7706839331112771,-0.152345670289924,0.5098808166903971,4.132510899208971,-1.5451074356877976,0.23349131952053137,-0.8328402503907358,0.8825539459522871,0.20381520669427777,-0.732881782544256,-0.29159573254212945,0.8504220338253234
-1.0507610077469924,3.013763314637963,-2.5097049055224683,-2.5648736246460877,0.7665384863584827,-1.460873606572062,-1.906677645094716,-1.5015967932593357,-3.770984026598956,-1.1982494872951504,-0.2716585543636413,0.9824741270417112,-3.6776353874020766,-0.5633460623572257,-0.8405691419932234,-1.8907851676019292,3.1328969066314745,-1.7368351118064884,0.691855022473278,-0.27963836192621455,0.3218233484865307,3.515033526961365,-1.0249201754943984,0.048920625440707605,-0.993567891096182,0.706751856983293,0.6383785457469353,-0.7866756631956987,-0.4641135406621101,0.9879220192490736
-1.3971763767936547,3.666859524303389,-2.1014033910609604,-2.015163483579688,0.6424269449504132,-2.2036903012883835,-2.481986339052587,-1.8661397833948705,-4.161499112324587,-1.4226894300040427,-0.6717395591300922,0.47016120944840833,-4.3058842847289975,-0.4707293116667784,-0.3592853022079676,-2.194981628079882,3.3379086666646853,-1.2955601051652834,0.5866556342937836,0.6790667479639008,0.2636239714065854,3.225039764712148,-0.4554191082851164,-0.11734631826890857,-0.9208221251909368,0.9944171471202256,0.6463163998901914,-0.885211046003547,-0.10214184144483772,1.1965579804545243
-2.1158125319591647,3.6061013955304713,-0.9651092804442198,-1.8682891122960534,0.7150093714675959,-3.108919279494991,-3.3457264164780525,-1.806080713954786,-5.184417380871079,-1.7857755061192344,-0.6019328237098363,0.3065088930039401,-4.439152913459042,-0.30114748186991536,-1.7047929496758811,-2.189052706541783,3.57709097217599,-0.9315000650733521,1.1532546343096994,0.787647040367247,0.13681301124652862,3.2992637266467857,-0.13434988110146417,-0.32098438389702844,-1.3439458195427396,1.1662926729869956,0.7374663418719214,-0.5222718330732865,0.4909966236882058,0.5807286163933977
-1.5761146176086827,3.4400543259848275,-0.863137472467499,-2.406026058241072,0.771248597241933,-2.0841746673355566,-2.9417151746849894,-2.100634993096306,-5.1315279788069486,-2.0557204792357684,-0.5182193400152788,0.6629451013470986,-3.96905816949349,-0.252777444435023,-1.9284658143754736,-2.2653551393116915,3.3271014520208286,-1.2239520149316379,1.029658207687513,1.306535698900355,0.5699202003252226,3.3028462688215963,-0.6399247097559617,-1.1110062057618098,-0.8643919619168248,1.7714638160704042,0.36971695300233304,-0.5317072059824988,0.169086806487688,0.22618138910839394
-1.5632625479955298,3.2383153632803023,-2.1889183879942546,-2.6966013602253742,1.4147101294749667,-1.6776444029398654,-2.363609970757551,-2.1592813909873154,-4.3601199986906405,-1.8815624993526652,-0.005940579840926177,0.6648312851693785,-3.356249990141632,-0.4756293744298615,-0.7738181591126095,-2.0485273168549734,2.9593850575415055,-2.0724151883916893,1.9418032939927834,0.891483098910341,0.9666044685028883,3.3046120702564195,-2.1706209377642343,-0.6704375889797791,0.12038898925222447,1.2103183567041818,0.038342436588309284,-0.80936226163405,-0.5069482888176803,0.2899126592493143
-2.237474100239487,2.9881066577720783,-2.268856368078427,-3.152176437052881,1.3793960773034657,-1.6561974174155916,-1.3158502772806544,-2.5475630651846632,-4.2805658816078695,-1.555562008852974,-0.22305936370663432,1.652317161551828,-3.127120602760388,-1.244153438845624,-0.1408579009648842,-1.7073851811706562,2.8985228545029003,-1.7531631278798911,2.426353763160174,0.7155579942122273,0.47874582897893947,3.010368503538705,-2.687192897997039,-0.26064139631937,-0.3128049929763975,0.5855001784560538,0.2606608451818275,-1.0404047018307634,-1.2220575994697165,0.6622567380834481
-1.5095983535169477,3.205045791400123,-2.1152678517610775,-3.178906734580218,0.7362347997894386,-1.2244925783971556,-1.2896992433829895,-2.4187990355821296,-4.18820769089845,-1.927543495359834,-0.03099851554287966,1.7605010683950981,-3.0453892776822262,0.1784569134354918,-0.5467961266226551,-2.102625287339074,3.012521778560067,-1.2736361397089886,3.138796496770371,0.43479815975551744,0.6541153000499225,2.9763257619577526,-1.4872549788501508,0.23105012888694368,-0.4320514941910785,0.7714318820334172,0.5097922691533779,-0.19325887490763777,-1.665857045848451,0.9330703898535829
-1.6846756538557877,3.1600174932035587,-2.1240928102781758,-2.5651416835347276,0.5670121679358946,-1.3152613508471924,-1.8372475826097543,-2.2635904005008185,-3.8719100937875086,-2.118072240945687,0.09260262170663061,0.4249446034787094,-3.450178403443159,0.6127633852292985,-0.7928295465220602,-1.886920559174796,3.3647643019915505,-0.7845875779204421,3.153294657629614,0.11973079385109842,0.9591193684348855,2.681626927714575,-1.53987491025492,-0.2936587555919351,-0.36483173351424114,0.9872146029215694,0.9427247450369038,0.2067023417003486,-1.049465963136945,1.0924286575678082
-1.8979860453172333,2.554759195280725,-1.9809870831581153,-2.469096594574458,0.4143228768956042,-1.3309129286501444,-1.7144081086691803,-1.9455082320040804,-3.335461128373992,-1.9441188073255136,-0.11910575055721023,0.46961850920384407,-3.422809698092289,-0.11582815847346478,-0.7548731211990364,-1.369813052966491,3.3310405908532057,-1.111534487312602,3.1232799815999956,0.4555135093357635,0.710463733587138,2.3629310377436554,-2.2932502152376437,-0.34356690937150747,-0.3603938244851546,1.0338308099001543,0.9531132555019698,-1.0908812886209647,-0.3273422067036145,0.7394365392624693
-1.2502220701934394,2.2804089311547817,-1.6849188568305558,-2.9143672460581973,-0.14449086019434618,-0.5519805274241016,-1.510115792040784,-1.2958442177659952,-3.0478677813341495,-2.083233564785873,-0.26009459468876306,0.46235460287170693,-3.12125331664086,-0.522669153382605,-0.2581001324790145,-1.7873242331501404,2.9558374090203827,-1.3215097311813562,3.010270458944775,0.06826872339281631,0.9748502420154752,2.2979747753855193,-1.7022435947381969,0.8512290182411679,0.2978137246575663,1.2597500321492725,0.6014506404428872,-0.4800073016938547,-1.4053200336574754,0.3813903592401934
-1.2739941353605901,1.5620091417206428,-1.003989805259113,-3.464553881172662,-0.07931205221638682,-0.8375258462406838,-1.4025911561453723,-1.5226078864207668,-3.357179959275924,-2.0937966576912657,0.4653523046651982,0.7590287701836725,-3.309328976332403,-0.23855734891624572,-0.35837746173290613,-1.8994795117329648,2.7963567091036166,-1.0804763253536696,2.905851395808068,-0.336936745684056,1.1858070137482326,2.912679214730385,-1.5448227508578727,1.0412298041381176,-0.5788439240045311,1.504474268320057,0.3799432856438415,-0.5819484177664329,-1.2583513354603686,0.49884999816000297
-0.9112308853194769,0.9440563609396408,-1.6588909891486328,-2.395340030995432,0.16894304286581996,-0.5760311089321549,-1.6922976706614326,-2.164117307435545,-3.4750677937231345,-2.8401409859876257,0.3820748080145739,0.6594868872038797,-3.295473812864621,-0.0630907985098642,-0.2689390378506001,-1.4427723437045736,2.526569477566502,-1.1951380403256555,2.742225034686167,-0.2560947393632522,0.9962279100345923,2.7691994188216498,-0.9527667450994093,1.305505923140033,0.05108495986585117,1.3653015050724242,-0.26655705939001095,-0.10708767123237548,-0.5427321497255851,0.15553673526935685
-0.8249147407751531,0.8480764957378221,-1.245778079920552,-2.375399512684192,0.27942510114448504,-0.9678827697466563,-1.6768967662309422,-2.1968549005343028,-3.433232832543654,-2.0567712926993202,0.8370282709877088,0.6292412047296232,-3.4816278282243367,-0.019819774388117897,0.02062634822348597,-1.3381148177383346,2.7729388716477734,-0.8429769204267805,2.534908468485995,-0.22961984807463529,0.5853862137791792,2.853401540293584,-1.186755970154453,1.0179955978532673,-0.14079369032724404,1.1903108337410557,0.8567923316022221,-0.8146517825510211,0.05980685878075022,1.1202608361400899
-1.507248291182306,1.976246162227556,-1.3076154458362934,-1.958260900602727,0.18156376861417617,-1.8629912752667355,-2.3076399392990146,-2.3884249149758867,-3.67694695071847,-2.3718220339670486,0.8720418653612121,0.3540627625596616,-2.9119132927163456,0.7266165408426725,-0.6819160702501871,-1.0025987146548745,2.6380337858727927,-0.21736651777782695,2.546985536304195,-0.7910504623256724,0.22671188712667323,2.794921784117943,-0.9338506472267728,0.18409009286446854,-0.3866568980777762,1.8337070581395423,0.797801931660725,-0.780617632756315,1.4977033202475787,0.43247685122667345
-0.3774372240986663,1.065875883254156,-2.012689074941788,-2.18197440282824,0.657079347686698,-1.7142729765196716,-2.331356996249022,-2.104582441778061,-3.827597531773611,-2.4920910217453605,0.3996523262860369,0.044359467317856505,-2.7297169562487027,0.5899505176123983,0.1255393869930858,-0.3181054611114736,2.7663052132419024,-0.9551106057844357,2.281951263257293,-0.12566061912889329,0.3897837777275574,3.0934912343159238,-0.7440256482309042,0.7398859490044886,-0.29603054354410585,2.4014963398560427,1.0094172149116132,-0.6078191648682862,0.10642194913512452,0.5054264249812978
-0.6174641483153945,0.7856783356776026,-0.940298993881385,-2.012713694894298,0.2880166273104827,-2.6462395226182074,-2.069922024404375,-2.359963575544222,-4.217841604125613,-2.464817303208079,0.5242804932982082,0.10195540633985556,-2.382295018479063,1.0236760781106062,-0.005462432376178803,-1.082872595598555,2.338749110390853,-0.6666656634771498,2.3844672184941205,-0.3462440741740519,-0.037475537144982335,2.543325918947715,-1.390274440644158,1.8499410723008791,-0.5270262619826718,2.395907610276029,0.2532829837412772,-0.2639323562739303,1.1897899243564471,0.14846992438538087
0.636505311404364,-0.09025200019571103,-1.3989289692932494,-2.344462438389275,0.29571880204777223,-2.4785157415493946,-1.373274143586175,-1.425611425530978,-3.9827078343655313,-2.046549954189347,0.9774175709517494,-0.35583046919222894,-2.8440670726075212,0.6980392313084839,0.4332623099034263,-1.0193670408099234,2.9579086996625565,-1.405403513363218,2.5363114416631443,-1.0465560882558371,0.8214763667549174,2.418297002330382,-1.4580586930040678,1.7773162030420275,-0.01162398102307587,2.086763456753627,0.539781324469143,-0.25247320057805955,0.6416221319672802,0.7525395050315371
1.579414354256275,0.19410287163255074,-1.0936175211357837,-2.323230092252807,0.28372497701779575,-2.6217143958782523,-1.0919204949728958,-1.8576623178632792,-3.3139431486950315,-1.9236315051050072,0.9330090436123641,-0.838648140552231,-2.4604393748764264,1.4766982520650451,-0.23268913319744156,-0.9741480801942696,2.7400073905676168,-1.1853075032068117,2.6813011391703987,-0.6405894708535318,0.6428714011415516,2.4593515471172784,-0.2722738093782731,0.9930207728913487,-0.047909133498901406,2.2276035617845955,0.41195779420339745,0.27832322243173946,1.090870839848517,0.2778202359909902
1.0594940364705008,-0.08953245248730989,-1.5209523025191707,-2.2702085745496356,0.4381361032706868,-1.9997985645387324,-0.8535846207761603,-2.524735041543103,-2.154598360576321,-1.6525143805535687,1.2427082046729945,0.024300052270053996,-2.2857610822196266,0.8543111628793109,-0.23805314630526178,-0.9259423684235988,2.1391562717268005,-1.3224799707611428,2.2281037992432204,-0.6186341487935265,0.3801248039340855,2.36168267754124,-0.9705594975634357,1.4489697254638307,0.20697500485634002,2.255922734552527,0.9195956123236707,0.010374262302452572,1.7764489685861309,-0.2565807376686614
1.5380696124275661,0.15706567188553272,-1.905629757823903,-2.7405324152019923,-0.19574635903616383,-1.415621219583255,-0.3762400066693019,-1.8882895582820134,-1.5079020577955933,-1.4626300447660283,1.532855603622103,0.4107369271640856,-2.017546168901088,0.9923881378054141,0.3936982625244092,-0.5696324662526451,1.6898231391276861,-1.5901201451114788,1.8790742619594965,-0.5759808094844718,0.7147781334349652,1.9612928486370296,-1.005206352328936,1.8383187632118894,0.19557527036390232,1.5043149224244607,1.7329577826368154,0.8155073545912678,1.113705013066282,-0.06775137475751367
1.207225030693191,-0.333559066544039,-1.2326344897887547,-2.823362311946799,-0.6195662265495998,-1.8292234509037997,0.18529798658350793,-1.6132648356992936,-1.1996305868924446,-1.5950776684789112,2.0816352992591836,0.7108561717307655,-2.302541020076547,0.9263873457302115,1.1752760566607925,-0.03022512825566301,1.436503360190435,-2.0361775445159784,1.3076142400767305,0.14459359843789352,0.37167613845141945,1.693427197480165,-0.5578057498172346,2.419728456812077,0.24776121499908332,1.696242586885925,1.2738050445919598,0.8754183810707278,1.0234153246668671,0.4838409673721305
2.73565065226075,-0.35714711369634283,-0.38106005943631976,-2.0844589245481417,-0.735992080241193,-1.8233745311568172,0.5937513159799057,-1.5629326023233443,-1.3979782727003993,-1.5718295387857997,2.4912234195422003,0.8092416480323145,-2.2677587215167163,1.097386451655396,0.1991873536868909,0.3299757285396923,0.913299344876817,-2.9669960942541387,0.9998537992266693,0.44428467053129783,-0.4517664208606555,1.4567721523730035,-0.5349961148373674,2.7196070381732813,0.08319791059093407,2.0622872106531056,0.7720591400365351,1.663506871906357,1.0741612269036296,0.171704735438775
4.190298831274664,-1.2928833881131634,1.2740789699975377,-0.7593594481340592,-0.3921945686690167,-2.4106110880733325,0.6895545636470267,-1.0956316335189218,-0.5348581857578834,-1.606556309797379,3.6989597410411754,0.3166643815934801,-2.4070646332234324,0.5596054986946253,-0.7444300686356804,0.08355971962326647,1.464696069549287,-3.286814981526718,0.4323185550982333,0.3922957788081076,-0.818493212130262,1.3508263924980053,-1.5042210986357263,2.800069441173159,0.1335918003666898,2.0938987302237697,-0.14357265574453495,1.33662144570649,0.8023014187053991,-0.5768326157933016
4.82774860436142,-1.8714084407123557,2.769431953885355,-0.6126717094894655,0.06024596369508517,-2.3120457051842793,0.16586517389078456,-1.2457844089048966,-0.026054406686686266,-1.2853295046365942,4.221036013434301,-0.4715287803591885,-1.9966279072320263,-0.8298574274964382,-0.9567858524450013,-0.5376836540303803,1.633396690682053,-3.222382941860714,0.43895136004922347,0.9465963694954822,-1.560395485587073,1.2772447474040227,-1.8732512887883994,2.2594980533143536,-0.42600510559830507,1.688671514911237,-0.43049263267740145,0.47775742022671364,0.11192838882848778,-0.6464384069146512
5.202607187911336,-2.0058317800870777,3.0001494831613837,-0.7771136531819163,0.518899728703921,-1.2384512088892583,0.3874182488440294,-1.8922660992909075,0.15546219957795798,-1.0429158361773094,5.096712632223657,-0.8973412161098188,-1.4668744505746978,-0.6958538487458564,-1.5778233958983283,-1.7147207424434332,1.471138065518255,-3.0244815743960594,0.8401207645530128,1.0989926414028475,-1.299259207827454,1.1049682232347253,-1.2455819279799971,2.806398485613875,-1.067932541499511,1.0995779101469434,-0.6593137330740075,0.8272692236024379,-0.009473823465159164,-0.5796927790786796
4.906777293663415,-1.5389802914483313,2.3825682613568024,0.11192422407059202,1.2337270311111952,-0.7850051559694292,1.0234749640646783,-2.501172514844452,0.891927473322476,-1.0644005974347155,5.301231871695154,-0.9376339392643263,-1.436887179162294,-0.4352610989785134,-1.469025963653307,-1.0390999205190723,1.2433802073365252,-3.0669371118020474,0.9252161629506854,1.6822102033043338,-0.5000181140856527,1.5893818402861801,-0.8276514646700205,2.1994014499014165,-1.3025852112718215,1.0917226221718659,-0.8944515152681004,1.2591425924925963,0.14620501312528522,-0.2328680932692242
3.9973158108771503,-1.1891155095507193,1.362359914642032,-0.09689466716141526,1.4626039067592354,-0.7268523973859323,1.2494170175705002,-2.341533925289194,1.1467826334767033,-1.084665800473759,5.495941426172867,-0.08825537606907932,-1.5081142129063623,-0.1069970354271162,-0.9643064733358565,-0.8171041257375344,0.8503758385360167,-2.5959301353828783,0.634919742191046,1.7217121654673906,-0.11427210714376243,1.8252878225411098,-1.096264589829902,2.3834189793923293,-2.030566670910991,0.6780614872936689,-0.6397457531713078,0.5299533599943062,-0.0801401097577546,-1.091579244401609
4.139271768149374,-1.1631480145457882,2.08119056302704,-1.3343694726104298,1.2094706204334411,-0.2616928236689916,1.1708958969199101,-2.4587506572158837,0.9634994462475326,-1.6007574367264128,4.72070241532755,0.11621092080284282,-1.516313874007671,0.3168712318027991,-0.8244180408373659,-0.4788613620976751,1.08561977594994,-2.5158553734150337,0.4707973114688856,1.1413085898995479,-0.3479795637252661,1.8192480203670258,-1.256452313506748,2.090915803273979,-2.1543476312025875,0.8554887311158526,-0.381326450583062,0.7946868229139499,-0.15423284992416658,-1.1088885916525542
4.201183446877793,-1.7252297333293323,3.2180112232914206,-1.367214990682027,1.5811426779757343,-0.40224558135343363,1.2307968888895737,-2.0153224001769474,0.8471604138687525,-1.4718393666397713,5.478045246818898,-0.008592605347885071,-1.1906492766123327,0.09154562331486446,-0.5690271758813075,-0.19688197439150673,1.5629621379984064,-2.1332159015233976,0.4398818144594819,0.4137826278998649,0.24384831679180566,1.4263223601269632,-0.7313480819089619,2.326815957706151,-2.024115763664542,0.4489413076098111,-1.2443512503863954,0.40061325471728637,-0.30831146724461894,-1.381039538328903
4.319507056591964,-1.5212035921219276,3.314322170153836,-1.4377876199658313,2.172604777342127,0.4587591560438005,0.8807398924964422,-2.2124119707553453,0.334081149644782,-1.9146914060884663,5.0531529085766795,0.2206423314841741,-0.5448199284636731,0.26558008330881333,-0.8404885779894373,-0.48346834475742195,0.9388971615775265,-2.206458746947174,0.734153798501451,0.23349763008570004,0.9981815573451722,1.1202061762172248,0.08811103081755714,1.5614987885588802,-1.3457008545460818,0.42092148321243034,-1.402560840176014,0.5534606069964627,0.033683361508820765,-1.4176409629543747
2.9480743414456745,-1.718250269407393,1.4042972662826114,-1.7480554717508245,2.7230005717097487,0.9939104323835807,1.2698087010127732,-2.1818026420772925,-0.1065026834061511,-1.3747234865300937,4.1528759564859525,-0.20241821117131054,-0.6837037338395582,0.5443310787247656,-0.7305311920435935,0.13687234998636683,0.46662685265424025,-2.554832037897479,1.1781727109475477,0.5781038814879272,0.30705786547035735,1.4200787197172446,-0.40813031612804923,1.5479828050672306,-1.4904024367704551,1.0227645648643509,-0.9145553488872096,0.44248612714318186,0.14582813528222316,-1.7819607623374116
3.121343259614152,-1.0509558314287692,0.5796420172004321,-1.1664553119966217,2.762817839228752,0.27164308417787913,1.0116007585578368,-1.7443149315306181,-0.01191533264317729,-1.768717763447022,3.9941702592096746,-0.30178981098290164,-0.7862713028742139,0.6083246589106086,-0.05507190460969591,0.13517396625670192,0.3750109447641115,-2.8048207967790435,1.148282885490575,0.4706238898243011,-0.38514989387387805,1.2738492772538381,-0.7639750581149646,1.5949610656572406,-1.559266010370257,1.7411490221597723,-0.3350570667417741,-0.20205134601996128,0.053002067289997304,-1.442747261648909
3.8629711695056472,-0.9283615458051164,1.438011235342294,-1.063409452024996,2.6867829925006776,-0.16860614943756613,0.3105690677908271,-1.303012789789325,-0.572225566323196,-2.1665481011907937,4.405115840194601,-0.05846331502925524,-0.7690174770885041,-0.8708215487258841,0.18987575746282306,0.5132075807887755,0.7255065267668176,-3.1914871258260478,1.1238695010125817,0.23395210454903842,-1.0321243075876934,1.5004353319931296,-0.554577787599722,0.8286166463467479,-1.4851803922557023,0.835291044812131,-0.3235602330282514,-0.15975678153777445,-0.303663541141186,-1.5417863369045133
4.696871640706083,-0.9222812930467316,2.4180046217947724,-0.9489886790738387,2.945241721456915,0.2814857395028293,0.37324183916433973,-1.4420819481842453,-0.8112489441528954,-1.678980448248912,5.542416623965634,-0.40916134453752984,-0.7101534983113273,-1.3304370840314435,0.29566991799178594,-0.17547990044545247,-0.16980964589779768,-3.019257394366346,1.310361329106018,0.4981692195483199,-1.7969040819860629,1.163885137897772,-0.5550790018267553,1.6391770682342237,-1.7052666194880852,0.6687876382183688,-0.8426670690300052,-0.13200548219605018,-0.4068269869310408,-1.879719138154279
4.597243653998767,-1.2666459456926011,3.6117409092121378,-0.7230570764222896,2.9028776273036843,1.572302841451176,0.9171634283376368,-1.1277417354068735,-0.9036482239209563,-0.9867760741639408,5.907713012379231,-0.38171013319627145,-0.473907890178765,-0.5193686592982969,-0.21003819788675276,-0.48954670691672436,-0.4984584302772499,-2.337216766937066,1.331749062559317,0.2953282614823802,-2.2877558278797796,1.1844372944528074,-0.21383896856433443,1.5515383569401546,-1.598062903854326,1.0089909020964547,-1.0243528295274278,-0.2109255854031048,-0.5552095655243118,-2.1354099688740185
3.9845744408660915,-0.7986321794757005,3.4369050686491796,-0.416176138318455,3.2508828041181097,1.680507903694086,0.48879786905725586,-0.5874915029166538,-0.7259586721627908,-1.0114640638798251,6.116461349879345,-0.5742508958002959,-0.2865844666182809,-0.07986569366008112,0.038640444423412225,-0.4084270455451858,0.268306493647329,-2.183899795837453,1.4532213054068595,0.4264100040723834,-2.156247497416792,1.0311155316420022,0.07970106576652922,-0.1290429457407677,-0.9846962241633972,0.25716192141761973,-1.2042068628541378,0.21843256829497157,-0.2719939885910298,-2.762831587742659
1.9746154238301181,-1.132687373650473,1.5046477591039273,-0.6467426321973903,3.486760801230646,1.8487584559826944,0.5634744733365806,-0.058240231799429054,-0.8885162716460576,-0.7806396183414015,4.895574666270527,-0.22427229259053078,0.4705606839414511,1.2375910520576558,-0.18336922264649042,0.5374408332087586,-0.13880437837523818,-2.2159552154650477,1.8358146696945359,-0.24913009776968997,-2.757123359464325,0.4045564453230395,0.3227836057265234,-0.8272209056905784,-1.2556110894686618,-0.6508113852113555,-1.0734299722281995,0.15497047832046965,-0.4138321983062541,-2.6166048817890553
1.5486924635105308,-0.3372080162173914,0.6539824700945753,0.48854563876394985,3.0632796666394104,2.758017426433926,0.3911672030096026,0.20067370228386067,-0.6703943162405486,-1.1944154387483343,4.031415105083874,-0.11103377823509801,1.0130740205513504,1.9415389619165988,0.35536344933598285,-0.005520701988071031,-0.042710465203712134,-2.013235198120423,1.427628383671979,-1.4717395402238536,-3.2172245202072096,1.139371545575477,1.737637227203657,-1.6683605884723902,-0.9613906495839617,-0.19698329840908116,-0.49914143702842845,0.09984950308247557,-0.3370923505351693,-2.825592324530477
0.8624898960725247,-0.7130258192901802,0.25296226705756475,0.9160547665135117,2.840385836971557,2.614674493170838,0.2555823731269289,0.6369772577110213,-1.0641637782718187,-0.04563072191615791,1.994471222078655,-0.09617854605442804,1.236402996236674,1.5926672245241582,0.8389372559214839,1.0846982089388124,-0.04567126356983203,-2.4458335362262504,0.15636990407415208,-1.3241411673763446,-4.016815045395177,1.0493002072533435,0.7657491740155332,-1.1986717879958562,-2.0820313760173317,0.5375907672561302,-0.5112907065292234,-0.4063966192237273,0.019001825172202058,-1.6028504351878798
0.7592901153018173,-0.009261626368075732,0.8126459989456973,0.23316095815506527,2.3361107405922796,2.2674132689163446,-0.8278363412242393,0.7388879756288823,-1.9148188896345855,0.5295450230290573,2.450872421284696,0.2998116632385628,1.4357774812623263,1.2618925385022,1.5198953553938406,1.5047689332613212,-0.6006398024030593,-2.646619293136325,-0.7966042265432618,-1.6685896608647413,-4.526272750396628,1.56628578131553,0.48201154833996407,-2.194128457157144,-2.753179843027537,0.3971185163168375,1.0101158762975009,-0.13914392441112466,-1.4509822136947321,-1.269230436668598
0.2632114288342556,0.1915722874508426,2.462402000713187,0.24332589062376142,2.614820936618519,1.899830640666122,-1.3695142399816862,0.4237550322382801,-1.7239309050807776,0.5606935816838459,2.0024233235917657,0.10722951256249158,2.300040330258066,1.3205289985314739,1.7029445283267077,1.57674504034624,-0.5073405010477247,-2.6196130829715174,-1.1013995034232198,-1.2466196437634731,-4.770813150396515,1.2121694905116742,1.2883079792680743,-2.073254938734626,-2.4716111063782154,0.8894152416561737,0.871153377842298,0.1568232094058143,-1.4960819462531383,-0.5807559516250147
0.14529987874215028,-0.37163544178736335,2.4531243777189515,0.5091876447329073,2.6276277781459236,1.6201276489853347,-0.5830531295613247,-0.6265463154101814,-2.4251701215483954,0.706345002931791,2.3176504182742166,-0.31958945319159654,1.8980506122309948,1.041782759396431,1.6374179506783244,1.2914061821857956,-0.6249485811683119,-2.4277290411904784,-1.288231462815248,-0.9457328879151528,-4.333183599814388,1.5585442706558745,1.0536972883881595,-1.8446200315245005,-2.318618197647159,0.667793772450126,0.8482128652211867,0.417019363483795,-1.1079605652223372,-0.9772626125317727
0.8975626368020362,-0.7514396529239793,1.364544504939714,0.9311658051664372,2.5550739822851076,1.6586376599915216,-0.8172545888116853,-0.5833198535378793,-2.507885899736099,-0.046780260341044544,2.3027788510989047,0.37278847505813434,0.991871951679925,0.9778906186647215,1.5683699002274378,1.2314588878696755,-1.2313981492784605,-2.6287869252152825,-0.7787367983834221,-1.4591854324619185,-4.226440391620293,1.829147455094461,0.8195460512861354,-2.064412842076922,-1.8848091071953077,0.06652256533874312,1.0150581467912505,0.522421462285726,-1.2444481977022028,-1.3866401492837792
1.1634297701430707,-1.2212547084988188,2.411553006121661,1.1773340907842327,2.1068402390763645,1.3697309737368042,-1.2939868389397178,-0.20879623329565933,-2.278918262007818,-0.519663360633243,2.103606859017195,1.192717785667746,0.951676018670784,1.3018194405419183,1.4925317598427164,1.4699172786390091,-1.5008939609077805,-3.269115997489772,-0.5335881037430518,-1.1166733697602504,-4.161107127789505,1.8276396650145696,0.2574685228468651,-2.338682000282142,-1.6054816541063412,0.17936637007376321,0.15916258759635737,0.7894358784808144,-0.6789837716907734,-1.8225706803064607
1.4427104641119386,-1.0608948088298313,2.4473535113963014,1.42003771463193,0.9367453504240446,1.1442652819937487,-1.8108812324093435,-0.43544896967683433,-1.8582296278858212,-0.29061509819310977,2.039129539875835,0.9033495897757546,1.39556802783037,0.4412542751909377,2.3969255688564717,1.25350773706535,-1.6288148634379147,-3.6764640364245524,-0.7078213806477196,-0.46122881010656125,-3.9931268989481508,1.7043258632598193,-0.005514866744832092,-1.6622961387853925,-2.105693515994647,0.3893830061942274,-0.3268687301166592,0.5516631970169724,-1.01627623414853,-1.8302818496610636
2.617747269003995,-3.015706961894821,3.38068366453944,1.0468356246850326,0.43101046916375874,0.006184637217500372,-0.847968966101547,-1.0089050357673044,-2.267057341625087,-0.8586813294043444,2.9731159482536933,0.13284322602561016,0.28828750536905084,-0.19483241272573412,2.5340031410301926,1.4124876958965524,-1.5224235287617505,-2.567218577584345,-0.7055990131736056,-0.4605636341556176,-3.765317716710739,1.7135033272094082,-0.06476479896921702,-1.2688598266126039,-2.628915871452093,0.32537625905217893,-0.8686988418582753,1.214176696084412,-2.003099695679247,-0.5744477632415195
4.344763044413929,-4.769176824524287,4.984589953493981,0.6086362146773407,0.5133654770942208,-0.7297051955902816,-1.1497952573337942,-1.0822855481183735,-1.0152581769394897,-1.1874359283337426,4.378405821523894,-0.4545453487419096,-0.014474163506072349,1.7390329108336207,2.378419618553634,0.9863045671539457,-1.0948430484554954,-2.0959653829433815,-0.5369969194508432,-1.5129528409361979,-3.9566677444272838,1.5752196948088983,0.6261891865073059,-0.9053417223121218,-2.7614652595976006,0.06157085271546631,-2.2030564396639893,2.762671346906904,-1.4342289160653598,-0.5946794498076378
5.155232889557458,-5.687339548431223,5.822910764880442,1.0674697228622514,0.8640208778888097,-0.14196589387251385,-1.5022111144879862,-1.3423919123933854,-0.33088885754796205,-0.7109385500317489,5.331987337189689,-1.112883233097773,0.2044752260303201,2.6542327278956264,1.901636689995753,0.6477880701000849,-1.4726144968908816,-2.9039811556845074,0.19500749852855181,-2.0920320711610407,-2.7976973078331504,0.6721085761934815,1.2288971690281234,-1.1415150842770125,-2.0167047463270524,0.0811475228398334,-2.703190361487548,2.890314695644032,-0.02178942439256296,-0.5157377143107128
4.265171915471564,-5.707716080906027,5.165550273937097,1.1823526934183077,1.2058529920688215,0.10006025263507565,-1.3543844013920752,-1.9401874031267838,-0.4025934196593251,-0.15053683344661184,4.887448758461396,-1.08004598430573,0.9415789676006865,2.142768451067224,1.8018785387905945,0.6671870553107567,-1.5521550133662079,-3.5080088057416448,0.5297784345287992,-1.3052663974721186,-2.2542178752331967,0.4373166984809869,1.029416526257623,-1.12472214776474,-2.3275387882608918,0.2827086750993808,-2.078014619272518,2.4697098464245686,1.3217924955117095,-0.33637701778737655
3.779776254317353,-4.0870638894007305,3.8803157101456365,1.7238049508168116,1.1974013819191758,0.13895311406545544,-0.8541930655119693,-1.266542599276991,-0.8070560269457036,0.47311645777387634,4.585534847144181,-0.9033157499011327,1.9300338152861178,1.3185047335612183,1.5892491849897814,0.812166310376192,-1.4916612790130246,-3.9657196683797755,1.3333349797873835,-0.6950017529541722,-1.0890610861302878,0.910692659634917,0.18478022819208567,-0.0979770392419329,-3.010445996420768,-0.008139741228307212,-1.7656402842584045,2.806848259418554,2.439953132147599,-0.7147329523590471
2.30838176334553,-3.7953300277695874,2.881116334450248,0.7680139194935481,1.7001011430220585,-0.35460431212024013,1.1513925529968394,-1.4851966620979637,-1.9101658213561892,0.15118991818731015,3.969795767656503,-1.0433662327279847,1.6758528145918739,-0.4549268943632133,2.442249799662537,0.8601687000079714,-1.0573781886200027,-3.9227483117996638,1.652074268564554,1.3564577908024507,-0.6211645195373156,1.3845810162819991,0.22444828208809559,0.5042880412040778,-2.9837414094795034,-0.5437734856187958,-1.4742543597554627,2.458585634968119,2.020573053277656,-1.476194099227942
2.396743881679576,-3.8316903470515182,1.4708859704077921,0.5097605082263064,2.014125424483402,-0.5787506564127504,1.1734820277920686,-1.0790583870765698,-1.7120251645759414,-0.526711651487212,3.839673198839261,-0.9520816089426309,1.6422067959945046,-0.09195195651054539,2.143814797801037,0.30891588310136464,-0.18677634169700763,-4.158916479149238,1.761990360450219,1.41726351088646,0.16059174976074703,1.5131269372596603,-0.17080447595965745,-1.024629939031082,-1.988624924057092,-1.420308856099808,-1.258615947370574,1.4643922539272496,1.7946436380362996,-1.671734070466088
1.7970743718363955,-2.9586437769097675,0.724537831124105,-0.5423037094885258,1.9384903987910778,-0.018044292129908275,1.3319213051078447,-0.9196759270450894,-2.077849843240582,-0.7649109573656987,3.0694066059611633,-0.845824682861023,2.0606137680845755,-0.054025551936328686,1.7108458113718574,-0.27180113679209583,-0.6709916973170031,-4.141287645808383,1.9184697338001497,1.1590484546161213,0.8075055600047678,1.3082038375088834,-0.5305936079949075,-1.7360484966650305,-1.8415267772558024,-1.065961347794835,-0.42532255434296823,0.5247842147718775,1.0986045863109044,-1.5789857023804028
1.2741795875860993,-2.5329683114027604,0.1707201038029804,-0.5318707195637556,2.384103594420079,0.19240913847636207,1.6562883798231152,-1.5553010256102529,-1.9551962911519394,-1.0153284449163904,2.962723183592856,-1.2261357017437924,1.7193509812096206,0.0082233237911985,2.0345869964445518,-0.7366976788236677,-0.5832418045838791,-3.682150741464222,2.0613244198249974,0.21758896100864245,0.30202785947084565,1.3842850309206933,-0.695091712135381,-1.1992465227770224,-1.7700273774917845,-0.9462935925676981,0.054364999754147665,-0.8638654122625655,0.31589947568634563,-1.5237663160927004
0.7759749054482055,-2.2833375390973023,-0.8020838780719197,-1.0042353585269836,2.2251144184149965,-0.09684254623452603,2.2948974287155135,-1.5243344137050243,-2.352756359653551,-1.7670604670540222,2.180452241768493,-1.521246359613267,0.8413168418494762,0.6653471981070487,2.037018600361003,-0.6011676227480984,-0.5940328148972785,-3.7264808661269173,1.5928530559880727,-0.39110725656188156,0.3416371820160189,1.1848596915922467,-1.246907297007474,-0.7808805966873827,-2.222824246177146,-0.9704672572230048,0.5062415029812452,-1.0512794757289292,0.14637421970719267,-1.749907132563951
1.3027938678125721,-2.06357446360689,-0.2986205858480919,-1.0852623026357724,2.0557564495652914,0.1186742141172418,2.0024504698019996,-0.7379758751976873,-2.8795138121445225,-2.3189330124969403,2.7754102470627187,-0.9475247575004861,0.45426104147710733,1.0692348992520615,2.278219419561273,-0.5988394251411276,-0.2986206793085383,-3.5789171928379178,1.8906057896305553,-0.9024062072909239,0.2484022074343967,0.9681467965746834,-0.2500746300429374,-1.4268488315874637,-1.7176362591869883,-1.2673403419284015,0.3822968048213839,-0.8341838488438456,-0.0006328789580851704,-0.7791466570597353
0.23297264877972299,-1.8424374501069933,-0.747665119626121,-0.5155499593920096,2.015619404891454,0.4305364149048698,2.4862570816103675,-0.8796495711469874,-2.7029222532591075,-2.8949606471418092,2.6572393553796405,0.006286281775120309,0.30551047031631906,1.0742591617327226,2.410920240668286,-0.6848810850700743,-0.20170348251551093,-2.945720351453608,1.7213920014641046,-1.4825704823236483,-0.8260499406182625,0.35087793967188896,-1.1391362617983312,-2.5861344864958986,-1.0304536781751705,-1.362368420051834,-0.06788361890588779,-1.0641063278480491,0.7333695051167983,-1.4074132299832876
0.6038159514823289,-1.7863502318690667,-2.201046798041515,-0.28941437241808676,1.1690224970934617,3.207888021681871,1.8310063228257347,-1.6687216382523387,-0.9651957687873391,-3.1043012499038385,-0.2004270551323844,2.1724796938790503,-0.3745767730242642,2.384194363137671,2.213819974748188,-2.7435947116372477,0.40834345979260256,-2.5581479441943786,1.0615677190841897,-4.786505805003274,-0.7913004456872241,0.11776210749153897,-0.05008245320507454,-2.4546736385901715,-2.014268694902477,-0.5913832609456975,-0.32266395436678647,-1.4898782218669244,-0.9019319697451778,-0.19163896299854533
-1.452129438308312,-0.6370588012168477,-2.1582251302092206,1.835124924402817,0.8152129397972252,4.764872395660649,0.9162468364481757,-0.714145810987068,1.819561304270337,-3.996486396255169,-2.1479242143433197,3.348508788385562,-0.6162431399926017,4.401224234691413,0.8428895118563229,-3.915930652086996,1.471043003905581,-2.173935236076578,0.2063760011227771,-4.507744131655197,-1.295576595258971,2.150330618054401,0.9729186043625484,-1.961048851089859,-4.73965109301003,2.150839058971221,-0.007296045290329262,1.2364862304275517,-1.6682165819988037,3.373708183671096
-2.755335183072845,-0.08036959653523904,-2.2538869830182398,1.27962315713969,0.9109684944326335,4.143955025833227,-0.14762461900162052,-0.427259752912291,1.0218260588100754,-3.6876699885119746,-2.859642587929621,2.972117684712381,-1.2443661290281738,1.7767250702992887,0.5798182652541269,-1.8267691147791103,1.7297023958763416,-1.8906767634297876,-1.3892704564547038,-2.7625828369815526,-0.705814114350592,1.2215499237211374,1.3901145559902996,-1.8195465939982662,-6.4080389904777935,1.6282250152839506,1.0606943538494966,0.9373816492425147,-0.8606831346929391,3.771722544056481
-2.171393630283263,0.09554744610597571,-2.6099452788987327,1.8220202092797588,1.4624491746310109,3.04837081201839,-1.0755094453292406,-0.5919622882481185,0.6300852806050744,-3.2882553899195655,-2.9112384215489215,2.1937582761990937,-1.9115313351364747,1.485829410312203,0.545699210817691,-1.8213747298662337,1.910094839221354,-1.7966413694445875,-0.5887014355135611,-1.9959764163165017,0.0543285211339426,0.8357855784658537,1.0692289284267844,-1.7114813591199234,-5.96244254675879,1.070557122880375,0.6353774473441837,0.7552346078510599,-0.6012338343753274,4.427722707847011
-2.3733707408999187,0.7527504800418787,-2.897270671781578,0.6779455137209058,1.1531635907031295,2.443436328102983,-0.7510902581041732,-1.0382995329179125,0.62358923529521,-2.3590283227459494,-2.456866406763012,2.090384868085819,-2.4294589502580086,1.9879185975645808,1.154480271158357,-1.7091908511918505,1.4903821974591942,-1.3967565488876321,0.9840514027020846,-1.637304755853898,0.5344560161463648,0.7678420046008488,2.2372704275229562,-1.2660146812976572,-5.9577451928223315,1.0606858458058843,0.5920282842990645,-0.05677383933114563,-1.0167695043364346,3.317425893397762
-2.4121215787313424,-0.06050144990247331,-3.3786423141385376,0.7379142354496675,1.2586502741835632,2.6322996200236197,-0.5534731235765101,-0.5046723357507445,1.1278757987548809,-3.0562671878123044,-1.9456144754851832,2.965615886129727,-3.127709751780509,2.0950024053566296,0.9495346172402431,-1.684968705992109,2.2649183512647855,-1.0406165842875326,0.8986695733955017,-1.6374392636405661,0.29625091350122335,1.0981626081712814,1.9753935741448294,-0.8240826119138778,-5.71463493425001,1.1190840509744084,0.7177856541859821,0.04068359664076954,-0.21593515228927868,3.1468098807781346
-1.6180400699907027,0.39388461742166636,-3.241895428639903,0.8914120734946451,1.4371514343940253,3.3186686138053245,-1.1343366324010435,0.01031480498108761,1.5275434979773383,-3.682429220583835,-1.6138963759427951,3.8658083555378644,-3.445773379090462,2.376606062527678,0.1665346553214328,-1.8380722268679057,2.364447211682983,-1.3336437562813446,1.3642026285406854,-1.8843184790438512,0.5690849233713106,1.836161396348997,1.307207555378837,-1.4596681994356269,-5.620309996569677,1.5083951563140285,0.7757925880350542,0.9512467607259621,0.1901786877255685,3.1820894527053776
-2.1760810021437984,0.7152781958253374,-2.7736886270467123,-0.5303944809055969,1.2593593848986533,2.436795600380837,-0.9002867746081898,-0.07327785625338618,1.2878732635614567,-3.3395259952731577,-1.4724817149544531,2.905697510994067,-2.7001816781615253,0.9662666118620022,0.512212891392383,-1.3772515138013508,1.74677417104702,-1.5777681391194627,2.204780794921823,-0.4991420809947683,0.6193005934141458,1.6991969424630629,1.0765293712188653,-1.8784214382055622,-4.923312113960979,1.7625679951285886,0.41648005697168033,-0.24272259798414103,-0.7861743543833879,3.136377068763262
-2.080314778332774,1.200083084079164,-2.3521422520993567,-1.1447551726389473,1.585837691218565,2.4276266995977345,-0.34608791340592854,-0.04598808550580086,0.5399172753300456,-2.7998544957194254,-1.300815124864228,2.685692607046305,-2.5747161878107385,0.9361585343360044,0.4583917009929614,-1.315742652509552,2.5329762279912647,-1.35491484567672,2.4476788906032345,-0.649416653675042,1.138742604285135,1.1581983494236856,1.2213113712734702,-1.0149058704395073,-4.602429802581415,0.9240150310940266,0.5390096436119602,0.017148791333935612,-1.3059822655701534,2.0566792041579314
-2.587923928709886,1.4680618461184178,-2.391977540047973,-0.9383583828945542,1.66895545620971,2.055186350772617,0.143057869250183,-0.4192156977076219,-0.5548653467761769,-2.26610409542105,-1.3534552927647079,2.3204992108223434,-2.4661081035011265,0.8782747785792653,0.6532183651132365,-1.421229011500123,2.3012940973367977,-1.25257283904007,2.4019749072603425,-0.07330137418912652,1.0340788657968545,1.3734101153475107,0.678866354063853,-1.0584162596910722,-3.616308217674402,1.3946740742421198,-0.021733359950461342,-0.536819803872118,-1.2984133022830446,1.5268623738289853
-2.5152074012828822,1.4301913764673326,-2.7712737536901915,-1.5014220024487446,2.263459088992021,1.415828886198323,0.5985083583292092,-0.4547781519705814,-0.3309096773913702,-2.689091373292904,-0.926218044761556,2.3949099037667834,-2.780092460871785,1.1171552758972811,0.36850649120923745,-0.9904564088518806,1.950872685606239,-0.9989925483352072,2.37904803882816,0.12585568476281325,0.7487018255105465,1.7386288487047272,-0.6590609425861575,-1.1986570412477517,-3.309284975900686,1.1498709361343051,0.6206630432979604,-0.4927003079043857,-1.5196714895870873,1.1967419110200301
-1.9457490613220496,1.3497889624799513,-3.5140455396676713,-1.2927801378632393,2.1346797121220136,0.8801154771631903,0.5811919259320208,-0.44465303646038423,-0.7115097770169999,-2.2733724124726207,-1.0349722210959407,2.39992339821103,-2.5062023455876323,1.6746545294211561,0.8618910877636444,-1.1364649983283834,1.5895284492803903,-1.6901131922967834,2.480538877121029,-0.7475255230003557,0.7814114609234263,1.3793174871830698,-0.09454674810684621,-2.149900463247322,-2.8811786131429242,0.710694886009332,0.05182119715885933,-0.6343746311635274,-1.7524626260682719,0.8776104927159853
-1.2509521562317714,1.7028157064611649,-3.75082175092858,-1.6637260205166975,1.6897822574772967,0.3043751460385972,0.8317189744346302,-1.1492202518336365,-0.21517868703653908,-1.963609753890442,-1.101401487092799,2.997364723575366,-1.8736179222175315,1.3366243513379126,1.6872667599278517,-1.3115096301178983,1.8249751285792168,-2.019697314683947,1.9649963882158978,-1.2772902350087383,0.556030544395165,1.0288437005495084,0.2923382456620378,-1.6819557243365522,-2.80242566314827,0.9141044850947947,0.15642264810907344,-0.934918949543323,-2.1950566618365808,0.2364621034860036
-1.317766895793752,0.3120255304115928,-4.08565053623125,-0.8648019572888584,1.213888861116523,1.0227658135299829,1.1941223176660551,-0.7952136931210854,1.3050194428385962,-2.3965291422971013,-1.3880521642808878,3.0511095425041077,-2.401265415024245,3.388149240864118,1.3061229807524002,-2.4402884917872587,1.8849179996501746,-0.6028169843930558,1.0846800649233281,-1.8749155723078272,-0.6431361893334534,1.9420581043291378,3.2758605826353207,-0.33961113631743156,-4.405563180801642,2.6651436901924184,0.4448599899376342,0.9249711560692079,-2.7598948547206024,1.343967043093171
-2.6242476431543356,-1.1068849962765235,-3.738581897197802,-0.483355894852765,0.8883143266794435,2.464213721157987,0.6097856101305933,-0.43534912574708085,2.654729185558955,-2.0549463928976253,-0.4461392382675077,5.065819675229864,-3.639954401176075,4.920515937076051,0.8717761491936242,-2.032080828193361,1.850414298637365,0.09648154728082858,0.4066459283790745,-2.3935236456004345,-1.8646385644679337,2.42204065439879,5.31527390147958,-0.16535206618645226,-5.054303784961203,2.8930336272710524,0.9206992044022779,2.6466969328799252,-0.9212330700448902,2.8491773449311957
-3.5129324415542484,-1.4143693565004614,-2.862288277566134,1.0087474682909296,1.4609529290159968,3.894834902640883,-1.8814578161220925,1.5318221247636468,5.005229138549707,-2.4192274600147057,-0.08658721205690512,7.981648610265972,-4.197624306716041,6.898952677378991,0.7077779626365438,-0.8126988196817664,1.56479821048188,-1.077684312380047,-0.7707133762547085,-2.9549753044593707,-1.6099450197428955,3.8374380261123404,5.87582744867015,-2.448497939791537,-5.291777025326154,4.518210788225183,0.6178828353167805,3.666600843876753,0.5239588796736857,4.019440265740934
-2.347293952889379,-1.1934885512682007,-0.023953687151290454,1.1200323377908945,0.9356418462351745,3.3666077384099045,-5.101922168084106,1.7210747184500623,5.836671386434613,-2.0881859598800943,-1.3826949981000967,8.046235918095634,-3.65851141633036,6.014461885812103,-0.18469420863678318,2.3284033131788227,-0.2703768151608525,-2.0908289454731017,-2.6772231999513316,-1.3350344882056122,-2.2848861196682204,3.6908780167492923,4.292487283253007,-3.057570286908361,-7.891084229606228,4.623145623016429,0.9998965033209473,3.2395170569336176,1.7452160096770857,4.681312062598625
-1.4120408346532651,-0.3315528951517323,2.0626013810901838,1.0174725702806842,0.539464201464269,1.3174949028630658,-5.794091334545779,-0.3407794978240473,4.058669551988713,-1.311586940206513,-2.2026417143849484,5.764357398316844,-2.5924936645553163,4.435862179614241,0.23134283727800825,2.7997705801336825,-0.8988204929410146,-2.722697641659598,-3.204900659193979,0.6574823002665443,-2.378889215611405,3.532967571217571,3.950798407436296,-2.4523795152869865,-8.352659594666623,2.5944339373664964,0.23612882332913987,4.293972654647154,0.527686381878717,4.627182905504382
-1.1176293200405503,-0.09928809137987143,3.073219726869614,1.4825993911045465,0.45581949002546934,-0.6752267961662066,-3.6284588202308647,-1.9064115689539225,2.8221151417666688,-0.4921670456449869,-1.4629572241350104,2.9066329425498347,-3.527836067650639,2.7382127379473085,0.3501873178327398,2.6483390774356654,-0.39982537782548944,-3.668595749829128,-2.6626425434840044,1.938579062895334,-1.7730909141426232,2.2256313722347487,3.231326888856465,-1.8663227781123521,-6.192216339405152,0.15534391345389015,-1.191192044381048,3.844840933435762,-0.2703959667420436,3.8413141002012106
-1.2409601754101118,-0.13210002281297772,1.6822042555252124,0.6472100154401287,0.6454588504148928,-1.5772608708409954,-1.0406029930340845,-1.8875059523230953,2.114144486231041,-0.36030276476649425,-0.017327650972251307,1.7154397336344256,-3.9664008965427073,2.291291047665842,-0.05776538937752185,0.46713683338881035,-0.25623517687873043,-3.531468046201454,-1.089673121802528,1.4354434565853014,0.05341908695069547,0.23651896777357823,3.5466328547076924,-2.217828679523329,-3.5527604062541718,-1.609157794365687,-1.9427874846628315,3.552229906035104,-0.4562691209701608,2.450032991703227
-1.6212766619362666,0.2964926847478797,-1.292456479224783,0.6534979039695227,1.1622077292227766,-1.5058116045393,0.028768070953204314,-0.9721847744575985,2.1108172576297997,0.3840340946941178,0.9377143536393433,2.642843675393153,-3.7755667855056383,1.801729827179507,-0.5928029058794032,-1.049724515190757,-0.0747800276640401,-3.3135567407983713,-0.3015558789982023,0.041997361169239966,0.8012472863821724,-0.13771951072539748,2.587686081765392,-2.6065825897914117,-2.727075847980746,-0.8797764363636296,-1.7285487924056342,1.798862941433751,0.5112977881803981,1.4544996066844282
-1.6058913947349647,-0.012324900246505427,-3.4808593933075835,0.20259249697595944,1.9733434149597135,0.22556044116690907,-0.5015004979731844,0.8394553411426928,2.927637887857541,0.49568933819620203,0.8002015211074179,4.131735137359369,-4.0780092560847425,2.23783141632014,0.38338013151885564,-0.5371297618626585,-0.20614908118211248,-3.0920517094093656,-1.1093823413436776,-1.0518240115486295,0.6007196660591656,0.9974623902784214,1.9024517147805926,-3.5156956964254147,-2.8498094460835337,0.08614145169935541,-1.1021603347897173,1.1796637882228027,0.1278742766256618,0.5615271018246275
-0.8872533639524364,-0.1346305913588549,-2.568885828206003,0.13846771867864027,1.905561058666083,1.9701109055449373,-2.1991171427110476,1.9267275923311065,3.3343104447481853,0.376484273685444,-0.34776925499814637,5.677784260585114,-3.7710667972431002,3.120276288138398,0.42198311156349144,0.2601306819532093,-0.07340208844952176,-3.38203178540042,-3.1140284102706657,-1.6342742086692263,-0.8334466528534709,2.0793933700593943,1.9995698738683692,-3.4877982139151666,-4.29082948071121,1.4551108578186227,-1.4397519167163084,0.9258431349942235,0.22952813116503945,1.9578845392824973
-0.62774003613513,0.27459305887737523,-0.6397750358206071,-0.5179287779234585,1.6921863868750135,2.38439681965865,-4.006538434229279,1.5790403771981087,2.6149997611802407,-0.009999527642838624,-1.8410214676469017,6.145848914787455,-3.0240718232480153,3.3035212815841803,0.6253576077276314,1.218032588783897,-0.6276655087583797,-3.263264960980256,-5.240370346429378,-1.7031628457729957,-2.1893549271193535,2.510235029766367,2.470653704116626,-3.6102848535189342,-5.110808839636662,2.119594662653755,-1.6655709229829445,2.4124018789200585,0.6505974675820377,3.0309261878334506
-0.28443697081578756,0.9570501649943084,1.2565191497799,0.26869397693079067,2.448091608068697,1.7984214211256853,-4.891183989633992,2.0438537382886945,1.9668966468235096,0.5918741126514712,-3.038932547751052,5.183660287429515,-3.1609983118691716,3.6668008581458067,0.9767422602029029,1.1521624706227431,-1.4391655187748373,-3.4073869212544734,-5.647542381401485,-1.1064059387823255,-2.3918177114185752,2.2153581359296908,2.0884996044685535,-2.984435179101565,-5.376385890478088,1.7511060334394057,-2.024863616664806,1.9652484398562469,0.6822443935510858,3.693247458559946
-0.4067243955176269,1.3302659542115798,1.5702212730166187,0.2124438371993567,2.6963037366628955,1.030940094628003,-5.432823982294744,1.1994532233860555,1.4200566968521495,0.4742203525045767,-2.7154285693463103,2.9641807515438563,-2.7506545190591596,3.3211222319085176,1.1897641056835848,1.0883061722687979,-1.2559338732888181,-3.1787321351165527,-6.477010658570644,-0.5523055313258329,-1.550362398483928,2.074076053008413,1.9308626630478438,-2.780116496391789,-5.140983847501224,1.1924980695410037,-1.7667526935274676,3.617458944944338,0.5656949705659023,4.35338552904139
-0.832770375143387,1.6835496882327181,2.201682649267884,0.4454649654231413,2.8317294742476515,-0.09441832507628803,-4.91989637606611,1.0832110986505539,0.5761953182042294,0.8400389491397693,-2.4010271522584286,1.7282975650247723,-3.4195990765267066,2.9671188964453408,1.4510864789255116,-0.42267239490460395,-1.9457903380450243,-3.238548681577888,-5.489670011066004,0.24360773803135008,-1.058852963265588,1.0098677336377913,1.375954624548151,-3.1915806579711226,-4.108516896982224,0.8209448170501414,-1.9074803565440033,3.583323107916452,0.8184773150325102,4.078341958546552
-0.637522311348394,1.4947750511285627,0.8551692423003329,1.0421763143847957,2.7266005470590553,0.24971613550251925,-4.65837060434743,0.6181709562221556,-0.3619791716371341,0.9513215931472886,-2.469013882160097,1.9281661960546856,-3.6770185504778397,2.3629701835282493,2.1215047445400974,-0.8001611678374154,-2.148480594312732,-3.9931127348329127,-4.438555260913006,0.4069019299862392,-0.6075790449927982,1.0798130641112738,0.0458995133892942,-2.581386745269068,-3.0768031232861945,0.32679642525042574,-2.5015249263527783,3.1560800540804617,0.13546702077291017,3.0858964019591273
-0.9207043594426685,0.6912905479109509,0.5356908069906432,0.9831797222538916,2.236679182783001,0.6939823660170111,-4.0967682018147205,0.28609017207604837,-0.7224830051732651,0.39445504871592363,-2.0796536179318688,1.1053005324408047,-3.73502521875726,2.5084957481427894,2.9560945975728083,-1.227665624751693,-2.0554661110349386,-3.348177542121052,-4.052517445790297,-0.025881915108764808,0.14942274525800778,0.8537958797451475,-1.3318441528316363,-2.5926909639596754,-2.40617483606004,0.5012394137096282,-2.5862616148286026,2.899315910692801,-0.5938604587958008,2.750549447657588
-0.9704740613793318,0.9021623115039072,0.33566722260341586,0.851379271738175,1.701936547409445,1.7565574035375586,-3.83764327438294,0.670142146553242,-0.49746724456548275,0.4996712013755904,-1.1491040787010671,1.2063499974175427,-3.3798362387758933,2.780414478606745,3.2108895927152443,-0.6515003655237483,-1.8888123497257618,-3.124403317556645,-3.6691559948571943,-0.010606832438289193,0.793469151729131,0.5764546089595085,-1.1266837390537354,-2.106278263337524,-2.5267472469992067,0.3259730097598989,-2.0730754222373755,2.393285988159804,-0.5695268300093543,2.609444823399431
-1.5074803771097394,1.2104893260660663,0.33436896267775684,-0.003587830511401491,1.409242855789584,1.648475175359032,-3.5560026050016638,0.7544230039654513,0.03790239787416655,0.5806168732350117,-1.226900730354842,0.7437003049188801,-2.886244544725372,2.128741035110504,3.289776047038072,-0.19940516790043034,-1.4603356657315407,-3.3324062892335604,-3.25422241389743,-0.3419941848896455,0.48501162521311136,0.15597387566163268,-1.3690271798564175,-1.2520594835734287,-3.0140313417033946,0.5566717901687264,-1.513889993309484,2.2814919419844415,-1.145500959571912,2.6392188339344864
-1.0725344695677799,0.7232116381232876,0.0982282697430105,0.4588354782313773,0.9065292953898255,0.6804350243389626,-2.357749464810334,-0.09760097093713321,-0.2609736871945556,-0.29458874531825463,-0.8217404725822042,0.1713162658904852,-2.818191933115784,1.1841961372902128,3.302760365836528,0.45189160069402834,-1.072428025174717,-3.212767440376382,-3.222694836202724,-0.3549231691823068,0.3741279422168037,-0.11703160505616889,-1.9177030050275752,-0.620992523337938,-2.0675525176361154,0.5690979528384162,-1.5855393998865202,1.8859844445994975,-1.9168533500956935,2.1701478450291267
1.2672552968145876,-0.9663624153789324,2.4510756722018483,1.4281271337604362,0.2583170690731955,-2.094935889668465,-0.310584076402228,-0.8392909159286464,-0.9643587113402637,-2.340621080718062,1.5198566677663976,-0.44804093625191466,-2.5345743149558606,2.457553692901932,2.188660302519496,-0.24001280757836096,0.20952840914564097,-1.9847931629645028,-1.6844986558065909,-1.8472940591797664,-2.074541358926612,-0.36221963402795015,-0.5356862585241435,0.8972406113653768,-1.6616414907039094,1.305267219825704,-2.6439163884131545,2.58363736412769,-2.2108038920915694,2.5271889168648056
4.03069246957326,-2.4097534381107533,3.002817218575039,2.468233224630547,0.9165557628211328,-2.2288598880614647,-0.3150528358112763,-0.8366555596535865,-0.23818919186941886,-2.8311517882565624,2.731674087021793,-0.6487317790316222,-2.795867982170729,3.1696459268408814,0.7393423652904726,-0.8634235468459242,1.1677155755316502,-2.624654026937434,-0.2900492587212324,-2.5093166066432273,-3.2262098677141426,-0.7598746109705959,-0.4375719290716109,0.2578198918399303,-1.916172942764242,1.2637685781924708,-2.536492442838702,2.17423011440564,-0.9110532854395942,1.7924459584410428
4.006080220987504,-2.5443292071168457,3.3798606886573226,2.0165950309446585,1.0574430832357882,-1.961835206799736,-0.318027148005914,-1.269568212893646,0.1677249467819916,-2.3173858391720845,4.048538689538268,-1.3262444706944987,-2.2375251753806347,0.9937989052953512,-0.12499187044340204,-0.897858741837192,0.6861887729020316,-2.8284405960248713,0.7656943240997729,-1.4801107821894608,-3.052092030500369,-0.621233329772967,-1.1865408399606157,-0.14774398853482162,-1.8257554194135959,1.1479899700493794,-1.8708511572423092,1.4649464492686355,-0.5606430834436178,0.8520936526775793
4.441070088919531,-2.472765351397376,3.3829077496789277,1.6859551022725545,1.367216728104499,-1.7825638656708485,-0.4767266186317164,-1.6446734556795026,0.576516739681114,-2.0300291512279824,4.691864465949297,-1.3112780162930686,-1.1746863667954852,0.7169892845562555,-0.19834776136322363,-0.6654819569801125,0.5853862839466364,-2.6676508367702487,1.6945383445563524,-0.39959370386880266,-1.7724574890019915,-0.23889039545237725,-0.6734304573822422,-0.499443339815598,-1.5594713164865577,0.9733912311001673,-2.1714401573394153,0.5982405300833622,-0.9140290254897021,0.37863537313828244
4.677509257755838,-2.4192115428020995,3.155337327748411,0.41891982023509194,1.8007875652974958,-0.8775769109908829,-0.10481013665388522,-1.7205938761151787,0.8410143685695017,-1.0367959288092945,4.610229363758944,-2.360482757813586,-0.2626098764411138,0.9483443318061605,-0.15231010883744597,-0.980374428497655,0.6996249289053568,-2.9344322160979086,1.9924045526342573,0.2365525576451264,-0.3367284070345794,0.22685000237188668,-0.4156839832220342,0.18967490890892513,-0.9804462906773672,1.0054356503636996,-1.4350013789549367,0.49853095869151226,-0.34828272981171615,0.008123697649213626
4.00068072725504,-2.039532522011108,2.5171500713107684,-0.5863584812015973,1.9547328424348471,-1.0521466366272136,0.2614859524424145,-1.8397295791222361,0.5158043701173618,-0.6151442565057227,4.761943181830349,-1.9459772321393454,0.22584998751353985,1.3094484777454578,-0.6399439787763823,-0.5920965960903848,0.8116386576211414,-3.5665056627689564,1.72794931147222,0.25665023501142853,0.6353745315906407,0.9161483146571875,-1.3234935740751808,0.3157419434197789,-1.283996372991067,0.7460757626989916,-0.6678781832952536,-0.5971427406188791,-0.4051463487480641,-0.4031488585428412
3.426685481800466,-1.7781567122568573,2.236649344334531,-1.0317954086135546,2.3800522007689326,-0.32320525399434086,0.7883772951854806,-2.883574234441449,0.6911908408692655,-0.8371134439107767,3.228412503131798,-2.204921371397158,0.30387825785394756,0.5190585079732098,-0.6716723013113631,-0.6182839740149199,0.001024230850357499,-3.1193478916083754,1.5782817269439149,0.6653124962054041,0.6511607619991928,1.3955210180969624,-0.8480381048674107,1.623094091555756,-1.9090202558183815,-0.20206274954757591,0.10957956522956239,-0.9310067894098822,-0.7922046444406234,-0.5290119892599002
2.379616952675735,-1.297083424789126,0.7171144198100934,-1.4706516469262476,1.611455781711552,-0.01492279744927355,1.6523813757604533,-2.709897688102668,1.0916654051333454,-0.8461458861518135,2.9096351802999654,-2.828516220880627,0.3465217441165358,0.8756462256333892,-0.9366209081722516,-1.2390645332513426,0.9377043935385431,-2.7402658014224546,0.9208024003053815,0.8354778271990961,1.64579398044384,1.4620581269376514,0.2518380966485536,2.0449435817685955,-1.316526974094069,-0.7490841576191718,0.5779091887930705,-0.10449221230943134,-0.5702302155228038,-0.682182277533059
2.1525515831460638,-0.22731662476959488,-0.4665662287869299,-0.8670088368512558,0.859428951274002,-0.03391864089828914,2.5642350395575373,-2.269679038177788,1.02797384527183,0.1877866889789278,2.7174088985944924,-1.4532917638580616,-0.07832227946226332,1.125101527471626,-0.8302762339791744,-1.3819549137877747,1.327454853706606,-1.5789383149444405,0.8078969255325783,0.6869203340921226,1.9165792642999862,1.2086281382085993,0.5294953164886609,2.80661406337552,-1.6443643580561833,-1.030471817193619,1.2496728456097537,-1.0368584213334835,-0.23664418514715038,-0.6844697720968267
0.33775403690330214,-0.10931895796158832,-0.9227985858485487,-0.41231622277108654,0.7315378351177413,-0.21703887626927118,2.5437870076802875,-2.9925777120292083,1.0762485787197966,-0.5403705094224194,2.2624950413585667,-1.2791275212527182,-1.0243626470966936,1.339968947509926,-0.39928489659548294,-0.6392506148998369,1.3477022355790373,-0.7362766651136993,0.5713386152691615,1.0333643090504148,2.1385867749563947,1.5484718874243737,0.43374565019264066,3.03004722828322,-1.505866161815037,-0.4129398410040167,2.335306339352653,-0.7795846813134371,-0.4083916941006545,-1.205726671404353
0.3667253786729646,-0.2037923037917935,-0.3218087527746111,-0.3473428530729643,0.09043198459833071,0.003123263129939274,2.594352613610908,-2.2548620338684224,-0.03216699749634508,-0.8200527936358318,2.8843645208491893,-1.2716530091818143,-1.552614457256258,2.819715046135937,-0.3926047676640257,0.016275693807579785,1.4524563575720328,-0.8862370595745883,0.8420623362017092,1.54230822972573,1.927328878029896,1.0520126125141536,0.8082683936763596,3.0691511888350855,-1.1834401039459923,0.23265073455956484,3.078605573070707,-0.5454167308674518,-0.1637462889748881,-0.7378938118500432
0.7770322760077271,-0.019777567248597583,0.6818744762734232,-0.9100557910590686,0.31931538450578767,-0.8551846218257837,2.622526257244263,-1.4970310633915909,-0.11304801193611119,-1.6304674445955447,4.188002320393093,-1.1196591091991022,-1.4138759235540879,1.9919404457373022,-0.9002289606309976,0.07122156049974288,1.8529505145422307,-1.2104791757249456,0.8784689150769038,0.8633300675784286,2.2506854041081885,0.8914581178830103,0.4240842357051512,2.1137090559799714,-0.49872543285004134,-0.0634581685940323,2.6213127746486378,-0.36835444436893755,0.059769568009233894,-0.9814887043102083
1.2353760740604738,-0.2907096156783936,0.4048185970882177,-1.0501839802483712,0.9530707921038805,-0.8710236453910316,2.1940097032608743,-1.6139699516387782,0.15781995828784404,-2.0613151893260273,3.8636286259159,-1.4232030868244465,-0.868832560982174,0.4028007961804805,-0.9029783249627062,0.14314970192075965,1.766779926636823,-1.9594744733922724,0.7753586155470324,0.9052679041815519,1.7190647676743587,1.7138253575606315,-0.8248756997112654,1.2116313497891054,-0.4428987356962531,0.0667808935702347,1.3078056748308566,-1.3145681507290017,0.09855010379208051,-1.3994193633989784
2.0775313543694764,-0.17619247877353855,-0.04936595363982813,-1.7514626830239726,1.1305168863457968,-0.9410630342750612,2.1923089818800507,-2.0253084357631974,-0.06122745835927562,-1.5579288212066658,3.046760240463296,-1.095476250214174,-0.8320671804906635,0.7220540581266103,-0.42621889804700086,0.34693883459778696,1.2124893633054086,-2.3817572854779816,1.332678022237036,0.6579559997686206,1.7797527669864586,2.6714182764484278,-1.0787316942354783,1.8089113167834916,-0.7996071215042829,0.2158508498639179,1.0310940671320223,-1.6426281575662578,-0.5890205146423464,-1.4363717724268978
2.85353541583396,-0.8152705293138132,0.3435791855037787,-2.085044608480556,1.6846317745280297,-0.6904887655350265,2.1093646747859283,-1.5988254144580416,0.6000782918129528,-1.2188435517362037,3.292097305756983,-0.6065130424612838,-0.39179205422356955,0.937703897713698,-0.9990438814373458,-0.26104850025662607,1.1731960900917633,-1.5354622837526641,0.5706669384845512,0.05906676173281622,1.354325882046456,2.5841696591371677,-0.10816669480476655,2.3154522833012763,-1.1413266059726133,0.3152341187846315,1.1067684573104046,-1.2394499708019768,-0.5898912096418892,-1.4506049077864662
3.0245980862927078,-0.626656010232075,0.21208845044660335,-2.191595869222302,1.9519358603939936,0.042003423035468834,2.4824168527970114,-1.4773006381362073,0.7727417111166162,-1.0901308570983534,3.9948172937576465,-0.8226667963813835,-0.5956535448481711,0.07553912742293799,-0.19301098271382205,0.2438183344281646,1.1361767580808055,-1.3134833966566746,0.326329693800689,0.1229651671421785,1.198412823116697,2.203650845250321,0.48698490180777915,3.1060576495212637,-0.8513757855620712,0.8009363035724446,0.6897111818994314,-0.4294907019446149,-0.17360819556722468,-2.283317604196379
4.017184317835422,-0.9302105882297564,0.687446647056275,-1.9119364319487855,2.063668545418832,0.7687157989044097,1.960218387462408,-0.519411786530225,0.7807563680465459,-1.3042057236971147,5.050204600817284,-0.589135507647486,-0.02745578382555086,0.8118263544218328,-0.9422713597444574,0.4858506944234669,0.1665448789078878,-1.6053715619176725,-0.0037496048949022115,0.0003022460092222401,1.0158042758290506,2.2803099463511907,0.48226141361477487,3.020958364144507,-0.3871743574572339,1.4782005575894408,-0.06159570389537274,-0.29469795082807937,0.08104528011951483,-2.305969312607148
3.9100544875517507,-1.6376321230742343,1.5552766689323752,-1.7228687797645454,2.6092843512989186,0.38682550601780014,1.6896662343001043,-0.9662850920662205,1.1861162243453522,-1.1797221690771662,5.4246436021612725,-1.1079990961759287,0.37997772172232835,-0.784371592101014,-0.5080753560759623,1.0515224561206022,-0.20402154166034053,-1.3568576472648683,0.059393196093548685,-0.2081012420957094,0.35568516970024816,2.799486197498483,-0.4743379757768264,2.527568509426183,-0.829372531441063,1.6147284461046076,-0.001451490990484701,-0.7408194415932562,0.047451341250048365,-2.557951118391575
4.693366201033781,-1.6691507420703044,2.32863323828872,-1.4252794611904473,2.7943667647487627,0.8845351987417425,1.500642357089368,-1.724666918555975,1.5112259764612073,-1.038679797127575,6.534333191239452,-1.5321162210468284,0.8685787664917185,0.2271896104909199,0.16140677889179206,1.1629346283992756,-0.2508936420602622,-1.7900116418174576,0.13053623792902058,-0.8637046520214893,0.11888163878496022,2.6035964092026314,0.2039043185106901,1.7951088892487388,-1.1055791514622357,1.1851152963917815,-0.9061805112502392,-0.8816920976037385,0.20785168168030543,-2.188565209959432
4.102177640349455,-1.5428690684874682,2.074197588123315,-1.3751693352680792,3.4323684337735907,1.4336337208894525,1.0349402999734736,-2.5414754783660767,1.665620382287577,-0.832990559390149,5.8502179257612035,-1.1526797350878952,1.4325022075698974,0.5927758689611818,0.17024128351462267,1.491518483292437,-0.43054340244574635,-2.141310368932248,0.15999319235934853,-0.2052273969700823,0.34208062530554884,3.40378952886971,0.90354266988141,1.829210850037384,-1.5619899899423757,0.9857359074911651,-1.0271279275875806,-0.9788907345110955,0.21241919729420913,-1.8916700401306699
3.6737680564697137,-1.5738614901914034,1.2438050715070754,-1.5706143508143475,3.701037715106068,1.202858261485242,1.6676508754366424,-2.933270990284562,1.4251003597286178,0.11953700183829419,5.432164062940011,-1.3124302442139575,1.8485224070858908,1.1896075117181566,0.5224006940910182,1.1911090893046616,-0.46254044102311065,-2.2434891064097804,-0.3657682721390947,-0.3391464432358605,1.2684233349104599,3.878156128122897,1.703618264349738,2.9721753019504096,-1.8822876433535605,0.21292513831159535,-0.7312671334088475,-1.3004351328349537,-0.04614584880019036,-1.3099859151730229
2.196516113413988,-1.2046997786420373,0.635418463254027,-1.8852058839415984,3.4603664841484334,1.138440974151457,2.6372599517655937,-3.54181816878812,0.5392077448009746,-0.5550624071429544,4.096877469731912,-0.8530309690424465,1.245277488891494,1.7440502770283628,0.8820765291146959,0.28265055226320246,-0.32621487665208576,-2.5135453462901176,-1.6059360598495367,-0.24741861324074704,1.551189831509678,3.9444718443615265,2.6974167304864296,4.8729524882634925,-1.5795156846252543,0.059479782027794026,0.2359633796397998,-0.3931896286927059,0.6627134864821271,-1.4828683347306983
2.213306828923911,-0.9242098389943825,-1.0137743091073834,-0.8673230041216105,2.7570507559749493,1.301496793455785,3.1940448253132296,-2.8657599343934446,-0.4289789925930376,-1.6216653652559394,4.437797912350662,-0.08191587033522835,0.20951362367112142,3.238156299030776,0.96841766955461,0.4316947759927135,0.10682587607614975,-2.711460373338014,-2.0945655582112592,-0.41872013598184393,1.4201035604285215,3.702404818054713,2.8823140557773943,3.8933420681542996,-1.4862000779989093,0.6464837854946026,0.34786218305856137,0.26164728293499934,1.738820783978277,-2.191166322703986
2.9612553016898193,-1.4873682300897997,-1.8785117771319602,-1.6887118546141973,2.6098757898448937,1.1947477882343962,2.7430817520710846,-2.484789570081677,-0.9835626439316011,-2.2305295682068427,3.9180321480070606,0.042949032350645844,-0.13305738034431192,1.679326388720848,1.088452979556664,0.8067748877358951,0.218868604972379,-1.6678780457599196,-1.6804669957988079,-1.3030808671638723,0.6752258790288439,3.696305591406584,1.973024929357338,1.1921861427130729,-2.4636089941432258,0.5783728855731907,1.1351070569368131,-0.5721400534471529,2.260994197928052,-2.253377655289096
2.3045166971461892,-1.6580439477129691,-1.8471700469885939,-0.9406482542153266,2.382873643767755,3.2334504549475436,1.5689646489607707,-1.4208021149160655,-0.40996029598167827,-3.090265712607,1.95825054789134,2.3756135488898957,-1.1338445787167442,3.986826416623809,0.2553250596562797,-0.9371071792415371,1.1060695460619119,-1.6911329700780935,-1.5914093780277025,-4.259734833064236,-0.9561598761688681,3.5115514383524893,3.43442110595095,-0.13748550352134026,-2.86141517279897,0.002939842324149483,1.1661578324510735,0.30553286007346203,2.726831095550029,-1.2882981707912091
1.2425480509647664,-1.0683006439626224,-2.462839518973936,1.3809076718839006,2.3502762180251917,4.925090822444062,-0.20888048223935549,-0.011627311533937146,1.4722733475599687,-3.6812156575822716,-0.6956641913365827,3.9833941716992767,-1.3337531883211549,5.497239786083938,-0.1702808262537706,-1.5868030672576288,1.045448694775729,-2.600158428104078,-2.3648364051101627,-5.113138093227493,-2.0899583773538772,2.893817641973782,3.499234200373196,-3.0725880165043638,-3.877583977064861,1.022182487036701,0.5343780889329298,0.37564065936651236,2.177714338547865,1.5112777447421997
0.7940903886176655,0.1740494431471873,-1.0852341459097186,1.7554156437919533,2.288051746813513,4.378647474425427,-3.2424858071482268,1.716477280749201,1.843831011378763,-2.416680564211104,-2.89286641552832,2.6629936516542285,-0.7048875838013616,4.568576890507929,0.026249044795570775,-0.6195183865228504,1.0945199191113164,-2.5952316674158977,-3.921258492531904,-3.397572890689771,-3.315646632255102,2.399365767327917,3.9205296401011838,-2.1248730604257036,-7.187431695361069,2.4975153231897504,1.1322679340603472,1.2246088006146487,1.1064717997975433,4.25859552933024
-0.03991920477272726,1.1074187399099185,0.5651653487508109,2.565567033967583,2.2826385246921315,2.6179927556663554,-3.8477418919505877,0.38967971416230945,0.9917978766242636,-1.6705313264025232,-3.497065268858073,0.5531132964346364,-0.5347971960823626,3.438859128912502,0.2437479011352783,-0.11964256642638271,0.4868792682182719,-2.842644574815043,-4.2866814988364785,-1.72646171866122,-3.3017036273629974,1.8307233713411235,3.084037668567094,-2.2502813059800797,-8.084384291935557,1.7778628227572932,0.6720500032397558,1.554617518769721,0.6841092905083883,3.97026778475628
-0.023740124722498812,0.9651912682466922,0.8523154946799704,2.807081485083163,2.1509037753782767,1.2127566245636572,-3.325358379040246,0.12036248225096646,0.06739523192922546,-1.1762564503210229,-2.498770568874221,-0.8859912569724657,-0.654638516760423,1.923998970669324,0.2744910802106272,-0.47454331920846354,-0.003929252925418916,-3.187371821005862,-3.4354408940229506,-1.2120639065308987,-2.3787343698989796,0.7528338970352396,3.2218837570191723,-2.5789804196237522,-7.7918204859026705,0.5498249588142584,0.523704350348137,1.701118889483625,-0.24977293935586978,3.5826237594482757
-0.6668362967565324,0.65183541829376,1.3902899789301333,3.019879417451647,2.064694590267588,-0.6067943043057034,-2.494821074168548,-0.5483843861219406,-0.3446193518570977,-1.201393913315694,-2.2102488744795346,-1.8526150745609702,-1.0197201102946347,2.1660576405184875,1.1466590186837673,-1.6059958695863203,0.3044954466504562,-3.3189099463422442,-2.8131605128712214,-0.7844797149529265,-1.2199185539805233,0.7275496618693218,2.4745569361847575,-2.471742206289354,-7.005703021121835,-0.8276634895765277,-0.639636353793668,1.3668481300350581,-1.2215047128661556,2.4994471280863677
-1.836761644317526,-0.07038464021682594,0.7784361688938601,1.2506874158538008,1.4586382338877901,-1.219405177173646,-0.5282497864562509,-1.2073946728858598,-0.9537989659096133,-0.8634967045507917,-1.706213959508073,-1.7029906242738542,-1.8982449453413819,3.225978068243651,1.3374335175071976,-2.0069263074998616,0.058591869192274895,-3.0770940219205483,-1.883923351810122,-0.1863092615332349,-1.2892455774321356,-0.15320528001378214,2.452791536732095,-1.2822335917225085,-6.027477069239652,-1.281578244568179,-0.9751967002309179,1.4802342047771657,-1.374535172606627,1.9381903461911154
-1.4855110304691101,-0.759390062615855,-0.9931380379886348,1.8419182109791359,0.8760623537851597,-0.6459929635192159,1.3247663898027513,-0.8655946957507858,-0.831146176651173,-0.01168000843716116,-0.5221826327519088,0.23688534073417766,-3.51815226183678,4.301333415792772,1.0460153334770124,-2.7340837943097087,0.2349943322066922,-2.4733900407166045,-2.3253936109972213,-0.5599848899086676,-0.21568044029384226,0.4593339239860045,4.328377735542689,-0.9012498729313,-5.015411707546169,-1.060620290208476,-0.12243809569207487,2.1471428900822334,-0.3320509503876953,2.0981590081671113
-1.6677875312930022,-0.42328751056223796,-3.1156384540800897,2.3463320675336266,0.8233296839692715,-1.1200825803274121,0.5944447335533051,-0.7915612683785243,0.34911952700015936,-0.9444225968119637,-0.34113236556131465,2.1943842789815857,-3.44407990871586,4.225158330672478,0.8155685200940634,-1.2372262155200895,0.07090271362913578,-2.533288893485295,-2.3645804628885823,-0.6334321390367348,0.9593696280282744,1.5788363770510303,2.889762410712554,-2.350386608543465,-3.761305495524191,-0.678709572444608,-0.2819095441324549,1.3215527791644024,-0.11163271451682699,1.0094724334809602
-1.837462112728324,0.4901015321937997,-3.0355873568438883,0.8471410817886983,0.0776287482378796,-0.9346820152211124,0.09714456723916412,-1.2462269661454994,1.4387190583483342,-0.862015088796181,-0.46257924037940956,2.707193552691048,-2.7991439875679416,3.117478041308323,1.0235264288009829,-0.8351584540574487,-0.02422266890616448,-3.2432249990320927,-2.4272170049422774,-0.818242996171993,1.56484139310085,1.5812953445875424,2.0651848763668457,-2.511796268384942,-4.499781957806323,-0.7744788093777797,-0.04117762225283652,0.821353261682114,-1.1501750123194547,1.4486784800069126
-2.278746064033174,0.39075023795308067,-1.832301515656907,0.7928112454731155,-0.9712830440250605,-0.3422861201807891,0.7391917839815435,-1.3085066424221345,1.1256847512262778,-0.9112398425504458,-0.9750203497905582,2.7872092289377792,-3.2102935471072573,2.25478831839439,0.3520433315806024,-1.2465093307667303,-0.912534197670691,-2.912547899311742,-1.8551248007139227,0.72427126179643,1.733061534986933,1.8682799963156476,3.1500173419541695,-1.4297412486124488,-4.963345563491828,-0.6369089723834761,0.3188642202109283,0.8166532478840047,-2.4797446989647582,1.1956008762696353
-2.746602316386949,0.020945335373462215,-1.6631695432010167,1.447928077608374,-1.4559690561771914,-0.9810890414713682,0.8278067398217559,-1.5545855789766962,1.4762759592646861,-1.0159006114337201,-0.20140226609283074,2.131299197812658,-4.140369792907038,1.5795483734628772,-0.09324266385558094,-1.0136385439508258,0.0024346245262843527,-2.588238692671739,-0.835820355853595,0.30926964749794283,1.7177658619015985,1.958663522001952,3.0515519651299767,-0.16924788062046972,-5.090826446180753,-0.8139298549203516,-0.3243120475115721,0.9894841938085924,-2.8807453479405685,0.7806829200234071
-3.064654840754945,0.17731339416110267,-1.022083481826403,0.8738009927380852,-2.0585664493482323,-0.5885892506297158,1.212723291886954,-1.133885464697692,1.7477018929292574,-1.1370951050136948,0.6275338073795798,1.573874506204942,-4.2039785615544325,1.153177733326904,-1.0929277755108355,-1.1945820711738613,0.4704941751148597,-2.5527357259388808,-0.19585324930021608,0.3647153009741036,1.5327365298562372,1.3214140341869238,3.519275084294314,0.6686642766581444,-5.087198787093672,-1.0984900327019527,-0.31156071137085034,1.2351426838043933,-2.2070242395783715,0.651628539003823
-3.2682088615797498,0.5320084515792016,-1.0921308898015232,0.49008182735164924,-1.6783266786778108,-1.0446165601839879,1.674415341854168,-1.282179184391265,1.2978007764990327,-0.3218229704735273,0.22476023763315328,1.2432537086232722,-3.7067584463314636,0.9742680418933104,-1.2644868514659675,-1.3733641559681118,1.2526354301576552,-2.6588857369449013,0.09030200470477998,0.768593468084998,1.269789088142347,1.4725330156692047,2.728012566348052,-0.42995551883463057,-4.719367496279359,-0.6112106840510168,-0.4492286094596548,0.2684208550883147,-1.4715724065452158,0.4737328664907432
-3.0512168869333385,0.8870877034491015,-2.2034251420589617,0.11845305492663162,-0.9340439405797595,-1.8587452637962538,1.1001720914990543,-1.2936985010469368,1.0537979923117866,-0.23321160657042367,-0.229218353828872,0.9083691516833771,-3.7748051653218275,0.9353927304259403,-0.3848783352811246,-1.8004689636653932,1.2103299442648945,-3.0183660771314647,-0.14274105275668214,0.5279346954652502,1.528002738947225,1.9384174396087366,2.8313691725117898,-0.3299038170752438,-4.095508671639557,-0.7112793742682091,0.19964530757624496,-0.32316023818570927,-1.5532255890859032,-0.011828906253188831
-3.2201846986835894,0.6424191034469615,-2.326062174483577,-0.3669507010093456,-0.8140423662395635,-2.5660917104262517,1.372390889189025,-0.4063578997027382,0.4869201746401073,0.004873507663447074,-0.148620985177508,1.1571347488166506,-4.449098279854794,1.3990209838938645,-0.2202798464285942,-2.023333664296128,1.4705756304373114,-3.0541885565574813,-0.8258412613102751,0.4633541977203671,0.9473227526596275,1.623922143997242,3.184988982757081,0.25331545968365377,-4.108583262244837,0.2813765447465171,0.950643921154743,-0.025658444861204444,-1.451796399283262,0.19297606650860186
-2.9343645398377745,0.6981101511292869,-2.292669308166198,0.10538758511880877,-1.0388088052688784,-2.0033157083590005,1.0094585447409656,0.479549964538958,-0.2032242788703737,-0.7402150661053843,0.3319122548231222,0.8031313144871955,-4.914368290977202,1.8754482230926859,-0.5304096585498568,-1.9158114544336988,1.426690445199725,-3.3647360411800964,-0.22546946292765987,-0.5024387990846504,0.7960926310286214,1.3517957891164443,3.031930229042265,0.28593711017245,-3.0099013890868056,0.6138742313739615,0.749208468525979,-0.12155613126482012,-0.8787736746916904,-0.6175375969032293
-2.1368481903054546,0.19709810453643434,-1.4836592706269045,0.011323688313553806,-1.6709744385864043,-2.2763634473527388,0.265895960106878,1.436661987229272,-0.24377940738594522,-1.277302720107396,0.2207482744343766,0.34609764570295304,-3.988142629652072,0.8636551324235975,-1.1796289835487044,-1.147579330341308,1.1247142982109724,-3.1371279439112234,0.41776572085538105,-0.605160068459407,0.7347099603296432,1.2164463594226063,2.0473239399483494,-0.2712997170458728,-2.3020527660846843,1.3807308751859637,0.4746983090416327,-0.6019617385056337,-1.3137771730043888,-0.316700786636036
-0.3525964009801608,-0.38500472634026595,-0.30194208188463023,-0.9594812748728042,-1.5608168292743057,-2.843940569681968,-9.897610084126998e-05,1.3884494342373683,-1.0276085566894468,-1.6377218845676387,0.8460107900863649,-0.6486750655322906,-3.1191755942827206,-0.34390045980170064,-0.834145284778258,-1.4197919134093113,1.4318464674914666,-2.7827945838463544,1.3386779375489566,-0.4518062676757918,0.20418672434948232,0.6097664260494844,1.8287381596651648,-0.08187601966897427,-1.079828886822849,0.9096608575451061,0.07010031181227855,-0.7740408878150086,-1.9548759397007613,-1.2642476029790344
1.0739375425004545,-1.3105777630181925,0.0822961348893077,-1.4253085788557562,-0.9282080773669992,-2.3656173653496078,0.24421747986493544,0.8000059107788673,-1.0900080291281815,-1.0722597913919685,1.4608711139450121,-1.5158858684410623,-2.4997255595709396,0.04629041085075153,-1.0857487893590507,-2.047252254297485,1.6590738276828265,-2.014518429837475,1.3821259936335692,-0.9128376816428829,0.14875791749901005,0.1190625487507969,1.4841102621403004,-0.18689497168894145,-0.5422775686291722,0.4721428395130856,0.32050220784315153,-0.5642501511178643,-1.1580996294634593,-1.9933755965178084
1.6547440834155036,-1.0258849533950678,-0.7596304114653694,-1.3278075864659573,-0.4395133479174582,-2.035067351094256,0.4350313206978529,0.35106098562328536,-0.6776793354388178,-0.292430400648822,1.552068881211847,-1.5857019142157007,-1.575736844428873,0.19170196735270661,-0.803163417992327,-1.7783747823515055,1.0344838672285765,-2.0552979823326365,1.0963306764767942,-0.6200954903076222,-0.07315787013854158,0.9782154285980519,1.2626709729708279,-0.6217525990124517,-0.12839825499531896,0.345513066978219,0.8951887853923681,-1.611001819785372,-0.38402858724082756,-1.9754109234891355
1.1908436023395266,-0.43248119442035515,-1.7807364208439582,-1.2812100046737673,-0.5156379262709618,-1.4387182112513948,1.5004757071845103,-0.6133018967274759,0.39956791309473905,0.32819287550488263,0.11563162138980942,-1.4979413048301824,-0.6321019021704508,0.7808818583915091,-0.6005804380123666,-1.207173477495268,0.4658823294643565,-1.5764229306765605,0.33511035037582504,-0.1769658641319961,-0.4134639444070578,1.551134685751065,1.4393387652737348,0.3967623135842977,-0.9668584310676366,0.5064949195663064,1.327202388643212,-2.202425579332619,0.11032667895388396,-2.0256771010137524
-0.5039458120639451,-0.13525467778904254,-1.6285668739522077,-0.40727753792214794,-1.0307858009156206,-1.3975806752375268,2.443657301120491,-1.5706684818400936,0.15573747668268012,0.33537767191193746,-0.3184491289903712,-1.22973444409009,-1.796872610499378,2.708944915932491,-0.6642869908780384,-1.1131619893155444,0.9337452073420603,-0.9092335149524872,-0.5930255564493818,0.5735166524974932,0.10713942403712064,2.9935507047680168,3.5313232165344917,3.093537134464833,-1.7391192358761738,0.6398557491208469,2.0503682065565396,-0.8606869699841266,0.29769592799652306,-0.7331645911859863
-1.457745219980383,-0.27409398683888,-1.927751121730852,0.5105209040831635,-1.4025054093723144,-1.8204451870433336,3.422075020579243,-0.9796691473241395,0.9356267772088009,-0.6584340164255797,1.3363315521687484,-0.39937616186152225,-3.2378385113034267,3.8769014088234273,-1.025798137881222,-1.4787442868989638,1.656775925968233,-0.82383427608692,-0.4110669957719647,-0.036746674229558185,0.5497322460530469,2.83787737814579,4.349710250944659,1.9086975219692774,-1.1789200818443468,-0.22735442978243864,2.807471482083474,0.6045250828060229,1.743161188578853,-0.03654920861192684
-0.8971311905875698,-0.37392527018168065,-2.6699881513800205,0.0007031477169500699,-1.735017831178612,-1.79913930991173,1.9484888718353552,-0.4072996204293457,0.9168817053441088,-1.9594425314666926,1.659467309978243,-0.4851342275535484,-2.936603461760498,1.7209029180134126,-1.675322330987229,-0.009038666914271822,1.477505721880882,-1.637169570064442,-0.34366515126589675,0.35896726475812896,0.7542808109362531,1.8482737293247198,2.2918754595758517,0.5355978108861184,-0.7316166381325679,0.22337126557268155,3.0609153343084845,-0.9612292463540999,1.4674359228920864,-0.9146865007335193
1.52710885150938,0.05984028138492825,-1.0562509994031368,-0.9339316601725011,-1.5616019190073693,-1.7087085946217784,1.224960568613508,0.16553918644628537,0.41135768031221953,-1.9707783215447672,2.3398362096992362,-1.1486157714813867,-1.9424789373347282,0.9809151878992886,-1.012503819241197,0.49722675510059716,1.7211365113448667,-2.305161133652141,0.025615593223713796,0.3614576641711369,-0.2075532606853999,1.1435417921370448,1.0645461569878305,0.12805877742963087,-0.35254624885193564,1.277157943841113,2.658496250277061,-1.3990852814624841,0.8246869756064096,-1.2238565630554556
3.0591017087913794,0.06859622084000203,0.7508123353574065,-1.7873533222466138,-0.5506157670657726,-1.208111259139388,1.069558285436849,-0.23266310029470755,0.052921492924797475,-1.406993512865699,2.7523072866824,-1.9714836271275795,-0.9521542891118162,-0.33768993966975624,-0.6981962891458813,-0.024287803024228116,0.9909268136519,-2.1442472707230222,0.4522241910055657,0.24667102007569217,-0.2237536244381113,1.4252907440217835,1.5816996124435085,1.2503529280805226,-0.02467498335408244,0.8686327126837329,1.3465391170600993,-1.3439693053803818,-0.6509170943489075,-1.9205032357358434
3.3589819124414433,-0.7827979938426269,1.8683695043871809,-2.0249815902074233,0.749343524338416,-0.7090972111271938,1.0876640971969436,-0.925179669238255,0.6462632571930369,-0.765146739375346,3.8185091603792514,-2.3085472878327336,-0.8944619654969403,0.19079085376381894,-0.7023640612397535,-0.5325790666613235,0.8604920952254209,-1.0827156713346184,0.3674761213311661,-0.4085200018113168,-0.06260835953571055,2.213598558963972,1.6034832181924408,1.715453975634512,-0.3260585407097465,0.4696266116957218,0.7677394228085395,-1.4673327550164865,-0.627914097104634,-1.8685421620592366
2.7786340001093,-1.4119827019056428,0.5500695236088725,-2.1406841419899556,1.3233177133502787,0.32215254024706563,1.265572816344931,-0.9377263084962215,0.6785175112697004,-0.6193828284807151,3.4584924375125428,-2.0412439456042026,-0.03993183873026812,0.4238511447882318,-0.9417748450844132,-0.05235600828821413,0.7171368775882242,-0.9721773160255971,0.2865106178786346,-0.7797376233518452,0.13824924076421408,2.6212477560955567,1.3965839765083956,2.054898879463782,-0.4621095771817387,0.907062890671805,0.5097425980060782,-1.214276778747472,-0.11489328595812286,-1.7616117332214691
1.9098769296403404,-1.410895037152481,1.3276200902152322,-1.9870156764803686,2.187522965201601,0.41329216587568757,1.6661350549546725,-0.8303286886991689,0.6338512824105449,-0.7173514387551854,3.898641594376494,-2.4256146911529175,0.49193974539436824,0.19522493133902835,-0.21318158849137603,0.44968341716632887,0.6073991981955983,-1.101009857110706,-0.46806644962501703,-0.8179998141596907,0.7263399775585841,2.662833013860625,1.737854415623147,2.1809395057586474,0.2585389246152816,1.2825797705302715,0.9902853742782285,-0.059482979601425054,0.46549944832082146,-1.8269255252886731
1.8645631958047473,-1.2455709036002867,0.9221242581742581,-1.713071079309309,2.6205314797403,0.9976863182723144,1.2554053714706273,-1.2124729719874368,0.41207990565791086,-1.1425934810772518,3.829837801135701,-2.7411655605135925,0.785221618462947,0.3705712051818485,-0.5206026277472574,1.1219602287692843,0.7856954427825168,-1.6339323906501737,-0.28861810407682614,0.2953137343392145,1.0510710440009,2.5100225149717654,1.520881066670756,0.48290242194261923,0.5874344072715413,1.2205895590370937,0.49158876177389715,-0.4312651346687703,1.1538518432663576,-2.183883610395663
1.7113935102505593,-1.050990952551554,-0.3023532220114856,-1.4220491223975873,3.238440154668507,0.5596702419597211,0.9973992988057673,-1.0689379824462724,-0.2002379763832473,-0.315459600493989,3.8635239837304773,-2.108859164415092,1.7459361186997941,0.3471165481509932,-0.32945987191478654,0.5863851400442788,-0.4043535846288167,-2.0683323392590935,0.41692816631787466,0.030824667474758205,1.603297819984122,2.611305939569672,0.3988997802565395,0.912701113921502,0.1776245421768721,0.17679859405715564,0.7887257514980831,-1.6558340841439223,1.1744403687393752,-2.0103832742740413
0.6378491935593986,-0.8668676812316212,-0.8422381250497517,-1.5003382798405926,2.918981535011012,0.8493193651588464,2.032664958307231,-1.63437016779952,-0.8039950659325503,-0.2088315321495489,3.6293358017940918,-1.9319035415775592,1.5840034706266009,0.2358884361505171,0.19205418467667337,0.673203280610851,-0.6376166665739484,-2.289482937845029,0.10418206355631282,1.0876525113470368,1.4126520119947117,3.248513133269366,0.10042181654813334,0.8528264185313179,-0.14138495482436675,0.17748258274533107,1.4851226157858173,-1.9382700717020727,0.45296452646540264,-2.209841844687369
0.9054403164404853,-1.0381879355955057,-1.4248801893600582,-1.6463768114387916,2.491319806171547,0.5475308154701397,3.0056403259325926,-1.2234701259357237,-1.3787925357301705,-1.1705201167290191,3.3318540498695857,-1.2227968905988928,1.2146956373925777,1.1766202806768171,0.7580253230622169,0.8672264534972794,-0.5145955583870241,-2.2895434411009052,0.6111725425866685,0.6609175925487416,1.6300935319086782,2.972028628665911,0.07997622736631961,0.011789187622188974,-0.6643458883483205,-0.5052687430678099,1.7855499522000593,-2.0017263897957274,0.9170737131302207,-2.6837140373529644
1.5769153668301807,-1.168592924705456,-2.0379345828731164,-2.344326242961943,2.1199121764321642,0.14373391617024078,2.387424607760914,-0.38444777066341085,-1.6874065891076788,-2.266084692288807,2.817561600481822,-0.08458983846322737,0.930054667815035,0.96017531574149,0.7169312024915754,0.8118361844471439,-0.6063346482688825,-1.9917289668229445,0.3864979020465048,-1.103333979524919,0.26965164265280706,2.4791319826971865,0.7852083854973884,-0.4606343806896389,-1.0221272354115896,-1.5226813349600028,2.0976046645328927,-1.9518009235936258,0.7788804514570131,-2.9343853843079963
0.23063950232493,-0.780548774606721,-2.271744277911508,-0.6200585809648764,2.0218573532281945,1.9179575623268263,1.5819149786055813,0.7088829826778453,-1.198258024586015,-1.9810286317380552,2.751973763566204,1.0601029761581828,0.32970775283866516,2.105324508494152,0.49389905641211507,-0.6015745535937206,-0.22410683452406788,-2.5029004704677567,-0.7937335111339537,-4.143089128662393,-1.9912742809476245,1.776393407363886,1.6498854366630664,-2.292930387063012,-0.7531953397657161,-0.8828495503383855,0.2531758764424854,-1.6900245772517544,0.4759261501475188,-1.3588364112184297
0.9978880289147397,-0.31689336822846964,-2.849032200205263,1.3557835255364712,1.7574991225477086,3.517912993290638,0.48372919434433004,0.9147174711042261,1.0642567599741677,-2.338209297920678,-0.6980814233356569,3.0836567980060976,-0.24099272480643652,4.136807208618406,0.6932089518222424,-1.907881194131921,0.07971624636015383,-2.5511448961760794,-2.588432546413203,-6.377615237418235,-2.6998763286771017,1.9832058337792418,2.579157430459528,-3.1194278420645327,-2.9108432449522614,0.7615928370688752,0.4688549628353865,-0.05677799185037602,-0.0024473986525124065,1.9003596443914863
-0.11950801044456755,0.3714408963420626,-2.1266407291928795,2.2468042165265207,1.5945015093261596,2.178431120384336,-1.8369584102323873,1.46939494326666,1.5227714540991673,-2.1779565970535106,-2.7473090311218056,2.63382306492384,0.7421195703646113,3.39512149691834,0.5510032275028912,0.04163679614122978,0.4676250153603453,-2.1723740913749388,-4.7062309683485735,-4.641420741675724,-3.7847530794742847,2.015764804584408,2.709502814419031,-2.897409032930355,-6.5476503397019465,2.1584650394940663,1.5550652089044341,0.9136726546097911,0.2649502124654,4.003071124486319
-0.49740012986062154,1.3159139019249049,0.5198886010156643,3.1522063359337,1.7955419143359304,1.1455981568101843,-2.8165979587102914,0.8877216971757357,0.6331708641438081,-1.7980934757090403,-2.662986026864547,0.779540415188287,0.5413481883857034,2.5310244340862327,0.17984421266470207,0.28896361880044474,0.16662630215852559,-2.3793764238117108,-4.858157888272349,-2.5842501792565424,-3.2409532262733833,1.0436922225843985,3.4190320380386923,-3.8235200086552887,-6.785156074004685,1.5258621024594707,1.2328369822425909,1.7961007154668343,0.5888745270558557,4.3577759329299575
-1.4849625729934226,1.6194577359990492,1.196509641361442,3.321374664373315,2.158022961819624,0.614740712483336,-2.5863372325351337,-0.22436074926172972,-0.0294168293806151,-0.8480792656717256,-2.388151916729538,-0.8809538648791972,0.4285853916990516,2.584200348700731,0.5798124722052712,1.0475988225258368,0.17929511955310135,-2.937370771495283,-4.345509700168636,-1.329183196095816,-3.181196587069508,0.5284095872488269,2.5614179758059916,-3.42370220495881,-5.990028680806613,0.34757101150252073,0.747142571473605,1.2303671728862227,-0.428058834377819,3.2035600229548145
-2.4738961602730254,1.783828893105185,0.5219425634773065,2.1020845324846196,2.286737087121829,0.3933135209797409,-1.448133814566742,0.3393717491281974,-1.2996558031567556,-0.5649833460211257,-1.0267664363493432,-0.8197748056176901,0.6186611569923169,1.8568120919751974,0.8874942246161581,0.011443681295183306,-0.4130089644978277,-3.4685438416597494,-3.6812444962551645,-1.3444504002426638,-1.9029400835571813,0.8376795698017173,2.2468110828359915,-2.8102029179022407,-4.737017874184224,-0.6965287051468463,0.16167093161312596,0.7262540720219676,-0.8077167216204103,2.5016144218441814
-2.946239983163137,1.5343774214453227,0.6336903493083267,1.7910087405776793,2.6126334259876205,0.08799524701953021,-0.11926658047446656,0.02974641998167213,-1.5369271693993056,-1.07325789591175,-1.5875677963961015,-0.31741700619235547,0.6209989446658594,1.6414839962412806,1.097440680643768,-0.8658055235668014,-0.5570585668231286,-4.670354034396499,-3.9592306211830905,-1.3853914682221742,-1.4928609886903044,0.7049670410865958,0.9236421148562864,-2.78278458683534,-4.464892038008328,-0.43470289261962225,-0.04904849442937115,0.5964356901159584,-0.8989437958155606,1.9401543120865732
-3.0298841753256,1.3362826532165957,-0.1643426008339692,1.4357741547469995,2.8132708656413334,-0.26143821813347756,0.45860211809944706,0.2772465371140837,-1.9338771513781015,-1.2866495739100257,-1.0844028141006448,-0.5978643292918833,0.776048672714308,0.9690240350875698,2.1615077070886377,-1.3261330393428385,0.33038340637392605,-4.584104903741524,-3.814636446426627,-0.9689367697125091,-1.2609034287986427,0.8083605080707144,0.8222550136459845,-3.0890070510542382,-4.173739639931074,-0.7336277443246012,-0.38357217676181543,-0.10949925699441213,-1.4420371969651038,1.9883680128244232
-2.3461223137504494,0.6225474574733312,-0.6792427322849817,0.9015188916771733,2.443017558190302,-0.9189187122886886,0.7313789658152436,0.3605565209387863,-3.050425364631339,-1.471522639704936,-1.4246628360389413,-0.7568012263078598,0.294799455910699,0.6955931411380203,2.5237604618023632,-2.229588035111069,-0.15493582835353267,-4.742409104928274,-3.1410218225504236,-1.7300737013043799,-1.102635673569876,0.6529612970800336,0.16143805909157988,-3.3037295239801736,-3.4943268118164053,-1.2774022462166765,-0.5479920033515524,-0.7876070710436663,-1.8014568251412322,1.2486625522585402
-1.8698985121663765,0.6343638589830467,-0.9612694615231819,1.1655982344139186,1.9578177993702905,-0.037496437108017394,0.3175344851270344,1.1042611785967271,-3.44947695740705,-1.3982324309106067,-0.8105851423701873,-0.4204591917799878,-0.3704628021491777,1.6422306817115757,2.4079968756467762,-2.4420995319848,-0.6399907996665463,-4.5731703552613805,-2.8502424255317327,-1.9761597471436954,-1.1684942877676063,0.05384448781625539,0.34669829789957873,-3.8320086416225787,-3.361000077152825,-1.4505804863682694,-0.08163352613080627,-1.2726636162939584,-0.9115285355442794,1.076156688452535
-1.7805487339359745,1.0420772056884298,-0.6295468479616032,2.024599687375375,1.757297239852977,1.9370932279321564,-0.8838724151432102,0.9482085840255154,-2.3884992845105133,-1.3651011648522582,-0.6287907299978717,-1.178192839303186,0.30074739021447744,3.302595836229484,2.532536966770065,-2.853446979051328,-1.4478194494292473,-4.767415765182362,-3.842839100649461,-2.8345100564790795,-1.3793200024689756,1.0439620182327372,-0.33334515471160536,-3.194735227016222,-5.051015882023137,-0.3314427941807693,-0.20192536587778248,-0.7596163743413281,-0.9725943233350473,1.5546543416049714
-2.810710042088032,1.1498644779058607,-0.16813789780350827,1.7690933632589836,1.2991269825915372,2.030693668546139,-1.416464919751201,0.013420568641681008,-2.5039424899294755,-0.8027452584750782,-1.9713660473916375,-1.9276986334340571,1.0091178098240667,2.2199628217958187,3.241711066503798,-1.7367751265855955,-0.3061676602446061,-4.9405634336687285,-4.916384700476101,-1.63060381159073,-1.2726650940327384,1.4512318217396334,-0.1237402530486601,-1.942660937656256,-6.13249320129638,1.2167716559810886,0.7635544592367348,0.18070381134372782,-1.4553765646391228,2.8940500731701766
-3.0352933034051475,1.630537459145498,-0.430247590090186,1.6566531672461606,1.6320670748998374,0.7184107097932623,-0.4638733274657491,-1.0445338849568957,-3.001068681263465,-1.0251850413140113,-1.9809911355396344,-2.6618548850033146,0.515471095775928,1.7112167707813009,3.612403789536749,-1.3550109783546207,0.0029802826140786914,-4.573245356071567,-4.631382912660025,-0.7966260184023493,-0.07356980084667553,1.027274377373117,-0.579940271162084,-1.2441594477679385,-5.580808620241831,0.5978200124077997,0.9270506627735237,0.5190991322156815,-1.9228180812719666,2.321345896221556
-2.272448785568839,0.9854440059629718,-0.39519046382466855,1.9535464255129877,1.5311601620859254,-0.6859789087516295,0.3853387994114774,-1.1866795237087886,-2.9866446619085707,-1.7776130584567258,-1.3683654107579846,-2.093747254253413,-0.2012383117436098,2.3830906294092182,3.414456456596379,-1.743550344859378,1.0258751145224685,-4.335192883055333,-3.191351997350034,-1.4227483667743317,0.2627215489267677,0.9776915411800147,-0.47911487381551177,0.26067312329304526,-5.217387628544345,0.32712363235395425,0.62471057659613,-0.13194569464988898,-2.1260322814847448,2.196792820740062
-2.1589492340601604,0.30417959199620076,-0.7991352524962357,1.648382641422866,1.8998160515164417,-1.0425712949275672,1.8027238385892959,-0.8971448005676081,-3.186236389805055,-3.1389558538819893,0.261060543519388,-1.7232561460124045,-1.5035336715651786,2.386164560848613,3.1349606985698832,-2.0130371730854444,1.6086151063524654,-3.950760281779934,-2.386782228935501,-1.5022457913569234,0.7254540282677083,-0.07100523585682234,-0.03741389154108654,0.35277885037118517,-4.630097441484607,-0.581404025799666,0.4252026058208904,-0.5345533923230799,-2.014294003584447,2.8194316672528363
-1.6979822780416451,-0.19038860047609632,-1.0905611225371636,1.6454708496299704,1.8203814587447218,-1.0045104448384328,2.301045303826201,-0.8909869361763817,-3.0338114873089315,-3.985648638630803,0.33970268481464116,-1.2417974107647252,-2.117701107533274,2.8708740746319745,2.453921709976934,-2.4323338409928854,1.3429537098045794,-3.6678953926194686,-1.6304489651137963,-1.7162531914727153,1.020396430330695,-0.09207628057874823,-0.28412646647365264,-1.8231046774279296,-3.997154528754811,-0.4831144560765214,-0.0205786283857104,-0.518109910698,-1.170348708719331,1.5080611932854202
-0.7071469740865284,-0.05358109689208945,-2.2538814395032216,1.3189092420912683,0.9686702919083809,-0.28201685165968887,1.485897661867638,-0.6238495487238631,-2.7011353121752206,-3.998054316912674,0.0762247003776054,-0.18517201017600832,-1.5346855505263544,3.2492585194411294,2.834375159175264,-2.582359091131515,0.14060566485099266,-4.129189816846123,-1.3383263720909455,-2.308937191028164,-0.01710963354596895,0.5665204857981673,-0.1627847152756003,-2.9914766503256107,-3.3906582615226757,-1.390935838697465,0.6415372647996658,-0.9848691419496355,-0.994970014574907,0.6411832790712879
-0.6087804333257829,-0.6263701086585802,-2.52246144644208,1.2464452316491612,-0.00306092014089919,0.09146905273844425,0.4370079980501774,-0.894620484871412,-2.053664960427025,-3.2742105972762188,0.12248619813162201,0.3887695468261962,-1.269832470171327,2.923453117706027,3.2273527444047945,-2.5997539344623037,0.12246990394949177,-3.5275836082150467,-1.760589730898292,-2.917485845930018,-0.7922765661042064,0.3038132412739888,0.24249447159307,-2.660432942572397,-3.6325455603926433,-1.2458427794476625,0.7936387493412281,-1.3235801679014152,-1.8546067053473096,0.2587148290379087
-0.48832643067477455,-1.633840840512509,-1.5552951071902656,1.658540792399632,-1.2651385449041193,0.7205431237920346,0.05647876849980456,-1.247596522892755,-1.2005512977588446,-2.53927772513343,-0.28987954587166176,0.6760672227181037,-1.5493526595648786,2.3468217888764435,2.5333256031394242,-2.5901831392278996,0.1670452188060198,-3.00242198967171,-2.4710516725106317,-2.600149358049696,-0.86660878576476,1.2020310051049283,0.9151801001230587,-2.2668368730841313,-4.39413327739324,-0.47428915488008033,1.0706122417706818,-1.3135257962401234,-2.181878530828786,1.1873915196858127
-0.3492691775102039,-1.4268846646330613,-1.7957523039691123,3.021125733267334,-2.575046696974497,1.3839464047226464,0.19358977792505033,-2.0441492661814187,1.6646247760034023,-2.5720284595760763,-1.914655155716088,0.889253822974614,-2.1179099450376873,5.027007053777014,1.9578306505845773,-2.827637288206126,0.6384625066871769,-1.6876392294431317,-3.0629093713198072,-1.8156893989182576,-1.2971734008983415,2.69568879090714,3.7549650270638306,-0.3779561480436125,-6.671953918529094,1.0963596201836519,1.5332682325584663,1.9634425228292072,-1.4221973687309017,2.8025098675604134
-1.3488518469966455,-2.6173411250542156,-1.7360288514730793,2.858162714891504,-3.1157412813748278,0.5934439923944054,0.1820481874326109,-1.734112115509072,2.8348707484906,-3.0071950852945317,-1.412835647380899,1.3259362538941544,-3.5713983938371157,4.79448892172526,0.3791465121698038,-1.5200377967038,1.3519507198863558,-0.8450136133055816,-2.3424407836243626,-0.18741059195795406,-0.39214204444595935,2.8923075992316996,5.703318744271017,2.540265851141904,-7.575984200920223,1.546683659887464,1.8633347188130398,3.5029792806799174,-0.03026061677282224,4.204501661091897
-1.9574346117697488,-1.922709206507749,-0.32241395741586565,3.311289243802934,-3.040079862631999,-0.30329969405995555,0.11093069742304935,-1.936822577453715,2.2779381582784266,-1.6730586016845155,0.19935264837612207,0.6988566112792297,-5.076949329296094,3.728639069609046,-0.504519708691841,-1.1630938246402744,1.772228001105742,-0.6843867107383216,-0.8745653706683615,-0.39622523187205816,0.8332032828123531,2.087202255298878,5.654159593032304,1.5283268246151225,-5.81254085518761,0.5220430708117543,1.0362164237106557,3.2913816022872115,1.8531885833932091,3.2042378424668554
-2.4604623300415738,-1.6435488304072072,-1.13184272614946,2.657084934562127,-2.2925600718691017,-0.36786291735886667,-0.727016812062081,-1.0876004959612633,2.8437758325644023,-1.4686046936839203,0.727042258433638,1.1309514435160752,-5.136397673180518,2.7544847441777023,-1.1045494643300406,-0.23820136593780078,1.4377871329119987,-1.6381634403410208,0.12002420709149947,0.8642223929884338,1.486096750663916,2.0289824526768268,5.400415797357544,0.10603690867313029,-4.906105963411802,-0.281517631739318,0.15898227320260933,2.0618590331460656,2.2989096747837445,1.7775713835114055
-3.4859514559933804,-1.446488191980749,-1.4130372716350168,1.430036955774997,-1.7909329914222292,0.7447223463610693,-0.9677672975964345,-0.3034810034953688,2.46616536613586,-0.8336815895657733,0.2361834909614205,1.6390765243052858,-5.358773237757329,2.7320953627816795,-0.9571929902177271,0.1858828133624072,0.4203200942367804,-2.70156020336287,-0.11607906398872503,0.8356620397179912,2.063806096502922,1.311451482011121,4.290514481254782,-0.1247466893987661,-4.579500670025036,-0.7684879362109334,0.9535959162149305,1.3865862409837766,2.165077533616856,0.903215723680286
-4.406434051096953,-0.6735748824359957,-2.000201500014552,1.064789475694928,-2.0224712216503193,0.7070710161005971,-1.5008179212254533,0.578315184545509,2.7217312283180357,-1.6125798005319565,-0.49358467441743825,2.570160020335073,-4.906837066908076,1.6771043850192047,0.12515547440935332,0.3167949400225825,0.016201032867443555,-3.4150111250616915,-0.5690078229621117,1.0932476892079543,1.5935560834297593,1.2236735693120213,3.7605868988888704,-1.7293490709589272,-4.522339351880002,-0.7220610759245428,0.2212767362585103,0.4184158666429254,1.0693594980803804,0.962169753865304
-3.023773341285416,-0.1359536184402339,-1.410175778202719,0.3754305416573057,-1.7064550088618748,0.4003081255116524,-1.8981051461189558,1.207700360518619,2.367980398114651,-1.2309858841304822,-0.7067109053143585,2.7096200773557335,-4.180360577775865,1.8917743784918666,0.5858033872901935,-0.24567292089927978,-1.1555768874146757,-3.8218993046143916,-1.0531525613848545,-0.2251023607472491,1.350196475138944,1.4710066892835196,2.3309290613359006,-2.9264366176335037,-4.304642268072011,-0.9364234847925612,0.010655129800775095,0.46326310495882495,-1.260324562288958,2.3737078818953514
-1.944519183106175,-0.05302139004073436,-0.5439468783352625,0.3261186609307214,-1.518883557835462,-0.6286496923826691,-1.7431257496529584,1.3331186582372594,2.0265847736133895,-1.3734369158099975,-1.1936531227295089,1.259962492047573,-3.941314799099451,1.6169231686465193,1.1169574676019591,-0.37094602237514873,-1.4067244682687814,-3.565801023734576,-2.0039757615204543,-0.21445481445947645,-0.30223280786024925,0.8886547822314708,1.555311564916107,-2.4375547355762768,-4.364192191336265,-0.4196441887730532,-0.9068372347673076,0.6362946322423078,-2.3571338196234572,3.243590308204225
-0.7059950025393203,0.03911425268587454,0.08608974624110041,0.3964079773007344,-1.643769187220248,-2.503196425156636,-1.370840057433668,0.8556952731404986,1.1899118302404965,-1.2106891203415961,-1.3161749840045163,0.684408503310538,-3.665075381140036,1.0790100475989663,0.7997306975669304,-1.0147132085725548,-0.8977838845880233,-3.2346556073893593,-1.8978100560037827,-1.2821228847497506,-1.3342813063205268,-0.06657380204001873,0.4427551435942181,-2.1207417940316207,-4.090801142131945,-0.3295394675763841,-1.6493512293171975,0.6399013678591714,-2.404955654239648,2.656961048520218
0.39282557516779704,-0.6914883829346338,2.1006911139617337,0.7325655775709203,-1.3771659383802413,-2.5859997189634996,-2.097927942002956,0.2586770734684539,0.1028256314633606,-1.2765661755401634,-1.4260218227807966,-1.0742716514919513,-3.735121414241161,0.5482934573505417,0.4266821581920939,-2.3828950848229886,0.24829050694564458,-3.1820603814820405,-2.283400934630429,-1.85088317628531,-2.174353380635174,-0.871531114006309,2.0538063080147566,-1.2312452151584399,-2.511782282812483,0.22455558962997957,-2.1000579110388933,1.2665794022944614,-1.7979333346958528,2.6251725767054976
1.0327246797463232,-0.1347186882834407,2.386946300264919,1.568085633454472,-0.6752913018808907,-2.277544620241491,-2.4829864128250034,0.6876513343365513,-0.08024307354712634,-0.4751514181081101,-0.5622011724828282,-1.1517591169306998,-3.9167740310487376,0.6203792241936763,-0.7923399679362862,-3.216587288311031,0.001376923946698777,-2.837126843540022,-2.003053363641811,-1.5323982174788506,-1.9673480580881761,-0.39618478001025353,1.1647537568138926,-1.36083091473493,-1.268307056851115,0.1183785710282845,-1.7880154048654888,0.9252175090256689,0.23808130533880226,1.831513565937149
-1.2815422309341389,0.9306307464583766,-1.2349892145912509,-3.706516608947308,0.4694751929247152,-4.066105185978811,1.2340462245586425,1.322326167959496,-0.9517703947391647,-0.5785712419316934,-2.493736809579927,-0.47080341026776795,0.619633387527958,-5.752682537779328,-2.1960676895126796,-1.500808499173972,-0.8181152463386042,-0.8089545842221076,-0.19476455863880815,0.3661189957257998,0.6766156302132968,-0.7146502354296838,-3.352187925407505,-1.4975569091614787,1.9560441040698495,1.2045553467359955,-4.530822222401968,-4.587652313509288,4.499586892917905,0.7540993768374024
