0.3033322842533261,-0.7142665295193601,-0.25822147800132306,0.4370425708027106,-0.6770083500341952,-0.13869509397186833,-0.15353222006372177,0.8899535792515725,-0.9964073276821707,0.933457605372664,-0.2991929762451144,0.20530415766747317,-0.035338340055880255,-0.823252449024927,0.3431660829008574,0.428865318248419,-0.03470933758523864,0.27517397108383,-0.44542659199201995,0.0003158820334503501,0.7170901622016082,0.039139550771933374,-0.2930598137166913,-0.4048018260917166,0.4599738980911115
-0.03871639724483012,-1.6726282777996584,-0.4204118702521092,0.4073096180111371,-1.527997472830648,-0.5213327141676125,-0.9989599109541758,1.8301809884617433,-0.6890984060645945,1.0140357356624494,0.3013504676736099,0.32418643645501094,0.5391092221458171,-0.5310953096391843,0.12639530522384446,1.03113210701936,0.38422590994600575,0.7518386906698629,-0.8833129890632658,-0.27993522969037515,-0.4243568407414192,0.39102582278420084,-0.7545070508041939,-0.8943941746415863,0.184838747054468
-0.8440017506112066,-0.35527718727844854,-1.0037666065853112,0.19335289470389902,-1.3418039570970164,-0.05163049758632271,-0.7227552775902815,2.0312398303693118,0.22978553575078975,0.44642432781607155,0.4311724626827818,0.44221982563655704,1.2608413620163066,1.7012313936771397,0.7188618124314501,0.23669864197709187,0.699643787392394,1.0466466802788155,-1.5491104451372548,-0.45156551397284334,-0.36440751589879206,0.9418421636320471,-0.43148875798129893,-1.4274015624851109,0.13895484382649467
-0.9340048693475497,1.677891534890312,-1.2598210822721676,-0.13570871248261304,-0.5483776606557381,1.5954598582542154,-0.07330637277086964,0.8653683733047471,0.25845523661900416,1.4746371202632438,0.22740717377009523,0.4813856006742946,1.2334102672604295,1.9458115603462849,1.6483623349064893,-0.4963728433417265,-0.42701641350840797,1.8388372567868427,-1.9803746226975996,-1.526575678641269,-0.0992666035340737,1.6148300105799955,-0.7221586046524642,-2.6934315447250863,-0.5679711980293688
-0.3572931194648325,1.6303105776941664,-1.1958868033675152,-0.14608569563242507,0.4772979194438799,3.15795718690942,1.1122399741099076,-1.0706655449083284,0.10794351546125075,2.7999659163722623,0.061941095121152256,0.9870493568840499,1.5565727934110511,1.7937235729891683,2.322419689724215,-0.20018993218899575,-1.7538185324625082,2.4776715148772364,-0.8343633181371866,-2.670005982332572,-0.8719960444935442,2.359727830148478,-1.0109146688439408,-2.5798040950055303,-0.5306722313096189
0.28634240430539143,-0.3983978876117885,-0.38120762951393516,0.04954609399425934,1.637398980441079,2.506862562611891,2.3639955775188493,-2.073238795305404,-0.6208991572225963,2.419735286354783,0.19281765779734375,-0.05417498767063399,0.8447991789031553,1.7556677592443257,2.093034507810533,0.2133714902968739,-2.362088069375953,2.697751792676898,1.0441445599456038,-3.121649389976196,-2.2153994377345176,2.4095968527503593,-0.3807435110626079,-1.814789043861097,-0.38117247576189806
0.4312592243959062,-1.1490917842661545,0.014795537381342282,-0.6833136318750211,1.0501029195613047,2.5724726861554736,1.968946598676757,-1.7861315157250384,-0.19865365987036607,1.8176819716275667,-0.599062783010039,-0.5885654528285034,-0.11109336132872655,-0.6223504550049809,2.146762612519822,1.0328594665004738,-2.560709863888233,2.1047151084030467,1.3842271172680594,-2.6973046487695127,-3.39686574443991,1.819463161023232,0.6920580491383843,-1.1623156554676326,-0.6049236604667689
-0.1922970808397655,-2.3005309393972975,0.9309294646013503,-0.02334519294358592,0.388681020362051,1.2084912009940179,1.3903020279766976,-1.4794186611560982,-0.5527408962746405,0.8758295926224162,-0.8129013677481232,-0.3775735950823828,-0.0030139924075661597,-0.6506869387128899,2.34137868968199,1.0477529448230336,-1.8920702063752655,1.6136067147251643,2.0223849544916224,-2.3261857880720287,-4.605241072378965,1.1771660414740013,0.8458497729533602,-1.3274398625696258,-0.19383770979028864
-0.8313529026860526,-2.5596269727678567,0.26435815140041913,-0.5963437941539064,0.3956888238878355,0.6016862988436373,1.00338019995067,-0.8803468522001195,-0.38163631336892995,-0.3041577204569528,-0.9077088555964647,-0.5700562798430379,-0.0108669955981478,0.060019456751942424,2.5186123318851816,0.7831444852235128,-1.7985776894310672,1.265954431654371,1.7536459659140418,-2.101225097530277,-5.2678377052955545,0.5643272525724826,1.15868332343863,-0.8277688985074582,0.5227349111561936
-1.6864425739981268,-2.2489689494394334,0.13162852391582788,-1.1742513105151733,0.05141433748630603,0.22336877045576353,0.5050881735939068,-0.6787617152259707,0.00010308127666868588,-1.0767632368521811,-0.8019956441608702,-0.9553880406756015,0.0031239755404168477,-0.5825288198480958,2.1184208034774983,0.1552291366797784,-1.5418941677789608,0.5350141815668498,1.3829647157492277,-2.0947767164916558,-6.220393608975696,0.4747722868689897,1.0345428116920217,-0.49146977335173825,0.49274129043165416
-2.1624455183550846,-1.7558989271200012,0.11432794592341244,-2.318016469301695,-0.4124508422245457,0.06287181823943794,-0.07178591231720244,-0.8602517922418019,0.12817197630164495,-1.6825904200855213,-0.13092686151575625,-0.549532049116999,0.13796384865398204,-0.11147687436240905,1.4911069344099492,0.1892590465094104,-1.972313434707183,0.47304825377631277,1.194743142851819,-2.405980820925489,-6.941307283497743,0.7120605159698374,1.6302738463767785,0.45823164021735097,0.5554022293554371
-2.0476053335844435,-1.0069562216107453,0.224279335456395,-2.5172141928980696,-0.40392462383499367,0.47242997689134564,-0.6976359767610525,-1.4641345268525199,0.7359715120875779,-1.6582676222329489,-0.5104411411039613,-0.4815728097358121,-0.3078169688709931,0.030877468788107487,1.5687321991553924,-0.07028452823949329,-2.575084673013661,0.2931332862142404,1.7143286026438844,-2.257182693586992,-6.84071729251433,0.5719318097429772,1.848514954266487,1.3631405479855532,0.5018909764237532
-1.984150136348131,-1.5297098567872254,0.6589439082068247,-2.0392190176770035,0.1868353902662975,0.46235165574157755,-0.3755816899066681,-1.9769049565912546,-0.2945514935525732,-1.6429831145567886,-0.13924533561533384,-0.3015866264852576,-0.22887261925984562,0.2533230468240376,1.2344490270327229,-0.7914137932169749,-2.7399040613947063,-0.18865132187234818,2.4460988881746646,-1.9999721414081535,-6.191254193145263,0.18341951037556598,2.1317235395049647,2.324949220567878,-0.13083977202685926
0.4122408770298662,-0.9607109275187152,1.3176034907365832,-1.719289929613584,-0.31019120408814627,2.3672026177034726,-1.384003326904069,-2.10845379419853,1.032735296285398,-1.685623371233669,0.07068237816144847,0.6204357139830706,-0.29280912060352415,3.308228290471679,0.03581319888498799,-2.598075240898993,-2.8285863674948306,0.13409991429006182,2.8537044242897114,-1.0342591944525847,-2.9370517306425667,-0.5541287335946021,2.6589497287358164,2.2807436705434267,1.2429296926915383
0.08743578342263869,0.20311962889290552,1.7202188867845112,-2.6472729363127776,-0.29184710732986374,1.0881752857574085,-0.08286393130224945,-2.3392689484257505,1.9263394767184214,-1.372521432793103,0.6240531183419188,1.003804426804961,0.828609219746852,2.589417066769952,0.17362636778631702,-1.3611153252724593,-2.938344838949806,-1.2485239658338987,2.947726876151443,-1.0762559044528657,-2.9618417643116106,-1.0044324092577748,2.238221489977735,4.533790826598347,1.7162875601143335
-0.7359081609095419,0.2655317835946814,1.2269067290245066,-2.681775026942979,0.7120287259814423,0.3524872589930019,-0.3070058597150713,-2.059249595970629,1.8415983439508017,-1.633648538994731,0.9926652455633371,0.10132047087202736,1.2182092355901826,1.535347824448317,0.9878739545287482,-0.8706289616875703,-2.8143284220467115,-0.9931406881528603,2.69773777748863,-0.8936460352913262,-2.8934818257797947,-2.177480239016919,2.2405247902192227,4.866879166990226,0.8228389341589423
-1.3588462777656862,0.3110349872244502,0.8139837192227015,-3.440989100370515,0.9871290619901478,-0.6428251122619257,-0.24504470334798806,-2.2430510745380667,1.4662950479294725,-1.7802506257209705,0.4563663226833639,-0.08983276231496246,1.9536740929659888,1.0744321699905437,1.4597605436546823,-0.5685986393494711,-2.1802772975522324,-0.35675039102166567,2.8990684668459386,-0.21326979756245373,-3.1910026768040027,-2.0446152627580347,2.6521283431766607,4.445933945458974,-0.6457582934026012
-1.5254878970820682,-0.01922350633683026,0.2518647863839676,-4.129856765442005,1.1418965299997037,-1.3748228306208607,-0.7988310672280277,-1.8979401087635017,1.3095675966987859,-2.649515876157739,1.1713940260350715,-0.27247107196850223,1.5453302312604842,1.4775131073482977,1.211478695392283,-0.3481337466774725,-1.9659645352265325,0.4215494208403454,2.7890317498822697,-0.21302958093596264,-3.7266850024242633,-1.9385243352168908,2.4740781250400623,3.686457924850788,-2.3678293869849507
-1.9740788632926312,-0.01703244631019385,0.13166328973100777,-4.092450825350742,1.22861936995044,-1.400305912220469,-1.1336677575134133,-2.12596753400962,1.0458289433693189,-3.0520543074389734,1.4961701032737937,0.23605482735176792,0.8039704282660509,1.542849055112772,1.0381409005736546,-0.9739058117996835,-2.0699344852616592,1.1054589639762622,3.0715098852963663,0.4190972594852123,-2.8709097649412847,-0.7144703797987243,1.9412854114818288,2.206271870048429,-3.997892130773831
1.5800408026839254,-0.3558853210797984,0.45268718493884413,-0.1543220478301482,0.5322350844941433,2.043325055886461,-2.861017352660095,-2.6641731087475677,1.8148304050509203,-3.3994199208557947,1.4461405080977674,0.6646497700730255,-0.9299425656661473,6.137568896976231,-2.9457408862104866,-3.562650243627345,-2.416568218396628,1.4459757926343364,4.644752153842544,0.9994158274811509,3.8578343229561307,-0.6679806378588267,1.6648979670718462,0.841992851077876,-1.533730359375657
3.008945707715202,1.9723883854814286,1.8026597061134693,1.2312974880139986,-0.7403528278282594,1.0036931450362343,-0.1718490798287227,-1.442673569047753,3.981713262903869,-3.0973569708428896,1.5027758277677603,1.7957321302145148,0.5209381522853902,0.9240269433119281,-4.66113935409705,0.18368763169675395,-1.7349835364133168,-3.187924543970615,5.376048646609287,0.6251851936004602,8.752932842916877,-2.0221543296448785,1.4689433897646675,3.650226150479332,0.04778576251540523
0.7766791913148693,0.9527220113969893,0.9140310676466398,-0.18664115857294838,-1.0163323240211874,-1.1079336032484002,-0.271138271523159,-0.011078176405105625,3.1644186131407195,-1.3326583576130675,0.6961797403041696,1.72019698934161,2.0986086182635315,-0.17450321297917495,-3.418962658521004,1.613502350427925,1.6108784597425017,-4.04366148116068,4.3073687771391445,1.525372848552847,7.982273493311583,-3.2121908440895233,0.5659173198202196,2.066705701980894,-0.6308499177843615
-0.3499402494951693,0.5125912456735283,-0.44753732830100623,-0.3590026516295939,-1.3334247811734916,-1.8487858975271787,-1.8342350838406074,-0.27814122910908995,1.6815345155628103,-0.3061799473622112,1.5334640686442766,1.2532851596560386,2.1580531206546327,-1.3938097810749908,-2.76405504285293,2.321250141971237,3.0782659699054973,-3.3050513092911156,2.5197045323057443,1.6078219666614797,8.326979929723395,-3.5367345650430186,0.16539917541459637,-1.275795434702398,-0.9616961419945437
-1.120594029246401,-0.023000722106320287,-0.9942948652155379,-0.30080394490626566,-2.0528532262087165,-2.5806042260075697,-2.306283180278661,-0.2776928096068582,-0.2579379660801362,0.8292624037178827,0.705617746781476,0.069616019398625,2.199980898748261,-2.474719746427262,-1.790540630208997,3.560119640180355,4.023507392433195,-2.1647466293710376,1.055230815998729,1.0746672253125973,8.044376066086373,-2.5167141625829483,-0.03877726506653715,-2.340516031644606,-0.9134530944168702
-0.9079467084402425,-1.1220888738007404,-1.3603067316540933,-0.6499553900461659,-2.2155872384539466,-3.404769310397924,-2.987045462563522,-0.8430074782850332,-1.374431499560686,1.377380691801837,0.1975354451094159,0.3948298869148831,2.1672896684361023,-2.768028584131459,-1.4143485468785477,3.2008171926727393,4.420875438104092,-0.9583772330636651,0.706290641169345,0.9927138298712856,6.2541460162823075,-2.995964267017765,0.14864230481838947,-3.827094187738468,0.06023688564445939
-1.6492541625814063,-2.0032460853795433,-1.5798003057819385,-0.3830445160537441,-2.6895345287998214,-3.546278069919564,-3.217939588438937,-0.4910613553774697,-1.8163375890334277,1.346084651458946,1.1278415445937005,0.137933177778021,1.717805535748873,-3.0607875459168112,-1.126434485403317,3.857596512158229,4.17937614750512,-0.24675367393115416,0.004923996105422983,-0.6187558244433793,3.3609176006447705,-2.511633312715903,0.5581451175779667,-3.549264455517031,0.6160432014830045
-1.6835531035257079,-1.9925428280570303,-1.4628213500692078,-0.5639445780465974,-2.3948775349336695,-3.7107492213907314,-3.473448851687786,-0.1994270473976867,-2.398807929622946,0.7550018768834186,0.4263511748821611,0.4624777590872745,1.8414895695492417,-2.9002660481779916,-0.19902384831169365,3.8918082778877814,4.071174783462322,0.00024203568181890844,0.3911901213091621,-0.9291991394200652,2.336092720830826,-1.930248290544963,0.7217330631418846,-2.599809038275988,-0.2879447824999337
-1.432704688988279,-2.1396000842170637,-1.3991118051516096,-1.0741988781639817,-2.0301614864312745,-4.69159204078465,-3.8621808106560738,-0.33962053306570716,-2.6424870972604566,0.36742437994428767,-0.4659432315962691,0.10572879065542559,1.9992165289301087,-2.3009394226215116,0.23806879817471707,3.592062316172131,3.4946196118174524,0.5602535929899233,0.44254187096822206,-0.7439235514503176,2.424926544383018,-1.4810652711616084,0.5712921478875173,-3.859603243816946,-1.31649996974961
-1.3188940772230535,-2.0594122251950226,-1.1965658358287605,-0.6716882788360379,-1.8899670124913395,-4.70531937886272,-4.366145627000844,-0.8812023227571574,-2.2263421205404175,0.2036335905643813,-0.23294505685228675,-0.07436037427856138,2.0127699948567797,-1.421026349694448,-0.04437600648182625,3.533642390941802,3.798582426477619,1.2102484103079487,0.28776582090376407,-1.1096083951309659,1.30572518624782,-1.565270602186973,-0.09920770473983537,-3.977256928074958,-1.6224605195801525
-1.292111967857188,-2.5312594561963677,-1.2181580203621205,-0.8193803957340593,-2.3200104646915234,-4.25148472773857,-3.5911730825216224,-0.691291964208703,-2.0267368473027134,-0.1491036847473988,-0.7130523501890615,0.09149823587182951,1.4366934215195728,-1.7981079432206348,-0.4302541703831595,3.095271281670883,3.421519034710383,1.6847427835883007,0.3708442477001622,-1.0859336731231364,0.7918867418115871,-1.4234452072479542,0.6940226465191375,-3.965800740182081,-2.0236967770894543
-1.830199184929355,-2.877751195347248,-1.1885100608514039,-0.9639285942970435,-2.720254082375884,-4.16988729173538,-3.5232264764129906,-0.6036593938041984,-1.4163616507652121,-0.3257055333293597,-0.7145724878078489,0.04341079932469838,1.8637242176967455,-2.106384032153291,-0.8427809284440988,2.355617381276865,2.379431187089067,1.7349543179875488,0.06498646860032652,-1.0319558852427813,0.5205333692494003,-0.7203364026199631,0.2991063309181779,-3.442693404879892,-1.6712105667702661
-2.5360090703909646,-2.9853479662351052,-0.6489304058708277,-1.3072146535518585,-3.204130553382492,-3.6805389278772664,-3.098724151612788,-0.2528675806840166,-0.799111089098213,-0.1759931391516682,-0.11181403696758667,0.13265780903876007,1.6088514984413198,-1.976345408575399,-0.8985000606655765,1.9700032976725126,2.087365103538306,1.7784623734527651,0.18748026980508542,-0.8001945681122092,-0.3553077694075119,0.14905971051143385,0.5057543159431837,-2.3360256306713105,-1.2657999637548678
-2.89941532606911,-3.3737304040861704,-0.5930603544016101,-1.5708557730117598,-3.894310669641314,-3.0191295338997763,-2.77965828350468,0.3482926339575096,0.1880664216491721,-0.22720259729801467,0.35480061893731374,0.1253871325121721,1.2467606709552883,-1.6918124695085313,-0.5287424325933858,1.5073938306665147,1.620530126668152,1.7324136043732141,0.0767791842236387,-0.4987177716664981,-0.33913902078061203,0.9804957403724169,0.6840096383595984,-1.5113176626852791,-0.6645888801002852
-3.2781075897785605,-3.4898918025169965,-0.19628428390813754,-1.6200326146819348,-3.8463099932035396,-2.8730589949976255,-3.0878058491400573,0.9679745272763827,0.4892989466516903,-0.6944088055102605,0.7305963014200931,0.5791342992003803,1.4538836957005081,-1.2069917925497171,-0.7731075519689026,1.07569117259742,1.078140955143093,1.5446318384402646,-0.3051950543573766,-0.023066241085552802,-0.6804918614431585,1.694127838340284,0.5587043096160261,-1.05940504786792,0.0623254939134803
-3.756807637864824,-3.2466959610749075,-0.0010914570257939682,-1.4131068953177863,-3.8448991488684867,-2.636258555381692,-2.967618718441829,1.5024714485804547,1.3447737155374657,-0.1893678705041072,1.045933581908929,0.7886246632430296,1.4513773559589422,-0.41181053743239904,-0.6932644690610605,-0.26515572113401215,0.3469888331395786,1.213363958330078,-0.05198042705767755,-0.046368283687366424,-0.389907563060333,1.971505912082487,0.29991392687606283,-0.34100531110207066,0.8276811618025127
-3.8919335557699566,-2.2629974682127534,-0.0016411117415603008,-1.3960835796282056,-3.854074571449816,-1.6934665139933514,-2.6173359194921844,1.7283081697407296,2.6835083803877957,0.09287903860050001,1.7860087264017313,1.0508494177098715,0.9227443255479921,0.1807828803407252,-0.7627576767052369,-0.6647814598560472,0.00021715468481464228,0.7325320612721764,-0.5541537993128021,-0.7188838966896007,-0.6082836546297667,2.3362423700703756,0.5169721477368833,0.8578078313476923,0.7913538333144072
-3.527121856794908,-0.9619230488921231,-0.2698169206167206,-1.6621696835385924,-2.2521819541356844,-0.7446867387932965,-1.8913131816437359,1.9069718964637765,3.2405373151604135,0.7983019074108404,1.0298283211933903,0.9878153915896748,0.6906660883784805,1.143245281939656,-0.8385420930608578,-1.7508080835673339,-0.01839845259884798,0.14442488127980163,-0.2729774552206982,-1.502692291248343,-0.02038089029677015,2.0881446785624758,0.4106063798893032,1.8246590954210955,0.9914838088312058
-3.0584682559972736,1.2230312674942558,-0.42139295854196024,-1.204736640011161,0.20611984623583643,-0.08886129608507032,-0.45983084599583746,1.1955623394930832,3.762989123200239,1.0779883092428795,0.552965329989093,0.8268744136886077,1.1181579708165819,2.9641478492774285,0.24779260605185852,-2.7321368770390437,-0.96482446427445,0.8677725761983733,0.12038161200969161,-2.879486459439057,1.8981745134527666,1.5177122397834981,-0.22604407826889344,0.8036044753225565,1.3794307095352645
-2.963954483642522,2.1346981396189406,-1.2202709533935074,-1.6847210922943967,1.6899363530766542,0.5996465246906824,1.5104492805988727,-0.8596367855532097,2.798992072664662,2.639501686604666,0.7320912405758095,0.614333189975896,1.957798781181905,2.1470647989023712,0.9537532110091638,-2.134305858410065,-2.8308597196381733,1.8398041127442237,-0.6052073413206523,-3.4098333967235677,1.221791194133184,0.8851082953717929,-1.2130045726047378,-2.5838106016972837,-0.5903194085858658
-3.127596451303827,1.130713969337236,-1.0460748959058823,-1.4665906663678916,1.7097626349119202,0.8400375377981569,2.3518624636461505,-2.8117434962954047,1.6325409157102233,3.3004468158603686,0.43838920855443825,0.12610158997791593,1.451639887672258,1.260840633918128,0.9074452334270431,-0.972297155382244,-3.3070773575571377,2.5594210656064766,-0.045099838968229826,-2.7853214616860003,-1.651956878083702,1.921207819781677,-0.07153735332396492,-3.3199076029544683,-0.263096033361768
-3.585205879507171,-0.888684857252342,-0.4007632965492273,-1.5974026553474872,1.1340570201531077,1.5881001657383735,1.8024740152873566,-2.535055043660293,0.9870590082016371,2.3540004723684933,1.0782023254159923,-0.6462556381627378,0.2307588442775368,-0.6623394177239946,0.864867105226401,-0.08710356252697427,-3.217684012748182,2.60294916635603,1.3199328316340453,-2.3687082669196933,-4.3592534280833215,2.1127641410147753,1.3846040887709212,-1.4060506144853933,-0.4942296305136041
-3.9702000455874953,-2.008627056957898,0.7483251099682873,-1.4788441925875295,0.6348800321293576,1.7026577233304625,0.8970429917866592,-2.200685284982152,0.6274509101872531,0.8616109730432007,0.5707978898354134,-0.12107781949678405,-0.48254613860106055,-0.9639565807805707,1.1016544531314392,0.2779016155014073,-2.1842251774032913,1.834657277154119,2.493606039877434,-2.0339445136734677,-5.488035569347123,1.8084579659261515,2.0567245644254397,0.6005318171822118,-0.2919431083013683
-3.7117706348918853,-2.6355033391904064,1.060643504688452,-1.9954380354192893,-0.08496790044805412,1.8121378186034156,0.2958678530382326,-1.6348348771283663,1.0270922772311417,-0.4422792492280262,0.012258609363555495,-0.009358679433263697,-0.3744843160198108,-1.2794113330928094,1.328766634194663,-0.20329552080288027,-1.4513000616236709,0.7873636130531527,3.1802498673782504,-2.169852170160439,-4.942295196092488,1.3684151074974022,1.706914747147715,1.8688293647156349,-0.09546767664279643
-4.143888006361912,-2.138961900124595,0.9628224631187852,-2.2347467037790434,-0.3471348812690937,1.0362829929364892,-0.21643637407703065,-1.2990005646181813,1.1000434955669158,-0.8670150288465099,0.2050959732366768,0.2338509610484684,0.45500375665799014,-0.493459980778385,1.7483574408112479,-0.34574159997925963,-2.2473358097491345,0.09861785126504846,2.830647285928078,-2.391534143565744,-4.737350054994343,0.35793506771369293,1.7196252989473113,2.308691463553533,-0.21174521038386462
-4.447500706565922,-1.8921685334062712,1.0066068168525557,-2.4297979809454517,-0.10398766397355425,-0.33782381197210143,-0.07466779362164566,-1.8921883188265514,0.8184835315314587,-0.38409077847564693,0.10465617162126423,0.2443734274052426,1.0391402144634647,0.8765166161135153,1.9352055357033078,0.031262747197480956,-2.8277515854814648,0.054505374283604704,3.422164360876956,-2.6308181427643538,-4.585890914699381,0.04537515738763992,2.1996995531470134,2.2806487354518223,-0.07524846930673754
-4.281945504996504,-1.5288885055223282,0.20677018730138827,-2.743388790893921,-0.07501403099494704,-0.3055175833288084,-1.097194562886171,-1.626696377775602,0.7180371925512693,-0.9466251542232295,0.18764033272284716,-0.29955824737576453,0.9419764208188134,0.4079749741553669,1.9757714249718925,0.29597715226680926,-2.933081576520915,0.08182019355636046,3.2427227827512444,-2.8120760459727427,-4.812049307718837,-0.22242945535616432,2.7466430437458667,2.524889454908588,-0.8203893940590619
-3.388513734172958,-1.2995835681595007,0.18022404238123518,-2.800274005285787,0.029191695826769115,-0.9359355329942727,-1.0246233542333671,-1.813371491521698,0.49710167863284604,-1.2591434764917744,0.04510533729624383,-0.3716789421109346,1.6335709070024251,0.2686562541705567,2.2218255646672525,0.1904053377963355,-2.4598753619184897,-0.1617757114567212,3.502122013359416,-2.615396338270967,-3.73357080012582,0.4911419567163764,2.764072275387467,2.6154342673216933,-1.7624135676015928
-2.149934457252255,-1.3004634786804494,0.3149150620561516,-2.7233147267780846,1.0453319714408147,-1.2672686757707519,-1.130871800813858,-1.7204290378112563,0.27224234078995535,-1.1363106836089898,0.1610515670945531,-0.03949872519521011,0.9854960096715388,0.0754119861423764,1.8071073739766566,0.19204781044490785,-2.071102657909064,0.5985653215260535,3.722694288026121,-2.315817608047065,-3.961601166711175,0.44082067973029154,2.5873004986961,1.8456138566333051,-2.6345482844691954
-1.4287668932156308,-1.1434759492019282,0.4160047716410736,-2.2621225774899245,1.5589034913226325,-1.2745052308139142,-1.2828048012437163,-1.2740076548054857,0.7939538476090969,-1.5043029885924277,0.17586733514789535,0.4136797598186683,0.1018558455219225,0.2790208971261673,0.9078671940211415,0.3142150318457779,-1.863529108502933,1.1405472259287381,3.8645733498317973,-1.969312930059196,-3.6582604842962585,0.2645092533041238,1.587155443780473,1.6470750475003126,-2.8519411770893015
-0.5892440741756365,-0.5987515002950976,0.5007297431547268,-1.8906993125467657,1.8958846704137793,-1.193899693604754,-1.4935344970514692,-0.5944688191311132,1.1248176987124827,-1.6149791408170058,0.39485050108320485,0.7712554710237396,-0.5442790937845794,0.67782344338626,0.17143431366089504,0.4305585019558229,-1.781453638137989,1.0523540805518823,3.9969241262455117,-1.8840637077380782,-2.7579130363304243,0.4710846368581178,0.7710035091726406,1.6124880691953798,-3.2903565400980876
1.2898010248849716,-0.003311995105717669,0.11556960955099552,-1.5954275915952874,2.9328804177374073,-0.6399827545910511,-0.798025842361288,-0.17036817117965297,1.1655168635834803,-1.8504155478192836,0.4127664871300547,0.6270403802941431,-1.263951515640356,1.3250900900979652,-0.5977741538749733,-0.21724770822227701,-1.3773150906664597,1.212098335532993,4.617853838934265,-0.9144570459870787,0.9609992673331134,1.182515980384014,-0.7237119005274085,0.6431435847675957,-3.5381138494912148
2.541699049810096,-2.0069954623525006,0.6546565256656434,-1.6661709025508007,1.6808767746429594,-1.6327981468122659,0.7345248428489919,0.43737312168616954,1.334185208307157,-1.5726711568274123,0.04795316573564192,0.9946189521401424,-0.7416794713132723,0.6729726998532561,-0.9930235172274079,0.5705762065387697,-1.2208121025723873,0.014149577480474018,4.470841277168037,0.4317982435468595,3.4684760783479835,0.32884535188758934,-1.5348745205234617,-0.19690357020080154,-3.288146901832934
1.414435772826052,-3.752454903664456,0.930331037350686,-1.667282237187554,0.18326712388447847,-1.916904577857586,-0.09015639971624956,0.5233836738284758,1.3211385456442768,-0.7907387863394165,-0.024203561720678682,0.5431231797097963,0.5530007306575726,-0.2514385996026016,-0.7246553148591091,0.6976700445931995,-0.6591331567421121,0.04990346775904103,2.60578226132331,1.1869804526990417,3.105528593025778,-0.5557872278496068,-2.3549628726049816,-1.8382069391163698,-1.9217755311357891
-1.1572457844070525,-2.8718936977248726,0.5868812245682078,-2.5373086761564347,-0.5961002388020219,-1.608468830671875,-0.9592482836115712,0.3572551142912726,1.12512152621591,-0.5626394256122532,1.0340711132952807,0.14649314028609767,0.20605605795552215,0.10822804640504065,-0.7224251311906966,1.8238313937844854,0.16272315208810337,0.10672117727405633,1.0989216662135306,0.6669032880599057,0.7955426657846422,-0.7786856162771163,-1.5624123099577358,-1.9171967014353586,-0.8443907241750591
-2.660150735058533,-1.8044312027483886,-0.221762928300212,-2.848466539450059,-0.7921388727690803,-0.660205246606343,-1.1797129635293704,0.21633123907714535,0.6275850575722414,-0.6420092166388609,0.8101027934989915,0.4461581950183225,0.20990962932175827,0.7912722247721612,-0.6597871446713639,1.5961119310512086,0.6768159566752181,0.31868245469011147,0.44714014412658026,0.016618644160930632,-0.5661735942273856,0.1329858116213007,-0.6978381484893172,-1.241939411692624,-1.2419662130408011
-2.0144386434985138,-0.7616937143536628,-0.5755872883385442,-2.242202425104671,-0.32065845462518766,-0.08817614489051026,-1.2428217488288376,0.19011635975272256,0.2952727532223916,-0.7031158117970013,0.581329209091237,0.2367816510945209,-0.4846336972465769,1.8036851263707074,-0.7205622831554158,0.6818436511353225,0.20426559536443156,0.010206681062318396,1.5144796656802586,-0.1360386770547686,0.11921825219616095,0.9651067814692917,0.16251192828097388,-0.6486340333391021,-2.8777719803383635
1.2225246387248656,-1.241403014721826,-0.03432022121929665,-1.5389430798286965,0.1279289360451339,0.1478535128156428,-0.9999855123978549,0.9027333559126347,0.6239625575792367,-1.0574182305875919,0.67206457546044,0.39437301970053174,-0.4371238879663078,2.7436444259462633,-1.0770550374717056,-0.2694067441072669,-0.7444129261959195,-1.5080113288851427,1.9636654459307232,-0.027537092205147412,2.2165471802354477,0.7958949366569391,-1.156068497896266,-0.27245730182215444,-3.3468655223393147
1.2563851305082752,-1.6406819182404548,-0.14617574122449886,-2.2142719297486533,-0.2977190759503486,0.0003769371043686881,-0.9227027864767514,1.4501040375925824,0.4277073119804064,-0.7752633175259911,0.08637841192855203,0.29156442869171334,0.549484745189518,2.176516500378365,-0.9569668980915296,-0.2904294552507767,-0.9761340596777414,-2.236603849847478,0.6814015318255433,0.48420892405732635,3.3181234899903957,-0.4004370117220065,-2.00010123134874,-0.6864903719965412,-2.7119405959211855
1.5686478945122777,-1.3202052290872504,-0.41362189093072294,-0.34864723448055546,-2.103768231278232,1.1864792298243985,-1.7921868132240155,0.20702459990780658,1.303928742726288,-0.32186549866154257,-0.3356792125351058,-0.15659387659798107,0.23961569410496103,5.950737720218264,-1.5092129802181211,-3.582032602829005,-1.863326750313477,-1.56294042369034,-0.12724208043923302,-0.17622507570280496,5.3551148247540015,-1.4912968142792498,-0.2598993127668552,-1.467006331425989,1.076713621016237
0.18822473456120967,0.7238737455682106,0.2739517906816787,1.5942940334095304,-3.30404183222405,2.1462380683390956,-1.0565772160149909,-1.216236945051052,3.386789406496418,0.7439454728094747,0.34873748050826825,0.4078784794633949,2.273376620222943,3.8444380134660663,-1.956980400468608,-3.76230409265491,-0.9665148608885792,-2.5546457819308745,-0.31261542655005836,-0.9499081180406499,3.9407922470615975,-0.9419854797579423,1.6440257573174393,0.826356919396354,2.8959015117310023
-1.513009145419852,2.0480014046473736,-0.32740904365177126,0.8662284235593722,-2.427995215123013,0.6652819262134607,-0.6134754381146414,-1.4146637878578,4.05859984573849,1.7244093387637967,1.613421002495595,0.93245981922465,2.612891849972807,1.2709205964146966,-1.685816637300696,-2.3736325692979467,-0.22306492418592166,-3.204908443060497,0.6434984136470133,-2.202708211476324,2.132817717266086,-1.7116819726199304,3.2714257794126986,1.4985364652165374,3.9846729022486254
-2.406830267200398,2.546264895330664,-0.6521362727377487,1.0880914316228216,-1.1390569614954527,-1.2312768738701454,-0.8948554166807827,-1.1990922982299268,4.105599233638212,2.181747528275924,2.2087494437323976,0.4489848312414004,3.1928305957034784,-0.1354104451332382,-0.5194554900214651,-1.5513073250831018,0.8963883946465137,-2.4116066305787554,1.2311111910037538,-2.321185158644724,2.3504843885885007,-1.7880593563656548,4.514955257755797,2.1459576496530857,4.26023197172164
-2.008395419518518,2.220090862621332,-1.5591861291226534,0.9718941640619718,0.3020215125684491,-2.631062667987231,-1.3919999390728182,-1.326018038971827,4.06203762184982,2.4503181403108734,2.0159191810510313,-0.1897376663644966,3.0494823097309194,-2.7100930448522553,0.46904461433232175,-0.7450434016084405,1.3323198588853724,-1.2361774000251042,0.883774978958217,-2.669430286241654,2.4151403620842578,-1.5625171298871408,4.511866393077683,3.169740226911852,3.1107572971355175
-1.8416053082286101,1.326293747784066,-1.5539787889690577,0.7691872190423742,0.9104734346519965,-4.572571122848466,-0.6611935911718438,-1.5738044044623363,2.5325806828720303,2.346019275082635,1.7600418165665024,0.079065465298963,2.6974348060268034,-3.640126370856952,1.1824273430630439,0.07615321008023104,2.913411662881135,0.04735926854079433,1.734813544783012,-2.0481411868473045,1.2836704527702534,-1.8366154470186462,3.97140887026955,2.6552410014863144,0.8486961219585871
-2.068615068795482,-0.2865286824041664,-1.7062424034253232,0.5160403743925941,1.179729359226475,-5.40021783090658,-1.2783126911226703,-2.20610720805117,0.7729259770898436,2.1394763705549233,1.6379770524294797,-0.5015597180149572,1.4279162735514919,-4.505477587866573,2.4642117372981858,0.8431074231447333,3.3473786958663823,1.7881135373900137,1.4498396822163542,-1.2784854661460106,0.10277174115515952,-1.8395120897971153,3.034932475936906,0.9590943237423936,-1.5842930996960454
-1.8874352078728243,-2.5666826204446926,-1.1801868739183001,0.045412646797723305,0.017508987614651424,-5.374219803934706,-2.124299211983168,-2.3588048182342276,-0.5476007317622911,1.4456709895083855,0.9295319316121934,-0.5190669604363336,0.9352895359835801,-5.0203118704252265,2.3068744916892396,0.8285228997600931,2.9449541629914386,3.129181264341356,1.2584363895813242,0.16514754720607921,-0.364278806918993,-0.7059856395498099,2.0546624526489614,-0.7749380244087586,-3.2806118864153295
-2.114130223996293,-3.4655408792776994,-0.699612048432674,-0.8329876884237934,-1.4224754925463632,-4.571645700545048,-2.641499484284641,-1.4092996069546255,-0.9303799634719614,0.7761779122514327,1.270389744804743,0.6652906871808637,0.7234812442924256,-4.001594778761982,0.8030646587100381,1.6016747760619046,2.6143244544608297,3.353733145192576,0.7620528953695336,0.24296137339947105,-1.5683314256852587,-0.3421579074787321,1.1370742422617541,-0.8411512712916985,-3.030172875196511
-2.355216149481365,-3.7080394695163252,-0.27341159618769856,-0.7030739868996466,-2.779189679195069,-3.3131151829651553,-2.952685560612574,-0.37780332979962494,-0.13051925427388986,-0.16028851355129653,1.405396238968434,1.2217787746737472,0.2689839466981168,-2.363605348899764,0.2220958339013528,1.39799831499125,2.4837541522526716,3.5462280338445313,0.2810647098320824,0.5549845684295847,-1.9697206576417268,0.03757556141734458,0.038072251839821825,0.008857012220406135,-2.5100203756436312
-2.8949263422382385,-3.2715589699948437,-0.11175690487071901,-0.5301092689032214,-2.8427334078334696,-2.434710145280455,-2.4377634498646654,0.36251608282565434,1.4297030275219107,-0.6118065838097112,1.5990503401751672,1.6393554033355833,0.12947367708155894,-0.9336338039955009,-0.38350058745441445,0.44339220707427857,1.9209977535669636,3.0834861662529667,0.022277345215497457,0.8373390692443032,-2.1646294416397147,0.5497294113941891,-0.6221453771485381,0.9430412849614834,-2.2914926256042523
-2.55701565517088,-2.018854066428644,-0.07494306428024519,-0.6321466555728158,-2.612983447074411,-1.7127248050807966,-1.540364513413405,1.1105938897084304,2.2740119165074253,-0.6928750799964304,1.8099281360416968,1.6524917957199163,-0.5197480789687263,0.32506498710350257,-0.8492819840672439,-0.8718260961209326,1.1461124006256533,2.5337723463024306,-0.5364554966046293,0.9096491305818358,-1.8822710256125572,1.1222237147499543,-0.9224529110884205,1.3031911504050213,-2.372425934696503
-1.9201827685067394,-0.7651143830710982,0.0275893900552555,-0.5258007060970011,-1.483972541609728,-0.5045205728771951,-1.0527261224055566,1.4954398142505492,3.6153563826166755,-0.5407174258935875,1.6298557208032953,1.8948657239870246,-0.9479785426021439,1.7954574313529283,-1.6077194399692578,-1.331348182653318,0.6603594919100518,2.395085441977793,-0.14161804063933608,0.7637435720919561,-1.3280462940850954,1.0447595087281214,-1.16169747913519,1.3048594829561286,-1.30878339149233
-1.5563152419458675,3.1644971268037194,-0.6914549875688512,-0.6867105590258877,0.9185141008709821,1.991427873806474,0.5266898840910235,0.7573465016403886,3.510685047319005,-0.5291474601184308,1.4045199549878655,2.8270743533736966,-1.2525703958821766,2.934734702995488,-0.7051944093948073,-2.3605194001218037,-0.46910106693175524,2.8076707667045495,-0.6118989603306434,-0.17451396873381272,0.8022163719666078,1.7289101629319652,-2.278851590751564,-1.0035394926490042,0.07433181961946933
-2.205959701033006,4.364141283178612,-1.0766749849112558,0.11436145211237753,3.64822431130745,4.143487996054006,2.593770592872675,-0.5603267431704666,2.917735215612681,0.09677783962892045,1.93783832907542,1.5819846265142203,-1.0112967534166821,1.7358046914085297,-0.10919925030323069,-1.5711116397426093,-1.379348555823033,3.5542178763093255,-0.2784723365516423,-1.5322169603813685,0.9129140309022145,1.9378618146110331,-3.2262683358093214,-3.1921794724598276,-0.0972348712272757
-1.4184712990899948,3.9788287401542934,-0.8722450694255413,0.8133709197375891,4.431984084626395,5.701220258743893,4.079222151158225,-1.462534629252676,1.8553895537188378,0.8555698547035747,1.9028285046602595,1.1191158750806542,-1.8170255437833844,0.7758217470985027,0.03809356670607448,-0.511330034425677,-0.9547193531794227,3.6142059129511384,1.6033420610448148,-1.0952950617916288,0.7523704945542002,2.10145345197023,-2.5577128930719897,-3.3356869663020086,-1.5624724433017265
-0.5930228600443119,1.6850832165861374,-0.4061190806390409,1.106323583417691,3.984622654545441,6.008642488433893,4.860084371265782,-0.8325806629714985,0.7138561180520465,0.36462556616187924,2.144476563291827,0.11998390381438648,-2.832153480741354,-0.07983247363548504,-0.36100898052343294,0.26539484232016486,-0.02339173082683632,2.764540797716719,3.274343166776656,-0.2380559624909928,1.3368581384231186,1.584027840021154,-2.959788232333339,-2.875223414334237,-2.578359671182848
0.7814557058482154,-1.0242051061231874,0.41106911610725516,1.3747763791556404,2.9375703333592864,5.18842435515891,4.984307518657731,-0.19646750777552213,0.6877439935570588,-0.9462338686353216,1.2181604826261276,-0.1753332822452191,-2.5403236067012847,0.25113110163651636,-0.8523038361269831,0.9052872025652138,0.9126252554884006,1.7354685370583387,3.587877291264021,1.3218868156227863,0.8518879006120659,1.0071580549189854,-2.633319773955752,-3.4529120278207084,-2.041158474147826
0.06096974971884958,-1.5954222398039382,0.473824101068577,1.0534092642991846,0.8032332851422909,4.388540313214031,3.7717735716728877,0.7527540021109775,0.9294863355627814,-1.7842995131345172,0.9712676269121241,0.1924498093814134,-1.5885494644168352,0.011867240469009277,-0.020071281518883766,1.4971751968917237,1.5158862473250685,0.09840153907425253,3.036658410763701,2.1326455747387487,0.1785963699202211,0.17438084945089688,-2.5926467528503103,-3.2568169976172645,-0.8918686618602526
-0.7665629273634119,-1.2844415787618317,0.17672801367545987,1.058890696824742,-0.6813200339329806,3.8418712831053115,2.4141824362736757,1.015143045682186,1.1018922757767058,-1.8758482699426824,1.2515317071242806,-0.44017619807178776,-0.3500713394246807,0.49408422506679767,0.7891894210120668,1.5633665147014797,2.053325364273939,-1.027417269740695,1.546212366784245,2.4278825994326407,0.5838996614488703,-0.06274450786477863,-2.672569453637383,-2.598514339800065,-0.6134730199920362
-1.8055760775938452,-0.26628449776136887,-0.549454134732293,0.38519954320958216,-0.7459127621478671,2.7733938747163034,1.764042601881895,1.2669040966065497,0.2850222510278099,-1.295993687245987,0.9353858774259,-0.6019673123159515,-0.49769014880646745,0.34481918964685526,0.2638345777473354,1.63443549768369,2.007719092207443,-1.477834246560627,0.7798397384896668,1.6066739351771824,0.1907587925324713,-1.0175877150328512,-1.6991841925123607,-2.7058423486308394,-0.3452503651754017
-1.649504720898062,0.20282344120285595,-1.1421687205306867,-0.6281465996258851,-1.2433370146204097,2.663532190866174,0.5025799597959798,1.173056615068524,-0.443277825519941,-0.8071126853790573,0.4335363647365975,-0.4843622853638283,-0.5433672142330352,0.07833287445101458,0.14506110627664145,2.0746503690308327,1.8256453536461756,-1.804235384432977,-0.29648207228187423,1.153983071755507,-0.022625349535674157,-1.1794055071679632,-1.6141910855054367,-2.430169577267271,-0.18715984990133633
-2.019545211047775,0.08439939418931999,-1.5527193507863577,-0.9462283266921099,-1.0684227889650337,2.196402097633924,0.621969234069732,0.9602102326819308,-1.357130598043629,-0.779995955610234,0.4782242518360762,-0.5774972194093757,-0.1619940529586863,0.5692947702228951,0.4571930091060874,1.8387548537119138,1.997969033722543,-1.6675393408455554,-0.7305376342681409,0.5920234388361127,-0.27324605005945574,-0.996923443104126,-1.2228811032451177,-2.5029008960247805,0.0700458415820864
-1.925615580475177,0.04882315332819208,-1.3457034277701407,-1.6659148651145932,-0.6922040400932902,1.659620632999933,0.22156600118174447,0.7453422003410459,-1.0516822631952505,-0.4588756618932387,0.26185677083003417,-0.7068254259572601,0.22007093568918476,1.1302000886840058,0.5711866893206372,1.6587363798919725,2.028718796980034,-1.7058812370060021,-1.1171999193780737,0.2143903265864273,-0.4236785072882413,-0.7998871879227595,-0.9917667656055137,-2.588409490010536,0.07423447155423925
-2.470262036915171,-0.0815237183944437,-1.3292392771608288,-1.9973054198834521,0.054544498018702425,1.221582809286616,0.17886860812565675,0.5264327958443837,-1.0657827946533502,-0.46640657139029756,0.2037582880820203,-0.8771179341343331,0.6667713099336181,1.4524261173760666,0.7944424819568933,1.5247359215366996,1.8150313124895885,-1.5628861034081432,-1.458010694654952,0.038919356440192704,-0.6181721063316394,-0.410952706107596,-0.7790301964569843,-3.320018560556881,-0.3546968999835205
-2.6773307770225383,0.20005526727609588,-1.655988584431316,-2.623302515183703,0.2566522410353607,1.4327322509267904,0.6368728855328467,-0.24688179609089997,-1.2933036250292314,-0.21799569704003713,0.2650442762670024,-0.8969593861299514,1.0172356115526955,1.8791269285879408,0.6462721369531145,1.4743912321048225,1.7188433683743272,-1.1021037600060997,-2.1647906542484723,-0.26451177425903905,-0.8150307479582625,0.5108989046118853,-1.292240759751358,-4.511996126571587,-0.6196262374416687
-2.851511340974086,-0.17195010793670223,-1.004271608617017,-3.121620092153508,-0.385182040069905,2.02978640890403,0.8501466541563522,-0.5108452173473352,-0.9539503861084648,0.7300637925600127,0.22504678939701478,-1.8935987566700758,0.5652477846997358,1.951734950479258,0.14533827061637417,0.7233435406484005,1.0018384497922235,-0.8738913177643508,-1.9496954337189862,-0.05181786136300301,-1.7594557516331522,1.1063379725739872,-0.694769018552292,-4.567970646655225,-0.45677658671329513
-3.232180344329702,-0.5508407048421576,-0.7484389836566852,-2.7187169126131323,-0.5883992969919651,3.0442980304583847,0.49647600631828787,-0.5107364629454123,-0.528455472654568,1.017354959747702,0.4830317971355794,-1.6601124109058898,0.30424824054505234,2.0929401002796806,0.7418425482233446,0.511194921018751,0.37847682812449224,-1.3080978407947719,-1.5545012348271738,-0.33307267752612574,-2.772133371520717,1.7465581043414355,0.6244291730563839,-2.792460732919298,0.39298050472029483
-2.742815076884143,-0.5379030114073146,0.03760847443019359,-2.2462026685454344,-0.21070341258100092,3.405567489905245,0.2895074567681374,-0.9211713636408861,-0.4361368720644634,1.344712701270136,0.859878021869837,-0.9988840076591206,0.2429930382238083,2.522336003256521,1.4541799413755885,0.5434320234630671,-0.18408302076913388,-1.5739715240134067,-0.6611881657186212,-0.752783889222515,-3.3568858999759876,1.549918699089158,1.0378975120316685,-0.5634363764050343,0.6317475596153103
-1.2350646792860254,-0.08163449083083996,0.23695460542702257,-1.720859414719208,0.034524818937361014,3.7794096729778173,0.19948721015898277,-1.0717167957544864,0.10130604694853901,0.9579558619343196,0.9184376135280459,-0.6378834904158959,0.6648832454142897,2.3628513725243026,2.8505197045020396,0.2657606989825356,-0.3445234697501651,-1.9441135599313566,0.05833223817013484,-1.3191378827976694,-2.5434189018623288,1.1566773279871985,1.2204867288296124,0.3118781324575637,0.4248938683499702
-0.23723739175830533,-0.1657014726762312,-0.012657958555578774,-1.4817414482756166,1.133806673471248,3.124253347736464,0.5801944509727334,-1.6370704834689151,0.23949445039932798,0.7032368463447356,0.7762059733803165,-0.3870997737076333,0.5192976085927692,2.6080456698042243,3.1728165951150338,0.7351467067069818,-0.18779410292992166,-2.0963260781091977,0.7096012770827318,-2.114025352153294,-2.352437069091781,-0.06755766888563258,1.102111848833092,0.670199754058015,-0.2627074029836922
0.5041990505365728,-0.4456427848396421,-0.09349629034338663,-1.8237818452159875,2.4493976556372274,2.2448467204794547,1.2441381542024035,-2.191234133518505,0.3846353805591343,0.017186334312086833,0.23515310286845328,-0.8370442495046091,0.5649578289799824,1.521181128164858,2.9920436036183697,0.822375460647588,0.13631195001225144,-2.101260909965717,1.2763837962728506,-1.9934133039340292,-2.078158670800127,-0.8372554186462516,1.0784922975582085,-0.30725184330736,-1.318541124825899
0.5368495019290729,-0.9368650010583117,0.043275999862297576,-1.2171688954160023,2.6144290254529983,1.1193080805332036,0.9148869762262127,-2.3653424321993826,0.015539025515752841,0.04334853038325441,0.45074036842029724,-1.3462964541467648,0.129955214286274,1.2673689218647055,2.740568613237764,1.1612334987247643,0.15902860487291687,-1.7866137048821358,1.7803521594820186,-1.5629324635832003,-2.4564887462193594,-1.3294011019724392,0.8191281363113408,-1.8961445989425236,-2.941613041529374
0.2892101394553433,-1.5214381165539388,0.06389192066121634,-1.2703302055292682,2.3465955236040625,0.8994000436043839,0.2521169469848564,-1.710145482307768,-0.5078132435877626,-0.032262547238289724,0.17733246310586884,-1.2930752760377047,-0.41625810915239614,0.9293561662892769,2.213016006903382,0.8627076515900395,0.6863666651631226,-1.7365383686326261,1.5736084925773037,-0.45006869936682375,-2.380837191873465,-0.6980746909632277,0.8631894865233939,-2.722865663041234,-3.5865270263200446
0.4070446071688256,-2.0817364137234744,0.18678987593123236,-1.0751523030623593,1.7897487561022034,0.9153252159038799,-0.2348613638426717,-0.9471315661128026,-0.11559397370710989,-0.25421148552342426,0.3345839284525102,-1.2583639452810673,-0.7769078665207478,1.6036724196479435,1.4660995156990686,1.5686153303741446,1.3146861531049705,-2.1056314788222674,0.7275024337781513,-0.3238455756957578,-1.6104267816547007,-0.02366103308980172,-0.152607208277466,-2.79516712670177,-3.0075197419531374
1.8814353701892426,-2.297094228899752,0.007175329561977559,-0.6392711619830012,0.5037170387173654,2.094710317523252,-1.3630594160507528,-0.17291210889412012,0.11657355214671446,-0.014305485028777038,-0.5919894321656969,-0.9458484122099436,-0.7688150773297067,4.683636365445778,0.3273356698323459,-2.250629747228734,0.1912498387673909,-2.019825460625383,-0.48702850088448707,0.2710924573955261,1.241386465199878,-0.6495607033072333,0.04560957180676281,-2.2895702098239843,-0.791176146738467
1.2113245583405892,-0.8114592331802306,1.0869653180930225,0.3737769178434713,-1.2790899083521379,2.430745498570084,-1.4802704211424056,-1.6803787059469035,2.0165260107789384,0.7908832535627397,-0.3756736125417768,0.012082414041482248,-0.18218876170259352,5.664528812445962,-1.3122826443843256,-5.387797630985697,-1.1094889654812718,-2.733201495449579,-1.2018089762230921,-0.4815348279527324,3.156014483992022,-0.840446739940063,1.585181285416405,-1.3301160483040704,3.045229896831665
-0.8681968330501262,0.5044530991061351,0.764463314007483,-0.5887881680891813,-1.9659004791328136,2.0146276338754423,-0.00260653712900627,-1.8822895888938007,3.694401487146381,2.193412555049473,0.5471366809438569,0.22122710227537895,1.8320338104448317,3.8201775684457817,-0.5610218031541178,-3.09203734336962,-0.7963562085091285,-3.674282771115847,-1.1211827336915694,-1.022091926902549,0.4293341589657016,-0.27172855515692335,2.368146163074541,0.021834268550621094,4.06224457060519
-2.6963073888108626,0.9769882105177725,-0.061271588577398194,-0.6032545580482256,-1.1162103820462157,1.818153065954389,0.27530017888482267,-1.8532974942155562,3.625107960017109,2.1595120161830503,1.600112953026795,-0.112769081176823,2.1539439081349956,2.892299092406644,0.26160748766195685,-2.6780900617082843,-0.17098991994154125,-3.75385479032095,-0.8404604434081141,-2.1261407305706457,-1.2697272949379717,-0.8072975067702093,3.781331288808187,1.0409050430521063,4.107102334660149
-2.4175285642428244,1.9115391193623152,-0.502412460420252,-0.9684385053204282,-0.3830788991974913,1.3189264387262605,0.1833719513317302,-2.28356577531918,3.74130751866436,2.1710903163983244,1.6220227196690011,-0.5877200804468051,2.495436598981511,1.3078655296260766,1.3511312989762447,-2.4750991988454443,0.1779396296433487,-3.809334400640474,-0.263701416897245,-2.3948261928381944,-1.9183428942586824,-0.67877142120733,4.698819119543491,1.9224596551042763,3.035213348960398
-1.43149740375509,1.6542774211854123,-1.2118714793324679,-1.069411261892721,0.5124757588951688,0.19051742400777097,-0.014610482434924472,-2.6269339685293636,3.5161850626453455,1.7735466371266186,2.0575424343696236,-1.1968978204595524,2.2203558998112585,0.42556328703361657,1.625911703761722,-1.783700257505053,1.2507309271034637,-3.0839347463850637,0.0571692742685804,-2.690012787201234,-1.9879441426173905,-0.8101215468365064,5.251307779992344,1.9115326483657467,1.8618941285126591
-0.4677333751144418,1.9798205651377079,-1.172211250825161,-0.7247241755530743,0.7985854367575146,-0.9702834593407647,-0.6696690567942445,-3.0472332928669474,3.565975730753855,1.5676344057445215,1.5960057791070021,-1.1168003503588044,2.0070567754758097,-0.44010144901889947,2.55160075338964,-1.5251029966086493,2.290942593349888,-2.518142301950118,0.9613330423445382,-1.8848812825620265,-1.8036724372262842,-0.501761057716475,4.988180470351508,1.999995277406528,0.8135779404283944
-0.01249861425629184,1.7042466614741463,-1.287328488201706,-0.4670240611770081,1.1308086251680336,-1.9370093628013543,-0.7983535161811002,-2.6459616731396465,2.776226128129702,1.591037755374729,1.2728735838908778,-1.0056673337297504,1.2908032025910006,-1.3878889082140524,2.3356697752944515,-0.9799358595683483,2.8347699354916065,-1.2950704440640024,1.4338568910059197,-2.0154644435859845,-1.1443469530914356,-0.851569764064792,4.665238042685693,1.6472525700525718,-0.10889142425602338
0.5716933007437102,0.7677372256217858,-1.416722340484084,0.31644790342825024,1.9008071641737017,-3.019983763540827,-0.7778251841010201,-2.2632800168337717,1.9915911820659464,1.4251291754589201,0.8755328485603124,-0.4842171340959047,1.1456013567840908,-1.7829999259237321,3.069640415254136,-0.34119021408987343,2.913980267045768,-0.44019842353144895,2.2777167289506637,-1.947880714659823,0.006160275955296548,-0.6952060743255531,4.091694886129718,1.4971589540902153,-0.2616803123520605
1.097767792774067,-0.6548429243545704,-0.8736281560688604,0.12176738347676763,1.8609021000297834,-4.385709207875927,-1.4206619715040345,-1.648460665130756,0.6852361516897448,1.0847168185629419,0.9904836317098423,-0.3932575680433432,0.27088026226268247,-2.8339971945184326,2.4509221796559784,0.580685769266093,2.7139631267800244,0.4529190597335445,2.548551536787984,-1.0106941647788015,-0.5758492026751456,-0.6435486382419144,2.497445252582341,1.1590727912055303,-1.7410976755280108
1.9055940631974118,-2.242634379076074,-0.7816809059910234,0.2991652756403858,1.7090616937274192,-5.047274340145221,-2.6156873678088215,-0.8908401473880815,-0.0031365572548671186,0.9692611291418287,0.4019464262794309,0.4053255561268298,-0.2631158365311988,-2.772003508576639,1.6636857791017428,1.3024890390587875,2.284215420930562,1.0371160110817184,2.609388537549391,-0.28136031131700734,-0.3536598448250484,-0.7126148162593443,1.128849564565615,0.24562901617007848,-2.7130209307271316
1.5182207258845448,-3.7945925321825746,-0.2777180288761331,0.5358295365981744,1.1341420785929524,-5.914819443546181,-2.6856299464445206,0.18436355404718444,0.014157887392619833,0.06864292798689042,-0.2568799075436907,0.24603631340089877,0.141505675385273,-2.046206360738597,1.269909731695117,1.49330284606637,2.586882662468124,2.377269959716653,1.0531793010945358,-0.6305084858596,0.2509082477711709,-0.8133117687133031,-0.6986928869715696,-0.9731057616097796,-1.8940357714955318
0.5912748531519832,-2.755106762123394,-0.4770910185110686,-0.9060553225330635,0.06029297188377182,-5.764636141322035,-2.3375503413380025,0.4202303738695324,0.46366598891419225,-0.27188397136756504,-0.44865683333990747,0.14811409566460143,0.028670981735680515,-2.1013278949985357,-0.255301935989401,1.3014341005659902,2.455689787663813,3.2870247435932254,-0.8183481398693419,-0.4498925194617747,-0.6790768558183233,-0.550274136810661,-1.2324182616084345,-3.23923859635128,-1.9013579792900517
-2.056895259764969,-2.4117415964428686,-1.1770778264645412,-1.1548586017266478,-1.02656704205385,-4.517247163951226,-1.9667946646658994,0.46518659465138457,0.029357665010919243,-0.1115644217742709,0.23199991210785526,0.33217440163204626,-0.29733805812333175,-1.4554320782632486,-1.0644447544504443,0.40396628697451703,1.4621786065449718,3.743922584658071,-0.9421008705488928,-0.5836773309263799,-1.8720509232001665,0.8194340425770335,-1.3972942739943488,-2.783287827232492,-1.5027186636018135
-2.79623806891946,-1.9153912388454737,-1.0769357679684137,-1.2846130569392162,-1.3572775206182168,-2.8539130188273036,-1.8704521304020598,0.6322388608174061,0.6831102928242565,-0.692101433971847,0.2999974931812102,1.0382126923974913,-0.7457079666473891,-0.26793942018149636,-1.9050074908216894,-0.5648812944798269,0.7179936368370587,3.438946238846191,-0.12697448801350752,-1.2904136691889236,-2.5140461333909356,2.058404392688205,-1.4933678614238193,-1.524625476287944,-0.7253061985650539
-3.0816875133889257,-1.430138762101885,-0.6722223162533685,-0.5759269317388607,-0.9278760173811877,-0.8859214908771628,-1.0023465370986215,1.253933332286296,1.5827163881493433,-1.2545048284668503,0.18350032359594176,0.7808479137260103,-1.1241917700007664,-0.0310549989574075,-2.1660340961780253,-1.701795921452327,-0.7081002774863916,3.0985059125153858,0.1668348353293515,-1.373143368575302,-2.772730663236428,2.3923675883569056,-1.7993737571666881,-0.13798323052900185,0.5806708938973907
-2.922358888269102,-0.43363597738025844,-0.498276440005267,-1.0374344412589898,-0.292104585987146,0.4936868793190681,0.36457550514630327,1.2237691767836074,2.7230674242882698,-1.7321893626675715,-0.1295656279185599,0.5014645105487459,-1.3210862517698072,-0.6293800466420464,-1.9386368153284177,-2.4770053361384834,-1.3626858433298554,2.6942122472549013,0.7058876560605307,-1.2732790650663308,-2.4618891453342595,3.0735764117318918,-1.4511442688388212,0.45013202860962814,1.955633424538008
-3.5144466025050005,0.18746328956061825,-0.4139030837023051,-1.0323704456217213,0.3469102630566391,0.35446143770505356,1.134512675778002,1.2553653974634682,2.613110553134266,-1.6644288321450051,0.6140139719277035,0.3414603824566209,-1.1903287403772347,-0.7652395952910279,-1.3600704430113555,-1.9010722538786828,-1.5663034293042957,2.055051493548336,1.595691430856925,-1.5223371821699125,-3.4722864274346046,2.4763045268724473,-0.445693684536327,1.5017773200445133,2.366851440584943
-3.8850289282627712,-0.28708817611246396,-0.19511202284286291,-0.7722449744493872,0.38356715788780094,0.5870291246798355,1.3279371172856305,0.7276518684563382,2.443995439594371,-1.5508654419463,0.349427209076848,0.29033744490777114,-1.447558990042297,-1.567971547139136,-1.070086782674997,-2.051673205585844,-1.8117632069475813,1.9673454700086914,2.570351433969359,-1.009908259622947,-3.5888871759904064,2.2020574977805696,-0.0555361833707293,2.1322232389572884,1.493829254550798
-4.436128347625869,-0.6861559362628595,0.1808329554367653,-1.2142849796954789,0.16096745228910087,-0.12275339774076109,1.8656511030245653,0.3740338187029375,2.309286320444166,-1.9583419525003327,0.7471388987015528,0.631880987069471,-1.630216453351778,-1.5679640367946344,-0.5143430245176432,-1.5359148300557788,-1.2739748501988573,1.4944342246543774,3.102775264094785,-0.8829720944540158,-3.8207671437545403,1.360808805542383,0.6222121060569463,3.277063200180894,0.5810480272101542
-4.288640349583349,-0.9770733019488695,0.28060132622667244,-1.5776690290093507,-0.16755560501283345,-0.810944981417196,1.462360246898701,0.5427733172631564,2.1278454263013376,-1.591711868552734,0.5003430500970893,0.2572588335677478,-1.1972978806781331,-1.0693799679998897,-0.13475576966773345,-1.1792843510117057,-1.350358691058648,1.3272356514748511,3.738398164318589,-0.3989755048691224,-4.054030213796329,0.5469098465598367,0.029859001363238304,3.713801771955493,-0.498070746880822
-3.8651502275531966,-1.218369761444681,0.39027617592499697,-1.6871657568230354,0.41120543075523874,-1.4160871458111308,0.31992040156813717,0.5855850070983276,1.9638973131642863,-2.2500542841417532,1.3184938553985515,0.17395760017370832,-0.8967289067448544,-0.9887077958297239,0.2998486666697861,-1.6976513160086346,-1.6851231675676952,0.9817615242824295,3.395477859049916,-0.5457588290660775,-3.5880779348989966,-0.011770200361421346,-0.12786693675859007,3.0979492697276374,-1.2080066236808504
