-6.024307361366809,-2.4449896075282016,-3.283078621809322,-6.0742620268966725,-3.284587791150637,-3.0627161911697423,-3.558813239214451,-3.0590312148709193,-0.2953774657028076,-1.3594243765378982,-0.5598641937513987,-2.9612052540964187,-36.8325574093906,-36.841361487904734,-2.0307033919206416,-2.116094517450168,0.4323804938359713,-4.986322334138585,-2.2186590874456353,-3.2097771715143733,-4.620531148970597,-6.163231166068855,0.3435286760593436,-3.453839484120718,0.05701268124582831,-2.8758025638464106,-6.690736917189409,-2.611015276153827,-3.195789752873093,-3.2857569732848324,-3.4541214295882448,-1.6116584397287925,-3.1332089363271813,-1.7863427808272867,-3.3136710468019785,-4.482992985125824,-2.1417922836141847,-1.4732875552566598,-1.9665791413657698,-1.502651301306645,-1.498752489813497,-1.1030002002996173,-1.9021840955013656,-2.4479389927139072,-36.841361487904734,-36.841361487904734,-1.9964509702425997,-3.326091110627531,-2.3559882502524223,-6.861065712331112,-0.8329485193601502,-3.4033051380761745,-4.616771791262619,-4.81961854512078,-5.707890708678882,-3.756954308598496,-4.280771352989446,-3.274142844164697,-36.841361487904734,-0.6538182919554263,-4.752925339406397,-0.9471228010553036,-36.841361487904734,-1.610740221549392,-3.2599780165516523,-0.37139371630635504,-0.853733237375879,-2.032688165549104,-1.1024308786809354,-5.550045440320623,-0.8596175174400502,-0.6001876894408074,-1.1821557842054913,-34.6307009545879,-3.1881613587587054,-4.350192259547573,-0.41694087452310336,-5.021885208117619,-1.6585691851883468,-36.841361487904734,-1.1524862250317252,-0.6545801086990116,-6.552432259844775,-2.3735317417316453,-1.9737938297298172,-0.8759233989762704,-0.5248059544857934,-7.196233354138803,-36.841361487904734,-2.4730691113637713,-3.8392617399940163,-2.319280010097895,-3.2805303055641133,-2.48517966089818,-1.526255844921891,-0.5346800589242965,-2.3000166214349123,-2.382032420823638,-0.6517428512692909,-36.841361487904734,-1.066908093061086,-1.4575794449443078,0.1447980900729709,-1.1260306040588035,-5.084087530595665,-1.5680032635230883,-4.790971922031418,-3.5329670053836675
-6.024307361366809,-2.4449896075282016,-3.283078621809322,-6.0742620268966725,-3.284587791150637,-3.0627161911697423,-3.558813239214451,-3.0590312148709193,-0.2953774657028076,-1.3594243765378982,-0.5598641937513987,-2.9612052540964187,-36.8325574093906,-36.841361487904734,-2.0307033919206416,-2.116094517450168,0.4323804938359713,-4.986322334138585,-2.2186590874456353,-3.2097771715143733,-4.620531148970597,-6.163231166068855,0.3435286760593436,-3.453839484120718,0.05701268124582831,-2.8758025638464106,-6.690736917189409,-2.611015276153827,-3.195789752873093,-3.2857569732848324,-3.4541214295882448,-1.6116584397287925,-3.1332089363271813,-1.7863427808272867,-3.3136710468019785,-4.482992985125824,-2.1417922836141847,-1.4732875552566598,-1.9665791413657698,-1.502651301306645,-1.498752489813497,-1.1030002002996173,-1.9021840955013656,-2.4479389927139072,-36.841361487904734,-36.841361487904734,-1.9964509702425997,-3.326091110627531,-2.3559882502524223,-6.861065712331112,-0.8329485193601502,-3.4033051380761745,-4.616771791262619,-4.81961854512078,-5.707890708678882,-3.756954308598496,-4.280771352989446,-3.274142844164697,-36.841361487904734,-0.6538182919554263,-4.752925339406397,-0.9471228010553036,-36.841361487904734,-1.610740221549392,-3.2599780165516523,-0.37139371630635504,-0.853733237375879,-2.032688165549104,-1.1024308786809354,-5.550045440320623,-0.8596175174400502,-0.6001876894408074,-1.1821557842054913,-34.6307009545879,-3.1881613587587054,-4.350192259547573,-0.41694087452310336,-5.021885208117619,-1.6585691851883468,-36.841361487904734,-1.1524862250317252,-0.6545801086990116,-6.552432259844775,-2.3735317417316453,-1.9737938297298172,-0.8759233989762704,-0.5248059544857934,-7.196233354138803,-36.841361487904734,-2.4730691113637713,-3.8392617399940163,-2.319280010097895,-3.2805303055641133,-2.48517966089818,-1.526255844921891,-0.5346800589242965,-2.3000166214349123,-2.382032420823638,-0.6517428512692909,-36.841361487904734,-1.066908093061086,-1.4575794449443078,0.1447980900729709,-1.1260306040588035,-5.084087530595665,-1.5680032635230883,-4.790971922031418,-3.5329670053836675
-6.024307361366809,-2.4449896075282016,-3.283078621809322,-6.0742620268966725,-3.284587791150637,-3.0627161911697423,-3.558813239214451,-3.0590312148709193,-0.2953774657028076,-1.3594243765378982,-0.5598641937513987,-2.9612052540964187,-36.8325574093906,-36.841361487904734,-2.0307033919206416,-2.116094517450168,0.4323804938359713,-4.986322334138585,-2.2186590874456353,-3.2097771715143733,-4.620531148970597,-6.163231166068855,0.3435286760593436,-3.453839484120718,0.05701268124582831,-2.8758025638464106,-6.690736917189409,-2.611015276153827,-3.195789752873093,-3.2857569732848324,-3.4541214295882448,-1.6116584397287925,-3.1332089363271813,-1.7863427808272867,-3.3136710468019785,-4.482992985125824,-2.1417922836141847,-1.4732875552566598,-1.9665791413657698,-1.502651301306645,-1.498752489813497,-1.1030002002996173,-1.9021840955013656,-2.4479389927139072,-36.841361487904734,-36.841361487904734,-1.9964509702425997,-3.326091110627531,-2.3559882502524223,-6.861065712331112,-0.8329485193601502,-3.4033051380761745,-4.616771791262619,-4.81961854512078,-5.707890708678882,-3.756954308598496,-4.280771352989446,-3.274142844164697,-36.841361487904734,-0.6538182919554263,-4.752925339406397,-0.9471228010553036,-36.841361487904734,-1.610740221549392,-3.2599780165516523,-0.37139371630635504,-0.853733237375879,-2.032688165549104,-1.1024308786809354,-5.550045440320623,-0.8596175174400502,-0.6001876894408074,-1.1821557842054913,-34.6307009545879,-3.1881613587587054,-4.350192259547573,-0.41694087452310336,-5.021885208117619,-1.6585691851883468,-36.841361487904734,-1.1524862250317252,-0.6545801086990116,-6.552432259844775,-2.3735317417316453,-1.9737938297298172,-0.8759233989762704,-0.5248059544857934,-7.196233354138803,-36.841361487904734,-2.4730691113637713,-3.8392617399940163,-2.319280010097895,-3.2805303055641133,-2.48517966089818,-1.526255844921891,-0.5346800589242965,-2.3000166214349123,-2.382032420823638,-0.6517428512692909,-36.841361487904734,-1.066908093061086,-1.4575794449443078,0.1447980900729709,-1.1260306040588035,-5.084087530595665,-1.5680032635230883,-4.790971922031418,-3.5329670053836675
-5.956193646470468,-1.8164710871193965,-2.283668734966043,-5.171359056700494,-0.802734532761186,-2.809197930827901,-2.5131393246272236,-2.6296259147283334,0.2802530007199996,-0.9477718102967787,-2.5181172117528137,-3.568143492928865,-36.84000391813418,-36.841361487904734,-1.9198550105737584,-1.5530494697044477,0.4141426597302376,-3.1092488135938936,-2.3970253000179578,0.3533841209974126,-5.688114802469345,-4.8282953190050195,0.866307658901279,-4.070001444719913,-0.6541959007136888,-6.380583446705754,-6.550800589605195,-1.4174431771312082,-1.8577109397844427,-0.29743354635424035,-2.909797631152639,-1.2620431300059052,-2.8270621866255525,-2.9934794880796725,-2.6812101211527226,-2.4120056957972658,-2.108614733641732,-0.5352629566395848,-2.7161494930140218,-4.250372631900902,-2.0809857973790056,-1.1815909919736283,-2.0626377529169853,-2.1971075310065453,-36.841361487904734,-36.841361487904734,-1.2444121400928971,-1.2268197235773501,-4.538397359946628,-3.885483395780148,-0.7354190084421378,-3.1693065313603768,-3.67936995478078,-3.1673307027188935,-5.889902248266982,-1.16127728572704,-2.365752622521431,-2.2227726558257723,-36.841361487904734,0.339081878628647,-5.080220780824959,-4.525303768282409,-36.841361487904734,-1.6261547804783767,-2.993477792268968,-1.6483180791052694,-0.5793246615189401,-2.3103746327787706,-0.5633816451085576,-4.081903850730599,-1.0046013960083024,-0.3205398181251124,-1.8327793028864834,-3.9253279412507,-3.292902654758546,-4.5094305132990025,-0.1849154375911321,-5.038147650425151,-1.5072146645279603,-36.841361487904734,-1.4695130342264489,-0.523206773343092,-5.209719644877896,-3.278219400315616,-2.540278485075125,-1.3444363317731571,-1.0682789581963743,-36.84060518104876,-36.841361487904734,-2.7807923742714706,-7.2562941868073585,-5.276506036778167,-4.5747852761758505,-2.7803393833411554,-2.973342526068594,-0.9836014638830113,-2.0096827106492006,-3.045816971141819,-0.887080467266551,-36.841361487904734,-1.1603331453277566,-1.394644391367327,-0.46986565967745764,-0.8660421909977271,-4.502917439256154,-2.243492296678018,-3.7192810561251064,-4.293387687984011
-4.54418548180705,-2.037083000888247,-0.9299587366458149,-5.646433702337617,-3.8543866962353968,-2.1636196114998207,-2.42100094865076,-4.162670651953291,-2.713397296810891,-1.1882356629941055,-1.3481906819909486,-1.5915946116743998,-36.838505981359624,-36.841361487904734,-2.7969354886529003,-1.7306119721498845,0.38743378606716106,-3.3454275151967456,-2.221225439924424,-1.9471037656854249,-4.364108187573718,-4.610470382190074,-0.1263361962639385,-2.6558330722863572,-0.2828654475552936,-2.5430112219003695,-5.355025032459871,-0.48747972995034955,-2.018638115351998,-2.9096263151768795,-2.7549154472271553,-2.0913091203683507,-2.564551049903981,-2.130361093460054,-2.7930848243157267,-0.9385611743325897,-1.3113377170019758,-1.6620675263643658,-2.2113862987939954,-0.9718279653010377,-1.5718522987807304,-0.8043493573869908,-1.4051429684464003,-1.4881402764997926,-36.841361487904734,-36.841361487904734,-3.9498684400891353,-4.162342649270397,-3.873028669612075,-29.776385073777035,-2.0657568832267,-3.3959460665667622,-3.680284087397584,-4.784889719235852,-7.379185678182585,-3.233606065812975,-21.838302600190424,-2.5958501575830257,-36.841361487904734,-0.7842318897572641,-3.9374944148493745,-30.863484769018324,-36.841361487904734,-1.238247684257864,-1.2425613546981078,-3.255043258364503,-1.797233346351635,-2.3324419416327378,-1.3243859564826657,-4.647081381037532,-0.16031015747912292,-1.4716144637754873,-1.3425253709769536,-5.148345430135658,-1.6941798186413073,-2.7644512507734285,-0.3988165049026478,-4.060353419545817,-2.5408676316363414,-36.841361487904734,-0.4156035164213691,0.04280689855697837,-19.676239917516853,-2.639065356876969,-1.6611163861188203,-1.2753073338543814,-0.6923726411606437,-3.5839832758422383,-36.841361487904734,-3.0001597340296544,-3.424856355129614,-1.8260041828828888,-2.436323973283646,-2.2530990698372526,-1.339670307948494,-0.21423463594283934,-2.856336567600991,-2.0808760391084986,-0.25357905425843347,-36.841361487904734,-1.2039491068878576,-1.3677120769493882,0.054667669704023286,-1.3369707557019583,-4.8096211420678285,-1.3674277205883638,-5.201916817624494,-3.409543347328458
-4.54418548180705,-2.037083000888247,-0.9299587366458149,-5.646433702337617,-3.8543866962353968,-2.1636196114998207,-2.42100094865076,-4.162670651953291,-2.713397296810891,-1.1882356629941055,-1.3481906819909486,-1.5915946116743998,-36.838505981359624,-36.841361487904734,-2.7969354886529003,-1.7306119721498845,0.38743378606716106,-3.3454275151967456,-2.221225439924424,-1.9471037656854249,-4.364108187573718,-4.610470382190074,-0.1263361962639385,-2.6558330722863572,-0.2828654475552936,-2.5430112219003695,-5.355025032459871,-0.48747972995034955,-2.018638115351998,-2.9096263151768795,-2.7549154472271553,-2.0913091203683507,-2.564551049903981,-2.130361093460054,-2.7930848243157267,-0.9385611743325897,-1.3113377170019758,-1.6620675263643658,-2.2113862987939954,-0.9718279653010377,-1.5718522987807304,-0.8043493573869908,-1.4051429684464003,-1.4881402764997926,-36.841361487904734,-36.841361487904734,-3.9498684400891353,-4.162342649270397,-3.873028669612075,-29.776385073777035,-2.0657568832267,-3.3959460665667622,-3.680284087397584,-4.784889719235852,-7.379185678182585,-3.233606065812975,-21.838302600190424,-2.5958501575830257,-36.841361487904734,-0.7842318897572641,-3.9374944148493745,-30.863484769018324,-36.841361487904734,-1.238247684257864,-1.2425613546981078,-3.255043258364503,-1.797233346351635,-2.3324419416327378,-1.3243859564826657,-4.647081381037532,-0.16031015747912292,-1.4716144637754873,-1.3425253709769536,-5.148345430135658,-1.6941798186413073,-2.7644512507734285,-0.3988165049026478,-4.060353419545817,-2.5408676316363414,-36.841361487904734,-0.4156035164213691,0.04280689855697837,-19.676239917516853,-2.639065356876969,-1.6611163861188203,-1.2753073338543814,-0.6923726411606437,-3.5839832758422383,-36.841361487904734,-3.0001597340296544,-3.424856355129614,-1.8260041828828888,-2.436323973283646,-2.2530990698372526,-1.339670307948494,-0.21423463594283934,-2.856336567600991,-2.0808760391084986,-0.25357905425843347,-36.841361487904734,-1.2039491068878576,-1.3677120769493882,0.054667669704023286,-1.3369707557019583,-4.8096211420678285,-1.3674277205883638,-5.201916817624494,-3.409543347328458
-4.54418548180705,-2.037083000888247,-0.9299587366458149,-5.646433702337617,-3.8543866962353968,-2.1636196114998207,-2.42100094865076,-4.162670651953291,-2.713397296810891,-1.1882356629941055,-1.3481906819909486,-1.5915946116743998,-36.838505981359624,-36.841361487904734,-2.7969354886529003,-1.7306119721498845,0.38743378606716106,-3.3454275151967456,-2.221225439924424,-1.9471037656854249,-4.364108187573718,-4.610470382190074,-0.1263361962639385,-2.6558330722863572,-0.2828654475552936,-2.5430112219003695,-5.355025032459871,-0.48747972995034955,-2.018638115351998,-2.9096263151768795,-2.7549154472271553,-2.0913091203683507,-2.564551049903981,-2.130361093460054,-2.7930848243157267,-0.9385611743325897,-1.3113377170019758,-1.6620675263643658,-2.2113862987939954,-0.9718279653010377,-1.5718522987807304,-0.8043493573869908,-1.4051429684464003,-1.4881402764997926,-36.841361487904734,-36.841361487904734,-3.9498684400891353,-4.162342649270397,-3.873028669612075,-29.776385073777035,-2.0657568832267,-3.3959460665667622,-3.680284087397584,-4.784889719235852,-7.379185678182585,-3.233606065812975,-21.838302600190424,-2.5958501575830257,-36.841361487904734,-0.7842318897572641,-3.9374944148493745,-30.863484769018324,-36.841361487904734,-1.238247684257864,-1.2425613546981078,-3.255043258364503,-1.797233346351635,-2.3324419416327378,-1.3243859564826657,-4.647081381037532,-0.16031015747912292,-1.4716144637754873,-1.3425253709769536,-5.148345430135658,-1.6941798186413073,-2.7644512507734285,-0.3988165049026478,-4.060353419545817,-2.5408676316363414,-36.841361487904734,-0.4156035164213691,0.04280689855697837,-19.676239917516853,-2.639065356876969,-1.6611163861188203,-1.2753073338543814,-0.6923726411606437,-3.5839832758422383,-36.841361487904734,-3.0001597340296544,-3.424856355129614,-1.8260041828828888,-2.436323973283646,-2.2530990698372526,-1.339670307948494,-0.21423463594283934,-2.856336567600991,-2.0808760391084986,-0.25357905425843347,-36.841361487904734,-1.2039491068878576,-1.3677120769493882,0.054667669704023286,-1.3369707557019583,-4.8096211420678285,-1.3674277205883638,-5.201916817624494,-3.409543347328458
-4.54418548180705,-2.037083000888247,-0.9299587366458149,-5.646433702337617,-3.8543866962353968,-2.1636196114998207,-2.42100094865076,-4.162670651953291,-2.713397296810891,-1.1882356629941055,-1.3481906819909486,-1.5915946116743998,-36.838505981359624,-36.841361487904734,-2.7969354886529003,-1.7306119721498845,0.38743378606716106,-3.3454275151967456,-2.221225439924424,-1.9471037656854249,-4.364108187573718,-4.610470382190074,-0.1263361962639385,-2.6558330722863572,-0.2828654475552936,-2.5430112219003695,-5.355025032459871,-0.48747972995034955,-2.018638115351998,-2.9096263151768795,-2.7549154472271553,-2.0913091203683507,-2.564551049903981,-2.130361093460054,-2.7930848243157267,-0.9385611743325897,-1.3113377170019758,-1.6620675263643658,-2.2113862987939954,-0.9718279653010377,-1.5718522987807304,-0.8043493573869908,-1.4051429684464003,-1.4881402764997926,-36.841361487904734,-36.841361487904734,-3.9498684400891353,-4.162342649270397,-3.873028669612075,-29.776385073777035,-2.0657568832267,-3.3959460665667622,-3.680284087397584,-4.784889719235852,-7.379185678182585,-3.233606065812975,-21.838302600190424,-2.5958501575830257,-36.841361487904734,-0.7842318897572641,-3.9374944148493745,-30.863484769018324,-36.841361487904734,-1.238247684257864,-1.2425613546981078,-3.255043258364503,-1.797233346351635,-2.3324419416327378,-1.3243859564826657,-4.647081381037532,-0.16031015747912292,-1.4716144637754873,-1.3425253709769536,-5.148345430135658,-1.6941798186413073,-2.7644512507734285,-0.3988165049026478,-4.060353419545817,-2.5408676316363414,-36.841361487904734,-0.4156035164213691,0.04280689855697837,-19.676239917516853,-2.639065356876969,-1.6611163861188203,-1.2753073338543814,-0.6923726411606437,-3.5839832758422383,-36.841361487904734,-3.0001597340296544,-3.424856355129614,-1.8260041828828888,-2.436323973283646,-2.2530990698372526,-1.339670307948494,-0.21423463594283934,-2.856336567600991,-2.0808760391084986,-0.25357905425843347,-36.841361487904734,-1.2039491068878576,-1.3677120769493882,0.054667669704023286,-1.3369707557019583,-4.8096211420678285,-1.3674277205883638,-5.201916817624494,-3.409543347328458
-4.54418548180705,-2.037083000888247,-0.9299587366458149,-5.646433702337617,-3.8543866962353968,-2.1636196114998207,-2.42100094865076,-4.162670651953291,-2.713397296810891,-1.1882356629941055,-1.3481906819909486,-1.5915946116743998,-36.838505981359624,-36.841361487904734,-2.7969354886529003,-1.7306119721498845,0.38743378606716106,-3.3454275151967456,-2.221225439924424,-1.9471037656854249,-4.364108187573718,-4.610470382190074,-0.1263361962639385,-2.6558330722863572,-0.2828654475552936,-2.5430112219003695,-5.355025032459871,-0.48747972995034955,-2.018638115351998,-2.9096263151768795,-2.7549154472271553,-2.0913091203683507,-2.564551049903981,-2.130361093460054,-2.7930848243157267,-0.9385611743325897,-1.3113377170019758,-1.6620675263643658,-2.2113862987939954,-0.9718279653010377,-1.5718522987807304,-0.8043493573869908,-1.4051429684464003,-1.4881402764997926,-36.841361487904734,-36.841361487904734,-3.9498684400891353,-4.162342649270397,-3.873028669612075,-29.776385073777035,-2.0657568832267,-3.3959460665667622,-3.680284087397584,-4.784889719235852,-7.379185678182585,-3.233606065812975,-21.838302600190424,-2.5958501575830257,-36.841361487904734,-0.7842318897572641,-3.9374944148493745,-30.863484769018324,-36.841361487904734,-1.238247684257864,-1.2425613546981078,-3.255043258364503,-1.797233346351635,-2.3324419416327378,-1.3243859564826657,-4.647081381037532,-0.16031015747912292,-1.4716144637754873,-1.3425253709769536,-5.148345430135658,-1.6941798186413073,-2.7644512507734285,-0.3988165049026478,-4.060353419545817,-2.5408676316363414,-36.841361487904734,-0.4156035164213691,0.04280689855697837,-19.676239917516853,-2.639065356876969,-1.6611163861188203,-1.2753073338543814,-0.6923726411606437,-3.5839832758422383,-36.841361487904734,-3.0001597340296544,-3.424856355129614,-1.8260041828828888,-2.436323973283646,-2.2530990698372526,-1.339670307948494,-0.21423463594283934,-2.856336567600991,-2.0808760391084986,-0.25357905425843347,-36.841361487904734,-1.2039491068878576,-1.3677120769493882,0.054667669704023286,-1.3369707557019583,-4.8096211420678285,-1.3674277205883638,-5.201916817624494,-3.409543347328458
-4.54418548180705,-2.037083000888247,-0.9299587366458149,-5.646433702337617,-3.8543866962353968,-2.1636196114998207,-2.42100094865076,-4.162670651953291,-2.713397296810891,-1.1882356629941055,-1.3481906819909486,-1.5915946116743998,-36.838505981359624,-36.841361487904734,-2.7969354886529003,-1.7306119721498845,0.38743378606716106,-3.3454275151967456,-2.221225439924424,-1.9471037656854249,-4.364108187573718,-4.610470382190074,-0.1263361962639385,-2.6558330722863572,-0.2828654475552936,-2.5430112219003695,-5.355025032459871,-0.48747972995034955,-2.018638115351998,-2.9096263151768795,-2.7549154472271553,-2.0913091203683507,-2.564551049903981,-2.130361093460054,-2.7930848243157267,-0.9385611743325897,-1.3113377170019758,-1.6620675263643658,-2.2113862987939954,-0.9718279653010377,-1.5718522987807304,-0.8043493573869908,-1.4051429684464003,-1.4881402764997926,-36.841361487904734,-36.841361487904734,-3.9498684400891353,-4.162342649270397,-3.873028669612075,-29.776385073777035,-2.0657568832267,-3.3959460665667622,-3.680284087397584,-4.784889719235852,-7.379185678182585,-3.233606065812975,-21.838302600190424,-2.5958501575830257,-36.841361487904734,-0.7842318897572641,-3.9374944148493745,-30.863484769018324,-36.841361487904734,-1.238247684257864,-1.2425613546981078,-3.255043258364503,-1.797233346351635,-2.3324419416327378,-1.3243859564826657,-4.647081381037532,-0.16031015747912292,-1.4716144637754873,-1.3425253709769536,-5.148345430135658,-1.6941798186413073,-2.7644512507734285,-0.3988165049026478,-4.060353419545817,-2.5408676316363414,-36.841361487904734,-0.4156035164213691,0.04280689855697837,-19.676239917516853,-2.639065356876969,-1.6611163861188203,-1.2753073338543814,-0.6923726411606437,-3.5839832758422383,-36.841361487904734,-3.0001597340296544,-3.424856355129614,-1.8260041828828888,-2.436323973283646,-2.2530990698372526,-1.339670307948494,-0.21423463594283934,-2.856336567600991,-2.0808760391084986,-0.25357905425843347,-36.841361487904734,-1.2039491068878576,-1.3677120769493882,0.054667669704023286,-1.3369707557019583,-4.8096211420678285,-1.3674277205883638,-5.201916817624494,-3.409543347328458
-4.54418548180705,-2.037083000888247,-0.9299587366458149,-5.646433702337617,-3.8543866962353968,-2.1636196114998207,-2.42100094865076,-4.162670651953291,-2.713397296810891,-1.1882356629941055,-1.3481906819909486,-1.5915946116743998,-36.838505981359624,-36.841361487904734,-2.7969354886529003,-1.7306119721498845,0.38743378606716106,-3.3454275151967456,-2.221225439924424,-1.9471037656854249,-4.364108187573718,-4.610470382190074,-0.1263361962639385,-2.6558330722863572,-0.2828654475552936,-2.5430112219003695,-5.355025032459871,-0.48747972995034955,-2.018638115351998,-2.9096263151768795,-2.7549154472271553,-2.0913091203683507,-2.564551049903981,-2.130361093460054,-2.7930848243157267,-0.9385611743325897,-1.3113377170019758,-1.6620675263643658,-2.2113862987939954,-0.9718279653010377,-1.5718522987807304,-0.8043493573869908,-1.4051429684464003,-1.4881402764997926,-36.841361487904734,-36.841361487904734,-3.9498684400891353,-4.162342649270397,-3.873028669612075,-29.776385073777035,-2.0657568832267,-3.3959460665667622,-3.680284087397584,-4.784889719235852,-7.379185678182585,-3.233606065812975,-21.838302600190424,-2.5958501575830257,-36.841361487904734,-0.7842318897572641,-3.9374944148493745,-30.863484769018324,-36.841361487904734,-1.238247684257864,-1.2425613546981078,-3.255043258364503,-1.797233346351635,-2.3324419416327378,-1.3243859564826657,-4.647081381037532,-0.16031015747912292,-1.4716144637754873,-1.3425253709769536,-5.148345430135658,-1.6941798186413073,-2.7644512507734285,-0.3988165049026478,-4.060353419545817,-2.5408676316363414,-36.841361487904734,-0.4156035164213691,0.04280689855697837,-19.676239917516853,-2.639065356876969,-1.6611163861188203,-1.2753073338543814,-0.6923726411606437,-3.5839832758422383,-36.841361487904734,-3.0001597340296544,-3.424856355129614,-1.8260041828828888,-2.436323973283646,-2.2530990698372526,-1.339670307948494,-0.21423463594283934,-2.856336567600991,-2.0808760391084986,-0.25357905425843347,-36.841361487904734,-1.2039491068878576,-1.3677120769493882,0.054667669704023286,-1.3369707557019583,-4.8096211420678285,-1.3674277205883638,-5.201916817624494,-3.409543347328458
-6.142717125048916,-2.340247284589959,-1.2113091461358318,-5.979564082556077,-3.5249325196589667,-1.0442012717504243,-4.340254070598077,-2.4840796444711843,-1.960057199138435,-1.043688766231047,-1.8787578927484574,-2.253374830570524,-31.552156408190154,-36.841361487904734,-1.8373844407120794,-1.722209716252337,-1.6596799817174244,-3.492209175359169,-2.212667613597754,-2.4246596207284092,-3.6893342082956564,-25.168846835592497,0.10497768818367406,-5.410133585372177,-1.4412615071262753,-3.9236258510477215,-5.034258657931617,-1.8829609412665869,-3.2335659463212774,-1.3835080258563393,-2.8437563663900054,-1.4584067764766768,-2.210085817396097,-1.4524102669287262,-3.9514093591189843,-3.9075491614198006,-1.5328958345425028,-1.5543342395613204,-2.2388701063326466,-1.211669580595028,-1.3870057014266992,-0.8969828043687403,-0.7257188707234435,-1.9739662832300338,-36.841361487904734,-36.841361487904734,-3.0077401494161613,-3.1028857349409282,-3.0702500769752628,-4.399475772650995,-0.5107397497712597,-2.3226527177464167,-2.2670326229285798,-3.91480837721373,-5.308143794413815,-4.028806371678773,-4.35437004712438,-3.620314316699516,-36.841361487904734,-0.9917480136011715,-4.116485828682322,-4.910316575179481,-36.841361487904734,-1.562569028424142,-1.3527226525900533,-3.9309355710590883,-1.2547851290178476,-2.367845290303332,-1.820367815572002,-6.2851768381465725,-0.11618290998321493,-1.0755314555292819,-1.583606895405311,-14.461603696368012,-1.5853119535919866,-2.504053601820421,-0.5032677146220773,-4.252478123228749,-2.1207270208577134,-36.841361487904734,-0.8412189987823334,-0.3505485654309892,-12.518974577858168,-2.592435834993656,-1.461971667817723,-0.9635725888324396,-0.732461126453535,-4.57493175615759,-36.841361487904734,-3.2251896560037316,-4.7937035125366565,-3.3276588916200485,-3.5641429210501534,-1.9667677659096103,-2.6562942273562693,-0.5253377108392815,-2.5151769290167056,-2.7087853404162185,-0.35359312491493555,-36.841361487904734,-1.0530829032899955,-1.0743252445747777,-0.1523101277722338,-0.991434425039548,-2.7107369952821463,-1.5873118040464695,-4.814690986166215,-3.8125127327451596
-6.142717125048916,-2.340247284589959,-1.2113091461358318,-5.979564082556077,-3.5249325196589667,-1.0442012717504243,-4.340254070598077,-2.4840796444711843,-1.960057199138435,-1.043688766231047,-1.8787578927484574,-2.253374830570524,-31.552156408190154,-36.841361487904734,-1.8373844407120794,-1.722209716252337,-1.6596799817174244,-3.492209175359169,-2.212667613597754,-2.4246596207284092,-3.6893342082956564,-25.168846835592497,0.10497768818367406,-5.410133585372177,-1.4412615071262753,-3.9236258510477215,-5.034258657931617,-1.8829609412665869,-3.2335659463212774,-1.3835080258563393,-2.8437563663900054,-1.4584067764766768,-2.210085817396097,-1.4524102669287262,-3.9514093591189843,-3.9075491614198006,-1.5328958345425028,-1.5543342395613204,-2.2388701063326466,-1.211669580595028,-1.3870057014266992,-0.8969828043687403,-0.7257188707234435,-1.9739662832300338,-36.841361487904734,-36.841361487904734,-3.0077401494161613,-3.1028857349409282,-3.0702500769752628,-4.399475772650995,-0.5107397497712597,-2.3226527177464167,-2.2670326229285798,-3.91480837721373,-5.308143794413815,-4.028806371678773,-4.35437004712438,-3.620314316699516,-36.841361487904734,-0.9917480136011715,-4.116485828682322,-4.910316575179481,-36.841361487904734,-1.562569028424142,-1.3527226525900533,-3.9309355710590883,-1.2547851290178476,-2.367845290303332,-1.820367815572002,-6.2851768381465725,-0.11618290998321493,-1.0755314555292819,-1.583606895405311,-14.461603696368012,-1.5853119535919866,-2.504053601820421,-0.5032677146220773,-4.252478123228749,-2.1207270208577134,-36.841361487904734,-0.8412189987823334,-0.3505485654309892,-12.518974577858168,-2.592435834993656,-1.461971667817723,-0.9635725888324396,-0.732461126453535,-4.57493175615759,-36.841361487904734,-3.2251896560037316,-4.7937035125366565,-3.3276588916200485,-3.5641429210501534,-1.9667677659096103,-2.6562942273562693,-0.5253377108392815,-2.5151769290167056,-2.7087853404162185,-0.35359312491493555,-36.841361487904734,-1.0530829032899955,-1.0743252445747777,-0.1523101277722338,-0.991434425039548,-2.7107369952821463,-1.5873118040464695,-4.814690986166215,-3.8125127327451596
-6.142717125048916,-2.340247284589959,-1.2113091461358318,-5.979564082556077,-3.5249325196589667,-1.0442012717504243,-4.340254070598077,-2.4840796444711843,-1.960057199138435,-1.043688766231047,-1.8787578927484574,-2.253374830570524,-31.552156408190154,-36.841361487904734,-1.8373844407120794,-1.722209716252337,-1.6596799817174244,-3.492209175359169,-2.212667613597754,-2.4246596207284092,-3.6893342082956564,-25.168846835592497,0.10497768818367406,-5.410133585372177,-1.4412615071262753,-3.9236258510477215,-5.034258657931617,-1.8829609412665869,-3.2335659463212774,-1.3835080258563393,-2.8437563663900054,-1.4584067764766768,-2.210085817396097,-1.4524102669287262,-3.9514093591189843,-3.9075491614198006,-1.5328958345425028,-1.5543342395613204,-2.2388701063326466,-1.211669580595028,-1.3870057014266992,-0.8969828043687403,-0.7257188707234435,-1.9739662832300338,-36.841361487904734,-36.841361487904734,-3.0077401494161613,-3.1028857349409282,-3.0702500769752628,-4.399475772650995,-0.5107397497712597,-2.3226527177464167,-2.2670326229285798,-3.91480837721373,-5.308143794413815,-4.028806371678773,-4.35437004712438,-3.620314316699516,-36.841361487904734,-0.9917480136011715,-4.116485828682322,-4.910316575179481,-36.841361487904734,-1.562569028424142,-1.3527226525900533,-3.9309355710590883,-1.2547851290178476,-2.367845290303332,-1.820367815572002,-6.2851768381465725,-0.11618290998321493,-1.0755314555292819,-1.583606895405311,-14.461603696368012,-1.5853119535919866,-2.504053601820421,-0.5032677146220773,-4.252478123228749,-2.1207270208577134,-36.841361487904734,-0.8412189987823334,-0.3505485654309892,-12.518974577858168,-2.592435834993656,-1.461971667817723,-0.9635725888324396,-0.732461126453535,-4.57493175615759,-36.841361487904734,-3.2251896560037316,-4.7937035125366565,-3.3276588916200485,-3.5641429210501534,-1.9667677659096103,-2.6562942273562693,-0.5253377108392815,-2.5151769290167056,-2.7087853404162185,-0.35359312491493555,-36.841361487904734,-1.0530829032899955,-1.0743252445747777,-0.1523101277722338,-0.991434425039548,-2.7107369952821463,-1.5873118040464695,-4.814690986166215,-3.8125127327451596
-6.142717125048916,-2.340247284589959,-1.2113091461358318,-5.979564082556077,-3.5249325196589667,-1.0442012717504243,-4.340254070598077,-2.4840796444711843,-1.960057199138435,-1.043688766231047,-1.8787578927484574,-2.253374830570524,-31.552156408190154,-36.841361487904734,-1.8373844407120794,-1.722209716252337,-1.6596799817174244,-3.492209175359169,-2.212667613597754,-2.4246596207284092,-3.6893342082956564,-25.168846835592497,0.10497768818367406,-5.410133585372177,-1.4412615071262753,-3.9236258510477215,-5.034258657931617,-1.8829609412665869,-3.2335659463212774,-1.3835080258563393,-2.8437563663900054,-1.4584067764766768,-2.210085817396097,-1.4524102669287262,-3.9514093591189843,-3.9075491614198006,-1.5328958345425028,-1.5543342395613204,-2.2388701063326466,-1.211669580595028,-1.3870057014266992,-0.8969828043687403,-0.7257188707234435,-1.9739662832300338,-36.841361487904734,-36.841361487904734,-3.0077401494161613,-3.1028857349409282,-3.0702500769752628,-4.399475772650995,-0.5107397497712597,-2.3226527177464167,-2.2670326229285798,-3.91480837721373,-5.308143794413815,-4.028806371678773,-4.35437004712438,-3.620314316699516,-36.841361487904734,-0.9917480136011715,-4.116485828682322,-4.910316575179481,-36.841361487904734,-1.562569028424142,-1.3527226525900533,-3.9309355710590883,-1.2547851290178476,-2.367845290303332,-1.820367815572002,-6.2851768381465725,-0.11618290998321493,-1.0755314555292819,-1.583606895405311,-14.461603696368012,-1.5853119535919866,-2.504053601820421,-0.5032677146220773,-4.252478123228749,-2.1207270208577134,-36.841361487904734,-0.8412189987823334,-0.3505485654309892,-12.518974577858168,-2.592435834993656,-1.461971667817723,-0.9635725888324396,-0.732461126453535,-4.57493175615759,-36.841361487904734,-3.2251896560037316,-4.7937035125366565,-3.3276588916200485,-3.5641429210501534,-1.9667677659096103,-2.6562942273562693,-0.5253377108392815,-2.5151769290167056,-2.7087853404162185,-0.35359312491493555,-36.841361487904734,-1.0530829032899955,-1.0743252445747777,-0.1523101277722338,-0.991434425039548,-2.7107369952821463,-1.5873118040464695,-4.814690986166215,-3.8125127327451596
-7.049891846279587,-1.967538387032936,-3.216656332235232,-5.911968956656816,-3.488354526837544,0.04504731893856657,-1.7169292779458043,-4.161960114723411,-4.492676144344988,-1.2798038979584805,-5.470716656379396,-2.823031002401553,-5.7675404859799455,-36.841361487904734,-2.8964402415248385,-1.042892931307925,-3.0679087815328194,-4.542318145363223,-2.8139971759002482,-2.5280076086690992,-4.1399310102245765,-6.513315099435594,-0.35016092966840645,-5.5312492709543815,-5.946729422667796,-6.067769390962133,-6.743820257189998,-3.804067686043686,-0.9632178953535052,-0.5576141738615674,-1.5288977129717123,-1.6756876670926184,-2.8416206982376018,-2.8408240460378438,-2.9171831893155566,-8.672622218275167,-2.134188352685046,-0.24621242046441025,-1.905644591555826,-5.042621423698984,-1.8051788404555165,-1.818694326041302,-2.4145446331253657,-2.8996615518817452,-36.841361487904734,-36.841361487904734,-2.8162184440203917,-3.2224311404104315,-4.776926188774116,-4.573173755208648,-1.9870238567257836,-3.7375150896706146,-1.4346064256655637,-3.950935308714498,-12.385097973344326,-3.8107265082448643,-6.496878730580246,-2.5713984439481026,-36.841361487904734,-0.7291530113372029,-4.0164346270246964,-4.2443081778639975,-36.841361487904734,-0.9398133540903151,-2.3647231924523524,-3.0089368549394204,-0.7634201153712444,-2.770250499481972,-1.6500577551606481,-5.289160500275153,-0.50272259526326,-0.7342996961804534,-1.953861527043588,-9.153338633164108,-3.473477763744276,-4.40517599749884,-0.4443202163354843,-3.1818810263282438,-2.575670746315861,-36.841361487904734,-1.3388035936175724,-0.7685906708496874,-6.230494626678208,-2.2328168547687928,-0.6824904262179806,-1.2778212237255224,-0.49934756536223796,-8.75163112892054,-36.841361487904734,-2.7800358475261255,-5.519674495892416,-4.526886018161874,-4.470696703067013,-3.0030093000794094,-2.381312286489802,-0.29277126339060094,-2.627705820740106,-2.6633987827179912,-0.30873691274979653,-36.841361487904734,-1.2989363240987328,-1.6007149470948558,-0.2948438141566648,-0.6564404600195625,-5.856400284053476,-1.1875569720130394,-5.622065427797238,-3.6728991642976396
-7.049891846279587,-1.967538387032936,-3.216656332235232,-5.911968956656816,-3.488354526837544,0.04504731893856657,-1.7169292779458043,-4.161960114723411,-4.492676144344988,-1.2798038979584805,-5.470716656379396,-2.823031002401553,-5.7675404859799455,-36.841361487904734,-2.8964402415248385,-1.042892931307925,-3.0679087815328194,-4.542318145363223,-2.8139971759002482,-2.5280076086690992,-4.1399310102245765,-6.513315099435594,-0.35016092966840645,-5.5312492709543815,-5.946729422667796,-6.067769390962133,-6.743820257189998,-3.804067686043686,-0.9632178953535052,-0.5576141738615674,-1.5288977129717123,-1.6756876670926184,-2.8416206982376018,-2.8408240460378438,-2.9171831893155566,-8.672622218275167,-2.134188352685046,-0.24621242046441025,-1.905644591555826,-5.042621423698984,-1.8051788404555165,-1.818694326041302,-2.4145446331253657,-2.8996615518817452,-36.841361487904734,-36.841361487904734,-2.8162184440203917,-3.2224311404104315,-4.776926188774116,-4.573173755208648,-1.9870238567257836,-3.7375150896706146,-1.4346064256655637,-3.950935308714498,-12.385097973344326,-3.8107265082448643,-6.496878730580246,-2.5713984439481026,-36.841361487904734,-0.7291530113372029,-4.0164346270246964,-4.2443081778639975,-36.841361487904734,-0.9398133540903151,-2.3647231924523524,-3.0089368549394204,-0.7634201153712444,-2.770250499481972,-1.6500577551606481,-5.289160500275153,-0.50272259526326,-0.7342996961804534,-1.953861527043588,-9.153338633164108,-3.473477763744276,-4.40517599749884,-0.4443202163354843,-3.1818810263282438,-2.575670746315861,-36.841361487904734,-1.3388035936175724,-0.7685906708496874,-6.230494626678208,-2.2328168547687928,-0.6824904262179806,-1.2778212237255224,-0.49934756536223796,-8.75163112892054,-36.841361487904734,-2.7800358475261255,-5.519674495892416,-4.526886018161874,-4.470696703067013,-3.0030093000794094,-2.381312286489802,-0.29277126339060094,-2.627705820740106,-2.6633987827179912,-0.30873691274979653,-36.841361487904734,-1.2989363240987328,-1.6007149470948558,-0.2948438141566648,-0.6564404600195625,-5.856400284053476,-1.1875569720130394,-5.622065427797238,-3.6728991642976396
-7.049891846279587,-1.967538387032936,-3.216656332235232,-5.911968956656816,-3.488354526837544,0.04504731893856657,-1.7169292779458043,-4.161960114723411,-4.492676144344988,-1.2798038979584805,-5.470716656379396,-2.823031002401553,-5.7675404859799455,-36.841361487904734,-2.8964402415248385,-1.042892931307925,-3.0679087815328194,-4.542318145363223,-2.8139971759002482,-2.5280076086690992,-4.1399310102245765,-6.513315099435594,-0.35016092966840645,-5.5312492709543815,-5.946729422667796,-6.067769390962133,-6.743820257189998,-3.804067686043686,-0.9632178953535052,-0.5576141738615674,-1.5288977129717123,-1.6756876670926184,-2.8416206982376018,-2.8408240460378438,-2.9171831893155566,-8.672622218275167,-2.134188352685046,-0.24621242046441025,-1.905644591555826,-5.042621423698984,-1.8051788404555165,-1.818694326041302,-2.4145446331253657,-2.8996615518817452,-36.841361487904734,-36.841361487904734,-2.8162184440203917,-3.2224311404104315,-4.776926188774116,-4.573173755208648,-1.9870238567257836,-3.7375150896706146,-1.4346064256655637,-3.950935308714498,-12.385097973344326,-3.8107265082448643,-6.496878730580246,-2.5713984439481026,-36.841361487904734,-0.7291530113372029,-4.0164346270246964,-4.2443081778639975,-36.841361487904734,-0.9398133540903151,-2.3647231924523524,-3.0089368549394204,-0.7634201153712444,-2.770250499481972,-1.6500577551606481,-5.289160500275153,-0.50272259526326,-0.7342996961804534,-1.953861527043588,-9.153338633164108,-3.473477763744276,-4.40517599749884,-0.4443202163354843,-3.1818810263282438,-2.575670746315861,-36.841361487904734,-1.3388035936175724,-0.7685906708496874,-6.230494626678208,-2.2328168547687928,-0.6824904262179806,-1.2778212237255224,-0.49934756536223796,-8.75163112892054,-36.841361487904734,-2.7800358475261255,-5.519674495892416,-4.526886018161874,-4.470696703067013,-3.0030093000794094,-2.381312286489802,-0.29277126339060094,-2.627705820740106,-2.6633987827179912,-0.30873691274979653,-36.841361487904734,-1.2989363240987328,-1.6007149470948558,-0.2948438141566648,-0.6564404600195625,-5.856400284053476,-1.1875569720130394,-5.622065427797238,-3.6728991642976396
-7.049891846279587,-1.967538387032936,-3.216656332235232,-5.911968956656816,-3.488354526837544,0.04504731893856657,-1.7169292779458043,-4.161960114723411,-4.492676144344988,-1.2798038979584805,-5.470716656379396,-2.823031002401553,-5.7675404859799455,-36.841361487904734,-2.8964402415248385,-1.042892931307925,-3.0679087815328194,-4.542318145363223,-2.8139971759002482,-2.5280076086690992,-4.1399310102245765,-6.513315099435594,-0.35016092966840645,-5.5312492709543815,-5.946729422667796,-6.067769390962133,-6.743820257189998,-3.804067686043686,-0.9632178953535052,-0.5576141738615674,-1.5288977129717123,-1.6756876670926184,-2.8416206982376018,-2.8408240460378438,-2.9171831893155566,-8.672622218275167,-2.134188352685046,-0.24621242046441025,-1.905644591555826,-5.042621423698984,-1.8051788404555165,-1.818694326041302,-2.4145446331253657,-2.8996615518817452,-36.841361487904734,-36.841361487904734,-2.8162184440203917,-3.2224311404104315,-4.776926188774116,-4.573173755208648,-1.9870238567257836,-3.7375150896706146,-1.4346064256655637,-3.950935308714498,-12.385097973344326,-3.8107265082448643,-6.496878730580246,-2.5713984439481026,-36.841361487904734,-0.7291530113372029,-4.0164346270246964,-4.2443081778639975,-36.841361487904734,-0.9398133540903151,-2.3647231924523524,-3.0089368549394204,-0.7634201153712444,-2.770250499481972,-1.6500577551606481,-5.289160500275153,-0.50272259526326,-0.7342996961804534,-1.953861527043588,-9.153338633164108,-3.473477763744276,-4.40517599749884,-0.4443202163354843,-3.1818810263282438,-2.575670746315861,-36.841361487904734,-1.3388035936175724,-0.7685906708496874,-6.230494626678208,-2.2328168547687928,-0.6824904262179806,-1.2778212237255224,-0.49934756536223796,-8.75163112892054,-36.841361487904734,-2.7800358475261255,-5.519674495892416,-4.526886018161874,-4.470696703067013,-3.0030093000794094,-2.381312286489802,-0.29277126339060094,-2.627705820740106,-2.6633987827179912,-0.30873691274979653,-36.841361487904734,-1.2989363240987328,-1.6007149470948558,-0.2948438141566648,-0.6564404600195625,-5.856400284053476,-1.1875569720130394,-5.622065427797238,-3.6728991642976396
-7.049891846279587,-1.967538387032936,-3.216656332235232,-5.911968956656816,-3.488354526837544,0.04504731893856657,-1.7169292779458043,-4.161960114723411,-4.492676144344988,-1.2798038979584805,-5.470716656379396,-2.823031002401553,-5.7675404859799455,-36.841361487904734,-2.8964402415248385,-1.042892931307925,-3.0679087815328194,-4.542318145363223,-2.8139971759002482,-2.5280076086690992,-4.1399310102245765,-6.513315099435594,-0.35016092966840645,-5.5312492709543815,-5.946729422667796,-6.067769390962133,-6.743820257189998,-3.804067686043686,-0.9632178953535052,-0.5576141738615674,-1.5288977129717123,-1.6756876670926184,-2.8416206982376018,-2.8408240460378438,-2.9171831893155566,-8.672622218275167,-2.134188352685046,-0.24621242046441025,-1.905644591555826,-5.042621423698984,-1.8051788404555165,-1.818694326041302,-2.4145446331253657,-2.8996615518817452,-36.841361487904734,-36.841361487904734,-2.8162184440203917,-3.2224311404104315,-4.776926188774116,-4.573173755208648,-1.9870238567257836,-3.7375150896706146,-1.4346064256655637,-3.950935308714498,-12.385097973344326,-3.8107265082448643,-6.496878730580246,-2.5713984439481026,-36.841361487904734,-0.7291530113372029,-4.0164346270246964,-4.2443081778639975,-36.841361487904734,-0.9398133540903151,-2.3647231924523524,-3.0089368549394204,-0.7634201153712444,-2.770250499481972,-1.6500577551606481,-5.289160500275153,-0.50272259526326,-0.7342996961804534,-1.953861527043588,-9.153338633164108,-3.473477763744276,-4.40517599749884,-0.4443202163354843,-3.1818810263282438,-2.575670746315861,-36.841361487904734,-1.3388035936175724,-0.7685906708496874,-6.230494626678208,-2.2328168547687928,-0.6824904262179806,-1.2778212237255224,-0.49934756536223796,-8.75163112892054,-36.841361487904734,-2.7800358475261255,-5.519674495892416,-4.526886018161874,-4.470696703067013,-3.0030093000794094,-2.381312286489802,-0.29277126339060094,-2.627705820740106,-2.6633987827179912,-0.30873691274979653,-36.841361487904734,-1.2989363240987328,-1.6007149470948558,-0.2948438141566648,-0.6564404600195625,-5.856400284053476,-1.1875569720130394,-5.622065427797238,-3.6728991642976396
-5.508565924462205,-1.5363066685470868,-3.7935954496520665,-4.4166126186758285,-3.577650812914305,-1.396167579462298,-2.015905186922837,-1.9028794745192024,-1.9679396205516941,-1.4005955946479067,-5.05294195931429,-4.118799656997758,-24.192367772003177,-36.841361487904734,-3.0382087393351087,-1.882443230593345,-0.7923549409054458,-5.2258919063363845,-2.291193962059138,-4.3120433726015674,-3.947864395332269,-7.552035630837401,-0.4140946676302409,-5.587244651453965,-2.714200782556348,-3.8406775918159313,-4.775290961979557,-1.7258334293735402,-0.9450665805854332,-0.9576737452659095,-0.5553132371568174,-2.2753490283786655,-3.087381147589523,-2.3911595948645505,-2.302239230238249,-8.945959752929815,-2.1752084681512724,-0.12114648175470735,-1.5101975341252802,-3.3338433557371974,-1.9104812609923612,-1.5241665193448661,-2.6311615260088983,-1.9608831381640635,-36.841361487904734,-36.841361487904734,-3.7500229120728363,-3.1098644676194858,-3.4097871446770234,-5.651924843043561,-2.4208573327390623,-2.9332781613333117,-2.721343968204316,-4.346830742230505,-11.577337233905238,-3.1760989061615272,-5.929660177930859,-0.8608381416919502,-36.841361487904734,-0.923778977527943,-3.5949293607633,-2.7657470120829277,-36.841361487904734,-1.0030778913270937,-2.846359507724135,-2.5819522883651214,-0.5786306877296304,-2.6551524751090043,-1.5955316424779424,-22.324262287097724,-0.5718685602723577,-1.2098162271366464,-2.5301468627459354,-6.840974189852483,-2.7965620579153927,-4.673797370622956,-0.5749582288405498,-4.843683582401211,-2.7778168312688303,-36.841361487904734,-1.108456901289823,-0.7281748369175064,-7.022372557595051,-2.6328824656458596,-1.8646995987867936,-0.954581203022953,-0.3796685686895369,-29.429675495779154,-36.841361487904734,-2.8012082524871342,-3.571465836229236,-2.2619278984883198,-3.99977015095283,-2.437141310524957,-1.7810201308073135,-0.3555669586075953,-2.175986388067356,-2.885062074782834,-0.3640896443544742,-36.841361487904734,-1.5887110924220473,-1.7290347976662235,-0.12157876576150362,-0.9673119670060493,-4.258730361791505,-1.6114408672197476,-5.415704290059643,-3.0954351037291583
-5.508565924462205,-1.5363066685470868,-3.7935954496520665,-4.4166126186758285,-3.577650812914305,-1.396167579462298,-2.015905186922837,-1.9028794745192024,-1.9679396205516941,-1.4005955946479067,-5.05294195931429,-4.118799656997758,-24.192367772003177,-36.841361487904734,-3.0382087393351087,-1.882443230593345,-0.7923549409054458,-5.2258919063363845,-2.291193962059138,-4.3120433726015674,-3.947864395332269,-7.552035630837401,-0.4140946676302409,-5.587244651453965,-2.714200782556348,-3.8406775918159313,-4.775290961979557,-1.7258334293735402,-0.9450665805854332,-0.9576737452659095,-0.5553132371568174,-2.2753490283786655,-3.087381147589523,-2.3911595948645505,-2.302239230238249,-8.945959752929815,-2.1752084681512724,-0.12114648175470735,-1.5101975341252802,-3.3338433557371974,-1.9104812609923612,-1.5241665193448661,-2.6311615260088983,-1.9608831381640635,-36.841361487904734,-36.841361487904734,-3.7500229120728363,-3.1098644676194858,-3.4097871446770234,-5.651924843043561,-2.4208573327390623,-2.9332781613333117,-2.721343968204316,-4.346830742230505,-11.577337233905238,-3.1760989061615272,-5.929660177930859,-0.8608381416919502,-36.841361487904734,-0.923778977527943,-3.5949293607633,-2.7657470120829277,-36.841361487904734,-1.0030778913270937,-2.846359507724135,-2.5819522883651214,-0.5786306877296304,-2.6551524751090043,-1.5955316424779424,-22.324262287097724,-0.5718685602723577,-1.2098162271366464,-2.5301468627459354,-6.840974189852483,-2.7965620579153927,-4.673797370622956,-0.5749582288405498,-4.843683582401211,-2.7778168312688303,-36.841361487904734,-1.108456901289823,-0.7281748369175064,-7.022372557595051,-2.6328824656458596,-1.8646995987867936,-0.954581203022953,-0.3796685686895369,-29.429675495779154,-36.841361487904734,-2.8012082524871342,-3.571465836229236,-2.2619278984883198,-3.99977015095283,-2.437141310524957,-1.7810201308073135,-0.3555669586075953,-2.175986388067356,-2.885062074782834,-0.3640896443544742,-36.841361487904734,-1.5887110924220473,-1.7290347976662235,-0.12157876576150362,-0.9673119670060493,-4.258730361791505,-1.6114408672197476,-5.415704290059643,-3.0954351037291583
-5.508565924462205,-1.5363066685470868,-3.7935954496520665,-4.4166126186758285,-3.577650812914305,-1.396167579462298,-2.015905186922837,-1.9028794745192024,-1.9679396205516941,-1.4005955946479067,-5.05294195931429,-4.118799656997758,-24.192367772003177,-36.841361487904734,-3.0382087393351087,-1.882443230593345,-0.7923549409054458,-5.2258919063363845,-2.291193962059138,-4.3120433726015674,-3.947864395332269,-7.552035630837401,-0.4140946676302409,-5.587244651453965,-2.714200782556348,-3.8406775918159313,-4.775290961979557,-1.7258334293735402,-0.9450665805854332,-0.9576737452659095,-0.5553132371568174,-2.2753490283786655,-3.087381147589523,-2.3911595948645505,-2.302239230238249,-8.945959752929815,-2.1752084681512724,-0.12114648175470735,-1.5101975341252802,-3.3338433557371974,-1.9104812609923612,-1.5241665193448661,-2.6311615260088983,-1.9608831381640635,-36.841361487904734,-36.841361487904734,-3.7500229120728363,-3.1098644676194858,-3.4097871446770234,-5.651924843043561,-2.4208573327390623,-2.9332781613333117,-2.721343968204316,-4.346830742230505,-11.577337233905238,-3.1760989061615272,-5.929660177930859,-0.8608381416919502,-36.841361487904734,-0.923778977527943,-3.5949293607633,-2.7657470120829277,-36.841361487904734,-1.0030778913270937,-2.846359507724135,-2.5819522883651214,-0.5786306877296304,-2.6551524751090043,-1.5955316424779424,-22.324262287097724,-0.5718685602723577,-1.2098162271366464,-2.5301468627459354,-6.840974189852483,-2.7965620579153927,-4.673797370622956,-0.5749582288405498,-4.843683582401211,-2.7778168312688303,-36.841361487904734,-1.108456901289823,-0.7281748369175064,-7.022372557595051,-2.6328824656458596,-1.8646995987867936,-0.954581203022953,-0.3796685686895369,-29.429675495779154,-36.841361487904734,-2.8012082524871342,-3.571465836229236,-2.2619278984883198,-3.99977015095283,-2.437141310524957,-1.7810201308073135,-0.3555669586075953,-2.175986388067356,-2.885062074782834,-0.3640896443544742,-36.841361487904734,-1.5887110924220473,-1.7290347976662235,-0.12157876576150362,-0.9673119670060493,-4.258730361791505,-1.6114408672197476,-5.415704290059643,-3.0954351037291583
-4.557641464663148,-1.8575485116821926,-2.1435005819027912,-5.753957360920421,-2.9680471939151314,-2.626925667367921,-3.359398006468383,-2.531823436192936,-1.491905628154691,-1.5255493928281207,-1.234982116389337,-2.689338974987163,-7.331757999773825,-36.841361487904734,-2.640688119898039,-2.124848119572369,0.4802700330677559,-3.7441852569140655,-1.8142154564306294,-5.199080902423674,-3.3746148798353977,-9.690932501105788,-0.1207845234055052,-2.2267593046263636,-0.5224988145561741,-2.1400100510904054,-4.925869318192862,-0.113626715910514,-0.7876518466337002,-2.6615913665348656,-0.8106091562899677,-2.7977573926336343,-2.6716013825063163,-1.6361995011683017,-2.089103797421602,-4.8350092996607605,-1.2143048493185835,-0.5800730963871172,-1.3832578764723813,-0.5652927567508209,-1.7144258310160185,-0.9082522992904796,-2.286470430473587,-1.1558664851276594,-36.841361487904734,-36.841361487904734,-3.5385894720029216,-3.2749535718170217,-1.7640872117732511,-5.619382103691785,-1.9500442714214379,-1.7550346645888035,-3.1748473537785054,-2.238369057961517,-17.086457528651767,-5.099909804889643,-5.66709212002438,-2.47749336107842,-36.841361487904734,-0.9682615177706921,-3.5110211849996156,-2.758861082478343,-36.841361487904734,-1.4668648731692702,-2.2177378194767687,-2.3270845249117973,-0.7708516057158634,-1.8790666515433623,-1.4332772548730464,-5.502777107058271,-0.1495874032193929,-1.3332990220522352,-1.7132643876722307,-3.8655527643731964,-2.946140536128833,-4.111334330706704,-0.7092499737821154,-5.358186275800385,-2.4466290708128073,-36.841361487904734,-0.8702982752086965,-0.4005365623737607,-5.685117440664398,-2.179967543851904,-1.973177294147552,-1.1849321811272038,-0.6627329739718515,-5.519722366083387,-36.841361487904734,-2.4548174090602766,-2.5291342987086094,-0.7979182914479966,-2.8047228078126865,-2.3033531228278616,-0.5965779959962249,-0.6687191225060264,-2.7421521444632098,-2.4785049764073137,-0.3537770204872747,-36.841361487904734,-1.3393008786015241,-1.5144299076529624,0.1498434563859713,-1.215042991044699,-4.45964391375963,-1.733825086455511,-5.3605527611241675,-4.574387499146311
-4.557641464663148,-1.8575485116821926,-2.1435005819027912,-5.753957360920421,-2.9680471939151314,-2.626925667367921,-3.359398006468383,-2.531823436192936,-1.491905628154691,-1.5255493928281207,-1.234982116389337,-2.689338974987163,-7.331757999773825,-36.841361487904734,-2.640688119898039,-2.124848119572369,0.4802700330677559,-3.7441852569140655,-1.8142154564306294,-5.199080902423674,-3.3746148798353977,-9.690932501105788,-0.1207845234055052,-2.2267593046263636,-0.5224988145561741,-2.1400100510904054,-4.925869318192862,-0.113626715910514,-0.7876518466337002,-2.6615913665348656,-0.8106091562899677,-2.7977573926336343,-2.6716013825063163,-1.6361995011683017,-2.089103797421602,-4.8350092996607605,-1.2143048493185835,-0.5800730963871172,-1.3832578764723813,-0.5652927567508209,-1.7144258310160185,-0.9082522992904796,-2.286470430473587,-1.1558664851276594,-36.841361487904734,-36.841361487904734,-3.5385894720029216,-3.2749535718170217,-1.7640872117732511,-5.619382103691785,-1.9500442714214379,-1.7550346645888035,-3.1748473537785054,-2.238369057961517,-17.086457528651767,-5.099909804889643,-5.66709212002438,-2.47749336107842,-36.841361487904734,-0.9682615177706921,-3.5110211849996156,-2.758861082478343,-36.841361487904734,-1.4668648731692702,-2.2177378194767687,-2.3270845249117973,-0.7708516057158634,-1.8790666515433623,-1.4332772548730464,-5.502777107058271,-0.1495874032193929,-1.3332990220522352,-1.7132643876722307,-3.8655527643731964,-2.946140536128833,-4.111334330706704,-0.7092499737821154,-5.358186275800385,-2.4466290708128073,-36.841361487904734,-0.8702982752086965,-0.4005365623737607,-5.685117440664398,-2.179967543851904,-1.973177294147552,-1.1849321811272038,-0.6627329739718515,-5.519722366083387,-36.841361487904734,-2.4548174090602766,-2.5291342987086094,-0.7979182914479966,-2.8047228078126865,-2.3033531228278616,-0.5965779959962249,-0.6687191225060264,-2.7421521444632098,-2.4785049764073137,-0.3537770204872747,-36.841361487904734,-1.3393008786015241,-1.5144299076529624,0.1498434563859713,-1.215042991044699,-4.45964391375963,-1.733825086455511,-5.3605527611241675,-4.574387499146311
-4.790121794477677,-2.6646455307028867,-2.5477572700290203,-5.823102858364526,-2.1613020339799816,-4.068022031649275,-3.40378954922344,-1.9853066751533466,-0.8558930711719216,-1.0285774330993918,-1.738642167037792,-2.881157508623667,-13.35389727536749,-36.841361487904734,-2.1970462465549994,-1.7850220599194244,-2.000088471417936,-3.7255403007661787,-2.2151925479095973,-1.1947871044276468,-6.229772186294777,-8.828617318307995,0.04141502616920342,-4.577030720270182,-0.258952180634619,-3.343655583844123,-7.246806379226461,-1.5540670564878234,-2.88485048326851,-2.6451255686645045,-3.569503816445229,-3.820027962989687,-3.305594937757412,-2.947834644654596,-2.493352336406413,-3.837370594817001,-1.9427957344915143,-1.9665443697692795,-2.5728115049995197,-2.7599969871155463,-1.410286924718353,-0.9286000908746117,-1.3278666541403354,-2.2629977780284016,-36.841361487904734,-36.841361487904734,-3.4519990718012465,-4.393292769610779,-5.060651162040327,-4.526739075288896,-1.135703320442897,-4.261053664958594,-3.861576761868103,-6.2964675806590105,-6.910089142992558,-2.4104086738631025,-4.76102341811567,-3.399309116721662,-36.841361487904734,-0.29426305074351883,-5.206155575964958,-5.122546890443867,-36.841361487904734,-1.3520233835155575,-4.376615254043057,-1.6828675012465557,-1.266551526574118,-2.0475495313582437,-1.2109358893752185,-6.050906756161453,-0.5591415809382414,-0.7494774420768183,-1.6001052321072622,-6.798250590117612,-2.4084478130699467,-3.5868788939439127,-0.4333097432368505,-4.808685779337055,-2.224761245341396,-36.841361487904734,-1.1279886667212353,-0.6280655939974847,-6.62077905071644,-2.4264995306417525,-1.3971681372979101,-0.8907644111232778,-0.4384657414356123,-12.606882377397394,-36.841361487904734,-2.875676729494075,-5.734528375214992,-3.684199022753638,-5.436588723059481,-2.5715140183721363,-2.531258954233288,-0.7715494509210546,-2.433794332948063,-2.913863428723115,-0.486963438954888,-36.841361487904734,-1.092296587293417,-1.3928568335447493,-0.036229417271099525,-0.8639632174096828,-6.288594817849336,-1.2477770374842216,-6.852486139058512,-4.750330838763969
-5.956193646470468,-1.8164710871193965,-2.283668734966043,-5.171359056700494,-0.802734532761186,-2.809197930827901,-2.5131393246272236,-2.6296259147283334,0.2802530007199996,-0.9477718102967787,-2.5181172117528137,-3.568143492928865,-36.84000391813418,-36.841361487904734,-1.9198550105737584,-1.5530494697044477,0.4141426597302376,-3.1092488135938936,-2.3970253000179578,0.3533841209974126,-5.688114802469345,-4.8282953190050195,0.866307658901279,-4.070001444719913,-0.6541959007136888,-6.380583446705754,-6.550800589605195,-1.4174431771312082,-1.8577109397844427,-0.29743354635424035,-2.909797631152639,-1.2620431300059052,-2.8270621866255525,-2.9934794880796725,-2.6812101211527226,-2.4120056957972658,-2.108614733641732,-0.5352629566395848,-2.7161494930140218,-4.250372631900902,-2.0809857973790056,-1.1815909919736283,-2.0626377529169853,-2.1971075310065453,-36.841361487904734,-36.841361487904734,-1.2444121400928971,-1.2268197235773501,-4.538397359946628,-3.885483395780148,-0.7354190084421378,-3.1693065313603768,-3.67936995478078,-3.1673307027188935,-5.889902248266982,-1.16127728572704,-2.365752622521431,-2.2227726558257723,-36.841361487904734,0.339081878628647,-5.080220780824959,-4.525303768282409,-36.841361487904734,-1.6261547804783767,-2.993477792268968,-1.6483180791052694,-0.5793246615189401,-2.3103746327787706,-0.5633816451085576,-4.081903850730599,-1.0046013960083024,-0.3205398181251124,-1.8327793028864834,-3.9253279412507,-3.292902654758546,-4.5094305132990025,-0.1849154375911321,-5.038147650425151,-1.5072146645279603,-36.841361487904734,-1.4695130342264489,-0.523206773343092,-5.209719644877896,-3.278219400315616,-2.540278485075125,-1.3444363317731571,-1.0682789581963743,-36.84060518104876,-36.841361487904734,-2.7807923742714706,-7.2562941868073585,-5.276506036778167,-4.5747852761758505,-2.7803393833411554,-2.973342526068594,-0.9836014638830113,-2.0096827106492006,-3.045816971141819,-0.887080467266551,-36.841361487904734,-1.1603331453277566,-1.394644391367327,-0.46986565967745764,-0.8660421909977271,-4.502917439256154,-2.243492296678018,-3.7192810561251064,-4.293387687984011
-5.956193646470468,-1.8164710871193965,-2.283668734966043,-5.171359056700494,-0.802734532761186,-2.809197930827901,-2.5131393246272236,-2.6296259147283334,0.2802530007199996,-0.9477718102967787,-2.5181172117528137,-3.568143492928865,-36.84000391813418,-36.841361487904734,-1.9198550105737584,-1.5530494697044477,0.4141426597302376,-3.1092488135938936,-2.3970253000179578,0.3533841209974126,-5.688114802469345,-4.8282953190050195,0.866307658901279,-4.070001444719913,-0.6541959007136888,-6.380583446705754,-6.550800589605195,-1.4174431771312082,-1.8577109397844427,-0.29743354635424035,-2.909797631152639,-1.2620431300059052,-2.8270621866255525,-2.9934794880796725,-2.6812101211527226,-2.4120056957972658,-2.108614733641732,-0.5352629566395848,-2.7161494930140218,-4.250372631900902,-2.0809857973790056,-1.1815909919736283,-2.0626377529169853,-2.1971075310065453,-36.841361487904734,-36.841361487904734,-1.2444121400928971,-1.2268197235773501,-4.538397359946628,-3.885483395780148,-0.7354190084421378,-3.1693065313603768,-3.67936995478078,-3.1673307027188935,-5.889902248266982,-1.16127728572704,-2.365752622521431,-2.2227726558257723,-36.841361487904734,0.339081878628647,-5.080220780824959,-4.525303768282409,-36.841361487904734,-1.6261547804783767,-2.993477792268968,-1.6483180791052694,-0.5793246615189401,-2.3103746327787706,-0.5633816451085576,-4.081903850730599,-1.0046013960083024,-0.3205398181251124,-1.8327793028864834,-3.9253279412507,-3.292902654758546,-4.5094305132990025,-0.1849154375911321,-5.038147650425151,-1.5072146645279603,-36.841361487904734,-1.4695130342264489,-0.523206773343092,-5.209719644877896,-3.278219400315616,-2.540278485075125,-1.3444363317731571,-1.0682789581963743,-36.84060518104876,-36.841361487904734,-2.7807923742714706,-7.2562941868073585,-5.276506036778167,-4.5747852761758505,-2.7803393833411554,-2.973342526068594,-0.9836014638830113,-2.0096827106492006,-3.045816971141819,-0.887080467266551,-36.841361487904734,-1.1603331453277566,-1.394644391367327,-0.46986565967745764,-0.8660421909977271,-4.502917439256154,-2.243492296678018,-3.7192810561251064,-4.293387687984011
-5.929316227702469,-1.7603652975620079,-1.8441878792565838,-6.34770150138025,-1.9956531991943007,-2.838755555105919,-1.6758814410401748,-5.5498534500485635,-2.6764190599191293,-1.1453167338933858,-2.5413229399686568,-2.540098499378265,-10.662665027476809,-36.841361487904734,-2.7394309392611333,-0.9637795939028646,-2.215606484846788,-3.040062231639181,-3.0163815547534445,-0.2711512174434205,-6.770403944103316,-5.367439691600108,-0.2785332587612899,-6.4571523773198,-1.8880937754712521,-5.107101422206195,-6.436422027064939,-2.460673559536544,-1.4682337969934265,-0.4850225670161603,-3.2058593190529647,-2.5049993326308,-3.0980568606288004,-3.5279159167228435,-1.2978216630525095,-2.6467140633366686,-1.8386514214848821,-1.0996503012458785,-2.0493851982250946,-4.714256589884285,-1.848300797777299,-1.1017895671665698,-1.8876191154020794,-2.6364087294516927,-36.841361487904734,-36.841361487904734,-2.601642671783791,-3.513748638729539,-5.2037035783631485,-5.7610617406830995,-1.6818709667888572,-4.150011080472556,-1.7038309757346208,-5.073578151820617,-12.04147428130781,-2.555296243781146,-25.207816273041285,-1.4151232971914864,-36.841361487904734,-0.39445335555105737,-4.235763076220267,-7.349984834593964,-36.841361487904734,-1.2219551218770583,-2.9785494370591348,-2.4493878059793666,-1.4066421948527363,-3.1672050277456205,-1.3061865333905278,-4.287970809050426,-0.8165502211565895,-0.7353316005677799,-2.09748478533224,-3.4380791962830144,-3.4309090775021223,-4.332427186270641,-0.3376758286025786,-3.9236896148462983,-1.995703562691229,-36.841361487904734,-1.32561742605035,-0.6259532309606615,-5.515849396405468,-2.5004566936015653,-1.2236100028594716,-1.1967428247151588,-0.5998016773679943,-7.485790627698554,-36.841361487904734,-2.6920277555822496,-26.29025336472647,-4.34130264846504,-3.8570612690099937,-2.5630426204948713,-2.302113742084386,0.002692380110471528,-2.252549083124404,-2.1885230926793526,-0.2955976053854582,-36.841361487904734,-1.288801504886186,-1.6433333657105624,-0.04241573165216401,-0.24122296747240385,-6.767445813219529,-1.3039532633816695,-5.738936547523095,-4.426058088223715
-6.524306680757737,-1.5698824614517117,-3.686787716119051,-5.879428785588676,-3.732115275826074,-0.20519499777077296,-0.9686192147984459,-5.100087698724253,-4.56547907446246,-1.424960317778653,-1.7144472807724913,-2.2422639006024077,-14.232835152898732,-36.841361487904734,-2.081842916968688,-1.5746340029268657,-0.25775151973195526,-3.2456832398875313,-3.8995208777358643,-0.7876633362532267,-6.920278273359235,-6.518669642169261,-0.18984634620332513,-5.081532607833184,-2.847073278143841,-5.697344223145525,-7.286837070679559,-3.3627776791947275,-1.6203783617758227,-1.1304788105183228,-1.7614208868136438,-2.1027747202349487,-3.814865457569225,-3.222629235598426,-1.3190288316187506,-6.141278368455172,-2.325574175429891,-0.11835074513594121,-2.00879397143018,-5.112489161748903,-2.0955215157713902,-1.0167312574452274,-2.683967540454344,-3.5514033856763585,-36.841361487904734,-36.841361487904734,-2.3061041024989724,-3.527010608868949,-5.122780300998753,-6.001308111158958,-1.4675418507899214,-3.939730233332132,-2.8964216051508647,-2.979821631110849,-9.316732853544302,-7.145356408347658,-5.874785688127352,-1.6998301924078052,-36.841361487904734,-0.6617013645071644,-4.189352177257745,-6.81451288570604,-36.841361487904734,-0.6505388548669825,-2.3111891779844687,-2.8625650138227408,-1.1752651896554125,-2.843481650737281,-0.8984688236314704,-6.690374458192636,-0.7584369497431582,-0.7453975660876107,-2.473214649353421,-5.2135576481288055,-4.6263507009887,-4.907230412400722,-0.31933804883614625,-3.6103983285417436,-1.9899851655885317,-36.841361487904734,-1.4383497441951214,-0.7440848366771814,-6.744668929335248,-2.325624054827031,-1.411951359943084,-1.0609486679390778,-0.4119361316447548,-36.51486020556334,-36.841361487904734,-2.565423585239822,-4.027755036045965,-3.130259013113229,-3.9419688493538256,-2.942995638304313,-2.113111834001262,-0.35463642241637655,-2.116917126952429,-2.95193355043763,-0.39345251063250414,-36.841361487904734,-1.5120952665966787,-1.8943744147461086,-0.5122835403300862,-1.1759485455252934,-6.921123024781447,-1.3512970647783027,-6.061620914774241,-2.751426982675564
-7.049891846279587,-1.967538387032936,-3.216656332235232,-5.911968956656816,-3.488354526837544,0.04504731893856657,-1.7169292779458043,-4.161960114723411,-4.492676144344988,-1.2798038979584805,-5.470716656379396,-2.823031002401553,-5.7675404859799455,-36.841361487904734,-2.8964402415248385,-1.042892931307925,-3.0679087815328194,-4.542318145363223,-2.8139971759002482,-2.5280076086690992,-4.1399310102245765,-6.513315099435594,-0.35016092966840645,-5.5312492709543815,-5.946729422667796,-6.067769390962133,-6.743820257189998,-3.804067686043686,-0.9632178953535052,-0.5576141738615674,-1.5288977129717123,-1.6756876670926184,-2.8416206982376018,-2.8408240460378438,-2.9171831893155566,-8.672622218275167,-2.134188352685046,-0.24621242046441025,-1.905644591555826,-5.042621423698984,-1.8051788404555165,-1.818694326041302,-2.4145446331253657,-2.8996615518817452,-36.841361487904734,-36.841361487904734,-2.8162184440203917,-3.2224311404104315,-4.776926188774116,-4.573173755208648,-1.9870238567257836,-3.7375150896706146,-1.4346064256655637,-3.950935308714498,-12.385097973344326,-3.8107265082448643,-6.496878730580246,-2.5713984439481026,-36.841361487904734,-0.7291530113372029,-4.0164346270246964,-4.2443081778639975,-36.841361487904734,-0.9398133540903151,-2.3647231924523524,-3.0089368549394204,-0.7634201153712444,-2.770250499481972,-1.6500577551606481,-5.289160500275153,-0.50272259526326,-0.7342996961804534,-1.953861527043588,-9.153338633164108,-3.473477763744276,-4.40517599749884,-0.4443202163354843,-3.1818810263282438,-2.575670746315861,-36.841361487904734,-1.3388035936175724,-0.7685906708496874,-6.230494626678208,-2.2328168547687928,-0.6824904262179806,-1.2778212237255224,-0.49934756536223796,-8.75163112892054,-36.841361487904734,-2.7800358475261255,-5.519674495892416,-4.526886018161874,-4.470696703067013,-3.0030093000794094,-2.381312286489802,-0.29277126339060094,-2.627705820740106,-2.6633987827179912,-0.30873691274979653,-36.841361487904734,-1.2989363240987328,-1.6007149470948558,-0.2948438141566648,-0.6564404600195625,-5.856400284053476,-1.1875569720130394,-5.622065427797238,-3.6728991642976396
-7.049891846279587,-1.967538387032936,-3.216656332235232,-5.911968956656816,-3.488354526837544,0.04504731893856657,-1.7169292779458043,-4.161960114723411,-4.492676144344988,-1.2798038979584805,-5.470716656379396,-2.823031002401553,-5.7675404859799455,-36.841361487904734,-2.8964402415248385,-1.042892931307925,-3.0679087815328194,-4.542318145363223,-2.8139971759002482,-2.5280076086690992,-4.1399310102245765,-6.513315099435594,-0.35016092966840645,-5.5312492709543815,-5.946729422667796,-6.067769390962133,-6.743820257189998,-3.804067686043686,-0.9632178953535052,-0.5576141738615674,-1.5288977129717123,-1.6756876670926184,-2.8416206982376018,-2.8408240460378438,-2.9171831893155566,-8.672622218275167,-2.134188352685046,-0.24621242046441025,-1.905644591555826,-5.042621423698984,-1.8051788404555165,-1.818694326041302,-2.4145446331253657,-2.8996615518817452,-36.841361487904734,-36.841361487904734,-2.8162184440203917,-3.2224311404104315,-4.776926188774116,-4.573173755208648,-1.9870238567257836,-3.7375150896706146,-1.4346064256655637,-3.950935308714498,-12.385097973344326,-3.8107265082448643,-6.496878730580246,-2.5713984439481026,-36.841361487904734,-0.7291530113372029,-4.0164346270246964,-4.2443081778639975,-36.841361487904734,-0.9398133540903151,-2.3647231924523524,-3.0089368549394204,-0.7634201153712444,-2.770250499481972,-1.6500577551606481,-5.289160500275153,-0.50272259526326,-0.7342996961804534,-1.953861527043588,-9.153338633164108,-3.473477763744276,-4.40517599749884,-0.4443202163354843,-3.1818810263282438,-2.575670746315861,-36.841361487904734,-1.3388035936175724,-0.7685906708496874,-6.230494626678208,-2.2328168547687928,-0.6824904262179806,-1.2778212237255224,-0.49934756536223796,-8.75163112892054,-36.841361487904734,-2.7800358475261255,-5.519674495892416,-4.526886018161874,-4.470696703067013,-3.0030093000794094,-2.381312286489802,-0.29277126339060094,-2.627705820740106,-2.6633987827179912,-0.30873691274979653,-36.841361487904734,-1.2989363240987328,-1.6007149470948558,-0.2948438141566648,-0.6564404600195625,-5.856400284053476,-1.1875569720130394,-5.622065427797238,-3.6728991642976396
-7.049891846279587,-1.967538387032936,-3.216656332235232,-5.911968956656816,-3.488354526837544,0.04504731893856657,-1.7169292779458043,-4.161960114723411,-4.492676144344988,-1.2798038979584805,-5.470716656379396,-2.823031002401553,-5.7675404859799455,-36.841361487904734,-2.8964402415248385,-1.042892931307925,-3.0679087815328194,-4.542318145363223,-2.8139971759002482,-2.5280076086690992,-4.1399310102245765,-6.513315099435594,-0.35016092966840645,-5.5312492709543815,-5.946729422667796,-6.067769390962133,-6.743820257189998,-3.804067686043686,-0.9632178953535052,-0.5576141738615674,-1.5288977129717123,-1.6756876670926184,-2.8416206982376018,-2.8408240460378438,-2.9171831893155566,-8.672622218275167,-2.134188352685046,-0.24621242046441025,-1.905644591555826,-5.042621423698984,-1.8051788404555165,-1.818694326041302,-2.4145446331253657,-2.8996615518817452,-36.841361487904734,-36.841361487904734,-2.8162184440203917,-3.2224311404104315,-4.776926188774116,-4.573173755208648,-1.9870238567257836,-3.7375150896706146,-1.4346064256655637,-3.950935308714498,-12.385097973344326,-3.8107265082448643,-6.496878730580246,-2.5713984439481026,-36.841361487904734,-0.7291530113372029,-4.0164346270246964,-4.2443081778639975,-36.841361487904734,-0.9398133540903151,-2.3647231924523524,-3.0089368549394204,-0.7634201153712444,-2.770250499481972,-1.6500577551606481,-5.289160500275153,-0.50272259526326,-0.7342996961804534,-1.953861527043588,-9.153338633164108,-3.473477763744276,-4.40517599749884,-0.4443202163354843,-3.1818810263282438,-2.575670746315861,-36.841361487904734,-1.3388035936175724,-0.7685906708496874,-6.230494626678208,-2.2328168547687928,-0.6824904262179806,-1.2778212237255224,-0.49934756536223796,-8.75163112892054,-36.841361487904734,-2.7800358475261255,-5.519674495892416,-4.526886018161874,-4.470696703067013,-3.0030093000794094,-2.381312286489802,-0.29277126339060094,-2.627705820740106,-2.6633987827179912,-0.30873691274979653,-36.841361487904734,-1.2989363240987328,-1.6007149470948558,-0.2948438141566648,-0.6564404600195625,-5.856400284053476,-1.1875569720130394,-5.622065427797238,-3.6728991642976396
-7.049891846279587,-1.967538387032936,-3.216656332235232,-5.911968956656816,-3.488354526837544,0.04504731893856657,-1.7169292779458043,-4.161960114723411,-4.492676144344988,-1.2798038979584805,-5.470716656379396,-2.823031002401553,-5.7675404859799455,-36.841361487904734,-2.8964402415248385,-1.042892931307925,-3.0679087815328194,-4.542318145363223,-2.8139971759002482,-2.5280076086690992,-4.1399310102245765,-6.513315099435594,-0.35016092966840645,-5.5312492709543815,-5.946729422667796,-6.067769390962133,-6.743820257189998,-3.804067686043686,-0.9632178953535052,-0.5576141738615674,-1.5288977129717123,-1.6756876670926184,-2.8416206982376018,-2.8408240460378438,-2.9171831893155566,-8.672622218275167,-2.134188352685046,-0.24621242046441025,-1.905644591555826,-5.042621423698984,-1.8051788404555165,-1.818694326041302,-2.4145446331253657,-2.8996615518817452,-36.841361487904734,-36.841361487904734,-2.8162184440203917,-3.2224311404104315,-4.776926188774116,-4.573173755208648,-1.9870238567257836,-3.7375150896706146,-1.4346064256655637,-3.950935308714498,-12.385097973344326,-3.8107265082448643,-6.496878730580246,-2.5713984439481026,-36.841361487904734,-0.7291530113372029,-4.0164346270246964,-4.2443081778639975,-36.841361487904734,-0.9398133540903151,-2.3647231924523524,-3.0089368549394204,-0.7634201153712444,-2.770250499481972,-1.6500577551606481,-5.289160500275153,-0.50272259526326,-0.7342996961804534,-1.953861527043588,-9.153338633164108,-3.473477763744276,-4.40517599749884,-0.4443202163354843,-3.1818810263282438,-2.575670746315861,-36.841361487904734,-1.3388035936175724,-0.7685906708496874,-6.230494626678208,-2.2328168547687928,-0.6824904262179806,-1.2778212237255224,-0.49934756536223796,-8.75163112892054,-36.841361487904734,-2.7800358475261255,-5.519674495892416,-4.526886018161874,-4.470696703067013,-3.0030093000794094,-2.381312286489802,-0.29277126339060094,-2.627705820740106,-2.6633987827179912,-0.30873691274979653,-36.841361487904734,-1.2989363240987328,-1.6007149470948558,-0.2948438141566648,-0.6564404600195625,-5.856400284053476,-1.1875569720130394,-5.622065427797238,-3.6728991642976396
-7.049891846279587,-1.967538387032936,-3.216656332235232,-5.911968956656816,-3.488354526837544,0.04504731893856657,-1.7169292779458043,-4.161960114723411,-4.492676144344988,-1.2798038979584805,-5.470716656379396,-2.823031002401553,-5.7675404859799455,-36.841361487904734,-2.8964402415248385,-1.042892931307925,-3.0679087815328194,-4.542318145363223,-2.8139971759002482,-2.5280076086690992,-4.1399310102245765,-6.513315099435594,-0.35016092966840645,-5.5312492709543815,-5.946729422667796,-6.067769390962133,-6.743820257189998,-3.804067686043686,-0.9632178953535052,-0.5576141738615674,-1.5288977129717123,-1.6756876670926184,-2.8416206982376018,-2.8408240460378438,-2.9171831893155566,-8.672622218275167,-2.134188352685046,-0.24621242046441025,-1.905644591555826,-5.042621423698984,-1.8051788404555165,-1.818694326041302,-2.4145446331253657,-2.8996615518817452,-36.841361487904734,-36.841361487904734,-2.8162184440203917,-3.2224311404104315,-4.776926188774116,-4.573173755208648,-1.9870238567257836,-3.7375150896706146,-1.4346064256655637,-3.950935308714498,-12.385097973344326,-3.8107265082448643,-6.496878730580246,-2.5713984439481026,-36.841361487904734,-0.7291530113372029,-4.0164346270246964,-4.2443081778639975,-36.841361487904734,-0.9398133540903151,-2.3647231924523524,-3.0089368549394204,-0.7634201153712444,-2.770250499481972,-1.6500577551606481,-5.289160500275153,-0.50272259526326,-0.7342996961804534,-1.953861527043588,-9.153338633164108,-3.473477763744276,-4.40517599749884,-0.4443202163354843,-3.1818810263282438,-2.575670746315861,-36.841361487904734,-1.3388035936175724,-0.7685906708496874,-6.230494626678208,-2.2328168547687928,-0.6824904262179806,-1.2778212237255224,-0.49934756536223796,-8.75163112892054,-36.841361487904734,-2.7800358475261255,-5.519674495892416,-4.526886018161874,-4.470696703067013,-3.0030093000794094,-2.381312286489802,-0.29277126339060094,-2.627705820740106,-2.6633987827179912,-0.30873691274979653,-36.841361487904734,-1.2989363240987328,-1.6007149470948558,-0.2948438141566648,-0.6564404600195625,-5.856400284053476,-1.1875569720130394,-5.622065427797238,-3.6728991642976396
-5.80517666039107,-2.022600583487731,-2.3609839117547917,-5.524341583059383,-0.06266399114318592,-0.03020685775390058,-2.6151468770899893,-2.8998450612390867,-2.037536202488574,-1.2634211767482766,-3.0124092443996786,-3.1885572619752027,-2.1033226728054437,-36.841361487904734,-2.1866861381131977,-1.754512478944167,0.5013385129232478,-2.810710757639537,-2.5364835676684687,-2.381729528379715,-3.8182560271310964,-5.318710519270233,0.9256708475638554,-2.94455250764973,-1.9541857584755773,-3.6577816242522734,-2.9889438191306144,-0.9643928226189477,-1.1185681414850044,-2.129687239233727,-1.556525575597083,-2.257334898016134,-3.769335017408882,-3.2873513835727612,-1.5540752230869106,-3.9250339758887014,-1.6685447177668207,-0.02817278777701599,-3.1202445523278888,-3.103271854225884,-1.356370270120483,-0.9388628224887695,-2.074528920928721,-1.757497260487215,-36.841361487904734,-36.841361487904734,-2.6055715919705853,-0.5308377313527903,-2.2950283454251905,0.5359694303451765,-1.2493385874912306,-2.2602567362997372,-2.6692306168477273,-2.232653367382177,-4.978412795872697,-3.7682324700502576,-2.8561573766394837,-3.855066796408832,-36.841361487904734,-1.2023804099383246,-3.922391182102162,-2.8263719335504898,-36.841361487904734,-1.5952834168880845,-3.326372790212991,-1.6049005098570068,0.02141970968136837,-2.2584175270084814,-1.4865506330698781,-4.494138677189543,-0.19832407585346962,-0.8315350570192359,-1.712296308309471,-5.205138386055421,-2.7830618699859015,-2.7108455950942307,-0.6135700753119302,-3.9967719041919323,-2.25137823096397,-36.841361487904734,-0.8207156562298835,0.21862045089116505,-2.180370353365966,-2.103595457907075,-1.1424662466475608,-1.4546455323435348,-1.1760313524566515,-6.388759013659614,-36.841361487904734,-2.9201376468197004,-6.012944263838693,-4.241768285460638,-3.007086618672973,-2.6614294582624347,-2.5751305514920717,-0.46046106222997507,-2.870839299181462,-2.734489291487806,-0.5565601315587019,-36.841361487904734,-1.257363047344107,-1.1805914177931938,-0.4634958532082578,-0.9766808632609046,-2.031988942582348,-1.86787751041477,-4.139276293011188,-5.852005458822283
-8.388101274170122,-1.4795263068771227,-3.7450508683368473,-6.589887748039015,-2.9833879610518856,0.6296977609711873,-3.371750694182655,-4.27634480308437,-1.9763629891804333,-1.51030358189118,-3.980471936847536,-3.542209233913525,-4.481392933010044,-36.841361487904734,-2.322356738009417,-2.6062726834544176,0.24520655585706516,-1.8598772278656706,-3.0668898176578936,-3.9940928711310724,-4.153573431074675,-5.204741116029059,0.871659068580402,-1.9563619682154307,-3.5073827762118976,-5.360777344778528,-4.764327422106267,-2.6891861319366392,-1.6490863654919226,-1.6623770507445277,-2.910027128572279,-0.5885894024079938,-3.277173661847104,-3.109032201110078,-2.0079719224496886,-36.806039169534046,-1.6287066481549715,-0.23259674481229137,-2.471225164228555,-2.1877551021820993,-1.144603199071501,-0.515176151391457,-2.1141892558030864,-3.964056519765338,-36.841361487904734,-36.841361487904734,-0.9323791150221169,-1.7182689694936384,-3.5021177142373476,-2.1961927199409694,-0.6408378279451491,-1.8034076068770968,-0.8442832509384656,-2.5524188451336927,-5.239429379650827,-6.8002186381083485,-2.0564354014421817,-36.17037190832343,-36.841361487904734,-2.3986095053693064,-4.707879423091401,-3.001253024150515,-36.841361487904734,-1.4451192510485886,-1.3655295176311395,-3.7618381199105038,-0.0936829726796947,-2.6445583173271494,-1.3199333919728746,-4.294380546982322,-0.6041906923873959,-0.7431270979120612,-1.3552837268889453,-4.660266953050089,-3.9192750001503316,-4.343740121114785,-0.5842743747650236,-3.8242096116533912,-1.241452978915869,-36.841361487904734,-0.7867896364990449,-0.04891996173140143,-3.8393019133617066,-2.0117458907300994,-0.6227918098118235,-2.1574380029134805,-1.294021334925705,-4.323187222758108,-36.841361487904734,-2.717100358460308,-36.841088086101195,-15.972395272123583,-3.888425052260923,-2.6238715792522345,-2.2707065453952224,-0.48883553229821747,-2.415442226702651,-2.890044337983844,-0.659594700138281,-36.841361487904734,-0.8991891517406018,-0.98073395619566,-0.2850903384551537,-0.44086457134860113,-3.2607717515718093,-1.6367617325196195,-3.027354239132225,-18.970092446324806
-8.388101274170122,-1.4795263068771227,-3.7450508683368473,-6.589887748039015,-2.9833879610518856,0.6296977609711873,-3.371750694182655,-4.27634480308437,-1.9763629891804333,-1.51030358189118,-3.980471936847536,-3.542209233913525,-4.481392933010044,-36.841361487904734,-2.322356738009417,-2.6062726834544176,0.24520655585706516,-1.8598772278656706,-3.0668898176578936,-3.9940928711310724,-4.153573431074675,-5.204741116029059,0.871659068580402,-1.9563619682154307,-3.5073827762118976,-5.360777344778528,-4.764327422106267,-2.6891861319366392,-1.6490863654919226,-1.6623770507445277,-2.910027128572279,-0.5885894024079938,-3.277173661847104,-3.109032201110078,-2.0079719224496886,-36.806039169534046,-1.6287066481549715,-0.23259674481229137,-2.471225164228555,-2.1877551021820993,-1.144603199071501,-0.515176151391457,-2.1141892558030864,-3.964056519765338,-36.841361487904734,-36.841361487904734,-0.9323791150221169,-1.7182689694936384,-3.5021177142373476,-2.1961927199409694,-0.6408378279451491,-1.8034076068770968,-0.8442832509384656,-2.5524188451336927,-5.239429379650827,-6.8002186381083485,-2.0564354014421817,-36.17037190832343,-36.841361487904734,-2.3986095053693064,-4.707879423091401,-3.001253024150515,-36.841361487904734,-1.4451192510485886,-1.3655295176311395,-3.7618381199105038,-0.0936829726796947,-2.6445583173271494,-1.3199333919728746,-4.294380546982322,-0.6041906923873959,-0.7431270979120612,-1.3552837268889453,-4.660266953050089,-3.9192750001503316,-4.343740121114785,-0.5842743747650236,-3.8242096116533912,-1.241452978915869,-36.841361487904734,-0.7867896364990449,-0.04891996173140143,-3.8393019133617066,-2.0117458907300994,-0.6227918098118235,-2.1574380029134805,-1.294021334925705,-4.323187222758108,-36.841361487904734,-2.717100358460308,-36.841088086101195,-15.972395272123583,-3.888425052260923,-2.6238715792522345,-2.2707065453952224,-0.48883553229821747,-2.415442226702651,-2.890044337983844,-0.659594700138281,-36.841361487904734,-0.8991891517406018,-0.98073395619566,-0.2850903384551537,-0.44086457134860113,-3.2607717515718093,-1.6367617325196195,-3.027354239132225,-18.970092446324806
-4.218926844057977,-1.8109659554415503,-3.3647157784633714,-4.072028221127879,-5.105301302744995,-0.6750733810306433,-4.333841123577748,-4.921869479130614,-0.7916859383336607,-1.8332591472306947,-3.0765012258776743,-4.20712909890026,-36.83673737806964,-36.841361487904734,-2.8580722721942866,-3.419291949090462,0.8189206132024885,-3.3638742611026533,-1.9127926243540312,-6.208547463118729,-3.4041354080184782,-6.071595628378576,0.37867566052266416,-1.6824116543385892,-1.7617001551027203,-4.123874784131338,-5.141252852730136,-2.866007212473968,-2.498140395696185,-3.7005430937177133,-2.879518414394102,-0.444385259916443,-2.6420410158253085,-1.2567775338905498,-2.7488231687767484,-6.589004492524285,-2.458504549019558,-0.6649146134858642,-1.843878176906125,-1.2854699781099348,-1.5309816472016324,-0.2928203310802343,-2.8787337621258557,-3.23107457039386,-36.841361487904734,-36.841361487904734,-1.7096737006256013,-3.365590843685239,-3.485502206968452,-8.36347070361397,-1.3502311319512332,-1.7882979205549503,-0.8977818337073351,-2.1521569233769604,-5.452328622724559,-6.563807887192264,-5.7865353852601835,-5.42144630285557,-36.841361487904734,-2.276117549361497,-3.203645988916444,-3.776680473141109,-36.841361487904734,-0.9706317723976486,-2.396323827714649,-4.8543409550444885,-0.10787792611038716,-2.970274086885832,-1.8097619586009226,-5.251817017732059,-0.40275801424704,-1.286662967472616,-1.2138576011240623,-33.723051445081325,-2.3939523195835055,-3.8702919575132206,-0.5572661999882988,-4.328236724994109,-1.7592363011846166,-36.841361487904734,-0.7080524169149587,-0.08654127998939558,-5.551125449988688,-1.8796364829544665,-0.6256419124268401,-1.571118426800342,-0.8425340480929313,-2.8677513920997395,-36.841361487904734,-2.478174363856377,-7.0567804719625435,-4.703732600089242,-2.8617790248517214,-2.344557267676169,-0.02434932701820461,-0.5799395929074966,-2.1830387033133736,-2.8982485377299816,-0.4484557862598337,-36.841361487904734,-1.1957437638367174,-1.0721552582529594,0.02891281770389239,-1.109755459115331,-1.647638805463247,-1.490039345758658,-3.6919352069971882,-2.8930315353559957
-4.218926844057977,-1.8109659554415503,-3.3647157784633714,-4.072028221127879,-5.105301302744995,-0.6750733810306433,-4.333841123577748,-4.921869479130614,-0.7916859383336607,-1.8332591472306947,-3.0765012258776743,-4.20712909890026,-36.83673737806964,-36.841361487904734,-2.8580722721942866,-3.419291949090462,0.8189206132024885,-3.3638742611026533,-1.9127926243540312,-6.208547463118729,-3.4041354080184782,-6.071595628378576,0.37867566052266416,-1.6824116543385892,-1.7617001551027203,-4.123874784131338,-5.141252852730136,-2.866007212473968,-2.498140395696185,-3.7005430937177133,-2.879518414394102,-0.444385259916443,-2.6420410158253085,-1.2567775338905498,-2.7488231687767484,-6.589004492524285,-2.458504549019558,-0.6649146134858642,-1.843878176906125,-1.2854699781099348,-1.5309816472016324,-0.2928203310802343,-2.8787337621258557,-3.23107457039386,-36.841361487904734,-36.841361487904734,-1.7096737006256013,-3.365590843685239,-3.485502206968452,-8.36347070361397,-1.3502311319512332,-1.7882979205549503,-0.8977818337073351,-2.1521569233769604,-5.452328622724559,-6.563807887192264,-5.7865353852601835,-5.42144630285557,-36.841361487904734,-2.276117549361497,-3.203645988916444,-3.776680473141109,-36.841361487904734,-0.9706317723976486,-2.396323827714649,-4.8543409550444885,-0.10787792611038716,-2.970274086885832,-1.8097619586009226,-5.251817017732059,-0.40275801424704,-1.286662967472616,-1.2138576011240623,-33.723051445081325,-2.3939523195835055,-3.8702919575132206,-0.5572661999882988,-4.328236724994109,-1.7592363011846166,-36.841361487904734,-0.7080524169149587,-0.08654127998939558,-5.551125449988688,-1.8796364829544665,-0.6256419124268401,-1.571118426800342,-0.8425340480929313,-2.8677513920997395,-36.841361487904734,-2.478174363856377,-7.0567804719625435,-4.703732600089242,-2.8617790248517214,-2.344557267676169,-0.02434932701820461,-0.5799395929074966,-2.1830387033133736,-2.8982485377299816,-0.4484557862598337,-36.841361487904734,-1.1957437638367174,-1.0721552582529594,0.02891281770389239,-1.109755459115331,-1.647638805463247,-1.490039345758658,-3.6919352069971882,-2.8930315353559957
-4.282558719265488,-2.6825753843015363,-2.2732825853428866,-5.328033648866876,-5.9736765726716365,-3.644338596996565,-4.354043204824333,-1.7715139496846506,-1.1931381215356456,-1.5778711790046405,-0.198895515896779,-3.9774593959039444,-36.79323894956222,-36.841361487904734,-2.8025139427374945,-3.0944386328472433,0.5158171119905487,-4.794145154192465,-1.6065176988467507,-5.682915416855156,-3.955038682879494,-5.895108024204572,-0.4056498703291409,-4.2061290161601885,-1.5612604616228494,-2.958400748204719,-5.962563464852525,-2.530523313393555,-4.454766548493003,-4.891226526592519,-4.908940444147881,-1.3114509128770535,-3.2820304496584534,-0.3569883744744507,-3.9905871821640493,-8.020461976921839,-2.1965277226326103,-2.533343540593501,-3.187674195290501,-1.417635641227344,-1.3867254350139249,-0.6892338228318562,-1.6287513706323424,-2.900172434853678,-36.841361487904734,-36.841361487904734,-3.8015232023647605,-4.237338101599252,-1.5905445750080072,-5.946385401629367,-1.2720712009833541,-2.250969299821058,-2.330444858398155,-4.8134692448814995,-36.82318755194334,-7.594878479695511,-3.5716343568442683,-3.277378299091478,-36.841361487904734,-1.3973492944763162,-3.0686953896047773,-1.5664972127810504,-36.841361487904734,-0.9491197620119153,-2.328410269260028,-4.200917900796827,-0.7414125545660042,-2.908137000824166,-1.8125851360808518,-7.2751996672951735,0.006490974965563013,-1.1533649268303483,-2.0855724299865193,-36.84049692095048,-1.1918415694881492,-2.631876712259039,-0.4967062814899833,-3.9814190029884746,-1.1965762785244922,-36.841361487904734,-0.8337200705667753,-0.4824536948217809,-13.561758073008626,-2.9098513400517083,-1.418973708091331,-0.8334917354453448,-0.7281037471508526,-5.681678086598041,-36.841361487904734,-3.0134972758664356,-6.367002024556551,-4.501269569421353,-3.4732883360078484,-1.8822139409753267,-2.011619406003419,-0.8675590169646309,-1.97300072258993,-2.8109199766933504,-0.39617736902482503,-36.841361487904734,-1.157070185702118,-0.9805403215370022,0.030850129887997513,-1.1634386549849434,-1.4909467021462028,-1.4247379499531727,-5.107731215276923,-5.27349977286567
-4.282558719265488,-2.6825753843015363,-2.2732825853428866,-5.328033648866876,-5.9736765726716365,-3.644338596996565,-4.354043204824333,-1.7715139496846506,-1.1931381215356456,-1.5778711790046405,-0.198895515896779,-3.9774593959039444,-36.79323894956222,-36.841361487904734,-2.8025139427374945,-3.0944386328472433,0.5158171119905487,-4.794145154192465,-1.6065176988467507,-5.682915416855156,-3.955038682879494,-5.895108024204572,-0.4056498703291409,-4.2061290161601885,-1.5612604616228494,-2.958400748204719,-5.962563464852525,-2.530523313393555,-4.454766548493003,-4.891226526592519,-4.908940444147881,-1.3114509128770535,-3.2820304496584534,-0.3569883744744507,-3.9905871821640493,-8.020461976921839,-2.1965277226326103,-2.533343540593501,-3.187674195290501,-1.417635641227344,-1.3867254350139249,-0.6892338228318562,-1.6287513706323424,-2.900172434853678,-36.841361487904734,-36.841361487904734,-3.8015232023647605,-4.237338101599252,-1.5905445750080072,-5.946385401629367,-1.2720712009833541,-2.250969299821058,-2.330444858398155,-4.8134692448814995,-36.82318755194334,-7.594878479695511,-3.5716343568442683,-3.277378299091478,-36.841361487904734,-1.3973492944763162,-3.0686953896047773,-1.5664972127810504,-36.841361487904734,-0.9491197620119153,-2.328410269260028,-4.200917900796827,-0.7414125545660042,-2.908137000824166,-1.8125851360808518,-7.2751996672951735,0.006490974965563013,-1.1533649268303483,-2.0855724299865193,-36.84049692095048,-1.1918415694881492,-2.631876712259039,-0.4967062814899833,-3.9814190029884746,-1.1965762785244922,-36.841361487904734,-0.8337200705667753,-0.4824536948217809,-13.561758073008626,-2.9098513400517083,-1.418973708091331,-0.8334917354453448,-0.7281037471508526,-5.681678086598041,-36.841361487904734,-3.0134972758664356,-6.367002024556551,-4.501269569421353,-3.4732883360078484,-1.8822139409753267,-2.011619406003419,-0.8675590169646309,-1.97300072258993,-2.8109199766933504,-0.39617736902482503,-36.841361487904734,-1.157070185702118,-0.9805403215370022,0.030850129887997513,-1.1634386549849434,-1.4909467021462028,-1.4247379499531727,-5.107731215276923,-5.27349977286567
-4.282558719265488,-2.6825753843015363,-2.2732825853428866,-5.328033648866876,-5.9736765726716365,-3.644338596996565,-4.354043204824333,-1.7715139496846506,-1.1931381215356456,-1.5778711790046405,-0.198895515896779,-3.9774593959039444,-36.79323894956222,-36.841361487904734,-2.8025139427374945,-3.0944386328472433,0.5158171119905487,-4.794145154192465,-1.6065176988467507,-5.682915416855156,-3.955038682879494,-5.895108024204572,-0.4056498703291409,-4.2061290161601885,-1.5612604616228494,-2.958400748204719,-5.962563464852525,-2.530523313393555,-4.454766548493003,-4.891226526592519,-4.908940444147881,-1.3114509128770535,-3.2820304496584534,-0.3569883744744507,-3.9905871821640493,-8.020461976921839,-2.1965277226326103,-2.533343540593501,-3.187674195290501,-1.417635641227344,-1.3867254350139249,-0.6892338228318562,-1.6287513706323424,-2.900172434853678,-36.841361487904734,-36.841361487904734,-3.8015232023647605,-4.237338101599252,-1.5905445750080072,-5.946385401629367,-1.2720712009833541,-2.250969299821058,-2.330444858398155,-4.8134692448814995,-36.82318755194334,-7.594878479695511,-3.5716343568442683,-3.277378299091478,-36.841361487904734,-1.3973492944763162,-3.0686953896047773,-1.5664972127810504,-36.841361487904734,-0.9491197620119153,-2.328410269260028,-4.200917900796827,-0.7414125545660042,-2.908137000824166,-1.8125851360808518,-7.2751996672951735,0.006490974965563013,-1.1533649268303483,-2.0855724299865193,-36.84049692095048,-1.1918415694881492,-2.631876712259039,-0.4967062814899833,-3.9814190029884746,-1.1965762785244922,-36.841361487904734,-0.8337200705667753,-0.4824536948217809,-13.561758073008626,-2.9098513400517083,-1.418973708091331,-0.8334917354453448,-0.7281037471508526,-5.681678086598041,-36.841361487904734,-3.0134972758664356,-6.367002024556551,-4.501269569421353,-3.4732883360078484,-1.8822139409753267,-2.011619406003419,-0.8675590169646309,-1.97300072258993,-2.8109199766933504,-0.39617736902482503,-36.841361487904734,-1.157070185702118,-0.9805403215370022,0.030850129887997513,-1.1634386549849434,-1.4909467021462028,-1.4247379499531727,-5.107731215276923,-5.27349977286567
-4.282558719265488,-2.6825753843015363,-2.2732825853428866,-5.328033648866876,-5.9736765726716365,-3.644338596996565,-4.354043204824333,-1.7715139496846506,-1.1931381215356456,-1.5778711790046405,-0.198895515896779,-3.9774593959039444,-36.79323894956222,-36.841361487904734,-2.8025139427374945,-3.0944386328472433,0.5158171119905487,-4.794145154192465,-1.6065176988467507,-5.682915416855156,-3.955038682879494,-5.895108024204572,-0.4056498703291409,-4.2061290161601885,-1.5612604616228494,-2.958400748204719,-5.962563464852525,-2.530523313393555,-4.454766548493003,-4.891226526592519,-4.908940444147881,-1.3114509128770535,-3.2820304496584534,-0.3569883744744507,-3.9905871821640493,-8.020461976921839,-2.1965277226326103,-2.533343540593501,-3.187674195290501,-1.417635641227344,-1.3867254350139249,-0.6892338228318562,-1.6287513706323424,-2.900172434853678,-36.841361487904734,-36.841361487904734,-3.8015232023647605,-4.237338101599252,-1.5905445750080072,-5.946385401629367,-1.2720712009833541,-2.250969299821058,-2.330444858398155,-4.8134692448814995,-36.82318755194334,-7.594878479695511,-3.5716343568442683,-3.277378299091478,-36.841361487904734,-1.3973492944763162,-3.0686953896047773,-1.5664972127810504,-36.841361487904734,-0.9491197620119153,-2.328410269260028,-4.200917900796827,-0.7414125545660042,-2.908137000824166,-1.8125851360808518,-7.2751996672951735,0.006490974965563013,-1.1533649268303483,-2.0855724299865193,-36.84049692095048,-1.1918415694881492,-2.631876712259039,-0.4967062814899833,-3.9814190029884746,-1.1965762785244922,-36.841361487904734,-0.8337200705667753,-0.4824536948217809,-13.561758073008626,-2.9098513400517083,-1.418973708091331,-0.8334917354453448,-0.7281037471508526,-5.681678086598041,-36.841361487904734,-3.0134972758664356,-6.367002024556551,-4.501269569421353,-3.4732883360078484,-1.8822139409753267,-2.011619406003419,-0.8675590169646309,-1.97300072258993,-2.8109199766933504,-0.39617736902482503,-36.841361487904734,-1.157070185702118,-0.9805403215370022,0.030850129887997513,-1.1634386549849434,-1.4909467021462028,-1.4247379499531727,-5.107731215276923,-5.27349977286567
-4.300060959702187,-2.303929390054767,-3.3210622088327213,-4.41366111822583,-6.472090165024186,-6.285221317134175,-3.1670071620629567,-0.7017310101327286,-0.7941913278663777,-1.730499179571497,-0.8491110171957522,-3.8793924469741463,-36.8405177012768,-36.841361487904734,-2.223259206394508,-2.61820792390819,-0.2762713965842779,-5.635000782878406,-1.7462078075396377,-6.215199761754331,-6.626729563965798,-27.2767136019286,-1.1844585771125364,-5.602692939568835,-0.7499879070050897,-3.2508140946801394,-5.661955663944597,-1.578124405336228,-4.047508102659084,-3.097005438971607,-2.807078201855108,-2.6273801989496675,-2.8096261954774064,-1.0597620417564326,-3.8478392925789247,-34.86867299504577,-2.6353972772837335,-2.2833539205050126,-3.357896597281134,-2.6839114827883344,-1.3847193986848936,-0.8365207883259981,-1.514254337926442,-3.129202793964157,-36.841361487904734,-36.841361487904734,-6.634059182863324,-3.524208082882987,-3.0177827344889,-24.763102311782188,-1.3292645057260883,-3.1828840323811223,-6.5584623786593506,-5.673358298688222,-36.82316724502416,-4.925110603005033,-6.8304947435418635,-1.0000283211499847,-36.841361487904734,-0.7552312357346334,-3.552376476058415,-1.8231756035021303,-36.841361487904734,-0.7578883917690099,-3.117905380129342,-2.941772195005043,-1.0620426221315777,-2.0935198521572613,-1.1655188206641012,-20.461215591046404,-0.3132878444369483,-1.1431955228794348,-2.197810997490775,-31.015118961055943,-2.037498521821046,-3.6747689094894467,-0.39325782622698796,-5.670372031115187,-1.69276686224495,-36.841361487904734,-1.1864701173965804,-0.7904148958702296,-36.82021821553449,-3.1371625352456376,-2.550493980115,-0.7233633724527258,-0.34982184142004136,-25.835284246774915,-36.841361487904734,-3.032606890189053,-6.709962653610011,-3.4648823654628513,-4.544958389728042,-2.238463403978326,-1.4376407588343525,-0.909343371065544,-2.0970457883003433,-3.46214069011839,-0.511717989146424,-36.841361487904734,-1.3577328286127768,-1.6874782116063025,0.19995211806718907,-1.2458985429819942,-4.5931575316323645,-1.239746264115109,-4.982879696417543,-3.155935166307661
-4.300060959702187,-2.303929390054767,-3.3210622088327213,-4.41366111822583,-6.472090165024186,-6.285221317134175,-3.1670071620629567,-0.7017310101327286,-0.7941913278663777,-1.730499179571497,-0.8491110171957522,-3.8793924469741463,-36.8405177012768,-36.841361487904734,-2.223259206394508,-2.61820792390819,-0.2762713965842779,-5.635000782878406,-1.7462078075396377,-6.215199761754331,-6.626729563965798,-27.2767136019286,-1.1844585771125364,-5.602692939568835,-0.7499879070050897,-3.2508140946801394,-5.661955663944597,-1.578124405336228,-4.047508102659084,-3.097005438971607,-2.807078201855108,-2.6273801989496675,-2.8096261954774064,-1.0597620417564326,-3.8478392925789247,-34.86867299504577,-2.6353972772837335,-2.2833539205050126,-3.357896597281134,-2.6839114827883344,-1.3847193986848936,-0.8365207883259981,-1.514254337926442,-3.129202793964157,-36.841361487904734,-36.841361487904734,-6.634059182863324,-3.524208082882987,-3.0177827344889,-24.763102311782188,-1.3292645057260883,-3.1828840323811223,-6.5584623786593506,-5.673358298688222,-36.82316724502416,-4.925110603005033,-6.8304947435418635,-1.0000283211499847,-36.841361487904734,-0.7552312357346334,-3.552376476058415,-1.8231756035021303,-36.841361487904734,-0.7578883917690099,-3.117905380129342,-2.941772195005043,-1.0620426221315777,-2.0935198521572613,-1.1655188206641012,-20.461215591046404,-0.3132878444369483,-1.1431955228794348,-2.197810997490775,-31.015118961055943,-2.037498521821046,-3.6747689094894467,-0.39325782622698796,-5.670372031115187,-1.69276686224495,-36.841361487904734,-1.1864701173965804,-0.7904148958702296,-36.82021821553449,-3.1371625352456376,-2.550493980115,-0.7233633724527258,-0.34982184142004136,-25.835284246774915,-36.841361487904734,-3.032606890189053,-6.709962653610011,-3.4648823654628513,-4.544958389728042,-2.238463403978326,-1.4376407588343525,-0.909343371065544,-2.0970457883003433,-3.46214069011839,-0.511717989146424,-36.841361487904734,-1.3577328286127768,-1.6874782116063025,0.19995211806718907,-1.2458985429819942,-4.5931575316323645,-1.239746264115109,-4.982879696417543,-3.155935166307661
-4.300060959702187,-2.303929390054767,-3.3210622088327213,-4.41366111822583,-6.472090165024186,-6.285221317134175,-3.1670071620629567,-0.7017310101327286,-0.7941913278663777,-1.730499179571497,-0.8491110171957522,-3.8793924469741463,-36.8405177012768,-36.841361487904734,-2.223259206394508,-2.61820792390819,-0.2762713965842779,-5.635000782878406,-1.7462078075396377,-6.215199761754331,-6.626729563965798,-27.2767136019286,-1.1844585771125364,-5.602692939568835,-0.7499879070050897,-3.2508140946801394,-5.661955663944597,-1.578124405336228,-4.047508102659084,-3.097005438971607,-2.807078201855108,-2.6273801989496675,-2.8096261954774064,-1.0597620417564326,-3.8478392925789247,-34.86867299504577,-2.6353972772837335,-2.2833539205050126,-3.357896597281134,-2.6839114827883344,-1.3847193986848936,-0.8365207883259981,-1.514254337926442,-3.129202793964157,-36.841361487904734,-36.841361487904734,-6.634059182863324,-3.524208082882987,-3.0177827344889,-24.763102311782188,-1.3292645057260883,-3.1828840323811223,-6.5584623786593506,-5.673358298688222,-36.82316724502416,-4.925110603005033,-6.8304947435418635,-1.0000283211499847,-36.841361487904734,-0.7552312357346334,-3.552376476058415,-1.8231756035021303,-36.841361487904734,-0.7578883917690099,-3.117905380129342,-2.941772195005043,-1.0620426221315777,-2.0935198521572613,-1.1655188206641012,-20.461215591046404,-0.3132878444369483,-1.1431955228794348,-2.197810997490775,-31.015118961055943,-2.037498521821046,-3.6747689094894467,-0.39325782622698796,-5.670372031115187,-1.69276686224495,-36.841361487904734,-1.1864701173965804,-0.7904148958702296,-36.82021821553449,-3.1371625352456376,-2.550493980115,-0.7233633724527258,-0.34982184142004136,-25.835284246774915,-36.841361487904734,-3.032606890189053,-6.709962653610011,-3.4648823654628513,-4.544958389728042,-2.238463403978326,-1.4376407588343525,-0.909343371065544,-2.0970457883003433,-3.46214069011839,-0.511717989146424,-36.841361487904734,-1.3577328286127768,-1.6874782116063025,0.19995211806718907,-1.2458985429819942,-4.5931575316323645,-1.239746264115109,-4.982879696417543,-3.155935166307661
-4.300060959702187,-2.303929390054767,-3.3210622088327213,-4.41366111822583,-6.472090165024186,-6.285221317134175,-3.1670071620629567,-0.7017310101327286,-0.7941913278663777,-1.730499179571497,-0.8491110171957522,-3.8793924469741463,-36.8405177012768,-36.841361487904734,-2.223259206394508,-2.61820792390819,-0.2762713965842779,-5.635000782878406,-1.7462078075396377,-6.215199761754331,-6.626729563965798,-27.2767136019286,-1.1844585771125364,-5.602692939568835,-0.7499879070050897,-3.2508140946801394,-5.661955663944597,-1.578124405336228,-4.047508102659084,-3.097005438971607,-2.807078201855108,-2.6273801989496675,-2.8096261954774064,-1.0597620417564326,-3.8478392925789247,-34.86867299504577,-2.6353972772837335,-2.2833539205050126,-3.357896597281134,-2.6839114827883344,-1.3847193986848936,-0.8365207883259981,-1.514254337926442,-3.129202793964157,-36.841361487904734,-36.841361487904734,-6.634059182863324,-3.524208082882987,-3.0177827344889,-24.763102311782188,-1.3292645057260883,-3.1828840323811223,-6.5584623786593506,-5.673358298688222,-36.82316724502416,-4.925110603005033,-6.8304947435418635,-1.0000283211499847,-36.841361487904734,-0.7552312357346334,-3.552376476058415,-1.8231756035021303,-36.841361487904734,-0.7578883917690099,-3.117905380129342,-2.941772195005043,-1.0620426221315777,-2.0935198521572613,-1.1655188206641012,-20.461215591046404,-0.3132878444369483,-1.1431955228794348,-2.197810997490775,-31.015118961055943,-2.037498521821046,-3.6747689094894467,-0.39325782622698796,-5.670372031115187,-1.69276686224495,-36.841361487904734,-1.1864701173965804,-0.7904148958702296,-36.82021821553449,-3.1371625352456376,-2.550493980115,-0.7233633724527258,-0.34982184142004136,-25.835284246774915,-36.841361487904734,-3.032606890189053,-6.709962653610011,-3.4648823654628513,-4.544958389728042,-2.238463403978326,-1.4376407588343525,-0.909343371065544,-2.0970457883003433,-3.46214069011839,-0.511717989146424,-36.841361487904734,-1.3577328286127768,-1.6874782116063025,0.19995211806718907,-1.2458985429819942,-4.5931575316323645,-1.239746264115109,-4.982879696417543,-3.155935166307661
-4.300060959702187,-2.303929390054767,-3.3210622088327213,-4.41366111822583,-6.472090165024186,-6.285221317134175,-3.1670071620629567,-0.7017310101327286,-0.7941913278663777,-1.730499179571497,-0.8491110171957522,-3.8793924469741463,-36.8405177012768,-36.841361487904734,-2.223259206394508,-2.61820792390819,-0.2762713965842779,-5.635000782878406,-1.7462078075396377,-6.215199761754331,-6.626729563965798,-27.2767136019286,-1.1844585771125364,-5.602692939568835,-0.7499879070050897,-3.2508140946801394,-5.661955663944597,-1.578124405336228,-4.047508102659084,-3.097005438971607,-2.807078201855108,-2.6273801989496675,-2.8096261954774064,-1.0597620417564326,-3.8478392925789247,-34.86867299504577,-2.6353972772837335,-2.2833539205050126,-3.357896597281134,-2.6839114827883344,-1.3847193986848936,-0.8365207883259981,-1.514254337926442,-3.129202793964157,-36.841361487904734,-36.841361487904734,-6.634059182863324,-3.524208082882987,-3.0177827344889,-24.763102311782188,-1.3292645057260883,-3.1828840323811223,-6.5584623786593506,-5.673358298688222,-36.82316724502416,-4.925110603005033,-6.8304947435418635,-1.0000283211499847,-36.841361487904734,-0.7552312357346334,-3.552376476058415,-1.8231756035021303,-36.841361487904734,-0.7578883917690099,-3.117905380129342,-2.941772195005043,-1.0620426221315777,-2.0935198521572613,-1.1655188206641012,-20.461215591046404,-0.3132878444369483,-1.1431955228794348,-2.197810997490775,-31.015118961055943,-2.037498521821046,-3.6747689094894467,-0.39325782622698796,-5.670372031115187,-1.69276686224495,-36.841361487904734,-1.1864701173965804,-0.7904148958702296,-36.82021821553449,-3.1371625352456376,-2.550493980115,-0.7233633724527258,-0.34982184142004136,-25.835284246774915,-36.841361487904734,-3.032606890189053,-6.709962653610011,-3.4648823654628513,-4.544958389728042,-2.238463403978326,-1.4376407588343525,-0.909343371065544,-2.0970457883003433,-3.46214069011839,-0.511717989146424,-36.841361487904734,-1.3577328286127768,-1.6874782116063025,0.19995211806718907,-1.2458985429819942,-4.5931575316323645,-1.239746264115109,-4.982879696417543,-3.155935166307661
-4.300060959702187,-2.303929390054767,-3.3210622088327213,-4.41366111822583,-6.472090165024186,-6.285221317134175,-3.1670071620629567,-0.7017310101327286,-0.7941913278663777,-1.730499179571497,-0.8491110171957522,-3.8793924469741463,-36.8405177012768,-36.841361487904734,-2.223259206394508,-2.61820792390819,-0.2762713965842779,-5.635000782878406,-1.7462078075396377,-6.215199761754331,-6.626729563965798,-27.2767136019286,-1.1844585771125364,-5.602692939568835,-0.7499879070050897,-3.2508140946801394,-5.661955663944597,-1.578124405336228,-4.047508102659084,-3.097005438971607,-2.807078201855108,-2.6273801989496675,-2.8096261954774064,-1.0597620417564326,-3.8478392925789247,-34.86867299504577,-2.6353972772837335,-2.2833539205050126,-3.357896597281134,-2.6839114827883344,-1.3847193986848936,-0.8365207883259981,-1.514254337926442,-3.129202793964157,-36.841361487904734,-36.841361487904734,-6.634059182863324,-3.524208082882987,-3.0177827344889,-24.763102311782188,-1.3292645057260883,-3.1828840323811223,-6.5584623786593506,-5.673358298688222,-36.82316724502416,-4.925110603005033,-6.8304947435418635,-1.0000283211499847,-36.841361487904734,-0.7552312357346334,-3.552376476058415,-1.8231756035021303,-36.841361487904734,-0.7578883917690099,-3.117905380129342,-2.941772195005043,-1.0620426221315777,-2.0935198521572613,-1.1655188206641012,-20.461215591046404,-0.3132878444369483,-1.1431955228794348,-2.197810997490775,-31.015118961055943,-2.037498521821046,-3.6747689094894467,-0.39325782622698796,-5.670372031115187,-1.69276686224495,-36.841361487904734,-1.1864701173965804,-0.7904148958702296,-36.82021821553449,-3.1371625352456376,-2.550493980115,-0.7233633724527258,-0.34982184142004136,-25.835284246774915,-36.841361487904734,-3.032606890189053,-6.709962653610011,-3.4648823654628513,-4.544958389728042,-2.238463403978326,-1.4376407588343525,-0.909343371065544,-2.0970457883003433,-3.46214069011839,-0.511717989146424,-36.841361487904734,-1.3577328286127768,-1.6874782116063025,0.19995211806718907,-1.2458985429819942,-4.5931575316323645,-1.239746264115109,-4.982879696417543,-3.155935166307661
-4.300060959702187,-2.303929390054767,-3.3210622088327213,-4.41366111822583,-6.472090165024186,-6.285221317134175,-3.1670071620629567,-0.7017310101327286,-0.7941913278663777,-1.730499179571497,-0.8491110171957522,-3.8793924469741463,-36.8405177012768,-36.841361487904734,-2.223259206394508,-2.61820792390819,-0.2762713965842779,-5.635000782878406,-1.7462078075396377,-6.215199761754331,-6.626729563965798,-27.2767136019286,-1.1844585771125364,-5.602692939568835,-0.7499879070050897,-3.2508140946801394,-5.661955663944597,-1.578124405336228,-4.047508102659084,-3.097005438971607,-2.807078201855108,-2.6273801989496675,-2.8096261954774064,-1.0597620417564326,-3.8478392925789247,-34.86867299504577,-2.6353972772837335,-2.2833539205050126,-3.357896597281134,-2.6839114827883344,-1.3847193986848936,-0.8365207883259981,-1.514254337926442,-3.129202793964157,-36.841361487904734,-36.841361487904734,-6.634059182863324,-3.524208082882987,-3.0177827344889,-24.763102311782188,-1.3292645057260883,-3.1828840323811223,-6.5584623786593506,-5.673358298688222,-36.82316724502416,-4.925110603005033,-6.8304947435418635,-1.0000283211499847,-36.841361487904734,-0.7552312357346334,-3.552376476058415,-1.8231756035021303,-36.841361487904734,-0.7578883917690099,-3.117905380129342,-2.941772195005043,-1.0620426221315777,-2.0935198521572613,-1.1655188206641012,-20.461215591046404,-0.3132878444369483,-1.1431955228794348,-2.197810997490775,-31.015118961055943,-2.037498521821046,-3.6747689094894467,-0.39325782622698796,-5.670372031115187,-1.69276686224495,-36.841361487904734,-1.1864701173965804,-0.7904148958702296,-36.82021821553449,-3.1371625352456376,-2.550493980115,-0.7233633724527258,-0.34982184142004136,-25.835284246774915,-36.841361487904734,-3.032606890189053,-6.709962653610011,-3.4648823654628513,-4.544958389728042,-2.238463403978326,-1.4376407588343525,-0.909343371065544,-2.0970457883003433,-3.46214069011839,-0.511717989146424,-36.841361487904734,-1.3577328286127768,-1.6874782116063025,0.19995211806718907,-1.2458985429819942,-4.5931575316323645,-1.239746264115109,-4.982879696417543,-3.155935166307661
-5.00980033561761,-2.657467815438916,-1.996992543548375,-5.666091270401032,-4.755796600413857,-1.5892117252050837,-5.059620935068933,-2.506332876579159,-1.8158969450352587,-1.1389439301107074,-0.9231660760842622,-1.8790624412743895,-33.02694224016916,-36.841361487904734,-1.6072919464069617,-2.153679279713552,-0.1414844625867038,-3.6242446098621715,-2.363981994718018,-1.9374973704657081,-4.5200980968731,-6.121343873230907,0.1282927916922743,-3.573502351475385,-0.5489688495091596,-6.3065185340260115,-7.005465991303817,-1.4416150538031076,-3.583746457340581,-2.0416473309820162,-2.6972845989926535,-1.1825352514405698,-2.4064089916176634,-1.8968183753493029,-4.756274357070558,-5.264869579772832,-2.0212487799357186,-1.8102945956185719,-3.0493700055058364,-2.1347399462729557,-1.528772766329773,-0.4675037757169279,-1.0328548040388141,-2.1925636029998716,-36.841361487904734,-36.841361487904734,-2.8746871403017695,-6.8815354599235485,-3.09832073120288,-5.1450536219443705,-0.6705665259643308,-3.398059600288108,-5.222084852541395,-5.252618103754488,-9.44911932196429,-4.932559726735105,-3.8019047118243585,-4.192968875460587,-36.841361487904734,-0.7865393075294922,-4.879349800051126,-5.459850879274241,-36.841361487904734,-1.6378527877439348,-0.6604907673815215,-2.9108721478021837,-1.1491391037724652,-2.064407014140827,-1.0987569750940573,-21.168498651969134,-0.28153786240007733,-0.9541426293788162,-2.045033227318936,-36.39667694858613,-3.0439410959170705,-4.299801031089753,-0.5591140576298065,-4.832126562741247,-1.8967574910832137,-36.841361487904734,-1.3299704538925965,-0.749188593977159,-26.882778439796645,-2.63220099256962,-1.330595530350066,-1.147297523433768,-0.3055373007841929,-36.83426684643757,-36.841361487904734,-3.1004761330449653,-4.510293246761071,-3.9123375118268617,-4.392478129356753,-2.1254903726665835,-3.150002456174566,-1.6166720681356843,-2.7605890715811845,-3.0980177236285082,-0.49595258288297617,-36.841361487904734,-1.1842856969984052,-0.9132160477033407,-0.49060860040530535,-1.8598663027564142,-3.6372505895411718,-1.4045707384114587,-5.199406235456118,-4.118900946886107
-5.00980033561761,-2.657467815438916,-1.996992543548375,-5.666091270401032,-4.755796600413857,-1.5892117252050837,-5.059620935068933,-2.506332876579159,-1.8158969450352587,-1.1389439301107074,-0.9231660760842622,-1.8790624412743895,-33.02694224016916,-36.841361487904734,-1.6072919464069617,-2.153679279713552,-0.1414844625867038,-3.6242446098621715,-2.363981994718018,-1.9374973704657081,-4.5200980968731,-6.121343873230907,0.1282927916922743,-3.573502351475385,-0.5489688495091596,-6.3065185340260115,-7.005465991303817,-1.4416150538031076,-3.583746457340581,-2.0416473309820162,-2.6972845989926535,-1.1825352514405698,-2.4064089916176634,-1.8968183753493029,-4.756274357070558,-5.264869579772832,-2.0212487799357186,-1.8102945956185719,-3.0493700055058364,-2.1347399462729557,-1.528772766329773,-0.4675037757169279,-1.0328548040388141,-2.1925636029998716,-36.841361487904734,-36.841361487904734,-2.8746871403017695,-6.8815354599235485,-3.09832073120288,-5.1450536219443705,-0.6705665259643308,-3.398059600288108,-5.222084852541395,-5.252618103754488,-9.44911932196429,-4.932559726735105,-3.8019047118243585,-4.192968875460587,-36.841361487904734,-0.7865393075294922,-4.879349800051126,-5.459850879274241,-36.841361487904734,-1.6378527877439348,-0.6604907673815215,-2.9108721478021837,-1.1491391037724652,-2.064407014140827,-1.0987569750940573,-21.168498651969134,-0.28153786240007733,-0.9541426293788162,-2.045033227318936,-36.39667694858613,-3.0439410959170705,-4.299801031089753,-0.5591140576298065,-4.832126562741247,-1.8967574910832137,-36.841361487904734,-1.3299704538925965,-0.749188593977159,-26.882778439796645,-2.63220099256962,-1.330595530350066,-1.147297523433768,-0.3055373007841929,-36.83426684643757,-36.841361487904734,-3.1004761330449653,-4.510293246761071,-3.9123375118268617,-4.392478129356753,-2.1254903726665835,-3.150002456174566,-1.6166720681356843,-2.7605890715811845,-3.0980177236285082,-0.49595258288297617,-36.841361487904734,-1.1842856969984052,-0.9132160477033407,-0.49060860040530535,-1.8598663027564142,-3.6372505895411718,-1.4045707384114587,-5.199406235456118,-4.118900946886107
-4.009371443384311,-1.7561368310413126,-1.7962223877686743,-5.103131468890479,-4.644594944845097,-3.268819078146678,-2.871645538582519,-2.6927531305132577,-0.510997829645358,-2.002133294610688,-0.5086569308368176,-2.979972975033989,-36.8345886824745,-36.841361487904734,-2.21747775775537,-2.7920378067848937,1.3206960667933811,-4.736668183194546,-1.8859068941726613,-4.810906710002086,-4.2778419483804795,-6.937892127464739,0.26472601782536587,-1.7472008035433535,0.15519987916151076,-2.8584484718676313,-3.9066402532104205,-0.978556292115774,-2.3023452107506386,-4.080116377762641,-1.5874277672042754,-1.1981881124543696,-2.738655983782056,-0.8512579495229315,-3.043594512993732,-5.070074513266257,-1.9228274250909458,-0.771390084575371,-2.29929352172709,-0.8523695214365474,-1.6610350128167655,-0.4681355071964883,-2.16891150310098,-1.5771170222868933,-36.841361487904734,-36.841361487904734,-2.713570270487053,-3.005298222543795,-1.854836725073194,-16.34821839794765,-1.8271685039301135,-1.0356298959972454,-3.552126241073255,-2.4912127153666797,-6.177364371524498,-7.622088469317864,-4.976779147303952,-2.0177631243248673,-36.841361487904734,-1.2213377226618745,-3.471346066975432,-2.0476473547375575,-36.841361487904734,-1.3532576595984198,-1.9265032942730482,-2.385249957039979,-0.16218120278780682,-1.904616573378419,-1.488388005753842,-5.850727868153565,-0.5502228757321181,-1.7074375771264436,-1.8628567075171194,-8.999350066568706,-2.8817279720303364,-3.9955370361434737,-0.6129319805011366,-4.7811417357247805,-2.096193383452185,-36.841361487904734,-0.9620843648327786,-0.34051187605046074,-6.898991123213555,-1.8916502716897698,-1.8316571396534833,-1.0437684963246632,-0.6698741699170361,-5.113648435481042,-36.841361487904734,-2.221494959732422,-2.634855246354242,-1.6380597308225122,-2.8438432624367174,-2.386348641698739,-0.5617050274366736,-1.440857487163956,-3.0665189625832343,-2.682174848866807,-0.5943807429048867,-36.841361487904734,-1.2809499477715838,-1.6085249987772585,-0.07879714777100258,-2.7549238704025822,-2.8479207538299782,-1.7793755228078394,-3.7807409406159573,-3.4461325909178657
-4.450364532505862,-2.7870237146095875,-1.9440412512491418,-6.532529160313267,-4.381041920303776,-8.357473076640838,-4.027930214682939,-0.47644750357777554,-0.06044757656178254,-1.6482009019545565,-0.4883023637532378,-2.968430244137395,-36.84135826313979,-36.841361487904734,-1.741944184471891,-2.6383988098799773,0.7594625113953019,-5.242416893578184,-1.9695071511459117,-3.256534978745996,-5.844268990556507,-9.439328442469666,-0.2546858609711313,-3.933079543533926,-0.012255351375949427,-5.209094510193527,-4.355007101386619,-0.3940181238878768,-4.782672078179053,-2.9175084570555483,-2.7779895414044833,-1.4338625609332152,-2.4163815892087124,-0.6316012843044541,-5.286300899842483,-6.558403425843067,-2.3124773099568054,-2.1297726340095933,-2.766576285356589,-1.7318662044005124,-1.8008105054378178,-0.5869300592116783,-1.3662751202215284,-1.8682818220177249,-36.841361487904734,-36.841361487904734,-3.2643540558864714,-3.8950830625399524,-2.3706133920967516,-6.688584537431957,-2.073516596926391,-2.607795876761665,-5.258581472719652,-5.6309853500338996,-8.05944758756428,-4.882416577140822,-4.593017054133914,-0.6110016433372021,-36.841361487904734,-0.7461190110306016,-3.4348899333838654,-3.5237145515569015,-36.841361487904734,-0.9199113337036431,-0.7246966155499669,-3.234703813888431,-0.5263385590275654,-1.6391254338536314,-1.1069796985104818,-6.886093874515008,-0.2087773078231842,-1.0615323235412224,-2.473550610826612,-7.2003890249779,-2.222521536283022,-3.639986728048885,-0.4430490353276565,-5.096991894849415,-1.4777540210401072,-36.841361487904734,-1.313439585150586,-0.8348405152947787,-36.80360897443486,-2.9451139291041755,-2.603118126887879,-0.9425144825380959,-0.3221789106306142,-23.461500651961966,-36.841361487904734,-2.84839762782008,-3.5749859666478128,-2.871648653658681,-3.5176964360609606,-2.0478560907206287,-2.0796481858032583,-1.5027717943453531,-2.597355285250546,-3.0566745602160212,-0.5359587829231733,-36.841361487904734,-1.2641950442732963,-1.2625769603340993,-0.1755681237502908,-2.2873588601064894,-4.035129671942082,-1.363312337494239,-4.2846325796210785,-5.07294734527916
-4.450364532505862,-2.7870237146095875,-1.9440412512491418,-6.532529160313267,-4.381041920303776,-8.357473076640838,-4.027930214682939,-0.47644750357777554,-0.06044757656178254,-1.6482009019545565,-0.4883023637532378,-2.968430244137395,-36.84135826313979,-36.841361487904734,-1.741944184471891,-2.6383988098799773,0.7594625113953019,-5.242416893578184,-1.9695071511459117,-3.256534978745996,-5.844268990556507,-9.439328442469666,-0.2546858609711313,-3.933079543533926,-0.012255351375949427,-5.209094510193527,-4.355007101386619,-0.3940181238878768,-4.782672078179053,-2.9175084570555483,-2.7779895414044833,-1.4338625609332152,-2.4163815892087124,-0.6316012843044541,-5.286300899842483,-6.558403425843067,-2.3124773099568054,-2.1297726340095933,-2.766576285356589,-1.7318662044005124,-1.8008105054378178,-0.5869300592116783,-1.3662751202215284,-1.8682818220177249,-36.841361487904734,-36.841361487904734,-3.2643540558864714,-3.8950830625399524,-2.3706133920967516,-6.688584537431957,-2.073516596926391,-2.607795876761665,-5.258581472719652,-5.6309853500338996,-8.05944758756428,-4.882416577140822,-4.593017054133914,-0.6110016433372021,-36.841361487904734,-0.7461190110306016,-3.4348899333838654,-3.5237145515569015,-36.841361487904734,-0.9199113337036431,-0.7246966155499669,-3.234703813888431,-0.5263385590275654,-1.6391254338536314,-1.1069796985104818,-6.886093874515008,-0.2087773078231842,-1.0615323235412224,-2.473550610826612,-7.2003890249779,-2.222521536283022,-3.639986728048885,-0.4430490353276565,-5.096991894849415,-1.4777540210401072,-36.841361487904734,-1.313439585150586,-0.8348405152947787,-36.80360897443486,-2.9451139291041755,-2.603118126887879,-0.9425144825380959,-0.3221789106306142,-23.461500651961966,-36.841361487904734,-2.84839762782008,-3.5749859666478128,-2.871648653658681,-3.5176964360609606,-2.0478560907206287,-2.0796481858032583,-1.5027717943453531,-2.597355285250546,-3.0566745602160212,-0.5359587829231733,-36.841361487904734,-1.2641950442732963,-1.2625769603340993,-0.1755681237502908,-2.2873588601064894,-4.035129671942082,-1.363312337494239,-4.2846325796210785,-5.07294734527916
-6.142717125048916,-2.340247284589959,-1.2113091461358318,-5.979564082556077,-3.5249325196589667,-1.0442012717504243,-4.340254070598077,-2.4840796444711843,-1.960057199138435,-1.043688766231047,-1.8787578927484574,-2.253374830570524,-31.552156408190154,-36.841361487904734,-1.8373844407120794,-1.722209716252337,-1.6596799817174244,-3.492209175359169,-2.212667613597754,-2.4246596207284092,-3.6893342082956564,-25.168846835592497,0.10497768818367406,-5.410133585372177,-1.4412615071262753,-3.9236258510477215,-5.034258657931617,-1.8829609412665869,-3.2335659463212774,-1.3835080258563393,-2.8437563663900054,-1.4584067764766768,-2.210085817396097,-1.4524102669287262,-3.9514093591189843,-3.9075491614198006,-1.5328958345425028,-1.5543342395613204,-2.2388701063326466,-1.211669580595028,-1.3870057014266992,-0.8969828043687403,-0.7257188707234435,-1.9739662832300338,-36.841361487904734,-36.841361487904734,-3.0077401494161613,-3.1028857349409282,-3.0702500769752628,-4.399475772650995,-0.5107397497712597,-2.3226527177464167,-2.2670326229285798,-3.91480837721373,-5.308143794413815,-4.028806371678773,-4.35437004712438,-3.620314316699516,-36.841361487904734,-0.9917480136011715,-4.116485828682322,-4.910316575179481,-36.841361487904734,-1.562569028424142,-1.3527226525900533,-3.9309355710590883,-1.2547851290178476,-2.367845290303332,-1.820367815572002,-6.2851768381465725,-0.11618290998321493,-1.0755314555292819,-1.583606895405311,-14.461603696368012,-1.5853119535919866,-2.504053601820421,-0.5032677146220773,-4.252478123228749,-2.1207270208577134,-36.841361487904734,-0.8412189987823334,-0.3505485654309892,-12.518974577858168,-2.592435834993656,-1.461971667817723,-0.9635725888324396,-0.732461126453535,-4.57493175615759,-36.841361487904734,-3.2251896560037316,-4.7937035125366565,-3.3276588916200485,-3.5641429210501534,-1.9667677659096103,-2.6562942273562693,-0.5253377108392815,-2.5151769290167056,-2.7087853404162185,-0.35359312491493555,-36.841361487904734,-1.0530829032899955,-1.0743252445747777,-0.1523101277722338,-0.991434425039548,-2.7107369952821463,-1.5873118040464695,-4.814690986166215,-3.8125127327451596
-6.142717125048916,-2.340247284589959,-1.2113091461358318,-5.979564082556077,-3.5249325196589667,-1.0442012717504243,-4.340254070598077,-2.4840796444711843,-1.960057199138435,-1.043688766231047,-1.8787578927484574,-2.253374830570524,-31.552156408190154,-36.841361487904734,-1.8373844407120794,-1.722209716252337,-1.6596799817174244,-3.492209175359169,-2.212667613597754,-2.4246596207284092,-3.6893342082956564,-25.168846835592497,0.10497768818367406,-5.410133585372177,-1.4412615071262753,-3.9236258510477215,-5.034258657931617,-1.8829609412665869,-3.2335659463212774,-1.3835080258563393,-2.8437563663900054,-1.4584067764766768,-2.210085817396097,-1.4524102669287262,-3.9514093591189843,-3.9075491614198006,-1.5328958345425028,-1.5543342395613204,-2.2388701063326466,-1.211669580595028,-1.3870057014266992,-0.8969828043687403,-0.7257188707234435,-1.9739662832300338,-36.841361487904734,-36.841361487904734,-3.0077401494161613,-3.1028857349409282,-3.0702500769752628,-4.399475772650995,-0.5107397497712597,-2.3226527177464167,-2.2670326229285798,-3.91480837721373,-5.308143794413815,-4.028806371678773,-4.35437004712438,-3.620314316699516,-36.841361487904734,-0.9917480136011715,-4.116485828682322,-4.910316575179481,-36.841361487904734,-1.562569028424142,-1.3527226525900533,-3.9309355710590883,-1.2547851290178476,-2.367845290303332,-1.820367815572002,-6.2851768381465725,-0.11618290998321493,-1.0755314555292819,-1.583606895405311,-14.461603696368012,-1.5853119535919866,-2.504053601820421,-0.5032677146220773,-4.252478123228749,-2.1207270208577134,-36.841361487904734,-0.8412189987823334,-0.3505485654309892,-12.518974577858168,-2.592435834993656,-1.461971667817723,-0.9635725888324396,-0.732461126453535,-4.57493175615759,-36.841361487904734,-3.2251896560037316,-4.7937035125366565,-3.3276588916200485,-3.5641429210501534,-1.9667677659096103,-2.6562942273562693,-0.5253377108392815,-2.5151769290167056,-2.7087853404162185,-0.35359312491493555,-36.841361487904734,-1.0530829032899955,-1.0743252445747777,-0.1523101277722338,-0.991434425039548,-2.7107369952821463,-1.5873118040464695,-4.814690986166215,-3.8125127327451596
-6.142717125048916,-2.340247284589959,-1.2113091461358318,-5.979564082556077,-3.5249325196589667,-1.0442012717504243,-4.340254070598077,-2.4840796444711843,-1.960057199138435,-1.043688766231047,-1.8787578927484574,-2.253374830570524,-31.552156408190154,-36.841361487904734,-1.8373844407120794,-1.722209716252337,-1.6596799817174244,-3.492209175359169,-2.212667613597754,-2.4246596207284092,-3.6893342082956564,-25.168846835592497,0.10497768818367406,-5.410133585372177,-1.4412615071262753,-3.9236258510477215,-5.034258657931617,-1.8829609412665869,-3.2335659463212774,-1.3835080258563393,-2.8437563663900054,-1.4584067764766768,-2.210085817396097,-1.4524102669287262,-3.9514093591189843,-3.9075491614198006,-1.5328958345425028,-1.5543342395613204,-2.2388701063326466,-1.211669580595028,-1.3870057014266992,-0.8969828043687403,-0.7257188707234435,-1.9739662832300338,-36.841361487904734,-36.841361487904734,-3.0077401494161613,-3.1028857349409282,-3.0702500769752628,-4.399475772650995,-0.5107397497712597,-2.3226527177464167,-2.2670326229285798,-3.91480837721373,-5.308143794413815,-4.028806371678773,-4.35437004712438,-3.620314316699516,-36.841361487904734,-0.9917480136011715,-4.116485828682322,-4.910316575179481,-36.841361487904734,-1.562569028424142,-1.3527226525900533,-3.9309355710590883,-1.2547851290178476,-2.367845290303332,-1.820367815572002,-6.2851768381465725,-0.11618290998321493,-1.0755314555292819,-1.583606895405311,-14.461603696368012,-1.5853119535919866,-2.504053601820421,-0.5032677146220773,-4.252478123228749,-2.1207270208577134,-36.841361487904734,-0.8412189987823334,-0.3505485654309892,-12.518974577858168,-2.592435834993656,-1.461971667817723,-0.9635725888324396,-0.732461126453535,-4.57493175615759,-36.841361487904734,-3.2251896560037316,-4.7937035125366565,-3.3276588916200485,-3.5641429210501534,-1.9667677659096103,-2.6562942273562693,-0.5253377108392815,-2.5151769290167056,-2.7087853404162185,-0.35359312491493555,-36.841361487904734,-1.0530829032899955,-1.0743252445747777,-0.1523101277722338,-0.991434425039548,-2.7107369952821463,-1.5873118040464695,-4.814690986166215,-3.8125127327451596
-6.142717125048916,-2.340247284589959,-1.2113091461358318,-5.979564082556077,-3.5249325196589667,-1.0442012717504243,-4.340254070598077,-2.4840796444711843,-1.960057199138435,-1.043688766231047,-1.8787578927484574,-2.253374830570524,-31.552156408190154,-36.841361487904734,-1.8373844407120794,-1.722209716252337,-1.6596799817174244,-3.492209175359169,-2.212667613597754,-2.4246596207284092,-3.6893342082956564,-25.168846835592497,0.10497768818367406,-5.410133585372177,-1.4412615071262753,-3.9236258510477215,-5.034258657931617,-1.8829609412665869,-3.2335659463212774,-1.3835080258563393,-2.8437563663900054,-1.4584067764766768,-2.210085817396097,-1.4524102669287262,-3.9514093591189843,-3.9075491614198006,-1.5328958345425028,-1.5543342395613204,-2.2388701063326466,-1.211669580595028,-1.3870057014266992,-0.8969828043687403,-0.7257188707234435,-1.9739662832300338,-36.841361487904734,-36.841361487904734,-3.0077401494161613,-3.1028857349409282,-3.0702500769752628,-4.399475772650995,-0.5107397497712597,-2.3226527177464167,-2.2670326229285798,-3.91480837721373,-5.308143794413815,-4.028806371678773,-4.35437004712438,-3.620314316699516,-36.841361487904734,-0.9917480136011715,-4.116485828682322,-4.910316575179481,-36.841361487904734,-1.562569028424142,-1.3527226525900533,-3.9309355710590883,-1.2547851290178476,-2.367845290303332,-1.820367815572002,-6.2851768381465725,-0.11618290998321493,-1.0755314555292819,-1.583606895405311,-14.461603696368012,-1.5853119535919866,-2.504053601820421,-0.5032677146220773,-4.252478123228749,-2.1207270208577134,-36.841361487904734,-0.8412189987823334,-0.3505485654309892,-12.518974577858168,-2.592435834993656,-1.461971667817723,-0.9635725888324396,-0.732461126453535,-4.57493175615759,-36.841361487904734,-3.2251896560037316,-4.7937035125366565,-3.3276588916200485,-3.5641429210501534,-1.9667677659096103,-2.6562942273562693,-0.5253377108392815,-2.5151769290167056,-2.7087853404162185,-0.35359312491493555,-36.841361487904734,-1.0530829032899955,-1.0743252445747777,-0.1523101277722338,-0.991434425039548,-2.7107369952821463,-1.5873118040464695,-4.814690986166215,-3.8125127327451596
-6.142717125048916,-2.340247284589959,-1.2113091461358318,-5.979564082556077,-3.5249325196589667,-1.0442012717504243,-4.340254070598077,-2.4840796444711843,-1.960057199138435,-1.043688766231047,-1.8787578927484574,-2.253374830570524,-31.552156408190154,-36.841361487904734,-1.8373844407120794,-1.722209716252337,-1.6596799817174244,-3.492209175359169,-2.212667613597754,-2.4246596207284092,-3.6893342082956564,-25.168846835592497,0.10497768818367406,-5.410133585372177,-1.4412615071262753,-3.9236258510477215,-5.034258657931617,-1.8829609412665869,-3.2335659463212774,-1.3835080258563393,-2.8437563663900054,-1.4584067764766768,-2.210085817396097,-1.4524102669287262,-3.9514093591189843,-3.9075491614198006,-1.5328958345425028,-1.5543342395613204,-2.2388701063326466,-1.211669580595028,-1.3870057014266992,-0.8969828043687403,-0.7257188707234435,-1.9739662832300338,-36.841361487904734,-36.841361487904734,-3.0077401494161613,-3.1028857349409282,-3.0702500769752628,-4.399475772650995,-0.5107397497712597,-2.3226527177464167,-2.2670326229285798,-3.91480837721373,-5.308143794413815,-4.028806371678773,-4.35437004712438,-3.620314316699516,-36.841361487904734,-0.9917480136011715,-4.116485828682322,-4.910316575179481,-36.841361487904734,-1.562569028424142,-1.3527226525900533,-3.9309355710590883,-1.2547851290178476,-2.367845290303332,-1.820367815572002,-6.2851768381465725,-0.11618290998321493,-1.0755314555292819,-1.583606895405311,-14.461603696368012,-1.5853119535919866,-2.504053601820421,-0.5032677146220773,-4.252478123228749,-2.1207270208577134,-36.841361487904734,-0.8412189987823334,-0.3505485654309892,-12.518974577858168,-2.592435834993656,-1.461971667817723,-0.9635725888324396,-0.732461126453535,-4.57493175615759,-36.841361487904734,-3.2251896560037316,-4.7937035125366565,-3.3276588916200485,-3.5641429210501534,-1.9667677659096103,-2.6562942273562693,-0.5253377108392815,-2.5151769290167056,-2.7087853404162185,-0.35359312491493555,-36.841361487904734,-1.0530829032899955,-1.0743252445747777,-0.1523101277722338,-0.991434425039548,-2.7107369952821463,-1.5873118040464695,-4.814690986166215,-3.8125127327451596
-6.142717125048916,-2.340247284589959,-1.2113091461358318,-5.979564082556077,-3.5249325196589667,-1.0442012717504243,-4.340254070598077,-2.4840796444711843,-1.960057199138435,-1.043688766231047,-1.8787578927484574,-2.253374830570524,-31.552156408190154,-36.841361487904734,-1.8373844407120794,-1.722209716252337,-1.6596799817174244,-3.492209175359169,-2.212667613597754,-2.4246596207284092,-3.6893342082956564,-25.168846835592497,0.10497768818367406,-5.410133585372177,-1.4412615071262753,-3.9236258510477215,-5.034258657931617,-1.8829609412665869,-3.2335659463212774,-1.3835080258563393,-2.8437563663900054,-1.4584067764766768,-2.210085817396097,-1.4524102669287262,-3.9514093591189843,-3.9075491614198006,-1.5328958345425028,-1.5543342395613204,-2.2388701063326466,-1.211669580595028,-1.3870057014266992,-0.8969828043687403,-0.7257188707234435,-1.9739662832300338,-36.841361487904734,-36.841361487904734,-3.0077401494161613,-3.1028857349409282,-3.0702500769752628,-4.399475772650995,-0.5107397497712597,-2.3226527177464167,-2.2670326229285798,-3.91480837721373,-5.308143794413815,-4.028806371678773,-4.35437004712438,-3.620314316699516,-36.841361487904734,-0.9917480136011715,-4.116485828682322,-4.910316575179481,-36.841361487904734,-1.562569028424142,-1.3527226525900533,-3.9309355710590883,-1.2547851290178476,-2.367845290303332,-1.820367815572002,-6.2851768381465725,-0.11618290998321493,-1.0755314555292819,-1.583606895405311,-14.461603696368012,-1.5853119535919866,-2.504053601820421,-0.5032677146220773,-4.252478123228749,-2.1207270208577134,-36.841361487904734,-0.8412189987823334,-0.3505485654309892,-12.518974577858168,-2.592435834993656,-1.461971667817723,-0.9635725888324396,-0.732461126453535,-4.57493175615759,-36.841361487904734,-3.2251896560037316,-4.7937035125366565,-3.3276588916200485,-3.5641429210501534,-1.9667677659096103,-2.6562942273562693,-0.5253377108392815,-2.5151769290167056,-2.7087853404162185,-0.35359312491493555,-36.841361487904734,-1.0530829032899955,-1.0743252445747777,-0.1523101277722338,-0.991434425039548,-2.7107369952821463,-1.5873118040464695,-4.814690986166215,-3.8125127327451596
-6.142717125048916,-2.340247284589959,-1.2113091461358318,-5.979564082556077,-3.5249325196589667,-1.0442012717504243,-4.340254070598077,-2.4840796444711843,-1.960057199138435,-1.043688766231047,-1.8787578927484574,-2.253374830570524,-31.552156408190154,-36.841361487904734,-1.8373844407120794,-1.722209716252337,-1.6596799817174244,-3.492209175359169,-2.212667613597754,-2.4246596207284092,-3.6893342082956564,-25.168846835592497,0.10497768818367406,-5.410133585372177,-1.4412615071262753,-3.9236258510477215,-5.034258657931617,-1.8829609412665869,-3.2335659463212774,-1.3835080258563393,-2.8437563663900054,-1.4584067764766768,-2.210085817396097,-1.4524102669287262,-3.9514093591189843,-3.9075491614198006,-1.5328958345425028,-1.5543342395613204,-2.2388701063326466,-1.211669580595028,-1.3870057014266992,-0.8969828043687403,-0.7257188707234435,-1.9739662832300338,-36.841361487904734,-36.841361487904734,-3.0077401494161613,-3.1028857349409282,-3.0702500769752628,-4.399475772650995,-0.5107397497712597,-2.3226527177464167,-2.2670326229285798,-3.91480837721373,-5.308143794413815,-4.028806371678773,-4.35437004712438,-3.620314316699516,-36.841361487904734,-0.9917480136011715,-4.116485828682322,-4.910316575179481,-36.841361487904734,-1.562569028424142,-1.3527226525900533,-3.9309355710590883,-1.2547851290178476,-2.367845290303332,-1.820367815572002,-6.2851768381465725,-0.11618290998321493,-1.0755314555292819,-1.583606895405311,-14.461603696368012,-1.5853119535919866,-2.504053601820421,-0.5032677146220773,-4.252478123228749,-2.1207270208577134,-36.841361487904734,-0.8412189987823334,-0.3505485654309892,-12.518974577858168,-2.592435834993656,-1.461971667817723,-0.9635725888324396,-0.732461126453535,-4.57493175615759,-36.841361487904734,-3.2251896560037316,-4.7937035125366565,-3.3276588916200485,-3.5641429210501534,-1.9667677659096103,-2.6562942273562693,-0.5253377108392815,-2.5151769290167056,-2.7087853404162185,-0.35359312491493555,-36.841361487904734,-1.0530829032899955,-1.0743252445747777,-0.1523101277722338,-0.991434425039548,-2.7107369952821463,-1.5873118040464695,-4.814690986166215,-3.8125127327451596
-5.956193646470468,-1.8164710871193965,-2.283668734966043,-5.171359056700494,-0.802734532761186,-2.809197930827901,-2.5131393246272236,-2.6296259147283334,0.2802530007199996,-0.9477718102967787,-2.5181172117528137,-3.568143492928865,-36.84000391813418,-36.841361487904734,-1.9198550105737584,-1.5530494697044477,0.4141426597302376,-3.1092488135938936,-2.3970253000179578,0.3533841209974126,-5.688114802469345,-4.8282953190050195,0.866307658901279,-4.070001444719913,-0.6541959007136888,-6.380583446705754,-6.550800589605195,-1.4174431771312082,-1.8577109397844427,-0.29743354635424035,-2.909797631152639,-1.2620431300059052,-2.8270621866255525,-2.9934794880796725,-2.6812101211527226,-2.4120056957972658,-2.108614733641732,-0.5352629566395848,-2.7161494930140218,-4.250372631900902,-2.0809857973790056,-1.1815909919736283,-2.0626377529169853,-2.1971075310065453,-36.841361487904734,-36.841361487904734,-1.2444121400928971,-1.2268197235773501,-4.538397359946628,-3.885483395780148,-0.7354190084421378,-3.1693065313603768,-3.67936995478078,-3.1673307027188935,-5.889902248266982,-1.16127728572704,-2.365752622521431,-2.2227726558257723,-36.841361487904734,0.339081878628647,-5.080220780824959,-4.525303768282409,-36.841361487904734,-1.6261547804783767,-2.993477792268968,-1.6483180791052694,-0.5793246615189401,-2.3103746327787706,-0.5633816451085576,-4.081903850730599,-1.0046013960083024,-0.3205398181251124,-1.8327793028864834,-3.9253279412507,-3.292902654758546,-4.5094305132990025,-0.1849154375911321,-5.038147650425151,-1.5072146645279603,-36.841361487904734,-1.4695130342264489,-0.523206773343092,-5.209719644877896,-3.278219400315616,-2.540278485075125,-1.3444363317731571,-1.0682789581963743,-36.84060518104876,-36.841361487904734,-2.7807923742714706,-7.2562941868073585,-5.276506036778167,-4.5747852761758505,-2.7803393833411554,-2.973342526068594,-0.9836014638830113,-2.0096827106492006,-3.045816971141819,-0.887080467266551,-36.841361487904734,-1.1603331453277566,-1.394644391367327,-0.46986565967745764,-0.8660421909977271,-4.502917439256154,-2.243492296678018,-3.7192810561251064,-4.293387687984011
-5.956193646470468,-1.8164710871193965,-2.283668734966043,-5.171359056700494,-0.802734532761186,-2.809197930827901,-2.5131393246272236,-2.6296259147283334,0.2802530007199996,-0.9477718102967787,-2.5181172117528137,-3.568143492928865,-36.84000391813418,-36.841361487904734,-1.9198550105737584,-1.5530494697044477,0.4141426597302376,-3.1092488135938936,-2.3970253000179578,0.3533841209974126,-5.688114802469345,-4.8282953190050195,0.866307658901279,-4.070001444719913,-0.6541959007136888,-6.380583446705754,-6.550800589605195,-1.4174431771312082,-1.8577109397844427,-0.29743354635424035,-2.909797631152639,-1.2620431300059052,-2.8270621866255525,-2.9934794880796725,-2.6812101211527226,-2.4120056957972658,-2.108614733641732,-0.5352629566395848,-2.7161494930140218,-4.250372631900902,-2.0809857973790056,-1.1815909919736283,-2.0626377529169853,-2.1971075310065453,-36.841361487904734,-36.841361487904734,-1.2444121400928971,-1.2268197235773501,-4.538397359946628,-3.885483395780148,-0.7354190084421378,-3.1693065313603768,-3.67936995478078,-3.1673307027188935,-5.889902248266982,-1.16127728572704,-2.365752622521431,-2.2227726558257723,-36.841361487904734,0.339081878628647,-5.080220780824959,-4.525303768282409,-36.841361487904734,-1.6261547804783767,-2.993477792268968,-1.6483180791052694,-0.5793246615189401,-2.3103746327787706,-0.5633816451085576,-4.081903850730599,-1.0046013960083024,-0.3205398181251124,-1.8327793028864834,-3.9253279412507,-3.292902654758546,-4.5094305132990025,-0.1849154375911321,-5.038147650425151,-1.5072146645279603,-36.841361487904734,-1.4695130342264489,-0.523206773343092,-5.209719644877896,-3.278219400315616,-2.540278485075125,-1.3444363317731571,-1.0682789581963743,-36.84060518104876,-36.841361487904734,-2.7807923742714706,-7.2562941868073585,-5.276506036778167,-4.5747852761758505,-2.7803393833411554,-2.973342526068594,-0.9836014638830113,-2.0096827106492006,-3.045816971141819,-0.887080467266551,-36.841361487904734,-1.1603331453277566,-1.394644391367327,-0.46986565967745764,-0.8660421909977271,-4.502917439256154,-2.243492296678018,-3.7192810561251064,-4.293387687984011
-5.929316227702469,-1.7603652975620079,-1.8441878792565838,-6.34770150138025,-1.9956531991943007,-2.838755555105919,-1.6758814410401748,-5.5498534500485635,-2.6764190599191293,-1.1453167338933858,-2.5413229399686568,-2.540098499378265,-10.662665027476809,-36.841361487904734,-2.7394309392611333,-0.9637795939028646,-2.215606484846788,-3.040062231639181,-3.0163815547534445,-0.2711512174434205,-6.770403944103316,-5.367439691600108,-0.2785332587612899,-6.4571523773198,-1.8880937754712521,-5.107101422206195,-6.436422027064939,-2.460673559536544,-1.4682337969934265,-0.4850225670161603,-3.2058593190529647,-2.5049993326308,-3.0980568606288004,-3.5279159167228435,-1.2978216630525095,-2.6467140633366686,-1.8386514214848821,-1.0996503012458785,-2.0493851982250946,-4.714256589884285,-1.848300797777299,-1.1017895671665698,-1.8876191154020794,-2.6364087294516927,-36.841361487904734,-36.841361487904734,-2.601642671783791,-3.513748638729539,-5.2037035783631485,-5.7610617406830995,-1.6818709667888572,-4.150011080472556,-1.7038309757346208,-5.073578151820617,-12.04147428130781,-2.555296243781146,-25.207816273041285,-1.4151232971914864,-36.841361487904734,-0.39445335555105737,-4.235763076220267,-7.349984834593964,-36.841361487904734,-1.2219551218770583,-2.9785494370591348,-2.4493878059793666,-1.4066421948527363,-3.1672050277456205,-1.3061865333905278,-4.287970809050426,-0.8165502211565895,-0.7353316005677799,-2.09748478533224,-3.4380791962830144,-3.4309090775021223,-4.332427186270641,-0.3376758286025786,-3.9236896148462983,-1.995703562691229,-36.841361487904734,-1.32561742605035,-0.6259532309606615,-5.515849396405468,-2.5004566936015653,-1.2236100028594716,-1.1967428247151588,-0.5998016773679943,-7.485790627698554,-36.841361487904734,-2.6920277555822496,-26.29025336472647,-4.34130264846504,-3.8570612690099937,-2.5630426204948713,-2.302113742084386,0.002692380110471528,-2.252549083124404,-2.1885230926793526,-0.2955976053854582,-36.841361487904734,-1.288801504886186,-1.6433333657105624,-0.04241573165216401,-0.24122296747240385,-6.767445813219529,-1.3039532633816695,-5.738936547523095,-4.426058088223715
-5.929316227702469,-1.7603652975620079,-1.8441878792565838,-6.34770150138025,-1.9956531991943007,-2.838755555105919,-1.6758814410401748,-5.5498534500485635,-2.6764190599191293,-1.1453167338933858,-2.5413229399686568,-2.540098499378265,-10.662665027476809,-36.841361487904734,-2.7394309392611333,-0.9637795939028646,-2.215606484846788,-3.040062231639181,-3.0163815547534445,-0.2711512174434205,-6.770403944103316,-5.367439691600108,-0.2785332587612899,-6.4571523773198,-1.8880937754712521,-5.107101422206195,-6.436422027064939,-2.460673559536544,-1.4682337969934265,-0.4850225670161603,-3.2058593190529647,-2.5049993326308,-3.0980568606288004,-3.5279159167228435,-1.2978216630525095,-2.6467140633366686,-1.8386514214848821,-1.0996503012458785,-2.0493851982250946,-4.714256589884285,-1.848300797777299,-1.1017895671665698,-1.8876191154020794,-2.6364087294516927,-36.841361487904734,-36.841361487904734,-2.601642671783791,-3.513748638729539,-5.2037035783631485,-5.7610617406830995,-1.6818709667888572,-4.150011080472556,-1.7038309757346208,-5.073578151820617,-12.04147428130781,-2.555296243781146,-25.207816273041285,-1.4151232971914864,-36.841361487904734,-0.39445335555105737,-4.235763076220267,-7.349984834593964,-36.841361487904734,-1.2219551218770583,-2.9785494370591348,-2.4493878059793666,-1.4066421948527363,-3.1672050277456205,-1.3061865333905278,-4.287970809050426,-0.8165502211565895,-0.7353316005677799,-2.09748478533224,-3.4380791962830144,-3.4309090775021223,-4.332427186270641,-0.3376758286025786,-3.9236896148462983,-1.995703562691229,-36.841361487904734,-1.32561742605035,-0.6259532309606615,-5.515849396405468,-2.5004566936015653,-1.2236100028594716,-1.1967428247151588,-0.5998016773679943,-7.485790627698554,-36.841361487904734,-2.6920277555822496,-26.29025336472647,-4.34130264846504,-3.8570612690099937,-2.5630426204948713,-2.302113742084386,0.002692380110471528,-2.252549083124404,-2.1885230926793526,-0.2955976053854582,-36.841361487904734,-1.288801504886186,-1.6433333657105624,-0.04241573165216401,-0.24122296747240385,-6.767445813219529,-1.3039532633816695,-5.738936547523095,-4.426058088223715
-5.929316227702469,-1.7603652975620079,-1.8441878792565838,-6.34770150138025,-1.9956531991943007,-2.838755555105919,-1.6758814410401748,-5.5498534500485635,-2.6764190599191293,-1.1453167338933858,-2.5413229399686568,-2.540098499378265,-10.662665027476809,-36.841361487904734,-2.7394309392611333,-0.9637795939028646,-2.215606484846788,-3.040062231639181,-3.0163815547534445,-0.2711512174434205,-6.770403944103316,-5.367439691600108,-0.2785332587612899,-6.4571523773198,-1.8880937754712521,-5.107101422206195,-6.436422027064939,-2.460673559536544,-1.4682337969934265,-0.4850225670161603,-3.2058593190529647,-2.5049993326308,-3.0980568606288004,-3.5279159167228435,-1.2978216630525095,-2.6467140633366686,-1.8386514214848821,-1.0996503012458785,-2.0493851982250946,-4.714256589884285,-1.848300797777299,-1.1017895671665698,-1.8876191154020794,-2.6364087294516927,-36.841361487904734,-36.841361487904734,-2.601642671783791,-3.513748638729539,-5.2037035783631485,-5.7610617406830995,-1.6818709667888572,-4.150011080472556,-1.7038309757346208,-5.073578151820617,-12.04147428130781,-2.555296243781146,-25.207816273041285,-1.4151232971914864,-36.841361487904734,-0.39445335555105737,-4.235763076220267,-7.349984834593964,-36.841361487904734,-1.2219551218770583,-2.9785494370591348,-2.4493878059793666,-1.4066421948527363,-3.1672050277456205,-1.3061865333905278,-4.287970809050426,-0.8165502211565895,-0.7353316005677799,-2.09748478533224,-3.4380791962830144,-3.4309090775021223,-4.332427186270641,-0.3376758286025786,-3.9236896148462983,-1.995703562691229,-36.841361487904734,-1.32561742605035,-0.6259532309606615,-5.515849396405468,-2.5004566936015653,-1.2236100028594716,-1.1967428247151588,-0.5998016773679943,-7.485790627698554,-36.841361487904734,-2.6920277555822496,-26.29025336472647,-4.34130264846504,-3.8570612690099937,-2.5630426204948713,-2.302113742084386,0.002692380110471528,-2.252549083124404,-2.1885230926793526,-0.2955976053854582,-36.841361487904734,-1.288801504886186,-1.6433333657105624,-0.04241573165216401,-0.24122296747240385,-6.767445813219529,-1.3039532633816695,-5.738936547523095,-4.426058088223715
-5.929316227702469,-1.7603652975620079,-1.8441878792565838,-6.34770150138025,-1.9956531991943007,-2.838755555105919,-1.6758814410401748,-5.5498534500485635,-2.6764190599191293,-1.1453167338933858,-2.5413229399686568,-2.540098499378265,-10.662665027476809,-36.841361487904734,-2.7394309392611333,-0.9637795939028646,-2.215606484846788,-3.040062231639181,-3.0163815547534445,-0.2711512174434205,-6.770403944103316,-5.367439691600108,-0.2785332587612899,-6.4571523773198,-1.8880937754712521,-5.107101422206195,-6.436422027064939,-2.460673559536544,-1.4682337969934265,-0.4850225670161603,-3.2058593190529647,-2.5049993326308,-3.0980568606288004,-3.5279159167228435,-1.2978216630525095,-2.6467140633366686,-1.8386514214848821,-1.0996503012458785,-2.0493851982250946,-4.714256589884285,-1.848300797777299,-1.1017895671665698,-1.8876191154020794,-2.6364087294516927,-36.841361487904734,-36.841361487904734,-2.601642671783791,-3.513748638729539,-5.2037035783631485,-5.7610617406830995,-1.6818709667888572,-4.150011080472556,-1.7038309757346208,-5.073578151820617,-12.04147428130781,-2.555296243781146,-25.207816273041285,-1.4151232971914864,-36.841361487904734,-0.39445335555105737,-4.235763076220267,-7.349984834593964,-36.841361487904734,-1.2219551218770583,-2.9785494370591348,-2.4493878059793666,-1.4066421948527363,-3.1672050277456205,-1.3061865333905278,-4.287970809050426,-0.8165502211565895,-0.7353316005677799,-2.09748478533224,-3.4380791962830144,-3.4309090775021223,-4.332427186270641,-0.3376758286025786,-3.9236896148462983,-1.995703562691229,-36.841361487904734,-1.32561742605035,-0.6259532309606615,-5.515849396405468,-2.5004566936015653,-1.2236100028594716,-1.1967428247151588,-0.5998016773679943,-7.485790627698554,-36.841361487904734,-2.6920277555822496,-26.29025336472647,-4.34130264846504,-3.8570612690099937,-2.5630426204948713,-2.302113742084386,0.002692380110471528,-2.252549083124404,-2.1885230926793526,-0.2955976053854582,-36.841361487904734,-1.288801504886186,-1.6433333657105624,-0.04241573165216401,-0.24122296747240385,-6.767445813219529,-1.3039532633816695,-5.738936547523095,-4.426058088223715
-5.546288425625213,-1.9877454566897552,-2.7291182790831625,-6.36157508822686,-2.1559386719899494,-0.8641490186116563,-1.9701487382142666,-4.961239932448406,-4.213298679141464,-1.7911559059556343,-2.4481286677368344,-1.9961152537449025,-16.305499463197698,-36.841361487904734,-2.525572085760797,-1.4979825387441972,-2.6414409037562336,-4.815448929127927,-2.5951067691922156,-2.336168770816021,-3.695135216015293,-7.873691815528151,-0.7039705609617611,-4.677750366364883,-1.3366564466770683,-2.344680087482633,-5.306396401077068,-1.9861259574042223,-1.1559059731646197,-2.612728066919971,-2.1036265360469835,-5.148898236788333,-3.5084306009713306,-3.8954398202977463,-1.8418608388454034,-3.473007234574242,-1.5257732208110615,-0.9736205469649889,-1.6228296661631338,-2.608542667935787,-1.5366370863465564,-1.3326815817560396,-1.8818086715027402,-2.184613848474777,-36.841361487904734,-36.841361487904734,-4.105324309440031,-4.151749539255873,-4.990541709190174,-6.243413311787308,-1.8027979397735154,-4.114839157476334,-2.843261852121002,-5.283386847217168,-12.705502611175108,-5.326360276255015,-17.941029009624287,-1.9773595462138396,-36.841361487904734,-0.6268006440742597,-4.611755043991838,-3.8139328585668157,-36.841361487904734,-1.2639852909441882,-3.6573189665219377,-1.9481550771393994,-2.1387782503236172,-2.3470027297541605,-1.299364567566675,-6.525769429976453,-0.4476767097563681,-0.918638496353959,-1.3925178411057324,-6.066149937714733,-2.5601320752002703,-3.8470685251455334,-0.4246347553037409,-4.523958519609569,-3.0178122728833747,-36.841361487904734,-0.9448839630387929,-0.43057760245852933,-6.786836840240037,-2.067822756965531,-1.0576715748354615,-0.8245423386271546,-0.4047758224017107,-6.2926049281409675,-36.841361487904734,-3.0325835801778487,-4.250589714504837,-2.314996952635441,-3.8453055456068497,-2.493974820319047,-1.0746563187835845,-0.1513679052212076,-2.4133346299603984,-2.323522122122234,-0.1909834971181247,-36.841361487904734,-1.2523338045614913,-1.6345244370297112,0.06783077332997897,-0.6449501329635986,-5.893754354962432,-1.071233944868235,-21.00303305559899,-3.4270274088154493
-5.895749616460798,-2.044708306825334,-1.1261555026627008,-5.950562061974327,-0.4029178481151856,-2.364911366038451,-2.8631254938948363,-2.8792107199811743,-0.3056196529686447,-1.0475897888336212,-2.794080740621603,-3.1016550083923957,-36.64402848168762,-36.841361487904734,-3.0549563949834018,-1.1475005896442791,0.4917156255409412,-4.742461590018247,-2.093896121769528,-0.10224873932251945,-5.386392664908169,-3.625499110452869,0.7131735878681321,-3.087930803427093,-0.6034834531283074,-2.8253868038676044,-3.1177161466604733,-0.6673395124660183,-0.15396790069262783,-1.3598082796394504,-2.112224245176713,-3.3220105583417965,-3.920972149075197,-4.054513114874783,-1.4738533335237987,-0.3308872834628734,-1.406465511738462,-0.4085953254276438,-2.416579968024268,-2.265787429779473,-1.6638874167861224,-1.226303069192758,-2.6700948949818377,-1.454313176781065,-36.841361487904734,-36.841361487904734,-2.936214817464039,-1.1223874774531746,-5.629220167736366,-4.2554358840070385,-2.383165129772155,-3.046400492171879,-3.574611237805729,-3.590656282248161,-5.318451104796274,-1.0536614070989831,-5.151100576855536,-2.9502781657512127,-36.841361487904734,0.23919068466768204,-4.155179009995486,-4.3938948407762455,-36.841361487904734,-1.9807701525840833,-3.5616445732339566,-2.1450906234114004,-0.7860351670702652,-2.1839371289587115,-0.8836523846608515,-2.202278740652046,-0.46870168267592244,-0.9115343894303515,-1.7310379494475163,-5.388253950150776,-2.5015044012468546,-3.622716663480749,-0.4752333932287658,-4.506228949676436,-2.6145596755224494,-36.841361487904734,-0.6741080254007866,0.05985771285416916,-4.687791868043804,-2.4015108059741013,-1.3834310270664572,-1.2156602265695142,-0.8766630601062854,-6.383149458607677,-36.841361487904734,-2.703146753876559,-4.32152697454393,-2.4861016678551193,-3.445940130005394,-3.113014678032987,-1.0933868425395428,-0.17664891604819796,-2.427326240963021,-2.0716208087466117,-0.5110175342098286,-36.841361487904734,-1.2529452918689443,-1.683301470100072,0.11967984856753155,-0.8350734739929205,-3.7013378060188966,-1.7820918085503312,-4.528488354279356,-3.5648135405616275
-4.661843754805657,-1.8075186376622,-2.3681731049250554,-6.255813482713376,-1.85748001759924,-4.273843844258898,-2.8202809771643595,-1.2971510426454425,0.22858623578867304,-0.9839213969260105,-2.522756540216579,-3.1015345637336753,-36.69117005626111,-36.841361487904734,-2.8962908167401014,-1.6480876124892252,-0.41089130788289985,-2.973848796246379,-2.244999276826473,-0.7454435276049809,-5.268688739966657,-4.654957733766615,0.3369871456378305,-4.127470289007975,0.07271079049413934,-4.922460453243611,-4.88920561648941,0.34431788837964733,-1.5121577294002349,-0.903358174091114,-1.899883935027486,-2.5578234619490403,-3.3673729442484386,-2.9850316756157382,-1.6794531007599103,-4.0495081694422215,-1.8786070957948502,-0.47926014647089105,-2.1197867670447517,-3.6244324652129984,-1.954780539875677,-0.8586312737062113,-1.4560177268143983,-1.2778158010779934,-36.841361487904734,-36.841361487904734,-3.219980781173467,-2.79522379752494,-4.678668430277026,-3.323730257386994,-2.3892269398141046,-3.248590463408183,-4.820754293191733,-4.410278164202535,-6.164087536513122,-1.4983291561820202,-4.452870933309314,-1.2646651701715552,-36.841361487904734,0.06206227789510128,-4.264569384885943,-5.613414913575264,-36.841361487904734,-1.0069665546213866,-3.527492405823329,-2.232454257331275,-0.6138774127528768,-1.6681581404909354,-0.9839584399136115,-4.649412151109002,-0.7980484098411245,-0.7487701970560516,-2.384295553542413,-4.2311101578900265,-3.1653602634156552,-4.913144222179908,-0.4723665144265928,-4.722063355008635,-2.4207213992273555,-36.841361487904734,-1.5071187991165556,-0.687122811409762,-8.296553368189395,-2.7285824314610707,-2.1511958817269767,-1.086343979806113,-0.49055988882349977,-36.82014042450448,-36.841361487904734,-2.7054733335954158,-3.4800408711506483,-2.722742193079933,-4.366973402651887,-2.5820366189104202,-2.4623953520711575,-0.7606270431275982,-2.360366280433146,-3.3178067723730766,-0.6298026265926299,-36.841361487904734,-1.3158986832643869,-1.5316131242409796,-0.1782130035249391,-1.5156963533297947,-4.424280812769649,-1.618885228862103,-4.737433876853063,-4.702303959296457
-6.142717125048916,-2.340247284589959,-1.2113091461358318,-5.979564082556077,-3.5249325196589667,-1.0442012717504243,-4.340254070598077,-2.4840796444711843,-1.960057199138435,-1.043688766231047,-1.8787578927484574,-2.253374830570524,-31.552156408190154,-36.841361487904734,-1.8373844407120794,-1.722209716252337,-1.6596799817174244,-3.492209175359169,-2.212667613597754,-2.4246596207284092,-3.6893342082956564,-25.168846835592497,0.10497768818367406,-5.410133585372177,-1.4412615071262753,-3.9236258510477215,-5.034258657931617,-1.8829609412665869,-3.2335659463212774,-1.3835080258563393,-2.8437563663900054,-1.4584067764766768,-2.210085817396097,-1.4524102669287262,-3.9514093591189843,-3.9075491614198006,-1.5328958345425028,-1.5543342395613204,-2.2388701063326466,-1.211669580595028,-1.3870057014266992,-0.8969828043687403,-0.7257188707234435,-1.9739662832300338,-36.841361487904734,-36.841361487904734,-3.0077401494161613,-3.1028857349409282,-3.0702500769752628,-4.399475772650995,-0.5107397497712597,-2.3226527177464167,-2.2670326229285798,-3.91480837721373,-5.308143794413815,-4.028806371678773,-4.35437004712438,-3.620314316699516,-36.841361487904734,-0.9917480136011715,-4.116485828682322,-4.910316575179481,-36.841361487904734,-1.562569028424142,-1.3527226525900533,-3.9309355710590883,-1.2547851290178476,-2.367845290303332,-1.820367815572002,-6.2851768381465725,-0.11618290998321493,-1.0755314555292819,-1.583606895405311,-14.461603696368012,-1.5853119535919866,-2.504053601820421,-0.5032677146220773,-4.252478123228749,-2.1207270208577134,-36.841361487904734,-0.8412189987823334,-0.3505485654309892,-12.518974577858168,-2.592435834993656,-1.461971667817723,-0.9635725888324396,-0.732461126453535,-4.57493175615759,-36.841361487904734,-3.2251896560037316,-4.7937035125366565,-3.3276588916200485,-3.5641429210501534,-1.9667677659096103,-2.6562942273562693,-0.5253377108392815,-2.5151769290167056,-2.7087853404162185,-0.35359312491493555,-36.841361487904734,-1.0530829032899955,-1.0743252445747777,-0.1523101277722338,-0.991434425039548,-2.7107369952821463,-1.5873118040464695,-4.814690986166215,-3.8125127327451596
-7.049891846279587,-1.967538387032936,-3.216656332235232,-5.911968956656816,-3.488354526837544,0.04504731893856657,-1.7169292779458043,-4.161960114723411,-4.492676144344988,-1.2798038979584805,-5.470716656379396,-2.823031002401553,-5.7675404859799455,-36.841361487904734,-2.8964402415248385,-1.042892931307925,-3.0679087815328194,-4.542318145363223,-2.8139971759002482,-2.5280076086690992,-4.1399310102245765,-6.513315099435594,-0.35016092966840645,-5.5312492709543815,-5.946729422667796,-6.067769390962133,-6.743820257189998,-3.804067686043686,-0.9632178953535052,-0.5576141738615674,-1.5288977129717123,-1.6756876670926184,-2.8416206982376018,-2.8408240460378438,-2.9171831893155566,-8.672622218275167,-2.134188352685046,-0.24621242046441025,-1.905644591555826,-5.042621423698984,-1.8051788404555165,-1.818694326041302,-2.4145446331253657,-2.8996615518817452,-36.841361487904734,-36.841361487904734,-2.8162184440203917,-3.2224311404104315,-4.776926188774116,-4.573173755208648,-1.9870238567257836,-3.7375150896706146,-1.4346064256655637,-3.950935308714498,-12.385097973344326,-3.8107265082448643,-6.496878730580246,-2.5713984439481026,-36.841361487904734,-0.7291530113372029,-4.0164346270246964,-4.2443081778639975,-36.841361487904734,-0.9398133540903151,-2.3647231924523524,-3.0089368549394204,-0.7634201153712444,-2.770250499481972,-1.6500577551606481,-5.289160500275153,-0.50272259526326,-0.7342996961804534,-1.953861527043588,-9.153338633164108,-3.473477763744276,-4.40517599749884,-0.4443202163354843,-3.1818810263282438,-2.575670746315861,-36.841361487904734,-1.3388035936175724,-0.7685906708496874,-6.230494626678208,-2.2328168547687928,-0.6824904262179806,-1.2778212237255224,-0.49934756536223796,-8.75163112892054,-36.841361487904734,-2.7800358475261255,-5.519674495892416,-4.526886018161874,-4.470696703067013,-3.0030093000794094,-2.381312286489802,-0.29277126339060094,-2.627705820740106,-2.6633987827179912,-0.30873691274979653,-36.841361487904734,-1.2989363240987328,-1.6007149470948558,-0.2948438141566648,-0.6564404600195625,-5.856400284053476,-1.1875569720130394,-5.622065427797238,-3.6728991642976396
-7.049891846279587,-1.967538387032936,-3.216656332235232,-5.911968956656816,-3.488354526837544,0.04504731893856657,-1.7169292779458043,-4.161960114723411,-4.492676144344988,-1.2798038979584805,-5.470716656379396,-2.823031002401553,-5.7675404859799455,-36.841361487904734,-2.8964402415248385,-1.042892931307925,-3.0679087815328194,-4.542318145363223,-2.8139971759002482,-2.5280076086690992,-4.1399310102245765,-6.513315099435594,-0.35016092966840645,-5.5312492709543815,-5.946729422667796,-6.067769390962133,-6.743820257189998,-3.804067686043686,-0.9632178953535052,-0.5576141738615674,-1.5288977129717123,-1.6756876670926184,-2.8416206982376018,-2.8408240460378438,-2.9171831893155566,-8.672622218275167,-2.134188352685046,-0.24621242046441025,-1.905644591555826,-5.042621423698984,-1.8051788404555165,-1.818694326041302,-2.4145446331253657,-2.8996615518817452,-36.841361487904734,-36.841361487904734,-2.8162184440203917,-3.2224311404104315,-4.776926188774116,-4.573173755208648,-1.9870238567257836,-3.7375150896706146,-1.4346064256655637,-3.950935308714498,-12.385097973344326,-3.8107265082448643,-6.496878730580246,-2.5713984439481026,-36.841361487904734,-0.7291530113372029,-4.0164346270246964,-4.2443081778639975,-36.841361487904734,-0.9398133540903151,-2.3647231924523524,-3.0089368549394204,-0.7634201153712444,-2.770250499481972,-1.6500577551606481,-5.289160500275153,-0.50272259526326,-0.7342996961804534,-1.953861527043588,-9.153338633164108,-3.473477763744276,-4.40517599749884,-0.4443202163354843,-3.1818810263282438,-2.575670746315861,-36.841361487904734,-1.3388035936175724,-0.7685906708496874,-6.230494626678208,-2.2328168547687928,-0.6824904262179806,-1.2778212237255224,-0.49934756536223796,-8.75163112892054,-36.841361487904734,-2.7800358475261255,-5.519674495892416,-4.526886018161874,-4.470696703067013,-3.0030093000794094,-2.381312286489802,-0.29277126339060094,-2.627705820740106,-2.6633987827179912,-0.30873691274979653,-36.841361487904734,-1.2989363240987328,-1.6007149470948558,-0.2948438141566648,-0.6564404600195625,-5.856400284053476,-1.1875569720130394,-5.622065427797238,-3.6728991642976396
-7.049891846279587,-1.967538387032936,-3.216656332235232,-5.911968956656816,-3.488354526837544,0.04504731893856657,-1.7169292779458043,-4.161960114723411,-4.492676144344988,-1.2798038979584805,-5.470716656379396,-2.823031002401553,-5.7675404859799455,-36.841361487904734,-2.8964402415248385,-1.042892931307925,-3.0679087815328194,-4.542318145363223,-2.8139971759002482,-2.5280076086690992,-4.1399310102245765,-6.513315099435594,-0.35016092966840645,-5.5312492709543815,-5.946729422667796,-6.067769390962133,-6.743820257189998,-3.804067686043686,-0.9632178953535052,-0.5576141738615674,-1.5288977129717123,-1.6756876670926184,-2.8416206982376018,-2.8408240460378438,-2.9171831893155566,-8.672622218275167,-2.134188352685046,-0.24621242046441025,-1.905644591555826,-5.042621423698984,-1.8051788404555165,-1.818694326041302,-2.4145446331253657,-2.8996615518817452,-36.841361487904734,-36.841361487904734,-2.8162184440203917,-3.2224311404104315,-4.776926188774116,-4.573173755208648,-1.9870238567257836,-3.7375150896706146,-1.4346064256655637,-3.950935308714498,-12.385097973344326,-3.8107265082448643,-6.496878730580246,-2.5713984439481026,-36.841361487904734,-0.7291530113372029,-4.0164346270246964,-4.2443081778639975,-36.841361487904734,-0.9398133540903151,-2.3647231924523524,-3.0089368549394204,-0.7634201153712444,-2.770250499481972,-1.6500577551606481,-5.289160500275153,-0.50272259526326,-0.7342996961804534,-1.953861527043588,-9.153338633164108,-3.473477763744276,-4.40517599749884,-0.4443202163354843,-3.1818810263282438,-2.575670746315861,-36.841361487904734,-1.3388035936175724,-0.7685906708496874,-6.230494626678208,-2.2328168547687928,-0.6824904262179806,-1.2778212237255224,-0.49934756536223796,-8.75163112892054,-36.841361487904734,-2.7800358475261255,-5.519674495892416,-4.526886018161874,-4.470696703067013,-3.0030093000794094,-2.381312286489802,-0.29277126339060094,-2.627705820740106,-2.6633987827179912,-0.30873691274979653,-36.841361487904734,-1.2989363240987328,-1.6007149470948558,-0.2948438141566648,-0.6564404600195625,-5.856400284053476,-1.1875569720130394,-5.622065427797238,-3.6728991642976396
-7.049891846279587,-1.967538387032936,-3.216656332235232,-5.911968956656816,-3.488354526837544,0.04504731893856657,-1.7169292779458043,-4.161960114723411,-4.492676144344988,-1.2798038979584805,-5.470716656379396,-2.823031002401553,-5.7675404859799455,-36.841361487904734,-2.8964402415248385,-1.042892931307925,-3.0679087815328194,-4.542318145363223,-2.8139971759002482,-2.5280076086690992,-4.1399310102245765,-6.513315099435594,-0.35016092966840645,-5.5312492709543815,-5.946729422667796,-6.067769390962133,-6.743820257189998,-3.804067686043686,-0.9632178953535052,-0.5576141738615674,-1.5288977129717123,-1.6756876670926184,-2.8416206982376018,-2.8408240460378438,-2.9171831893155566,-8.672622218275167,-2.134188352685046,-0.24621242046441025,-1.905644591555826,-5.042621423698984,-1.8051788404555165,-1.818694326041302,-2.4145446331253657,-2.8996615518817452,-36.841361487904734,-36.841361487904734,-2.8162184440203917,-3.2224311404104315,-4.776926188774116,-4.573173755208648,-1.9870238567257836,-3.7375150896706146,-1.4346064256655637,-3.950935308714498,-12.385097973344326,-3.8107265082448643,-6.496878730580246,-2.5713984439481026,-36.841361487904734,-0.7291530113372029,-4.0164346270246964,-4.2443081778639975,-36.841361487904734,-0.9398133540903151,-2.3647231924523524,-3.0089368549394204,-0.7634201153712444,-2.770250499481972,-1.6500577551606481,-5.289160500275153,-0.50272259526326,-0.7342996961804534,-1.953861527043588,-9.153338633164108,-3.473477763744276,-4.40517599749884,-0.4443202163354843,-3.1818810263282438,-2.575670746315861,-36.841361487904734,-1.3388035936175724,-0.7685906708496874,-6.230494626678208,-2.2328168547687928,-0.6824904262179806,-1.2778212237255224,-0.49934756536223796,-8.75163112892054,-36.841361487904734,-2.7800358475261255,-5.519674495892416,-4.526886018161874,-4.470696703067013,-3.0030093000794094,-2.381312286489802,-0.29277126339060094,-2.627705820740106,-2.6633987827179912,-0.30873691274979653,-36.841361487904734,-1.2989363240987328,-1.6007149470948558,-0.2948438141566648,-0.6564404600195625,-5.856400284053476,-1.1875569720130394,-5.622065427797238,-3.6728991642976396
-7.049891846279587,-1.967538387032936,-3.216656332235232,-5.911968956656816,-3.488354526837544,0.04504731893856657,-1.7169292779458043,-4.161960114723411,-4.492676144344988,-1.2798038979584805,-5.470716656379396,-2.823031002401553,-5.7675404859799455,-36.841361487904734,-2.8964402415248385,-1.042892931307925,-3.0679087815328194,-4.542318145363223,-2.8139971759002482,-2.5280076086690992,-4.1399310102245765,-6.513315099435594,-0.35016092966840645,-5.5312492709543815,-5.946729422667796,-6.067769390962133,-6.743820257189998,-3.804067686043686,-0.9632178953535052,-0.5576141738615674,-1.5288977129717123,-1.6756876670926184,-2.8416206982376018,-2.8408240460378438,-2.9171831893155566,-8.672622218275167,-2.134188352685046,-0.24621242046441025,-1.905644591555826,-5.042621423698984,-1.8051788404555165,-1.818694326041302,-2.4145446331253657,-2.8996615518817452,-36.841361487904734,-36.841361487904734,-2.8162184440203917,-3.2224311404104315,-4.776926188774116,-4.573173755208648,-1.9870238567257836,-3.7375150896706146,-1.4346064256655637,-3.950935308714498,-12.385097973344326,-3.8107265082448643,-6.496878730580246,-2.5713984439481026,-36.841361487904734,-0.7291530113372029,-4.0164346270246964,-4.2443081778639975,-36.841361487904734,-0.9398133540903151,-2.3647231924523524,-3.0089368549394204,-0.7634201153712444,-2.770250499481972,-1.6500577551606481,-5.289160500275153,-0.50272259526326,-0.7342996961804534,-1.953861527043588,-9.153338633164108,-3.473477763744276,-4.40517599749884,-0.4443202163354843,-3.1818810263282438,-2.575670746315861,-36.841361487904734,-1.3388035936175724,-0.7685906708496874,-6.230494626678208,-2.2328168547687928,-0.6824904262179806,-1.2778212237255224,-0.49934756536223796,-8.75163112892054,-36.841361487904734,-2.7800358475261255,-5.519674495892416,-4.526886018161874,-4.470696703067013,-3.0030093000794094,-2.381312286489802,-0.29277126339060094,-2.627705820740106,-2.6633987827179912,-0.30873691274979653,-36.841361487904734,-1.2989363240987328,-1.6007149470948558,-0.2948438141566648,-0.6564404600195625,-5.856400284053476,-1.1875569720130394,-5.622065427797238,-3.6728991642976396
-5.508565924462205,-1.5363066685470868,-3.7935954496520665,-4.4166126186758285,-3.577650812914305,-1.396167579462298,-2.015905186922837,-1.9028794745192024,-1.9679396205516941,-1.4005955946479067,-5.05294195931429,-4.118799656997758,-24.192367772003177,-36.841361487904734,-3.0382087393351087,-1.882443230593345,-0.7923549409054458,-5.2258919063363845,-2.291193962059138,-4.3120433726015674,-3.947864395332269,-7.552035630837401,-0.4140946676302409,-5.587244651453965,-2.714200782556348,-3.8406775918159313,-4.775290961979557,-1.7258334293735402,-0.9450665805854332,-0.9576737452659095,-0.5553132371568174,-2.2753490283786655,-3.087381147589523,-2.3911595948645505,-2.302239230238249,-8.945959752929815,-2.1752084681512724,-0.12114648175470735,-1.5101975341252802,-3.3338433557371974,-1.9104812609923612,-1.5241665193448661,-2.6311615260088983,-1.9608831381640635,-36.841361487904734,-36.841361487904734,-3.7500229120728363,-3.1098644676194858,-3.4097871446770234,-5.651924843043561,-2.4208573327390623,-2.9332781613333117,-2.721343968204316,-4.346830742230505,-11.577337233905238,-3.1760989061615272,-5.929660177930859,-0.8608381416919502,-36.841361487904734,-0.923778977527943,-3.5949293607633,-2.7657470120829277,-36.841361487904734,-1.0030778913270937,-2.846359507724135,-2.5819522883651214,-0.5786306877296304,-2.6551524751090043,-1.5955316424779424,-22.324262287097724,-0.5718685602723577,-1.2098162271366464,-2.5301468627459354,-6.840974189852483,-2.7965620579153927,-4.673797370622956,-0.5749582288405498,-4.843683582401211,-2.7778168312688303,-36.841361487904734,-1.108456901289823,-0.7281748369175064,-7.022372557595051,-2.6328824656458596,-1.8646995987867936,-0.954581203022953,-0.3796685686895369,-29.429675495779154,-36.841361487904734,-2.8012082524871342,-3.571465836229236,-2.2619278984883198,-3.99977015095283,-2.437141310524957,-1.7810201308073135,-0.3555669586075953,-2.175986388067356,-2.885062074782834,-0.3640896443544742,-36.841361487904734,-1.5887110924220473,-1.7290347976662235,-0.12157876576150362,-0.9673119670060493,-4.258730361791505,-1.6114408672197476,-5.415704290059643,-3.0954351037291583
-5.508565924462205,-1.5363066685470868,-3.7935954496520665,-4.4166126186758285,-3.577650812914305,-1.396167579462298,-2.015905186922837,-1.9028794745192024,-1.9679396205516941,-1.4005955946479067,-5.05294195931429,-4.118799656997758,-24.192367772003177,-36.841361487904734,-3.0382087393351087,-1.882443230593345,-0.7923549409054458,-5.2258919063363845,-2.291193962059138,-4.3120433726015674,-3.947864395332269,-7.552035630837401,-0.4140946676302409,-5.587244651453965,-2.714200782556348,-3.8406775918159313,-4.775290961979557,-1.7258334293735402,-0.9450665805854332,-0.9576737452659095,-0.5553132371568174,-2.2753490283786655,-3.087381147589523,-2.3911595948645505,-2.302239230238249,-8.945959752929815,-2.1752084681512724,-0.12114648175470735,-1.5101975341252802,-3.3338433557371974,-1.9104812609923612,-1.5241665193448661,-2.6311615260088983,-1.9608831381640635,-36.841361487904734,-36.841361487904734,-3.7500229120728363,-3.1098644676194858,-3.4097871446770234,-5.651924843043561,-2.4208573327390623,-2.9332781613333117,-2.721343968204316,-4.346830742230505,-11.577337233905238,-3.1760989061615272,-5.929660177930859,-0.8608381416919502,-36.841361487904734,-0.923778977527943,-3.5949293607633,-2.7657470120829277,-36.841361487904734,-1.0030778913270937,-2.846359507724135,-2.5819522883651214,-0.5786306877296304,-2.6551524751090043,-1.5955316424779424,-22.324262287097724,-0.5718685602723577,-1.2098162271366464,-2.5301468627459354,-6.840974189852483,-2.7965620579153927,-4.673797370622956,-0.5749582288405498,-4.843683582401211,-2.7778168312688303,-36.841361487904734,-1.108456901289823,-0.7281748369175064,-7.022372557595051,-2.6328824656458596,-1.8646995987867936,-0.954581203022953,-0.3796685686895369,-29.429675495779154,-36.841361487904734,-2.8012082524871342,-3.571465836229236,-2.2619278984883198,-3.99977015095283,-2.437141310524957,-1.7810201308073135,-0.3555669586075953,-2.175986388067356,-2.885062074782834,-0.3640896443544742,-36.841361487904734,-1.5887110924220473,-1.7290347976662235,-0.12157876576150362,-0.9673119670060493,-4.258730361791505,-1.6114408672197476,-5.415704290059643,-3.0954351037291583
-4.557641464663148,-1.8575485116821926,-2.1435005819027912,-5.753957360920421,-2.9680471939151314,-2.626925667367921,-3.359398006468383,-2.531823436192936,-1.491905628154691,-1.5255493928281207,-1.234982116389337,-2.689338974987163,-7.331757999773825,-36.841361487904734,-2.640688119898039,-2.124848119572369,0.4802700330677559,-3.7441852569140655,-1.8142154564306294,-5.199080902423674,-3.3746148798353977,-9.690932501105788,-0.1207845234055052,-2.2267593046263636,-0.5224988145561741,-2.1400100510904054,-4.925869318192862,-0.113626715910514,-0.7876518466337002,-2.6615913665348656,-0.8106091562899677,-2.7977573926336343,-2.6716013825063163,-1.6361995011683017,-2.089103797421602,-4.8350092996607605,-1.2143048493185835,-0.5800730963871172,-1.3832578764723813,-0.5652927567508209,-1.7144258310160185,-0.9082522992904796,-2.286470430473587,-1.1558664851276594,-36.841361487904734,-36.841361487904734,-3.5385894720029216,-3.2749535718170217,-1.7640872117732511,-5.619382103691785,-1.9500442714214379,-1.7550346645888035,-3.1748473537785054,-2.238369057961517,-17.086457528651767,-5.099909804889643,-5.66709212002438,-2.47749336107842,-36.841361487904734,-0.9682615177706921,-3.5110211849996156,-2.758861082478343,-36.841361487904734,-1.4668648731692702,-2.2177378194767687,-2.3270845249117973,-0.7708516057158634,-1.8790666515433623,-1.4332772548730464,-5.502777107058271,-0.1495874032193929,-1.3332990220522352,-1.7132643876722307,-3.8655527643731964,-2.946140536128833,-4.111334330706704,-0.7092499737821154,-5.358186275800385,-2.4466290708128073,-36.841361487904734,-0.8702982752086965,-0.4005365623737607,-5.685117440664398,-2.179967543851904,-1.973177294147552,-1.1849321811272038,-0.6627329739718515,-5.519722366083387,-36.841361487904734,-2.4548174090602766,-2.5291342987086094,-0.7979182914479966,-2.8047228078126865,-2.3033531228278616,-0.5965779959962249,-0.6687191225060264,-2.7421521444632098,-2.4785049764073137,-0.3537770204872747,-36.841361487904734,-1.3393008786015241,-1.5144299076529624,0.1498434563859713,-1.215042991044699,-4.45964391375963,-1.733825086455511,-5.3605527611241675,-4.574387499146311
-4.557641464663148,-1.8575485116821926,-2.1435005819027912,-5.753957360920421,-2.9680471939151314,-2.626925667367921,-3.359398006468383,-2.531823436192936,-1.491905628154691,-1.5255493928281207,-1.234982116389337,-2.689338974987163,-7.331757999773825,-36.841361487904734,-2.640688119898039,-2.124848119572369,0.4802700330677559,-3.7441852569140655,-1.8142154564306294,-5.199080902423674,-3.3746148798353977,-9.690932501105788,-0.1207845234055052,-2.2267593046263636,-0.5224988145561741,-2.1400100510904054,-4.925869318192862,-0.113626715910514,-0.7876518466337002,-2.6615913665348656,-0.8106091562899677,-2.7977573926336343,-2.6716013825063163,-1.6361995011683017,-2.089103797421602,-4.8350092996607605,-1.2143048493185835,-0.5800730963871172,-1.3832578764723813,-0.5652927567508209,-1.7144258310160185,-0.9082522992904796,-2.286470430473587,-1.1558664851276594,-36.841361487904734,-36.841361487904734,-3.5385894720029216,-3.2749535718170217,-1.7640872117732511,-5.619382103691785,-1.9500442714214379,-1.7550346645888035,-3.1748473537785054,-2.238369057961517,-17.086457528651767,-5.099909804889643,-5.66709212002438,-2.47749336107842,-36.841361487904734,-0.9682615177706921,-3.5110211849996156,-2.758861082478343,-36.841361487904734,-1.4668648731692702,-2.2177378194767687,-2.3270845249117973,-0.7708516057158634,-1.8790666515433623,-1.4332772548730464,-5.502777107058271,-0.1495874032193929,-1.3332990220522352,-1.7132643876722307,-3.8655527643731964,-2.946140536128833,-4.111334330706704,-0.7092499737821154,-5.358186275800385,-2.4466290708128073,-36.841361487904734,-0.8702982752086965,-0.4005365623737607,-5.685117440664398,-2.179967543851904,-1.973177294147552,-1.1849321811272038,-0.6627329739718515,-5.519722366083387,-36.841361487904734,-2.4548174090602766,-2.5291342987086094,-0.7979182914479966,-2.8047228078126865,-2.3033531228278616,-0.5965779959962249,-0.6687191225060264,-2.7421521444632098,-2.4785049764073137,-0.3537770204872747,-36.841361487904734,-1.3393008786015241,-1.5144299076529624,0.1498434563859713,-1.215042991044699,-4.45964391375963,-1.733825086455511,-5.3605527611241675,-4.574387499146311
-4.300060959702187,-2.303929390054767,-3.3210622088327213,-4.41366111822583,-6.472090165024186,-6.285221317134175,-3.1670071620629567,-0.7017310101327286,-0.7941913278663777,-1.730499179571497,-0.8491110171957522,-3.8793924469741463,-36.8405177012768,-36.841361487904734,-2.223259206394508,-2.61820792390819,-0.2762713965842779,-5.635000782878406,-1.7462078075396377,-6.215199761754331,-6.626729563965798,-27.2767136019286,-1.1844585771125364,-5.602692939568835,-0.7499879070050897,-3.2508140946801394,-5.661955663944597,-1.578124405336228,-4.047508102659084,-3.097005438971607,-2.807078201855108,-2.6273801989496675,-2.8096261954774064,-1.0597620417564326,-3.8478392925789247,-34.86867299504577,-2.6353972772837335,-2.2833539205050126,-3.357896597281134,-2.6839114827883344,-1.3847193986848936,-0.8365207883259981,-1.514254337926442,-3.129202793964157,-36.841361487904734,-36.841361487904734,-6.634059182863324,-3.524208082882987,-3.0177827344889,-24.763102311782188,-1.3292645057260883,-3.1828840323811223,-6.5584623786593506,-5.673358298688222,-36.82316724502416,-4.925110603005033,-6.8304947435418635,-1.0000283211499847,-36.841361487904734,-0.7552312357346334,-3.552376476058415,-1.8231756035021303,-36.841361487904734,-0.7578883917690099,-3.117905380129342,-2.941772195005043,-1.0620426221315777,-2.0935198521572613,-1.1655188206641012,-20.461215591046404,-0.3132878444369483,-1.1431955228794348,-2.197810997490775,-31.015118961055943,-2.037498521821046,-3.6747689094894467,-0.39325782622698796,-5.670372031115187,-1.69276686224495,-36.841361487904734,-1.1864701173965804,-0.7904148958702296,-36.82021821553449,-3.1371625352456376,-2.550493980115,-0.7233633724527258,-0.34982184142004136,-25.835284246774915,-36.841361487904734,-3.032606890189053,-6.709962653610011,-3.4648823654628513,-4.544958389728042,-2.238463403978326,-1.4376407588343525,-0.909343371065544,-2.0970457883003433,-3.46214069011839,-0.511717989146424,-36.841361487904734,-1.3577328286127768,-1.6874782116063025,0.19995211806718907,-1.2458985429819942,-4.5931575316323645,-1.239746264115109,-4.982879696417543,-3.155935166307661
-4.300060959702187,-2.303929390054767,-3.3210622088327213,-4.41366111822583,-6.472090165024186,-6.285221317134175,-3.1670071620629567,-0.7017310101327286,-0.7941913278663777,-1.730499179571497,-0.8491110171957522,-3.8793924469741463,-36.8405177012768,-36.841361487904734,-2.223259206394508,-2.61820792390819,-0.2762713965842779,-5.635000782878406,-1.7462078075396377,-6.215199761754331,-6.626729563965798,-27.2767136019286,-1.1844585771125364,-5.602692939568835,-0.7499879070050897,-3.2508140946801394,-5.661955663944597,-1.578124405336228,-4.047508102659084,-3.097005438971607,-2.807078201855108,-2.6273801989496675,-2.8096261954774064,-1.0597620417564326,-3.8478392925789247,-34.86867299504577,-2.6353972772837335,-2.2833539205050126,-3.357896597281134,-2.6839114827883344,-1.3847193986848936,-0.8365207883259981,-1.514254337926442,-3.129202793964157,-36.841361487904734,-36.841361487904734,-6.634059182863324,-3.524208082882987,-3.0177827344889,-24.763102311782188,-1.3292645057260883,-3.1828840323811223,-6.5584623786593506,-5.673358298688222,-36.82316724502416,-4.925110603005033,-6.8304947435418635,-1.0000283211499847,-36.841361487904734,-0.7552312357346334,-3.552376476058415,-1.8231756035021303,-36.841361487904734,-0.7578883917690099,-3.117905380129342,-2.941772195005043,-1.0620426221315777,-2.0935198521572613,-1.1655188206641012,-20.461215591046404,-0.3132878444369483,-1.1431955228794348,-2.197810997490775,-31.015118961055943,-2.037498521821046,-3.6747689094894467,-0.39325782622698796,-5.670372031115187,-1.69276686224495,-36.841361487904734,-1.1864701173965804,-0.7904148958702296,-36.82021821553449,-3.1371625352456376,-2.550493980115,-0.7233633724527258,-0.34982184142004136,-25.835284246774915,-36.841361487904734,-3.032606890189053,-6.709962653610011,-3.4648823654628513,-4.544958389728042,-2.238463403978326,-1.4376407588343525,-0.909343371065544,-2.0970457883003433,-3.46214069011839,-0.511717989146424,-36.841361487904734,-1.3577328286127768,-1.6874782116063025,0.19995211806718907,-1.2458985429819942,-4.5931575316323645,-1.239746264115109,-4.982879696417543,-3.155935166307661
-4.300060959702187,-2.303929390054767,-3.3210622088327213,-4.41366111822583,-6.472090165024186,-6.285221317134175,-3.1670071620629567,-0.7017310101327286,-0.7941913278663777,-1.730499179571497,-0.8491110171957522,-3.8793924469741463,-36.8405177012768,-36.841361487904734,-2.223259206394508,-2.61820792390819,-0.2762713965842779,-5.635000782878406,-1.7462078075396377,-6.215199761754331,-6.626729563965798,-27.2767136019286,-1.1844585771125364,-5.602692939568835,-0.7499879070050897,-3.2508140946801394,-5.661955663944597,-1.578124405336228,-4.047508102659084,-3.097005438971607,-2.807078201855108,-2.6273801989496675,-2.8096261954774064,-1.0597620417564326,-3.8478392925789247,-34.86867299504577,-2.6353972772837335,-2.2833539205050126,-3.357896597281134,-2.6839114827883344,-1.3847193986848936,-0.8365207883259981,-1.514254337926442,-3.129202793964157,-36.841361487904734,-36.841361487904734,-6.634059182863324,-3.524208082882987,-3.0177827344889,-24.763102311782188,-1.3292645057260883,-3.1828840323811223,-6.5584623786593506,-5.673358298688222,-36.82316724502416,-4.925110603005033,-6.8304947435418635,-1.0000283211499847,-36.841361487904734,-0.7552312357346334,-3.552376476058415,-1.8231756035021303,-36.841361487904734,-0.7578883917690099,-3.117905380129342,-2.941772195005043,-1.0620426221315777,-2.0935198521572613,-1.1655188206641012,-20.461215591046404,-0.3132878444369483,-1.1431955228794348,-2.197810997490775,-31.015118961055943,-2.037498521821046,-3.6747689094894467,-0.39325782622698796,-5.670372031115187,-1.69276686224495,-36.841361487904734,-1.1864701173965804,-0.7904148958702296,-36.82021821553449,-3.1371625352456376,-2.550493980115,-0.7233633724527258,-0.34982184142004136,-25.835284246774915,-36.841361487904734,-3.032606890189053,-6.709962653610011,-3.4648823654628513,-4.544958389728042,-2.238463403978326,-1.4376407588343525,-0.909343371065544,-2.0970457883003433,-3.46214069011839,-0.511717989146424,-36.841361487904734,-1.3577328286127768,-1.6874782116063025,0.19995211806718907,-1.2458985429819942,-4.5931575316323645,-1.239746264115109,-4.982879696417543,-3.155935166307661
-7.049891846279587,-1.967538387032936,-3.216656332235232,-5.911968956656816,-3.488354526837544,0.04504731893856657,-1.7169292779458043,-4.161960114723411,-4.492676144344988,-1.2798038979584805,-5.470716656379396,-2.823031002401553,-5.7675404859799455,-36.841361487904734,-2.8964402415248385,-1.042892931307925,-3.0679087815328194,-4.542318145363223,-2.8139971759002482,-2.5280076086690992,-4.1399310102245765,-6.513315099435594,-0.35016092966840645,-5.5312492709543815,-5.946729422667796,-6.067769390962133,-6.743820257189998,-3.804067686043686,-0.9632178953535052,-0.5576141738615674,-1.5288977129717123,-1.6756876670926184,-2.8416206982376018,-2.8408240460378438,-2.9171831893155566,-8.672622218275167,-2.134188352685046,-0.24621242046441025,-1.905644591555826,-5.042621423698984,-1.8051788404555165,-1.818694326041302,-2.4145446331253657,-2.8996615518817452,-36.841361487904734,-36.841361487904734,-2.8162184440203917,-3.2224311404104315,-4.776926188774116,-4.573173755208648,-1.9870238567257836,-3.7375150896706146,-1.4346064256655637,-3.950935308714498,-12.385097973344326,-3.8107265082448643,-6.496878730580246,-2.5713984439481026,-36.841361487904734,-0.7291530113372029,-4.0164346270246964,-4.2443081778639975,-36.841361487904734,-0.9398133540903151,-2.3647231924523524,-3.0089368549394204,-0.7634201153712444,-2.770250499481972,-1.6500577551606481,-5.289160500275153,-0.50272259526326,-0.7342996961804534,-1.953861527043588,-9.153338633164108,-3.473477763744276,-4.40517599749884,-0.4443202163354843,-3.1818810263282438,-2.575670746315861,-36.841361487904734,-1.3388035936175724,-0.7685906708496874,-6.230494626678208,-2.2328168547687928,-0.6824904262179806,-1.2778212237255224,-0.49934756536223796,-8.75163112892054,-36.841361487904734,-2.7800358475261255,-5.519674495892416,-4.526886018161874,-4.470696703067013,-3.0030093000794094,-2.381312286489802,-0.29277126339060094,-2.627705820740106,-2.6633987827179912,-0.30873691274979653,-36.841361487904734,-1.2989363240987328,-1.6007149470948558,-0.2948438141566648,-0.6564404600195625,-5.856400284053476,-1.1875569720130394,-5.622065427797238,-3.6728991642976396
-7.049891846279587,-1.967538387032936,-3.216656332235232,-5.911968956656816,-3.488354526837544,0.04504731893856657,-1.7169292779458043,-4.161960114723411,-4.492676144344988,-1.2798038979584805,-5.470716656379396,-2.823031002401553,-5.7675404859799455,-36.841361487904734,-2.8964402415248385,-1.042892931307925,-3.0679087815328194,-4.542318145363223,-2.8139971759002482,-2.5280076086690992,-4.1399310102245765,-6.513315099435594,-0.35016092966840645,-5.5312492709543815,-5.946729422667796,-6.067769390962133,-6.743820257189998,-3.804067686043686,-0.9632178953535052,-0.5576141738615674,-1.5288977129717123,-1.6756876670926184,-2.8416206982376018,-2.8408240460378438,-2.9171831893155566,-8.672622218275167,-2.134188352685046,-0.24621242046441025,-1.905644591555826,-5.042621423698984,-1.8051788404555165,-1.818694326041302,-2.4145446331253657,-2.8996615518817452,-36.841361487904734,-36.841361487904734,-2.8162184440203917,-3.2224311404104315,-4.776926188774116,-4.573173755208648,-1.9870238567257836,-3.7375150896706146,-1.4346064256655637,-3.950935308714498,-12.385097973344326,-3.8107265082448643,-6.496878730580246,-2.5713984439481026,-36.841361487904734,-0.7291530113372029,-4.0164346270246964,-4.2443081778639975,-36.841361487904734,-0.9398133540903151,-2.3647231924523524,-3.0089368549394204,-0.7634201153712444,-2.770250499481972,-1.6500577551606481,-5.289160500275153,-0.50272259526326,-0.7342996961804534,-1.953861527043588,-9.153338633164108,-3.473477763744276,-4.40517599749884,-0.4443202163354843,-3.1818810263282438,-2.575670746315861,-36.841361487904734,-1.3388035936175724,-0.7685906708496874,-6.230494626678208,-2.2328168547687928,-0.6824904262179806,-1.2778212237255224,-0.49934756536223796,-8.75163112892054,-36.841361487904734,-2.7800358475261255,-5.519674495892416,-4.526886018161874,-4.470696703067013,-3.0030093000794094,-2.381312286489802,-0.29277126339060094,-2.627705820740106,-2.6633987827179912,-0.30873691274979653,-36.841361487904734,-1.2989363240987328,-1.6007149470948558,-0.2948438141566648,-0.6564404600195625,-5.856400284053476,-1.1875569720130394,-5.622065427797238,-3.6728991642976396
-5.116708413390068,-1.836056297358844,-2.827001325235722,-5.017514210126462,-1.495390595789737,-2.484260712629456,-3.151276599577761,-3.219821091372446,-1.8128755232310236,-0.7148467901198623,-5.685890739210837,-3.2325824487537798,-6.688074005455587,-36.841361487904734,-3.3504799518870088,-1.1676127209922944,-0.6648101365219172,-3.198612765293191,-2.730496079218853,-1.7083216347472643,-5.954888499973227,-5.037006317738483,0.25867123625094113,-3.5747934901989353,-0.8354408638326373,-6.760583594589622,-4.9500152640765815,-1.7628886142892635,-1.0597269693297615,-1.9821620978408199,-2.0827296947873046,-1.5798953781463987,-4.238646201719779,-2.2424315207651615,-1.8341981555555213,-4.498826049911096,-2.1438376138497093,-0.26779428263121996,-2.623756483260049,-4.845223718786839,-1.6022484854787609,-0.4693169115767664,-1.8540397183894988,-2.142974989642065,-36.841361487904734,-36.841361487904734,-2.891887760554178,-1.968763413715601,-2.9972506351893227,-2.96984907529136,-1.2799277101674873,-2.9700137395154074,-1.6682344690105742,-3.803527692987922,-36.80245744255731,-1.769503295704916,-4.970432544721983,-3.9562824600443838,-36.841361487904734,-0.30404435383321543,-4.559690554460271,-4.461662756191941,-36.841361487904734,-1.0698911987864446,-3.3513571754830673,-1.646533507144849,-0.18846879320945711,-2.339012583075829,-2.005416612115622,-4.564068276599202,-0.5348990168566274,-0.8468399476830641,-2.1783635680042326,-5.288675671733372,-5.215362550215462,-4.614191402846338,-0.320028955819142,-2.7843826891104637,-2.6575991224354607,-36.841361487904734,-2.117803104227873,-0.6725717384217627,-6.231399087509151,-2.182897876978994,-1.130521303494975,-1.3938923419369562,-0.8906364356687433,-36.82077611111992,-36.841361487904734,-2.6718892293363794,-26.072859644722595,-4.4666374039017915,-4.333296457511183,-2.357142487367502,-2.5487166962428236,-0.4940861483903182,-2.7485009281908472,-2.793768038793446,-0.5102862507611728,-36.841361487904734,-1.4168260993715374,-1.5862341914493097,-0.20645180641808572,-0.8559576880066642,-4.333342511815757,-1.2028897786824966,-4.256483611338353,-4.862226327798726
-5.116708413390068,-1.836056297358844,-2.827001325235722,-5.017514210126462,-1.495390595789737,-2.484260712629456,-3.151276599577761,-3.219821091372446,-1.8128755232310236,-0.7148467901198623,-5.685890739210837,-3.2325824487537798,-6.688074005455587,-36.841361487904734,-3.3504799518870088,-1.1676127209922944,-0.6648101365219172,-3.198612765293191,-2.730496079218853,-1.7083216347472643,-5.954888499973227,-5.037006317738483,0.25867123625094113,-3.5747934901989353,-0.8354408638326373,-6.760583594589622,-4.9500152640765815,-1.7628886142892635,-1.0597269693297615,-1.9821620978408199,-2.0827296947873046,-1.5798953781463987,-4.238646201719779,-2.2424315207651615,-1.8341981555555213,-4.498826049911096,-2.1438376138497093,-0.26779428263121996,-2.623756483260049,-4.845223718786839,-1.6022484854787609,-0.4693169115767664,-1.8540397183894988,-2.142974989642065,-36.841361487904734,-36.841361487904734,-2.891887760554178,-1.968763413715601,-2.9972506351893227,-2.96984907529136,-1.2799277101674873,-2.9700137395154074,-1.6682344690105742,-3.803527692987922,-36.80245744255731,-1.769503295704916,-4.970432544721983,-3.9562824600443838,-36.841361487904734,-0.30404435383321543,-4.559690554460271,-4.461662756191941,-36.841361487904734,-1.0698911987864446,-3.3513571754830673,-1.646533507144849,-0.18846879320945711,-2.339012583075829,-2.005416612115622,-4.564068276599202,-0.5348990168566274,-0.8468399476830641,-2.1783635680042326,-5.288675671733372,-5.215362550215462,-4.614191402846338,-0.320028955819142,-2.7843826891104637,-2.6575991224354607,-36.841361487904734,-2.117803104227873,-0.6725717384217627,-6.231399087509151,-2.182897876978994,-1.130521303494975,-1.3938923419369562,-0.8906364356687433,-36.82077611111992,-36.841361487904734,-2.6718892293363794,-26.072859644722595,-4.4666374039017915,-4.333296457511183,-2.357142487367502,-2.5487166962428236,-0.4940861483903182,-2.7485009281908472,-2.793768038793446,-0.5102862507611728,-36.841361487904734,-1.4168260993715374,-1.5862341914493097,-0.20645180641808572,-0.8559576880066642,-4.333342511815757,-1.2028897786824966,-4.256483611338353,-4.862226327798726
-5.116708413390068,-1.836056297358844,-2.827001325235722,-5.017514210126462,-1.495390595789737,-2.484260712629456,-3.151276599577761,-3.219821091372446,-1.8128755232310236,-0.7148467901198623,-5.685890739210837,-3.2325824487537798,-6.688074005455587,-36.841361487904734,-3.3504799518870088,-1.1676127209922944,-0.6648101365219172,-3.198612765293191,-2.730496079218853,-1.7083216347472643,-5.954888499973227,-5.037006317738483,0.25867123625094113,-3.5747934901989353,-0.8354408638326373,-6.760583594589622,-4.9500152640765815,-1.7628886142892635,-1.0597269693297615,-1.9821620978408199,-2.0827296947873046,-1.5798953781463987,-4.238646201719779,-2.2424315207651615,-1.8341981555555213,-4.498826049911096,-2.1438376138497093,-0.26779428263121996,-2.623756483260049,-4.845223718786839,-1.6022484854787609,-0.4693169115767664,-1.8540397183894988,-2.142974989642065,-36.841361487904734,-36.841361487904734,-2.891887760554178,-1.968763413715601,-2.9972506351893227,-2.96984907529136,-1.2799277101674873,-2.9700137395154074,-1.6682344690105742,-3.803527692987922,-36.80245744255731,-1.769503295704916,-4.970432544721983,-3.9562824600443838,-36.841361487904734,-0.30404435383321543,-4.559690554460271,-4.461662756191941,-36.841361487904734,-1.0698911987864446,-3.3513571754830673,-1.646533507144849,-0.18846879320945711,-2.339012583075829,-2.005416612115622,-4.564068276599202,-0.5348990168566274,-0.8468399476830641,-2.1783635680042326,-5.288675671733372,-5.215362550215462,-4.614191402846338,-0.320028955819142,-2.7843826891104637,-2.6575991224354607,-36.841361487904734,-2.117803104227873,-0.6725717384217627,-6.231399087509151,-2.182897876978994,-1.130521303494975,-1.3938923419369562,-0.8906364356687433,-36.82077611111992,-36.841361487904734,-2.6718892293363794,-26.072859644722595,-4.4666374039017915,-4.333296457511183,-2.357142487367502,-2.5487166962428236,-0.4940861483903182,-2.7485009281908472,-2.793768038793446,-0.5102862507611728,-36.841361487904734,-1.4168260993715374,-1.5862341914493097,-0.20645180641808572,-0.8559576880066642,-4.333342511815757,-1.2028897786824966,-4.256483611338353,-4.862226327798726
-7.049891846279587,-1.967538387032936,-3.216656332235232,-5.911968956656816,-3.488354526837544,0.04504731893856657,-1.7169292779458043,-4.161960114723411,-4.492676144344988,-1.2798038979584805,-5.470716656379396,-2.823031002401553,-5.7675404859799455,-36.841361487904734,-2.8964402415248385,-1.042892931307925,-3.0679087815328194,-4.542318145363223,-2.8139971759002482,-2.5280076086690992,-4.1399310102245765,-6.513315099435594,-0.35016092966840645,-5.5312492709543815,-5.946729422667796,-6.067769390962133,-6.743820257189998,-3.804067686043686,-0.9632178953535052,-0.5576141738615674,-1.5288977129717123,-1.6756876670926184,-2.8416206982376018,-2.8408240460378438,-2.9171831893155566,-8.672622218275167,-2.134188352685046,-0.24621242046441025,-1.905644591555826,-5.042621423698984,-1.8051788404555165,-1.818694326041302,-2.4145446331253657,-2.8996615518817452,-36.841361487904734,-36.841361487904734,-2.8162184440203917,-3.2224311404104315,-4.776926188774116,-4.573173755208648,-1.9870238567257836,-3.7375150896706146,-1.4346064256655637,-3.950935308714498,-12.385097973344326,-3.8107265082448643,-6.496878730580246,-2.5713984439481026,-36.841361487904734,-0.7291530113372029,-4.0164346270246964,-4.2443081778639975,-36.841361487904734,-0.9398133540903151,-2.3647231924523524,-3.0089368549394204,-0.7634201153712444,-2.770250499481972,-1.6500577551606481,-5.289160500275153,-0.50272259526326,-0.7342996961804534,-1.953861527043588,-9.153338633164108,-3.473477763744276,-4.40517599749884,-0.4443202163354843,-3.1818810263282438,-2.575670746315861,-36.841361487904734,-1.3388035936175724,-0.7685906708496874,-6.230494626678208,-2.2328168547687928,-0.6824904262179806,-1.2778212237255224,-0.49934756536223796,-8.75163112892054,-36.841361487904734,-2.7800358475261255,-5.519674495892416,-4.526886018161874,-4.470696703067013,-3.0030093000794094,-2.381312286489802,-0.29277126339060094,-2.627705820740106,-2.6633987827179912,-0.30873691274979653,-36.841361487904734,-1.2989363240987328,-1.6007149470948558,-0.2948438141566648,-0.6564404600195625,-5.856400284053476,-1.1875569720130394,-5.622065427797238,-3.6728991642976396
-7.049891846279587,-1.967538387032936,-3.216656332235232,-5.911968956656816,-3.488354526837544,0.04504731893856657,-1.7169292779458043,-4.161960114723411,-4.492676144344988,-1.2798038979584805,-5.470716656379396,-2.823031002401553,-5.7675404859799455,-36.841361487904734,-2.8964402415248385,-1.042892931307925,-3.0679087815328194,-4.542318145363223,-2.8139971759002482,-2.5280076086690992,-4.1399310102245765,-6.513315099435594,-0.35016092966840645,-5.5312492709543815,-5.946729422667796,-6.067769390962133,-6.743820257189998,-3.804067686043686,-0.9632178953535052,-0.5576141738615674,-1.5288977129717123,-1.6756876670926184,-2.8416206982376018,-2.8408240460378438,-2.9171831893155566,-8.672622218275167,-2.134188352685046,-0.24621242046441025,-1.905644591555826,-5.042621423698984,-1.8051788404555165,-1.818694326041302,-2.4145446331253657,-2.8996615518817452,-36.841361487904734,-36.841361487904734,-2.8162184440203917,-3.2224311404104315,-4.776926188774116,-4.573173755208648,-1.9870238567257836,-3.7375150896706146,-1.4346064256655637,-3.950935308714498,-12.385097973344326,-3.8107265082448643,-6.496878730580246,-2.5713984439481026,-36.841361487904734,-0.7291530113372029,-4.0164346270246964,-4.2443081778639975,-36.841361487904734,-0.9398133540903151,-2.3647231924523524,-3.0089368549394204,-0.7634201153712444,-2.770250499481972,-1.6500577551606481,-5.289160500275153,-0.50272259526326,-0.7342996961804534,-1.953861527043588,-9.153338633164108,-3.473477763744276,-4.40517599749884,-0.4443202163354843,-3.1818810263282438,-2.575670746315861,-36.841361487904734,-1.3388035936175724,-0.7685906708496874,-6.230494626678208,-2.2328168547687928,-0.6824904262179806,-1.2778212237255224,-0.49934756536223796,-8.75163112892054,-36.841361487904734,-2.7800358475261255,-5.519674495892416,-4.526886018161874,-4.470696703067013,-3.0030093000794094,-2.381312286489802,-0.29277126339060094,-2.627705820740106,-2.6633987827179912,-0.30873691274979653,-36.841361487904734,-1.2989363240987328,-1.6007149470948558,-0.2948438141566648,-0.6564404600195625,-5.856400284053476,-1.1875569720130394,-5.622065427797238,-3.6728991642976396
-7.049891846279587,-1.967538387032936,-3.216656332235232,-5.911968956656816,-3.488354526837544,0.04504731893856657,-1.7169292779458043,-4.161960114723411,-4.492676144344988,-1.2798038979584805,-5.470716656379396,-2.823031002401553,-5.7675404859799455,-36.841361487904734,-2.8964402415248385,-1.042892931307925,-3.0679087815328194,-4.542318145363223,-2.8139971759002482,-2.5280076086690992,-4.1399310102245765,-6.513315099435594,-0.35016092966840645,-5.5312492709543815,-5.946729422667796,-6.067769390962133,-6.743820257189998,-3.804067686043686,-0.9632178953535052,-0.5576141738615674,-1.5288977129717123,-1.6756876670926184,-2.8416206982376018,-2.8408240460378438,-2.9171831893155566,-8.672622218275167,-2.134188352685046,-0.24621242046441025,-1.905644591555826,-5.042621423698984,-1.8051788404555165,-1.818694326041302,-2.4145446331253657,-2.8996615518817452,-36.841361487904734,-36.841361487904734,-2.8162184440203917,-3.2224311404104315,-4.776926188774116,-4.573173755208648,-1.9870238567257836,-3.7375150896706146,-1.4346064256655637,-3.950935308714498,-12.385097973344326,-3.8107265082448643,-6.496878730580246,-2.5713984439481026,-36.841361487904734,-0.7291530113372029,-4.0164346270246964,-4.2443081778639975,-36.841361487904734,-0.9398133540903151,-2.3647231924523524,-3.0089368549394204,-0.7634201153712444,-2.770250499481972,-1.6500577551606481,-5.289160500275153,-0.50272259526326,-0.7342996961804534,-1.953861527043588,-9.153338633164108,-3.473477763744276,-4.40517599749884,-0.4443202163354843,-3.1818810263282438,-2.575670746315861,-36.841361487904734,-1.3388035936175724,-0.7685906708496874,-6.230494626678208,-2.2328168547687928,-0.6824904262179806,-1.2778212237255224,-0.49934756536223796,-8.75163112892054,-36.841361487904734,-2.7800358475261255,-5.519674495892416,-4.526886018161874,-4.470696703067013,-3.0030093000794094,-2.381312286489802,-0.29277126339060094,-2.627705820740106,-2.6633987827179912,-0.30873691274979653,-36.841361487904734,-1.2989363240987328,-1.6007149470948558,-0.2948438141566648,-0.6564404600195625,-5.856400284053476,-1.1875569720130394,-5.622065427797238,-3.6728991642976396
-5.508565924462205,-1.5363066685470868,-3.7935954496520665,-4.4166126186758285,-3.577650812914305,-1.396167579462298,-2.015905186922837,-1.9028794745192024,-1.9679396205516941,-1.4005955946479067,-5.05294195931429,-4.118799656997758,-24.192367772003177,-36.841361487904734,-3.0382087393351087,-1.882443230593345,-0.7923549409054458,-5.2258919063363845,-2.291193962059138,-4.3120433726015674,-3.947864395332269,-7.552035630837401,-0.4140946676302409,-5.587244651453965,-2.714200782556348,-3.8406775918159313,-4.775290961979557,-1.7258334293735402,-0.9450665805854332,-0.9576737452659095,-0.5553132371568174,-2.2753490283786655,-3.087381147589523,-2.3911595948645505,-2.302239230238249,-8.945959752929815,-2.1752084681512724,-0.12114648175470735,-1.5101975341252802,-3.3338433557371974,-1.9104812609923612,-1.5241665193448661,-2.6311615260088983,-1.9608831381640635,-36.841361487904734,-36.841361487904734,-3.7500229120728363,-3.1098644676194858,-3.4097871446770234,-5.651924843043561,-2.4208573327390623,-2.9332781613333117,-2.721343968204316,-4.346830742230505,-11.577337233905238,-3.1760989061615272,-5.929660177930859,-0.8608381416919502,-36.841361487904734,-0.923778977527943,-3.5949293607633,-2.7657470120829277,-36.841361487904734,-1.0030778913270937,-2.846359507724135,-2.5819522883651214,-0.5786306877296304,-2.6551524751090043,-1.5955316424779424,-22.324262287097724,-0.5718685602723577,-1.2098162271366464,-2.5301468627459354,-6.840974189852483,-2.7965620579153927,-4.673797370622956,-0.5749582288405498,-4.843683582401211,-2.7778168312688303,-36.841361487904734,-1.108456901289823,-0.7281748369175064,-7.022372557595051,-2.6328824656458596,-1.8646995987867936,-0.954581203022953,-0.3796685686895369,-29.429675495779154,-36.841361487904734,-2.8012082524871342,-3.571465836229236,-2.2619278984883198,-3.99977015095283,-2.437141310524957,-1.7810201308073135,-0.3555669586075953,-2.175986388067356,-2.885062074782834,-0.3640896443544742,-36.841361487904734,-1.5887110924220473,-1.7290347976662235,-0.12157876576150362,-0.9673119670060493,-4.258730361791505,-1.6114408672197476,-5.415704290059643,-3.0954351037291583
-5.508565924462205,-1.5363066685470868,-3.7935954496520665,-4.4166126186758285,-3.577650812914305,-1.396167579462298,-2.015905186922837,-1.9028794745192024,-1.9679396205516941,-1.4005955946479067,-5.05294195931429,-4.118799656997758,-24.192367772003177,-36.841361487904734,-3.0382087393351087,-1.882443230593345,-0.7923549409054458,-5.2258919063363845,-2.291193962059138,-4.3120433726015674,-3.947864395332269,-7.552035630837401,-0.4140946676302409,-5.587244651453965,-2.714200782556348,-3.8406775918159313,-4.775290961979557,-1.7258334293735402,-0.9450665805854332,-0.9576737452659095,-0.5553132371568174,-2.2753490283786655,-3.087381147589523,-2.3911595948645505,-2.302239230238249,-8.945959752929815,-2.1752084681512724,-0.12114648175470735,-1.5101975341252802,-3.3338433557371974,-1.9104812609923612,-1.5241665193448661,-2.6311615260088983,-1.9608831381640635,-36.841361487904734,-36.841361487904734,-3.7500229120728363,-3.1098644676194858,-3.4097871446770234,-5.651924843043561,-2.4208573327390623,-2.9332781613333117,-2.721343968204316,-4.346830742230505,-11.577337233905238,-3.1760989061615272,-5.929660177930859,-0.8608381416919502,-36.841361487904734,-0.923778977527943,-3.5949293607633,-2.7657470120829277,-36.841361487904734,-1.0030778913270937,-2.846359507724135,-2.5819522883651214,-0.5786306877296304,-2.6551524751090043,-1.5955316424779424,-22.324262287097724,-0.5718685602723577,-1.2098162271366464,-2.5301468627459354,-6.840974189852483,-2.7965620579153927,-4.673797370622956,-0.5749582288405498,-4.843683582401211,-2.7778168312688303,-36.841361487904734,-1.108456901289823,-0.7281748369175064,-7.022372557595051,-2.6328824656458596,-1.8646995987867936,-0.954581203022953,-0.3796685686895369,-29.429675495779154,-36.841361487904734,-2.8012082524871342,-3.571465836229236,-2.2619278984883198,-3.99977015095283,-2.437141310524957,-1.7810201308073135,-0.3555669586075953,-2.175986388067356,-2.885062074782834,-0.3640896443544742,-36.841361487904734,-1.5887110924220473,-1.7290347976662235,-0.12157876576150362,-0.9673119670060493,-4.258730361791505,-1.6114408672197476,-5.415704290059643,-3.0954351037291583
-4.661843754805657,-1.8075186376622,-2.3681731049250554,-6.255813482713376,-1.85748001759924,-4.273843844258898,-2.8202809771643595,-1.2971510426454425,0.22858623578867304,-0.9839213969260105,-2.522756540216579,-3.1015345637336753,-36.69117005626111,-36.841361487904734,-2.8962908167401014,-1.6480876124892252,-0.41089130788289985,-2.973848796246379,-2.244999276826473,-0.7454435276049809,-5.268688739966657,-4.654957733766615,0.3369871456378305,-4.127470289007975,0.07271079049413934,-4.922460453243611,-4.88920561648941,0.34431788837964733,-1.5121577294002349,-0.903358174091114,-1.899883935027486,-2.5578234619490403,-3.3673729442484386,-2.9850316756157382,-1.6794531007599103,-4.0495081694422215,-1.8786070957948502,-0.47926014647089105,-2.1197867670447517,-3.6244324652129984,-1.954780539875677,-0.8586312737062113,-1.4560177268143983,-1.2778158010779934,-36.841361487904734,-36.841361487904734,-3.219980781173467,-2.79522379752494,-4.678668430277026,-3.323730257386994,-2.3892269398141046,-3.248590463408183,-4.820754293191733,-4.410278164202535,-6.164087536513122,-1.4983291561820202,-4.452870933309314,-1.2646651701715552,-36.841361487904734,0.06206227789510128,-4.264569384885943,-5.613414913575264,-36.841361487904734,-1.0069665546213866,-3.527492405823329,-2.232454257331275,-0.6138774127528768,-1.6681581404909354,-0.9839584399136115,-4.649412151109002,-0.7980484098411245,-0.7487701970560516,-2.384295553542413,-4.2311101578900265,-3.1653602634156552,-4.913144222179908,-0.4723665144265928,-4.722063355008635,-2.4207213992273555,-36.841361487904734,-1.5071187991165556,-0.687122811409762,-8.296553368189395,-2.7285824314610707,-2.1511958817269767,-1.086343979806113,-0.49055988882349977,-36.82014042450448,-36.841361487904734,-2.7054733335954158,-3.4800408711506483,-2.722742193079933,-4.366973402651887,-2.5820366189104202,-2.4623953520711575,-0.7606270431275982,-2.360366280433146,-3.3178067723730766,-0.6298026265926299,-36.841361487904734,-1.3158986832643869,-1.5316131242409796,-0.1782130035249391,-1.5156963533297947,-4.424280812769649,-1.618885228862103,-4.737433876853063,-4.702303959296457
-4.661843754805657,-1.8075186376622,-2.3681731049250554,-6.255813482713376,-1.85748001759924,-4.273843844258898,-2.8202809771643595,-1.2971510426454425,0.22858623578867304,-0.9839213969260105,-2.522756540216579,-3.1015345637336753,-36.69117005626111,-36.841361487904734,-2.8962908167401014,-1.6480876124892252,-0.41089130788289985,-2.973848796246379,-2.244999276826473,-0.7454435276049809,-5.268688739966657,-4.654957733766615,0.3369871456378305,-4.127470289007975,0.07271079049413934,-4.922460453243611,-4.88920561648941,0.34431788837964733,-1.5121577294002349,-0.903358174091114,-1.899883935027486,-2.5578234619490403,-3.3673729442484386,-2.9850316756157382,-1.6794531007599103,-4.0495081694422215,-1.8786070957948502,-0.47926014647089105,-2.1197867670447517,-3.6244324652129984,-1.954780539875677,-0.8586312737062113,-1.4560177268143983,-1.2778158010779934,-36.841361487904734,-36.841361487904734,-3.219980781173467,-2.79522379752494,-4.678668430277026,-3.323730257386994,-2.3892269398141046,-3.248590463408183,-4.820754293191733,-4.410278164202535,-6.164087536513122,-1.4983291561820202,-4.452870933309314,-1.2646651701715552,-36.841361487904734,0.06206227789510128,-4.264569384885943,-5.613414913575264,-36.841361487904734,-1.0069665546213866,-3.527492405823329,-2.232454257331275,-0.6138774127528768,-1.6681581404909354,-0.9839584399136115,-4.649412151109002,-0.7980484098411245,-0.7487701970560516,-2.384295553542413,-4.2311101578900265,-3.1653602634156552,-4.913144222179908,-0.4723665144265928,-4.722063355008635,-2.4207213992273555,-36.841361487904734,-1.5071187991165556,-0.687122811409762,-8.296553368189395,-2.7285824314610707,-2.1511958817269767,-1.086343979806113,-0.49055988882349977,-36.82014042450448,-36.841361487904734,-2.7054733335954158,-3.4800408711506483,-2.722742193079933,-4.366973402651887,-2.5820366189104202,-2.4623953520711575,-0.7606270431275982,-2.360366280433146,-3.3178067723730766,-0.6298026265926299,-36.841361487904734,-1.3158986832643869,-1.5316131242409796,-0.1782130035249391,-1.5156963533297947,-4.424280812769649,-1.618885228862103,-4.737433876853063,-4.702303959296457
-5.116708413390068,-1.836056297358844,-2.827001325235722,-5.017514210126462,-1.495390595789737,-2.484260712629456,-3.151276599577761,-3.219821091372446,-1.8128755232310236,-0.7148467901198623,-5.685890739210837,-3.2325824487537798,-6.688074005455587,-36.841361487904734,-3.3504799518870088,-1.1676127209922944,-0.6648101365219172,-3.198612765293191,-2.730496079218853,-1.7083216347472643,-5.954888499973227,-5.037006317738483,0.25867123625094113,-3.5747934901989353,-0.8354408638326373,-6.760583594589622,-4.9500152640765815,-1.7628886142892635,-1.0597269693297615,-1.9821620978408199,-2.0827296947873046,-1.5798953781463987,-4.238646201719779,-2.2424315207651615,-1.8341981555555213,-4.498826049911096,-2.1438376138497093,-0.26779428263121996,-2.623756483260049,-4.845223718786839,-1.6022484854787609,-0.4693169115767664,-1.8540397183894988,-2.142974989642065,-36.841361487904734,-36.841361487904734,-2.891887760554178,-1.968763413715601,-2.9972506351893227,-2.96984907529136,-1.2799277101674873,-2.9700137395154074,-1.6682344690105742,-3.803527692987922,-36.80245744255731,-1.769503295704916,-4.970432544721983,-3.9562824600443838,-36.841361487904734,-0.30404435383321543,-4.559690554460271,-4.461662756191941,-36.841361487904734,-1.0698911987864446,-3.3513571754830673,-1.646533507144849,-0.18846879320945711,-2.339012583075829,-2.005416612115622,-4.564068276599202,-0.5348990168566274,-0.8468399476830641,-2.1783635680042326,-5.288675671733372,-5.215362550215462,-4.614191402846338,-0.320028955819142,-2.7843826891104637,-2.6575991224354607,-36.841361487904734,-2.117803104227873,-0.6725717384217627,-6.231399087509151,-2.182897876978994,-1.130521303494975,-1.3938923419369562,-0.8906364356687433,-36.82077611111992,-36.841361487904734,-2.6718892293363794,-26.072859644722595,-4.4666374039017915,-4.333296457511183,-2.357142487367502,-2.5487166962428236,-0.4940861483903182,-2.7485009281908472,-2.793768038793446,-0.5102862507611728,-36.841361487904734,-1.4168260993715374,-1.5862341914493097,-0.20645180641808572,-0.8559576880066642,-4.333342511815757,-1.2028897786824966,-4.256483611338353,-4.862226327798726
-5.116708413390068,-1.836056297358844,-2.827001325235722,-5.017514210126462,-1.495390595789737,-2.484260712629456,-3.151276599577761,-3.219821091372446,-1.8128755232310236,-0.7148467901198623,-5.685890739210837,-3.2325824487537798,-6.688074005455587,-36.841361487904734,-3.3504799518870088,-1.1676127209922944,-0.6648101365219172,-3.198612765293191,-2.730496079218853,-1.7083216347472643,-5.954888499973227,-5.037006317738483,0.25867123625094113,-3.5747934901989353,-0.8354408638326373,-6.760583594589622,-4.9500152640765815,-1.7628886142892635,-1.0597269693297615,-1.9821620978408199,-2.0827296947873046,-1.5798953781463987,-4.238646201719779,-2.2424315207651615,-1.8341981555555213,-4.498826049911096,-2.1438376138497093,-0.26779428263121996,-2.623756483260049,-4.845223718786839,-1.6022484854787609,-0.4693169115767664,-1.8540397183894988,-2.142974989642065,-36.841361487904734,-36.841361487904734,-2.891887760554178,-1.968763413715601,-2.9972506351893227,-2.96984907529136,-1.2799277101674873,-2.9700137395154074,-1.6682344690105742,-3.803527692987922,-36.80245744255731,-1.769503295704916,-4.970432544721983,-3.9562824600443838,-36.841361487904734,-0.30404435383321543,-4.559690554460271,-4.461662756191941,-36.841361487904734,-1.0698911987864446,-3.3513571754830673,-1.646533507144849,-0.18846879320945711,-2.339012583075829,-2.005416612115622,-4.564068276599202,-0.5348990168566274,-0.8468399476830641,-2.1783635680042326,-5.288675671733372,-5.215362550215462,-4.614191402846338,-0.320028955819142,-2.7843826891104637,-2.6575991224354607,-36.841361487904734,-2.117803104227873,-0.6725717384217627,-6.231399087509151,-2.182897876978994,-1.130521303494975,-1.3938923419369562,-0.8906364356687433,-36.82077611111992,-36.841361487904734,-2.6718892293363794,-26.072859644722595,-4.4666374039017915,-4.333296457511183,-2.357142487367502,-2.5487166962428236,-0.4940861483903182,-2.7485009281908472,-2.793768038793446,-0.5102862507611728,-36.841361487904734,-1.4168260993715374,-1.5862341914493097,-0.20645180641808572,-0.8559576880066642,-4.333342511815757,-1.2028897786824966,-4.256483611338353,-4.862226327798726
-5.116708413390068,-1.836056297358844,-2.827001325235722,-5.017514210126462,-1.495390595789737,-2.484260712629456,-3.151276599577761,-3.219821091372446,-1.8128755232310236,-0.7148467901198623,-5.685890739210837,-3.2325824487537798,-6.688074005455587,-36.841361487904734,-3.3504799518870088,-1.1676127209922944,-0.6648101365219172,-3.198612765293191,-2.730496079218853,-1.7083216347472643,-5.954888499973227,-5.037006317738483,0.25867123625094113,-3.5747934901989353,-0.8354408638326373,-6.760583594589622,-4.9500152640765815,-1.7628886142892635,-1.0597269693297615,-1.9821620978408199,-2.0827296947873046,-1.5798953781463987,-4.238646201719779,-2.2424315207651615,-1.8341981555555213,-4.498826049911096,-2.1438376138497093,-0.26779428263121996,-2.623756483260049,-4.845223718786839,-1.6022484854787609,-0.4693169115767664,-1.8540397183894988,-2.142974989642065,-36.841361487904734,-36.841361487904734,-2.891887760554178,-1.968763413715601,-2.9972506351893227,-2.96984907529136,-1.2799277101674873,-2.9700137395154074,-1.6682344690105742,-3.803527692987922,-36.80245744255731,-1.769503295704916,-4.970432544721983,-3.9562824600443838,-36.841361487904734,-0.30404435383321543,-4.559690554460271,-4.461662756191941,-36.841361487904734,-1.0698911987864446,-3.3513571754830673,-1.646533507144849,-0.18846879320945711,-2.339012583075829,-2.005416612115622,-4.564068276599202,-0.5348990168566274,-0.8468399476830641,-2.1783635680042326,-5.288675671733372,-5.215362550215462,-4.614191402846338,-0.320028955819142,-2.7843826891104637,-2.6575991224354607,-36.841361487904734,-2.117803104227873,-0.6725717384217627,-6.231399087509151,-2.182897876978994,-1.130521303494975,-1.3938923419369562,-0.8906364356687433,-36.82077611111992,-36.841361487904734,-2.6718892293363794,-26.072859644722595,-4.4666374039017915,-4.333296457511183,-2.357142487367502,-2.5487166962428236,-0.4940861483903182,-2.7485009281908472,-2.793768038793446,-0.5102862507611728,-36.841361487904734,-1.4168260993715374,-1.5862341914493097,-0.20645180641808572,-0.8559576880066642,-4.333342511815757,-1.2028897786824966,-4.256483611338353,-4.862226327798726
-5.116708413390068,-1.836056297358844,-2.827001325235722,-5.017514210126462,-1.495390595789737,-2.484260712629456,-3.151276599577761,-3.219821091372446,-1.8128755232310236,-0.7148467901198623,-5.685890739210837,-3.2325824487537798,-6.688074005455587,-36.841361487904734,-3.3504799518870088,-1.1676127209922944,-0.6648101365219172,-3.198612765293191,-2.730496079218853,-1.7083216347472643,-5.954888499973227,-5.037006317738483,0.25867123625094113,-3.5747934901989353,-0.8354408638326373,-6.760583594589622,-4.9500152640765815,-1.7628886142892635,-1.0597269693297615,-1.9821620978408199,-2.0827296947873046,-1.5798953781463987,-4.238646201719779,-2.2424315207651615,-1.8341981555555213,-4.498826049911096,-2.1438376138497093,-0.26779428263121996,-2.623756483260049,-4.845223718786839,-1.6022484854787609,-0.4693169115767664,-1.8540397183894988,-2.142974989642065,-36.841361487904734,-36.841361487904734,-2.891887760554178,-1.968763413715601,-2.9972506351893227,-2.96984907529136,-1.2799277101674873,-2.9700137395154074,-1.6682344690105742,-3.803527692987922,-36.80245744255731,-1.769503295704916,-4.970432544721983,-3.9562824600443838,-36.841361487904734,-0.30404435383321543,-4.559690554460271,-4.461662756191941,-36.841361487904734,-1.0698911987864446,-3.3513571754830673,-1.646533507144849,-0.18846879320945711,-2.339012583075829,-2.005416612115622,-4.564068276599202,-0.5348990168566274,-0.8468399476830641,-2.1783635680042326,-5.288675671733372,-5.215362550215462,-4.614191402846338,-0.320028955819142,-2.7843826891104637,-2.6575991224354607,-36.841361487904734,-2.117803104227873,-0.6725717384217627,-6.231399087509151,-2.182897876978994,-1.130521303494975,-1.3938923419369562,-0.8906364356687433,-36.82077611111992,-36.841361487904734,-2.6718892293363794,-26.072859644722595,-4.4666374039017915,-4.333296457511183,-2.357142487367502,-2.5487166962428236,-0.4940861483903182,-2.7485009281908472,-2.793768038793446,-0.5102862507611728,-36.841361487904734,-1.4168260993715374,-1.5862341914493097,-0.20645180641808572,-0.8559576880066642,-4.333342511815757,-1.2028897786824966,-4.256483611338353,-4.862226327798726
-5.116708413390068,-1.836056297358844,-2.827001325235722,-5.017514210126462,-1.495390595789737,-2.484260712629456,-3.151276599577761,-3.219821091372446,-1.8128755232310236,-0.7148467901198623,-5.685890739210837,-3.2325824487537798,-6.688074005455587,-36.841361487904734,-3.3504799518870088,-1.1676127209922944,-0.6648101365219172,-3.198612765293191,-2.730496079218853,-1.7083216347472643,-5.954888499973227,-5.037006317738483,0.25867123625094113,-3.5747934901989353,-0.8354408638326373,-6.760583594589622,-4.9500152640765815,-1.7628886142892635,-1.0597269693297615,-1.9821620978408199,-2.0827296947873046,-1.5798953781463987,-4.238646201719779,-2.2424315207651615,-1.8341981555555213,-4.498826049911096,-2.1438376138497093,-0.26779428263121996,-2.623756483260049,-4.845223718786839,-1.6022484854787609,-0.4693169115767664,-1.8540397183894988,-2.142974989642065,-36.841361487904734,-36.841361487904734,-2.891887760554178,-1.968763413715601,-2.9972506351893227,-2.96984907529136,-1.2799277101674873,-2.9700137395154074,-1.6682344690105742,-3.803527692987922,-36.80245744255731,-1.769503295704916,-4.970432544721983,-3.9562824600443838,-36.841361487904734,-0.30404435383321543,-4.559690554460271,-4.461662756191941,-36.841361487904734,-1.0698911987864446,-3.3513571754830673,-1.646533507144849,-0.18846879320945711,-2.339012583075829,-2.005416612115622,-4.564068276599202,-0.5348990168566274,-0.8468399476830641,-2.1783635680042326,-5.288675671733372,-5.215362550215462,-4.614191402846338,-0.320028955819142,-2.7843826891104637,-2.6575991224354607,-36.841361487904734,-2.117803104227873,-0.6725717384217627,-6.231399087509151,-2.182897876978994,-1.130521303494975,-1.3938923419369562,-0.8906364356687433,-36.82077611111992,-36.841361487904734,-2.6718892293363794,-26.072859644722595,-4.4666374039017915,-4.333296457511183,-2.357142487367502,-2.5487166962428236,-0.4940861483903182,-2.7485009281908472,-2.793768038793446,-0.5102862507611728,-36.841361487904734,-1.4168260993715374,-1.5862341914493097,-0.20645180641808572,-0.8559576880066642,-4.333342511815757,-1.2028897786824966,-4.256483611338353,-4.862226327798726
-5.80517666039107,-2.022600583487731,-2.3609839117547917,-5.524341583059383,-0.06266399114318592,-0.03020685775390058,-2.6151468770899893,-2.8998450612390867,-2.037536202488574,-1.2634211767482766,-3.0124092443996786,-3.1885572619752027,-2.1033226728054437,-36.841361487904734,-2.1866861381131977,-1.754512478944167,0.5013385129232478,-2.810710757639537,-2.5364835676684687,-2.381729528379715,-3.8182560271310964,-5.318710519270233,0.9256708475638554,-2.94455250764973,-1.9541857584755773,-3.6577816242522734,-2.9889438191306144,-0.9643928226189477,-1.1185681414850044,-2.129687239233727,-1.556525575597083,-2.257334898016134,-3.769335017408882,-3.2873513835727612,-1.5540752230869106,-3.9250339758887014,-1.6685447177668207,-0.02817278777701599,-3.1202445523278888,-3.103271854225884,-1.356370270120483,-0.9388628224887695,-2.074528920928721,-1.757497260487215,-36.841361487904734,-36.841361487904734,-2.6055715919705853,-0.5308377313527903,-2.2950283454251905,0.5359694303451765,-1.2493385874912306,-2.2602567362997372,-2.6692306168477273,-2.232653367382177,-4.978412795872697,-3.7682324700502576,-2.8561573766394837,-3.855066796408832,-36.841361487904734,-1.2023804099383246,-3.922391182102162,-2.8263719335504898,-36.841361487904734,-1.5952834168880845,-3.326372790212991,-1.6049005098570068,0.02141970968136837,-2.2584175270084814,-1.4865506330698781,-4.494138677189543,-0.19832407585346962,-0.8315350570192359,-1.712296308309471,-5.205138386055421,-2.7830618699859015,-2.7108455950942307,-0.6135700753119302,-3.9967719041919323,-2.25137823096397,-36.841361487904734,-0.8207156562298835,0.21862045089116505,-2.180370353365966,-2.103595457907075,-1.1424662466475608,-1.4546455323435348,-1.1760313524566515,-6.388759013659614,-36.841361487904734,-2.9201376468197004,-6.012944263838693,-4.241768285460638,-3.007086618672973,-2.6614294582624347,-2.5751305514920717,-0.46046106222997507,-2.870839299181462,-2.734489291487806,-0.5565601315587019,-36.841361487904734,-1.257363047344107,-1.1805914177931938,-0.4634958532082578,-0.9766808632609046,-2.031988942582348,-1.86787751041477,-4.139276293011188,-5.852005458822283
-5.80517666039107,-2.022600583487731,-2.3609839117547917,-5.524341583059383,-0.06266399114318592,-0.03020685775390058,-2.6151468770899893,-2.8998450612390867,-2.037536202488574,-1.2634211767482766,-3.0124092443996786,-3.1885572619752027,-2.1033226728054437,-36.841361487904734,-2.1866861381131977,-1.754512478944167,0.5013385129232478,-2.810710757639537,-2.5364835676684687,-2.381729528379715,-3.8182560271310964,-5.318710519270233,0.9256708475638554,-2.94455250764973,-1.9541857584755773,-3.6577816242522734,-2.9889438191306144,-0.9643928226189477,-1.1185681414850044,-2.129687239233727,-1.556525575597083,-2.257334898016134,-3.769335017408882,-3.2873513835727612,-1.5540752230869106,-3.9250339758887014,-1.6685447177668207,-0.02817278777701599,-3.1202445523278888,-3.103271854225884,-1.356370270120483,-0.9388628224887695,-2.074528920928721,-1.757497260487215,-36.841361487904734,-36.841361487904734,-2.6055715919705853,-0.5308377313527903,-2.2950283454251905,0.5359694303451765,-1.2493385874912306,-2.2602567362997372,-2.6692306168477273,-2.232653367382177,-4.978412795872697,-3.7682324700502576,-2.8561573766394837,-3.855066796408832,-36.841361487904734,-1.2023804099383246,-3.922391182102162,-2.8263719335504898,-36.841361487904734,-1.5952834168880845,-3.326372790212991,-1.6049005098570068,0.02141970968136837,-2.2584175270084814,-1.4865506330698781,-4.494138677189543,-0.19832407585346962,-0.8315350570192359,-1.712296308309471,-5.205138386055421,-2.7830618699859015,-2.7108455950942307,-0.6135700753119302,-3.9967719041919323,-2.25137823096397,-36.841361487904734,-0.8207156562298835,0.21862045089116505,-2.180370353365966,-2.103595457907075,-1.1424662466475608,-1.4546455323435348,-1.1760313524566515,-6.388759013659614,-36.841361487904734,-2.9201376468197004,-6.012944263838693,-4.241768285460638,-3.007086618672973,-2.6614294582624347,-2.5751305514920717,-0.46046106222997507,-2.870839299181462,-2.734489291487806,-0.5565601315587019,-36.841361487904734,-1.257363047344107,-1.1805914177931938,-0.4634958532082578,-0.9766808632609046,-2.031988942582348,-1.86787751041477,-4.139276293011188,-5.852005458822283
-8.388101274170122,-1.4795263068771227,-3.7450508683368473,-6.589887748039015,-2.9833879610518856,0.6296977609711873,-3.371750694182655,-4.27634480308437,-1.9763629891804333,-1.51030358189118,-3.980471936847536,-3.542209233913525,-4.481392933010044,-36.841361487904734,-2.322356738009417,-2.6062726834544176,0.24520655585706516,-1.8598772278656706,-3.0668898176578936,-3.9940928711310724,-4.153573431074675,-5.204741116029059,0.871659068580402,-1.9563619682154307,-3.5073827762118976,-5.360777344778528,-4.764327422106267,-2.6891861319366392,-1.6490863654919226,-1.6623770507445277,-2.910027128572279,-0.5885894024079938,-3.277173661847104,-3.109032201110078,-2.0079719224496886,-36.806039169534046,-1.6287066481549715,-0.23259674481229137,-2.471225164228555,-2.1877551021820993,-1.144603199071501,-0.515176151391457,-2.1141892558030864,-3.964056519765338,-36.841361487904734,-36.841361487904734,-0.9323791150221169,-1.7182689694936384,-3.5021177142373476,-2.1961927199409694,-0.6408378279451491,-1.8034076068770968,-0.8442832509384656,-2.5524188451336927,-5.239429379650827,-6.8002186381083485,-2.0564354014421817,-36.17037190832343,-36.841361487904734,-2.3986095053693064,-4.707879423091401,-3.001253024150515,-36.841361487904734,-1.4451192510485886,-1.3655295176311395,-3.7618381199105038,-0.0936829726796947,-2.6445583173271494,-1.3199333919728746,-4.294380546982322,-0.6041906923873959,-0.7431270979120612,-1.3552837268889453,-4.660266953050089,-3.9192750001503316,-4.343740121114785,-0.5842743747650236,-3.8242096116533912,-1.241452978915869,-36.841361487904734,-0.7867896364990449,-0.04891996173140143,-3.8393019133617066,-2.0117458907300994,-0.6227918098118235,-2.1574380029134805,-1.294021334925705,-4.323187222758108,-36.841361487904734,-2.717100358460308,-36.841088086101195,-15.972395272123583,-3.888425052260923,-2.6238715792522345,-2.2707065453952224,-0.48883553229821747,-2.415442226702651,-2.890044337983844,-0.659594700138281,-36.841361487904734,-0.8991891517406018,-0.98073395619566,-0.2850903384551537,-0.44086457134860113,-3.2607717515718093,-1.6367617325196195,-3.027354239132225,-18.970092446324806
-4.218926844057977,-1.8109659554415503,-3.3647157784633714,-4.072028221127879,-5.105301302744995,-0.6750733810306433,-4.333841123577748,-4.921869479130614,-0.7916859383336607,-1.8332591472306947,-3.0765012258776743,-4.20712909890026,-36.83673737806964,-36.841361487904734,-2.8580722721942866,-3.419291949090462,0.8189206132024885,-3.3638742611026533,-1.9127926243540312,-6.208547463118729,-3.4041354080184782,-6.071595628378576,0.37867566052266416,-1.6824116543385892,-1.7617001551027203,-4.123874784131338,-5.141252852730136,-2.866007212473968,-2.498140395696185,-3.7005430937177133,-2.879518414394102,-0.444385259916443,-2.6420410158253085,-1.2567775338905498,-2.7488231687767484,-6.589004492524285,-2.458504549019558,-0.6649146134858642,-1.843878176906125,-1.2854699781099348,-1.5309816472016324,-0.2928203310802343,-2.8787337621258557,-3.23107457039386,-36.841361487904734,-36.841361487904734,-1.7096737006256013,-3.365590843685239,-3.485502206968452,-8.36347070361397,-1.3502311319512332,-1.7882979205549503,-0.8977818337073351,-2.1521569233769604,-5.452328622724559,-6.563807887192264,-5.7865353852601835,-5.42144630285557,-36.841361487904734,-2.276117549361497,-3.203645988916444,-3.776680473141109,-36.841361487904734,-0.9706317723976486,-2.396323827714649,-4.8543409550444885,-0.10787792611038716,-2.970274086885832,-1.8097619586009226,-5.251817017732059,-0.40275801424704,-1.286662967472616,-1.2138576011240623,-33.723051445081325,-2.3939523195835055,-3.8702919575132206,-0.5572661999882988,-4.328236724994109,-1.7592363011846166,-36.841361487904734,-0.7080524169149587,-0.08654127998939558,-5.551125449988688,-1.8796364829544665,-0.6256419124268401,-1.571118426800342,-0.8425340480929313,-2.8677513920997395,-36.841361487904734,-2.478174363856377,-7.0567804719625435,-4.703732600089242,-2.8617790248517214,-2.344557267676169,-0.02434932701820461,-0.5799395929074966,-2.1830387033133736,-2.8982485377299816,-0.4484557862598337,-36.841361487904734,-1.1957437638367174,-1.0721552582529594,0.02891281770389239,-1.109755459115331,-1.647638805463247,-1.490039345758658,-3.6919352069971882,-2.8930315353559957
-4.218926844057977,-1.8109659554415503,-3.3647157784633714,-4.072028221127879,-5.105301302744995,-0.6750733810306433,-4.333841123577748,-4.921869479130614,-0.7916859383336607,-1.8332591472306947,-3.0765012258776743,-4.20712909890026,-36.83673737806964,-36.841361487904734,-2.8580722721942866,-3.419291949090462,0.8189206132024885,-3.3638742611026533,-1.9127926243540312,-6.208547463118729,-3.4041354080184782,-6.071595628378576,0.37867566052266416,-1.6824116543385892,-1.7617001551027203,-4.123874784131338,-5.141252852730136,-2.866007212473968,-2.498140395696185,-3.7005430937177133,-2.879518414394102,-0.444385259916443,-2.6420410158253085,-1.2567775338905498,-2.7488231687767484,-6.589004492524285,-2.458504549019558,-0.6649146134858642,-1.843878176906125,-1.2854699781099348,-1.5309816472016324,-0.2928203310802343,-2.8787337621258557,-3.23107457039386,-36.841361487904734,-36.841361487904734,-1.7096737006256013,-3.365590843685239,-3.485502206968452,-8.36347070361397,-1.3502311319512332,-1.7882979205549503,-0.8977818337073351,-2.1521569233769604,-5.452328622724559,-6.563807887192264,-5.7865353852601835,-5.42144630285557,-36.841361487904734,-2.276117549361497,-3.203645988916444,-3.776680473141109,-36.841361487904734,-0.9706317723976486,-2.396323827714649,-4.8543409550444885,-0.10787792611038716,-2.970274086885832,-1.8097619586009226,-5.251817017732059,-0.40275801424704,-1.286662967472616,-1.2138576011240623,-33.723051445081325,-2.3939523195835055,-3.8702919575132206,-0.5572661999882988,-4.328236724994109,-1.7592363011846166,-36.841361487904734,-0.7080524169149587,-0.08654127998939558,-5.551125449988688,-1.8796364829544665,-0.6256419124268401,-1.571118426800342,-0.8425340480929313,-2.8677513920997395,-36.841361487904734,-2.478174363856377,-7.0567804719625435,-4.703732600089242,-2.8617790248517214,-2.344557267676169,-0.02434932701820461,-0.5799395929074966,-2.1830387033133736,-2.8982485377299816,-0.4484557862598337,-36.841361487904734,-1.1957437638367174,-1.0721552582529594,0.02891281770389239,-1.109755459115331,-1.647638805463247,-1.490039345758658,-3.6919352069971882,-2.8930315353559957
-5.564270164749718,-2.169880814279009,-5.1986932639153025,-4.984871936537519,-4.464694538956156,-2.087524793075882,-3.284283778789401,-4.5303798680484775,-2.8652975864381607,-1.6573729007801314,-1.685950789597163,-5.292539474122026,-7.350756349204812,-36.841361487904734,-3.16488339430774,-2.0105112427434753,-1.1641591675333864,-4.852933271680851,-2.3657869114511034,-5.7985226414481055,-3.978522390185248,-7.981698515213225,0.0934340796262054,-5.375869176503301,-3.401117143324376,-3.2138991917239164,-5.9927971310349,-3.687698220611985,-1.6637540363011571,-1.8523061901708382,-2.9002849595712483,-1.1014388445288987,-2.8829952931127836,-1.7516441400679574,-2.9314725155593004,-11.232778011557931,-2.8410586853955704,-0.7593753961660189,-2.7997924612872414,-4.309651222599206,-1.7295386307215386,-0.8439650744625342,-1.9671483933663092,-2.9211317299960893,-36.841361487904734,-36.841361487904734,-3.0631958224863745,-3.245991857489147,-2.953757351976603,-5.7290162214983935,-1.1360362429061934,-3.4010372335247254,-1.8816477705240169,-3.4398980525754053,-21.738178992452713,-4.652696301589234,-5.662583273128598,-2.561823060804177,-36.841361487904734,-1.2906740664848642,-3.1871285119249118,-0.37543379928776105,-36.841361487904734,-0.8260191759349712,-3.311577805275829,-2.632606782816726,-1.1339630573235713,-3.1023359661218026,-1.5027045403694628,-4.408072429078298,-0.000695318430432536,-0.8997694351470447,-2.1527685455205394,-36.81825349827039,-2.307297641164806,-3.354719465780237,-0.4892663098061686,-4.571920442850853,-2.0305602115487975,-36.841361487904734,-1.1479990717548925,-0.6332589991871769,-5.289797482427422,-2.0633684822450964,-0.4387985426954414,-1.065081957109973,-0.3918323075471071,-4.78142450691457,-36.841361487904734,-2.75500815038391,-6.275307424912299,-4.922750739100207,-3.911700805828683,-2.3123820379859845,-0.9363131259119795,-0.40029513572871833,-2.0399036308218284,-2.758637421435316,-0.6009154166437363,-36.841361487904734,-1.375965680522817,-1.5159764268603242,0.23959456963903153,-0.5946669184942738,-2.5368361524533634,-1.5159396365633202,-5.470567305727419,-2.3217892422704827
-4.300060959702187,-2.303929390054767,-3.3210622088327213,-4.41366111822583,-6.472090165024186,-6.285221317134175,-3.1670071620629567,-0.7017310101327286,-0.7941913278663777,-1.730499179571497,-0.8491110171957522,-3.8793924469741463,-36.8405177012768,-36.841361487904734,-2.223259206394508,-2.61820792390819,-0.2762713965842779,-5.635000782878406,-1.7462078075396377,-6.215199761754331,-6.626729563965798,-27.2767136019286,-1.1844585771125364,-5.602692939568835,-0.7499879070050897,-3.2508140946801394,-5.661955663944597,-1.578124405336228,-4.047508102659084,-3.097005438971607,-2.807078201855108,-2.6273801989496675,-2.8096261954774064,-1.0597620417564326,-3.8478392925789247,-34.86867299504577,-2.6353972772837335,-2.2833539205050126,-3.357896597281134,-2.6839114827883344,-1.3847193986848936,-0.8365207883259981,-1.514254337926442,-3.129202793964157,-36.841361487904734,-36.841361487904734,-6.634059182863324,-3.524208082882987,-3.0177827344889,-24.763102311782188,-1.3292645057260883,-3.1828840323811223,-6.5584623786593506,-5.673358298688222,-36.82316724502416,-4.925110603005033,-6.8304947435418635,-1.0000283211499847,-36.841361487904734,-0.7552312357346334,-3.552376476058415,-1.8231756035021303,-36.841361487904734,-0.7578883917690099,-3.117905380129342,-2.941772195005043,-1.0620426221315777,-2.0935198521572613,-1.1655188206641012,-20.461215591046404,-0.3132878444369483,-1.1431955228794348,-2.197810997490775,-31.015118961055943,-2.037498521821046,-3.6747689094894467,-0.39325782622698796,-5.670372031115187,-1.69276686224495,-36.841361487904734,-1.1864701173965804,-0.7904148958702296,-36.82021821553449,-3.1371625352456376,-2.550493980115,-0.7233633724527258,-0.34982184142004136,-25.835284246774915,-36.841361487904734,-3.032606890189053,-6.709962653610011,-3.4648823654628513,-4.544958389728042,-2.238463403978326,-1.4376407588343525,-0.909343371065544,-2.0970457883003433,-3.46214069011839,-0.511717989146424,-36.841361487904734,-1.3577328286127768,-1.6874782116063025,0.19995211806718907,-1.2458985429819942,-4.5931575316323645,-1.239746264115109,-4.982879696417543,-3.155935166307661
-4.790121794477677,-2.6646455307028867,-2.5477572700290203,-5.823102858364526,-2.1613020339799816,-4.068022031649275,-3.40378954922344,-1.9853066751533466,-0.8558930711719216,-1.0285774330993918,-1.738642167037792,-2.881157508623667,-13.35389727536749,-36.841361487904734,-2.1970462465549994,-1.7850220599194244,-2.000088471417936,-3.7255403007661787,-2.2151925479095973,-1.1947871044276468,-6.229772186294777,-8.828617318307995,0.04141502616920342,-4.577030720270182,-0.258952180634619,-3.343655583844123,-7.246806379226461,-1.5540670564878234,-2.88485048326851,-2.6451255686645045,-3.569503816445229,-3.820027962989687,-3.305594937757412,-2.947834644654596,-2.493352336406413,-3.837370594817001,-1.9427957344915143,-1.9665443697692795,-2.5728115049995197,-2.7599969871155463,-1.410286924718353,-0.9286000908746117,-1.3278666541403354,-2.2629977780284016,-36.841361487904734,-36.841361487904734,-3.4519990718012465,-4.393292769610779,-5.060651162040327,-4.526739075288896,-1.135703320442897,-4.261053664958594,-3.861576761868103,-6.2964675806590105,-6.910089142992558,-2.4104086738631025,-4.76102341811567,-3.399309116721662,-36.841361487904734,-0.29426305074351883,-5.206155575964958,-5.122546890443867,-36.841361487904734,-1.3520233835155575,-4.376615254043057,-1.6828675012465557,-1.266551526574118,-2.0475495313582437,-1.2109358893752185,-6.050906756161453,-0.5591415809382414,-0.7494774420768183,-1.6001052321072622,-6.798250590117612,-2.4084478130699467,-3.5868788939439127,-0.4333097432368505,-4.808685779337055,-2.224761245341396,-36.841361487904734,-1.1279886667212353,-0.6280655939974847,-6.62077905071644,-2.4264995306417525,-1.3971681372979101,-0.8907644111232778,-0.4384657414356123,-12.606882377397394,-36.841361487904734,-2.875676729494075,-5.734528375214992,-3.684199022753638,-5.436588723059481,-2.5715140183721363,-2.531258954233288,-0.7715494509210546,-2.433794332948063,-2.913863428723115,-0.486963438954888,-36.841361487904734,-1.092296587293417,-1.3928568335447493,-0.036229417271099525,-0.8639632174096828,-6.288594817849336,-1.2477770374842216,-6.852486139058512,-4.750330838763969
-4.790121794477677,-2.6646455307028867,-2.5477572700290203,-5.823102858364526,-2.1613020339799816,-4.068022031649275,-3.40378954922344,-1.9853066751533466,-0.8558930711719216,-1.0285774330993918,-1.738642167037792,-2.881157508623667,-13.35389727536749,-36.841361487904734,-2.1970462465549994,-1.7850220599194244,-2.000088471417936,-3.7255403007661787,-2.2151925479095973,-1.1947871044276468,-6.229772186294777,-8.828617318307995,0.04141502616920342,-4.577030720270182,-0.258952180634619,-3.343655583844123,-7.246806379226461,-1.5540670564878234,-2.88485048326851,-2.6451255686645045,-3.569503816445229,-3.820027962989687,-3.305594937757412,-2.947834644654596,-2.493352336406413,-3.837370594817001,-1.9427957344915143,-1.9665443697692795,-2.5728115049995197,-2.7599969871155463,-1.410286924718353,-0.9286000908746117,-1.3278666541403354,-2.2629977780284016,-36.841361487904734,-36.841361487904734,-3.4519990718012465,-4.393292769610779,-5.060651162040327,-4.526739075288896,-1.135703320442897,-4.261053664958594,-3.861576761868103,-6.2964675806590105,-6.910089142992558,-2.4104086738631025,-4.76102341811567,-3.399309116721662,-36.841361487904734,-0.29426305074351883,-5.206155575964958,-5.122546890443867,-36.841361487904734,-1.3520233835155575,-4.376615254043057,-1.6828675012465557,-1.266551526574118,-2.0475495313582437,-1.2109358893752185,-6.050906756161453,-0.5591415809382414,-0.7494774420768183,-1.6001052321072622,-6.798250590117612,-2.4084478130699467,-3.5868788939439127,-0.4333097432368505,-4.808685779337055,-2.224761245341396,-36.841361487904734,-1.1279886667212353,-0.6280655939974847,-6.62077905071644,-2.4264995306417525,-1.3971681372979101,-0.8907644111232778,-0.4384657414356123,-12.606882377397394,-36.841361487904734,-2.875676729494075,-5.734528375214992,-3.684199022753638,-5.436588723059481,-2.5715140183721363,-2.531258954233288,-0.7715494509210546,-2.433794332948063,-2.913863428723115,-0.486963438954888,-36.841361487904734,-1.092296587293417,-1.3928568335447493,-0.036229417271099525,-0.8639632174096828,-6.288594817849336,-1.2477770374842216,-6.852486139058512,-4.750330838763969
-5.929316227702469,-1.7603652975620079,-1.8441878792565838,-6.34770150138025,-1.9956531991943007,-2.838755555105919,-1.6758814410401748,-5.5498534500485635,-2.6764190599191293,-1.1453167338933858,-2.5413229399686568,-2.540098499378265,-10.662665027476809,-36.841361487904734,-2.7394309392611333,-0.9637795939028646,-2.215606484846788,-3.040062231639181,-3.0163815547534445,-0.2711512174434205,-6.770403944103316,-5.367439691600108,-0.2785332587612899,-6.4571523773198,-1.8880937754712521,-5.107101422206195,-6.436422027064939,-2.460673559536544,-1.4682337969934265,-0.4850225670161603,-3.2058593190529647,-2.5049993326308,-3.0980568606288004,-3.5279159167228435,-1.2978216630525095,-2.6467140633366686,-1.8386514214848821,-1.0996503012458785,-2.0493851982250946,-4.714256589884285,-1.848300797777299,-1.1017895671665698,-1.8876191154020794,-2.6364087294516927,-36.841361487904734,-36.841361487904734,-2.601642671783791,-3.513748638729539,-5.2037035783631485,-5.7610617406830995,-1.6818709667888572,-4.150011080472556,-1.7038309757346208,-5.073578151820617,-12.04147428130781,-2.555296243781146,-25.207816273041285,-1.4151232971914864,-36.841361487904734,-0.39445335555105737,-4.235763076220267,-7.349984834593964,-36.841361487904734,-1.2219551218770583,-2.9785494370591348,-2.4493878059793666,-1.4066421948527363,-3.1672050277456205,-1.3061865333905278,-4.287970809050426,-0.8165502211565895,-0.7353316005677799,-2.09748478533224,-3.4380791962830144,-3.4309090775021223,-4.332427186270641,-0.3376758286025786,-3.9236896148462983,-1.995703562691229,-36.841361487904734,-1.32561742605035,-0.6259532309606615,-5.515849396405468,-2.5004566936015653,-1.2236100028594716,-1.1967428247151588,-0.5998016773679943,-7.485790627698554,-36.841361487904734,-2.6920277555822496,-26.29025336472647,-4.34130264846504,-3.8570612690099937,-2.5630426204948713,-2.302113742084386,0.002692380110471528,-2.252549083124404,-2.1885230926793526,-0.2955976053854582,-36.841361487904734,-1.288801504886186,-1.6433333657105624,-0.04241573165216401,-0.24122296747240385,-6.767445813219529,-1.3039532633816695,-5.738936547523095,-4.426058088223715
-5.929316227702469,-1.7603652975620079,-1.8441878792565838,-6.34770150138025,-1.9956531991943007,-2.838755555105919,-1.6758814410401748,-5.5498534500485635,-2.6764190599191293,-1.1453167338933858,-2.5413229399686568,-2.540098499378265,-10.662665027476809,-36.841361487904734,-2.7394309392611333,-0.9637795939028646,-2.215606484846788,-3.040062231639181,-3.0163815547534445,-0.2711512174434205,-6.770403944103316,-5.367439691600108,-0.2785332587612899,-6.4571523773198,-1.8880937754712521,-5.107101422206195,-6.436422027064939,-2.460673559536544,-1.4682337969934265,-0.4850225670161603,-3.2058593190529647,-2.5049993326308,-3.0980568606288004,-3.5279159167228435,-1.2978216630525095,-2.6467140633366686,-1.8386514214848821,-1.0996503012458785,-2.0493851982250946,-4.714256589884285,-1.848300797777299,-1.1017895671665698,-1.8876191154020794,-2.6364087294516927,-36.841361487904734,-36.841361487904734,-2.601642671783791,-3.513748638729539,-5.2037035783631485,-5.7610617406830995,-1.6818709667888572,-4.150011080472556,-1.7038309757346208,-5.073578151820617,-12.04147428130781,-2.555296243781146,-25.207816273041285,-1.4151232971914864,-36.841361487904734,-0.39445335555105737,-4.235763076220267,-7.349984834593964,-36.841361487904734,-1.2219551218770583,-2.9785494370591348,-2.4493878059793666,-1.4066421948527363,-3.1672050277456205,-1.3061865333905278,-4.287970809050426,-0.8165502211565895,-0.7353316005677799,-2.09748478533224,-3.4380791962830144,-3.4309090775021223,-4.332427186270641,-0.3376758286025786,-3.9236896148462983,-1.995703562691229,-36.841361487904734,-1.32561742605035,-0.6259532309606615,-5.515849396405468,-2.5004566936015653,-1.2236100028594716,-1.1967428247151588,-0.5998016773679943,-7.485790627698554,-36.841361487904734,-2.6920277555822496,-26.29025336472647,-4.34130264846504,-3.8570612690099937,-2.5630426204948713,-2.302113742084386,0.002692380110471528,-2.252549083124404,-2.1885230926793526,-0.2955976053854582,-36.841361487904734,-1.288801504886186,-1.6433333657105624,-0.04241573165216401,-0.24122296747240385,-6.767445813219529,-1.3039532633816695,-5.738936547523095,-4.426058088223715
-5.929316227702469,-1.7603652975620079,-1.8441878792565838,-6.34770150138025,-1.9956531991943007,-2.838755555105919,-1.6758814410401748,-5.5498534500485635,-2.6764190599191293,-1.1453167338933858,-2.5413229399686568,-2.540098499378265,-10.662665027476809,-36.841361487904734,-2.7394309392611333,-0.9637795939028646,-2.215606484846788,-3.040062231639181,-3.0163815547534445,-0.2711512174434205,-6.770403944103316,-5.367439691600108,-0.2785332587612899,-6.4571523773198,-1.8880937754712521,-5.107101422206195,-6.436422027064939,-2.460673559536544,-1.4682337969934265,-0.4850225670161603,-3.2058593190529647,-2.5049993326308,-3.0980568606288004,-3.5279159167228435,-1.2978216630525095,-2.6467140633366686,-1.8386514214848821,-1.0996503012458785,-2.0493851982250946,-4.714256589884285,-1.848300797777299,-1.1017895671665698,-1.8876191154020794,-2.6364087294516927,-36.841361487904734,-36.841361487904734,-2.601642671783791,-3.513748638729539,-5.2037035783631485,-5.7610617406830995,-1.6818709667888572,-4.150011080472556,-1.7038309757346208,-5.073578151820617,-12.04147428130781,-2.555296243781146,-25.207816273041285,-1.4151232971914864,-36.841361487904734,-0.39445335555105737,-4.235763076220267,-7.349984834593964,-36.841361487904734,-1.2219551218770583,-2.9785494370591348,-2.4493878059793666,-1.4066421948527363,-3.1672050277456205,-1.3061865333905278,-4.287970809050426,-0.8165502211565895,-0.7353316005677799,-2.09748478533224,-3.4380791962830144,-3.4309090775021223,-4.332427186270641,-0.3376758286025786,-3.9236896148462983,-1.995703562691229,-36.841361487904734,-1.32561742605035,-0.6259532309606615,-5.515849396405468,-2.5004566936015653,-1.2236100028594716,-1.1967428247151588,-0.5998016773679943,-7.485790627698554,-36.841361487904734,-2.6920277555822496,-26.29025336472647,-4.34130264846504,-3.8570612690099937,-2.5630426204948713,-2.302113742084386,0.002692380110471528,-2.252549083124404,-2.1885230926793526,-0.2955976053854582,-36.841361487904734,-1.288801504886186,-1.6433333657105624,-0.04241573165216401,-0.24122296747240385,-6.767445813219529,-1.3039532633816695,-5.738936547523095,-4.426058088223715
-5.929316227702469,-1.7603652975620079,-1.8441878792565838,-6.34770150138025,-1.9956531991943007,-2.838755555105919,-1.6758814410401748,-5.5498534500485635,-2.6764190599191293,-1.1453167338933858,-2.5413229399686568,-2.540098499378265,-10.662665027476809,-36.841361487904734,-2.7394309392611333,-0.9637795939028646,-2.215606484846788,-3.040062231639181,-3.0163815547534445,-0.2711512174434205,-6.770403944103316,-5.367439691600108,-0.2785332587612899,-6.4571523773198,-1.8880937754712521,-5.107101422206195,-6.436422027064939,-2.460673559536544,-1.4682337969934265,-0.4850225670161603,-3.2058593190529647,-2.5049993326308,-3.0980568606288004,-3.5279159167228435,-1.2978216630525095,-2.6467140633366686,-1.8386514214848821,-1.0996503012458785,-2.0493851982250946,-4.714256589884285,-1.848300797777299,-1.1017895671665698,-1.8876191154020794,-2.6364087294516927,-36.841361487904734,-36.841361487904734,-2.601642671783791,-3.513748638729539,-5.2037035783631485,-5.7610617406830995,-1.6818709667888572,-4.150011080472556,-1.7038309757346208,-5.073578151820617,-12.04147428130781,-2.555296243781146,-25.207816273041285,-1.4151232971914864,-36.841361487904734,-0.39445335555105737,-4.235763076220267,-7.349984834593964,-36.841361487904734,-1.2219551218770583,-2.9785494370591348,-2.4493878059793666,-1.4066421948527363,-3.1672050277456205,-1.3061865333905278,-4.287970809050426,-0.8165502211565895,-0.7353316005677799,-2.09748478533224,-3.4380791962830144,-3.4309090775021223,-4.332427186270641,-0.3376758286025786,-3.9236896148462983,-1.995703562691229,-36.841361487904734,-1.32561742605035,-0.6259532309606615,-5.515849396405468,-2.5004566936015653,-1.2236100028594716,-1.1967428247151588,-0.5998016773679943,-7.485790627698554,-36.841361487904734,-2.6920277555822496,-26.29025336472647,-4.34130264846504,-3.8570612690099937,-2.5630426204948713,-2.302113742084386,0.002692380110471528,-2.252549083124404,-2.1885230926793526,-0.2955976053854582,-36.841361487904734,-1.288801504886186,-1.6433333657105624,-0.04241573165216401,-0.24122296747240385,-6.767445813219529,-1.3039532633816695,-5.738936547523095,-4.426058088223715
-5.929316227702469,-1.7603652975620079,-1.8441878792565838,-6.34770150138025,-1.9956531991943007,-2.838755555105919,-1.6758814410401748,-5.5498534500485635,-2.6764190599191293,-1.1453167338933858,-2.5413229399686568,-2.540098499378265,-10.662665027476809,-36.841361487904734,-2.7394309392611333,-0.9637795939028646,-2.215606484846788,-3.040062231639181,-3.0163815547534445,-0.2711512174434205,-6.770403944103316,-5.367439691600108,-0.2785332587612899,-6.4571523773198,-1.8880937754712521,-5.107101422206195,-6.436422027064939,-2.460673559536544,-1.4682337969934265,-0.4850225670161603,-3.2058593190529647,-2.5049993326308,-3.0980568606288004,-3.5279159167228435,-1.2978216630525095,-2.6467140633366686,-1.8386514214848821,-1.0996503012458785,-2.0493851982250946,-4.714256589884285,-1.848300797777299,-1.1017895671665698,-1.8876191154020794,-2.6364087294516927,-36.841361487904734,-36.841361487904734,-2.601642671783791,-3.513748638729539,-5.2037035783631485,-5.7610617406830995,-1.6818709667888572,-4.150011080472556,-1.7038309757346208,-5.073578151820617,-12.04147428130781,-2.555296243781146,-25.207816273041285,-1.4151232971914864,-36.841361487904734,-0.39445335555105737,-4.235763076220267,-7.349984834593964,-36.841361487904734,-1.2219551218770583,-2.9785494370591348,-2.4493878059793666,-1.4066421948527363,-3.1672050277456205,-1.3061865333905278,-4.287970809050426,-0.8165502211565895,-0.7353316005677799,-2.09748478533224,-3.4380791962830144,-3.4309090775021223,-4.332427186270641,-0.3376758286025786,-3.9236896148462983,-1.995703562691229,-36.841361487904734,-1.32561742605035,-0.6259532309606615,-5.515849396405468,-2.5004566936015653,-1.2236100028594716,-1.1967428247151588,-0.5998016773679943,-7.485790627698554,-36.841361487904734,-2.6920277555822496,-26.29025336472647,-4.34130264846504,-3.8570612690099937,-2.5630426204948713,-2.302113742084386,0.002692380110471528,-2.252549083124404,-2.1885230926793526,-0.2955976053854582,-36.841361487904734,-1.288801504886186,-1.6433333657105624,-0.04241573165216401,-0.24122296747240385,-6.767445813219529,-1.3039532633816695,-5.738936547523095,-4.426058088223715
-7.049891846279587,-1.967538387032936,-3.216656332235232,-5.911968956656816,-3.488354526837544,0.04504731893856657,-1.7169292779458043,-4.161960114723411,-4.492676144344988,-1.2798038979584805,-5.470716656379396,-2.823031002401553,-5.7675404859799455,-36.841361487904734,-2.8964402415248385,-1.042892931307925,-3.0679087815328194,-4.542318145363223,-2.8139971759002482,-2.5280076086690992,-4.1399310102245765,-6.513315099435594,-0.35016092966840645,-5.5312492709543815,-5.946729422667796,-6.067769390962133,-6.743820257189998,-3.804067686043686,-0.9632178953535052,-0.5576141738615674,-1.5288977129717123,-1.6756876670926184,-2.8416206982376018,-2.8408240460378438,-2.9171831893155566,-8.672622218275167,-2.134188352685046,-0.24621242046441025,-1.905644591555826,-5.042621423698984,-1.8051788404555165,-1.818694326041302,-2.4145446331253657,-2.8996615518817452,-36.841361487904734,-36.841361487904734,-2.8162184440203917,-3.2224311404104315,-4.776926188774116,-4.573173755208648,-1.9870238567257836,-3.7375150896706146,-1.4346064256655637,-3.950935308714498,-12.385097973344326,-3.8107265082448643,-6.496878730580246,-2.5713984439481026,-36.841361487904734,-0.7291530113372029,-4.0164346270246964,-4.2443081778639975,-36.841361487904734,-0.9398133540903151,-2.3647231924523524,-3.0089368549394204,-0.7634201153712444,-2.770250499481972,-1.6500577551606481,-5.289160500275153,-0.50272259526326,-0.7342996961804534,-1.953861527043588,-9.153338633164108,-3.473477763744276,-4.40517599749884,-0.4443202163354843,-3.1818810263282438,-2.575670746315861,-36.841361487904734,-1.3388035936175724,-0.7685906708496874,-6.230494626678208,-2.2328168547687928,-0.6824904262179806,-1.2778212237255224,-0.49934756536223796,-8.75163112892054,-36.841361487904734,-2.7800358475261255,-5.519674495892416,-4.526886018161874,-4.470696703067013,-3.0030093000794094,-2.381312286489802,-0.29277126339060094,-2.627705820740106,-2.6633987827179912,-0.30873691274979653,-36.841361487904734,-1.2989363240987328,-1.6007149470948558,-0.2948438141566648,-0.6564404600195625,-5.856400284053476,-1.1875569720130394,-5.622065427797238,-3.6728991642976396
-7.049891846279587,-1.967538387032936,-3.216656332235232,-5.911968956656816,-3.488354526837544,0.04504731893856657,-1.7169292779458043,-4.161960114723411,-4.492676144344988,-1.2798038979584805,-5.470716656379396,-2.823031002401553,-5.7675404859799455,-36.841361487904734,-2.8964402415248385,-1.042892931307925,-3.0679087815328194,-4.542318145363223,-2.8139971759002482,-2.5280076086690992,-4.1399310102245765,-6.513315099435594,-0.35016092966840645,-5.5312492709543815,-5.946729422667796,-6.067769390962133,-6.743820257189998,-3.804067686043686,-0.9632178953535052,-0.5576141738615674,-1.5288977129717123,-1.6756876670926184,-2.8416206982376018,-2.8408240460378438,-2.9171831893155566,-8.672622218275167,-2.134188352685046,-0.24621242046441025,-1.905644591555826,-5.042621423698984,-1.8051788404555165,-1.818694326041302,-2.4145446331253657,-2.8996615518817452,-36.841361487904734,-36.841361487904734,-2.8162184440203917,-3.2224311404104315,-4.776926188774116,-4.573173755208648,-1.9870238567257836,-3.7375150896706146,-1.4346064256655637,-3.950935308714498,-12.385097973344326,-3.8107265082448643,-6.496878730580246,-2.5713984439481026,-36.841361487904734,-0.7291530113372029,-4.0164346270246964,-4.2443081778639975,-36.841361487904734,-0.9398133540903151,-2.3647231924523524,-3.0089368549394204,-0.7634201153712444,-2.770250499481972,-1.6500577551606481,-5.289160500275153,-0.50272259526326,-0.7342996961804534,-1.953861527043588,-9.153338633164108,-3.473477763744276,-4.40517599749884,-0.4443202163354843,-3.1818810263282438,-2.575670746315861,-36.841361487904734,-1.3388035936175724,-0.7685906708496874,-6.230494626678208,-2.2328168547687928,-0.6824904262179806,-1.2778212237255224,-0.49934756536223796,-8.75163112892054,-36.841361487904734,-2.7800358475261255,-5.519674495892416,-4.526886018161874,-4.470696703067013,-3.0030093000794094,-2.381312286489802,-0.29277126339060094,-2.627705820740106,-2.6633987827179912,-0.30873691274979653,-36.841361487904734,-1.2989363240987328,-1.6007149470948558,-0.2948438141566648,-0.6564404600195625,-5.856400284053476,-1.1875569720130394,-5.622065427797238,-3.6728991642976396
-7.049891846279587,-1.967538387032936,-3.216656332235232,-5.911968956656816,-3.488354526837544,0.04504731893856657,-1.7169292779458043,-4.161960114723411,-4.492676144344988,-1.2798038979584805,-5.470716656379396,-2.823031002401553,-5.7675404859799455,-36.841361487904734,-2.8964402415248385,-1.042892931307925,-3.0679087815328194,-4.542318145363223,-2.8139971759002482,-2.5280076086690992,-4.1399310102245765,-6.513315099435594,-0.35016092966840645,-5.5312492709543815,-5.946729422667796,-6.067769390962133,-6.743820257189998,-3.804067686043686,-0.9632178953535052,-0.5576141738615674,-1.5288977129717123,-1.6756876670926184,-2.8416206982376018,-2.8408240460378438,-2.9171831893155566,-8.672622218275167,-2.134188352685046,-0.24621242046441025,-1.905644591555826,-5.042621423698984,-1.8051788404555165,-1.818694326041302,-2.4145446331253657,-2.8996615518817452,-36.841361487904734,-36.841361487904734,-2.8162184440203917,-3.2224311404104315,-4.776926188774116,-4.573173755208648,-1.9870238567257836,-3.7375150896706146,-1.4346064256655637,-3.950935308714498,-12.385097973344326,-3.8107265082448643,-6.496878730580246,-2.5713984439481026,-36.841361487904734,-0.7291530113372029,-4.0164346270246964,-4.2443081778639975,-36.841361487904734,-0.9398133540903151,-2.3647231924523524,-3.0089368549394204,-0.7634201153712444,-2.770250499481972,-1.6500577551606481,-5.289160500275153,-0.50272259526326,-0.7342996961804534,-1.953861527043588,-9.153338633164108,-3.473477763744276,-4.40517599749884,-0.4443202163354843,-3.1818810263282438,-2.575670746315861,-36.841361487904734,-1.3388035936175724,-0.7685906708496874,-6.230494626678208,-2.2328168547687928,-0.6824904262179806,-1.2778212237255224,-0.49934756536223796,-8.75163112892054,-36.841361487904734,-2.7800358475261255,-5.519674495892416,-4.526886018161874,-4.470696703067013,-3.0030093000794094,-2.381312286489802,-0.29277126339060094,-2.627705820740106,-2.6633987827179912,-0.30873691274979653,-36.841361487904734,-1.2989363240987328,-1.6007149470948558,-0.2948438141566648,-0.6564404600195625,-5.856400284053476,-1.1875569720130394,-5.622065427797238,-3.6728991642976396
-7.049891846279587,-1.967538387032936,-3.216656332235232,-5.911968956656816,-3.488354526837544,0.04504731893856657,-1.7169292779458043,-4.161960114723411,-4.492676144344988,-1.2798038979584805,-5.470716656379396,-2.823031002401553,-5.7675404859799455,-36.841361487904734,-2.8964402415248385,-1.042892931307925,-3.0679087815328194,-4.542318145363223,-2.8139971759002482,-2.5280076086690992,-4.1399310102245765,-6.513315099435594,-0.35016092966840645,-5.5312492709543815,-5.946729422667796,-6.067769390962133,-6.743820257189998,-3.804067686043686,-0.9632178953535052,-0.5576141738615674,-1.5288977129717123,-1.6756876670926184,-2.8416206982376018,-2.8408240460378438,-2.9171831893155566,-8.672622218275167,-2.134188352685046,-0.24621242046441025,-1.905644591555826,-5.042621423698984,-1.8051788404555165,-1.818694326041302,-2.4145446331253657,-2.8996615518817452,-36.841361487904734,-36.841361487904734,-2.8162184440203917,-3.2224311404104315,-4.776926188774116,-4.573173755208648,-1.9870238567257836,-3.7375150896706146,-1.4346064256655637,-3.950935308714498,-12.385097973344326,-3.8107265082448643,-6.496878730580246,-2.5713984439481026,-36.841361487904734,-0.7291530113372029,-4.0164346270246964,-4.2443081778639975,-36.841361487904734,-0.9398133540903151,-2.3647231924523524,-3.0089368549394204,-0.7634201153712444,-2.770250499481972,-1.6500577551606481,-5.289160500275153,-0.50272259526326,-0.7342996961804534,-1.953861527043588,-9.153338633164108,-3.473477763744276,-4.40517599749884,-0.4443202163354843,-3.1818810263282438,-2.575670746315861,-36.841361487904734,-1.3388035936175724,-0.7685906708496874,-6.230494626678208,-2.2328168547687928,-0.6824904262179806,-1.2778212237255224,-0.49934756536223796,-8.75163112892054,-36.841361487904734,-2.7800358475261255,-5.519674495892416,-4.526886018161874,-4.470696703067013,-3.0030093000794094,-2.381312286489802,-0.29277126339060094,-2.627705820740106,-2.6633987827179912,-0.30873691274979653,-36.841361487904734,-1.2989363240987328,-1.6007149470948558,-0.2948438141566648,-0.6564404600195625,-5.856400284053476,-1.1875569720130394,-5.622065427797238,-3.6728991642976396
-7.049891846279587,-1.967538387032936,-3.216656332235232,-5.911968956656816,-3.488354526837544,0.04504731893856657,-1.7169292779458043,-4.161960114723411,-4.492676144344988,-1.2798038979584805,-5.470716656379396,-2.823031002401553,-5.7675404859799455,-36.841361487904734,-2.8964402415248385,-1.042892931307925,-3.0679087815328194,-4.542318145363223,-2.8139971759002482,-2.5280076086690992,-4.1399310102245765,-6.513315099435594,-0.35016092966840645,-5.5312492709543815,-5.946729422667796,-6.067769390962133,-6.743820257189998,-3.804067686043686,-0.9632178953535052,-0.5576141738615674,-1.5288977129717123,-1.6756876670926184,-2.8416206982376018,-2.8408240460378438,-2.9171831893155566,-8.672622218275167,-2.134188352685046,-0.24621242046441025,-1.905644591555826,-5.042621423698984,-1.8051788404555165,-1.818694326041302,-2.4145446331253657,-2.8996615518817452,-36.841361487904734,-36.841361487904734,-2.8162184440203917,-3.2224311404104315,-4.776926188774116,-4.573173755208648,-1.9870238567257836,-3.7375150896706146,-1.4346064256655637,-3.950935308714498,-12.385097973344326,-3.8107265082448643,-6.496878730580246,-2.5713984439481026,-36.841361487904734,-0.7291530113372029,-4.0164346270246964,-4.2443081778639975,-36.841361487904734,-0.9398133540903151,-2.3647231924523524,-3.0089368549394204,-0.7634201153712444,-2.770250499481972,-1.6500577551606481,-5.289160500275153,-0.50272259526326,-0.7342996961804534,-1.953861527043588,-9.153338633164108,-3.473477763744276,-4.40517599749884,-0.4443202163354843,-3.1818810263282438,-2.575670746315861,-36.841361487904734,-1.3388035936175724,-0.7685906708496874,-6.230494626678208,-2.2328168547687928,-0.6824904262179806,-1.2778212237255224,-0.49934756536223796,-8.75163112892054,-36.841361487904734,-2.7800358475261255,-5.519674495892416,-4.526886018161874,-4.470696703067013,-3.0030093000794094,-2.381312286489802,-0.29277126339060094,-2.627705820740106,-2.6633987827179912,-0.30873691274979653,-36.841361487904734,-1.2989363240987328,-1.6007149470948558,-0.2948438141566648,-0.6564404600195625,-5.856400284053476,-1.1875569720130394,-5.622065427797238,-3.6728991642976396
-7.049891846279587,-1.967538387032936,-3.216656332235232,-5.911968956656816,-3.488354526837544,0.04504731893856657,-1.7169292779458043,-4.161960114723411,-4.492676144344988,-1.2798038979584805,-5.470716656379396,-2.823031002401553,-5.7675404859799455,-36.841361487904734,-2.8964402415248385,-1.042892931307925,-3.0679087815328194,-4.542318145363223,-2.8139971759002482,-2.5280076086690992,-4.1399310102245765,-6.513315099435594,-0.35016092966840645,-5.5312492709543815,-5.946729422667796,-6.067769390962133,-6.743820257189998,-3.804067686043686,-0.9632178953535052,-0.5576141738615674,-1.5288977129717123,-1.6756876670926184,-2.8416206982376018,-2.8408240460378438,-2.9171831893155566,-8.672622218275167,-2.134188352685046,-0.24621242046441025,-1.905644591555826,-5.042621423698984,-1.8051788404555165,-1.818694326041302,-2.4145446331253657,-2.8996615518817452,-36.841361487904734,-36.841361487904734,-2.8162184440203917,-3.2224311404104315,-4.776926188774116,-4.573173755208648,-1.9870238567257836,-3.7375150896706146,-1.4346064256655637,-3.950935308714498,-12.385097973344326,-3.8107265082448643,-6.496878730580246,-2.5713984439481026,-36.841361487904734,-0.7291530113372029,-4.0164346270246964,-4.2443081778639975,-36.841361487904734,-0.9398133540903151,-2.3647231924523524,-3.0089368549394204,-0.7634201153712444,-2.770250499481972,-1.6500577551606481,-5.289160500275153,-0.50272259526326,-0.7342996961804534,-1.953861527043588,-9.153338633164108,-3.473477763744276,-4.40517599749884,-0.4443202163354843,-3.1818810263282438,-2.575670746315861,-36.841361487904734,-1.3388035936175724,-0.7685906708496874,-6.230494626678208,-2.2328168547687928,-0.6824904262179806,-1.2778212237255224,-0.49934756536223796,-8.75163112892054,-36.841361487904734,-2.7800358475261255,-5.519674495892416,-4.526886018161874,-4.470696703067013,-3.0030093000794094,-2.381312286489802,-0.29277126339060094,-2.627705820740106,-2.6633987827179912,-0.30873691274979653,-36.841361487904734,-1.2989363240987328,-1.6007149470948558,-0.2948438141566648,-0.6564404600195625,-5.856400284053476,-1.1875569720130394,-5.622065427797238,-3.6728991642976396
-7.049891846279587,-1.967538387032936,-3.216656332235232,-5.911968956656816,-3.488354526837544,0.04504731893856657,-1.7169292779458043,-4.161960114723411,-4.492676144344988,-1.2798038979584805,-5.470716656379396,-2.823031002401553,-5.7675404859799455,-36.841361487904734,-2.8964402415248385,-1.042892931307925,-3.0679087815328194,-4.542318145363223,-2.8139971759002482,-2.5280076086690992,-4.1399310102245765,-6.513315099435594,-0.35016092966840645,-5.5312492709543815,-5.946729422667796,-6.067769390962133,-6.743820257189998,-3.804067686043686,-0.9632178953535052,-0.5576141738615674,-1.5288977129717123,-1.6756876670926184,-2.8416206982376018,-2.8408240460378438,-2.9171831893155566,-8.672622218275167,-2.134188352685046,-0.24621242046441025,-1.905644591555826,-5.042621423698984,-1.8051788404555165,-1.818694326041302,-2.4145446331253657,-2.8996615518817452,-36.841361487904734,-36.841361487904734,-2.8162184440203917,-3.2224311404104315,-4.776926188774116,-4.573173755208648,-1.9870238567257836,-3.7375150896706146,-1.4346064256655637,-3.950935308714498,-12.385097973344326,-3.8107265082448643,-6.496878730580246,-2.5713984439481026,-36.841361487904734,-0.7291530113372029,-4.0164346270246964,-4.2443081778639975,-36.841361487904734,-0.9398133540903151,-2.3647231924523524,-3.0089368549394204,-0.7634201153712444,-2.770250499481972,-1.6500577551606481,-5.289160500275153,-0.50272259526326,-0.7342996961804534,-1.953861527043588,-9.153338633164108,-3.473477763744276,-4.40517599749884,-0.4443202163354843,-3.1818810263282438,-2.575670746315861,-36.841361487904734,-1.3388035936175724,-0.7685906708496874,-6.230494626678208,-2.2328168547687928,-0.6824904262179806,-1.2778212237255224,-0.49934756536223796,-8.75163112892054,-36.841361487904734,-2.7800358475261255,-5.519674495892416,-4.526886018161874,-4.470696703067013,-3.0030093000794094,-2.381312286489802,-0.29277126339060094,-2.627705820740106,-2.6633987827179912,-0.30873691274979653,-36.841361487904734,-1.2989363240987328,-1.6007149470948558,-0.2948438141566648,-0.6564404600195625,-5.856400284053476,-1.1875569720130394,-5.622065427797238,-3.6728991642976396
-7.049891846279587,-1.967538387032936,-3.216656332235232,-5.911968956656816,-3.488354526837544,0.04504731893856657,-1.7169292779458043,-4.161960114723411,-4.492676144344988,-1.2798038979584805,-5.470716656379396,-2.823031002401553,-5.7675404859799455,-36.841361487904734,-2.8964402415248385,-1.042892931307925,-3.0679087815328194,-4.542318145363223,-2.8139971759002482,-2.5280076086690992,-4.1399310102245765,-6.513315099435594,-0.35016092966840645,-5.5312492709543815,-5.946729422667796,-6.067769390962133,-6.743820257189998,-3.804067686043686,-0.9632178953535052,-0.5576141738615674,-1.5288977129717123,-1.6756876670926184,-2.8416206982376018,-2.8408240460378438,-2.9171831893155566,-8.672622218275167,-2.134188352685046,-0.24621242046441025,-1.905644591555826,-5.042621423698984,-1.8051788404555165,-1.818694326041302,-2.4145446331253657,-2.8996615518817452,-36.841361487904734,-36.841361487904734,-2.8162184440203917,-3.2224311404104315,-4.776926188774116,-4.573173755208648,-1.9870238567257836,-3.7375150896706146,-1.4346064256655637,-3.950935308714498,-12.385097973344326,-3.8107265082448643,-6.496878730580246,-2.5713984439481026,-36.841361487904734,-0.7291530113372029,-4.0164346270246964,-4.2443081778639975,-36.841361487904734,-0.9398133540903151,-2.3647231924523524,-3.0089368549394204,-0.7634201153712444,-2.770250499481972,-1.6500577551606481,-5.289160500275153,-0.50272259526326,-0.7342996961804534,-1.953861527043588,-9.153338633164108,-3.473477763744276,-4.40517599749884,-0.4443202163354843,-3.1818810263282438,-2.575670746315861,-36.841361487904734,-1.3388035936175724,-0.7685906708496874,-6.230494626678208,-2.2328168547687928,-0.6824904262179806,-1.2778212237255224,-0.49934756536223796,-8.75163112892054,-36.841361487904734,-2.7800358475261255,-5.519674495892416,-4.526886018161874,-4.470696703067013,-3.0030093000794094,-2.381312286489802,-0.29277126339060094,-2.627705820740106,-2.6633987827179912,-0.30873691274979653,-36.841361487904734,-1.2989363240987328,-1.6007149470948558,-0.2948438141566648,-0.6564404600195625,-5.856400284053476,-1.1875569720130394,-5.622065427797238,-3.6728991642976396
-5.508565924462205,-1.5363066685470868,-3.7935954496520665,-4.4166126186758285,-3.577650812914305,-1.396167579462298,-2.015905186922837,-1.9028794745192024,-1.9679396205516941,-1.4005955946479067,-5.05294195931429,-4.118799656997758,-24.192367772003177,-36.841361487904734,-3.0382087393351087,-1.882443230593345,-0.7923549409054458,-5.2258919063363845,-2.291193962059138,-4.3120433726015674,-3.947864395332269,-7.552035630837401,-0.4140946676302409,-5.587244651453965,-2.714200782556348,-3.8406775918159313,-4.775290961979557,-1.7258334293735402,-0.9450665805854332,-0.9576737452659095,-0.5553132371568174,-2.2753490283786655,-3.087381147589523,-2.3911595948645505,-2.302239230238249,-8.945959752929815,-2.1752084681512724,-0.12114648175470735,-1.5101975341252802,-3.3338433557371974,-1.9104812609923612,-1.5241665193448661,-2.6311615260088983,-1.9608831381640635,-36.841361487904734,-36.841361487904734,-3.7500229120728363,-3.1098644676194858,-3.4097871446770234,-5.651924843043561,-2.4208573327390623,-2.9332781613333117,-2.721343968204316,-4.346830742230505,-11.577337233905238,-3.1760989061615272,-5.929660177930859,-0.8608381416919502,-36.841361487904734,-0.923778977527943,-3.5949293607633,-2.7657470120829277,-36.841361487904734,-1.0030778913270937,-2.846359507724135,-2.5819522883651214,-0.5786306877296304,-2.6551524751090043,-1.5955316424779424,-22.324262287097724,-0.5718685602723577,-1.2098162271366464,-2.5301468627459354,-6.840974189852483,-2.7965620579153927,-4.673797370622956,-0.5749582288405498,-4.843683582401211,-2.7778168312688303,-36.841361487904734,-1.108456901289823,-0.7281748369175064,-7.022372557595051,-2.6328824656458596,-1.8646995987867936,-0.954581203022953,-0.3796685686895369,-29.429675495779154,-36.841361487904734,-2.8012082524871342,-3.571465836229236,-2.2619278984883198,-3.99977015095283,-2.437141310524957,-1.7810201308073135,-0.3555669586075953,-2.175986388067356,-2.885062074782834,-0.3640896443544742,-36.841361487904734,-1.5887110924220473,-1.7290347976662235,-0.12157876576150362,-0.9673119670060493,-4.258730361791505,-1.6114408672197476,-5.415704290059643,-3.0954351037291583
-4.661843754805657,-1.8075186376622,-2.3681731049250554,-6.255813482713376,-1.85748001759924,-4.273843844258898,-2.8202809771643595,-1.2971510426454425,0.22858623578867304,-0.9839213969260105,-2.522756540216579,-3.1015345637336753,-36.69117005626111,-36.841361487904734,-2.8962908167401014,-1.6480876124892252,-0.41089130788289985,-2.973848796246379,-2.244999276826473,-0.7454435276049809,-5.268688739966657,-4.654957733766615,0.3369871456378305,-4.127470289007975,0.07271079049413934,-4.922460453243611,-4.88920561648941,0.34431788837964733,-1.5121577294002349,-0.903358174091114,-1.899883935027486,-2.5578234619490403,-3.3673729442484386,-2.9850316756157382,-1.6794531007599103,-4.0495081694422215,-1.8786070957948502,-0.47926014647089105,-2.1197867670447517,-3.6244324652129984,-1.954780539875677,-0.8586312737062113,-1.4560177268143983,-1.2778158010779934,-36.841361487904734,-36.841361487904734,-3.219980781173467,-2.79522379752494,-4.678668430277026,-3.323730257386994,-2.3892269398141046,-3.248590463408183,-4.820754293191733,-4.410278164202535,-6.164087536513122,-1.4983291561820202,-4.452870933309314,-1.2646651701715552,-36.841361487904734,0.06206227789510128,-4.264569384885943,-5.613414913575264,-36.841361487904734,-1.0069665546213866,-3.527492405823329,-2.232454257331275,-0.6138774127528768,-1.6681581404909354,-0.9839584399136115,-4.649412151109002,-0.7980484098411245,-0.7487701970560516,-2.384295553542413,-4.2311101578900265,-3.1653602634156552,-4.913144222179908,-0.4723665144265928,-4.722063355008635,-2.4207213992273555,-36.841361487904734,-1.5071187991165556,-0.687122811409762,-8.296553368189395,-2.7285824314610707,-2.1511958817269767,-1.086343979806113,-0.49055988882349977,-36.82014042450448,-36.841361487904734,-2.7054733335954158,-3.4800408711506483,-2.722742193079933,-4.366973402651887,-2.5820366189104202,-2.4623953520711575,-0.7606270431275982,-2.360366280433146,-3.3178067723730766,-0.6298026265926299,-36.841361487904734,-1.3158986832643869,-1.5316131242409796,-0.1782130035249391,-1.5156963533297947,-4.424280812769649,-1.618885228862103,-4.737433876853063,-4.702303959296457
-4.661843754805657,-1.8075186376622,-2.3681731049250554,-6.255813482713376,-1.85748001759924,-4.273843844258898,-2.8202809771643595,-1.2971510426454425,0.22858623578867304,-0.9839213969260105,-2.522756540216579,-3.1015345637336753,-36.69117005626111,-36.841361487904734,-2.8962908167401014,-1.6480876124892252,-0.41089130788289985,-2.973848796246379,-2.244999276826473,-0.7454435276049809,-5.268688739966657,-4.654957733766615,0.3369871456378305,-4.127470289007975,0.07271079049413934,-4.922460453243611,-4.88920561648941,0.34431788837964733,-1.5121577294002349,-0.903358174091114,-1.899883935027486,-2.5578234619490403,-3.3673729442484386,-2.9850316756157382,-1.6794531007599103,-4.0495081694422215,-1.8786070957948502,-0.47926014647089105,-2.1197867670447517,-3.6244324652129984,-1.954780539875677,-0.8586312737062113,-1.4560177268143983,-1.2778158010779934,-36.841361487904734,-36.841361487904734,-3.219980781173467,-2.79522379752494,-4.678668430277026,-3.323730257386994,-2.3892269398141046,-3.248590463408183,-4.820754293191733,-4.410278164202535,-6.164087536513122,-1.4983291561820202,-4.452870933309314,-1.2646651701715552,-36.841361487904734,0.06206227789510128,-4.264569384885943,-5.613414913575264,-36.841361487904734,-1.0069665546213866,-3.527492405823329,-2.232454257331275,-0.6138774127528768,-1.6681581404909354,-0.9839584399136115,-4.649412151109002,-0.7980484098411245,-0.7487701970560516,-2.384295553542413,-4.2311101578900265,-3.1653602634156552,-4.913144222179908,-0.4723665144265928,-4.722063355008635,-2.4207213992273555,-36.841361487904734,-1.5071187991165556,-0.687122811409762,-8.296553368189395,-2.7285824314610707,-2.1511958817269767,-1.086343979806113,-0.49055988882349977,-36.82014042450448,-36.841361487904734,-2.7054733335954158,-3.4800408711506483,-2.722742193079933,-4.366973402651887,-2.5820366189104202,-2.4623953520711575,-0.7606270431275982,-2.360366280433146,-3.3178067723730766,-0.6298026265926299,-36.841361487904734,-1.3158986832643869,-1.5316131242409796,-0.1782130035249391,-1.5156963533297947,-4.424280812769649,-1.618885228862103,-4.737433876853063,-4.702303959296457
-4.661843754805657,-1.8075186376622,-2.3681731049250554,-6.255813482713376,-1.85748001759924,-4.273843844258898,-2.8202809771643595,-1.2971510426454425,0.22858623578867304,-0.9839213969260105,-2.522756540216579,-3.1015345637336753,-36.69117005626111,-36.841361487904734,-2.8962908167401014,-1.6480876124892252,-0.41089130788289985,-2.973848796246379,-2.244999276826473,-0.7454435276049809,-5.268688739966657,-4.654957733766615,0.3369871456378305,-4.127470289007975,0.07271079049413934,-4.922460453243611,-4.88920561648941,0.34431788837964733,-1.5121577294002349,-0.903358174091114,-1.899883935027486,-2.5578234619490403,-3.3673729442484386,-2.9850316756157382,-1.6794531007599103,-4.0495081694422215,-1.8786070957948502,-0.47926014647089105,-2.1197867670447517,-3.6244324652129984,-1.954780539875677,-0.8586312737062113,-1.4560177268143983,-1.2778158010779934,-36.841361487904734,-36.841361487904734,-3.219980781173467,-2.79522379752494,-4.678668430277026,-3.323730257386994,-2.3892269398141046,-3.248590463408183,-4.820754293191733,-4.410278164202535,-6.164087536513122,-1.4983291561820202,-4.452870933309314,-1.2646651701715552,-36.841361487904734,0.06206227789510128,-4.264569384885943,-5.613414913575264,-36.841361487904734,-1.0069665546213866,-3.527492405823329,-2.232454257331275,-0.6138774127528768,-1.6681581404909354,-0.9839584399136115,-4.649412151109002,-0.7980484098411245,-0.7487701970560516,-2.384295553542413,-4.2311101578900265,-3.1653602634156552,-4.913144222179908,-0.4723665144265928,-4.722063355008635,-2.4207213992273555,-36.841361487904734,-1.5071187991165556,-0.687122811409762,-8.296553368189395,-2.7285824314610707,-2.1511958817269767,-1.086343979806113,-0.49055988882349977,-36.82014042450448,-36.841361487904734,-2.7054733335954158,-3.4800408711506483,-2.722742193079933,-4.366973402651887,-2.5820366189104202,-2.4623953520711575,-0.7606270431275982,-2.360366280433146,-3.3178067723730766,-0.6298026265926299,-36.841361487904734,-1.3158986832643869,-1.5316131242409796,-0.1782130035249391,-1.5156963533297947,-4.424280812769649,-1.618885228862103,-4.737433876853063,-4.702303959296457
-4.661843754805657,-1.8075186376622,-2.3681731049250554,-6.255813482713376,-1.85748001759924,-4.273843844258898,-2.8202809771643595,-1.2971510426454425,0.22858623578867304,-0.9839213969260105,-2.522756540216579,-3.1015345637336753,-36.69117005626111,-36.841361487904734,-2.8962908167401014,-1.6480876124892252,-0.41089130788289985,-2.973848796246379,-2.244999276826473,-0.7454435276049809,-5.268688739966657,-4.654957733766615,0.3369871456378305,-4.127470289007975,0.07271079049413934,-4.922460453243611,-4.88920561648941,0.34431788837964733,-1.5121577294002349,-0.903358174091114,-1.899883935027486,-2.5578234619490403,-3.3673729442484386,-2.9850316756157382,-1.6794531007599103,-4.0495081694422215,-1.8786070957948502,-0.47926014647089105,-2.1197867670447517,-3.6244324652129984,-1.954780539875677,-0.8586312737062113,-1.4560177268143983,-1.2778158010779934,-36.841361487904734,-36.841361487904734,-3.219980781173467,-2.79522379752494,-4.678668430277026,-3.323730257386994,-2.3892269398141046,-3.248590463408183,-4.820754293191733,-4.410278164202535,-6.164087536513122,-1.4983291561820202,-4.452870933309314,-1.2646651701715552,-36.841361487904734,0.06206227789510128,-4.264569384885943,-5.613414913575264,-36.841361487904734,-1.0069665546213866,-3.527492405823329,-2.232454257331275,-0.6138774127528768,-1.6681581404909354,-0.9839584399136115,-4.649412151109002,-0.7980484098411245,-0.7487701970560516,-2.384295553542413,-4.2311101578900265,-3.1653602634156552,-4.913144222179908,-0.4723665144265928,-4.722063355008635,-2.4207213992273555,-36.841361487904734,-1.5071187991165556,-0.687122811409762,-8.296553368189395,-2.7285824314610707,-2.1511958817269767,-1.086343979806113,-0.49055988882349977,-36.82014042450448,-36.841361487904734,-2.7054733335954158,-3.4800408711506483,-2.722742193079933,-4.366973402651887,-2.5820366189104202,-2.4623953520711575,-0.7606270431275982,-2.360366280433146,-3.3178067723730766,-0.6298026265926299,-36.841361487904734,-1.3158986832643869,-1.5316131242409796,-0.1782130035249391,-1.5156963533297947,-4.424280812769649,-1.618885228862103,-4.737433876853063,-4.702303959296457
-4.790121794477677,-2.6646455307028867,-2.5477572700290203,-5.823102858364526,-2.1613020339799816,-4.068022031649275,-3.40378954922344,-1.9853066751533466,-0.8558930711719216,-1.0285774330993918,-1.738642167037792,-2.881157508623667,-13.35389727536749,-36.841361487904734,-2.1970462465549994,-1.7850220599194244,-2.000088471417936,-3.7255403007661787,-2.2151925479095973,-1.1947871044276468,-6.229772186294777,-8.828617318307995,0.04141502616920342,-4.577030720270182,-0.258952180634619,-3.343655583844123,-7.246806379226461,-1.5540670564878234,-2.88485048326851,-2.6451255686645045,-3.569503816445229,-3.820027962989687,-3.305594937757412,-2.947834644654596,-2.493352336406413,-3.837370594817001,-1.9427957344915143,-1.9665443697692795,-2.5728115049995197,-2.7599969871155463,-1.410286924718353,-0.9286000908746117,-1.3278666541403354,-2.2629977780284016,-36.841361487904734,-36.841361487904734,-3.4519990718012465,-4.393292769610779,-5.060651162040327,-4.526739075288896,-1.135703320442897,-4.261053664958594,-3.861576761868103,-6.2964675806590105,-6.910089142992558,-2.4104086738631025,-4.76102341811567,-3.399309116721662,-36.841361487904734,-0.29426305074351883,-5.206155575964958,-5.122546890443867,-36.841361487904734,-1.3520233835155575,-4.376615254043057,-1.6828675012465557,-1.266551526574118,-2.0475495313582437,-1.2109358893752185,-6.050906756161453,-0.5591415809382414,-0.7494774420768183,-1.6001052321072622,-6.798250590117612,-2.4084478130699467,-3.5868788939439127,-0.4333097432368505,-4.808685779337055,-2.224761245341396,-36.841361487904734,-1.1279886667212353,-0.6280655939974847,-6.62077905071644,-2.4264995306417525,-1.3971681372979101,-0.8907644111232778,-0.4384657414356123,-12.606882377397394,-36.841361487904734,-2.875676729494075,-5.734528375214992,-3.684199022753638,-5.436588723059481,-2.5715140183721363,-2.531258954233288,-0.7715494509210546,-2.433794332948063,-2.913863428723115,-0.486963438954888,-36.841361487904734,-1.092296587293417,-1.3928568335447493,-0.036229417271099525,-0.8639632174096828,-6.288594817849336,-1.2477770374842216,-6.852486139058512,-4.750330838763969
-4.790121794477677,-2.6646455307028867,-2.5477572700290203,-5.823102858364526,-2.1613020339799816,-4.068022031649275,-3.40378954922344,-1.9853066751533466,-0.8558930711719216,-1.0285774330993918,-1.738642167037792,-2.881157508623667,-13.35389727536749,-36.841361487904734,-2.1970462465549994,-1.7850220599194244,-2.000088471417936,-3.7255403007661787,-2.2151925479095973,-1.1947871044276468,-6.229772186294777,-8.828617318307995,0.04141502616920342,-4.577030720270182,-0.258952180634619,-3.343655583844123,-7.246806379226461,-1.5540670564878234,-2.88485048326851,-2.6451255686645045,-3.569503816445229,-3.820027962989687,-3.305594937757412,-2.947834644654596,-2.493352336406413,-3.837370594817001,-1.9427957344915143,-1.9665443697692795,-2.5728115049995197,-2.7599969871155463,-1.410286924718353,-0.9286000908746117,-1.3278666541403354,-2.2629977780284016,-36.841361487904734,-36.841361487904734,-3.4519990718012465,-4.393292769610779,-5.060651162040327,-4.526739075288896,-1.135703320442897,-4.261053664958594,-3.861576761868103,-6.2964675806590105,-6.910089142992558,-2.4104086738631025,-4.76102341811567,-3.399309116721662,-36.841361487904734,-0.29426305074351883,-5.206155575964958,-5.122546890443867,-36.841361487904734,-1.3520233835155575,-4.376615254043057,-1.6828675012465557,-1.266551526574118,-2.0475495313582437,-1.2109358893752185,-6.050906756161453,-0.5591415809382414,-0.7494774420768183,-1.6001052321072622,-6.798250590117612,-2.4084478130699467,-3.5868788939439127,-0.4333097432368505,-4.808685779337055,-2.224761245341396,-36.841361487904734,-1.1279886667212353,-0.6280655939974847,-6.62077905071644,-2.4264995306417525,-1.3971681372979101,-0.8907644111232778,-0.4384657414356123,-12.606882377397394,-36.841361487904734,-2.875676729494075,-5.734528375214992,-3.684199022753638,-5.436588723059481,-2.5715140183721363,-2.531258954233288,-0.7715494509210546,-2.433794332948063,-2.913863428723115,-0.486963438954888,-36.841361487904734,-1.092296587293417,-1.3928568335447493,-0.036229417271099525,-0.8639632174096828,-6.288594817849336,-1.2477770374842216,-6.852486139058512,-4.750330838763969
-5.357010655421736,-1.6125681445665963,-2.304984254999349,-5.774322727242615,-3.1921722943602937,-1.1081337863211316,-2.629803502579641,-3.2340288199992133,-2.4033435848672036,-1.099830034125178,-3.059645854386068,-2.277675527518044,-12.428921663616132,-36.841361487904734,-2.4218023622637,-1.7347203978694417,1.0244954948416447,-6.1351945361191795,-2.6291538128922123,-2.1554770606398606,-4.679878318615782,-5.51112134043719,-0.15783403487639472,-3.401326134028401,-0.2988519653850347,-4.792989574722647,-4.369499658516672,-1.3662968589509354,-1.6616378994954348,-2.2832411663889425,-1.2838140918408936,-1.7255082970638769,-3.3150969173216964,-2.793798317704295,-1.8498913834227317,-3.8313223162345125,-1.939390340342245,-0.35473979602683703,-2.5892194285012935,-2.696347338468584,-1.5557909878688068,-0.5222151443415207,-1.4485804090244812,-1.832309267531916,-36.841361487904734,-36.841361487904734,-2.070200946169648,-3.320897482640271,-4.778477869218552,-5.906183870211148,-1.4784725089981963,-2.7324811155476545,-2.955296984414044,-3.963832337608906,-6.538240550579023,-4.6675083129308685,-5.382529275522353,-1.8083426544999357,-36.841361487904734,-0.8132696598704682,-3.8011123829536206,-4.629996664486627,-36.841361487904734,-1.094628810981812,-3.1346155653333345,-1.6413374267326333,-0.6375043300756016,-2.314514058048003,-1.8068112314672662,-7.281020841623714,-0.801909559757454,-1.0671560423466577,-1.5993154039212187,-5.019199125048836,-4.037082996816632,-5.025806594522086,-0.31469266759513076,-4.219463799834192,-2.633259559651468,-36.841361487904734,-1.160732859924568,-0.4660834524754663,-9.139699863663344,-2.4197507195046306,-2.1255802995600788,-0.9869198582123264,-0.5489067990853023,-14.89891826461852,-36.841361487904734,-2.77635754903026,-2.754582154627723,-3.2321582101474324,-4.199018685463299,-2.176073123017859,-1.72378533416459,-0.35852809376076844,-2.3034981589296484,-3.1072425780131376,-0.5274821726400843,-36.841361487904734,-1.3075880138900158,-1.5313247549546967,-0.19899942370397058,-1.7059407505472892,-4.117582974384558,-1.547015748903039,-4.653098174846221,-4.858762180857265
-5.357010655421736,-1.6125681445665963,-2.304984254999349,-5.774322727242615,-3.1921722943602937,-1.1081337863211316,-2.629803502579641,-3.2340288199992133,-2.4033435848672036,-1.099830034125178,-3.059645854386068,-2.277675527518044,-12.428921663616132,-36.841361487904734,-2.4218023622637,-1.7347203978694417,1.0244954948416447,-6.1351945361191795,-2.6291538128922123,-2.1554770606398606,-4.679878318615782,-5.51112134043719,-0.15783403487639472,-3.401326134028401,-0.2988519653850347,-4.792989574722647,-4.369499658516672,-1.3662968589509354,-1.6616378994954348,-2.2832411663889425,-1.2838140918408936,-1.7255082970638769,-3.3150969173216964,-2.793798317704295,-1.8498913834227317,-3.8313223162345125,-1.939390340342245,-0.35473979602683703,-2.5892194285012935,-2.696347338468584,-1.5557909878688068,-0.5222151443415207,-1.4485804090244812,-1.832309267531916,-36.841361487904734,-36.841361487904734,-2.070200946169648,-3.320897482640271,-4.778477869218552,-5.906183870211148,-1.4784725089981963,-2.7324811155476545,-2.955296984414044,-3.963832337608906,-6.538240550579023,-4.6675083129308685,-5.382529275522353,-1.8083426544999357,-36.841361487904734,-0.8132696598704682,-3.8011123829536206,-4.629996664486627,-36.841361487904734,-1.094628810981812,-3.1346155653333345,-1.6413374267326333,-0.6375043300756016,-2.314514058048003,-1.8068112314672662,-7.281020841623714,-0.801909559757454,-1.0671560423466577,-1.5993154039212187,-5.019199125048836,-4.037082996816632,-5.025806594522086,-0.31469266759513076,-4.219463799834192,-2.633259559651468,-36.841361487904734,-1.160732859924568,-0.4660834524754663,-9.139699863663344,-2.4197507195046306,-2.1255802995600788,-0.9869198582123264,-0.5489067990853023,-14.89891826461852,-36.841361487904734,-2.77635754903026,-2.754582154627723,-3.2321582101474324,-4.199018685463299,-2.176073123017859,-1.72378533416459,-0.35852809376076844,-2.3034981589296484,-3.1072425780131376,-0.5274821726400843,-36.841361487904734,-1.3075880138900158,-1.5313247549546967,-0.19899942370397058,-1.7059407505472892,-4.117582974384558,-1.547015748903039,-4.653098174846221,-4.858762180857265
-5.357010655421736,-1.6125681445665963,-2.304984254999349,-5.774322727242615,-3.1921722943602937,-1.1081337863211316,-2.629803502579641,-3.2340288199992133,-2.4033435848672036,-1.099830034125178,-3.059645854386068,-2.277675527518044,-12.428921663616132,-36.841361487904734,-2.4218023622637,-1.7347203978694417,1.0244954948416447,-6.1351945361191795,-2.6291538128922123,-2.1554770606398606,-4.679878318615782,-5.51112134043719,-0.15783403487639472,-3.401326134028401,-0.2988519653850347,-4.792989574722647,-4.369499658516672,-1.3662968589509354,-1.6616378994954348,-2.2832411663889425,-1.2838140918408936,-1.7255082970638769,-3.3150969173216964,-2.793798317704295,-1.8498913834227317,-3.8313223162345125,-1.939390340342245,-0.35473979602683703,-2.5892194285012935,-2.696347338468584,-1.5557909878688068,-0.5222151443415207,-1.4485804090244812,-1.832309267531916,-36.841361487904734,-36.841361487904734,-2.070200946169648,-3.320897482640271,-4.778477869218552,-5.906183870211148,-1.4784725089981963,-2.7324811155476545,-2.955296984414044,-3.963832337608906,-6.538240550579023,-4.6675083129308685,-5.382529275522353,-1.8083426544999357,-36.841361487904734,-0.8132696598704682,-3.8011123829536206,-4.629996664486627,-36.841361487904734,-1.094628810981812,-3.1346155653333345,-1.6413374267326333,-0.6375043300756016,-2.314514058048003,-1.8068112314672662,-7.281020841623714,-0.801909559757454,-1.0671560423466577,-1.5993154039212187,-5.019199125048836,-4.037082996816632,-5.025806594522086,-0.31469266759513076,-4.219463799834192,-2.633259559651468,-36.841361487904734,-1.160732859924568,-0.4660834524754663,-9.139699863663344,-2.4197507195046306,-2.1255802995600788,-0.9869198582123264,-0.5489067990853023,-14.89891826461852,-36.841361487904734,-2.77635754903026,-2.754582154627723,-3.2321582101474324,-4.199018685463299,-2.176073123017859,-1.72378533416459,-0.35852809376076844,-2.3034981589296484,-3.1072425780131376,-0.5274821726400843,-36.841361487904734,-1.3075880138900158,-1.5313247549546967,-0.19899942370397058,-1.7059407505472892,-4.117582974384558,-1.547015748903039,-4.653098174846221,-4.858762180857265
-5.357010655421736,-1.6125681445665963,-2.304984254999349,-5.774322727242615,-3.1921722943602937,-1.1081337863211316,-2.629803502579641,-3.2340288199992133,-2.4033435848672036,-1.099830034125178,-3.059645854386068,-2.277675527518044,-12.428921663616132,-36.841361487904734,-2.4218023622637,-1.7347203978694417,1.0244954948416447,-6.1351945361191795,-2.6291538128922123,-2.1554770606398606,-4.679878318615782,-5.51112134043719,-0.15783403487639472,-3.401326134028401,-0.2988519653850347,-4.792989574722647,-4.369499658516672,-1.3662968589509354,-1.6616378994954348,-2.2832411663889425,-1.2838140918408936,-1.7255082970638769,-3.3150969173216964,-2.793798317704295,-1.8498913834227317,-3.8313223162345125,-1.939390340342245,-0.35473979602683703,-2.5892194285012935,-2.696347338468584,-1.5557909878688068,-0.5222151443415207,-1.4485804090244812,-1.832309267531916,-36.841361487904734,-36.841361487904734,-2.070200946169648,-3.320897482640271,-4.778477869218552,-5.906183870211148,-1.4784725089981963,-2.7324811155476545,-2.955296984414044,-3.963832337608906,-6.538240550579023,-4.6675083129308685,-5.382529275522353,-1.8083426544999357,-36.841361487904734,-0.8132696598704682,-3.8011123829536206,-4.629996664486627,-36.841361487904734,-1.094628810981812,-3.1346155653333345,-1.6413374267326333,-0.6375043300756016,-2.314514058048003,-1.8068112314672662,-7.281020841623714,-0.801909559757454,-1.0671560423466577,-1.5993154039212187,-5.019199125048836,-4.037082996816632,-5.025806594522086,-0.31469266759513076,-4.219463799834192,-2.633259559651468,-36.841361487904734,-1.160732859924568,-0.4660834524754663,-9.139699863663344,-2.4197507195046306,-2.1255802995600788,-0.9869198582123264,-0.5489067990853023,-14.89891826461852,-36.841361487904734,-2.77635754903026,-2.754582154627723,-3.2321582101474324,-4.199018685463299,-2.176073123017859,-1.72378533416459,-0.35852809376076844,-2.3034981589296484,-3.1072425780131376,-0.5274821726400843,-36.841361487904734,-1.3075880138900158,-1.5313247549546967,-0.19899942370397058,-1.7059407505472892,-4.117582974384558,-1.547015748903039,-4.653098174846221,-4.858762180857265
-4.300060959702187,-2.303929390054767,-3.3210622088327213,-4.41366111822583,-6.472090165024186,-6.285221317134175,-3.1670071620629567,-0.7017310101327286,-0.7941913278663777,-1.730499179571497,-0.8491110171957522,-3.8793924469741463,-36.8405177012768,-36.841361487904734,-2.223259206394508,-2.61820792390819,-0.2762713965842779,-5.635000782878406,-1.7462078075396377,-6.215199761754331,-6.626729563965798,-27.2767136019286,-1.1844585771125364,-5.602692939568835,-0.7499879070050897,-3.2508140946801394,-5.661955663944597,-1.578124405336228,-4.047508102659084,-3.097005438971607,-2.807078201855108,-2.6273801989496675,-2.8096261954774064,-1.0597620417564326,-3.8478392925789247,-34.86867299504577,-2.6353972772837335,-2.2833539205050126,-3.357896597281134,-2.6839114827883344,-1.3847193986848936,-0.8365207883259981,-1.514254337926442,-3.129202793964157,-36.841361487904734,-36.841361487904734,-6.634059182863324,-3.524208082882987,-3.0177827344889,-24.763102311782188,-1.3292645057260883,-3.1828840323811223,-6.5584623786593506,-5.673358298688222,-36.82316724502416,-4.925110603005033,-6.8304947435418635,-1.0000283211499847,-36.841361487904734,-0.7552312357346334,-3.552376476058415,-1.8231756035021303,-36.841361487904734,-0.7578883917690099,-3.117905380129342,-2.941772195005043,-1.0620426221315777,-2.0935198521572613,-1.1655188206641012,-20.461215591046404,-0.3132878444369483,-1.1431955228794348,-2.197810997490775,-31.015118961055943,-2.037498521821046,-3.6747689094894467,-0.39325782622698796,-5.670372031115187,-1.69276686224495,-36.841361487904734,-1.1864701173965804,-0.7904148958702296,-36.82021821553449,-3.1371625352456376,-2.550493980115,-0.7233633724527258,-0.34982184142004136,-25.835284246774915,-36.841361487904734,-3.032606890189053,-6.709962653610011,-3.4648823654628513,-4.544958389728042,-2.238463403978326,-1.4376407588343525,-0.909343371065544,-2.0970457883003433,-3.46214069011839,-0.511717989146424,-36.841361487904734,-1.3577328286127768,-1.6874782116063025,0.19995211806718907,-1.2458985429819942,-4.5931575316323645,-1.239746264115109,-4.982879696417543,-3.155935166307661
-4.790121794477677,-2.6646455307028867,-2.5477572700290203,-5.823102858364526,-2.1613020339799816,-4.068022031649275,-3.40378954922344,-1.9853066751533466,-0.8558930711719216,-1.0285774330993918,-1.738642167037792,-2.881157508623667,-13.35389727536749,-36.841361487904734,-2.1970462465549994,-1.7850220599194244,-2.000088471417936,-3.7255403007661787,-2.2151925479095973,-1.1947871044276468,-6.229772186294777,-8.828617318307995,0.04141502616920342,-4.577030720270182,-0.258952180634619,-3.343655583844123,-7.246806379226461,-1.5540670564878234,-2.88485048326851,-2.6451255686645045,-3.569503816445229,-3.820027962989687,-3.305594937757412,-2.947834644654596,-2.493352336406413,-3.837370594817001,-1.9427957344915143,-1.9665443697692795,-2.5728115049995197,-2.7599969871155463,-1.410286924718353,-0.9286000908746117,-1.3278666541403354,-2.2629977780284016,-36.841361487904734,-36.841361487904734,-3.4519990718012465,-4.393292769610779,-5.060651162040327,-4.526739075288896,-1.135703320442897,-4.261053664958594,-3.861576761868103,-6.2964675806590105,-6.910089142992558,-2.4104086738631025,-4.76102341811567,-3.399309116721662,-36.841361487904734,-0.29426305074351883,-5.206155575964958,-5.122546890443867,-36.841361487904734,-1.3520233835155575,-4.376615254043057,-1.6828675012465557,-1.266551526574118,-2.0475495313582437,-1.2109358893752185,-6.050906756161453,-0.5591415809382414,-0.7494774420768183,-1.6001052321072622,-6.798250590117612,-2.4084478130699467,-3.5868788939439127,-0.4333097432368505,-4.808685779337055,-2.224761245341396,-36.841361487904734,-1.1279886667212353,-0.6280655939974847,-6.62077905071644,-2.4264995306417525,-1.3971681372979101,-0.8907644111232778,-0.4384657414356123,-12.606882377397394,-36.841361487904734,-2.875676729494075,-5.734528375214992,-3.684199022753638,-5.436588723059481,-2.5715140183721363,-2.531258954233288,-0.7715494509210546,-2.433794332948063,-2.913863428723115,-0.486963438954888,-36.841361487904734,-1.092296587293417,-1.3928568335447493,-0.036229417271099525,-0.8639632174096828,-6.288594817849336,-1.2477770374842216,-6.852486139058512,-4.750330838763969
-4.790121794477677,-2.6646455307028867,-2.5477572700290203,-5.823102858364526,-2.1613020339799816,-4.068022031649275,-3.40378954922344,-1.9853066751533466,-0.8558930711719216,-1.0285774330993918,-1.738642167037792,-2.881157508623667,-13.35389727536749,-36.841361487904734,-2.1970462465549994,-1.7850220599194244,-2.000088471417936,-3.7255403007661787,-2.2151925479095973,-1.1947871044276468,-6.229772186294777,-8.828617318307995,0.04141502616920342,-4.577030720270182,-0.258952180634619,-3.343655583844123,-7.246806379226461,-1.5540670564878234,-2.88485048326851,-2.6451255686645045,-3.569503816445229,-3.820027962989687,-3.305594937757412,-2.947834644654596,-2.493352336406413,-3.837370594817001,-1.9427957344915143,-1.9665443697692795,-2.5728115049995197,-2.7599969871155463,-1.410286924718353,-0.9286000908746117,-1.3278666541403354,-2.2629977780284016,-36.841361487904734,-36.841361487904734,-3.4519990718012465,-4.393292769610779,-5.060651162040327,-4.526739075288896,-1.135703320442897,-4.261053664958594,-3.861576761868103,-6.2964675806590105,-6.910089142992558,-2.4104086738631025,-4.76102341811567,-3.399309116721662,-36.841361487904734,-0.29426305074351883,-5.206155575964958,-5.122546890443867,-36.841361487904734,-1.3520233835155575,-4.376615254043057,-1.6828675012465557,-1.266551526574118,-2.0475495313582437,-1.2109358893752185,-6.050906756161453,-0.5591415809382414,-0.7494774420768183,-1.6001052321072622,-6.798250590117612,-2.4084478130699467,-3.5868788939439127,-0.4333097432368505,-4.808685779337055,-2.224761245341396,-36.841361487904734,-1.1279886667212353,-0.6280655939974847,-6.62077905071644,-2.4264995306417525,-1.3971681372979101,-0.8907644111232778,-0.4384657414356123,-12.606882377397394,-36.841361487904734,-2.875676729494075,-5.734528375214992,-3.684199022753638,-5.436588723059481,-2.5715140183721363,-2.531258954233288,-0.7715494509210546,-2.433794332948063,-2.913863428723115,-0.486963438954888,-36.841361487904734,-1.092296587293417,-1.3928568335447493,-0.036229417271099525,-0.8639632174096828,-6.288594817849336,-1.2477770374842216,-6.852486139058512,-4.750330838763969
-4.790121794477677,-2.6646455307028867,-2.5477572700290203,-5.823102858364526,-2.1613020339799816,-4.068022031649275,-3.40378954922344,-1.9853066751533466,-0.8558930711719216,-1.0285774330993918,-1.738642167037792,-2.881157508623667,-13.35389727536749,-36.841361487904734,-2.1970462465549994,-1.7850220599194244,-2.000088471417936,-3.7255403007661787,-2.2151925479095973,-1.1947871044276468,-6.229772186294777,-8.828617318307995,0.04141502616920342,-4.577030720270182,-0.258952180634619,-3.343655583844123,-7.246806379226461,-1.5540670564878234,-2.88485048326851,-2.6451255686645045,-3.569503816445229,-3.820027962989687,-3.305594937757412,-2.947834644654596,-2.493352336406413,-3.837370594817001,-1.9427957344915143,-1.9665443697692795,-2.5728115049995197,-2.7599969871155463,-1.410286924718353,-0.9286000908746117,-1.3278666541403354,-2.2629977780284016,-36.841361487904734,-36.841361487904734,-3.4519990718012465,-4.393292769610779,-5.060651162040327,-4.526739075288896,-1.135703320442897,-4.261053664958594,-3.861576761868103,-6.2964675806590105,-6.910089142992558,-2.4104086738631025,-4.76102341811567,-3.399309116721662,-36.841361487904734,-0.29426305074351883,-5.206155575964958,-5.122546890443867,-36.841361487904734,-1.3520233835155575,-4.376615254043057,-1.6828675012465557,-1.266551526574118,-2.0475495313582437,-1.2109358893752185,-6.050906756161453,-0.5591415809382414,-0.7494774420768183,-1.6001052321072622,-6.798250590117612,-2.4084478130699467,-3.5868788939439127,-0.4333097432368505,-4.808685779337055,-2.224761245341396,-36.841361487904734,-1.1279886667212353,-0.6280655939974847,-6.62077905071644,-2.4264995306417525,-1.3971681372979101,-0.8907644111232778,-0.4384657414356123,-12.606882377397394,-36.841361487904734,-2.875676729494075,-5.734528375214992,-3.684199022753638,-5.436588723059481,-2.5715140183721363,-2.531258954233288,-0.7715494509210546,-2.433794332948063,-2.913863428723115,-0.486963438954888,-36.841361487904734,-1.092296587293417,-1.3928568335447493,-0.036229417271099525,-0.8639632174096828,-6.288594817849336,-1.2477770374842216,-6.852486139058512,-4.750330838763969
-5.116708413390068,-1.836056297358844,-2.827001325235722,-5.017514210126462,-1.495390595789737,-2.484260712629456,-3.151276599577761,-3.219821091372446,-1.8128755232310236,-0.7148467901198623,-5.685890739210837,-3.2325824487537798,-6.688074005455587,-36.841361487904734,-3.3504799518870088,-1.1676127209922944,-0.6648101365219172,-3.198612765293191,-2.730496079218853,-1.7083216347472643,-5.954888499973227,-5.037006317738483,0.25867123625094113,-3.5747934901989353,-0.8354408638326373,-6.760583594589622,-4.9500152640765815,-1.7628886142892635,-1.0597269693297615,-1.9821620978408199,-2.0827296947873046,-1.5798953781463987,-4.238646201719779,-2.2424315207651615,-1.8341981555555213,-4.498826049911096,-2.1438376138497093,-0.26779428263121996,-2.623756483260049,-4.845223718786839,-1.6022484854787609,-0.4693169115767664,-1.8540397183894988,-2.142974989642065,-36.841361487904734,-36.841361487904734,-2.891887760554178,-1.968763413715601,-2.9972506351893227,-2.96984907529136,-1.2799277101674873,-2.9700137395154074,-1.6682344690105742,-3.803527692987922,-36.80245744255731,-1.769503295704916,-4.970432544721983,-3.9562824600443838,-36.841361487904734,-0.30404435383321543,-4.559690554460271,-4.461662756191941,-36.841361487904734,-1.0698911987864446,-3.3513571754830673,-1.646533507144849,-0.18846879320945711,-2.339012583075829,-2.005416612115622,-4.564068276599202,-0.5348990168566274,-0.8468399476830641,-2.1783635680042326,-5.288675671733372,-5.215362550215462,-4.614191402846338,-0.320028955819142,-2.7843826891104637,-2.6575991224354607,-36.841361487904734,-2.117803104227873,-0.6725717384217627,-6.231399087509151,-2.182897876978994,-1.130521303494975,-1.3938923419369562,-0.8906364356687433,-36.82077611111992,-36.841361487904734,-2.6718892293363794,-26.072859644722595,-4.4666374039017915,-4.333296457511183,-2.357142487367502,-2.5487166962428236,-0.4940861483903182,-2.7485009281908472,-2.793768038793446,-0.5102862507611728,-36.841361487904734,-1.4168260993715374,-1.5862341914493097,-0.20645180641808572,-0.8559576880066642,-4.333342511815757,-1.2028897786824966,-4.256483611338353,-4.862226327798726
-5.116708413390068,-1.836056297358844,-2.827001325235722,-5.017514210126462,-1.495390595789737,-2.484260712629456,-3.151276599577761,-3.219821091372446,-1.8128755232310236,-0.7148467901198623,-5.685890739210837,-3.2325824487537798,-6.688074005455587,-36.841361487904734,-3.3504799518870088,-1.1676127209922944,-0.6648101365219172,-3.198612765293191,-2.730496079218853,-1.7083216347472643,-5.954888499973227,-5.037006317738483,0.25867123625094113,-3.5747934901989353,-0.8354408638326373,-6.760583594589622,-4.9500152640765815,-1.7628886142892635,-1.0597269693297615,-1.9821620978408199,-2.0827296947873046,-1.5798953781463987,-4.238646201719779,-2.2424315207651615,-1.8341981555555213,-4.498826049911096,-2.1438376138497093,-0.26779428263121996,-2.623756483260049,-4.845223718786839,-1.6022484854787609,-0.4693169115767664,-1.8540397183894988,-2.142974989642065,-36.841361487904734,-36.841361487904734,-2.891887760554178,-1.968763413715601,-2.9972506351893227,-2.96984907529136,-1.2799277101674873,-2.9700137395154074,-1.6682344690105742,-3.803527692987922,-36.80245744255731,-1.769503295704916,-4.970432544721983,-3.9562824600443838,-36.841361487904734,-0.30404435383321543,-4.559690554460271,-4.461662756191941,-36.841361487904734,-1.0698911987864446,-3.3513571754830673,-1.646533507144849,-0.18846879320945711,-2.339012583075829,-2.005416612115622,-4.564068276599202,-0.5348990168566274,-0.8468399476830641,-2.1783635680042326,-5.288675671733372,-5.215362550215462,-4.614191402846338,-0.320028955819142,-2.7843826891104637,-2.6575991224354607,-36.841361487904734,-2.117803104227873,-0.6725717384217627,-6.231399087509151,-2.182897876978994,-1.130521303494975,-1.3938923419369562,-0.8906364356687433,-36.82077611111992,-36.841361487904734,-2.6718892293363794,-26.072859644722595,-4.4666374039017915,-4.333296457511183,-2.357142487367502,-2.5487166962428236,-0.4940861483903182,-2.7485009281908472,-2.793768038793446,-0.5102862507611728,-36.841361487904734,-1.4168260993715374,-1.5862341914493097,-0.20645180641808572,-0.8559576880066642,-4.333342511815757,-1.2028897786824966,-4.256483611338353,-4.862226327798726
-5.895749616460798,-2.044708306825334,-1.1261555026627008,-5.950562061974327,-0.4029178481151856,-2.364911366038451,-2.8631254938948363,-2.8792107199811743,-0.3056196529686447,-1.0475897888336212,-2.794080740621603,-3.1016550083923957,-36.64402848168762,-36.841361487904734,-3.0549563949834018,-1.1475005896442791,0.4917156255409412,-4.742461590018247,-2.093896121769528,-0.10224873932251945,-5.386392664908169,-3.625499110452869,0.7131735878681321,-3.087930803427093,-0.6034834531283074,-2.8253868038676044,-3.1177161466604733,-0.6673395124660183,-0.15396790069262783,-1.3598082796394504,-2.112224245176713,-3.3220105583417965,-3.920972149075197,-4.054513114874783,-1.4738533335237987,-0.3308872834628734,-1.406465511738462,-0.4085953254276438,-2.416579968024268,-2.265787429779473,-1.6638874167861224,-1.226303069192758,-2.6700948949818377,-1.454313176781065,-36.841361487904734,-36.841361487904734,-2.936214817464039,-1.1223874774531746,-5.629220167736366,-4.2554358840070385,-2.383165129772155,-3.046400492171879,-3.574611237805729,-3.590656282248161,-5.318451104796274,-1.0536614070989831,-5.151100576855536,-2.9502781657512127,-36.841361487904734,0.23919068466768204,-4.155179009995486,-4.3938948407762455,-36.841361487904734,-1.9807701525840833,-3.5616445732339566,-2.1450906234114004,-0.7860351670702652,-2.1839371289587115,-0.8836523846608515,-2.202278740652046,-0.46870168267592244,-0.9115343894303515,-1.7310379494475163,-5.388253950150776,-2.5015044012468546,-3.622716663480749,-0.4752333932287658,-4.506228949676436,-2.6145596755224494,-36.841361487904734,-0.6741080254007866,0.05985771285416916,-4.687791868043804,-2.4015108059741013,-1.3834310270664572,-1.2156602265695142,-0.8766630601062854,-6.383149458607677,-36.841361487904734,-2.703146753876559,-4.32152697454393,-2.4861016678551193,-3.445940130005394,-3.113014678032987,-1.0933868425395428,-0.17664891604819796,-2.427326240963021,-2.0716208087466117,-0.5110175342098286,-36.841361487904734,-1.2529452918689443,-1.683301470100072,0.11967984856753155,-0.8350734739929205,-3.7013378060188966,-1.7820918085503312,-4.528488354279356,-3.5648135405616275
-5.895749616460798,-2.044708306825334,-1.1261555026627008,-5.950562061974327,-0.4029178481151856,-2.364911366038451,-2.8631254938948363,-2.8792107199811743,-0.3056196529686447,-1.0475897888336212,-2.794080740621603,-3.1016550083923957,-36.64402848168762,-36.841361487904734,-3.0549563949834018,-1.1475005896442791,0.4917156255409412,-4.742461590018247,-2.093896121769528,-0.10224873932251945,-5.386392664908169,-3.625499110452869,0.7131735878681321,-3.087930803427093,-0.6034834531283074,-2.8253868038676044,-3.1177161466604733,-0.6673395124660183,-0.15396790069262783,-1.3598082796394504,-2.112224245176713,-3.3220105583417965,-3.920972149075197,-4.054513114874783,-1.4738533335237987,-0.3308872834628734,-1.406465511738462,-0.4085953254276438,-2.416579968024268,-2.265787429779473,-1.6638874167861224,-1.226303069192758,-2.6700948949818377,-1.454313176781065,-36.841361487904734,-36.841361487904734,-2.936214817464039,-1.1223874774531746,-5.629220167736366,-4.2554358840070385,-2.383165129772155,-3.046400492171879,-3.574611237805729,-3.590656282248161,-5.318451104796274,-1.0536614070989831,-5.151100576855536,-2.9502781657512127,-36.841361487904734,0.23919068466768204,-4.155179009995486,-4.3938948407762455,-36.841361487904734,-1.9807701525840833,-3.5616445732339566,-2.1450906234114004,-0.7860351670702652,-2.1839371289587115,-0.8836523846608515,-2.202278740652046,-0.46870168267592244,-0.9115343894303515,-1.7310379494475163,-5.388253950150776,-2.5015044012468546,-3.622716663480749,-0.4752333932287658,-4.506228949676436,-2.6145596755224494,-36.841361487904734,-0.6741080254007866,0.05985771285416916,-4.687791868043804,-2.4015108059741013,-1.3834310270664572,-1.2156602265695142,-0.8766630601062854,-6.383149458607677,-36.841361487904734,-2.703146753876559,-4.32152697454393,-2.4861016678551193,-3.445940130005394,-3.113014678032987,-1.0933868425395428,-0.17664891604819796,-2.427326240963021,-2.0716208087466117,-0.5110175342098286,-36.841361487904734,-1.2529452918689443,-1.683301470100072,0.11967984856753155,-0.8350734739929205,-3.7013378060188966,-1.7820918085503312,-4.528488354279356,-3.5648135405616275
-5.895749616460798,-2.044708306825334,-1.1261555026627008,-5.950562061974327,-0.4029178481151856,-2.364911366038451,-2.8631254938948363,-2.8792107199811743,-0.3056196529686447,-1.0475897888336212,-2.794080740621603,-3.1016550083923957,-36.64402848168762,-36.841361487904734,-3.0549563949834018,-1.1475005896442791,0.4917156255409412,-4.742461590018247,-2.093896121769528,-0.10224873932251945,-5.386392664908169,-3.625499110452869,0.7131735878681321,-3.087930803427093,-0.6034834531283074,-2.8253868038676044,-3.1177161466604733,-0.6673395124660183,-0.15396790069262783,-1.3598082796394504,-2.112224245176713,-3.3220105583417965,-3.920972149075197,-4.054513114874783,-1.4738533335237987,-0.3308872834628734,-1.406465511738462,-0.4085953254276438,-2.416579968024268,-2.265787429779473,-1.6638874167861224,-1.226303069192758,-2.6700948949818377,-1.454313176781065,-36.841361487904734,-36.841361487904734,-2.936214817464039,-1.1223874774531746,-5.629220167736366,-4.2554358840070385,-2.383165129772155,-3.046400492171879,-3.574611237805729,-3.590656282248161,-5.318451104796274,-1.0536614070989831,-5.151100576855536,-2.9502781657512127,-36.841361487904734,0.23919068466768204,-4.155179009995486,-4.3938948407762455,-36.841361487904734,-1.9807701525840833,-3.5616445732339566,-2.1450906234114004,-0.7860351670702652,-2.1839371289587115,-0.8836523846608515,-2.202278740652046,-0.46870168267592244,-0.9115343894303515,-1.7310379494475163,-5.388253950150776,-2.5015044012468546,-3.622716663480749,-0.4752333932287658,-4.506228949676436,-2.6145596755224494,-36.841361487904734,-0.6741080254007866,0.05985771285416916,-4.687791868043804,-2.4015108059741013,-1.3834310270664572,-1.2156602265695142,-0.8766630601062854,-6.383149458607677,-36.841361487904734,-2.703146753876559,-4.32152697454393,-2.4861016678551193,-3.445940130005394,-3.113014678032987,-1.0933868425395428,-0.17664891604819796,-2.427326240963021,-2.0716208087466117,-0.5110175342098286,-36.841361487904734,-1.2529452918689443,-1.683301470100072,0.11967984856753155,-0.8350734739929205,-3.7013378060188966,-1.7820918085503312,-4.528488354279356,-3.5648135405616275
-5.895749616460798,-2.044708306825334,-1.1261555026627008,-5.950562061974327,-0.4029178481151856,-2.364911366038451,-2.8631254938948363,-2.8792107199811743,-0.3056196529686447,-1.0475897888336212,-2.794080740621603,-3.1016550083923957,-36.64402848168762,-36.841361487904734,-3.0549563949834018,-1.1475005896442791,0.4917156255409412,-4.742461590018247,-2.093896121769528,-0.10224873932251945,-5.386392664908169,-3.625499110452869,0.7131735878681321,-3.087930803427093,-0.6034834531283074,-2.8253868038676044,-3.1177161466604733,-0.6673395124660183,-0.15396790069262783,-1.3598082796394504,-2.112224245176713,-3.3220105583417965,-3.920972149075197,-4.054513114874783,-1.4738533335237987,-0.3308872834628734,-1.406465511738462,-0.4085953254276438,-2.416579968024268,-2.265787429779473,-1.6638874167861224,-1.226303069192758,-2.6700948949818377,-1.454313176781065,-36.841361487904734,-36.841361487904734,-2.936214817464039,-1.1223874774531746,-5.629220167736366,-4.2554358840070385,-2.383165129772155,-3.046400492171879,-3.574611237805729,-3.590656282248161,-5.318451104796274,-1.0536614070989831,-5.151100576855536,-2.9502781657512127,-36.841361487904734,0.23919068466768204,-4.155179009995486,-4.3938948407762455,-36.841361487904734,-1.9807701525840833,-3.5616445732339566,-2.1450906234114004,-0.7860351670702652,-2.1839371289587115,-0.8836523846608515,-2.202278740652046,-0.46870168267592244,-0.9115343894303515,-1.7310379494475163,-5.388253950150776,-2.5015044012468546,-3.622716663480749,-0.4752333932287658,-4.506228949676436,-2.6145596755224494,-36.841361487904734,-0.6741080254007866,0.05985771285416916,-4.687791868043804,-2.4015108059741013,-1.3834310270664572,-1.2156602265695142,-0.8766630601062854,-6.383149458607677,-36.841361487904734,-2.703146753876559,-4.32152697454393,-2.4861016678551193,-3.445940130005394,-3.113014678032987,-1.0933868425395428,-0.17664891604819796,-2.427326240963021,-2.0716208087466117,-0.5110175342098286,-36.841361487904734,-1.2529452918689443,-1.683301470100072,0.11967984856753155,-0.8350734739929205,-3.7013378060188966,-1.7820918085503312,-4.528488354279356,-3.5648135405616275
-5.357010655421736,-1.6125681445665963,-2.304984254999349,-5.774322727242615,-3.1921722943602937,-1.1081337863211316,-2.629803502579641,-3.2340288199992133,-2.4033435848672036,-1.099830034125178,-3.059645854386068,-2.277675527518044,-12.428921663616132,-36.841361487904734,-2.4218023622637,-1.7347203978694417,1.0244954948416447,-6.1351945361191795,-2.6291538128922123,-2.1554770606398606,-4.679878318615782,-5.51112134043719,-0.15783403487639472,-3.401326134028401,-0.2988519653850347,-4.792989574722647,-4.369499658516672,-1.3662968589509354,-1.6616378994954348,-2.2832411663889425,-1.2838140918408936,-1.7255082970638769,-3.3150969173216964,-2.793798317704295,-1.8498913834227317,-3.8313223162345125,-1.939390340342245,-0.35473979602683703,-2.5892194285012935,-2.696347338468584,-1.5557909878688068,-0.5222151443415207,-1.4485804090244812,-1.832309267531916,-36.841361487904734,-36.841361487904734,-2.070200946169648,-3.320897482640271,-4.778477869218552,-5.906183870211148,-1.4784725089981963,-2.7324811155476545,-2.955296984414044,-3.963832337608906,-6.538240550579023,-4.6675083129308685,-5.382529275522353,-1.8083426544999357,-36.841361487904734,-0.8132696598704682,-3.8011123829536206,-4.629996664486627,-36.841361487904734,-1.094628810981812,-3.1346155653333345,-1.6413374267326333,-0.6375043300756016,-2.314514058048003,-1.8068112314672662,-7.281020841623714,-0.801909559757454,-1.0671560423466577,-1.5993154039212187,-5.019199125048836,-4.037082996816632,-5.025806594522086,-0.31469266759513076,-4.219463799834192,-2.633259559651468,-36.841361487904734,-1.160732859924568,-0.4660834524754663,-9.139699863663344,-2.4197507195046306,-2.1255802995600788,-0.9869198582123264,-0.5489067990853023,-14.89891826461852,-36.841361487904734,-2.77635754903026,-2.754582154627723,-3.2321582101474324,-4.199018685463299,-2.176073123017859,-1.72378533416459,-0.35852809376076844,-2.3034981589296484,-3.1072425780131376,-0.5274821726400843,-36.841361487904734,-1.3075880138900158,-1.5313247549546967,-0.19899942370397058,-1.7059407505472892,-4.117582974384558,-1.547015748903039,-4.653098174846221,-4.858762180857265
-5.357010655421736,-1.6125681445665963,-2.304984254999349,-5.774322727242615,-3.1921722943602937,-1.1081337863211316,-2.629803502579641,-3.2340288199992133,-2.4033435848672036,-1.099830034125178,-3.059645854386068,-2.277675527518044,-12.428921663616132,-36.841361487904734,-2.4218023622637,-1.7347203978694417,1.0244954948416447,-6.1351945361191795,-2.6291538128922123,-2.1554770606398606,-4.679878318615782,-5.51112134043719,-0.15783403487639472,-3.401326134028401,-0.2988519653850347,-4.792989574722647,-4.369499658516672,-1.3662968589509354,-1.6616378994954348,-2.2832411663889425,-1.2838140918408936,-1.7255082970638769,-3.3150969173216964,-2.793798317704295,-1.8498913834227317,-3.8313223162345125,-1.939390340342245,-0.35473979602683703,-2.5892194285012935,-2.696347338468584,-1.5557909878688068,-0.5222151443415207,-1.4485804090244812,-1.832309267531916,-36.841361487904734,-36.841361487904734,-2.070200946169648,-3.320897482640271,-4.778477869218552,-5.906183870211148,-1.4784725089981963,-2.7324811155476545,-2.955296984414044,-3.963832337608906,-6.538240550579023,-4.6675083129308685,-5.382529275522353,-1.8083426544999357,-36.841361487904734,-0.8132696598704682,-3.8011123829536206,-4.629996664486627,-36.841361487904734,-1.094628810981812,-3.1346155653333345,-1.6413374267326333,-0.6375043300756016,-2.314514058048003,-1.8068112314672662,-7.281020841623714,-0.801909559757454,-1.0671560423466577,-1.5993154039212187,-5.019199125048836,-4.037082996816632,-5.025806594522086,-0.31469266759513076,-4.219463799834192,-2.633259559651468,-36.841361487904734,-1.160732859924568,-0.4660834524754663,-9.139699863663344,-2.4197507195046306,-2.1255802995600788,-0.9869198582123264,-0.5489067990853023,-14.89891826461852,-36.841361487904734,-2.77635754903026,-2.754582154627723,-3.2321582101474324,-4.199018685463299,-2.176073123017859,-1.72378533416459,-0.35852809376076844,-2.3034981589296484,-3.1072425780131376,-0.5274821726400843,-36.841361487904734,-1.3075880138900158,-1.5313247549546967,-0.19899942370397058,-1.7059407505472892,-4.117582974384558,-1.547015748903039,-4.653098174846221,-4.858762180857265
-5.357010655421736,-1.6125681445665963,-2.304984254999349,-5.774322727242615,-3.1921722943602937,-1.1081337863211316,-2.629803502579641,-3.2340288199992133,-2.4033435848672036,-1.099830034125178,-3.059645854386068,-2.277675527518044,-12.428921663616132,-36.841361487904734,-2.4218023622637,-1.7347203978694417,1.0244954948416447,-6.1351945361191795,-2.6291538128922123,-2.1554770606398606,-4.679878318615782,-5.51112134043719,-0.15783403487639472,-3.401326134028401,-0.2988519653850347,-4.792989574722647,-4.369499658516672,-1.3662968589509354,-1.6616378994954348,-2.2832411663889425,-1.2838140918408936,-1.7255082970638769,-3.3150969173216964,-2.793798317704295,-1.8498913834227317,-3.8313223162345125,-1.939390340342245,-0.35473979602683703,-2.5892194285012935,-2.696347338468584,-1.5557909878688068,-0.5222151443415207,-1.4485804090244812,-1.832309267531916,-36.841361487904734,-36.841361487904734,-2.070200946169648,-3.320897482640271,-4.778477869218552,-5.906183870211148,-1.4784725089981963,-2.7324811155476545,-2.955296984414044,-3.963832337608906,-6.538240550579023,-4.6675083129308685,-5.382529275522353,-1.8083426544999357,-36.841361487904734,-0.8132696598704682,-3.8011123829536206,-4.629996664486627,-36.841361487904734,-1.094628810981812,-3.1346155653333345,-1.6413374267326333,-0.6375043300756016,-2.314514058048003,-1.8068112314672662,-7.281020841623714,-0.801909559757454,-1.0671560423466577,-1.5993154039212187,-5.019199125048836,-4.037082996816632,-5.025806594522086,-0.31469266759513076,-4.219463799834192,-2.633259559651468,-36.841361487904734,-1.160732859924568,-0.4660834524754663,-9.139699863663344,-2.4197507195046306,-2.1255802995600788,-0.9869198582123264,-0.5489067990853023,-14.89891826461852,-36.841361487904734,-2.77635754903026,-2.754582154627723,-3.2321582101474324,-4.199018685463299,-2.176073123017859,-1.72378533416459,-0.35852809376076844,-2.3034981589296484,-3.1072425780131376,-0.5274821726400843,-36.841361487904734,-1.3075880138900158,-1.5313247549546967,-0.19899942370397058,-1.7059407505472892,-4.117582974384558,-1.547015748903039,-4.653098174846221,-4.858762180857265
-5.357010655421736,-1.6125681445665963,-2.304984254999349,-5.774322727242615,-3.1921722943602937,-1.1081337863211316,-2.629803502579641,-3.2340288199992133,-2.4033435848672036,-1.099830034125178,-3.059645854386068,-2.277675527518044,-12.428921663616132,-36.841361487904734,-2.4218023622637,-1.7347203978694417,1.0244954948416447,-6.1351945361191795,-2.6291538128922123,-2.1554770606398606,-4.679878318615782,-5.51112134043719,-0.15783403487639472,-3.401326134028401,-0.2988519653850347,-4.792989574722647,-4.369499658516672,-1.3662968589509354,-1.6616378994954348,-2.2832411663889425,-1.2838140918408936,-1.7255082970638769,-3.3150969173216964,-2.793798317704295,-1.8498913834227317,-3.8313223162345125,-1.939390340342245,-0.35473979602683703,-2.5892194285012935,-2.696347338468584,-1.5557909878688068,-0.5222151443415207,-1.4485804090244812,-1.832309267531916,-36.841361487904734,-36.841361487904734,-2.070200946169648,-3.320897482640271,-4.778477869218552,-5.906183870211148,-1.4784725089981963,-2.7324811155476545,-2.955296984414044,-3.963832337608906,-6.538240550579023,-4.6675083129308685,-5.382529275522353,-1.8083426544999357,-36.841361487904734,-0.8132696598704682,-3.8011123829536206,-4.629996664486627,-36.841361487904734,-1.094628810981812,-3.1346155653333345,-1.6413374267326333,-0.6375043300756016,-2.314514058048003,-1.8068112314672662,-7.281020841623714,-0.801909559757454,-1.0671560423466577,-1.5993154039212187,-5.019199125048836,-4.037082996816632,-5.025806594522086,-0.31469266759513076,-4.219463799834192,-2.633259559651468,-36.841361487904734,-1.160732859924568,-0.4660834524754663,-9.139699863663344,-2.4197507195046306,-2.1255802995600788,-0.9869198582123264,-0.5489067990853023,-14.89891826461852,-36.841361487904734,-2.77635754903026,-2.754582154627723,-3.2321582101474324,-4.199018685463299,-2.176073123017859,-1.72378533416459,-0.35852809376076844,-2.3034981589296484,-3.1072425780131376,-0.5274821726400843,-36.841361487904734,-1.3075880138900158,-1.5313247549546967,-0.19899942370397058,-1.7059407505472892,-4.117582974384558,-1.547015748903039,-4.653098174846221,-4.858762180857265
-5.357010655421736,-1.6125681445665963,-2.304984254999349,-5.774322727242615,-3.1921722943602937,-1.1081337863211316,-2.629803502579641,-3.2340288199992133,-2.4033435848672036,-1.099830034125178,-3.059645854386068,-2.277675527518044,-12.428921663616132,-36.841361487904734,-2.4218023622637,-1.7347203978694417,1.0244954948416447,-6.1351945361191795,-2.6291538128922123,-2.1554770606398606,-4.679878318615782,-5.51112134043719,-0.15783403487639472,-3.401326134028401,-0.2988519653850347,-4.792989574722647,-4.369499658516672,-1.3662968589509354,-1.6616378994954348,-2.2832411663889425,-1.2838140918408936,-1.7255082970638769,-3.3150969173216964,-2.793798317704295,-1.8498913834227317,-3.8313223162345125,-1.939390340342245,-0.35473979602683703,-2.5892194285012935,-2.696347338468584,-1.5557909878688068,-0.5222151443415207,-1.4485804090244812,-1.832309267531916,-36.841361487904734,-36.841361487904734,-2.070200946169648,-3.320897482640271,-4.778477869218552,-5.906183870211148,-1.4784725089981963,-2.7324811155476545,-2.955296984414044,-3.963832337608906,-6.538240550579023,-4.6675083129308685,-5.382529275522353,-1.8083426544999357,-36.841361487904734,-0.8132696598704682,-3.8011123829536206,-4.629996664486627,-36.841361487904734,-1.094628810981812,-3.1346155653333345,-1.6413374267326333,-0.6375043300756016,-2.314514058048003,-1.8068112314672662,-7.281020841623714,-0.801909559757454,-1.0671560423466577,-1.5993154039212187,-5.019199125048836,-4.037082996816632,-5.025806594522086,-0.31469266759513076,-4.219463799834192,-2.633259559651468,-36.841361487904734,-1.160732859924568,-0.4660834524754663,-9.139699863663344,-2.4197507195046306,-2.1255802995600788,-0.9869198582123264,-0.5489067990853023,-14.89891826461852,-36.841361487904734,-2.77635754903026,-2.754582154627723,-3.2321582101474324,-4.199018685463299,-2.176073123017859,-1.72378533416459,-0.35852809376076844,-2.3034981589296484,-3.1072425780131376,-0.5274821726400843,-36.841361487904734,-1.3075880138900158,-1.5313247549546967,-0.19899942370397058,-1.7059407505472892,-4.117582974384558,-1.547015748903039,-4.653098174846221,-4.858762180857265
-5.80517666039107,-2.022600583487731,-2.3609839117547917,-5.524341583059383,-0.06266399114318592,-0.03020685775390058,-2.6151468770899893,-2.8998450612390867,-2.037536202488574,-1.2634211767482766,-3.0124092443996786,-3.1885572619752027,-2.1033226728054437,-36.841361487904734,-2.1866861381131977,-1.754512478944167,0.5013385129232478,-2.810710757639537,-2.5364835676684687,-2.381729528379715,-3.8182560271310964,-5.318710519270233,0.9256708475638554,-2.94455250764973,-1.9541857584755773,-3.6577816242522734,-2.9889438191306144,-0.9643928226189477,-1.1185681414850044,-2.129687239233727,-1.556525575597083,-2.257334898016134,-3.769335017408882,-3.2873513835727612,-1.5540752230869106,-3.9250339758887014,-1.6685447177668207,-0.02817278777701599,-3.1202445523278888,-3.103271854225884,-1.356370270120483,-0.9388628224887695,-2.074528920928721,-1.757497260487215,-36.841361487904734,-36.841361487904734,-2.6055715919705853,-0.5308377313527903,-2.2950283454251905,0.5359694303451765,-1.2493385874912306,-2.2602567362997372,-2.6692306168477273,-2.232653367382177,-4.978412795872697,-3.7682324700502576,-2.8561573766394837,-3.855066796408832,-36.841361487904734,-1.2023804099383246,-3.922391182102162,-2.8263719335504898,-36.841361487904734,-1.5952834168880845,-3.326372790212991,-1.6049005098570068,0.02141970968136837,-2.2584175270084814,-1.4865506330698781,-4.494138677189543,-0.19832407585346962,-0.8315350570192359,-1.712296308309471,-5.205138386055421,-2.7830618699859015,-2.7108455950942307,-0.6135700753119302,-3.9967719041919323,-2.25137823096397,-36.841361487904734,-0.8207156562298835,0.21862045089116505,-2.180370353365966,-2.103595457907075,-1.1424662466475608,-1.4546455323435348,-1.1760313524566515,-6.388759013659614,-36.841361487904734,-2.9201376468197004,-6.012944263838693,-4.241768285460638,-3.007086618672973,-2.6614294582624347,-2.5751305514920717,-0.46046106222997507,-2.870839299181462,-2.734489291487806,-0.5565601315587019,-36.841361487904734,-1.257363047344107,-1.1805914177931938,-0.4634958532082578,-0.9766808632609046,-2.031988942582348,-1.86787751041477,-4.139276293011188,-5.852005458822283
-5.116708413390068,-1.836056297358844,-2.827001325235722,-5.017514210126462,-1.495390595789737,-2.484260712629456,-3.151276599577761,-3.219821091372446,-1.8128755232310236,-0.7148467901198623,-5.685890739210837,-3.2325824487537798,-6.688074005455587,-36.841361487904734,-3.3504799518870088,-1.1676127209922944,-0.6648101365219172,-3.198612765293191,-2.730496079218853,-1.7083216347472643,-5.954888499973227,-5.037006317738483,0.25867123625094113,-3.5747934901989353,-0.8354408638326373,-6.760583594589622,-4.9500152640765815,-1.7628886142892635,-1.0597269693297615,-1.9821620978408199,-2.0827296947873046,-1.5798953781463987,-4.238646201719779,-2.2424315207651615,-1.8341981555555213,-4.498826049911096,-2.1438376138497093,-0.26779428263121996,-2.623756483260049,-4.845223718786839,-1.6022484854787609,-0.4693169115767664,-1.8540397183894988,-2.142974989642065,-36.841361487904734,-36.841361487904734,-2.891887760554178,-1.968763413715601,-2.9972506351893227,-2.96984907529136,-1.2799277101674873,-2.9700137395154074,-1.6682344690105742,-3.803527692987922,-36.80245744255731,-1.769503295704916,-4.970432544721983,-3.9562824600443838,-36.841361487904734,-0.30404435383321543,-4.559690554460271,-4.461662756191941,-36.841361487904734,-1.0698911987864446,-3.3513571754830673,-1.646533507144849,-0.18846879320945711,-2.339012583075829,-2.005416612115622,-4.564068276599202,-0.5348990168566274,-0.8468399476830641,-2.1783635680042326,-5.288675671733372,-5.215362550215462,-4.614191402846338,-0.320028955819142,-2.7843826891104637,-2.6575991224354607,-36.841361487904734,-2.117803104227873,-0.6725717384217627,-6.231399087509151,-2.182897876978994,-1.130521303494975,-1.3938923419369562,-0.8906364356687433,-36.82077611111992,-36.841361487904734,-2.6718892293363794,-26.072859644722595,-4.4666374039017915,-4.333296457511183,-2.357142487367502,-2.5487166962428236,-0.4940861483903182,-2.7485009281908472,-2.793768038793446,-0.5102862507611728,-36.841361487904734,-1.4168260993715374,-1.5862341914493097,-0.20645180641808572,-0.8559576880066642,-4.333342511815757,-1.2028897786824966,-4.256483611338353,-4.862226327798726
-5.116708413390068,-1.836056297358844,-2.827001325235722,-5.017514210126462,-1.495390595789737,-2.484260712629456,-3.151276599577761,-3.219821091372446,-1.8128755232310236,-0.7148467901198623,-5.685890739210837,-3.2325824487537798,-6.688074005455587,-36.841361487904734,-3.3504799518870088,-1.1676127209922944,-0.6648101365219172,-3.198612765293191,-2.730496079218853,-1.7083216347472643,-5.954888499973227,-5.037006317738483,0.25867123625094113,-3.5747934901989353,-0.8354408638326373,-6.760583594589622,-4.9500152640765815,-1.7628886142892635,-1.0597269693297615,-1.9821620978408199,-2.0827296947873046,-1.5798953781463987,-4.238646201719779,-2.2424315207651615,-1.8341981555555213,-4.498826049911096,-2.1438376138497093,-0.26779428263121996,-2.623756483260049,-4.845223718786839,-1.6022484854787609,-0.4693169115767664,-1.8540397183894988,-2.142974989642065,-36.841361487904734,-36.841361487904734,-2.891887760554178,-1.968763413715601,-2.9972506351893227,-2.96984907529136,-1.2799277101674873,-2.9700137395154074,-1.6682344690105742,-3.803527692987922,-36.80245744255731,-1.769503295704916,-4.970432544721983,-3.9562824600443838,-36.841361487904734,-0.30404435383321543,-4.559690554460271,-4.461662756191941,-36.841361487904734,-1.0698911987864446,-3.3513571754830673,-1.646533507144849,-0.18846879320945711,-2.339012583075829,-2.005416612115622,-4.564068276599202,-0.5348990168566274,-0.8468399476830641,-2.1783635680042326,-5.288675671733372,-5.215362550215462,-4.614191402846338,-0.320028955819142,-2.7843826891104637,-2.6575991224354607,-36.841361487904734,-2.117803104227873,-0.6725717384217627,-6.231399087509151,-2.182897876978994,-1.130521303494975,-1.3938923419369562,-0.8906364356687433,-36.82077611111992,-36.841361487904734,-2.6718892293363794,-26.072859644722595,-4.4666374039017915,-4.333296457511183,-2.357142487367502,-2.5487166962428236,-0.4940861483903182,-2.7485009281908472,-2.793768038793446,-0.5102862507611728,-36.841361487904734,-1.4168260993715374,-1.5862341914493097,-0.20645180641808572,-0.8559576880066642,-4.333342511815757,-1.2028897786824966,-4.256483611338353,-4.862226327798726
-5.116708413390068,-1.836056297358844,-2.827001325235722,-5.017514210126462,-1.495390595789737,-2.484260712629456,-3.151276599577761,-3.219821091372446,-1.8128755232310236,-0.7148467901198623,-5.685890739210837,-3.2325824487537798,-6.688074005455587,-36.841361487904734,-3.3504799518870088,-1.1676127209922944,-0.6648101365219172,-3.198612765293191,-2.730496079218853,-1.7083216347472643,-5.954888499973227,-5.037006317738483,0.25867123625094113,-3.5747934901989353,-0.8354408638326373,-6.760583594589622,-4.9500152640765815,-1.7628886142892635,-1.0597269693297615,-1.9821620978408199,-2.0827296947873046,-1.5798953781463987,-4.238646201719779,-2.2424315207651615,-1.8341981555555213,-4.498826049911096,-2.1438376138497093,-0.26779428263121996,-2.623756483260049,-4.845223718786839,-1.6022484854787609,-0.4693169115767664,-1.8540397183894988,-2.142974989642065,-36.841361487904734,-36.841361487904734,-2.891887760554178,-1.968763413715601,-2.9972506351893227,-2.96984907529136,-1.2799277101674873,-2.9700137395154074,-1.6682344690105742,-3.803527692987922,-36.80245744255731,-1.769503295704916,-4.970432544721983,-3.9562824600443838,-36.841361487904734,-0.30404435383321543,-4.559690554460271,-4.461662756191941,-36.841361487904734,-1.0698911987864446,-3.3513571754830673,-1.646533507144849,-0.18846879320945711,-2.339012583075829,-2.005416612115622,-4.564068276599202,-0.5348990168566274,-0.8468399476830641,-2.1783635680042326,-5.288675671733372,-5.215362550215462,-4.614191402846338,-0.320028955819142,-2.7843826891104637,-2.6575991224354607,-36.841361487904734,-2.117803104227873,-0.6725717384217627,-6.231399087509151,-2.182897876978994,-1.130521303494975,-1.3938923419369562,-0.8906364356687433,-36.82077611111992,-36.841361487904734,-2.6718892293363794,-26.072859644722595,-4.4666374039017915,-4.333296457511183,-2.357142487367502,-2.5487166962428236,-0.4940861483903182,-2.7485009281908472,-2.793768038793446,-0.5102862507611728,-36.841361487904734,-1.4168260993715374,-1.5862341914493097,-0.20645180641808572,-0.8559576880066642,-4.333342511815757,-1.2028897786824966,-4.256483611338353,-4.862226327798726
-5.116708413390068,-1.836056297358844,-2.827001325235722,-5.017514210126462,-1.495390595789737,-2.484260712629456,-3.151276599577761,-3.219821091372446,-1.8128755232310236,-0.7148467901198623,-5.685890739210837,-3.2325824487537798,-6.688074005455587,-36.841361487904734,-3.3504799518870088,-1.1676127209922944,-0.6648101365219172,-3.198612765293191,-2.730496079218853,-1.7083216347472643,-5.954888499973227,-5.037006317738483,0.25867123625094113,-3.5747934901989353,-0.8354408638326373,-6.760583594589622,-4.9500152640765815,-1.7628886142892635,-1.0597269693297615,-1.9821620978408199,-2.0827296947873046,-1.5798953781463987,-4.238646201719779,-2.2424315207651615,-1.8341981555555213,-4.498826049911096,-2.1438376138497093,-0.26779428263121996,-2.623756483260049,-4.845223718786839,-1.6022484854787609,-0.4693169115767664,-1.8540397183894988,-2.142974989642065,-36.841361487904734,-36.841361487904734,-2.891887760554178,-1.968763413715601,-2.9972506351893227,-2.96984907529136,-1.2799277101674873,-2.9700137395154074,-1.6682344690105742,-3.803527692987922,-36.80245744255731,-1.769503295704916,-4.970432544721983,-3.9562824600443838,-36.841361487904734,-0.30404435383321543,-4.559690554460271,-4.461662756191941,-36.841361487904734,-1.0698911987864446,-3.3513571754830673,-1.646533507144849,-0.18846879320945711,-2.339012583075829,-2.005416612115622,-4.564068276599202,-0.5348990168566274,-0.8468399476830641,-2.1783635680042326,-5.288675671733372,-5.215362550215462,-4.614191402846338,-0.320028955819142,-2.7843826891104637,-2.6575991224354607,-36.841361487904734,-2.117803104227873,-0.6725717384217627,-6.231399087509151,-2.182897876978994,-1.130521303494975,-1.3938923419369562,-0.8906364356687433,-36.82077611111992,-36.841361487904734,-2.6718892293363794,-26.072859644722595,-4.4666374039017915,-4.333296457511183,-2.357142487367502,-2.5487166962428236,-0.4940861483903182,-2.7485009281908472,-2.793768038793446,-0.5102862507611728,-36.841361487904734,-1.4168260993715374,-1.5862341914493097,-0.20645180641808572,-0.8559576880066642,-4.333342511815757,-1.2028897786824966,-4.256483611338353,-4.862226327798726
-5.116708413390068,-1.836056297358844,-2.827001325235722,-5.017514210126462,-1.495390595789737,-2.484260712629456,-3.151276599577761,-3.219821091372446,-1.8128755232310236,-0.7148467901198623,-5.685890739210837,-3.2325824487537798,-6.688074005455587,-36.841361487904734,-3.3504799518870088,-1.1676127209922944,-0.6648101365219172,-3.198612765293191,-2.730496079218853,-1.7083216347472643,-5.954888499973227,-5.037006317738483,0.25867123625094113,-3.5747934901989353,-0.8354408638326373,-6.760583594589622,-4.9500152640765815,-1.7628886142892635,-1.0597269693297615,-1.9821620978408199,-2.0827296947873046,-1.5798953781463987,-4.238646201719779,-2.2424315207651615,-1.8341981555555213,-4.498826049911096,-2.1438376138497093,-0.26779428263121996,-2.623756483260049,-4.845223718786839,-1.6022484854787609,-0.4693169115767664,-1.8540397183894988,-2.142974989642065,-36.841361487904734,-36.841361487904734,-2.891887760554178,-1.968763413715601,-2.9972506351893227,-2.96984907529136,-1.2799277101674873,-2.9700137395154074,-1.6682344690105742,-3.803527692987922,-36.80245744255731,-1.769503295704916,-4.970432544721983,-3.9562824600443838,-36.841361487904734,-0.30404435383321543,-4.559690554460271,-4.461662756191941,-36.841361487904734,-1.0698911987864446,-3.3513571754830673,-1.646533507144849,-0.18846879320945711,-2.339012583075829,-2.005416612115622,-4.564068276599202,-0.5348990168566274,-0.8468399476830641,-2.1783635680042326,-5.288675671733372,-5.215362550215462,-4.614191402846338,-0.320028955819142,-2.7843826891104637,-2.6575991224354607,-36.841361487904734,-2.117803104227873,-0.6725717384217627,-6.231399087509151,-2.182897876978994,-1.130521303494975,-1.3938923419369562,-0.8906364356687433,-36.82077611111992,-36.841361487904734,-2.6718892293363794,-26.072859644722595,-4.4666374039017915,-4.333296457511183,-2.357142487367502,-2.5487166962428236,-0.4940861483903182,-2.7485009281908472,-2.793768038793446,-0.5102862507611728,-36.841361487904734,-1.4168260993715374,-1.5862341914493097,-0.20645180641808572,-0.8559576880066642,-4.333342511815757,-1.2028897786824966,-4.256483611338353,-4.862226327798726
-5.357010655421736,-1.6125681445665963,-2.304984254999349,-5.774322727242615,-3.1921722943602937,-1.1081337863211316,-2.629803502579641,-3.2340288199992133,-2.4033435848672036,-1.099830034125178,-3.059645854386068,-2.277675527518044,-12.428921663616132,-36.841361487904734,-2.4218023622637,-1.7347203978694417,1.0244954948416447,-6.1351945361191795,-2.6291538128922123,-2.1554770606398606,-4.679878318615782,-5.51112134043719,-0.15783403487639472,-3.401326134028401,-0.2988519653850347,-4.792989574722647,-4.369499658516672,-1.3662968589509354,-1.6616378994954348,-2.2832411663889425,-1.2838140918408936,-1.7255082970638769,-3.3150969173216964,-2.793798317704295,-1.8498913834227317,-3.8313223162345125,-1.939390340342245,-0.35473979602683703,-2.5892194285012935,-2.696347338468584,-1.5557909878688068,-0.5222151443415207,-1.4485804090244812,-1.832309267531916,-36.841361487904734,-36.841361487904734,-2.070200946169648,-3.320897482640271,-4.778477869218552,-5.906183870211148,-1.4784725089981963,-2.7324811155476545,-2.955296984414044,-3.963832337608906,-6.538240550579023,-4.6675083129308685,-5.382529275522353,-1.8083426544999357,-36.841361487904734,-0.8132696598704682,-3.8011123829536206,-4.629996664486627,-36.841361487904734,-1.094628810981812,-3.1346155653333345,-1.6413374267326333,-0.6375043300756016,-2.314514058048003,-1.8068112314672662,-7.281020841623714,-0.801909559757454,-1.0671560423466577,-1.5993154039212187,-5.019199125048836,-4.037082996816632,-5.025806594522086,-0.31469266759513076,-4.219463799834192,-2.633259559651468,-36.841361487904734,-1.160732859924568,-0.4660834524754663,-9.139699863663344,-2.4197507195046306,-2.1255802995600788,-0.9869198582123264,-0.5489067990853023,-14.89891826461852,-36.841361487904734,-2.77635754903026,-2.754582154627723,-3.2321582101474324,-4.199018685463299,-2.176073123017859,-1.72378533416459,-0.35852809376076844,-2.3034981589296484,-3.1072425780131376,-0.5274821726400843,-36.841361487904734,-1.3075880138900158,-1.5313247549546967,-0.19899942370397058,-1.7059407505472892,-4.117582974384558,-1.547015748903039,-4.653098174846221,-4.858762180857265
-4.793412610903222,-2.1223435691818966,-1.8929622639810408,-6.015348055089528,-2.906488850924608,-1.0415831212738322,-3.194663137701256,-2.6481486597556994,-1.3484833103076308,-0.9881942122817331,-1.1457675105550624,-3.8478976409719445,-36.838885628104094,-36.841361487904734,-1.6129994870172317,-2.169867967244069,1.1219277377530132,-3.692583959197001,-2.3901755263576576,-2.6536067398523477,-3.5532006159394345,-5.007853612467683,0.8240881878955532,-3.0054207254658576,-0.48764675178438455,-5.6082252015408045,-3.39901512490047,-2.4411668231268426,-2.5068359782802423,-1.675648466406564,-1.9543780671344742,-0.6942994481940071,-2.4560448020933285,-1.20895476160325,-2.2129680257626703,-7.079206463534427,-1.9166728839610958,-0.5889040720737777,-2.65058379031949,-1.9671802822107158,-1.5513318139836507,-0.4044775086972001,-1.2460384785615302,-1.7840816721379136,-36.841361487904734,-36.841361487904734,-0.8129020784513213,-1.4098527263107707,-2.191558178158109,-2.448716546931659,-0.45352642360939954,-1.2808631211427992,-3.4549316005285253,-1.7434883531909178,-2.716713196924781,-4.114645478338943,-1.9676376225709378,-2.938470849333469,-36.841361487904734,-1.1514617433725407,-3.473281450277634,-2.1385388890176293,-36.841361487904734,-1.7625742228852501,-1.2823129735695116,-1.678872148428367,-0.11819159248014086,-2.352746249832059,-1.3512444521223264,-3.753110830504564,-0.5560026542916467,-0.7911456665235138,-1.716578988177241,-3.3785024907224552,-3.117700460655887,-3.6840479298791178,-0.553714707825173,-5.067112880373262,-1.6302559884211527,-36.841361487904734,-1.2741829662183344,-0.34515173989594533,-4.273469124635248,-1.821087070802206,-1.3517231490871933,-0.9883891698162983,-0.7405925905419697,-36.087961732019586,-36.841361487904734,-2.9300668884129126,-5.31479501172272,-3.3942245869820575,-2.851360288966251,-2.325810132386873,-2.569614833616052,-1.2965972983199048,-2.5057907153546437,-2.8239970484388577,-0.8351358365894196,-36.841361487904734,-1.027383027321962,-1.1572685538074012,-0.626833453984511,-1.9949862921030437,-2.308167627178739,-1.8737787288613548,-3.8358405565571774,-3.3536670371349873
-4.793412610903222,-2.1223435691818966,-1.8929622639810408,-6.015348055089528,-2.906488850924608,-1.0415831212738322,-3.194663137701256,-2.6481486597556994,-1.3484833103076308,-0.9881942122817331,-1.1457675105550624,-3.8478976409719445,-36.838885628104094,-36.841361487904734,-1.6129994870172317,-2.169867967244069,1.1219277377530132,-3.692583959197001,-2.3901755263576576,-2.6536067398523477,-3.5532006159394345,-5.007853612467683,0.8240881878955532,-3.0054207254658576,-0.48764675178438455,-5.6082252015408045,-3.39901512490047,-2.4411668231268426,-2.5068359782802423,-1.675648466406564,-1.9543780671344742,-0.6942994481940071,-2.4560448020933285,-1.20895476160325,-2.2129680257626703,-7.079206463534427,-1.9166728839610958,-0.5889040720737777,-2.65058379031949,-1.9671802822107158,-1.5513318139836507,-0.4044775086972001,-1.2460384785615302,-1.7840816721379136,-36.841361487904734,-36.841361487904734,-0.8129020784513213,-1.4098527263107707,-2.191558178158109,-2.448716546931659,-0.45352642360939954,-1.2808631211427992,-3.4549316005285253,-1.7434883531909178,-2.716713196924781,-4.114645478338943,-1.9676376225709378,-2.938470849333469,-36.841361487904734,-1.1514617433725407,-3.473281450277634,-2.1385388890176293,-36.841361487904734,-1.7625742228852501,-1.2823129735695116,-1.678872148428367,-0.11819159248014086,-2.352746249832059,-1.3512444521223264,-3.753110830504564,-0.5560026542916467,-0.7911456665235138,-1.716578988177241,-3.3785024907224552,-3.117700460655887,-3.6840479298791178,-0.553714707825173,-5.067112880373262,-1.6302559884211527,-36.841361487904734,-1.2741829662183344,-0.34515173989594533,-4.273469124635248,-1.821087070802206,-1.3517231490871933,-0.9883891698162983,-0.7405925905419697,-36.087961732019586,-36.841361487904734,-2.9300668884129126,-5.31479501172272,-3.3942245869820575,-2.851360288966251,-2.325810132386873,-2.569614833616052,-1.2965972983199048,-2.5057907153546437,-2.8239970484388577,-0.8351358365894196,-36.841361487904734,-1.027383027321962,-1.1572685538074012,-0.626833453984511,-1.9949862921030437,-2.308167627178739,-1.8737787288613548,-3.8358405565571774,-3.3536670371349873
-4.793412610903222,-2.1223435691818966,-1.8929622639810408,-6.015348055089528,-2.906488850924608,-1.0415831212738322,-3.194663137701256,-2.6481486597556994,-1.3484833103076308,-0.9881942122817331,-1.1457675105550624,-3.8478976409719445,-36.838885628104094,-36.841361487904734,-1.6129994870172317,-2.169867967244069,1.1219277377530132,-3.692583959197001,-2.3901755263576576,-2.6536067398523477,-3.5532006159394345,-5.007853612467683,0.8240881878955532,-3.0054207254658576,-0.48764675178438455,-5.6082252015408045,-3.39901512490047,-2.4411668231268426,-2.5068359782802423,-1.675648466406564,-1.9543780671344742,-0.6942994481940071,-2.4560448020933285,-1.20895476160325,-2.2129680257626703,-7.079206463534427,-1.9166728839610958,-0.5889040720737777,-2.65058379031949,-1.9671802822107158,-1.5513318139836507,-0.4044775086972001,-1.2460384785615302,-1.7840816721379136,-36.841361487904734,-36.841361487904734,-0.8129020784513213,-1.4098527263107707,-2.191558178158109,-2.448716546931659,-0.45352642360939954,-1.2808631211427992,-3.4549316005285253,-1.7434883531909178,-2.716713196924781,-4.114645478338943,-1.9676376225709378,-2.938470849333469,-36.841361487904734,-1.1514617433725407,-3.473281450277634,-2.1385388890176293,-36.841361487904734,-1.7625742228852501,-1.2823129735695116,-1.678872148428367,-0.11819159248014086,-2.352746249832059,-1.3512444521223264,-3.753110830504564,-0.5560026542916467,-0.7911456665235138,-1.716578988177241,-3.3785024907224552,-3.117700460655887,-3.6840479298791178,-0.553714707825173,-5.067112880373262,-1.6302559884211527,-36.841361487904734,-1.2741829662183344,-0.34515173989594533,-4.273469124635248,-1.821087070802206,-1.3517231490871933,-0.9883891698162983,-0.7405925905419697,-36.087961732019586,-36.841361487904734,-2.9300668884129126,-5.31479501172272,-3.3942245869820575,-2.851360288966251,-2.325810132386873,-2.569614833616052,-1.2965972983199048,-2.5057907153546437,-2.8239970484388577,-0.8351358365894196,-36.841361487904734,-1.027383027321962,-1.1572685538074012,-0.626833453984511,-1.9949862921030437,-2.308167627178739,-1.8737787288613548,-3.8358405565571774,-3.3536670371349873
-4.793412610903222,-2.1223435691818966,-1.8929622639810408,-6.015348055089528,-2.906488850924608,-1.0415831212738322,-3.194663137701256,-2.6481486597556994,-1.3484833103076308,-0.9881942122817331,-1.1457675105550624,-3.8478976409719445,-36.838885628104094,-36.841361487904734,-1.6129994870172317,-2.169867967244069,1.1219277377530132,-3.692583959197001,-2.3901755263576576,-2.6536067398523477,-3.5532006159394345,-5.007853612467683,0.8240881878955532,-3.0054207254658576,-0.48764675178438455,-5.6082252015408045,-3.39901512490047,-2.4411668231268426,-2.5068359782802423,-1.675648466406564,-1.9543780671344742,-0.6942994481940071,-2.4560448020933285,-1.20895476160325,-2.2129680257626703,-7.079206463534427,-1.9166728839610958,-0.5889040720737777,-2.65058379031949,-1.9671802822107158,-1.5513318139836507,-0.4044775086972001,-1.2460384785615302,-1.7840816721379136,-36.841361487904734,-36.841361487904734,-0.8129020784513213,-1.4098527263107707,-2.191558178158109,-2.448716546931659,-0.45352642360939954,-1.2808631211427992,-3.4549316005285253,-1.7434883531909178,-2.716713196924781,-4.114645478338943,-1.9676376225709378,-2.938470849333469,-36.841361487904734,-1.1514617433725407,-3.473281450277634,-2.1385388890176293,-36.841361487904734,-1.7625742228852501,-1.2823129735695116,-1.678872148428367,-0.11819159248014086,-2.352746249832059,-1.3512444521223264,-3.753110830504564,-0.5560026542916467,-0.7911456665235138,-1.716578988177241,-3.3785024907224552,-3.117700460655887,-3.6840479298791178,-0.553714707825173,-5.067112880373262,-1.6302559884211527,-36.841361487904734,-1.2741829662183344,-0.34515173989594533,-4.273469124635248,-1.821087070802206,-1.3517231490871933,-0.9883891698162983,-0.7405925905419697,-36.087961732019586,-36.841361487904734,-2.9300668884129126,-5.31479501172272,-3.3942245869820575,-2.851360288966251,-2.325810132386873,-2.569614833616052,-1.2965972983199048,-2.5057907153546437,-2.8239970484388577,-0.8351358365894196,-36.841361487904734,-1.027383027321962,-1.1572685538074012,-0.626833453984511,-1.9949862921030437,-2.308167627178739,-1.8737787288613548,-3.8358405565571774,-3.3536670371349873
-4.793412610903222,-2.1223435691818966,-1.8929622639810408,-6.015348055089528,-2.906488850924608,-1.0415831212738322,-3.194663137701256,-2.6481486597556994,-1.3484833103076308,-0.9881942122817331,-1.1457675105550624,-3.8478976409719445,-36.838885628104094,-36.841361487904734,-1.6129994870172317,-2.169867967244069,1.1219277377530132,-3.692583959197001,-2.3901755263576576,-2.6536067398523477,-3.5532006159394345,-5.007853612467683,0.8240881878955532,-3.0054207254658576,-0.48764675178438455,-5.6082252015408045,-3.39901512490047,-2.4411668231268426,-2.5068359782802423,-1.675648466406564,-1.9543780671344742,-0.6942994481940071,-2.4560448020933285,-1.20895476160325,-2.2129680257626703,-7.079206463534427,-1.9166728839610958,-0.5889040720737777,-2.65058379031949,-1.9671802822107158,-1.5513318139836507,-0.4044775086972001,-1.2460384785615302,-1.7840816721379136,-36.841361487904734,-36.841361487904734,-0.8129020784513213,-1.4098527263107707,-2.191558178158109,-2.448716546931659,-0.45352642360939954,-1.2808631211427992,-3.4549316005285253,-1.7434883531909178,-2.716713196924781,-4.114645478338943,-1.9676376225709378,-2.938470849333469,-36.841361487904734,-1.1514617433725407,-3.473281450277634,-2.1385388890176293,-36.841361487904734,-1.7625742228852501,-1.2823129735695116,-1.678872148428367,-0.11819159248014086,-2.352746249832059,-1.3512444521223264,-3.753110830504564,-0.5560026542916467,-0.7911456665235138,-1.716578988177241,-3.3785024907224552,-3.117700460655887,-3.6840479298791178,-0.553714707825173,-5.067112880373262,-1.6302559884211527,-36.841361487904734,-1.2741829662183344,-0.34515173989594533,-4.273469124635248,-1.821087070802206,-1.3517231490871933,-0.9883891698162983,-0.7405925905419697,-36.087961732019586,-36.841361487904734,-2.9300668884129126,-5.31479501172272,-3.3942245869820575,-2.851360288966251,-2.325810132386873,-2.569614833616052,-1.2965972983199048,-2.5057907153546437,-2.8239970484388577,-0.8351358365894196,-36.841361487904734,-1.027383027321962,-1.1572685538074012,-0.626833453984511,-1.9949862921030437,-2.308167627178739,-1.8737787288613548,-3.8358405565571774,-3.3536670371349873
