0.44768624994223066,0.5093599341597458,1.2340558759990838,-0.15621592022408548,0.062444370919462935,-0.4973533571137933,-0.33850112344022454,0.20092803349407262,-0.702107305826492,-0.40393751568220326,0.01680600186414216,-0.8397101327742518,-0.009715571281825215,0.3425270255859191,1.0107508872105435,0.0775381246766433,0.3364101608432577,0.5780010466309301,0.18551224510263906,-0.2239658682166299,-0.8623836519496845,-0.5344458601054705,0.2638691714818172,0.3834765684234204,0.5864389923390149,-0.5589196784119073,-0.13363906750097648,-0.2815186518050976,-0.4084975343962167,-0.41714405235487606
0.6226026644771343,1.1774211764027336,1.4162058605743475,-0.09857187193578074,0.6302773568346868,-0.9194230735619804,0.07551744375976904,-0.08163931694206471,-1.0809643611336865,-1.0472842270348186,0.16230261054576992,-1.616844715143755,0.7103950048317202,1.1505166021096733,1.3682783857749992,-0.41590729701940393,0.6781590763168931,0.2502368094851597,-0.31155872192909206,0.06199571458795823,-1.9456781442427546,-1.2752444727103573,0.1003444540991083,1.151041391866669,1.410538596280179,-1.7007705743394261,0.2702066716623106,-0.2644847596083231,-0.4809576269587409,-0.373653065881054
0.43679388745245,3.1447988294517613,1.4751592027410492,-1.0621816055426163,0.6957046540124613,-2.012003028111196,0.5514306276049245,0.33953859894455174,-0.6933188266557688,-3.614534538100763,1.374517388542325,-1.3416940878945693,0.40859259543583903,2.2889144317598316,1.4147760134140817,0.5237173481072905,1.737200557155551,0.8019464953408565,-1.703663118798694,0.7129206195341512,-0.5576595293272437,-1.09000221535652,-0.8741473874407362,1.008327087769783,1.5418565170376253,-1.4035977000395374,-0.34987424914563764,-0.16275024009959999,-0.9869669880965171,0.6314127556241159
-0.37268493286351567,3.773171872619186,2.1046120266914494,-0.038813900106583754,-0.11700607100166333,-1.3439848600342619,-0.8373480222430032,0.6269670588530346,0.1716734147416159,-4.992758817977707,2.444380192174682,-2.2846364462528457,0.18482984940851488,1.6265612662879183,0.00912248598237042,0.21681228694235238,1.7210456450337939,1.2109142767060312,-3.0865696459653438,1.2657062186802384,0.12477876577128544,-1.3440150736111622,-0.9500425886224925,0.01907662912907454,0.745023388953091,-1.4203927000586265,-1.567916951512145,0.48435210207852375,-0.2686514927538985,2.4787321163930303
-1.1875402885218693,2.9906490766928258,2.6510707078241778,1.3890235652904233,-0.1310570955607183,-0.9131083898155054,-1.6967854515020016,0.5011695729220396,-0.7167117051515215,-4.571408028482529,2.0142812725996726,-1.962332426630017,0.4073261530891983,0.5259571643138814,-0.3002175783501069,0.82873133894969,0.9349734544966387,1.1014627784161055,-2.7165654267777946,1.5517478452581686,0.10739689983174273,-0.7391257320961037,-1.2056992183721138,-0.9504625725172986,-0.43398938984640123,-1.7269056343401683,-1.4755280326689661,1.3937077171641592,-0.5986534233260921,3.5159942419344357
-1.315315097693929,2.0874443573870125,2.650372557309609,2.599000236456661,0.6732693065829626,0.13565530923142272,-2.030654970993531,0.3083137982303423,-1.2103226841581531,-2.8672947964630677,1.4448127902837087,-0.8365932518396662,0.7434115345832923,-1.3491012499207211,-0.7012663409846044,1.2911871318172174,0.34482709231033914,0.38979824743453595,-2.5666025593721673,1.492698732734796,0.23027793221066112,-0.5598827530719477,-1.8229720274141519,-1.3724292554304498,0.40231321075549076,-1.8617646789386715,-0.30813762569769265,1.7031137550754405,-1.3955425860024129,2.9195869152969838
-1.8124882957831825,0.7420000432922548,1.787232475691389,3.1614121131913446,1.028455811301083,-0.6403974054594536,-1.5433238244106295,0.08169134270519651,-2.4531031789298154,-2.398414871209655,0.6280005176254304,-0.1804948677875214,0.602153160058067,-1.5664623184035398,-0.659152192412235,0.49279488433677987,0.7109768257605386,-0.08430473675169399,-1.7310922501443666,0.030850443653831577,0.6464753231006048,-0.21171598959551813,-1.5723862021983677,-2.2677191246339263,0.06639662725672729,-1.5818198321222492,0.25095390513630966,0.7141136450871051,-1.4953393064354294,1.551755344090148
-1.869931390933931,-0.12603200892759917,1.2230230578166226,3.9497862177424388,0.39383889137453715,-0.6913077097925219,-1.1645535879696445,-0.6631333993934293,-2.249226697795571,-2.1347561911799526,0.12433301264694885,-0.1656232682651704,0.417082856470073,-1.7253744822131831,-0.6414946423739865,0.29085199178149834,0.26693706537343137,0.5478055310885945,-1.377048277362778,-0.6587310382816692,0.5290584208974041,-0.6349542481367004,-1.4174615581697987,-1.253065587032558,0.6353943244424124,-0.9582885942727484,0.31033116770571556,-0.12058705761935834,-1.5113921991138501,0.2915893279195013
-1.5691321819082502,-0.6082202847776723,0.6394071342575399,4.176129085465842,-0.24768899376665157,-0.9810408648939916,-0.753622381739241,-0.9309046669696213,-2.2621885265664265,-2.4260878058066795,0.5076872160188276,0.44862197069584026,-0.32704718021179374,-1.0639178501390862,-0.4418845866813981,0.2122668238749757,0.7185787299584365,0.5718922325949927,-1.696972934004475,-1.3326448187021576,1.243699225323335,-0.23829236418422706,-1.5357276327432647,-1.3033746190759095,1.4289424643431712,-0.017170075526680036,0.15191351426549785,-0.27480444079850885,-1.1751056348608035,-0.21477704799512626
-1.8503965295110831,0.038965533396043056,0.23608198462352714,3.8839849193585456,-0.3220553562616293,-1.1420571770838277,-0.7949710448693349,-1.1080606927667278,-2.1095831530776845,-3.588517002987195,1.1697837277196552,0.9852049812405752,-0.9484271240385002,-0.42581099188422117,-0.7680103866584796,0.631237433257039,1.3529522788742914,0.1563210852005387,-2.7925530689850233,-1.4107797285737766,1.7724617694216558,-0.5315659456707618,-1.037453358580015,-1.3908134984351757,1.149881737452336,0.5720672869751777,-0.6082195585408313,0.04598238565632437,-0.9374927766986314,0.3501881635497224
-3.0190385490494123,0.22775282750266215,1.1392819473957907,3.9011036716715317,-0.3056601511637259,-0.5726060790579138,-0.7996777804269736,-0.9365484275221396,-2.1848781484920576,-2.932684259245203,1.2689318683301982,0.9044498762229207,-0.47415626955206525,-0.5132302241315042,-1.3826226501545418,0.9915135188937914,1.4366681301409985,0.6935963972288111,-2.807206991621681,-1.359272507022821,1.7141710150798715,-1.1316251291970687,-1.3024738640043996,-1.410325705710682,0.687925015152638,0.2968306518621928,-0.826836153907233,0.14561523911718527,-0.44775933928068185,1.0047476933948452
-3.57150249169767,-0.048820215640773934,1.07384557548564,4.102881686966615,0.6214199018810116,-0.3199256067278954,-0.03971114737074613,-0.6804019676951436,-2.507792111267655,-1.8707582395394144,1.3969356578319356,1.0863741515922265,-0.07770310687498483,-0.38359588684820217,-1.792782486976622,1.146463208266366,1.403627345817732,0.7753693098823811,-2.631635851037458,-1.8259091455742158,1.4839072481028546,-1.0867104212753005,-1.3315340324938592,-2.0424575540327026,0.7208685314555934,0.558693524975794,-1.0060018447208583,0.08367648184547047,-0.3833167303500078,0.810591562374243
-3.7782853545729935,-0.5806887657481165,1.5663059949260492,4.0859052451186555,1.3084432586812462,-0.7948985390389459,0.5318825289127844,-0.9717630309623574,-2.2927081998700047,-1.2348672652449324,1.674156611671464,2.075016423124848,-0.369286349975698,-1.5064027998126683,-1.9059651222979825,0.8427292482907063,1.1697221669954487,-0.32405306146209645,-2.521948676851806,-2.1973887027455015,0.9353950888819069,-1.0443692434950846,-0.7501299928091958,-1.9838280119290892,0.6646714585921857,1.5517386105923068,-0.5465979734442671,-0.493905614561513,0.25646308071285345,0.9898632436679418
-3.343494465982051,-1.3087321727538703,1.259113126584164,4.41550028839183,1.4613319754824856,-0.7416803770855901,0.7650088166017608,-1.182551530138688,-2.0130904689802165,-0.2839750564115161,1.1235998618104959,2.4731788653542193,-0.49732322309978527,-1.9242947410640368,-1.142048880255567,1.0201732647831707,0.7751855462119752,-0.6824824178640555,-2.6095643468396004,-2.082811345363983,0.14762078102003895,-0.6577247306708769,-0.8177256537026026,-1.3905408198373737,1.2560396011588255,1.9317431855814964,-0.15075229218205177,-1.0803863110545304,0.29542620466981834,0.7384841941309221
-2.0326420020857596,-2.2933567282357643,1.0494152592189874,4.574127327104137,2.6780306953223034,-0.3599417720377549,0.7386623143930335,-1.0757469154530166,-1.6968169191279623,0.49434756557097653,0.7921375879818955,1.9199923223115856,0.4129462843015558,-1.616660461377676,0.06096608597449976,0.7677272348558032,0.5543994292605349,-0.7099821712764742,-2.407901191627779,-1.0370409658990727,-0.40454107878642165,0.18388538434827917,-0.5017489044363127,-1.0816623482794292,2.1132993831936773,2.275759835421374,0.22615067286659016,-0.8809842644166395,0.015116654342743632,-0.3742392034189776
-0.9322093161214834,-2.2234423377366372,0.22805382453655915,3.8188890829148248,1.9874508555705657,-1.593388443879841,0.5230907528965496,-0.7846553687668041,-1.88164092342902,-0.05508719474501175,0.5764208713559265,1.5892051060487904,0.39936847200220815,-0.763496302355947,0.07078338231925435,0.5113008764421079,0.8445213168033336,-0.30209767283292543,-2.547583286583008,-0.42992656206233915,-0.93395813735381,-0.29657010217002566,-0.689308648526857,-0.9048943527046971,2.73574820081009,1.786941598153823,0.20382774664902237,-1.12219711070078,-0.27933631263227876,-0.6094866253213544
-1.3416934345792653,-2.125696263998496,0.2501563002949397,2.5760020630256713,1.1731757850932827,-1.5287508638023355,0.27047601308784114,-0.010556342189138548,-1.6719763573545496,-0.6158387198853428,1.0947627977003336,1.0678627946422579,0.18805639759233764,-0.6659178621896984,-0.3179137649330751,1.0242394127994336,0.9289116597648029,0.06504432252526035,-2.30924830881684,0.03263588057909442,-0.6768384881889191,-0.11169168697858137,-0.40833428534677774,-0.4610534948556788,2.1460597558764682,1.0188556925272225,0.12625825200855778,-1.0358737949215078,0.021982647469982658,-0.8230843664109502
-1.2121688615561066,-1.0877170953051032,0.3303931609074039,1.5536143835305833,0.6126836524603894,-1.4359126412840972,0.11253103303401038,0.8375171309811282,-1.025634585831093,-1.5424125405421336,1.332731380648077,1.0110760222472925,-0.14901081457369347,-0.6345240351762904,-0.9741014363811171,1.9355936927713864,1.0406911874693074,-0.33433817062118193,-2.632992699547315,-0.18190908202600573,-0.04675518041590718,0.519679825657617,-0.2961353634281325,-0.23553564621128892,1.993764833321049,0.9327260015034927,0.29264317450814187,-0.7863339478960738,0.6620527278979212,0.06667992041590842
-1.1292723846136923,-0.9488915041497357,-0.25020445748965103,0.7930927617356518,0.41993571745959785,-0.5589993686289111,-1.2108683792928017,1.4484248320235151,-0.23031797487934966,-1.9115336821544857,2.352553800380865,1.462621789177576,-1.1815611711865528,-0.10848919636378135,-1.6135020582333017,2.523726453406089,1.151065468013941,0.10193359486991518,-2.891824382145616,0.553476440274717,0.7863000311245071,0.7937740259692996,-0.7927906866539307,-0.9533497335149608,1.0836562289255585,0.9296656205109548,-0.4288535491705673,-0.10861744854482502,1.3416699738101456,0.7527595816087247
-0.6234013528592641,-1.0828102147959584,-0.22323133322442745,0.7546196817446533,-0.1629744051638647,-0.23205999579366543,-1.084070275739525,1.6181196936195812,0.7043454252826946,-1.1445953230750459,2.040099256315832,1.3267684201630672,-0.6407183374614261,0.11025125690805354,-2.6256591511018845,2.3507827459062742,1.2237788932728129,0.08816902934960658,-2.7540230586403673,-0.22172716017561495,1.7114059777352317,1.4515172962830079,-0.972703772666815,-0.5237256389809555,0.29244071213321743,0.43763729863644873,-0.20303016620568182,0.5992588311690412,1.7298395278544347,1.3342463340338404
-0.824375999448087,-0.6234416677370315,-0.5984577148947259,0.7040116498837512,-0.1817421332678386,0.17869090245423225,-0.45979731940370966,1.1534308545786902,0.7700506055905318,-0.5216972349685557,1.9910935438120962,1.305575860257219,-0.7479164712628886,-1.0385819203980449,-2.7749222510454308,1.877629148938212,0.7765151172937652,-0.2988484937393144,-2.1038843042468436,-0.41614896627069503,1.5883266067424275,1.6685579344242705,-0.43622693902910586,-0.09843968673695092,-0.16964987695359524,0.4751565471908523,0.9883656588841798,0.8820092319960765,1.8981446974522427,1.1822867293890547
-0.8579939774374824,-0.5914815134120187,-0.38127349126686155,0.2409942266192131,-0.5100489963397166,0.5912422266337063,0.0036107238652748203,0.9754947793707155,1.5615702706540633,-0.38934307513909705,1.6580789631774422,0.8128425370888365,-1.1581362626052445,-1.4508274518339457,-3.2060325174157214,1.478372611128774,0.8363314489010031,-0.6421266953516526,-1.7882951617986556,-0.041572263406712634,1.2544087216745667,1.2343513745093335,-0.36234835241651087,0.18752916231425315,-0.09376015627373602,0.7957969777297302,1.357156524091197,0.8035404819387044,1.759301650966065,0.7755179855892644
-0.4120138954108833,0.5612578167587567,-0.6331275036570071,0.0313814827705724,-0.3938701640025838,0.45296423868115204,0.5121075958047258,0.8114366140135026,1.8135737024376906,0.5300781132567483,1.3260933982958472,0.5578970712916599,-0.9867306313635433,-1.842523726664772,-2.218339275018543,1.5492678256572354,0.9049650153138304,-1.6167340186522807,-1.750928164493743,0.06741284835650282,1.0399399244334064,2.1845131650926293,-0.3014757077635878,0.7965545162733332,-0.10283866016929033,0.10571876138670344,2.4422157756337923,0.8243351345798905,1.3071436810509505,1.2103551097571204
0.9867098360144,0.8170110464605858,-1.6741118493268123,0.17497306967417392,-0.7258237744654988,-0.025676646056262575,-0.09560831751314071,0.44191419721891373,2.6158561244487464,0.17037098459182232,1.0139002283244296,0.02855252843403322,-0.8994387346979433,-2.0668059538845376,-1.36065203268922,0.8984429701613743,1.0246708761670869,-2.2295966150260873,-1.5878558722809692,0.8638885324803871,1.3752043567033032,2.2091978143704867,-0.5257871131227322,1.0111688455897414,0.12273799519133133,0.12093737616866351,3.0542193632622854,1.0688135969762185,0.599112281415071,1.1098647167391222
2.0305640936105442,0.818042172207011,-1.9454356262521548,0.4955200360875827,-0.2837768263278656,0.6960569030368052,-1.1481221277708666,0.0912188729396064,2.084952221370469,0.2981371399043941,-0.42147660496707584,-0.4036573947818728,-0.8603894051623856,-1.9303604527657616,-1.376968884201489,-0.1403629613030321,0.4296567256055681,-2.098742112532718,-1.480487942324891,1.6897999213901902,0.6948568226642757,2.6587192204305454,-0.012612415615054773,0.4070612846833601,-0.500396948626233,-0.6936389734856692,3.3875535265708048,1.6024164015254307,-0.19593966993166467,0.8996309805000617
2.5972201596558726,0.867676127132646,-2.5071732330779515,0.8664847618864092,-0.6346214355094087,0.4540730334998158,-0.7469286425953204,0.18875281810835054,1.6688363409048277,0.18545553141613125,-1.5343124922699958,-0.9662871876128656,-1.1566327608958549,-2.045376695368687,-0.9189757691091789,-1.0201447159533197,0.6068081707374645,-1.2531062836288975,-0.8548756968544368,2.2004027624440887,0.009658691255644076,1.9339561946720811,0.5546724212067281,-0.04436636191856694,-0.007305052584265503,-1.2326684871029197,3.454050819716991,1.5408281801841655,-0.4720037212883497,-0.21230600402844313
1.9888125510900443,0.48543081960664125,-1.4704743186883615,0.32054102420853703,-1.2719683060032991,0.28213786485170333,-0.853687653100432,-0.09690820096931002,0.3987572195638781,-0.4126866438033613,-1.654599068256363,-1.8451019867062954,-2.4444175690160357,-1.826145609392764,-0.9874413058676177,-1.5475447913500435,1.3463653836658123,0.2083470003010437,-0.4400770208177621,2.5486750208623317,-0.6558860418110591,0.984034391770867,1.184746829212826,-0.6290915581548364,0.11387838573117892,-0.8014507758323607,2.673068413990031,1.90596295310147,-0.8012762460734402,-1.269919416351258
2.548145722399317,0.6514821605222194,-1.4545889102582061,0.5008730453845779,-0.3083665376962682,-0.46634918998623776,-1.1663347009141363,-0.9006273280946047,-0.6083423781524873,-0.3241490818354722,-1.784739724308205,-2.115264594006537,-1.258482016453921,-0.9263214359081697,-0.3625911186326564,-2.539727319751065,1.0934615654256812,0.8410282852514982,0.31342977756330276,1.3033259779807278,-1.2641341822965613,0.07302249284520762,1.2923866367212005,-0.7049251306009554,0.4671535777752371,-0.44538013023626133,2.2583717255111724,1.562367457309454,-1.0837789087516287,-1.1605504039289645
2.6706072404052708,0.6819923911388037,-0.9677902095968955,0.40311325205471393,-0.058322165456412806,-0.7981980070348587,-1.281531055150638,-1.284879742018073,-1.061120272623734,-1.0286224363045964,-1.2526674046670996,-1.9993651714851426,-0.26056835481078994,-0.48469987010970617,0.06171941017472471,-2.821542407875169,0.18303380539594333,0.9522763426904552,1.1364197968834948,0.4123746455628387,-1.4135657533881214,-0.5165675232562685,0.957641412539251,-0.6225124579008936,0.36459158432033256,-0.20932277113685618,1.4001829263100636,1.5915418221732107,-1.1279900003336023,-1.2927693614194964
2.141107644890308,0.6091695108872,-0.5327464288194701,-0.19082080418037783,-0.35961977885086804,-0.34123136908348856,-0.9784643158930868,-1.1393138594703414,-1.214366545423377,-1.4474879462508714,-0.7354460744264091,-1.6180952011259402,0.2454191715222756,0.1918220033294389,-0.03734690378761771,-2.6173539673930994,-0.5172957321790969,0.5425577389804744,1.1881586457184286,0.30764210071091735,-1.1919839845784366,-1.0064633277276533,0.6527724220316256,-1.314337778113748,0.9704166519503263,-0.549350793509285,0.7767132081084337,1.287061460262725,-0.8509529334597449,-1.3007832228743885
1.8593004492989786,0.6488842270751017,0.25377455085248335,-0.15110031767970789,-0.34368550394435327,-0.3893651128166171,-0.2463589607929265,-0.551467145796771,-1.5512673567869206,-1.618634986232085,-0.24625170752441095,-1.4206118624974255,0.48370181338946494,-0.20714573417952972,-0.11088099880003516,-2.2615039140857442,-0.033059500698716965,0.8909736629758943,1.461117204538362,-0.6093711297839899,-1.1161188762698175,-0.5599909490780073,0.6060684658863641,-1.4387078657827064,0.994309503610496,-0.32078590019811565,0.48287773472642626,1.4894947722778173,-0.7982188099501433,-0.5887636421646599
1.1650881377844795,0.7939723733982533,0.7063781146077893,-0.1906579538496751,-0.037009350762558874,-0.6387465037805456,-0.12810342109889833,-0.6142805187112421,-1.6719939128441552,-1.7014973579297479,-0.10461575088283313,-1.8490924653250307,0.9108192303728283,-1.0398698711110512,0.05328248760861564,-2.156056069388163,-0.43078727453831256,0.7352096042888443,1.1811040114387135,-0.46222808203362215,-0.904475957617546,-0.8807966977732179,0.35256811550037104,-1.4317733008280962,0.823281896433092,-0.15864161199706567,0.602969289883299,1.7786496126499511,-0.043306073923962005,-0.47351867659454744
1.61776726113222,0.4127076852373326,0.9261993066480994,0.4586465176014566,0.05357337539280296,-0.7264638603029276,0.48337055625030767,-0.6835661887897334,-1.4982493317759247,-0.6721191277651477,-0.8299297036913414,-2.042762518940336,1.1312357131000998,-1.5030534339075525,0.33278754435640695,-2.057227758081159,-0.608101297801803,1.2333340814949099,1.3448945763760896,0.0006715943170637895,-1.7264790224461442,-1.3486137198187156,-0.07589419805987177,-0.9308850248184981,1.54470377184111,-0.9029713033510861,1.3836104029015623,0.6655715948587909,-0.3852033546384635,-0.4136952023367596
2.193121422744991,0.4934693792528196,1.2152295133984587,0.465844542376296,-0.06286956283247125,-0.622867377267578,0.2562400300159309,-0.7521727999781853,-1.600847304668427,-0.7396096077058583,-0.871335285603119,-1.8434837777975754,1.0902082279827625,-0.9381711651233869,0.5957353129409118,-2.07244637411436,-0.6095077074692012,0.045795009664547325,1.3993915453012833,0.22738183621597002,-2.2308477650570935,-1.2053672363868926,0.2528433661094963,-0.7324316805761677,1.9884981350552513,-0.739163907846016,1.5194433216162357,0.15029319299042398,-0.8442149575646393,-0.4352249779964772
2.5820959570243427,0.07018191901956405,0.9665599390287352,0.1413132411931985,0.2872582622359301,-0.4506871635055899,0.1432855109801465,-0.6402406790420272,-1.2163910897064438,-0.9368497689146217,-1.0026951795731658,-1.9719910820977617,1.235473062321922,-0.9280446074494191,1.2515922977029101,-2.1065058470904625,-1.066884809313794,-0.2776522085530415,1.3444019917174326,0.6813291133858447,-2.595878122671644,-0.22220931236335273,0.7270506034929296,-0.5837805371444047,2.2499443474866108,-0.8619349205459486,1.5997914583079351,0.6190596138472025,-1.3700531695940257,-0.09433448148812063
3.570257693219538,0.29938734245035725,0.17956159412298014,-0.64662661568612,0.37227044687876704,-0.4053912811424617,-0.024214876193093926,-0.369051510873689,-1.4395051851832878,-1.1817245581880327,-1.6279893053437842,-1.2448533128443702,0.6184058246575175,-0.5206413439722911,1.6476817979473644,-2.008638869617859,-1.1424836245811276,-1.597465956631769,1.2532495450947299,1.4890121492125477,-2.8758138012445844,-0.11809666675365649,1.1276494741422216,-0.8745119994119379,2.595787047772042,-0.768268423272991,1.9868093664811224,0.7701822363597991,-2.3763788125455316,-0.12290343469436804
2.8531432678107334,1.226287215763947,-0.832863057926654,-2.1351777616095706,0.538479266555478,-0.8367325071344885,-0.17921005484118746,-0.04652541882154149,-0.9141432376559736,-2.7717675093884404,-0.8796880442150588,-1.214649535603994,0.7735322641597175,0.8143227219410561,1.6150847039440799,-1.347952936846636,-0.48814007476671134,-0.9870622301050564,0.6726381382966717,1.333044962792892,-1.147548302261662,0.16369342754224991,0.31585289343159273,-0.8297657134975354,2.1910567058943444,-1.4677819698879626,1.2542205661342836,1.2385109715185414,-2.4381292505666985,-0.4348599962470575
1.1101624331329054,3.308852748773836,-1.1268104215257089,-3.232701653166921,0.18392805718173189,-0.9172901092222456,-1.0479773227089406,0.30652449296588236,0.05015506937485026,-5.235222615664501,1.0707714860968784,-1.1059933045361172,0.731823843884287,1.9725361249539488,0.10843450465787186,-0.5247408599191029,0.40785055261918224,-0.5315186326591503,-0.06810323723383296,0.7465820617644325,1.5347723148869887,-0.25109214687225384,-1.0323801841770244,-1.0293443464952987,-0.005988704816346668,-1.0628618113557857,-0.7416910907722369,1.4122621683144805,-1.3476126837273268,0.9112149910783596
-0.6142048794608987,3.592800109589521,-0.5853207520319882,-1.3840702519157972,0.4139184651279192,-0.4323267261065663,-1.78772878005205,-0.12279305936721982,0.5775242202021824,-4.830808764743258,1.1161500172694931,-1.7182987414770827,1.4417607396393466,0.4558580331382312,-1.3225121414678473,-0.8488176542121645,-0.06383068474622332,0.411917816950083,-0.48210907877997233,-0.02979842975160063,2.497934543450132,-0.9346210880053765,-2.0650434923286927,-1.1429919794959214,-1.9577632868402963,-0.925955491211047,-1.7653449342492844,1.5089061544173692,0.05388083142251207,2.2527373982314653
-0.5640386818924148,2.631062229389738,0.08164203932305725,0.25154248891176695,0.3923030897933396,-0.9602947494724581,-0.9787655750965469,-0.6317997491132488,-0.16044016435197236,-3.4485712920037237,0.1327942931426595,-0.8822639496538156,1.963557788418496,-0.7158639844926746,-2.050176490832479,-0.8390605716038251,-0.44513580898950483,-0.272367590760897,-0.9929890269403628,-0.30746397279043736,2.173756125688825,-1.6040834553635903,-2.544491994839702,-1.5450065222948204,-2.1074559312191403,-1.4182933885805258,-1.4012277678103584,0.8149592065375592,0.7342635801081766,2.293160334160085
-0.44602672002594396,1.4192924604000752,-0.4237302074427147,1.5077690910936195,-0.1665147805979842,-0.315581466367599,-0.9111968516880222,-0.9770504590115401,-0.06191203900043357,-3.1215236879024193,0.07951808767851079,-0.048213223492295926,2.0019844172086763,-1.5751984554605554,-1.6346506034031922,-0.030929853683476005,-0.695025036121093,-0.362385468185633,-1.373519818805583,0.08689323560993989,2.155612568850702,-1.7290986420641876,-2.9156398146877605,-1.9003689689777052,-2.1141302129578268,-0.5170539395215836,-1.7138978076447875,0.2388049787092692,-0.06765017128743281,2.506063103726272
-0.935562492240157,0.7878696393802295,-0.3616902163825837,2.2331083877369933,-0.4779356459459487,0.24967335429683313,-0.3462849882112057,-1.113936199274097,-0.30406087443950996,-1.9157478834861879,0.2711345499166805,0.1459731200773596,1.6628909581092075,-2.043285845110237,-1.874821072655219,0.06657637061317451,-0.70334359170977,-0.881970526451022,-1.2638907132029997,0.21378823012339787,1.053127039764709,-0.9465150532120287,-2.887532278549588,-2.28347763011695,-1.9070585466291163,-0.05201062875243792,-1.2345649513095918,-0.35909452995726465,-0.33561148736384333,1.3723232222497197
-1.1166137981547388,-0.5825848299641309,0.038172610204343316,2.6518628967455298,-1.1340505810663741,0.6646905983240514,0.13557323301665272,-1.086811624642867,-0.6356729922688926,-0.8410577906908576,-0.242650410977089,0.3722429224292816,1.2916650072690863,-2.327268280273013,-1.8807407532134448,0.23815153857050003,-0.11930123160891593,-0.4890646604718667,-1.3900842217527352,0.2563336643416795,0.41779775905469024,-0.6778821668471573,-2.405114605659098,-2.9042796981694985,-0.8064487664563946,0.439299048751151,-0.959211103247297,-0.9432299179998246,-0.06815933912142814,-0.3746642368522254
-1.2677864944195725,-1.125675038020053,-0.2954045317382903,3.149659074380557,-1.4956919865419123,1.193501682399718,0.03528671359008005,-0.7576789417610486,-1.0538339880723702,0.254134050297129,0.5127236652672132,0.7438320880841087,0.7253859382936301,-1.6992679774492265,-1.8836269739614904,0.6869058614497625,0.6539117518071343,-0.9211238701132903,-1.9885517810026356,0.13701511219168233,-0.2054642297916759,0.33318702168565584,-1.9387066910300361,-3.1803699442145184,-0.18757854133884322,1.1182424495276546,-0.008605216428234974,-1.3726361101013416,-0.8399735275895243,-1.1949672812292713
-2.2739779020757784,-1.6303011547501272,-0.8694496735723932,3.172191685085542,-1.7015001963178904,1.4281827501824393,0.5828506446684825,-0.18025067943825768,-0.7751950970467415,0.25891490136398276,0.43890581641200255,1.137721904776186,0.13861365508250456,-1.5708654342627355,-1.964784301472318,1.161780365923947,1.4432347403127095,-0.3017274816598423,-2.0318367308944154,-0.15521579543911224,0.35309948135964275,1.2051152930115834,-0.7609777291080957,-3.1235202145880394,-0.09427072334324782,1.9299598234811364,0.42189831926494525,-1.3139473237308388,-0.44525303391541354,-2.262367034278812
-2.317226596094154,-1.3852901939848494,-1.275584480039633,2.8864256156789323,-1.3628568044196947,1.384143228386138,1.2693921079126589,-0.3838383896099896,-1.2040348339663043,0.14321753922156363,0.6777054374904621,1.6767651449070398,0.18625938102332207,-0.5750470943120591,-2.0834267043469064,1.1505380789553112,1.532808197342473,-1.1403677313819267,-2.2621999669017483,-0.3505513612012917,0.2900707564039009,1.408575591505614,-0.7636243430953225,-3.004918167296656,0.3200606107349713,2.5759559776838072,0.07905902235078677,-1.3412664645777135,0.27137088805960097,-2.1787157413005307
-2.1768292955263666,-0.7729690741807378,-0.9700733465901155,2.1772947991404257,-0.899886653409877,0.9749905154966646,1.1848752340217903,0.24225905912710854,-0.7926085015582809,-0.47152005889182314,1.4843372723156658,2.147560908086999,0.2889353592201819,-0.5616623769330162,-2.899499625497321,1.0163990286927074,2.2515396624757864,-1.5454112989953912,-2.3645018545752667,-1.5859624660206795,1.0746696063494576,1.0928955434990786,-0.6049813443065702,-2.9311931108835942,-0.024599792284192956,3.6981531503285554,-0.439849261887469,-1.2227510498134946,1.461870240930057,-1.0870043323387404
-2.214188240172942,-0.7393151617360163,-0.6469663941927473,2.0943261961330952,0.35027862704305185,0.74526500175286,0.8443859582306856,0.20804937501557985,-0.028333053614044146,0.4618703673516008,1.4130392427111804,2.297066872019303,-0.01988436258405976,-0.6804358283698231,-3.1629682047779646,1.3436076851730074,2.174422884060254,-1.885922135526074,-2.957055432520695,-0.9197683344980743,0.5414586185983883,1.0030845979771295,-0.03981430667916003,-2.9841928945514007,-0.799103943227212,3.7276637984123404,-0.4989221286519967,-1.2028677375497814,1.9826843044217473,-0.5390317554265878
-2.7036194324949587,-1.0913136762339202,-0.5769260280452774,1.4499238739715385,1.2807765704574905,0.405297761204613,1.2966015624899359,0.44956907517674494,-0.26031164248690986,1.876495418971272,0.9692276152276322,1.9013337394735292,0.08547560674057102,-1.371165041295394,-2.7224136634268064,1.3379586206898635,2.1583531030583667,-1.7405057781345596,-2.789991138995824,-0.7747428361180037,0.19093542633109267,1.2108356251165717,0.30271080394242167,-1.9288899455128092,-0.35238301247336024,3.0213870010218775,0.37091070248768276,-0.780526987070941,2.7677607930512216,-0.5406137212806985
-1.501053372737751,-1.3505413767984473,-0.09179003174094735,1.0286656197956647,1.8388598847907094,0.16840500352069004,1.7161730469135534,0.6431176051107768,0.257726688116905,2.4891210144964093,1.0094100050957755,1.7593553318682473,-0.03613598201776774,-1.9377108693171516,-2.2002894829136355,1.457094354720112,1.8931471910926896,-0.9892974641271666,-2.385465340639975,-0.2222783668506395,-0.6077530854683983,1.1370574113039646,0.17724381911936948,-0.92833207377986,0.12797370073143954,2.496638584314316,0.7434965348892385,-0.5696184623068361,2.7987656839679906,-0.6832190563147156
-0.642447758141824,-2.285947266946088,-0.7170286774153903,0.9530877116268786,2.0075452454008946,-0.005886946695936535,1.7732223703732646,0.4959223166432212,0.22529935759226666,2.8460504529199904,0.03348950554589103,1.3459226556414743,0.7862516876314687,-1.4934957414784624,-1.3265628916844707,1.2026137461250501,1.001238289550357,-0.40469120342628884,-2.336183953762493,0.9776996533523172,-1.2577997527845555,0.779913438725714,0.3409257796724689,0.07421508554436786,0.7898065859918657,1.6225949740861414,1.6331007722926092,-0.3498784325169966,2.70614580826852,-1.065650576033644
0.22186815557484219,-2.658805682584046,-0.8909135255742984,0.40114971084008194,1.6055815482401035,-0.030669021938673213,1.2977844084719856,0.3111951250088365,0.23877147364424406,2.319594496445441,-0.14477166970295197,1.508463939245359,0.6422622579436713,-0.033156967961172,-1.1083640579351264,1.202205432937263,0.8356157057346392,-0.7173866359681336,-2.4684066126651003,1.9378246894652629,-1.388114674865173,0.4332113941645932,0.21413890332933663,0.20048590679227585,1.3368401809158048,0.832156468786508,1.114377699612846,-0.2740941248213616,1.5911638867532252,-1.1286912303214294
0.2716296959043725,-1.7039386383048476,-1.3049892045078295,-0.45233050953000936,0.8838277208997817,-0.5329825428628419,0.9036053611670751,0.7315178616518351,0.4248482758156359,0.9500040095236735,0.61690341784328,1.1791936233862008,0.03132938280750739,0.8368452446922625,-1.523460870486161,1.3694015813763925,1.5012155812184076,-0.024427891294577286,-2.1112690703256707,1.7645468532390363,-1.0278466628916363,0.4853510368614824,-0.07952459665451364,0.3669177353165295,1.35202677732177,0.9097393095036419,0.1726711550087747,0.030748200751571697,1.6000959994058555,-0.6459136897278022
-0.02652812362557566,-0.6593563859712896,-1.068669882257146,-0.8795368477407118,0.0928104637340777,0.19536785874508045,0.039131977349382174,1.3225712984684077,1.1795642053746453,-0.0985645532627506,1.656736104898978,1.0555335919990423,-0.5342857692063387,1.7994685478508936,-2.607567678396251,1.9195849844602304,1.4935017674396525,-0.07477218882037595,-2.477305144923762,1.2044186309055218,-0.08591984738017855,1.152708642764025,-0.6382054209843898,-0.45760845182045407,0.37149406149044234,1.1360925770197894,-1.5894731482409146,0.17734674382212678,1.765161226632428,-0.07055056082930633
-1.7511544235240855,-0.27997804316814656,-0.9024915176060755,-0.5236362307666327,-0.38777309325315745,1.5562099588176115,-1.3263474887556164,2.058410157372112,2.1809111077432926,0.14106068076770462,2.6049139531741785,1.390627390806302,-0.35017685854469277,1.5245606404734753,-3.4021556452418364,2.8080992541789955,1.3534377430503146,0.5129448110485078,-2.760544897200538,0.23854490683621965,1.7158423988546478,2.0326010194819197,-0.7033922768333088,-0.9538860934864669,-1.022131840739407,1.4882896427751737,-2.182872619222205,1.0825253222490496,1.9184575163996487,0.8432815740390709
-2.3977754978539036,-0.8395964999506748,-1.05085986125488,0.3951328262851326,-0.9117302938382312,1.7200773559078,-0.7495837006839297,1.7936573381333165,2.222533562578534,0.9080517617196266,2.0898852563935546,1.39731431122497,-0.2932984851627219,-0.022237353164131113,-4.078890391385203,2.5125130883512403,0.9456707630905734,-0.24219944935651194,-2.602822218240573,-0.6727483760622037,2.491050667393742,2.2749217601219573,-0.8785954431701878,-0.6337592001110712,-1.7073098697261275,1.3550337550216567,-1.0015494911431209,0.5365349494161331,2.451325847381228,0.6825146204577054
-2.74418979423894,-0.9768735092760887,-0.5608278002640071,0.8238011525062245,-1.116601540727979,1.6462680660238496,0.013770949635268592,0.9276331379340003,1.7555295306791687,2.186207393045134,1.258665445033087,1.790720000105952,-1.3140047500820535,-1.5262656054088597,-4.039406553821294,2.8574482976205875,1.1543914641650959,-1.2855120657126649,-2.092269040984296,-0.5348136708694137,1.6732171050704148,2.1771563201725064,-0.4621017077795455,-0.14640916799396975,-1.8723043857335198,0.9535337287235921,0.5311395275018052,-0.5744931263103025,2.7935407070873928,0.7590724450128337
-1.8021863803425306,-1.555664244355366,-0.8516386516552314,1.461902449413314,-1.589688211641556,2.2249671847128174,0.73307169880653,0.8672786215286171,1.1915751732816222,3.5555692812811865,0.21325295774098452,1.6279122927816303,-0.44571661445602734,-1.8296981713100464,-3.2532298342050865,2.5165463986329994,1.1117916553665586,-1.5559126262098055,-1.1065928032909864,-0.024885602234994947,0.12147398157047995,2.2270317283700907,-0.05500266879601318,-0.03586450136367232,-1.0873199631817185,1.4097484743451674,1.7263619993831505,-1.0567707747381059,1.7233810592862526,-0.8663019209256966
-0.3439175511210511,-1.927317144626072,-1.570423653943672,1.1977911412894897,-1.331286002412222,2.1901348099039226,1.2966374261966376,0.6315438737440934,0.6076740605154736,3.8348024949654236,-0.4470596350770337,1.2503211882178675,0.4402479438776061,-0.6716358885057419,-2.490578069480745,1.6813271122222664,1.6572496411113888,-1.3117131201993946,-0.9875690344915469,0.5597877580909156,-1.2101036972162313,1.9479707916563949,-0.22044203556291697,-0.17717073848725193,0.165422272191306,1.3677761247030968,2.306542788682855,-1.1167473700956931,1.2289577788526913,-2.319630018684934
-0.049951568356966736,-1.670085518544453,-1.8694227292818986,0.46380873855265387,-0.9372272937119127,2.1193564449965367,1.2140886500313353,0.7367639915597237,0.6617989910785554,3.3262685209193896,0.14572299247968412,1.1842215377305554,1.1112753523876084,0.37211283739089873,-2.0038182665580697,1.7169382609603947,2.058289395936847,-0.9024720081708599,-1.588769453771439,1.1621437392846352,-1.3739291133139901,1.5134790594013778,0.3342706123713768,0.14501012307190336,0.1149049401058988,1.5263867280190764,2.3902316410543656,-0.8511341027186881,1.0870776886496185,-2.52028305583013
0.6288713717362024,-1.4011818513294179,-1.6347166806296398,0.1069172982732193,0.3194258446495819,1.5590628038239727,1.0302000428919111,0.22906771042175955,0.18532859974822133,3.1508412098318384,-0.09124987479730362,0.43457035308521463,1.0572615819459197,0.3881131878687648,-1.7721288794717804,1.026007521970546,2.0677017263457853,-0.09435725480829288,-1.8624751050538102,1.2926148046336934,-1.6062773326491013,0.6712856789174284,0.5966011241705035,0.43078851550492503,0.3169326944019363,0.9953854690198933,2.6726859562804006,-0.35781020274642283,1.6486550089483099,-2.645939384638255
1.136087053733458,-1.1304195175277718,-1.27163664483163,-0.5257993529454998,0.27140266692596554,1.0251954551884368,1.0514631560449783,0.3604588256060476,0.7038174039696558,2.4420496355132255,0.2974427699734251,0.10409976862612325,1.0590612205782974,0.38338139954977285,-1.632503013878722,0.7575398603007889,1.9193007727804008,0.026116579845883836,-2.12671692291164,1.5724007865126932,-1.546012752793973,0.3534640418695361,0.9083260650856617,0.9299266626590271,0.48492905039803347,0.7444633405175685,2.4476034534209616,0.19899059502116354,1.880922485283237,-1.660677868388771
2.0076719004196724,-0.530427627554672,-1.3799168022051194,-1.000201369502957,0.2995381290362411,0.5278371378534653,0.6142621717073699,0.7087525682594674,0.957158446779899,1.3633819451828764,0.30189795547134396,-0.06402515180440119,1.1399323363461278,0.6359891524292378,-1.879461110508847,0.4204499227769023,1.6590853110683623,-0.3616097107711993,-1.922134021419331,1.505472773255052,-1.5081525967805653,0.831206274055218,0.6333197182949246,1.0790897222251241,0.2725206967678916,0.8524239553216111,2.1527429165561998,0.33432398878129216,1.8712076151145276,-0.5772606271552547
2.430588239558162,-0.2439391446927162,-1.5982853987373369,-1.0778136763541781,0.3939644459121791,0.15741535733445466,-0.13737426949437218,0.7476372269193197,1.3802662665264156,0.5764058469948108,0.2981842024446428,-0.1929408884770356,1.3434653255385776,0.10231665143024313,-2.01735958398481,-0.2870938934018958,0.8443707542252473,-0.71767677445774,-2.0005435257110893,2.197273462331654,-1.0868336107453371,1.0948659002981516,0.9852877630551169,1.0476727174089409,0.143325917292901,0.17536606168104313,2.0579314498623384,0.797648543956458,1.9451830520738262,-0.020718766280164946
2.628473286580822,-0.5584379051312163,-1.325884729208646,-0.9299071154702492,0.6281532496111115,-0.4611255411971153,-1.3480287239307893,0.9955580641002143,0.855167585565486,1.1345652231421033,-0.3666872316609275,-0.5501181370353534,0.532258066680556,-0.5516832257595246,-2.520647348354949,-0.417753648343189,0.5069622221956197,0.5234538780597544,-0.42305269946238877,1.9837421086034566,-1.9835058542771613,0.5231726030440356,0.3288035431363951,0.08248461875673918,0.1496782603890611,0.16264759339254264,1.0742254223333678,0.46554421230868265,1.6706635885206051,-0.7344298003186166
3.2596131014553196,-1.398166855710152,-0.6886297719061942,-0.9232159344225725,-1.0362439528142184,-0.08707131813809774,-1.5794170420891185,0.7204099857424934,0.2633822175770574,1.2053782005468219,-0.3497995948531978,-0.8508475939234881,0.017351342843918344,0.28041285004673583,-2.4737139237176353,-0.35342711298363444,0.3240277145627015,0.20908559384482164,0.02716508472777518,2.192450436918843,-2.9911218465179816,0.9839425488431025,1.0431990379260696,-0.8104573347168917,-0.4219768186060957,-0.08432983826457857,0.24779004571678345,0.49836840640394786,0.34006887612403164,-0.81191967020767
2.9139429263664174,-1.3116336593001399,-0.4290163420630952,-0.7575553604097168,-1.2918637021652302,0.13155684003729035,-1.5253188278824878,0.8227844296959567,-0.3554311239576099,0.8156081013924951,-0.1745581537246984,-0.9025302429196373,-0.44152910386584476,1.4481347973258178,-2.0565991096122618,-0.31860164963080895,0.8315129578731207,0.8836921153351862,0.3807118996246836,2.280481250168148,-3.036037243450527,1.4341357589468897,1.1751387341142383,-1.3561983574643837,0.37872326505308435,-0.3092337319381433,0.26811219450117507,0.8213020544265248,-0.3252680641501219,-1.451692774646546
2.2316011515999885,-0.7308496819756304,-0.034528029397770915,-1.223619511179017,-1.7723751973160442,0.7248700179721912,-1.6847461331947935,1.357334197070038,-0.6220543193792691,0.21076851960485976,0.9790612141775304,-1.081633479307662,-1.6500744702541352,1.8399683795342636,-2.3528183535295026,0.05184886380647491,1.5479685460925943,0.9878715824554729,-0.15354514919992895,1.1983501714731446,-2.548569023469672,1.694675676215415,1.6807924652642476,-1.8575687489204857,0.29547519011395135,0.1421966923133075,-0.7467161951914847,1.4853749996640904,-0.46873617144522756,-0.8246035780365538
1.4742208731460942,-0.6266363960925703,0.10942601324943219,-0.9482445470905062,-0.9433156892013637,0.8554425517661258,-0.8971909396481168,1.316569802038828,-1.2142378248847683,0.19010681771235727,0.823333812761635,-0.7872728038808424,-1.2492123605351855,1.74664904431785,-2.169083439549405,0.03813194686977506,1.2662856550707113,1.4575191241225682,-0.3872948581761798,0.5174358267384839,-1.8247727813295838,0.9077927736361439,2.0111581739959394,-1.3205895919430544,0.56927607727032,-0.41888409810816385,-0.2955269105611038,1.952709817866847,-0.042450109955751804,-0.7345209805030843
0.8577470890392415,-0.8917553684983854,-0.12830172184432,-0.9970317055962737,-0.30184386008226344,0.05328321437233096,-0.5246425255141011,0.7336875408230421,-1.3549740620571873,0.2820974116465109,0.34909244559275987,-0.5093545305663605,-0.9727839447494075,1.7097083969925528,-2.488525912430124,-0.6600925376232599,1.253710224026154,1.4661222581029698,-0.745727591265223,0.3587673276101606,-1.0813422592585609,-0.17456466012142544,2.2765458170176656,-0.545885850861747,0.5295910198663352,-0.4842186718874915,0.524829433499395,2.1542775092880597,0.6289705384187277,-0.5762912409493385
1.191164066931887,-0.503864853800799,-0.027720440029690055,-0.7462964543640077,0.17677743700065057,0.2282865583869244,-0.3245152062638233,-0.07079600584203932,-1.1506860116916402,0.6078686258108486,0.16866792261581867,-1.297834643383861,0.1230238204871633,2.4322918425953275,-2.3206572477438354,-1.4850679304482213,1.4004356476650388,1.7055683287018382,-0.22997839834217343,0.12444359859297771,-1.19556895012948,-1.068224223647078,1.7576265947375962,0.05677353335196154,0.5320666005932098,-0.22587725632333305,0.21861557671595844,1.7370696022220284,1.065454592667421,-0.43846154769820017
2.280838666469361,0.17044672398795158,-0.044368474871863184,-0.6826195050164914,0.25273559326767064,0.6175431604984085,-0.2700397378947405,-0.18990097599082384,-0.5552397819699753,0.5796298873289091,0.2992556427648103,-1.5025624473964547,0.9292238977215231,2.5402886093043224,-1.8332508170621264,-1.0442087507694802,1.4227831228698449,1.4963033783924637,-0.5487305952887696,0.31777909112596614,-2.1494120281624474,-1.7680964969745805,0.9218827217549066,-0.2617725631142135,0.8850511508266317,-0.10285191973755026,-0.01848647447302912,1.2982581531154755,1.1670012745440697,0.18080726092691435
2.1915513434223524,0.7694199560711361,-0.23194979424396825,-1.2666472893341565,-0.2587113369552139,0.6594365838566065,-0.6668855563692694,0.9915535211561657,-0.14893328625340943,-0.6658945150954727,1.2126134547003937,-0.37169461934076364,1.4704980403495214,2.6482809217125785,-2.1772024603131115,0.14035699310262684,1.3580722943552304,0.20445687491264983,-1.732993420781651,0.8079327725456658,-1.4690800622368982,-0.6495539049584905,0.37902508718287586,-0.7792381555766409,0.8639751485808773,-0.1170704914582425,-0.41720639691778316,1.6130824591518258,0.1997650058974896,0.7672473708042445
1.7980061335483462,2.0984978044865286,-1.2522663477435885,-2.2811221513085105,0.11093854768908534,0.33434518248003076,-1.0701420408701596,1.1877832410941158,1.2231335862473505,-2.268422830869267,3.1688807786868303,0.193327586469493,0.8989075216777299,2.96100079904165,-3.0223151155332157,0.9592678303421018,2.1851331361187727,-0.9310557984998299,-3.193312627006407,0.3141537958936858,0.7795914158195723,0.8322316491205126,-0.390596780201918,-1.3535139404772525,-1.2829047557207898,0.3575809767563809,-1.4865564526736814,1.454894601851678,0.49566308458665365,1.947197945503162
0.0544933329280603,2.0031808259442716,-1.5234816252239414,-1.12231715351973,0.47612367062674776,0.7500684157358274,-2.054235225531633,0.9754102838254005,1.7037842308923579,-1.0056327734106412,2.404757904988147,-0.13715496060449184,1.0300501449628583,1.5838802547106337,-4.222854107927784,0.32090800135273945,1.966875214729078,-0.6704306385672392,-2.4776346959732836,0.41641188758092895,1.4738683440228937,0.6820116773129532,-0.790276159169851,-1.4196034398671298,-3.021472620476337,0.750583524484949,-1.602521040613898,0.8882998783905084,1.8258864577311607,1.8292385482707134
0.5938334974719719,-0.02461662313554669,-1.2091015722078984,0.36725139016458486,-0.22505275450191048,1.0753983619321335,-1.983413706350411,-0.042866973534530395,1.2498919999179057,0.5257415579560263,0.6814841075505245,-0.09427117237398319,1.2218126842482826,0.021327785008507516,-4.4351647584119664,0.2290801712199959,0.816660889570985,-1.2101438786092995,-1.920145892471542,0.40151502942574535,0.5291780458559807,0.362306299026516,-1.0179952579272837,-1.7432310533601343,-3.159166095828909,0.3411197138032558,-1.3275550479158866,0.20789204144254642,1.9972165127233328,1.110890984443118
0.5363439221812961,-1.7901775565138591,-1.113483213737025,1.2754736569312994,-1.4697710906142363,1.424621988595319,-1.5499433444764064,-0.011583566578527105,0.21819972970271317,2.009803221760241,-0.7232975727918705,0.613373093884179,1.096706088558058,-0.2638414775879896,-4.119420656512304,0.4649790218258514,0.2646104016485232,-0.31851377407395975,-1.3855786256410125,0.9397815063700652,-0.8408602382433359,0.5342087669267317,-0.5426493666200735,-2.2598367724632626,-2.324931250256542,0.7709818013038966,-1.3612427209420852,-0.5424077765426893,1.1170439540720312,-0.6559030700118543
0.4314127225142099,-2.82324296023143,-1.2021040998752914,1.6465985411301642,-1.198963673554915,1.5229977533685388,-1.1945065465649432,0.5104099591135685,-0.5187874866946556,3.218367694159521,-0.8224026179308326,0.7554786812242407,0.5994680675200399,-0.24578279555267557,-3.410426601611136,0.42806686917424797,0.8687102216127665,-0.3328964184744799,-1.1325523824885577,0.20971860417284252,-1.484665325966278,0.9958984903423653,0.17378673585326504,-2.3506027452075617,-1.601616524677477,0.7979279913293614,-0.803732691093617,-0.848013688025862,0.7391344435392596,-1.8659739301926677
0.1132299300707249,-2.860587668727065,-0.7751944271162273,1.938739037455358,-1.300713630688992,1.6710924291729583,-0.5405889309700939,0.18683379931043276,-1.2671541374803006,3.275903462765544,-1.1250196946848634,1.1507358690162932,-0.5990670500976376,0.5757721701245158,-2.9267352599921406,0.6463935879960485,1.662954289880906,0.3481709207459331,-0.9695691803693995,0.34658855023513147,-2.4277353330337283,0.8813541387142982,1.1264903352066824,-2.084140802191471,-0.44649671997342955,1.272172305574482,-0.7212488302473237,-1.3203789965379427,0.4765309557560396,-2.8965449628913484
0.40183940487432457,-2.3885010011749936,-0.7977346692715469,1.2644008015069577,-1.0460814579080353,1.4358165717608302,0.5560481441826332,0.5111967806247317,-1.3311008195041585,2.722221063096461,-0.376573344657015,1.0957471426999028,-0.2532213986950038,1.704996056464689,-2.163694231859256,0.8376435010684058,2.1638767227968203,0.38968397972293745,-1.5837663398895754,-0.04626262524743557,-2.3253838969471037,0.8681676509333319,0.8577855509189888,-1.6760640777371147,1.1448710736029317,1.343636177277023,-0.30463694148768383,-0.48940499864853515,-0.07681305587542468,-2.27246842091754
-0.42382498890261244,-0.9651452121681778,-0.2592999684909195,0.23322046732786095,-0.7273314266598295,1.503030630158951,0.14699271923322937,1.1972692210696425,-0.5296422125418307,1.4356940714502435,1.0866547420410362,1.320943474050885,-0.5912465662718767,1.9028910961319403,-2.546253409828246,1.6935488698975274,2.817437485458208,0.24833554869344793,-2.664752198308593,-0.21876143062168676,-0.7371124927684771,1.1490177920091953,0.702529834147796,-0.6957478340529379,1.0305255070712145,1.1779677261022852,-0.32499769764680836,0.052856047807578466,0.8438899022344124,-0.9013574303344489
-0.5933681621142699,-0.9615931027417558,-0.21441725623896357,0.5395178381859153,-0.7399856036725758,1.3114834481584765,-0.9464138420124797,1.152715747926281,0.1021325163138343,1.131929221937072,1.2942209806724427,1.2831357172149729,-0.15894174444059783,1.9720232952280756,-3.256885444719165,1.958269210164995,2.390547351766145,0.49666805586660584,-2.864889449652587,0.02151633939135575,-0.20320016894558054,0.33414127596724974,-0.11552981252670368,-0.7760979866582745,0.15352848232981342,0.40053968143744156,-0.5246557587476494,0.27469422158190204,1.0759945621137603,-0.32893791823945406
-0.8964443251453963,-0.9453477999982194,-0.5073359559585661,0.4223806893648909,-0.30839408670723295,0.967041082984301,-0.7407343676969256,1.200613856285994,-0.09678842199544804,0.8304889579226854,1.278131410349488,1.0973833498661438,0.037830757867952924,2.1350017179455185,-3.38733333911999,2.006087555644312,1.9044852183161538,-0.04654077941828749,-2.8970395636352704,-0.08570099683053284,0.39380076811128,-0.09000371965393084,-0.4612151727467465,-1.271826507834275,-0.447940521945551,0.04768162583898827,-1.2850891075727275,0.16565635101829634,1.5340062052004935,0.26611279656906633
-1.0153373257844422,-0.9822955211269411,-0.2669349929253723,0.41323652893971263,-0.5950888702845417,1.3589755734049969,-0.6963217419477649,1.5008917258364125,0.811575427346185,0.3477393710173503,2.2613845546790463,1.7133773911413162,0.07052942446006691,1.7673985267873997,-3.519902719551436,2.6052704413708803,1.5287022492540985,0.28186542489562516,-2.8038166478416207,-0.29813295332898654,1.0470614382087455,0.2934738051363761,-0.7033120399524153,-1.6899998105941623,-0.7515237034747655,0.6393180685333677,-2.220685866361356,0.5777193256868255,2.0369921689686916,1.4199873400982905
-2.0841684193935577,-1.6450766402295234,0.9881034655599642,0.8612401298368046,-0.7546500146153414,1.8703386481721367,-0.9104551488173342,1.5544288086311435,0.43188988141584994,1.7878820777416333,2.5183871543874514,1.8229812952261848,-0.39590860293740293,0.3734983639263344,-3.6639501612935854,3.1445999091966526,0.8861514879176229,0.14802648532793303,-2.386618970045875,-0.7461752604882546,0.6766894880745637,1.5438439078727624,0.021811217835760052,-1.5670617911026437,-1.0582194678367705,0.7537836338779234,-1.0078549372547583,0.9176578779008893,1.6752980670977276,1.4051092967637768
-1.1208963728319588,-1.919299011318784,0.471132915656277,1.452530797299699,0.1915023939711643,1.94533011604724,-0.3486593088076041,1.2595317906521895,0.16356206496558462,2.4979399101184145,1.1935441674015888,2.180719190084866,0.007529799567903159,-0.678483226072747,-2.7376130527648064,2.5533434397379775,0.6899396840942708,-0.5835405063803005,-2.2507469309424026,-0.5865978246179472,0.25382094690042023,1.6244910232585479,0.1364405374291839,-0.43321401027396206,-0.4859934299226236,0.12900692091819366,1.2507979084937277,0.3110432189373911,1.8685685660241884,0.7867311900344487
-0.9355975512129823,-2.3728731355025654,0.12354771275435845,1.057489921090341,0.8597256846656296,0.8865988350501923,0.4399103897423081,0.5811614678974119,-0.3752891840140435,2.847166535254974,0.13548018398922768,1.6199016774841977,-0.4889243849359607,-1.2024601194081082,-1.78488386506382,1.7462694576659181,0.6526871147619561,-0.7880204949566236,-1.5874445477634171,-0.9038000958640954,-0.1531337355296546,1.1974841059878836,1.1451109231292778,0.8428244855206715,0.2042905108322789,-0.10638086466786445,2.4599703604659604,-0.3487895104185397,1.6737006151831173,-0.9804629661272106
0.4226315444971523,-2.338674436281074,-0.3861341411461148,0.8426324987165164,0.7672796623555537,0.5160203433197442,0.7943887392288329,0.2656527524506359,-0.23756316252001536,2.188535651741263,-0.6468434364079476,0.34541418730995255,0.721732566396012,-0.1607966118215143,-0.8167149818043322,0.20728503784433655,0.8896105414275151,-0.41981283219325294,-1.2355797840370186,-0.21469274887037124,-1.0365785955370082,0.6368551578447788,1.391158848237937,1.3705727676193098,1.4512775028814555,0.3304635102041038,2.4485745089740485,-0.49798409823501943,1.7976135759687961,-1.4598935246949605
2.2549793729050767,-1.1515255831499749,-1.1214787412434544,0.24609783799892973,1.076047936181333,-0.27109250567042986,0.6233647200116749,0.5472555362080467,0.11316252689273397,1.2410027484911659,-0.5284653482402646,-0.2597037033280784,1.1914116560362906,0.31710370409509164,-0.08109571805604936,-0.4218351451459064,0.9602878878466589,-0.3466782743768334,-1.7407432169869705,0.2508158197646677,-1.333144605008613,0.5494206213986004,1.106056538199128,1.4134531896700455,1.7036151968058229,0.48287191222984716,2.144196550312351,-0.013220220279215295,1.6189710686260574,-0.871069297828278
3.4015157111400462,0.20450979051745485,-1.6333049706424498,-0.7362779690641006,1.1981420991502956,-1.2006591901231198,-0.556037784304712,0.7538336081481348,1.0754152028193127,-0.365365063634533,0.04231834010337696,-0.09959533245795921,0.5495157440625867,0.9116765986990389,-0.4512251270436047,-0.3709048077230072,1.0676120448352306,-1.5548450397509304,-2.280863077659392,1.5385213484590554,-1.0165531939777215,0.9574567019048498,1.2246966864613706,1.4215243626760166,0.6622923068066381,0.4071685899112715,0.9740150016673548,0.36809408008460764,0.6844274458974766,0.5601995207029995
2.8371084348283895,0.03160395290225709,-1.264830073247149,-0.9984820718158423,1.2601744329610818,-1.5905139448003807,-1.6011020143675656,1.4086338395554707,1.2499745483988702,-0.3674553767316857,-0.5712765103513244,-0.797335985294249,-0.2803669922449751,0.2499575001710343,-1.2658302045600276,-1.0867091651910172,0.5222632622662893,-0.41415811379396505,-0.5906496728751994,2.256579410429078,-1.820252519772995,0.9398372512187168,1.0212389810919416,0.6148132064637495,0.7414437018020797,-0.08662513855670202,-0.059712983713964496,0.6307642421594837,0.8327514002092585,0.0858724302449218
2.1544876301629885,-0.32617915208788184,-0.47735226090876554,-1.703599273447839,-0.28887781893872755,-1.6710450250130895,-1.8532068771861694,2.05557790279211,1.0515026219436898,-0.697608447916684,-0.10838841951550282,-1.0190058992319668,-1.6054700867944782,0.08594072997950063,-2.0492884347973686,-0.3903689761235618,0.474061092560937,0.8744858884817599,-0.06676142217834014,2.2942879081212055,-1.6762505565766774,0.9493366523526894,0.922111361952781,-0.30912458180537705,0.32341497466517044,0.06774457920908887,-1.79143046964657,1.251306695113209,0.3442838463701057,-0.07082587993964545
2.258421950258115,0.3331986772605814,0.08365020873513945,-1.1663842130534743,-1.3355159250805748,-0.13905774117894634,-2.100380151906891,1.756795102354995,0.5446501069935462,0.4299192789901953,-0.6217504819557418,-0.9078216880796531,-2.242035770937565,0.6362612812331299,-2.1493114369871047,-0.28385572882175963,0.6072768651700226,0.9001159147722617,0.43552600737889313,1.4351396233066465,-2.3324731438040884,0.8850795205599359,0.891671496922007,-1.3063371131649717,-0.14879422304533257,0.2192435106671512,-2.6356600043125082,1.2534878403042309,0.258230236994945,0.5541818766807372
2.0324578275688214,0.13646310298342268,0.7111770130901753,-1.0927865057996384,-0.914200223623255,1.4547900837548282,-1.5748204596592812,1.389618646484308,0.14494042899051568,0.9487334485658551,-0.4009778300676029,-0.7186575215669789,-1.871248790704123,0.6056409051666131,-1.4985301942711418,0.0064130457171875654,0.09791457172425973,0.34709891770584056,0.6401501519251415,0.8759701466199529,-2.249701914131871,1.7812132789309303,1.3043608922590506,-2.273040863535365,0.4024644433453257,0.48123731339213716,-2.007097868786722,2.0934721010849136,-0.24420438675077932,0.5354879602596762
2.672038515270756,-0.7798039690693832,0.6662236533287941,-1.4907756856514678,-0.7374763438085715,2.1793812044913503,-1.4207761286957963,0.9792506479406624,-0.5711957856378305,1.3955914391930617,-0.4875454214694974,-0.495459338668877,-1.4169479897081243,1.2584760572308173,-1.2243058354690222,-0.06330320852504084,-0.12531936777217456,-1.0551192065944273,0.37137700751750524,0.8652287659566728,-2.1243744542058582,1.3468320101197757,1.5320043791496323,-2.7630161864904452,0.860947572506651,-0.40535467440680906,-0.800397414904193,1.8029918501502171,-0.764826483489088,0.2895249867798079
2.6599542578391167,-1.2315886727174254,0.09574665794696602,-1.6058595622522855,-0.826871433465675,2.468485687399198,-1.2578905256852633,1.1434423671526188,-0.7718972324905287,1.3823149954502205,-0.486336258948311,0.2783760787588116,-1.2741718355754719,1.5436689826268284,-0.8514309618619373,0.11536199124926871,-0.156962976608074,-0.5743983237704484,0.35043222419120695,0.03022066612529878,-1.4383666062525036,1.316409126714572,1.3225626064149345,-2.626230716286609,0.9255474188438144,-1.276569473422701,-0.3670342767230065,1.971325126978621,-1.0892984529770555,-0.10905306716285446
