-0.021074669519794302,0.5188898622912224,-0.1069218589646849,-1.0190722815464521,0.5917410364495282,-0.10935344377433981,0.48777034306949973,-0.49287879085138975,-0.010619986425780423,0.1513774667598249,-0.01588787644543705,-0.2956103265594915,0.25324128947081914,0.9487559912458488,0.2602341606721521,-0.39339937121332497,-0.3383321469500729,0.5982656498341421,0.6902511673382439,-0.3241753031413872,0.1227067399952245,-0.9333120845015258,-0.2423595050846113,0.07712501585396205,0.25433829115369133,-0.03713299680031554,-0.5584266327426657,0.5693216916887742,-0.21988161464448944,0.07195039409650106
-0.7647677858061783,1.4429336694386867,-0.29720402852071137,-1.8343982251806579,1.5398009220668982,-0.10382531731413966,1.1150705046948344,-0.2535658161587211,0.19670966116950347,-0.5638344447495172,0.6410495321700899,-0.15408422524279963,0.8474710175629301,0.9079288697302876,0.39252262124343,-0.5356232274590818,-0.3521438213982532,0.2148676078953743,-0.0942259949091295,-0.28961609642923664,0.6925156712590272,-1.2443088479361286,-0.7440997024177922,-0.6753407672071565,0.4851131637351657,-0.6912066243295877,-0.512160432963247,1.8776704732298466,0.09174483594046857,0.32945358153208315
-1.7902880677244566,2.270232713552643,-0.12698125495023627,-2.2473980642011955,2.0688373446365986,-1.035628115866633,2.682517799243001,-0.32274603510499655,-0.006716784151459654,-1.2746603559850855,0.7165998948391648,-0.09405247672386588,1.0306372153770966,0.27141782134676895,-0.1539941786326855,-0.2711622686686578,0.36300999814931056,-0.18450138109081463,-0.7961244561436501,-0.04781273098082156,1.500377215436999,-1.637394941016408,-0.3761097733652944,-0.4419216648368288,-0.07915278464099068,-1.1468380424749203,-0.21747262050894,1.7875734779255747,0.628456796071155,1.1607202869647204
-1.615135172882987,2.691219370459462,0.0053396824329148,-1.1185985119133504,2.468031256774345,-1.483647627194367,2.5712793132008462,-0.35170145165797806,0.2608771302458047,-1.0903055853453654,0.12348304464198787,-0.8732892151482872,0.9115916387880773,-0.9449238164778065,-0.4619848225367238,-1.0067164679552367,0.8758696776943599,0.677022668247241,-0.6803236242459942,0.06353611506306683,1.1773657485478874,-2.9694219643758872,-1.157851618154791,-0.2161228399077352,-0.05248260587447573,-0.5436288202583779,-0.6643627032626798,1.4471550301686977,1.6509561529038852,1.4264014026267398
-1.6233201516678344,2.8799246520705086,0.5857997530225528,-0.5778492262222379,2.41368482402822,-2.008593525225634,2.7509023572873037,-0.78009890684314,0.0703624697840845,-1.3074109698303247,-0.3691330126927257,-1.2371960723278834,1.1814465859428593,-1.4459670739486008,-0.6751387771343601,-1.2137869572011426,0.604648748141001,0.3214893366413322,-0.9140601660182208,0.46132591053382876,0.4708263720073154,-3.475022184026938,-1.0627089078684682,-0.21319105366536792,-0.6714022294172041,-0.304957369756784,-1.022920038477222,0.7137147423678531,1.7748818893212612,1.4547861512760347
-1.6023299027296323,2.7019712990831923,0.3934086469324083,-0.07777879047167557,2.551005299044157,-2.3066063155832195,2.449969573930896,-0.950254165725894,-0.393046159886437,-1.1045857233681533,-0.9660234644267992,-0.9167530305791313,1.7591708398857986,-1.3112537909172786,-0.7846393291821925,-1.4891574148358206,0.45137767725000355,0.2516940921097759,-0.9963311371301373,0.9287888394208772,0.04821347581305807,-3.5032575347923105,-1.7876571953814762,-0.2897693460409908,-0.5300512247146205,-0.1041159751622619,-2.0614096495422065,0.24151639092533195,1.4952230298497096,0.9051012901356663
-1.529537711135288,2.0189040271643632,0.30024433073354206,0.562107092660948,2.27060760533277,-2.3539476833589035,2.279421802805829,-1.0493107441090141,-0.27544488140978746,-1.3178430314675789,-0.7945680392004695,-0.986361210876689,2.168523475275127,-1.661170514971152,-0.5416943722276312,-1.15005204251948,0.2918625751630908,0.4082546519402884,-0.9982691892050559,1.1216791540311435,-0.37857681202384225,-2.973567536218991,-2.498000101306287,-1.1130828047718038,-0.5083101993601833,0.14750750383257716,-2.3253951266996884,-0.32822165694116845,1.2305910343391027,0.5386691379031109
-1.9695563550855857,2.279594071296456,0.6308012066988808,1.1816288565427717,1.4341002287236717,-2.1329602134726384,2.172084273538261,-0.42270277189511657,-0.4154704833021583,-1.99156512589728,-0.21919066558099567,-0.7879510862953043,2.0926841921620514,-1.7663831469037083,-0.8743102107373987,-0.9351377860405707,0.7891530508933846,-0.12786755829769791,-1.4460837147173633,1.6686658189952484,-0.4730142099059166,-2.361500358317392,-2.6276499592475018,-1.6246472135079064,-0.9913310389815659,0.47307549782228975,-2.7432196676302087,-0.9352539242846812,0.9747771828854679,0.8865415061674251
-1.4539566587773836,1.2695746760310738,1.0262338595174911,1.7858232562358125,0.9262246188741752,-1.4542051057147332,1.3109089655079,0.028494154867964888,-0.20245365249827058,-1.4891242119109882,-0.6935687198753965,-0.21350220140504855,1.8954683630420137,-3.1208406638415,-0.3738669339356005,0.25902196140288736,0.6083498034901695,-0.28554116568207755,-2.412648193707744,1.2565558889705786,-0.5973801734472286,-1.5103559337990518,-1.999417212182358,-2.5921307212194202,-0.6402646626721437,0.9673351940688182,-1.8544201464878598,-0.8244443418844185,0.4835081896184448,1.0967488163363517
-1.442595302505099,0.35090334943665064,0.7258520750176068,2.048334757228025,0.18024342455237793,-0.7201109944250699,0.7083633570697485,-0.03399042359835196,-0.7474189281616572,-1.5212726466995388,-0.9874316591502681,-0.10591193717581482,0.6538615761114864,-2.8134349355626216,-0.0635955688795421,0.6495448030907807,0.9339030800107697,-1.02814290397094,-3.0911903317185967,1.805590601636986,-0.2313563512436323,-0.7311012156294282,-1.0650764318130976,-3.0433312184176504,-1.04306582059449,0.23656081618956742,-0.6578583705148962,-1.7647242937449779,0.862940693255547,0.565056769645282
-1.5991330896123357,-0.8270899112564738,0.3417880588819622,2.9452763129020383,0.18236268576860687,-0.4514335795699527,0.4185772020384123,-0.46000989092628114,-1.455209525256741,-0.8723200021981135,-1.3259118236766372,-0.14270570890743134,0.49715634926983354,-2.613187871300885,0.4207563542871723,0.09134133760251584,0.7419822930082003,-0.539134988220781,-2.4224836002802004,1.0613023525119383,-0.6133059789595785,-0.1588298480131442,-0.4761050001026947,-2.442841481874474,-0.3132642431834903,0.42541241149186004,-0.31081706505498224,-2.069148199148416,0.3592877280668845,-0.7413109090068202
-1.138118457525137,-1.202333694701793,-0.19756614702046263,3.058482947435724,0.4030796048292289,-0.47332649091640355,-0.09763232060798643,-0.15160456901773672,-1.4946554715707128,-0.37746359737889673,-1.0292025742083437,0.27086961441334656,0.393829462570769,-2.353637749964939,0.6198901071787636,0.16464441778567399,0.41211337258482644,-0.3836380943433618,-2.26279324482947,-0.1761951938524902,-0.40845625170628774,0.3654228768421217,-0.2312653254384447,-1.829456519068738,0.525065864296832,0.8948953237267191,0.17417746210845553,-1.9046087854577085,0.17390911993973418,-1.1881107833135263
-0.8197637440532367,-1.5265762138245926,-0.5379040964440533,2.611336977858227,0.7302844539168827,-0.8483896296249342,0.3995586874122764,-0.320773587761611,-1.5767608326077611,-1.3540777651607254,-0.6790402314346576,0.790955794664876,-0.21298544663125635,-1.7392166170175174,0.25894813245188,0.0063632773908250395,0.2990502940774351,-0.5589221016971625,-2.4571455146471433,-0.572870734215595,0.03922077990933481,0.6739708555182645,0.19393702882196145,-1.1347874422098545,0.7479632672771623,0.8111989913511658,0.3940952099127417,-2.124763779818939,0.7288161825871021,-1.2219277374514295
-0.7485792389847452,-1.477385043632356,-0.3446483691025612,2.5090419110903883,0.7534219194095259,-1.229096349773848,-0.3555396338992353,-0.250441739782018,-1.4935402312724926,-1.4521307007443762,-0.012638451150156382,0.9727511444038325,-0.2925783643818477,-1.3991696970527479,-0.08177984706490149,-0.20009283907337155,0.38309711104631095,-0.23444078162975196,-1.8841846903005408,-1.1824217845382914,0.04952148117296126,0.6490743939191386,0.3963090577548732,-1.0107938796113105,1.113214969933517,1.8326927983637504,-0.02904582112440568,-1.6031035253024517,0.9781169331774859,-1.213105284525351
-0.7943636314516026,-1.477840633294714,0.022201407410313012,2.3157305545190034,1.1145450161664088,-1.5222565990037347,-0.39532644050270116,-0.18758212633928414,-1.4396652475826615,-1.8164560083566275,0.5450579840122683,0.7632687427480722,-0.9905018644509426,-0.9598979430304281,-0.34808447447112856,0.1279098887051761,0.8985994788872115,-0.24896377576569728,-2.0623811251414317,-1.3337108257740833,-0.25083396594327695,0.5026343770885628,0.8200488312730034,-0.34989704463286997,1.212676560099598,1.716997194460955,-0.37603623999726365,-1.3084451188718966,0.8348590025290243,-0.5439938159267224
-0.4166641423552278,-1.4946606183247184,0.1734177775594016,2.365466305986107,1.694669714240409,-1.7204640042638655,-0.1923032631209105,0.14646001194317695,-1.2367497980548066,-1.04754189695661,0.13699400855166022,0.2634494243478999,-0.17655099878858532,-0.913976350498582,-0.14934197023500173,-0.04478216404807539,0.4799678734534812,0.025888836231018314,-2.1110421560396704,-0.9598947027933855,-0.7279510893282197,0.4538162751824386,0.9542919632652075,0.29791071491319515,1.7086090189392844,0.9534753247841679,0.25248844373965296,-0.8307275418558575,0.7962385714078366,-0.3668161253487083
0.7386228414287622,-1.230273313645811,0.43669278207405327,1.8101146832163209,1.4631100365277625,-1.792180538088461,-0.469687736509224,0.47124604175461404,-0.8045683703532569,-1.372549557491115,-0.1742520090575031,-0.23323763379322734,0.13418033248534034,-1.0756724506585507,0.4638698920987814,-0.5130628934176529,0.3924739517539684,-0.4301620955077438,-2.1748062800179273,0.08578459852069145,-0.6968383422290512,0.4790366812085184,1.4131157428538528,0.7866447209916303,1.932151698126641,0.6512760501992012,0.9025330542062455,-0.23760838868254075,0.912655855312802,0.6494970283369197
2.7563436990607015,-1.0760331593385546,-0.16795118795510072,1.075072393438339,1.5274193153862243,-1.9071585052061075,-1.2476710095996044,0.22292844039753013,-0.48221564616560597,-1.518882027661431,-0.3345119208505351,-1.0248895586803488,-0.0519829885204699,-1.4444887684938585,1.1315606549588872,-0.7888731812193088,-0.527689061973825,-1.191725443690485,-2.18728647946804,0.7737861965177029,-0.9490922705425838,0.9516880299561129,1.6413865115894504,0.999342158438158,1.0641551512450602,-0.32128841650255757,1.9828093712109214,0.1157654929539898,0.7355283113084881,1.4378400970810894
3.402632639824971,-0.8432082872029143,-0.39269490720265465,0.7227804587946655,1.5518672737446086,-1.24327755707544,-1.8313147013940325,0.3866888286294553,-0.32882764442229107,-1.2142791003278695,-1.0496932111874786,-0.9456377506467868,0.8481683613515312,-1.459381642866147,0.9700559369939853,-1.4061140020904606,-0.8998405988979501,-0.539025822476216,-1.1031788761294339,1.186171636432146,-1.3032912079547398,0.8236929015100387,1.350890642345267,0.4191850064637558,1.153106551553491,-0.9788828521574685,2.1956504683374414,0.18984393919182246,0.30647556714159024,0.0827143572476774
3.4770841255358165,-0.7512505962151949,-0.7085729448017191,0.004560702212331735,0.6675574625236189,-1.819089777839253,-2.4538703926133705,0.5214238020522499,-0.5594925681631572,-1.8288833369482926,-0.6433520088089385,-1.4205187176139538,0.5930396764811793,-0.8807752427706784,0.6213969123284819,-1.6666226562774478,-1.0157827737030063,-0.5881846326074568,-0.20265622860738347,0.8501651655584411,-1.237739447390759,0.9866528607469163,1.3657930210934508,0.06199283117424126,0.8111433524163898,-1.172420994013043,1.28275585494536,0.2958386540636428,-0.5905573761730583,-0.29165169427630544
2.4728697491983036,-0.6354217469611743,-0.33659334669633156,-0.10549032701955963,0.010717844783979802,-1.814523526726759,-2.4593677840820796,0.13209000046055314,-1.4243812467849315,-2.065171001076388,-0.947122806956185,-1.5717237004079798,-0.036293575829539265,-0.5607961900911768,0.3965264935554964,-1.7632614301066791,-0.7078782772247665,0.39265427717089063,0.9330761701946572,0.4016796882685848,-1.4445356923988635,0.5677571189409183,1.6454040386991342,-0.25077336813642137,0.631268938621006,-1.0055034710871589,0.8565014141630353,0.5753605417401982,-0.701859309713617,-1.0421558691460202
2.7079325751908283,-0.6142743225312645,0.0032606651301765738,-0.01048252162196528,0.6179596603221297,-1.9638441765781667,-1.8869101400668542,-0.07493241489752983,-1.6191186626316485,-1.5589575498223884,-1.1245651248586546,-1.9615188463188282,0.21785085480074115,-0.450501784255967,0.3266309353001229,-2.4015435854823752,-1.0603691949806626,0.8115684217788729,1.4842996109499613,-0.014112352012855517,-1.3844999628984263,0.15702230779805368,1.3729599286067955,0.3341300353481279,0.9567562857295766,-1.534592477218188,0.9179917872424093,0.27118946183055637,-0.46379852850138636,-1.1634625327632944
1.9757912686514292,-1.0536627477571503,0.19899276820155096,-0.2802279752546317,0.07941070661293612,-1.8116172977610627,-1.8968690653146147,-0.4218624542375589,-2.278048117125998,-1.2333283647658289,-1.3888952784680075,-2.429493986162999,-0.07118111191868182,0.18857461347308235,0.24398200955822302,-2.8079792690843193,-1.204171346116314,2.1214372206724157,1.7852345319863459,-0.4642159001354891,-1.9656158212197288,-0.7377309896697903,0.932853859353728,-0.47484680383180955,0.9554122162831802,-1.4365887213840585,-0.22927360507686076,0.10477549994866597,-0.4653387414336016,-1.6536083671322102
1.612098525725099,-0.9790807024726643,1.2792105600016843,0.30943980099394963,-0.4961147632936902,-0.9065288572622772,-1.2826623069822594,-0.6571105908058095,-2.4905192983785,-1.2285076847085672,-0.755086270508909,-1.9449988360705135,-0.42684360575672137,0.68301314863959,0.5268993631522272,-2.094067924054953,-1.0117349320415003,2.1492813013567775,1.829055928308184,-0.9498161675218634,-2.2637590163881494,-1.6255760371570458,1.0821412989976094,-0.17991682632277076,1.2152698857603403,-1.3925153687755487,-0.7105082342205189,0.20152102414388684,-0.8903279782951594,-1.436227002658049
1.591209179407295,-0.6663971204294729,1.2667754224681327,0.9230814902078825,-0.27926124452279566,-0.8938805692946511,-0.6646575806575852,-1.1152660960055532,-2.762577078994412,-1.1207324703083246,0.013483891735049547,-1.168654544131877,-0.4895509566130349,1.3953144229265686,1.138388698442016,-1.9561599458437446,-0.7127260588291904,1.3291147723100174,1.262462756057062,-1.0494472947871167,-1.9352855445898434,-1.624439139063273,1.325829682173451,-0.2905213202455367,2.051700297895865,-1.187576392645832,-0.4920639428799101,0.39225941641016526,-1.9476608066270225,-0.5424160417822013
1.2898590398904273,-0.1593728466288086,1.3416492189677318,0.665182058047509,0.4288665187606765,-0.8037446369427105,-0.1425074928651759,-0.714548857536077,-2.4837677644116956,-1.6718383661753289,-0.09279796186604028,-1.053348345773024,-0.07042950690897581,1.437376992981201,1.2609657513032329,-1.7378803091939687,-0.6531569011783527,1.5975524215092503,0.6873235191999345,-1.632644997605597,-1.2886384753604339,-1.4660790125118366,0.7931947191504731,0.26696473094116646,2.7329428317597846,-1.6949520501736393,-0.12460444627374359,1.0185272420481275,-1.5091968332099477,-0.20307363948292007
1.4081499455285718,0.5339880330127617,1.4003710024725926,0.9572976739426559,0.8313690878415172,-0.667773928609394,-0.445490114933104,-0.8187046907946718,-1.825858970935701,-1.7299244245482126,0.20406215202833186,-1.2003181583382652,0.2996838459924126,1.5594279746768087,1.360666582316663,-2.0061974915893805,-0.31388587519974853,1.4125733108264182,0.5917575288529594,-1.59339901310513,-0.7360173635262637,-1.6286072940337224,0.49032417490990066,0.8970828111498823,2.5889788364787365,-1.956947134258678,0.12816115193792765,1.2992229718011084,-1.1896422027254732,0.6532739561487753
1.7572266655867,1.5621282823585103,1.2908972896310515,0.624026682087266,0.9111046552128135,-0.7196136910540551,-0.9730998792209047,-0.7190881899453138,-1.2549919090473722,-1.600609161226346,0.02701594608589615,-1.350811014157762,0.10800438156157924,1.665546003798177,0.8887227906619246,-1.5039819059646753,0.10684733597672058,1.1332125299970797,-0.27741440057375877,-1.0544563466011854,-0.5940861205356596,-2.304604460537946,0.388988290064346,0.7940046520362447,1.8778469024945954,-2.1548004868917103,-0.2587882512946498,1.6104372174141683,-1.0917722694436507,1.2357714692959616
1.5557498598319048,1.5024916731294229,1.4419897249924154,0.7772394752512622,0.7574863800964399,-1.1511784566370458,-1.3190029625684712,-0.8421126402079233,-1.3744327888326433,-1.677590716925575,-0.17039780381440978,-1.5871054646011606,-0.09053886533890398,1.5738615090047117,0.26756558603409736,-2.205579800287256,0.054338796073093,0.527232399466026,-0.4423811998168014,-0.33451928558577404,-0.6125391552481296,-2.1176287744019633,0.5306710304229022,0.521968126406637,0.9365210352764479,-2.006769223972456,-0.4006614833536234,1.44447797383424,-1.1534480072185556,1.7193381608492002
1.2616814366888616,1.4566254641745073,1.419235788282656,1.1417545522806392,0.5378669846130548,-0.5875225014250465,-0.8663100084566729,-0.7005735353690229,-1.5832063747004068,-1.2129101766420967,-0.5402752569938616,-1.7632871230147045,0.525377731847923,0.6660831509340215,0.15137439460783145,-1.9732191268600703,-0.23485437569593381,0.12408644306175298,0.2691732746824165,-0.2487036803799147,-1.5479932066142306,-1.9517055256807387,0.4543335531830821,0.24029841268912033,0.8742233756180737,-2.2036566494911334,-0.037028786802525304,1.0538917361413433,-1.5474570562608565,0.9321092732946152
1.9905701296612244,1.0691838022110682,1.3668841875183517,1.112009207398704,0.4689301352747389,-0.6891152468588728,-0.2174208404208976,-0.7843273065926697,-1.7115263172235289,-0.9591375445371808,-0.759023460367807,-1.4881857665320395,0.36635689615108896,0.5470368608389874,0.6258876350915201,-1.6294643008904037,0.13593340167410692,0.04500373214009443,-0.035918043415647555,0.2071905665193729,-1.6745104812523168,-1.4947734932286676,0.4307232676678493,0.2973602427874117,1.3095067497412465,-2.2227462326738556,0.5183232891517919,1.2796129916451344,-1.808955619361235,0.43866280884804965
2.2070810462259325,1.542601809553927,0.457007982155419,0.5625447938551199,0.07341126587847716,-0.7084068311139736,0.276205212762123,-0.4095181707922876,-1.3360959020308163,-0.9602074956772574,-0.8365298089888068,-1.365875156493859,0.3376978122862848,0.7953499747900848,0.7979884105370637,-1.7089537327318152,0.5788022001057714,0.1351738627197036,-0.24121382434266175,0.796952920535654,-1.6919730312146242,-1.0612210478930773,0.009675887151411933,0.29458962855088056,2.1653463861417137,-2.200448798606854,0.6407040153047983,1.2393886189862724,-2.245273238044145,-0.3713777757924461
2.161394077526207,3.0233638232684554,-0.37436738921876495,-0.5962183876566495,-0.45274385612121687,-0.916717091263878,0.17309506407139486,-0.2898765062011001,-0.09899631815577514,-3.234522002271526,0.4601874449559001,-1.8807069098022704,-1.158023916531845,2.0442603278228044,0.11208456053805904,-1.3808112573290041,1.75007352123767,0.08180287813354725,-1.9127868066345928,1.1646483042476303,-0.3322555324934716,-0.9790551448902541,0.06828214856303216,-0.41811114078138445,1.1313829578506673,-1.2638863351955436,-0.9294774732142327,1.318169105651385,-1.3210156653564726,0.946172413595669
0.6083512111830967,4.263941987330387,0.2985382497994211,0.6068079640688704,-1.3959715591454076,-0.32348262473247336,-1.3206803079551734,0.394814846582186,0.9621818168332764,-3.9580513004549545,1.30470809872693,-1.0001228706391938,-2.316700212714358,2.715466155659556,-1.2912866521928879,-0.33917301808700107,2.600362828806619,1.0764361522785413,-2.0484194036121184,1.7291658435758863,0.5873520363601721,-0.39482874512194543,-0.9230744055361714,-1.1399621986839357,0.29612052019180785,-0.5845081079303504,-3.8285073811558394,1.8007562498823544,-1.657099518223883,2.5284612946248717
-1.87113169669114,3.7419960579871296,1.431964706455599,1.8274423492976248,-1.810301421565268,0.9339348231633717,-1.617124403744148,0.26076344605281104,0.19709276847524781,-2.416475617095242,1.3553353809370265,-1.1201924009525976,-2.917845631175129,1.211541293613407,-2.3637532287316283,0.6814634934298236,2.217094892692316,0.367992304318737,-1.6205538739118615,0.4808239904555559,0.5332558293800309,0.40403526862261396,-0.9625832738731147,-2.611328812936772,-0.9934513157670563,-0.9888446998528594,-3.5065875957587385,2.621460908779212,-2.2363106119739484,3.0099144357126235
-2.0998187128867984,2.780555267258416,1.8176664462651717,2.7445283306400317,-1.1263431523450331,1.785514483553714,-0.520308530019914,-0.5539467239100151,-0.6877797753433554,-0.5520284551218294,0.31384271682631304,-0.37823948488357084,-2.8349690914292154,-0.14262010715759704,-1.9848099581318595,0.604187133781154,1.5921149741492886,-1.0192304584962537,-1.7026703718520961,0.06477734607790797,1.0991281868196776,0.6597053409769225,-1.220447594546369,-2.8221993144790742,-0.8700354077874366,-1.0401160614296323,-1.4226160803389778,2.3063199224049535,-2.098273038730314,2.726689007757697
-1.214345360677369,1.3939992059258277,0.38947921419686365,3.0877050097508683,-1.179773205940032,2.3004456248739573,-0.09717112863689684,-1.2757651583207317,-0.8745099436197554,-0.3853583963921051,-1.3471467646884037,0.3864823397537428,-2.660021767142772,-1.6814985299538678,-1.5089436895595565,-0.09674831025582585,0.8980022205498532,-1.9734474566182574,-1.6723801570125585,-0.25862530120530275,1.93728811466065,-0.20308507802519976,-0.6676942636786468,-3.4852575165672803,-0.342942873285369,-0.453772116433689,-0.049927146469690986,1.5834264170873023,-1.4539785776394603,1.820313706215638
-0.5676061061428322,-0.19821873233380596,-0.6206854060431957,4.028483288247694,-1.7373362377838724,3.245959001225279,-0.10502961571020195,-1.7478065322814058,-0.793085135512205,0.9445932552393277,-2.066274097677358,1.23212198174498,-2.270163617324753,-1.8392300727500273,-1.1202418054802517,-0.3675873284939477,0.41551373950247816,-2.205073800566802,-1.112961164326346,-0.4030997048002383,1.4565981987252712,0.3525104989718695,-0.7619901753860443,-3.804157517150406,0.7818292289865858,-0.27851204465947343,0.22656552408297792,1.7085414741482818,-2.6603749360389486,0.4306300233855307
-0.5454147274820135,-0.9968280276200266,-1.3528447962743644,4.100518462058194,-1.7318933554205382,2.8703319555229094,0.24508120004780437,-1.850194454569476,-0.8328296490555621,0.8487754302816726,-1.4132385494552495,2.1861083939763035,-2.9010031870154345,-1.6589468317964422,-1.220372723100312,-0.2224343926556303,0.021575605515542606,-2.181786350104241,-0.8752185290817607,-0.9525966617967662,2.238060833254533,0.9395358941398742,-0.38215448759134896,-4.098974230291636,0.7585539163111439,0.29858694925803553,0.997593599962534,1.9844010969861001,-3.1175819027497917,0.04235004047229851
-1.509149598529027,-1.503217494011117,-1.8495446637527908,3.373030531623515,-1.2410967603490333,2.4472476776239875,0.6483069459171753,-2.012379079578428,-1.6881965869232884,0.3730030117564924,-1.246487358824437,2.2065139155881353,-3.4248386471287464,-1.2279606050910379,-1.2198715330610352,-0.7614595149949054,-0.07526367725978911,-2.315658313904754,-0.48928892492863507,-1.8185992820921215,3.0938819466941805,0.7841865210277881,0.12955971273747213,-3.730693758798682,1.5550331001174056,0.41826193494310215,1.0862089569003073,2.23966441790583,-2.6588806516625083,-0.7017460562774548
-1.1641896113884243,-1.8774902704576064,-2.2422273647959217,2.763665470409731,0.26415258446010464,1.7749924546618818,0.7243151708633455,-2.171250445215412,-1.2818991502206678,0.3444498245645406,-1.0714516913841994,2.7690512065348014,-3.150809913317328,-1.438485423616422,-1.0869343936166191,-0.8941089439214362,-0.25401158968301557,-1.7824716900470898,-0.4650784076709036,-2.8901435653355603,3.8040097567070728,0.1600012818372829,0.48424489859549785,-2.4938303134901627,1.8969456632204047,0.23977080935339745,1.6938393149579871,2.978143221380993,-2.0124460579686305,-0.6657520208325791
-1.160125942696318,-1.4295327327193663,-2.795000006882973,2.5874494743253886,0.6867574802535721,0.847114082619472,1.182633092041211,-2.4517012551705086,-0.9163031225626659,0.09708857461995773,-0.7565146843636485,2.3781903034131515,-2.730977757467376,-0.9070153456526026,-1.5201473690696874,-1.482750825565794,-0.5679623873743346,-0.7285763633619657,0.20563118667582722,-3.3107042623893306,4.5108804894412655,-0.30982537810260347,0.08225262390508942,-1.1159293875139729,1.5878397312442316,0.1408480784538988,1.4975054405767496,3.182887997390668,-1.1519220119227185,-0.01909975918371254
-1.0151275274563583,-1.3559968046980084,-2.7755906737318154,2.409186144299974,0.6331408806377714,0.053049078573244646,1.7969193482681254,-2.937236931979034,-0.7061500210556159,0.19115680746216068,-0.91728085538445,1.2744984392487866,-2.329376051524185,-0.5940168609677832,-1.7876615762739863,-1.9816752078698339,-0.5013643471662468,0.2612208428203789,0.1832502478347554,-3.2744647105890756,4.458031205548592,-1.4280481702717192,-0.2677283077511283,0.16266188249099778,1.14678065912532,0.12977627811223874,1.1992300729519632,2.8950411530170346,0.19478940243984644,-0.2962388069684425
-0.2039463741335214,-0.4975587464820955,-2.5800351874475895,1.9208853575940124,0.9163424395893791,-0.7239373949173918,1.9250449413309076,-2.9925186792961638,-0.217852371502395,-0.21758153941013575,-0.6711274631587975,0.9444090042612243,-1.5780036601417295,-0.3138620510156688,-2.0233738948499105,-2.1394764410571976,-0.19719536409265068,-0.28638672144426836,-0.15819199312659282,-2.2455993423607037,3.9357856151686956,-2.1613661538559423,-0.8770022247539584,0.5625110064862583,0.9442541887637542,0.19626257149351617,0.3633064878943942,2.879482609351282,0.8512327461128518,0.299195282532573
-0.3015864062145063,0.9125671922311485,-2.1012005924639636,1.3468724666639948,0.7146145567330093,-0.5314593557684046,2.0109655074040638,-2.500356198860343,-0.19678749055220057,-0.9120182428178957,-0.0266515239366237,0.4989381458857786,-1.3642135686087316,-0.38900334162572126,-3.147086252755609,-1.6419243237700432,0.23205084528344871,-0.2956711560067431,-1.1774831625809894,-1.2325960219696326,2.809081408166645,-2.915938279100713,-1.743063948520197,-0.39983639840974994,0.4071156500882759,0.18143430485445225,-1.2489609045465069,2.297953858716598,1.404950638611579,0.9641101319891021
-0.18744062338620177,-0.1134776264488638,-1.0547985218953924,2.351187289506265,-0.008748182699724577,0.019600671615940285,1.0614450573904408,-2.197430546953566,-0.07377542540914317,-0.3199657370111899,-0.01325259220308711,0.8916552229908596,-0.23746167916558303,-0.38042633563663547,-3.3534276249597417,-1.2429528160016554,0.43950374631429556,0.059186940342532635,-1.26514265195285,-0.17594309552656884,1.6085228550341186,-2.5863591157874177,-2.034520998678489,-1.614096976121858,0.19887468104293926,0.616027249231849,-1.9234718368713062,2.1227475741329154,0.6315214728593346,1.5625589215682125
-0.5022456871536486,-1.0817060546895267,-0.6327907853842121,3.25912333220658,-1.3426838700867851,0.91171721117893,0.530415183718846,-1.327334605977403,-0.07559758335482952,0.2648059598974274,0.34285078113210876,1.8012721556934643,-1.2787804191203989,-0.6532046089749723,-4.398124067813472,0.06428981261003353,0.7475929081691908,-0.3762434773930605,-2.030904022408681,0.22804845682591515,1.3020298400195964,-1.2970149846790915,-1.5922405541917697,-3.1085424622826854,-0.6651855311392281,0.36362280070605957,-1.829521405523234,1.905449964226853,-0.49981261825340095,1.5969586075768318
-1.0705131854631849,-2.401749445149318,-0.6079056982576442,3.7449440471545374,-1.2080689356472085,1.3809957897496847,0.4284024518838309,-0.8761178505146626,-0.85056973454594,1.8122819795894736,-0.042033764995920375,2.4107738805235934,-1.7751418219845974,-1.4351828339303148,-3.7602529339491055,0.8636621653725043,0.36114985567575075,-0.04745664325838489,-1.3960213919602822,0.2203380826564167,0.4978719872172239,-0.11938724855900351,-0.8278956247520882,-3.2842053469809214,0.07443722584450696,0.9317969612120891,-0.6668178164608147,2.244811091468959,-0.9665797705327871,0.9957961675002726
-0.9332986913373638,-2.8012272014536395,-0.5348356307934203,3.2360758051270313,-0.8728899169920492,1.2844678362635913,0.999158296145586,-0.18838766807699764,-0.5256188726598818,1.4433213399954012,0.6047588067299184,2.652805141025523,-1.776692457964096,-1.7187410347554377,-3.170075243099598,1.170002421701963,0.38321373026408057,-0.9114334636654362,-1.4318206626015624,0.1395658755663063,0.6337638895699125,1.099064301700997,-0.23047771007167706,-3.0558192425060713,0.8728818046859114,0.8579499750095624,0.3634071932439221,2.385080110925604,-0.9111398063675092,0.9044393800540753
-1.0600316249465862,-3.091527280657522,-0.3150130746295955,2.7856079926200104,-0.694195218948622,1.000216873952948,0.6399629311486208,-0.6274419846144863,-1.2770892217381609,1.471474214770909,0.47994227167403614,2.9280869196084707,-1.6342382751462563,-1.3973646336129633,-3.097774568144207,0.6255816244293891,0.6418429209183609,-1.5004784161808906,-1.810077791213966,-0.06160786809468515,1.108340719215558,1.2224665727806159,0.6528569184736249,-2.531959699903026,0.9377868501799342,0.8355604359053495,1.5404941905729257,2.428361644632612,-0.7513200039375515,0.2594772240537008
0.016247148799139688,-2.4629651097460674,-1.1301618991638211,2.566056199094897,0.3714560260739571,0.1302269322789652,0.8007621336354269,-0.8661108417900262,-1.459969898608868,1.5694772732635962,0.06757321420209483,2.391499781827103,-1.404503005200517,-1.1473712212232514,-2.6217112465151464,-0.03267715536765886,1.1962590282861878,-0.8595635540129066,-1.230902749530764,-1.1155386601671522,1.0041850523181224,0.05841562034784231,0.27935714758127295,-1.8977574005870086,1.333133583479369,0.7692160828086889,1.7825544698424467,1.8734021945733574,-0.02966945552139422,-0.22688614243942984
0.2639252937908685,-2.4691712946674764,-1.188431332667619,2.078972066767555,1.182917603973988,0.32733932043020386,0.8333018438844233,-1.5423547416508199,-1.1778440478199004,2.0748642904970165,-0.21115985150639424,1.856650275894897,-0.8881689420867638,-0.4485892925005078,-1.8447465280591473,-0.789136623019566,0.38435454835866173,-0.4854918143049789,-0.9488493245694021,-0.49327274068475757,0.1354487170012611,-0.772715290845704,0.5995088767113402,-1.184733179056368,1.3580989638931338,0.5688556690622584,1.7620647843669341,1.5473271126250965,0.5928006078518335,-0.34362040765762686
1.2922372461794247,-1.7973713330012095,-1.043547346909501,1.1242040632796497,1.7547968314132176,-0.3269949660801465,1.4777358425191214,-1.378221107565703,-0.8316227120676203,2.0502173208114107,-0.2610467538485394,1.282698048766363,-0.08724068611382962,-0.16323667877834935,-1.192544849458345,-1.0766652628344748,0.5141162808859266,-0.6279324754948683,-0.845377437535599,-0.40041782690767547,-0.27541650115306393,-0.43546538055034456,0.5800565901582047,-0.0953537147284928,1.822454860184789,0.4409451960870957,1.8921227186784257,1.7925979839572452,0.5362365572486105,-0.2453361083926876
1.7678899051938894,-1.2758155160652471,-1.495513926467381,0.1306901727488686,1.613607345293536,-0.9507419236126057,1.213135290731168,-1.1381662619829642,0.01603063072505631,1.2473549841791847,-0.04815184743741305,0.6243231639205686,-0.04706162853807289,0.5629393714156088,-1.1989239482586522,-1.1681903234167992,0.8455516809547293,-0.47625791647450644,-1.066970722802754,0.5839853865107449,-0.4677027940867894,-1.0850776042184207,0.5217842925659688,-0.08327239423045545,1.306362059805127,0.09812754521070577,1.0138849139611843,1.8137954329806665,0.5015544200492388,-0.0472009738469579
1.9672669245478678,0.2816451180456228,-1.7515825717588196,-0.5817511376732123,1.1417996187956705,-1.3891776914062433,1.374087359814349,-0.1546712495857726,0.8749460870304056,0.11223291706582511,0.11885618793638714,0.3150998252647508,-0.6399840135534071,0.17656353627623106,-1.2810403383391273,-1.1639799609529016,0.7926176806921178,-0.03452508123513669,-1.064006106608061,1.0705698530905214,-0.2441703641219638,-0.6986507715770199,0.5309450304111782,-0.19973151446671455,1.0474092128988528,0.5996715318556242,0.025247045654887862,2.371836806181403,0.5831253901717048,1.0923196978991718
1.4393052770247599,0.5027035116793401,-1.8904662191540198,-0.029345728808982202,0.5109592799826721,-1.6844650915367625,-0.025452079301195724,0.02986040282044345,1.1623928725600186,-0.3276873304877897,0.3942064513651201,0.16985367002267351,-1.391611721608485,-0.16348473162410176,-1.9351320156621477,-1.3228462364865872,0.5557861803948886,0.28902572548198835,-0.24499827342265346,1.1302458998694702,-0.10992008249270185,-0.2574770112613189,-0.4916079190992839,-0.9984750168063541,0.8647473620396234,1.1527669543452677,-1.5289694980097979,2.355900987026191,0.3324905952077925,1.1101479610791787
0.9728296407332976,-0.43761901282286053,-0.449345028891053,0.4019938845163711,0.2686055673530777,-1.640710212146406,0.1919476543084019,-0.5072275091335294,0.5445685063331048,0.15795146887604014,0.6534783815807718,0.6019680109860178,-2.367638170723266,-0.7377001072338629,-2.130256310535787,-1.3295102637828518,0.5839157055172841,0.44273471268172493,0.38728417453765923,1.0582906358787387,-0.7580092532596416,0.07001749839365201,0.249220278233854,-2.250295067839203,0.4310536340952283,1.944400731508939,-1.8704589874230202,2.3222195642889787,-0.8425777206219104,1.0061171547276997
0.5176548209650788,-0.5947848017757114,-0.8145604261974289,0.3248039118465425,0.1547355503545467,-0.29609062980803597,0.6779280192263664,-0.4324011898775065,-0.6085888232756703,1.2030160261688736,-0.481281737418493,-0.1156498318378803,-1.8459604294633132,-0.18042857010448754,-1.5622757795955473,-0.9557333853259522,0.3232014338521899,0.30375300033454544,0.7348098427471143,1.0303734804271858,-1.3515364391834475,-0.26481034678660553,0.03866105773493783,-2.36850773702358,1.2491892373168456,0.9343238174627739,-1.2371634919513306,2.3209895615476825,-0.6907217739071219,-0.11914150124874345
-0.029305992210179696,0.3811603217553208,-0.9005520958381943,-0.7562960451472102,-0.6346591233958963,-0.23661331677671088,1.2097483542950147,-0.18926792802693548,-0.09530627509848705,-0.36683107902565654,0.3012088746516917,0.04472026197146754,-1.191220239953034,0.651430865806478,-1.3769855626746696,-0.45136649448988075,1.0587940785358654,0.19493428691720383,0.26567114540946496,0.6889295290921729,-0.36048581111988137,-0.010444889790823003,-0.5188748018622926,-2.4456052522985257,0.978120383503915,1.1370801458408204,-1.097959674136523,1.9864652629012196,-0.3367655330240302,-0.5495849655467799
-0.02789363766614192,2.047373377830481,-0.5252713551317356,-1.2128749520658673,-0.7023218389087704,0.670846884983035,0.669692594848427,0.30675545689055306,0.7472108677316435,-0.5259958012412067,0.9886475379102216,0.20130990036369914,-1.1987077739418004,1.0091877920025685,-1.7383773933431201,-0.06431871654211588,1.1945804806597884,-0.14057090400870736,-0.2819136715698276,0.6054271374008713,0.08840818473501577,-0.28574096514933517,-1.155964650007254,-2.852493570383674,0.6617169819668391,1.137713527684126,-1.6348741611204385,1.7811864470260768,0.08618238979864179,0.8501009747301624
-0.6598945476722063,1.4435190668090376,0.6064919097896978,-0.8862425433174813,-1.3439342648243444,2.589141639861114,-0.40919430538272505,0.568901609340089,1.3438597236832066,-0.24707782037236237,1.3549349956333998,-0.0019209524661823185,-1.5396274548054094,0.22148281586284846,-2.100510966316452,0.8345971719165497,0.6270703052338948,-0.32550850030903195,-0.45969034661077274,0.58915721089603,0.6101612024554437,0.7503619384118839,-1.1812801940760989,-3.569550502432439,-0.02028490205507394,0.6545184610683583,-1.9590166584354256,2.2803717415068445,-0.05935906976983074,1.191877871284216
-1.4448225911452153,0.38873622681185704,0.541086397853247,-0.03849574084010848,-1.254759936578614,3.4108843089437375,-1.133180663601665,0.3622681526965135,0.3435379635849043,0.9323218508093898,1.3108252463264332,0.8645865509925806,-1.617980988624457,-0.009549152739404373,-2.1802422765504876,0.7662568945945624,0.38311190483885,-1.0541062836340158,0.11756082077943614,-0.07658846909078612,0.5248930264568368,1.6289867261894257,-0.7617222221781981,-4.379033299840517,-0.3557867645026612,0.6441240602209684,-0.3309563792598833,2.258468108777127,-0.7219009616416686,1.0210123144954564
-0.5773696115716113,-0.16818114099469506,0.32674835762720084,0.6743242709002343,-0.8066451100099787,3.661186233610959,0.19132628549486236,0.08279488752363813,0.31311316041441095,1.5993189408428201,0.7079185811839862,1.1043828975284837,-1.5778923473881121,-1.0498934594285134,-1.3300044908523008,1.073757662714696,0.06511926897756756,-2.148609632263077,-0.29767922223670773,-0.9360436188221292,0.9216202755896871,2.3004756893959435,0.16414447324198533,-3.481856116175549,0.17946171550897716,0.3930172277236216,1.2180806833600784,2.089864068213103,-1.1101871112812773,0.551397012647602
-0.3901088392129668,-1.2109512288159976,-1.0884775572031489,1.0573029264848801,-0.35882731107138904,2.2104141278819074,1.0311837607199998,0.07192227236084542,0.05397005619643508,2.0194142989827295,-0.4334788410689686,1.006713576303749,-0.8404612798482309,-1.8534966150852876,-0.6264266920002228,0.15000121591300297,-0.3410353673149995,-1.8087940643581126,0.1306497877192238,-0.614423830468511,1.4746405789671364,2.0556157421025527,0.3057553422289395,-1.7295434536408743,1.342343645217071,0.13675989419278195,3.4133240605351665,2.1197386025538116,-0.7541949336085957,-0.11171202405871439
0.7814627853880488,-0.8445154585942336,-2.506022746926904,0.022967261666464248,-0.17324956467320607,1.7586670321097806,1.457974401847932,-0.12367855504551967,0.873439519056828,0.44881593307363904,-0.3754416964724816,0.9828679738347403,-0.2697132325770714,-1.611358660914099,-0.4046537999282124,-0.49421119731344454,-0.01904499018158999,-2.2406281646488475,-0.123582124858657,0.002098004180447366,1.9245090511520746,2.430889797995503,0.6658160782255584,-0.6390737981181531,1.2458447958808354,0.29654513096180174,4.475704529590738,1.8705800941423212,-0.3590409279123869,0.002784631931577186
1.8697261479347456,-0.0703711842412131,-2.9604775053601182,-0.7725114132706117,-0.43521532634945265,1.0868562413219656,0.682889019623914,-0.44082481578935595,1.499071303106034,-0.5104216034778671,-0.051197267932655305,-0.1370068115908974,-0.7401219974363127,-1.8799419129330444,-0.7762407153071997,-1.1381695972729735,0.5423186957308805,-1.571409550331523,-0.3004346316465598,0.2895587582436754,1.7421930172606783,1.484264057797916,0.8817639952484494,0.0009288275232219312,1.0229175519213891,0.7362981629011953,4.385506810168775,1.31519225417009,1.184579934217375,-0.9277352001468632
2.7731278526233987,0.8949248849977247,-2.952812545860313,-1.2275791331378114,-1.165893999625065,0.7589519409570754,-0.10244383469036927,-0.4107619712708388,2.2194952737777336,-0.5704226987177393,0.15987474985305114,-1.1518020234238044,-0.45776915481186403,-1.262089887729502,-0.9443528166544599,-0.9654746310445304,0.6260643329971094,-0.753563317102067,-0.27767124387658826,0.7039089598189718,1.3283726013764159,1.7734835914480263,-0.04706525250327794,0.363660097948493,0.20225280715750607,0.7113651009338051,4.090764585555244,0.9920512873855417,1.6019433848006475,-1.1105613301733817
2.3766689824733915,1.2978056602433343,-2.9362659874326007,-1.3002664642590587,-1.4629084445621827,1.381020921836002,-0.8378215726860434,-0.46759956314323703,2.5432013735402337,-0.3552406080680429,0.11793490979524238,-1.3011523298322718,-0.1588902634696906,-1.057302485897219,-1.4309742717903449,-0.464371528939727,0.5745038120713126,-0.30077677902910915,-0.3574886092502476,0.6615571440538526,0.9262123890513909,1.4518786628025344,-0.5183256921432251,0.3969941753685415,-0.49924210145628745,0.6858897649942353,3.0138720300194572,0.7278035235207932,1.5103153293649543,-1.0121218775696748
2.7488067955955016,1.3799756678415862,-2.924823788086205,-1.4259287801340548,-0.6388113857428399,1.7328245110022,-0.5037168322264431,-0.3053192352831486,2.473036735572218,0.5812655345075215,-0.14580866251477811,-1.3557062414126253,0.6521972769543904,-1.5401650351217624,-1.2428934383236352,-0.9982542320286554,0.06830361190330005,-1.239262405721138,-0.45327090041505264,1.2300944795668205,0.007945653062759739,1.723657072903719,0.1891905591500275,0.2946599617063975,-1.0402787152559636,0.48840184004699205,4.23241072889124,1.0710358451133246,1.3928480693527403,-0.5246240035140604
2.7608345570037303,1.1032283111879853,-2.9578861394698235,-1.7711887983138026,0.06205094335127748,1.0231390993513698,0.009882151216447699,-0.1852862420810889,2.4439544319622355,0.5856475021274042,-0.7464767710443359,-1.5293336393985857,1.1566073446461151,-2.172579926899371,-0.8091327248153343,-1.6150523484054389,0.24535579994064136,-1.8734726797485075,0.2833320810818661,1.1238750204882701,0.17411927489542944,1.8545517533899507,0.5680639819073027,-0.13608449973949951,-1.070917309908928,-0.22236706328020922,4.051406732992239,0.8832866670173125,1.2215737246169396,-1.2093632177812248
2.330248756521234,1.136690078197173,-3.173679768443237,-2.1843024869222885,-0.27697510938236614,0.10306488210445157,0.05999276608251558,-0.24419858381463366,1.8456231455204593,0.13924520639487414,-1.2459638523272945,-1.7908347211266167,1.1287887719068521,-1.8716996485263984,-0.5402508606572304,-2.065026865112768,0.17244236236615573,-1.2231390869424583,0.9734701319240058,0.9731796316548191,0.34478377880821587,1.1876612493127636,0.2391358229025186,-0.3822529425870426,-0.8273599347681231,0.20812556339001825,3.4680234324889203,0.5150079883907451,1.460672929475033,-1.9017209824448422
2.2875149604322007,1.420489182748315,-2.958827010960162,-2.5981114577248388,-0.7007958403115867,-0.32989821216690624,-0.056880689628490355,-0.1964158316551673,1.7123478558105196,-0.672864215140462,-0.759998808122449,-1.9001784743364014,0.762068309437181,-1.7554450543362603,-0.877425460449544,-1.8983067865614662,-0.29424609678270075,-1.4774745633133493,1.5031875700184854,0.569246671606525,0.6954770101293055,0.9615158948843391,-0.09742365283464459,-0.17250966612730204,-1.0457382717301222,0.5109995512101227,2.1282399681308912,0.1454680393245571,1.3934412411367203,-1.884134101797438
1.8309279424671558,1.2633738419548655,-2.416932936251099,-1.9321348134543008,-1.3737162959793712,-0.4074467429022114,0.09850393595693607,-0.2345879994840363,1.8007591348369165,-0.5762081427186798,-0.6186300984028199,-2.1074769617894398,0.9270616875943476,-1.9947646591401857,-1.0243683625978561,-2.028836230883887,-0.9580902188148331,-0.6648672778980385,2.5978883801982167,-0.08487565218209242,0.20519821407723374,1.0535127631230152,-0.22163440730362516,0.618545159108466,-1.1726962654242432,0.7951860087504528,1.6779878233733858,0.019953423290385963,1.0967654901910093,-1.69772278710581
2.1227400526161624,1.0003446767369406,-2.1820421077910437,-2.4134718958660413,-1.35707664132378,-0.34899727963550964,0.12856188175999428,-0.12773971485245228,1.434304152950571,0.07895232180701639,-0.8585165443583456,-2.059937575513998,0.948116932864066,-1.9733608776786933,-0.987082443616331,-2.2796980855119284,-1.3210117393755525,-0.7374875134003518,2.6447647242984167,0.03750793172094663,-0.4932819950645564,0.4563338678690473,-0.31327081273450447,0.02276106025622647,-1.1481210581086956,0.7591438272217235,1.4332603668519897,-0.18174967980940043,1.046226620449128,-1.8525216755310097
1.9003814490740205,0.45829633679909276,-1.4223956108546,-2.432982732506128,-1.7751312397779455,-0.2994799374253543,1.3124571293875233,-0.3003448269567405,0.8994294018184489,0.1454988312622587,-0.56391221716646,-1.4011702348293236,1.1793542203397664,-1.0285608536585966,-0.6170544883126975,-2.3090195229530965,-1.3955982780500609,-0.32907277733702806,3.088671272139413,0.07751577290911715,-0.8975169490578173,0.20553318530786102,0.07700008018071425,-0.14179208756873074,-0.7461551218660198,0.44364051103544044,0.9547741145278571,-0.11421805062029669,0.8671683015452979,-2.3909343081481516
1.3740602553117294,1.0339368321289493,-0.9555262059901556,-2.46511442966238,-1.6133487324220477,0.20777376320688104,1.9986644895859162,0.09096230581054987,1.24600119082765,-0.4058069533950412,-0.31319436140905077,-1.5782675454931148,1.5004304663272472,-0.6420242741954436,-0.2344764007939943,-1.2694020407339068,-1.0932365531432986,-0.5365948750748615,2.539540000610601,-0.2593968970120183,-0.41449270655657056,-0.21940550168748385,-0.32959823595471777,0.3006243386404944,-0.3903282003856042,0.19752006004228015,0.854727207940062,0.11541365037409734,0.8922351554452517,-1.493675164280893
1.8075836814660085,1.7692830804472954,-1.3656301341566568,-2.461981678518389,-0.9402460222445282,-0.01629861959056203,1.8610924576644163,0.7502489760142727,1.6274906168758045,-0.9254682038502089,-0.12193542717616512,-1.4567871547560451,1.7802668332026215,-1.225707810006185,0.0445046320493456,-1.345251812960296,-1.0101318433068887,-2.1173560574916337,1.6903942361762327,-0.42294557091740004,0.09435009016498819,0.747922466105178,-0.4125152721177329,0.5928716494678625,0.05054661668997923,0.7028548491499167,1.526122808762575,0.05326658870678354,0.3735114526934202,0.16950995695442928
2.3257340406161724,2.0498976629539167,-1.7664197333532385,-2.181355775271671,-0.4101745199134431,-0.783235410866441,1.5505216235548627,0.40138921185668397,2.241350625953724,-2.0057616584596896,-0.10160199804229814,-1.611299318451665,1.2043807485245939,-1.788308443632725,0.24079807489941077,-1.8119475181450015,-1.2139392136430511,-2.913432546422701,1.477617911122846,0.5965911242710396,0.1131699357093448,1.2356111472752573,-0.45267870535921706,0.49735961805558415,0.018669600528909033,-0.03736799346020192,1.2695333364718104,0.13037859571320318,0.2631644644563814,0.45637387413323616
0.9494194903635875,2.5664173465602094,-1.3295976222412893,-2.0016532789886314,-1.199132304666819,-0.25311703086294524,1.0236705649037718,0.6866987881892694,2.192253050902693,-2.3428894199971855,-0.18701761866507194,-1.3292077441085124,0.3238431793459142,-1.4291551266562559,-0.27723944683553053,-1.3266843239699302,-0.8161086231455217,-2.043204184922514,1.3812163399739987,0.8425368499427324,0.6974740445533837,0.6506538978176271,-0.9736317059820467,0.36738055842509254,-0.6193592662512301,-0.3322401247266792,0.22034382468488722,-0.3852778817558246,-0.4170929385747091,-0.4015988336642583
-0.08296134234616895,2.542560391461307,-0.5195050631934063,-1.5277920699032352,-0.8637764819006071,-0.15596048628791753,1.3222540792371964,0.17693353081856458,1.3423496917255162,-1.4259036611934817,-0.03250519332614739,-1.040211502730333,0.024230500278831307,-1.5080260070793285,0.037651221707760335,-0.8066252611340303,-0.9075479925987545,-1.5397804853212906,1.4526179921441276,0.06979944306884936,0.05284163183721641,0.1526861179368817,-1.364362682106522,-0.4968356557247072,-0.20236942504947159,-0.41469875806192713,-0.16214416469217785,-0.20348117096165008,-0.5132472138097981,-0.7692138081434586
-1.1677184844346558,3.2279421349109594,-0.2395747309536002,-2.3218455854492506,-0.9144318474115617,-0.4274197039158926,1.642929716015433,0.1442821131239173,1.5076527545049805,-2.184886037920505,0.7621617400404787,-0.0696904336317547,-1.4474438730423531,-1.119603388844133,0.08466972528005823,0.5519592817691713,0.3598285125137356,-2.007991690570549,0.005948772702416172,-0.4743350348018435,1.5375506610953764,0.4831886163747454,-1.2642448928812882,-0.5424630651713055,-0.4295655432335354,-0.1811617305630052,-0.5709834575008632,0.18972300711683193,-0.6697798600355955,0.4017587505329857
-2.0639277895877237,3.471171948016868,-0.8736974191291492,-1.584903489764147,-0.4396311216611002,0.055143631854541186,1.297353338552068,0.4129379641312145,1.9655761663268625,-2.6825004490497597,0.5217343445380129,-0.370460469759965,-0.7459820365410315,-0.7851362599511575,-0.44032700138409153,0.2930170513261063,0.05160791733833364,-1.4005313019557752,-0.28245416993956013,0.319628082208668,3.13112363193982,0.3648547994784969,-2.31050797114223,-0.9763131266582976,-0.5423206535809392,-0.14260619117986909,-1.776147117935778,0.7228608292391911,0.10135781575341263,0.7221503403111278
-2.801288609776659,3.328462279260612,-1.3077564788409357,-0.08158595875734789,-0.6823119835180661,0.5290635808259851,0.7183838597439272,-0.040800915394859444,1.5948523127845617,-2.245648141221783,-0.03450498708054382,-1.1933201506464672,0.04190705189537498,-0.9209121696396195,-1.4625978372489445,-0.06362135780392851,0.16371055048768687,-1.0846795350219924,-0.5518053561822469,-0.6535889418070322,3.8369236461712686,-0.25363960115559203,-2.9726361653109548,-1.5805441000511082,-2.001909859681367,0.2724135807593884,-2.828284955401913,0.7565147029972652,0.861927443977533,1.12342003552053
-2.6293870811147952,2.9446598790867426,-0.8355231552583734,1.5963663679443112,-1.1774218843111601,1.5436409998868261,0.06491569596610358,-0.9861993837019898,1.585874769150937,-0.8845117676619925,-0.47628566264089867,-0.45967091497565626,0.5702454945605439,-1.3127194411855012,-2.1032803430432194,0.3380241225691255,0.6672164658750099,-0.865916583736919,-1.0410334071010123,-0.254252835169578,3.09971432174317,-0.649314266788113,-3.386016945526716,-2.635883979878387,-2.7658437990641485,0.5096700490234098,-2.6472094399402053,0.2792511758491141,0.7556111103624037,1.2570887383307676
-2.146513354356262,0.9551470918653735,-0.43053407759162765,3.03281059901716,-1.701342039740859,2.6156471705170774,0.22331233981012089,-1.7335093330459643,0.6125077468249138,1.006764403896173,-0.7435663198080866,0.32438882812602055,0.6695903960775045,-2.6021672268862615,-1.7936386254022083,0.5090005572881772,0.22596930238999552,-1.7069748265765894,-1.1186662374873464,-0.4447866860436803,1.9498370940228937,-0.10260943089975649,-3.103500775248726,-3.322811603683344,-2.543614195879976,0.4967515388878335,-1.2244886599222669,-0.36123957128960965,0.29317000918774216,0.13520581488614924
-1.8562190104778185,-0.7159445501192362,-0.8607742939980925,3.0677066461758065,-1.9110836452080597,2.6210047508301977,0.8989697696625966,-1.7734146469232075,-0.18947479127859734,0.9849874286265856,-1.0779980873994957,1.4921211152380276,0.6900841031983878,-2.3116286136896167,-2.047035404719118,0.587059161072509,0.13476555135990304,-2.404754325655425,-1.2932579085492155,-0.6827674614417257,1.8173921651438354,-0.009898521168615226,-2.490922209240209,-3.4892746619596364,-1.4737424498365725,0.7630490012260431,-0.03241646451399651,-1.2651172408550078,-0.08165403472322166,-1.080814143648836
-1.51871251897824,-1.5161707543359757,-1.6452088915235343,2.877705012342061,-1.6480725401589371,2.5480208278205017,0.8120161252588088,-1.5126690575391353,-0.35719614529874955,1.04695465648407,-0.4827209409218923,1.9543613282309473,0.7394698450964023,-1.984931021834827,-1.9131513856777191,0.6698573092102756,0.20821728121645433,-1.900113160679818,-1.3750199598749573,-1.0884194715726312,1.8183103264872178,0.5412098496533781,-2.0654154040791544,-3.1899516750588544,-0.7881914657801259,1.5276601018225493,0.5042017024348776,-1.1853401997646151,0.232942647723856,-1.7237115762917572
-1.7416636506487186,-1.9507936486791875,-1.6268473681616142,2.5960251427113206,-1.2836492811548363,1.6326122735218231,1.16165445833515,-1.13111064433805,-0.4181767845769834,1.0384055325571537,-0.08686796196975433,2.0491137969608015,0.38042903916159104,-1.8224464638861209,-2.090816132111593,0.8712901088084862,0.5499888176223845,-1.4016267708748154,-1.3849175094126718,-1.6026041667933695,1.7642879818350594,0.8395498734801452,-1.3590591903280114,-2.684352615964884,-0.8134951353763078,2.097381800855099,0.6083431490163356,-1.2611899785510778,0.8615339570886198,-1.788621739673371
-1.4459984329102018,-2.2309878149480613,-1.4053953048125734,2.4824325444100586,-0.8051751430331321,1.1284668431667386,1.4107353584845208,-0.5720858462246172,-0.2705999176762197,0.9410499754710784,-0.02474167257081783,2.065938965341315,0.18732301285327627,-1.9800351825041913,-2.374944251068537,1.0785428797937282,0.7330140598240477,-1.6337080595506064,-1.9771521351845844,-1.2620645538163564,1.2717682622033508,0.9099515406899603,-0.7585687609096508,-2.23934290106696,-0.5051043123203947,2.2962271615246213,0.37460423050330527,-1.3731074035472268,1.6656231851387204,-1.22765850793414
-1.6619625256924153,-2.6049343400676626,-0.8201526824157013,2.482794522505377,-0.18106169904828137,1.0031343079732296,0.9603377995794403,0.08875254859220538,-0.3025926357360498,1.4769504694562625,0.2159698225785116,2.2635886181209193,-0.04066091351133194,-1.8062093016099645,-2.3591912698948225,1.4177797003345924,0.8982274948980851,-1.8100382262709171,-2.6876462631758207,-0.717520881656291,0.47170491544537047,1.1524381395939485,0.1486613457899199,-2.3899067785093866,-0.7472031568674802,2.7829641161951684,-0.08683190958594844,-1.6078641359643702,2.0979693653227045,-1.1164590999982602
-1.282069294637568,-2.5401837958066666,-0.3699939980286431,2.369297222143657,0.7951116118053505,1.3949287524427696,0.6296515893716852,0.4541351780168552,-0.5751255757078422,2.380951406496363,0.04815378344923715,2.122447349997097,0.6099817967906735,-1.6468261939700124,-1.7979049855799,1.3192525683895089,1.3172559905056285,-1.769633674205778,-2.449689877475268,-0.6254560180988566,-0.6236962336269106,1.0886277796438095,0.5874780157384576,-2.0859849336762437,0.09325201313041953,2.9538588774802195,0.7525012523226234,-1.7687218497249961,1.9067701547724734,-1.3065124514142683
-0.831353459623998,-2.571784313310451,-0.3972554911717122,1.9938156892577013,1.1442477887514628,0.9012854758195128,0.9318270637144266,0.5906190028164442,-0.885226022007689,2.301741971456172,0.13818218059209975,1.7732173582091182,0.9882403521636353,-1.188112841445741,-1.0254886694411924,1.0151434361261582,1.359332081866968,-1.5887545841006865,-2.061506939294364,-0.48116105584060115,-1.357556962199948,1.4474586912515903,0.9575649493678682,-1.2648829536126478,0.663439268869603,2.205843698354018,1.5709003629989786,-1.5097852856137226,2.073875669826797,-1.7921503687280136
-0.6497998700811097,-1.8964508187314828,-0.7092415566085998,0.6305895781758275,0.7611476006100966,0.2998076644711175,1.1182816782144722,0.8825637733790538,-0.2828316083376685,1.1581628900208631,0.20449555816185394,0.9712363025238085,1.0712822469255778,-0.22375151360354395,-0.5888002491551253,0.41147502200506403,1.7627952014839203,-1.2904491662696682,-2.483197885743853,0.2699256403336002,-0.9671355190819295,1.1667620441972142,1.7105313996223108,-0.5273249918548134,1.1053730132086361,2.2712370493535743,1.8627057116882724,-1.3096531774905478,2.5347232515556066,-1.9791568900064482
1.4899058341055853,-1.4109917264370568,-1.3505324081779437,-0.4872955648427997,1.1232717097438003,-0.28210480911821173,0.8950881635422296,1.052685099180177,0.7192985148666942,0.536112722776124,0.29051966985261213,0.17655666953546983,0.9294011384867102,0.0455479764642128,-0.1193627391804763,0.5169626025796066,1.4660244746632898,-0.9472217180681993,-2.9528317705006453,0.4589209033171264,-0.9673315823858437,1.3463385509607637,1.8036113926426751,0.5757484172970291,1.3124525789217174,1.4572507522732496,2.1404324823772485,-0.6232407025620132,2.5828517952004213,-0.602695867132935
2.8986483089326054,-0.5630185172649159,-1.8470410274188143,-0.9834773378325208,1.3365403945836603,-0.6062700289500627,-1.110256043206185,1.4217499316798574,1.9565208974429134,-0.05351083239633414,0.45770562893940736,0.21131976244066414,0.22616809898159002,0.3010188294872951,-0.4959198792241048,0.04512425576989502,0.47180477085981704,-1.8955544121117371,-3.0746037597358487,1.638734489239503,-0.8168947022944286,2.4055690586523752,1.6518756382435622,1.4272777340983356,0.870862579062194,0.8542070641563662,1.442429673546253,0.37899131239146894,1.8779381932317336,0.8902076385547422
2.385242984261763,-0.6885387904266433,-1.7395337916817128,-1.4474992467341972,1.8733058878978992,-1.7342977014643433,-1.3829710575374194,2.0118066138383184,1.7874985057491481,-0.2822650480913056,0.08354348061054256,0.0225041240083958,-0.6396370824706825,-0.09018382688941488,-0.9551233366214962,0.16527546170151208,0.3040939697580897,-1.3500463088976904,-1.6435664723657777,2.1965271229462044,-0.47469740993064796,2.3154017360088863,1.5548901757681768,1.303095986644611,0.6847691881910524,-0.17477326793281683,0.4610738677498873,1.1278376418726594,0.9382706620056358,0.20186517417710537
0.3832566574196413,-0.5906067189541687,-1.6010582388885992,-1.6883881967231866,0.9877945550539744,-2.223973010466634,-1.5828851181436554,2.5332419563330353,1.3396637791798363,-0.2527730093650218,-0.2987279101808842,-0.33827080607368226,-2.5478150683540113,0.14016053659704364,-1.8821998492235512,0.04027190912479678,0.5369901743081973,0.53285168658442,-0.12713499739784614,1.166053284099717,0.36565213463507595,1.7166995096834097,1.1585886996325665,0.9395141972872436,0.18804575953682412,-0.3831780592255414,-1.474111147940804,1.0806165149436409,1.302397015100442,-0.4522224984727305
-0.6800809634529436,-0.31988151370048507,-0.06980508408245081,-0.9929445165921009,0.6954313521955737,-1.4099131938396483,-0.8549289483431198,1.7260431804037508,1.0179791784215761,1.100920368011334,-0.5732418378190247,-0.6887085267732097,-3.1675621961957705,0.08834779747681398,-1.5803268346919501,-0.5466547887844401,0.24592862425953999,2.171464720421887,0.990802277146062,-0.21860811957019266,-0.30439882069764035,0.34031092910911354,1.7770493956638127,1.146781943165877,-0.08580970969764601,0.46401525434841556,-2.652404745415513,1.8689940552041078,1.8686617410766804,-0.7063434402547478
-0.10786277467369643,-0.5738437990482289,0.27270114986024063,-0.9942987974717259,1.162335414378775,-0.994099739787471,0.7821438836215409,1.1119877563171792,0.29233446105977323,2.5863804951669427,-1.632378332904123,-1.2080685688020112,-2.4471849341782086,0.487730990026638,-0.8909832865209992,-1.0356866896359265,0.11486027680190358,1.5028473196111676,0.9765078781009726,0.12217757016411768,-1.06177880822059,-0.1779527741610507,1.6582757217130872,0.9243050518519936,0.5740464485760657,-0.47622687527942775,-2.3853411973618197,1.6413847961140882,1.8630551023040947,-0.01468666781546979
0.42047578406069147,-0.5931638744369948,0.8834261266993126,-1.0027830621591638,1.160885384224795,-0.7947902405054346,1.459156086419793,1.0688089225806665,-0.11395197337646867,2.899613575516317,-2.1362100576193868,-0.9254308665770697,-2.1021829479440637,0.5856541019431261,-0.2510371237676766,-0.7582548973084097,-0.10953345203325734,0.9060855138643064,1.1144046737278326,0.685536813152382,-1.6960483966371616,-0.808326005062947,1.6485658148340914,0.712513612288036,1.1312659773110436,-0.8318351516792034,-2.2882900710028373,1.6663511289941808,1.4123078840844752,0.17175037193925102
0.8681665317014909,-0.6046590844984524,0.9078110119226137,-1.38883859776961,0.6968766587718185,-0.22694077068349447,1.2291427756938746,1.0472800753580498,-0.18016059874209878,3.338610902325545,-2.1123950704700802,-0.5232866662616726,-1.8222338679280174,1.357030033197246,0.34303025405793297,-0.7519186815287726,-0.1144094665273967,0.8670921361083226,1.01956426492317,0.6004069562950535,-2.512081932202289,-1.290639559698365,1.647704358661355,0.02539478290056657,1.3305884636072864,-1.0356460154561284,-2.664463507911439,1.6403014649942418,0.5089554013589164,0.2910762821925561
0.6393539216214884,-0.3319023387329989,1.1123084953133937,-1.6157965996885657,1.1858068557196646,-0.17646387312483727,1.683832485166505,0.709043020555524,-0.16898315748217985,3.062605543839433,-1.9164038319704915,-0.468345050519117,-1.2643004266741051,1.6333923534584764,0.8262813641512561,-0.9248308341067405,-0.08512225228186374,0.3151175703872728,0.8294023483460045,0.8346751291436011,-2.1786769167933486,-1.4015813855019712,1.7224479086183349,0.6178260661573886,1.7537636835811132,-1.4703780881224484,-2.035401972284834,1.4974821219112657,0.3308191325007166,-0.04086399838781141
0.6986024062231352,0.294792963037776,0.8254829052022011,-2.15381655393926,1.8058097158008162,-0.843662599995421,2.033563690124644,0.7866335401968836,-0.33353274385426945,2.416539946884822,-1.5474058986640904,-0.5657168890601958,-0.9834310440540501,1.79232175377487,0.8815864897454802,-0.9974924373555596,0.25101742576467434,0.30614337475805464,0.8400130395154972,0.5371563017945384,-1.9015317898060173,-1.7592633730497877,1.0449157618137948,0.9543689516693914,1.89042161063516,-1.313598903275138,-2.0328003144956783,1.0620762363412934,0.47195258669941176,0.08183355917196422
0.4155179072369176,0.750490498218336,0.8293335442109594,-2.498502236021739,1.624974703483048,-0.9386615493329081,2.1333369483364693,0.7086779571776517,-0.19165410870959088,1.0260059258962504,-1.0733947262225434,-0.5634102121586619,-0.3471977033465291,2.1803906738889687,0.7705576721824209,-0.5745660048676329,-0.0276394705846294,0.3445391229433143,0.14699590779345814,0.47903577996454344,-1.6277171689821015,-1.833600673853217,0.5856600696598999,0.8578391938725284,1.5109761567326472,-1.1752145530364637,-2.822979670812991,1.0086005152998552,0.8117625709303383,0.567644548802281
0.6453878419543296,1.396397789567618,0.6543580478826468,-2.315655980745675,1.8019451005054672,-0.5789310276248136,1.4885251279190437,1.0225563896030843,0.8412086538476515,0.5897299094512926,-0.4807157458243432,-0.4808478702636251,0.17311502519217575,1.9058005282172583,0.9534764108718039,0.07474364427380593,-0.21532767419862814,-0.1119467860097432,-0.4937149430254801,0.8264242116710434,-1.1242208437649137,-2.0384695883982467,-0.4808223583063458,0.5610182134295516,1.4949545994484839,-1.029537667051518,-3.0275985595735264,0.856206105821333,1.3203325661620908,1.8829229234609723
0.7380948604821556,1.7922592489361462,0.23927727684886724,-2.139994359239672,1.5875637425272195,-1.0161461499833895,1.0976305154286523,1.4127920485263112,0.9735166323585744,-0.48927709250470003,-0.1784008241402214,0.0423987479678658,0.5096382001389188,1.5187211936580547,0.2962361036907587,0.19851280135749266,0.08306703987426038,-1.0834336570272174,-1.2913902063665552,1.1348276088596414,-0.3766223470769662,-1.1988845811075122,-0.956397961688682,0.10485049337352431,0.6351097021142114,-1.3065022866357938,-3.3621254040845754,0.298516023205733,0.8396170926917671,1.9878789319297447
-0.25966757480230634,0.8131827133570613,0.6828854090394932,-1.427724089691327,0.30504311794929945,-0.2958146058626554,-0.1821889500631051,1.1543993302579927,1.1362051122146266,0.007666457758739587,-0.32308643187391306,-0.09805382270060628,0.09960703847393161,0.7216437090970733,-0.7845574221286042,0.46032571473872413,-0.15181576993859042,0.015191973775156242,-1.2258903881424836,1.0599301509827548,-0.39717284602355185,-1.016005850313022,-0.9048211323025444,-1.221865405343443,-0.6055611796403857,-0.970907299354118,-3.9886778687347357,-0.06489833900433467,0.9851359425505458,1.1133276184755323
-0.49224118012950696,0.016284976039499716,0.8428919092348021,-0.4901810566156849,-0.4649807761533438,0.47655605927937505,-0.4000912341065622,1.0017999706106693,0.6243543842444,0.5306440325300623,0.10168133203622343,0.4216974420202976,-0.4207255828514998,0.5622581856149534,-1.1752222059916337,1.0159644976765037,0.29381031865131146,-0.05310299868109292,-1.0637400504999874,0.32295239323049024,-0.4980770426247635,-0.34919080511033984,-0.31284929557559227,-1.751811828557242,-1.1552531952357543,-0.11362723188047211,-3.623550055194279,-0.47576513828120803,0.8172635335771511,1.011861249641215
-0.02714270520580654,-0.5120168331865343,0.9007915145057157,-0.16947075996336022,-0.0780137401741289,1.4117920657267604,-0.023616686903549844,1.0449837398785382,-0.18811073031291647,1.4545078905576452,-0.23711940728508807,0.2709982520644182,-0.006333819313247939,-0.1295827702512033,-1.2871796228976513,0.9558497418440173,0.22343314024156072,-0.832758800784721,-0.7454317181331451,-0.05565889141848251,-1.0007871666989874,0.16760818662840177,-0.13049390473945263,-1.4705887035424428,-0.41665393000811857,-0.24812455972511727,-1.6597949812460813,-0.35800408541152506,1.236853937333221,0.21585357037885206
0.6814019794575992,-0.8063753299204532,0.06746512932908227,-1.0624088103791411,-0.25044890252448454,1.529503440292387,0.23331615579321283,1.2767509960823307,-0.10551843880723927,0.8269806352955511,-0.21201512005629947,0.9767042424085646,0.6243395653312416,0.20776995145376137,-1.6230152655288979,0.839374858739559,0.22446963516363644,-2.113163616027028,-1.008425788445176,-0.22638300153244037,-0.6384071214979107,0.6722361375573079,0.5434227320915397,-1.743782073181517,0.12662589017002446,0.2523665989760181,-0.4564553197167233,-0.336198093365654,1.2086871275249542,0.11341484455900941
0.7840605955929429,-0.6544235109493873,-0.036632168127079534,-1.8051396416389542,-0.16730140589815007,0.7544241640950249,0.14495479584986037,1.4595663164556385,0.25625128734087643,0.6534286603695292,1.005404465853157,1.132626328226142,0.6586973603144782,0.305816120750518,-1.9722473215972995,0.6956012326396181,0.7998632581982761,-1.645285084511118,-0.5254917429136391,0.12856469719708952,-0.6760569286531851,1.0478207718355002,0.8254678121609877,-1.7090148331642865,-0.7292643073583404,1.1568977577879853,-0.5138523782896998,-0.18489654398240649,1.5309956131036235,0.23391629200631583
0.4834588269842852,-0.9270087590153719,-0.23150025380797926,-1.3900325887756326,0.1396669922966713,0.596025839392417,0.18615428964779196,1.6892310058638125,0.11234218548014369,1.5380570137034888,0.30013636273471783,0.7913014697206556,1.1067926936850263,0.19675616219429515,-2.276780531106769,0.7241539713033699,0.4234315394543419,-1.296788840638716,-0.6135975586299276,0.43055538345428734,-1.2556073926441906,0.718273196585548,0.598462033627677,-1.0766905616451297,-0.6253339303437919,0.407582837662985,0.24403508806897795,-0.5640087038913777,1.6771599321396826,-0.33442837519137375
0.6228469518513526,-1.486049955327903,-0.569804615636613,-0.9711891474180265,0.2950443259344825,0.809126970735756,-0.07436451400260852,1.0707233315915423,0.5278833050132764,1.5382455340071195,0.5425419226273116,0.553932437029945,1.3494532837260451,0.09350081171610738,-1.4509283051572663,1.1408879043131024,0.17748767952900013,-0.6827736512236797,-0.7541337734153337,0.41051702744373025,-1.0771948765748502,0.9883122540586662,0.5418521395891673,-0.3593306572228284,-0.17119345114918405,0.8753369045871466,0.2056767066684937,-0.5327120339550279,2.1868765579441067,-0.37767377754727155
1.376906782187864,-1.5661022337430908,-0.6449201034312636,-1.016092685248229,1.024269794222789,0.3777777631763658,0.04856582829428091,0.9619292493400048,0.41615191469301205,1.399680399277577,0.14536455857350197,0.4482830020783404,1.703382226969918,-0.3164668133179751,-1.0057833488227819,0.779889638553749,-0.40213599564787966,-0.8651193869756152,-0.9122629191856778,0.7960267397724214,-1.3168586378494533,0.8414927967970343,0.4592596075888258,-0.04820957835026063,0.36865579316798985,0.5664731610887113,1.2487480554767483,0.12784662712666933,1.8765851621945089,-0.13388826687318606
