-0.21391181516816846,0.3492160312185001,0.713186949575943,0.05138404159569018,-0.044361025131217785,0.5046528927880753,0.25112618445526863,0.009710868899759903,-0.41305083691888456,-0.2479272556548523,-0.31124571165158693,0.5150274458265682,0.47465487585993554,0.383434652449277,0.11274064085660798,-0.2150833980440279,0.27581395504326145,-0.45947289373365297,-0.07560924307162116,0.5709459639754484,0.033759990575542395,0.5386184634489379,-0.05010404607705968,0.5653060287968349,-0.8077333839034956
-0.25304237404501717,-0.2955589700109501,0.7084737175566402,0.009303993140671884,-0.4290124667921864,0.3391826084531639,0.2930833845383244,0.02732215535831046,-0.24973015974389157,-0.3751145448452895,-1.0205876108059162,-0.3068961096117927,0.5770526429684395,0.20299668632574175,-0.4220839933757285,0.9115706850262277,0.3096439950097014,-0.1608188895467894,-0.26086737307918856,1.4383108166507848,0.1955008886435425,0.557436951849132,0.06548620556535517,0.12617764683353044,-0.42899963979871747
0.0948482458138045,-0.32287348361070933,0.9735182573306455,-0.5806537072547995,-0.20368878783774863,0.5069340103268244,-0.039668613870104646,-0.42415061589777836,-0.46055356723217067,-0.718564664145666,-0.5491189275553106,0.4053477276878189,0.6738503850482935,0.7145004577316989,0.5659649155400455,1.3431922994743446,0.1859066291053943,0.015875793906014665,-0.18553298507774932,1.5866411163679985,0.29791148885260327,0.7368655820429524,-0.29317296535688886,-0.17232428841522354,-0.5124207318099498
-0.16948708286443592,-0.5209747207082696,0.3464598045452112,-0.5240716115315953,-0.10162432268260868,0.010499361445153461,-0.07495410277717351,-0.3612410009229938,-0.2146429714426253,-0.3399544971556999,-0.49101562768654816,-0.15154610213260228,0.4918654679676677,0.011149566069231537,0.1098172445154877,1.6968669151597267,0.8372215019340881,-0.15017296650687742,0.26221748255806404,1.196684477021904,0.9886000885396723,0.7410215285305874,-0.21074143933658473,0.2378766778291321,-0.08306259215820175
-0.5270457399447944,-0.46612437389673367,0.6147487765628588,-0.5951352151093867,-0.07583287885715947,-0.14475369689604597,-0.2732320270915968,-0.11221545502851443,-0.4205198972190346,-0.8595713716867879,-0.02604998821077234,-0.20836351291779695,-0.0689432200003608,0.6607160704535422,0.43553144273438593,1.0785275614950898,0.5059394220578308,-0.2484950973554776,0.023137704580790265,1.473931267456204,0.7671064580892965,0.3724531888006642,-0.5913577768435501,0.07738295363819499,-0.2900302235158798
-0.5372303417479011,-0.6469555126611871,0.3708737831109522,-0.26181422053185804,-0.018968859187175058,-0.04809084814264153,0.6097871978715304,-0.3943310061237734,-0.26236846199278047,-0.4675745280052762,-0.8711423395943876,-0.5055376127761494,0.6112291450406819,0.6872657052170238,0.5304129306853287,1.463674753213483,-0.3378035543819949,-0.5228605883142345,0.07962522761547906,1.8776222365413464,0.7334806867047635,0.9664843353161857,-0.59310779744132,-0.13632051834658326,-0.4118482408332157
-0.3319357002558778,-0.5520170146666576,0.3087483694849873,-0.28938608521828335,-0.1987889513967029,-0.10770124544106008,0.1412494349096788,-0.3096761545092851,-0.06503418154570244,-0.10970426749334102,0.2086351725170814,-0.09013429557646888,0.4464786475428556,0.9194088517761314,0.16893437309612913,1.8723456581225624,0.2526023216043003,-0.3547919441083281,0.4347906276672143,1.671801920868636,0.4129735779198953,0.8119046782289038,-0.32144076918275216,-0.4371934322566714,-0.5211034207924741
-0.46434938038566503,0.0580075224448251,0.4458579327091369,-0.6514430886763334,-0.1476885431898545,0.11524140854390558,0.13917017889659253,-0.23683824074012863,-0.5915835444701161,0.11743847949701408,0.08455061361035085,-0.2469746550923784,0.03435373235039289,0.812369833107664,0.29215996101217534,1.6154000674440003,0.39187566522180967,-0.3095573610228315,0.2132989955168227,1.4674104192068722,0.6124612695981211,0.7575828502460817,-0.8896117497826319,-0.8559959899376517,-0.6139968316377402
-0.3423554784467613,-0.044045351551230696,0.028078171948141578,-1.0078487028196828,-0.078123082218337,0.8212636219160392,0.3399532248745071,-0.5523968071910929,-1.106869533199069,0.5678907101480392,-0.3863558464524015,-0.42866818040608445,0.08134385486212103,0.6854725211258057,0.43502967761075906,1.186300435944382,0.03379493823017864,-0.3937482039459643,-0.2580705222150784,1.7231920385173884,0.58717167621968,1.1036393760703846,-1.3086777668810146,-0.4918995560967301,-0.7867801567491839
-0.11831263217395654,-0.40044622218781456,-0.2576665915325518,-0.9352937838623604,-0.43227882233314574,0.24798294487134814,-0.21242002145378341,-0.43527191301121426,-0.6249407457000941,0.4402322858585666,-0.5269158417554806,-0.5743233828493814,-0.47737614405835976,0.9525658564078756,-0.1999225349875982,1.8062267586673908,0.09722291260277947,-0.26466854464856243,-0.3171441426653993,1.4524732033011403,0.2221844962126342,1.2572956918510023,-0.9573308573042317,-0.6670039880049649,-0.8307777470334674
-0.4891806905276644,-0.29524024740742877,0.04441196128491806,-1.1418510439611478,-0.4551428954380611,0.41253400787597383,0.4039219422534334,-0.943400011527802,-0.7571698714469174,0.3681387689671989,-1.0514690115014198,-0.9615973684361049,0.35823501977188016,0.17693086219606624,-0.8279126957586029,1.6820217290803814,0.08821578424158628,-0.639664581863061,-0.4433089126964164,2.1206948878853686,0.09538208730843431,0.8464239223649581,-0.3799821761364525,-0.6809593024048336,-0.40017827793413796
-0.46250380341286335,0.034667887805661546,0.19395787707737433,-1.2007811544464613,-0.24687120844006044,0.6648638529283226,0.30034867660489445,-0.6941842785653194,-1.0869675256830948,0.41299250388101866,-0.47942588190411867,-0.3099595450087745,0.04142207716975144,0.4927209864594415,-0.8112897233478703,1.4505647865964253,0.25147310961161323,-0.021317129928210526,-0.27103903495849857,1.360170805263217,0.4425553316293005,1.0062654150156314,-0.7336950558871895,-0.6663335747967263,-0.6550128583448949
-0.4394050572118678,-0.26146286025518234,0.12634326266930201,-1.0368629101222426,-0.13013346382822244,0.40099030503940003,0.4592371265989029,-0.6056672710438212,-1.2862564568200174,0.582367916248244,-0.6850039563798752,-0.4174020467118712,-0.14903508818776395,0.9708301078830488,-0.17093202549620148,1.5926174224764182,0.20084297981519922,0.2043189668158008,-0.6308097714900748,1.1709261533631494,0.49482446784646483,1.2675782007037943,-1.3427648339271359,-0.7107632492805798,-0.9359830191358158
-0.23458246917154724,-0.14772152039351355,-0.36575520062625544,-1.6377715884897575,-0.16451491388467648,0.3444380546415104,0.1901766494860869,-0.644037936814317,-1.22696031059399,0.8417163522397566,-0.8010301592464291,-0.19565741955450738,-0.22443615265137315,0.7914169911523252,-0.020286502111567812,1.946678020384718,0.15091487623837166,0.039856579818920296,-0.8121742467801009,1.2704993639665483,0.31820703303532594,1.356132379999695,-1.158782322064218,-0.6453097273341247,-0.5750980452313372
-0.3003709157169309,-0.6098535972206582,0.2817225535239426,-0.8266342344087256,0.12837012656890584,0.2758865443265085,0.13484525029029631,-0.457754084364809,-1.0321077444235194,0.4838988764317116,-0.45435613611250175,-0.5928152361070642,-0.28827653127320807,0.48860091815980733,-0.1728222357876143,2.3447901822514474,0.16015535313056203,0.31904028529718337,-1.1776381786999814,0.7233668885264639,0.26371467381147035,1.7340817103135926,-1.3888030606622201,-0.8137243909904465,-0.845421773937729
-0.12633034667210336,-0.22369235155997008,0.43455825848612534,-1.3529016872845736,0.3153383880107006,0.5385415236321901,0.3344584496549032,-0.18742351470314433,-0.7064934347815877,0.8364801374351046,-0.8280124656436969,-0.42260859279945673,0.02418189346208005,0.21079556119469905,0.020170997638274624,1.8305113172899925,0.15621161775883924,0.20394941626584548,-0.6833878188349891,1.5119078561815396,0.5141460375273622,1.4208552589685084,-1.1295597763414011,-0.3183833408123553,-0.3779778769484077
-0.21300862374541513,-0.576282302618521,0.6074751724983726,-0.9193308959593269,0.8611406932278843,0.8868284156455197,-0.400401566436438,0.2692180453995613,-0.5865334606182941,0.21279158137412527,-0.20413130266083684,0.05568527402648878,-0.17181803522957328,0.21476815027454993,-0.2912659640741728,1.8054819003286913,0.19053958522082048,0.46268072048930764,-0.7211583623200033,1.3371046012676517,0.25939814515909954,1.741212620366981,-1.2626375046803633,-0.42943032445944285,-0.3442694387705107
0.4637838435387694,-0.7824658038118677,0.658570666286823,-0.9189409929024802,1.3700997373012258,0.8586357777010384,-1.1546133089437574,0.28503172274626215,0.2510487282172957,-0.40020254022011925,-0.7170937683155376,-0.08244757873704478,-0.10802200483159458,-0.06412197552925969,-0.3533204827764679,1.0511250525271334,0.4150963043008451,0.09262332507830401,-0.320780283158841,1.75887689123344,-0.45187179695147695,1.4999759850326988,-0.96396461393667,0.0746366364267371,-0.2981581136859144
0.39778483584192226,-2.046557477393092,0.43635422160475457,-0.4060003093959349,2.562856312530941,0.5741906515421508,-1.3407921614827758,-0.713335926936699,1.370045949660612,-1.068435328067994,-0.7970418415465439,-0.5318136285344253,0.6882809995460548,0.05062334329390075,-0.2570222288303099,0.8318738766701455,-0.08533834857236583,0.19746270158276336,-0.05316772553679003,1.4724799628104708,-0.7673724520244114,0.992265070329348,-0.5874180185047574,0.5465158401511525,-0.25291869476497786
0.19227991759566584,-2.0950407024502624,0.8463180937116292,-0.19407691289938755,2.684456354202138,-0.5332547245583661,-0.9543096748553292,-0.711591643085597,1.6799847358675775,-1.0881583522632168,-0.041116261289635525,-1.25769438160182,1.2678794060743437,-0.2918815763443456,-0.34139991691343563,-0.6418726248480219,0.06921401656876727,-0.2976006313441067,0.30624109959106954,0.821371677722336,-0.8882844097782954,-0.3221931502558195,0.01593052799632738,0.8780595131214242,-0.1318099444379226
0.3043414198576891,-1.0517911990030315,0.15073279254664518,0.264854282854609,0.9303743003888323,-1.4718511102697633,-0.38246604423514774,-0.49801180034024767,0.7126253028890066,-1.050269184387269,0.35403045700886004,-1.167072785601283,1.4553565873649195,-0.2277192943682269,-0.3320131339531148,-0.5104311966305197,0.09127692037761218,-0.504173720752319,1.196602826450197,0.3012805866696246,0.091397074606213,-1.304788159668347,0.22085842329911506,0.8046238947583702,0.36758176961086253
-0.15259341281976296,-0.8169470511119796,0.41501551753838295,0.3737163704707052,-0.03976523769043501,-0.9903121406736969,0.11826491046627623,-0.0062951765129572665,0.2649051814860765,-0.35782670164003477,0.06366236040540695,-1.09395036980459,0.8741204871155125,0.1868693928840735,-0.009853013391176418,-0.2721689666350573,-0.19109505609333435,-0.7355223508442987,1.009416532262472,0.7565884464129208,0.6847209724375769,-1.0533122732447677,0.6303610702732763,0.40220700405203624,-0.30303543441226893
-0.150602494917854,-0.41852511876818915,0.20748868341258653,0.5104538544561898,-0.4142867389820345,-0.9724796004305063,0.5294793523635191,0.1238733286886828,-0.30827857139909504,-0.5684520156194783,-0.0011928322575135014,-1.087352902449565,1.260819304449151,0.6639468555661275,0.46909580112123306,0.4350515513474349,-0.07804062180044664,-0.847288354929126,0.7598966764668438,1.2749868093609291,1.0184213674487963,-0.4361967476893793,0.6288527704929113,0.4531107294120498,-0.34246415836999144
-0.12737983156912625,-0.3832959229438071,0.35951409977580673,1.0149220368497305,-0.8184866098140909,-0.4366415717783486,0.7547371401134659,-0.06864507293671242,-0.51404241467698,-0.5030194968766422,-0.1866541743956029,-0.7798852345095093,1.2606954649072275,0.8401312328113228,0.9475781873463094,0.5485385230424644,0.20558365122095434,-1.0392169050319553,1.000108967859327,1.8457647356564153,1.3434263564978408,0.4108551016094324,0.2545360665087008,0.6494409007907199,-0.954000120064987
-0.6808969150308941,0.2037900476292481,0.21363397560170222,0.8615601992011814,-1.3716562674325208,-0.35563198758608267,0.3827653670219946,0.6928119527573556,-0.22135323382160663,-0.630000884796777,0.39409311133026714,-0.1949002299257287,0.6813261910702899,0.5296425062309158,0.3272927754235682,1.4750662969523427,0.3543719288647052,-0.9798957607973428,1.2324493928858677,2.125540986632952,1.3720677782357613,0.584577794930749,0.4516176171723304,0.2576209237164224,-0.9381004894064026
-1.1383842580357046,0.43453192482003766,0.4385302582984883,0.30696079582442626,-1.2726571456829805,0.1240655045670883,0.6966613654826774,0.8399964930716792,-0.09580224379846466,-0.3474770679621186,-0.11260394684035956,-0.17011839920559343,0.659481843343181,0.4717470430557183,0.24587721362716375,1.9328888563926354,0.6550723521088169,-1.0248320365909498,1.1037010725427898,2.7738543336842856,1.6449982584973117,0.6256685359257526,-0.06215905809014266,0.13992839503271337,-0.66297435897386
-0.6826259827623404,0.49577582732663816,0.16125766818109005,-0.10098724340921433,-1.177007890106616,0.36549978977741404,0.26434406013698497,1.1656183024522406,-0.7282458533121012,-0.4936647753575785,0.035731699044528865,0.12347294200741199,0.8243454530640791,0.9496957084922037,1.4545891537756659,1.874698336050074,1.1267386515915896,-0.30837956755583396,0.7832168126881108,2.707578624056471,1.3771494682445495,1.0878511056339288,-0.6824307377407679,0.31864023137373154,-0.6678198970788316
-0.9700566424394472,-0.1200285778984419,-0.02972367212617169,-0.5837958470110958,-1.0790660419054687,0.5155386567975692,-0.14668599674993074,1.109338981363776,-0.48880751913608683,-0.3867781167997427,-0.15934804087783144,-0.07203386132874079,0.4682521287884412,0.3324154532237247,0.4310526039972732,2.4022980962683635,0.8372237212118734,-0.29282660854668113,0.37290114370274663,2.5665571860547867,1.3196197604933233,0.9324778033712475,-0.5094147511026259,-0.006732187703624562,-0.5741201377246601
-0.5126535682336213,-0.33948555886480064,0.24314704494328976,-0.717094229675669,-0.2902320728389406,0.6789928772470585,-0.7720734338838913,0.7312262755931778,-0.3791674173509993,-1.0792135248452048,-0.8386366771287193,-0.46088675935397727,0.5771013492555475,0.37526812540294424,0.31280226416596324,2.0070611514010652,0.44923924209282906,-0.3234781904337486,-0.3229932887117474,2.267915019767175,1.1064373485233596,1.1431033260327383,-0.4349251442788612,0.001624836044654035,-0.7464329515589232
0.41951880431298133,-1.7338570003510292,0.20275941245218698,-0.7896941143842642,0.22705545134882654,0.845140561773321,-1.5041989326487448,0.5672593056163521,-0.3875104015470656,-2.2831060110628085,-1.1861925356148721,-0.7394669078930367,0.06908081565942842,-0.05071731864468759,-0.40695768748385847,1.6020460061191124,-0.1391432869054259,-0.519730921289631,0.09768648778805081,1.9715147734625549,0.05773864393619815,0.8667778012782621,0.0877492055974691,1.0006896970699977,-0.17877862632269131
0.6550495782874899,-2.7054502498859785,0.692530859535992,-0.10654566744674047,0.6543943997652197,0.22252265056400655,-1.2348713616088445,-0.4751240552770511,1.7207890975733753,-2.689822335862303,-1.0563473582870817,-0.8919681580919115,0.6766668626195096,-0.5135242072753198,-0.2150487814204164,1.514382063098328,-0.14379178616212568,-0.9696888221081544,0.4495380325729856,2.3936641369144156,0.18108222828405754,0.4894094540346007,0.6116727823082945,1.111055380635235,-1.0000523851457528
0.7026832365770097,-1.6986546347660394,1.0785273478471735,0.4152882048971467,0.7828591836385875,-0.5705472852731179,-0.8749328382855325,-1.3949385507355867,1.3864633432637585,-2.855342267037822,-0.4234084392685177,-0.8157836004350396,1.4799412688179454,-0.6125873422230498,0.1484508592462275,1.3536999017003684,0.1912703110757996,-1.2992262873857776,0.9619262269238966,2.153560599492036,0.4461235911926842,-0.6190686387158837,1.1727397832789783,1.4709606600533025,0.25933198254603346
-0.23270652935077668,-1.9286586474397596,0.7248017327980385,0.9720508878465214,0.178838684968098,-0.786219256174323,-0.43677904167375303,-0.9409669364697104,1.8548665118672416,-2.045762752496989,-0.18911033814693684,-0.732164296069799,1.3656940280775383,-0.33392039411412855,0.7874570654161153,0.4175340810343892,0.27125823623320067,-0.8947215717292694,1.4213445119730514,1.3078155671991052,1.2784842149518225,-0.5064809321013463,0.7170374644293798,1.6970696407097217,-0.15549118503439974
-0.29859807603091604,-1.0672342027279194,0.7645542116474977,1.1957898356789471,-0.0627863827847352,-1.5818730136320485,-0.31882496638242863,-1.1197432326181185,1.9919149998900385,-1.3739189858123524,0.34613092162091535,-0.5515445995713119,1.4155223214793264,-0.2819812863484247,1.3417300024678447,0.9122468778146652,0.6224388363141633,-0.4740718825900364,1.1749795888764294,0.30587675136528913,0.8945881197243928,-0.7981079453997915,0.6141662736825753,0.4283071562370165,-0.004960079745254281
-0.4807132246417597,-0.5094472195670915,0.6753568027308651,0.5223539543686129,0.30507061477480624,-1.3147885184020338,0.2622117419346421,-0.513191544889941,0.9506832288353262,0.029870494084849555,0.40095825858755835,-0.20698375820158946,1.448016951325369,-0.22930775513877508,0.9370546708565999,0.06253337082286675,0.25696031202203645,0.09683548984830051,1.2835427265941264,0.3629727929323686,0.9658630236355921,-0.9315240907625858,0.693257269954199,0.22650340527013058,1.186867915580959
-0.5528609698575552,0.16951112530862233,0.34030680173014594,0.41295732264907176,0.2519207877284039,-0.777500820978094,0.3496602861691145,-0.3522559434548998,-0.2428517646360065,0.6202790305709602,-0.38447999942495564,0.11988248364550483,0.7375874285422286,-0.3910580035681952,0.6361367176387682,-0.5337837829800129,0.6279501597804016,0.2622446435373112,0.42698257731213285,0.3067765425338919,0.673567740268601,-0.8963375014646993,0.09283962796701699,0.00498658997791207,1.3285070685288463
-0.40022185775867475,0.4050733637241308,0.3450897753607335,-0.3501633013670532,0.171309894880353,0.22624410119277769,0.2999498142052521,-0.33395037179043596,-0.28195400449752006,0.46355979081218185,-0.9687635696731413,0.7710924663048611,0.9599361385777152,0.20173310622523954,-0.07184776305522737,-0.5565993745067074,0.28967328379945045,1.0005424268236576,-0.3332505582043017,0.5477002554162539,-0.1794836361733735,0.1657599106973356,-0.4145592871785937,-0.045974712970230314,0.5424302687664908
-0.2513246681288395,-0.2772042759364978,0.6018387953854314,-0.3237302686375802,0.37737357278235406,0.45900570452134615,-0.13624918076145498,-0.25862185335920446,0.42071870838223857,0.2707206353404236,-0.9720280174662683,0.8360218187994053,0.4325558711913069,0.36346865735126654,-0.7577832395457907,-0.4110716247953147,0.5933254986555014,1.192261359859313,-0.1194698915997616,0.2088039446605115,-0.931479813564993,0.803153215757821,-0.30289309743814274,-0.27310607662096276,0.505574904488711
-0.6149184201047107,-1.039571226988006,0.355636745720293,-0.7151653850904971,0.9363957724992419,-0.14120498229571377,0.6453917893308306,-0.5276637810798572,0.730631464917167,0.0841628991560707,-0.7615032181018955,0.5588589702896238,1.352061169065716,-0.2879527122926736,-0.9472440338216669,-0.2240825297051842,0.2251417299822816,1.034528371531916,-0.5458929144376777,0.37869863377169566,-0.8785298606766663,0.8231333355106938,-0.3467890187676902,-0.14845769589577762,0.9534758008859838
0.0900242399430818,-0.5929217409701762,0.2215146339655182,-0.45408461378903614,0.5007752299144554,-0.7626600616888141,0.47799185415512,-0.5214044650822655,-0.03767662241666633,0.6074911554261521,-1.0761388814405428,0.2056154491944185,1.0635605579857885,-0.032344037125988476,-0.13886665010179272,-0.4362419722422441,0.9486290819504326,0.8228320108000813,-0.08952126423218515,0.3348556846856187,-0.16444086286586082,0.3397334964127052,-0.8819820885283526,-0.30549354743766055,1.0465117701886355
-0.1933489610556004,0.07996825682203189,0.033874048577662144,-0.7334238396956746,-0.11520621262098907,-0.4720324466919219,-0.10096930641316114,-0.7708135318626861,-0.7123820883228074,0.14304103375923602,-0.731437306767265,0.41438969811744897,0.5747085852475367,-0.105550477084907,-0.842542253135832,-0.3986452930748661,1.0049431669313504,1.0948826576853734,-0.21170786768122196,0.1343081936990596,0.009185607889210079,0.029833810915606065,-0.9004393551669074,-0.5925400295186999,0.5385317033544779
-0.1303012804640057,0.10060093609755018,-0.02905892365538444,-0.9250930253743365,-0.27121731073706934,0.38957544042541303,0.06932633573669417,-0.8716328714356367,-0.6145033817017754,0.5078430939344223,-1.4741777586174087,0.06005073282954641,0.4603032182644124,0.08720400758950773,-0.7447707184054891,-0.323096664808451,-0.022705889523569278,0.889884530115232,-0.6067080451279113,0.7855849790965456,-0.17682319994809137,0.0060382596086332035,-0.4220014460204739,-0.4444698617139223,-0.056373125745549924
0.67812380469538,0.2532044776561684,0.29083979124880666,-0.42806893245141286,0.4943879942073213,0.7998702138474293,0.15888005669360786,-1.192974907914618,-0.5542828923538385,0.25504430779653353,-1.513762293046573,-0.04944895451567852,0.13061274288750957,0.07549468944812804,-1.5294382007193466,0.4699088443218937,0.4150170488338618,-0.04261276860460089,-0.8046025310625103,0.6144623343328427,-0.2503386399152988,0.28107903382983074,0.012624745414572383,0.10420099967570462,-0.15884246272862426
0.26212674988788515,-0.7268291972659332,-0.18113597275677573,-0.6331249449062982,-0.36602088247796005,0.6041816213689127,-0.3152944612264423,-1.320909790374116,-0.551493018996138,0.09249015798933374,-0.569169585323647,-0.19434935689728855,0.012998089311200917,0.2996295473737833,-1.2493162989842128,0.8225110416059269,-0.4830488752712382,0.27896222282554617,-0.27906935124589827,0.790726802306543,-0.09905242091643854,0.529357828044639,-0.17413645230557123,-0.13533831118517753,-0.4929359590403446
0.039971820423994886,-0.4873583939061299,0.19007889695051788,-1.0627007015374001,-0.49927251265417166,0.13249686020212564,0.14473112640249675,-0.7805074178657874,-1.0178227108812763,0.10917217912502032,-0.8207049165275643,-0.5698544258309468,-0.5884428252280283,0.7157689755906996,-0.6281210744630574,1.1538897361260885,-0.1849116069516626,-0.03133837996649752,-0.4559453103433757,0.7259810624271635,0.11959891446754067,0.716706810882785,-0.7321400014384595,-0.4845103923438577,-0.8085239986875523
0.37706333010603577,0.1674877255069252,0.0003141518988992176,-1.5643149225618045,-0.5309935476167419,-0.037152343361625234,0.20476726122649544,-0.9087013634239346,-1.2612403149698481,0.3041905318471963,-0.37885970978639005,-0.017718200121621744,-1.1343678577570455,0.6020757301993904,-0.2668552096486402,1.7231086844855497,-0.24283779890687032,0.24340702058308938,-0.30543899180552525,1.106518275420914,0.6169768869089127,1.1786060533764942,-0.8740169165286776,-0.5421044021280575,-0.6136538308537635
2.972647195223499e-05,0.04791426380968766,0.05126577815022865,-1.8007207504085636,-0.5533106513745808,0.4495534295169369,0.8511407816766209,-0.7294568928932359,-1.2879453604807758,0.44981337127447707,-0.9546385736636279,-0.2526988933232903,-0.7302981690911777,1.0413933139342049,0.14159713902581417,1.503542480470354,-0.15645085198034825,0.2426270911911154,-0.5233665358777775,0.937128787869073,0.7262179137416278,1.3257147246983514,-1.6427068134796283,-0.5011432392912207,-0.9097919471426874
-0.10740338183734954,0.11730746576910409,-0.12237757032544871,-1.8998030106966908,-0.6190888285786729,0.6478035831369355,0.4180948656305195,-0.6773059265254947,-1.4437312570774954,0.5826863282656001,-0.656316092068113,0.08623105531007959,-1.2786530268704566,0.9565935850459081,-0.567902287432289,1.7135285715104462,-0.09550843314204976,0.4575311859407264,-0.37668465469449897,0.802464803324368,0.6755842883835101,1.698432425493811,-1.5814437206627407,-0.48968780838025794,-0.47395221832541606
0.005064928821918252,0.023459111270025812,0.25472182426895423,-1.8679206123609498,-0.5341870164087935,0.42171830498393237,0.5467770983618833,-0.7777611453166196,-1.6565488740848522,0.6525464747621137,-1.1850909476328528,-0.22717778872408548,-1.2772489571967385,0.9458479171580179,-0.060301379377250754,1.7008482245299872,0.31275743480517215,0.11386727167048624,-0.9867808216494721,1.0560343170506012,0.6139096675642801,1.6117713943720662,-1.8856534860582657,-0.3263476080684353,-0.727824474122055
-0.03565042985963607,-0.4961085983848926,0.2216295409251935,-2.190044247810026,-0.31142326921309205,0.613045925243914,0.2927539359734166,-0.3581851620510423,-1.512904504785233,0.2681591518426614,-1.299052936903994,-0.3037437619413663,-1.7400299466368505,0.6540367977983781,-0.04538716629692108,2.0042650927521257,0.13497616291252915,0.17652320556628232,-0.9572895954584872,1.2365094180642155,0.5968316948552664,1.7871395673431743,-1.97165404325881,-0.7526186891583659,-0.4632193322391015
0.3297276486700561,-0.39122669156046663,0.09422455191698201,-2.3666964370195642,-0.06845548937128333,0.6484743649348923,-0.29185010024976343,-1.217578973438556,-0.9229819823346987,0.04083375736544918,-0.7926637285134907,0.22317594794479068,-1.6306259639828034,0.4029714261833953,-0.15669467511392124,2.471343934595975,-0.13775624037332201,0.305741213898599,-0.7132513272331338,1.0624027892844754,0.2766597914458779,1.8737843098301585,-1.6997056553211185,-0.4740008118514561,-0.15356541109915525
0.5362703559095452,-0.5245566629335904,0.5460813519032582,-2.2483675825052543,0.8475294629576097,0.7921717127523263,-0.25280398758899353,-1.6341000622041666,-1.0428909176870018,-0.3367994553139368,-0.9309717210514539,0.28291596421332027,-0.7419786607151846,0.03236490679227533,-0.2735497156934395,2.191579649299951,0.16487538917660172,0.3609931493568259,-0.8826300634165347,1.38299541542556,0.614085859005958,1.9180922298491043,-1.2991077046897237,-0.12719379995212904,-0.05619111511454333
-0.421902895016011,-1.1250361138956875,0.46063348773175816,-1.6543580416907866,1.2834516503978672,0.2196253516217768,-0.18810083530774557,-1.6601073088647815,-0.6606539545974518,-0.1780105212846929,-0.9456121680866845,-0.11338882372396283,-0.8144968388266804,0.1604398293436229,0.04230887201711977,1.7958520827878626,0.17650847128784725,0.08978331031512657,-0.9862874344665606,1.1129243020223256,0.017262588266527774,1.8400257367454678,-1.6596874119209533,0.29887052819209453,-0.19121151957243718
0.05464774170942892,-1.1480764442224642,0.4332986211166159,-1.5782867000127778,0.18287194924420433,0.08176309030088197,0.19371241005895432,-0.6857330351464059,-0.5019947784746364,-0.3142105593992934,-0.8957393532979897,-0.2746752015260443,-0.6370254804100233,0.4270882239282472,0.05103212765568384,1.50705133044654,-0.01636493869471739,0.25775442412009986,-0.8412126829438825,1.4569303952154684,0.17198718778297656,1.2215461417575537,-1.838311637435546,0.17630178717136408,-0.34018641234428887
0.5960512339509793,-1.031526155471116,0.2979391890737025,-1.8757479280530798,-0.12765236835191382,0.09069231203570038,-0.3328647020970033,-0.7723330943385555,-0.04935041031471049,-0.37242093231727263,-0.8301455873793018,0.11788626854149427,-0.29028818974340137,0.446930647836761,0.10956569770177368,1.8573222245084489,-0.057875227042163045,0.021285551910545403,-0.13094698661273818,1.5322781619606567,0.02847486971022828,1.7048946658612942,-0.8162550227030275,-0.023993531342354227,-0.48914235202420075
-0.4884529298324833,-1.2401566123731051,0.3194896999282828,-0.990361508923198,-0.04549161388143973,-0.13369748851560756,-0.23356974800076452,-1.1350150632724825,0.23542508961028996,-0.2870749310545535,-0.8770115065533896,-0.7794213713296063,0.14697464055362702,0.5089275629376944,-0.08227651182010205,1.9478338173155265,0.7650624767999546,-0.2670166354246658,-0.5446895193512493,1.4667947734831726,0.1278550611349372,1.3963265931338824,-0.7200243009967001,-0.02390057652041594,-0.40143756038796463
-0.14732618365282615,-0.9497736251234421,0.06183147800618781,-0.9817043259833443,-0.3769271817297645,-0.21976572123727367,-0.44019764785128257,-1.2083805939473289,-0.22805259394304578,-0.6022619291638436,-0.5368648918124906,-0.4606262573910053,0.17460250660742183,0.8002352502158865,0.023083168549169628,2.048797620306599,0.43068263994079325,-0.1795233564005287,-0.15874707812320515,1.475426451700149,0.38949085599118777,1.0183243299405376,-0.6793646873637746,-0.4671407913728727,0.032683082108274863
0.03286062417804776,-0.44338965433567334,0.7730698991918444,-1.2212827781361435,-0.023142628179616168,0.05667910130622023,0.1404335931959928,-0.7523154491003653,-0.872679745583674,-0.9614687178728464,-1.179457382911578,-0.6152591071733637,0.12934121588375908,0.5686457418564279,0.0017054019551327598,1.7172908810684764,0.4180275804081063,-0.4932951328557358,-0.3863527733995428,2.2251369233711364,0.6279972455735645,0.9976189659061596,-0.8030938582258542,-0.11585317876663608,0.02265948081446001
-0.45507590015962635,-1.0477109717370587,0.2578259272692238,-0.6679102701364934,-0.29464100761159945,-0.2570475872921982,-0.42429035826129763,-0.6969615067073612,-0.35511305159815076,-1.0645862782580422,-1.0005584117731203,-0.4046426570821256,-0.7266416586015552,0.9547858128065677,0.2115835521162223,2.1902420989844065,0.07597638523800852,-0.7710338307845717,-0.12757649427361528,1.844103363307897,0.3477193724150987,1.7365855840390434,-1.0871973144901077,-0.03272419760564027,-0.3860135232380247
-0.541556068512663,-1.1698492815979658,0.5244696401056453,-0.715268290754813,0.23277153018430988,-0.1677591694112869,-0.2825388534299743,-0.49819691290235124,0.06810439778949232,-0.7927161643956173,-1.3219584623846274,-0.5031400647722316,-0.00732136692330998,0.9175929335403483,0.8118955985984305,2.113799965629031,0.11710881431076697,-0.6631634804415308,-0.760703920255136,2.1582025992843024,0.08833702334358777,1.7934130247042137,-1.8446119301347474,-0.1292509294248757,-0.9568869285052036
-0.23331119504501113,-1.113038336133438,0.6398902695477361,-1.0709830235512396,0.5148234599630073,-0.04465436449907803,-0.3833415312597711,-0.7586916680629979,-0.059708342819386265,-0.39405744431991385,-0.4753842732930359,-0.31981393933255486,0.16549105904600592,0.8383612064151569,0.6984885293982807,2.3008094754237782,0.33969449287611525,-0.29226914495526257,-0.2884905524331452,1.8295591403155151,-0.14223125162719025,1.5711586817299237,-1.2744661326605087,-0.4336206937388457,-0.5170923676479252
-0.7814423446460652,-0.7074071677758081,0.5970239144546551,-1.4251189515026994,0.5722411820623893,0.06486071320362569,-0.6022050382419608,-0.7490403977619019,-0.3521233358244866,0.2534276541967576,-0.40488574952029394,-0.2753263274697845,-0.22983613290595722,0.07529162316765156,0.23762221172911221,1.8301423664765224,0.2618810612459927,-0.14502775651758035,-0.6608851889245909,2.0911970099473076,0.19870286852321634,1.065800469093801,-1.0764865002112949,-0.5418758684445297,-0.12891485879276524
0.24511420277030727,-0.7402647575472656,0.24660982035301293,-1.619313315403002,1.270218917221489,0.5780010541565854,-0.48224373408567,-0.24312396059625557,-0.6355912758105282,0.03035300721782548,-0.7035267387275753,-0.21867346106979774,-0.4922319447797735,-0.28728459611481527,-0.7129286870322021,1.7197764419287196,-0.04194200039303698,0.34651734578438476,-0.749684099191244,1.9795204499170762,0.24932572579870957,0.8918749474405205,-1.499046697442265,0.027255765877612838,-0.014431188758037838
1.0039697515169335,-2.165790821765188,0.00730465043108483,-1.865206767255184,1.652633499888635,0.5655433987299952,-1.4085981897236834,-0.31389412139933764,-0.35326672410646126,-1.202313375480823,-0.4187278452705808,-0.3066500359827052,-0.5439265955015096,-0.023919617145429894,-0.6506348366660395,1.1489048339106451,-0.2402151671077407,0.194871336395041,-0.6499120514179794,1.7454727068768259,-0.4272199322122898,0.7724594530053336,-0.9060609497012856,-0.1489502679122955,-0.17761654859440484
0.8953003386762088,-2.1706048643157208,0.3551113225012176,-1.63449212330765,2.4460753395053443,0.1037335140236858,-1.7065816576923512,-0.4258455450394766,0.6969956911814783,-1.0951289021790156,-0.19508454576351036,-0.9039963068637937,-0.0325584926554779,-0.49656012772100555,-0.7558189317163746,1.2281056533051387,-0.2943891567157936,0.012736870094475577,-0.125033925589854,1.178733823919787,-0.7878139585047633,0.7870885169623578,-0.5832005428572875,0.6122437336827172,-0.5231323401115537
1.0903193933127786,-2.219665851865606,0.36695199152791513,-0.9453472813072921,2.573951252631853,-1.0064197466072244,-1.2026511717320783,-0.6135372090407614,1.4351355591772568,-1.372815269119832,0.22476841366762954,-1.4649937408455602,0.5933996819730387,-0.7323306014514488,-0.5397078272790936,0.4068477572714124,-0.4429321817135731,-0.6024105079246858,0.6547568055941626,0.8678238549382629,-1.037773873321127,0.1354291743006697,-0.3259064095430799,1.0674328548513108,-0.3032939840251956
0.22239627253443806,-2.43573383460458,0.26061270106137213,-0.5080590826298226,2.301165855793499,-1.2230063222521348,-1.0549105221999506,-1.0829969850307326,1.3308282934399185,-1.4778367697464685,0.8489427219258932,-1.5688266502107318,0.9484231078810561,-0.13543555916503042,-0.08141496463746714,0.05589095339868255,-0.17821810357839,-1.107770976404127,1.3695180130051654,0.7648810629781788,-0.12573626644756367,-1.0180622043375929,0.276134342762827,1.3645270657769775,-0.11957493251733309
0.28110284799274426,-1.4088146265562214,0.26718704539331645,0.4570557958393129,1.763354361925591,-1.835884962989078,-0.2023713738665034,-1.1662986107013877,1.3201451649924554,-0.8100042374896889,0.4674293331619588,-2.1663341997073844,0.6864747275603238,-0.25560340296265016,0.2488066663860464,0.3483481794526945,-0.5763439181730435,-1.2146983515208407,1.7670267332085738,0.780273979794456,0.1526840436480696,-0.9911972836268607,0.03690829647448607,1.0960326330368468,0.1227232037483218
0.22006325412610345,-1.0162051298484578,-0.11875990994948157,0.367263617446936,1.7510094565182461,-1.5685108207145066,0.01112266650545976,-0.7901749975032385,0.9049825775779291,-0.15987033881760712,0.476817178901509,-1.8840799095236458,1.3704915470880548,-0.38016517112772585,0.5485545059921001,0.39910215403118465,-0.4624366315822126,-0.9979111108498635,1.8304457616867587,1.268871968575361,1.2568121932197671,-1.4173583729789563,0.32976462919440586,0.8075229431897324,0.15002048434840154
0.10260670785975357,-0.8559630271270745,-0.12989201498140568,0.7241750616198155,2.0639483397344422,-1.4049178589423985,-0.25381601940413556,-0.04141861459037162,0.8049122647043753,0.12023997477455436,1.169906494213577,-1.4562885301566868,1.5592735137997418,-0.07021996962488891,-0.08299871633342981,-0.04467146071134048,-0.6739570168201434,-0.9221345557135173,1.407970000367654,1.291439667709283,0.7736950395330562,-1.3468552237298128,0.6408141365870608,0.4202930554481067,0.08466249274146542
0.15784810888582368,-1.2209505306412858,-0.6143912605636586,1.1006525685714317,2.0927450909020076,-1.4778847096617789,-0.4986760413515694,0.07871990683565203,0.7192187841312424,-0.07802193506700794,0.8880712032028106,-1.8090897015017426,1.4738768988329607,0.3484811314111943,0.32855863150261827,-0.4394548079872437,-0.20768279410015622,-1.034256220102335,1.9133383309433394,0.8336541374626713,0.39144046266700816,-1.548237116952122,0.487935681351933,-0.11593480221172231,0.2969851267144068
0.35799750064859237,-0.46799810997868063,-0.1970251322790119,0.4803156476193941,2.093243262597409,-1.3623510288052814,-0.8622220544723082,0.13032805725214663,0.8028360009152559,-0.26426507714568775,1.2742214479087248,-1.6210674865264196,1.6809124886790814,-0.17238796169222956,0.22209953899418708,-0.8140225213296789,-0.4103731956153517,-0.7710989126380025,1.3808541223175874,0.8134151215825938,0.5773518558625937,-2.0343282149464246,0.8708603008586813,-0.17838716933720156,0.03276511920445224
0.17331088480781948,-1.1118052173067423,-0.2620943085532554,0.3953145808223547,2.1635905916506926,-0.9785210607369378,-0.9371349668026779,0.019392949241063002,0.6508063913447686,0.008622122238453406,0.924207295363008,-1.6570808597782567,1.8550110335887338,-0.5089838695439581,0.059495671091102875,-0.852604575138901,-0.3219753907059448,-1.0024137971122689,1.4284234729461924,0.6579897113019375,0.32607486423730114,-1.880482577345021,1.3569976217534547,-0.10706758148090106,-0.20521459368245346
0.8195285039573488,-1.3762727950266267,0.18919147478256537,0.1098387988511253,2.365592189971429,-0.9022310490122608,-0.9532712928724183,-0.1317705726119187,1.2146329713065938,0.20883370701843287,0.9951760020514537,-1.8127577788464861,2.1630001267591576,-0.4375323746346901,0.12113981274995275,-0.367866185526626,0.014897302924984979,-0.8841999529262861,1.6079222238393018,0.8304549599577644,-0.011722716506320063,-1.8663580868066416,1.5222900777642883,-0.12113810670066341,-0.16146119589658248
0.752110821371219,-1.1839344848162303,0.07538551970857166,-0.057691352703980014,3.0277764779179273,-1.5183731157305653,-0.5494481309415209,0.3522789207431222,1.4652116980642942,0.10824908845008113,1.2824004512248597,-1.7822854631086094,2.4600886141513003,-0.45244016872041065,0.2895955881989345,-1.1214240365348167,-0.218444733724858,-0.4158771442902805,1.7097984649597067,0.5477460166645431,-0.05766309055361185,-1.5790390328870203,0.7880443913538151,0.21614658066089504,-0.19848140737239747
0.9135862715103633,-1.3729834441144022,-0.18821452646457426,0.3003760506430938,3.2880405713958214,-2.271374978513892,-0.6729648632746198,0.49660754473257684,1.4173594780328411,0.46999571418227254,1.0201083319086386,-2.0914698684700275,1.6731972252115146,-0.5628420337416369,0.1338387045283671,-1.4484849709521768,-0.041558770178887317,-0.34856950453376623,2.116565997495402,0.08205896477087893,-0.1628044838938253,-1.6976228846729158,0.27307041778253777,0.16733347666903348,0.5337969338484587
1.265477601686097,-1.1953891894378554,0.30487092714277064,-0.024378393609057136,2.218953091023399,-1.6758242805867625,-0.8662622714616705,0.5101363998876192,1.038345625857905,0.4903760321422012,1.081714429404176,-1.7907163259550116,1.4925002561686949,-0.5368821613646538,-0.008692530802524877,-1.8191921284408463,-0.6558441818874281,-0.23209573761142854,1.442458229072223,0.08760920207012568,0.14228933143970435,-2.425517535290258,0.49458627202480654,-0.3418750270842251,0.42461444671020376
1.6740816078054064,-1.2247024465044014,0.1861528260406749,0.11585580916936075,2.385783636877465,-0.8683603427837288,-0.7771920574966907,0.06524467258430275,-0.14920648654930288,0.09677370243622582,0.318244056008485,-1.6463101294103972,1.4600186995569175,-0.4571062812719405,-0.6911006871289315,-1.524164813664791,-1.0321985154092839,-0.28341230065201745,0.8554682513353167,0.46166872353834454,0.21799765855346948,-2.016081044209142,0.9222343781037913,0.4299760887562408,-0.2958987686592651
2.0192177132863183,-1.9333810364340103,0.2740718563542379,0.272689122230311,1.6509173832954325,-0.7641493699403318,-1.0499008284392302,-0.05094729220343225,-0.34400840863094545,-1.7472127689203876,0.13338715885079194,-1.8102702236224961,1.3788162478374784,-0.2497984066204797,-1.8211702194501354,-0.8113442349979629,-1.2025550007348005,-0.26131833773033514,0.8417228374223572,0.8057162034678411,0.4124266045310078,-1.4340857213689242,1.3952397856529648,0.3225365511343965,-0.5497531861418529
1.6091313157042744,-2.242036004275948,0.6523881609184428,0.21814892071458597,0.6151096534939587,-1.2794553964321553,-0.6127476766863225,-0.7917406711501658,-0.26905934352318644,-2.2455898738678735,-0.4598972271676486,-2.4198052971844928,1.359382982168218,0.26742635318170727,-1.2356680708543522,0.19793085250506084,-0.4348902364327546,-1.1287316934425364,0.7083827110455665,0.9809317640061177,-0.023708542295500373,-0.9382153041766186,1.4527038658370444,0.8136366586290922,-1.00125438947703
1.37566272630338,-2.257892992425278,0.932624719416557,-0.41451351710480067,-0.21466134054909136,-0.9782764154604047,-0.0884986398964358,-1.8677096354652174,-0.26805850394766756,-3.1214260803633453,-0.1574061032352772,-1.7988150451667413,1.7918694620785822,1.180907075454844,-0.4855491908652657,1.6399945178700972,-0.024548392120908334,-1.3428687840805034,1.0923250072776758,2.184308035208257,0.8027709737794785,-1.268005366337194,0.8070616976895142,1.2213600856109506,-0.9611801464846452
0.030033527986322972,-1.8313120480633756,0.3547249788095942,-0.7160998119991075,-1.927722340860713,-0.4937339918477337,0.12033148875270847,-1.5536765889222182,-0.37749989587132,-2.3357643074569823,-0.5000432057252262,-1.7425599525584319,0.40981698251458987,1.168094647134064,-0.3656314795478962,2.3108765647103633,0.3854999611407143,-1.3898732366197688,1.3826723602426763,1.8525696737777277,1.2621560694856473,-0.36069139142244255,0.025950585701401407,1.4071333483291943,-1.8433781307594268
-0.2747004019981263,-0.9847054431629264,0.48383352035482796,-0.47074034641143137,-2.1001232376615793,-0.563760765796174,-0.012042939407723774,-1.559021896619274,-0.7519313615101597,-1.36586147874178,-0.4688923582466399,-1.8317753283787863,-0.694331109499353,1.3662771953596544,0.05419932481182674,3.301096395827426,0.8344384674377907,-1.1765125824010574,1.0651832328602222,1.9338353284065206,1.1189700958714721,1.0567403617228528,-0.4311077621247139,0.589548987995816,-1.5101553122791846
-0.6026578963126394,-0.4447683980636672,0.07397748844877239,-1.3351393920176835,-1.7267081812696476,0.331323725161459,0.18929720906413675,-0.8700708521090913,-1.3493148020736716,-0.36585657747895317,-0.6744297211610102,-1.2083655686039758,-1.0614011194658544,1.5354379963573488,0.046243032509416596,2.9860559680263057,0.6685256187389289,-1.077601056186046,0.2007260905326332,2.202677281670181,1.1770595269818818,1.2025452523374254,-1.0198596281733938,-0.13505815235225718,-1.6188635547261323
-0.05938664838597707,0.026173311054913384,-0.4088255588309634,-1.3180274267419434,-1.4424945711148551,0.28303479966024486,-0.11460098079091574,-0.36383224313214246,-1.4874671797974812,0.3300153800508947,-0.9313371953907212,-0.7802530726832444,-0.7085766166659253,1.729270980664753,0.021898246217653267,2.9438493440310247,0.18817601195132017,-0.7561018877022799,-0.38128297664108113,2.09720302707271,0.8428508649987985,1.9082891157210244,-1.7260139627745315,-0.3791794994928059,-1.6944970531251495
0.38994767772559435,-0.22246944599359642,-0.42969843316027123,-1.8710635527683088,-0.6875410577405557,0.5258147915775562,-0.13057897964941823,0.08910178099477557,-1.8431194938260296,0.09712269619642688,-0.8824360325604724,-1.0539490424147737,-1.1712306648929705,1.2189191836559536,0.08027033602981387,2.8240901867226205,0.20186864811221297,-0.8279216694881515,-0.4443298925452049,2.3879262158380756,0.9592567278470904,1.9954495730253048,-1.6704259053447719,-0.5137151177604824,-1.8353510602893968
0.16705311993248326,-0.8882627006242133,-0.6696434697703754,-1.9534931406676515,-0.09674070291792952,0.7729131226941368,-0.4137618837332925,-0.4435383094496521,-1.334568209621592,-0.007984284101692551,-0.3315296427997805,-1.1247312037813737,-1.167115559641388,1.2790664290083775,-0.3368749850388997,3.085825305351691,0.113416833899953,-0.8043781290860768,-0.05811368344444358,2.4608797474976742,0.7863982227407987,1.7287506185009283,-1.7295399026123366,-0.7008067968154185,-1.4558115418682147
0.5611059431347645,-0.00730594824829478,0.22450770205742435,-1.9744330460600632,0.9264705904869048,0.6217419253019691,-0.5917640945252266,-0.9332341002042834,-1.6024388062717925,-0.02405004272210831,0.47991100382485635,-0.9630550115253422,-1.2647937518728491,1.1125527801269421,-0.6415763429441842,2.682012087608403,0.16213757795032757,-0.5743756941523739,-0.2702564205107486,2.263797828195147,0.6574778015219177,1.4587655708984997,-1.8261330473679078,-0.24786686007996184,-1.2603744435096607
0.1330219248314795,-0.49142955535749955,-0.3008035560009988,-2.279748159979119,1.001584454340511,0.550894337113077,-0.03527616469779722,-0.5501511573404242,-1.075207498814042,0.2829613532541151,0.23327811593593323,-1.0674721196345023,-1.391799564414713,0.6848446708376084,-0.7983596313562406,2.276715228654402,-0.4092831254825261,-0.3699316439634553,-0.3605024727680245,2.4873704460867643,0.35721473959499833,1.1008724964275607,-2.4963145476052597,-0.34053078775508167,-1.290597677368562
0.6452587112732336,-0.09632179295960414,-0.6384741589038804,-2.4249535735475276,1.6191763003186914,0.09146696293108245,-0.5512012887889899,-0.4256703735310323,-1.2671626474191875,0.8038933479594623,0.1585941362314296,-0.9404295002274292,-1.0836485831775495,0.9395115378326139,-0.2573417802517332,1.5230134295868596,-0.014491763399963636,-0.0128949543097856,-0.2583406598947412,1.7393801650745506,0.3228252981410668,1.1087593914860228,-2.5407622830453214,-0.45912324343722866,-0.8706269911806349
0.5186995140577491,-0.06754401261298215,-0.7817455181604369,-2.664962523332192,2.124390280413008,0.24862020783904662,-0.9998356770810473,-0.6080615619382743,-0.9247664305786041,0.815519845153525,-0.0031197273827269084,-1.1304262310772264,-0.9836689081957046,0.28815466051767247,-0.7548811924354109,1.084374707853797,-0.4726296980757596,0.08229189102513523,-0.8437990070496283,1.5082888228920799,-0.18644653085708096,0.6519510986020556,-1.9978501798289021,-0.6069493491655076,-0.6755826623622883
0.8712820436954489,-0.6779330262561934,-0.41270854536539625,-2.497898117536967,2.196777496064575,0.33523146114738883,-1.590120094433849,-1.1550761541700296,-0.48635675412252677,0.48473473996564187,0.20896036508336996,-1.1091556712869926,-0.885895841347301,0.30582790378607105,-0.8949593808065182,0.8462854497098158,-0.5042195827020219,0.15889919420650098,-0.8328388224386706,1.2070173253041714,-0.4348279506689652,0.28502669614665455,-1.740351560543484,-0.6552499960983107,-0.7653739094155696
0.7218646201336985,-1.2644555441094927,-0.42821716734426024,-2.403947960831867,2.1828123901955063,0.36462104398854567,-1.0980577888568346,-0.9334186740471824,-0.06336904630746415,0.4867176762777073,-0.20582979775588767,-1.2711157915942484,-0.6195150524813904,-0.0802380435917,-0.915720951825735,0.5707991477231767,-0.568758776367314,0.3205055600320897,-0.6968676664425002,1.2394764057374619,-0.3901012572503737,-0.08945072792849718,-1.7525444787204312,-0.3839242025975552,-0.8552783386318952
1.152154860152344,-0.7890787635707281,-0.017117202180337077,-2.5987355458936188,2.6043911444330092,0.25992227218455827,-1.1267109226285077,-1.2345069720141622,-0.01675585799558771,0.05554806615680402,-0.6760683392481073,-0.9762513491511253,-0.3569902009570496,-0.25227515954516333,-0.4372809625397039,-0.15704674992152368,-0.8523333499032841,0.5508850094743966,-0.840442820369164,1.1230293743763806,-0.4238722368265231,0.1282952945873736,-1.7207069706765168,-0.4822970548251186,-0.9661291120751553
1.4446863892523767,-1.202157875828214,-0.07709341087738744,-2.112916451257048,2.2883857543894,0.054717452976964495,-1.3177437757470676,-0.9817790054413253,0.011560744409125294,0.12781609885883527,-0.46551697397473824,-0.9597730994893073,-0.6145139191506912,-0.21740033566851635,-1.0266534832736887,0.005851152245247793,-0.9086566600239636,0.599622246076926,-0.566099322586487,0.45976831052158385,-0.9417623313709731,0.3272771614427655,-1.355881786483642,-0.1436383118746284,-0.29904042903346273
1.4875412077216221,-1.5468815699009255,0.18888599832053954,-1.6835167984902348,2.9067184623572877,-0.15408484075679849,-0.9184810237054573,-1.2169420701870455,0.18685661697756223,-0.44622792190382476,-0.5568354759546915,-1.3647321081112018,0.26186359785983027,-0.4380740968886521,-0.8346627302328781,-0.05539692478679581,-0.9489638251747918,0.30648828793829963,-1.058549317629451,0.5509591009048631,-1.1936058225488482,0.03235603061874878,-0.9227672211945445,0.3372185989327735,-0.07521624370109056
1.1564907384329668,-2.011475074115661,0.4161505074588294,-1.4718360140360238,2.8698644626121004,-0.9301023711681285,-0.475811710823889,-1.1249211296006507,0.6966617920503142,-0.39881635627412326,-0.31534297121893384,-1.519409035671234,1.4836360853641506,-0.18691547169985406,-0.9990620065658503,-0.380503200729412,-0.6955057682956449,0.18877519591173647,-0.3177902257822698,0.45717022138756624,-0.881339897762632,-0.08032953153301221,-0.11581149195249776,0.3369797085055822,-0.08502824324956965
0.7626221037823293,-1.962557462800029,-0.2180739523145635,-0.6784551264163888,2.190015122870645,-1.506381930587949,-0.2804589531998033,-2.077286737718397,0.3739367441611819,-0.28563111598177693,-0.185189069815957,-1.3924426245620742,1.1125145264696215,-0.3404840363667046,-0.10633266329853037,-0.3146651058510841,-0.28385863233224634,-0.2719820261525103,0.6491067666977164,0.3153991607812599,-0.10474908464635241,-0.5052823908094286,-0.17510494846248703,-0.4183210120825035,0.19402288146986507
0.6849291541451645,-0.8021012541216982,0.10943122285893514,-0.7106583431597481,1.7824448554346997,-1.4279170325418955,-0.03264299276354224,-1.5013463820231205,-0.12318053219443259,0.873031256000915,0.032988913206915105,-1.2112487160049887,0.1966749120119729,-0.3924057633690887,-0.0880866407064,-0.7354712505955479,-0.06555721414756926,-0.21339723727061694,0.5845286344060051,-0.18845450372002986,-0.09772471839008212,-1.070056503807406,-0.3283160724832027,0.1745270687282708,0.25589716153507047
0.8529194868020281,-0.4478337975314426,-0.4643152543860568,-0.8095463830116003,1.313465815911985,-0.9257641135381056,0.15439061341796254,-0.803553437584036,-0.8508578507502662,0.668495084795843,-0.5023969006591685,-0.6666939572671486,0.343607524314235,-0.0010610975061326189,0.19904313325729195,-0.8130578961406877,-0.6919226829100436,0.553596159008523,0.7143921740974091,-0.03001975445753674,0.05946121796801904,-0.8944885334042572,-0.971629052004344,-0.400497606414826,0.22092838356099526
0.29186560479024065,-0.6184722910759073,0.09217158912881626,-1.2937052510257063,0.5936801225278519,-0.4310789590567245,-0.020504659199307253,-0.3146980992192115,-0.5536453841580498,0.8109721725223661,-0.8199653486795498,-0.6782995808266378,0.014083266857677634,-0.19721343411305295,-0.8603472262040257,-0.5586165474225995,-0.5662358115016419,0.447389857863978,-0.46043261895325704,-0.045310300660241526,-0.04742564730419027,-0.5105168693837516,-0.739392196591925,-0.9037744624843428,0.18219448149557144
0.8515379949474305,-0.6659202274036337,-0.1855971364735016,-1.59351927818172,1.1322314846281216,0.30028163937130803,-0.931896849162024,0.15122385604352714,-0.7503128048072233,0.07284050523369051,-1.050151834632523,-0.46721322515383207,-0.073517423338015,-0.36896077175538994,-1.3863878752458905,-0.07392581704374156,-0.43332997789779926,0.8406082371171225,-0.6127929477023776,0.8261926980701848,-0.2488737518856915,0.22824707191424273,-0.8174519469701658,-0.8269254769016887,0.07591732872744111
1.5443979959791887,-1.9028241127416066,0.2964839642404833,-2.046150898662475,2.2014316877091695,0.38862175281621847,-1.45166627328514,0.28885977055642154,-0.2816885021676098,-1.4503142151465451,-0.7734476525312128,-1.0242994365344664,0.6041218819361639,-0.8174595846439163,-1.1640413103987466,0.5162579901742863,-0.7503243749732653,0.5790028170932396,-1.413379578817035,1.8825378468069829,-0.8697954469541331,-0.09162254631651912,-0.6623631456196759,0.00862680845570589,-0.3385227741875945
1.8051822220596572,-2.9361900093118862,1.0872593669151893,-1.4262977527967335,3.1136754688892756,-0.3748909931808936,-1.9176251714024661,-0.0017441051974312893,1.3126769908262979,-2.1607878257618767,-0.10375026817416369,-1.245609198992733,0.7300416598548722,-0.6131032303771888,-0.9371261444885215,0.6132125880517652,-0.6252142549777198,0.06461424112237601,-0.3884475118768935,1.183049907807144,-1.7262554464299937,0.23973852385151034,-0.24194145992653296,0.2932406992278132,-0.5817678882911925
1.0351015601646425,-3.455556442512402,1.054522015834627,-0.6346556626150875,3.389753321515958,-1.2368458874966637,-0.9709569243507552,-0.1962643215865057,2.0139860077835903,-1.5244197918529288,0.5528216331264852,-1.2530520126411324,1.8313869558198068,-0.6908297225106903,-0.48368564524144864,-0.41083744064928474,-0.19720606285210518,-0.48771828222286173,0.9657617977407176,0.6283623966576045,-1.349170396770354,-0.4220011708238093,0.3804957215494739,0.8006601505491384,-0.4258708090196957
0.8312185116351641,-2.5957702461327656,0.7141890980793981,-0.10877488484338166,3.51152970964409,-1.7135019352576024,-1.058504260141906,-0.9801496942971677,1.8599326759371133,-0.7507075022881173,1.2457349307065098,-1.435779670810523,2.147412566679926,-0.8157257936860626,0.0006941333284242873,-0.15158560816613606,0.24827985889244358,-0.36217366830583897,1.7076547387885073,-0.3104746892600227,-0.755352557966591,-1.030736586859857,0.6613298116268338,0.2696943895051731,0.3265610880767865
1.0288717666678555,-1.718344958699403,0.5030516546559404,0.1814017365716184,2.6867163527043525,-1.641763408879871,-0.8951792489927208,-0.3341453029321338,1.2390094670588268,0.2370305176916892,1.2666886301874172,-1.633764248505126,1.764753472972133,-0.7527072797416721,0.20204270421162496,-1.0936448321044463,-0.43006917178155735,-0.02558535479377616,1.4075950451803194,-0.20743012903162183,-0.09914960811193878,-1.9753783557935756,0.9268872825676966,0.08645411680985693,0.4642843982556256
0.8538534674460481,-1.3760827014797519,0.018203486249663794,0.5574989698836872,2.726666990332343,-1.458072712275009,-0.06863057109019516,-0.10147568421959513,0.6739339536584603,0.36600558557685275,0.8319701937527069,-1.730730767595842,2.43196397900569,-0.5021486362578318,-0.6405964231717963,-1.2910959752196955,-0.5742924307857689,-0.07120722579326494,1.3089671958350657,-0.3808991375441703,0.06220406747935172,-1.9247642152508906,1.1133890080272844,0.0736623870334725,0.9486549511767446
0.8897587247693624,-0.9693898438229026,0.23085451604560225,0.5541249429997208,2.15595392830205,-1.379023895436603,-0.2844752825051121,-0.1529463405059062,0.36448265547700376,0.8238314357104911,0.2934819747126576,-1.8424109659370491,2.0999166660177004,-0.5864904140231326,0.00643367111741272,-1.4863435652213908,-0.5354524032368078,-0.5530503400322471,0.7026398307617571,0.06955274095534031,-0.17016095499728157,-1.8945483614713052,1.0853013812850592,-0.08243207527506992,-0.12926810380881837
1.0129079587686367,-1.3029207852857334,-0.06303675147943649,0.9697412584183867,1.973476212888643,-1.004026763215828,-0.2585172540287334,0.44306768539783825,0.40175265373276764,0.5837383192871655,0.6066021920012665,-1.7635805346457893,1.6584374846277685,-0.699605789067594,-0.13541073805886117,-1.190396074301231,-0.38390332151441586,-0.003137285731533823,1.0437063968439295,-0.07771037132524283,-0.18826290168997872,-1.6690394476979584,0.8925816744860459,-0.4384094471802085,-0.4839631514157764
0.9284865931528676,-1.3127725863410569,-0.14798373996791087,0.2735581680241342,2.0207284064569366,-1.1066578456079674,-0.6048104212956374,0.5744084667624636,0.5752418825866457,-0.15437885519308214,0.6188410919835485,-1.8666871911395644,1.8781531121790815,-0.2824931879778632,-0.632538894969545,-1.017174347236674,-0.6326356242794825,-0.15272509795492917,1.2034564615373686,0.09750136955536115,0.12044713475561308,-1.2884179870833217,1.0340513148591262,-0.3170088447949933,0.03073381408375403
0.8897070086513303,-1.3688278964805474,0.44724252258308755,0.49890391568565123,1.517992856532818,-0.8836666030943057,-0.4574649963325639,0.4780735966811961,0.6435272002846281,-0.251991709452577,0.3538965949177615,-1.9929671564373135,1.3317356759001462,0.2503748681026884,-0.40054428171352346,-0.6368736902634168,-0.4346357960224271,-0.45429820590515857,1.2115097138244038,0.34840543876815233,0.15110707416143151,-1.4332385181003717,0.9822760825862947,-0.04722383817385664,-0.5993643478435828
1.3886581781959695,-1.144683191224177,0.45762879041357823,0.22840778852381788,1.2146480964088475,-0.9639900796512182,-0.8575002137806792,0.14896155434214162,0.42425743630157703,-0.4083808366217275,0.4368488615177909,-1.7543103694594349,1.0767944801322158,0.09675281627205887,-0.2757905462937851,-0.11664085487694145,-0.7564862449012304,-1.0546769238769822,1.215105033328111,0.9491850704396867,0.02459586303197464,-1.320259966764865,1.187260607186953,0.4318290217213493,-0.5693810436542999
0.7388111504227384,-1.3497690484505762,0.05099867316964059,0.3924725865891282,1.0164037555869234,-1.1859788388372214,-0.6095329502429253,0.15387380789588273,0.544180007135874,-0.8883584745787589,0.39251407235698144,-1.811179122111785,0.9952661806649657,0.02262628631207142,-0.29325719518213195,0.45625207691382175,-1.0492317662266581,-1.3198182474405666,1.2406457872867338,1.7151478086296281,0.33749272970762956,-0.8895651657377297,0.947870511206444,0.6691714417635356,-0.48374065535766053
0.7871386346207205,-1.2461324321210596,0.8669986916853596,1.0901915847522774,1.5488253786869621,-1.1986122270286976,-0.09841955707075029,-0.3276982654164484,1.3004252596262318,-0.8255782812697277,0.7484314423341899,-1.5558295299427498,1.738556417416798,0.4058268317097955,0.25812506870762864,0.9603932312583449,-0.48961978366622927,-1.1871654531654126,1.6960627344355976,1.983893559608176,0.7685643672826615,-0.3507518811766168,0.5964789299940132,0.7406680780337065,-0.6369915029176736
0.0035972351880521336,-1.0136253530639263,0.19839132382065222,0.7902260878057406,1.2997803928905047,-1.2500604341061934,-0.26201128064302076,-0.2384777844678939,1.3784350668943384,-0.1924560296563998,1.0785032772376255,-1.4202826287549115,1.6529228641585052,0.35089944783560445,0.9990651840234723,0.539051051922896,-0.25444255259883475,-1.0876473365304868,1.8276614290608486,1.4576759574731455,0.5966057860610983,-0.6444514154879328,0.6642806959394711,0.6402885593524157,-0.5002354013082649
-0.3084274482038963,-0.7697929059199686,0.01932440949665737,0.9257557475994791,1.4120347467470886,-1.2495129075819977,-0.3220249129061692,-0.01745865573340776,0.8738158893003698,-0.2896119600833173,0.8393414430190177,-1.0849996125764525,1.29137422608735,0.2230938173908719,0.589192356663319,-0.18845508702287928,-0.3620361156952648,-1.080592242398057,1.8650674242701601,0.9182765319102814,0.2518535508908911,-0.7014177686144963,0.762124985631238,0.1141603032701401,-0.12847566880667105
