-272430.11791192763
