-2.15056510231304,-2.15017249057295,-2.14977374874937,-2.1493689816191,-2.14895829821683,-2.1485418117446,-2.14811963947648,-2.14769190265888,-2.14725872640646,-2.14682023959386,-2.14637657474323,-2.14592786790784,-2.14547425855171,-2.14501588942557,-2.14455290643921,-2.14408545853033,-2.14361369753039,-2.14313777802752,-2.14265785722671,-2.14217409480738,-2.14168665277847,-2.14119569533121,-2.14070138868994,-2.14020390096117,-2.13970340198098,-2.13920006316099,-2.1386940573331,-2.13818555859306,-2.13767474214297,-2.13716178413301,-2.13664686150241,-2.13613015181999,-2.1356118331246,-2.13509208376568,-2.13457108224413,-2.13404900705359,-2.13352603652248,-2.13300234865696,-2.13247812098528,-2.13195353040356,-2.13142875302336,-2.13090396402099,-2.13037933748875,-2.12985504628819,-2.12933126190554,-2.12880815430919,-2.12828589180944,-2.12776464092111,-2.12724456622894,-2.12672583025617,-2.12620859333606,-2.12569301348672,-2.1251792462893,-2.12466744476965,-2.12415775928382,-2.12365033740754,-2.12314532382947,-2.12264286024839,-2.12214308527428,-2.12164613433373,-2.12115213957953,-2.12066122980465,-2.1201735303607,-2.11968916308079,-2.11920824620691,-2.11873089432169,-2.11825721828491,-2.11778732517463,-2.11732131823299,-2.11685929681668,-2.11640135635201,-2.11594758829465,-2.1154980800943,-2.11505291516416,-2.11461217285503,-2.11417592843409,-2.11374425306825,-2.11331721381234,-2.11289487360207,-2.1124772912518,-2.11206452145679,-2.11165661479988,-2.11125361776264,-2.11085557274083,-2.11046251806392,-2.11007448801891,-2.10969151287834,-2.10931361893233,-2.10894082852476,-2.10857316009339,-2.10821062821366,-2.10785324364613,-2.1075010133874,-2.10715394072424,-2.10681202529109,-2.10647526313078,-2.10614364675851,-2.10581716522895,-2.10549580420628,-2.10517954603713,-2.10486836982619,-2.1045622515146,-2.10426116396063,-2.10396507702261,-2.10367395764382,-2.10338776993938,-2.10310647528509,-2.10283003240804,-2.10255839747897,-2.10229152420616,-2.10202936393053,-2.10177186572193,-2.10151897647622,-2.10127064101367,-2.10102680217773,-2.10078740093461,-2.10055237647304,-2.10032166630447,-2.10009520636323,-2.09987293110671,-2.09965477361547,-2.09944066569309,-2.09923053796588,-2.09902431998229,-2.09882194031167,-2.09862332664234,-2.09842840587883,-2.0982371042382,-2.09804934734539,-2.09786506032745,-2.09768416790675,-2.09750659449304,-2.09733226427409,-2.09716110130487,-2.09699302959501,-2.09682797319473,-2.09666585627894,-2.09650660322975,-2.09635013871689,-2.0961963877764,-2.0960452758871,-2.09589672904505,-2.09575067383568,-2.09560703750336,-2.09546574801884,-2.09532673414446,-2.0951899254973,-2.09505525261028,-2.09492264699073,-2.09479204117658,-2.09466336878978,-2.09453656458725,-2.09441156450923,-2.09428830572514,-2.09416672667671,-2.09404676711864,-2.09392836815657,-2.09381147228249,-2.09369602340736,-2.09358196689126,-2.09346924957105,-2.09335781978552,-2.0932476273981,-2.09313862381703,-2.09303076201313,-2.09292399653503,-2.09281828352187,-2.09271358071357,-2.09260984745869,-2.09250704472007,-2.09240513507806,-2.09230408273167,-2.09220385349743,-2.09210441480621,-2.09200573569795,-2.09190778681417,-2.09181054038855,-2.09171397023552,-2.09161805173702,-2.09152276182764,-2.09142807897812,-2.09133398317745,-2.09124045591332,-2.09114748015086,-2.09105504030964,-2.09096312223917,-2.09087171319299,-2.09078080180146,-2.09069037804322,-2.09060043321516,-2.09051095990119,-2.09042195193985,-2.09033340439087,-2.09024531350092,-2.09015767666852,-2.09007049240811,-2.08998376031345,-2.08989748102019,-2.08981165616761,-2.0897262883598,-2.08964138112649,-2.08955693888332,-2.0894729668919,-2.08938947121957,-2.08930645869903,-2.08922393688787,-2.08914191402806,-2.08906039900543,-2.08897940130917,-2.08889893099139,-2.0888189986267,-2.08873961527207,-2.08866079242682,-2.08858254199281,-2.08850487623479,-2.08842780774134,-2.08835134938616,-2.08827551428976,-2.08820031578157,-2.08812576736242,-2.08805188266764,-2.08797867543082,-2.08790615944842,-2.08783434854494,-2.08776325653886,-2.08769289720902,-2.08762328426195,-2.08755443129992,-2.08748635178967,-2.08741905903197,-2.08735256613192,-2.08728688597011,-2.08722203117464,-2.08715801409393,-2.08709484677064,-2.08703254091656,-2.0869711078884,-2.0869105586646,-2.08685090382295,-2.08679215351935,-2.08673431746742,-2.08667740491909,-2.08662142464632,-2.08656638492387,-2.08651229351324,-2.0864591576477,-2.08640698401835,-2.0863557787613,-2.08630554744575,-2.08625629506297,-2.08620802601636,-2.08616074411232,-2.08611445255221,-2.08606915392535,-2.08602485020292,-2.08598154273295,-2.08593923223621,-2.08589791880307,-2.08585760189133,-2.08581828032499,-2.08577995229418,-2.08574261535599,-2.08570626643612,-2.08567090183138,-2.08563651721303,-2.08560310763094,-2.08557066751856,-2.08553919069896,-2.08550867039163,-2.08547909922007,-2.08545046922,-2.08542277184831,-2.08539599799255,-2.08537013798095,-2.08534518159304,-2.08532111807066,-2.08529793612972,-2.08527562397261,-2.08525416930104,-2.08523355932906,-2.08521378079664,-2.08519481998372,-2.08517666272464,-2.08515929442298,-2.08514270006665,-2.08512686424352,-2.08511177115735,-2.08509740464421,-2.08508374818927,-2.0850707849438,-2.08505849774237,-2.0850468691202,-2.0850358813307,-2.08502551636323,-2.08501575596124,-2.08500658164046,-2.08499797470725,-2.08498991627687,-2.08498238729186,-2.0849753685404,-2.08496884067493,-2.08496278423084,-2.08495717964523,-2.08495200727567,-2.08494724741895,-2.08494288032983,-2.08493888623961,-2.08493524537457,-2.08493193797448,-2.08492894431113,-2.08492624470675,-2.08492381955208,-2.08492164932427,-2.08491971460447,-2.08491799609521,-2.08491647463738,-2.08491513122702,-2.08491394703184,-2.08491290340773,-2.08491198191492,-2.08491116433369,-2.08491043267971,-2.08490976921895,-2.08490915648228,-2.08490857727957,-2.08490801471339,-2.08490745219219,-2.08490687344322,-2.08490626252499,-2.08490560383926,-2.08490488214231,-2.08490408255598,-2.08490319057843,-2.08490219209443,-2.08490107338531,-2.08489982113864,-2.0848984224575,-2.0848968648692,-2.08489513633355,-2.08489322525053,-2.08489112046749,-2.08488881128592,-2.08488628746768,-2.08488353924069,-2.08488055730404,-2.08487733283257,-2.08487385748114,-2.08487012338847,-2.08486612318034,-2.08486184997217,-2.08485729737129,-2.08485245947856,-2.08484733088953,-2.08484190669513,-2.0848361824818,-2.08483015433132,-2.08482381881998,-2.08481717301724,-2.08481021448419,-2.0848029412714,-2.08479535191659,-2.08478744544181,-2.08477922135031,-2.08477067962307,-2.08476182071504,-2.08475264555096,-2.08474315552084,-2.0847333524749,-2.08472323871807,-2.08471281700432,-2.08470209053057,-2.08469106293025,-2.08467973826643,-2.08466812102456,-2.08465621610477,-2.08464402881367,-2.08463156485586,-2.08461883032532,-2.08460583169634,-2.08459257581448,-2.08457906988703,-2.08456532147332,-2.08455133847473,-2.0845371291246,-2.08452270197792,-2.08450806590098,-2.08449323006065,-2.08447820391332,-2.08446299719364,-2.08444761990314,-2.08443208229882,-2.08441639488128,-2.08440056838266,-2.08438461375432,-2.08436854215421,-2.08435236493419,-2.08433609362738,-2.0843197399354,-2.08430331571573,-2.08428683296919,-2.08427030382746,-2.08425374054065,-2.08423715546499,-2.08422056105071,-2.0842039698299,-2.08418739440458,-2.08417084743506,-2.08415434162849,-2.08413788972793,-2.08412150450176,-2.08410519873362,-2.08408898521283,-2.08407287672516,-2.08405688604378,-2.08404102592053,-2.08402530907712,-2.08400974819636,-2.08399435591344,-2.08397914480742,-2.08396412739297,-2.08394931611211,-2.0839347233258,-2.08392036130563,-2.08390624222546,-2.08389237815299,-2.08387878104126,-2.08386546272022,-2.0838524348886,-2.08383970910594,-2.08382729678491,-2.08381520918361,-2.08380345739808,-2.08379205235479,-2.083781004803,-2.08377032530731,-2.08376002424013,-2.08375011177416,-2.08374059787506,-2.08373149229421,-2.08372280456168,-2.08371454397949,-2.083706719615,-2.08369934029473,-2.08369241459832,-2.08368595085294,-2.08367995712817,-2.08367444123087,-2.08366941070013,-2.08366487280222,-2.08366083452583,-2.0836573025776,-2.08365428337791,-2.08365178305678,-2.0836498074498,-2.08364836209406,-2.08364745222419,-2.08364708276873,-2.08364725834651,-2.08364798326329,-2.08364926150855,-2.08365109675247,-2.08365349234309,-2.08365645130368,-2.08365997633013,-2.08366406978876,-2.0836687337141,-2.08367396980698,-2.08367977943278,-2.08368616361974,-2.08369312305755,-2.0837006580961,-2.0837087687444,-2.08371745466988,-2.0837267151979,-2.08373654931175,-2.08374695565302,-2.08375793252221,-2.08376947787963,-2.08378158934673,-2.08379426420775,-2.08380749941178,-2.08382129157506,-2.08383563698373,-2.08385053159679,-2.08386597104951,-2.08388195065711,-2.08389846541878,-2.08391551002205,-2.083933078847,-2.08395116597083,-2.0839697651725,-2.08398886993779,-2.08400847346437,-2.08402856866696,-2.08404914818247,-2.08407020437516,-2.08409172934183,-2.08411371491712,-2.08413615267882,-2.08415903395339,-2.08418234982161,-2.08420609112468,-2.08423024847053,-2.08425481224054,-2.08427977259658,-2.08430511948813,-2.08433084265955,-2.08435693165771,-2.08438337583964,-2.08441016438052,-2.08443728628191,-2.08446473038034,-2.08449248535596,-2.08452053974121,-2.08454888192935,-2.0845775001831,-2.08460638264316,-2.08463551733719,-2.08466489218895,-2.08469449502746,-2.08472431359618,-2.0847543355621,-2.08478454852512,-2.08481494002755,-2.0848454975635,-2.08487620858829,-2.08490706052764,-2.08493804078671,-2.08496913675927,-2.08500033583686,-2.08503162541791,-2.08506299291676,-2.08509442577272,-2.08512591145904,-2.08515743749175,-2.08518899143841,-2.08522056092675,-2.08525213365323,-2.08528369739148,-2.08531524000087,-2.08534674943487,-2.08537821374938,-2.08540962111047,-2.08544095980217,-2.08547221823392,-2.08550338494795,-2.0855344486262,-2.08556539809723,-2.08559622234304,-2.08562691050564,-2.08565745189327,-2.08568783598657,-2.08571805244438,-2.08574809110938,-2.0857779420133,-2.08580759538177,-2.08583704163906,-2.0858662714125,-2.08589527553678,-2.08592404505795,-2.08595257123725,-2.08598084555474,-2.08600885971287,-2.08603660563972,-2.08606407549202,-2.08609126165784,-2.08611815675893,-2.08614475365288,-2.08617104543494,-2.08619702543953,-2.08622268724163,-2.08624802465776,-2.08627303174672,-2.08629770281014,-2.08632203239281,-2.08634601528282,-2.08636964651164,-2.08639292135395,-2.08641583532751,-2.0864383841929,-2.08646056395325,-2.0864823708536,-2.08650380138012,-2.08652485225911,-2.08654552045605,-2.08656580317465,-2.08658569785583,-2.08660520217691,-2.08662431405065,-2.08664303162411,-2.08666135327704,-2.0866792776201,-2.08669680349319,-2.08671392996362,-2.08673065632414,-2.08674698209075,-2.08676290700008,-2.08677843100662,-2.08679355427991,-2.08680827720164,-2.08682260036276,-2.08683652456067,-2.08685005079643,-2.08686318027165,-2.08687591438524,-2.08688825472992,-2.08690020308881,-2.08691176143192,-2.08692293191247,-2.08693371686343,-2.08694411879428,-2.08695414038786,-2.08696378449726,-2.08697305414245,-2.08698195250683,-2.08699048293371,-2.08699864892261,-2.08700645412535,-2.0870139023418,-2.08702099751559,-2.08702774372993,-2.08703414520366,-2.08704020628756,-2.08704593146071,-2.08705132532705,-2.08705639261185,-2.08706113815795,-2.08706556692193,-2.08706968396992,-2.0870734944732,-2.0870770037036,-2.087080217029,-2.08708313990889,-2.08708577788994,-2.08708813660165,-2.08709022175202,-2.0870920391232,-2.08709359456722,-2.08709489400176,-2.08709594340595,-2.08709674881609,-2.08709731632105,-2.08709765205783,-2.08709776220694,-2.08709765298789,-2.08709733065485,-2.08709680149257,-2.08709607181252,-2.08709514794909,-2.08709403625591,-2.08709274310208,-2.08709127486839,-2.08708963794316,-2.08708783871831,-2.08708588358546,-2.08708377893217,-2.08708153113824,-2.0870791465722,-2.08707663158772,-2.08707399251994,-2.08707123568168,-2.08706836735967,-2.08706539381095,-2.08706232125925,-2.08705915589156,-2.08705590385483,-2.08705257125277,-2.08704916414275,-2.08704568853258,-2.0870421503774,-2.08703855557657,-2.08703490997066,-2.08703121933863,-2.08702748939493,-2.08702372578666,-2.08701993409084,-2.08701611981195,-2.08701228837954,-2.08700844514598,-2.0870045953843,-2.08700074428615,-2.08699689695976,-2.08699305842829,-2.08698923362825,-2.0869854274083,-2.08698164452817,-2.08697788965751,-2.08697416737483,-2.08697048216625,-2.08696683842437,-2.08696324044722,-2.08695969243736,-2.08695619850133,-2.08695276264921,-2.0869493887945,-2.08694608075409,-2.08694284224855,-2.0869396769025,-2.08693658824483,-2.08693357970881,-2.08693065463211,-2.08692781625661,-2.08692506772812,-2.08692241209597,-2.08691985231257,-2.08691739123293,-2.08691503161425,-2.08691277611544,-2.08691062729669,-2.08690858761908,-2.08690665944435,-2.08690484503486,-2.08690314655368,-2.08690156606483,-2.08690010553375,-2.08689876682784,-2.08689755171702,-2.08689646187426,-2.08689549887622,-2.0868946642038,-2.0868939592427,-2.08689338528403,-2.08689294352492,-2.08689263506912,-2.08689246092762,-2.08689242201913,-2.0868925191707,-2.08689275311827,-2.0868931245076,-2.08689363389529,-2.08689428174995,-2.08689506845349,-2.08689599430259,-2.08689705951023,-2.08689826420705,-2.08689960844273,-2.08690109218715,-2.08690271533155,-2.08690447768953,-2.08690637899788,-2.0869084189172,-2.08691059703227,-2.08691291285223,-2.08691536581083,-2.08691795526654,-2.08692068050263,-2.08692354072712,-2.08692653507258,-2.08692966259594,-2.08693292227819,-2.08693631302434,-2.0869398336636,-2.08694348294951,-2.08694725956027,-2.0869511620992,-2.08695518909554,-2.08695933900544,-2.08696361021326,-2.08696800103295,-2.08697250970964,-2.08697713442139,-2.08698187328105,-2.08698672433811,-2.08699168558059,-2.08699675493719,-2.08700193027954,-2.08700720942457,-2.0870125901369,-2.08701807013109,-2.08702364707387,-2.0870293185863,-2.08703508224604,-2.08704093558961,-2.08704687611471,-2.08705290128269,-2.08705900852086,-2.08706519522486,-2.08707145876107,-2.08707779646891,-2.08708420566317,-2.08709068363629,-2.08709722766066,-2.08710383499106,-2.08711050286719,-2.08711722851648,-2.0871240091571,-2.08713084200112,-2.08713772425766,-2.08714465313622,-2.08715162584998,-2.08715863961912,-2.08716569167409,-2.08717277925866,-2.08717989963303,-2.08718705007675,-2.08719422789164,-2.08720143040462,-2.08720865497056,-2.0872158989751,-2.0872231598372,-2.08723043501176,-2.08723772199202,-2.08724501831213,-2.08725232154955,-2.08725962932772,-2.08726693931865,-2.0872742492456,-2.08728155688571,-2.08728886007252,-2.08729615669843,-2.08730344471697,-2.08731072214497,-2.0873179870646,-2.08732523762542,-2.08733247204646,-2.08733968861827,-2.08734688570503,-2.0873540617464,-2.08736121525912,-2.08736834483827,-2.08737544915826,-2.08738252697347,-2.08738957711878,-2.08739659850981,-2.08740359014311,-2.0874105510963,-2.087417480528,-2.08742437767764,-2.08743124186507,-2.08743807249007,-2.08744486903176,-2.08745163104784,-2.08745835817374,-2.08746505012173,-2.0874717066799,-2.08747832771103,-2.08748491315116,-2.08749146300807,-2.08749797735956,-2.08750445635172,-2.08751090019707,-2.08751730917258,-2.08752368361772,-2.08753002393232,-2.08753633057434,-2.08754260405718,-2.08754884494696,-2.08755505385968,-2.08756123145858,-2.08756737845125,-2.08757349558671,-2.0875795836523,-2.08758564347054,-2.08759167589589,-2.08759768181166,-2.08760366212689,-2.08760961777319,-2.08761554970179,-2.08762145888066,-2.08762734629179,-2.08763321292846,-2.08763905979244,-2.08764488789111,-2.08765069823473,-2.08765649183384,-2.08766226969693,-2.08766803282802,-2.08767378222431,-2.08767951887389,-2.08768524375339,-2.08769095782546,-2.08769666203637,-2.08770235731354,-2.08770804456322,-2.08771372466824,-2.08771939848609,-2.08772506684708,-2.08773073055259,-2.08773639037334,-2.08774204704774,-2.08774770128036,-2.08775335374039,-2.08775900505987,-2.08776465583183,-2.08777030660837,-2.08777595789905,-2.08778161016936,-2.08778726383933,-2.08779291928243,-2.08779857682455,-2.08780423674304,-2.08780989926571,-2.0878155645702,-2.08782123278346,-2.08782690398142,-2.08783257818866,-2.0878382553782,-2.08784393547111,-2.08784961833629,-2.08785530379043,-2.08786099159808,-2.08786668147177,-2.08787237307202,-2.08787806600739,-2.08788375983456,-2.08788945405853,-2.08789514813288,-2.08790084146016,-2.08790653339257,-2.0879122232325,-2.08791791023309,-2.08792359359869,-2.08792927248541,-2.08793494600181,-2.08794061320975,-2.08794627312521,-2.08795192471913,-2.08795756691807,-2.08796319860486,-2.08796881861942,-2.08797442575966,-2.08798001878286,-2.08798559640719,-2.08799115731362,-2.08799670014798,-2.08800222352332,-2.08800772602238,-2.08801320620029,-2.08801866258723,-2.08802409369119,-2.08802949800044,-2.08803487398614,-2.08804022010481,-2.08804553480088,-2.08805081650924,-2.08805606365788,-2.08806127467068,-2.08806644797019,-2.08807158198061,-2.08807667513088,-2.08808172585786,-2.0880867326095,-2.08809169384805,-2.08809660805302,-2.08810147372386,-2.08810628938237,-2.08811105357489,-2.08811576487409,-2.08812042188056,-2.08812502322429,-2.08812956756598,-2.08813405359813,-2.0881384800459,-2.08814284566801,-2.0881471492575,-2.08815138964254,-2.08815556568719,-2.08815967629225,-2.08816372039604,-2.08816769697514,-2.08817160504493,-2.08817544366035,-2.08817921191678,-2.08818290895124,-2.08818653394361,-2.08819008611809,-2.08819356474451,-2.08819696913956,-2.08820029866798,-2.08820355274378,-2.08820673083132,-2.0882098324465,-2.08821285715779,-2.08821580458748,-2.08821867441276,-2.08822146636669,-2.08822418023931,-2.08822681587875,-2.08822937319246,-2.08823185214834,-2.08823425277592,-2.0882365751673,-2.08823881947803,-2.08824098592799,-2.08824307480223,-2.08824508645163,-2.08824702129322,-2.08824887981042,-2.08825066255333,-2.08825237013875,-2.0882540032502,-2.08825556263789,-2.08825704911876,-2.08825846357644,-2.08825980696113,-2.08826108028933,-2.0882622846432,-2.08826342116978,-2.08826449107992,-2.08826549564713,-2.08826643620636,-2.08826731415277,-2.08826813094059,-2.08826888808191,-2.08826958714553,-2.08827022975544,-2.08827081758925,-2.0882713523763,-2.08827183589542,-2.08827226997223,-2.08827265647618,-2.08827299731754,-2.08827329444458,-2.08827354984038,-2.08827376551945,-2.08827394352413,-2.08827408592105,-2.08827419479748,-2.08827427225783,-2.08827432042001,-2.08827434141183,-2.08827433736763,-2.08827431042487,-2.08827426272069,-2.08827419638832,-2.08827411355347,-2.08827401633059,-2.08827390681927,-2.08827378710045,-2.08827365923286,-2.08827352524946,-2.088273387154,-2.0882732469177,-2.08827310647612,-2.08827296772611,-2.08827283252301,-2.08827270267817,-2.08827257995692,-2.08827246607674,-2.08827236270585,-2.08827227146186,-2.08827219391074,-2.088272131566,-2.08827208588796,-2.08827205828311,-2.08827205010352,-2.08827206264644,-2.088272097154,-2.08827215481312,-2.0882722367553,-2.08827234405653,-2.08827247773725,-2.08827263876215,-2.08827282803997,-2.08827304642352,-2.08827329470984,-2.08827357364039,-2.08827388390143,-2.08827422612442,-2.08827460088633,-2.08827500871,-2.08827545006462,-2.08827592536647,-2.08827643497989,-2.08827697921847,-2.08827755834625,-2.08827817257876,-2.08827882208414,-2.08827950698436,-2.08828022735623,-2.08828098323242,-2.0882817746024,-2.08828260141337,-2.08828346357119,-2.08828436094138,-2.08828529335019,-2.0882862605857,-2.08828726239869,-2.08828829850347,-2.08828936857868,-2.08829047226813,-2.08829160918153,-2.0882927788953,-2.08829398095324,-2.08829521486705,-2.08829648011683,-2.08829777615167,-2.08829910239028,-2.08830045822165,-2.08830184300567,-2.08830325607373,-2.08830469672947,-2.0883061642496,-2.08830765788476,-2.08830917686031,-2.08831072037718,-2.08831228761269,-2.08831387772152,-2.08831548983657,-2.08831712306981,-2.08831877651292,-2.08832044923791,-2.08832214029766,-2.08832384872656,-2.08832557354118,-2.08832731374088,-2.08832906830844,-2.08833083621071,-2.08833261639943,-2.08833440781206,-2.08833620937268,-2.08833801999278,-2.08833983857212,-2.08834166399955,-2.08834349515381,-2.08834533090456,-2.08834717011342,-2.08834901163504,-2.08835085431834,-2.08835269700787,-2.08835453854521,-2.08835637777046,-2.08835821352381,-2.0883600446471,-2.08836186998538,-2.08836368838845,-2.08836549871234,-2.08836729982099,-2.08836909058788,-2.08837086989786,-2.08837263664923,-2.08837438975584,-2.08837612814927,-2.08837785078096,-2.08837955662445,-2.08838124467759,-2.08838291396461,-2.08838456353794,-2.08838619247981,-2.08838779990363,-2.08838938495506,-2.08839094681305,-2.0883924846909,-2.08839399783709,-2.08839548553602,-2.08839694710884,-2.08839838191417,-2.0883997893489,-2.08840116884887,-2.08840251988948,-2.08840384198626,-2.08840513469539,-2.08840639761405,-2.08840763038076,-2.08840883267562,-2.08841000422047,-2.08841114477881,-2.08841225415558,-2.08841333219674,-2.08841437878887,-2.08841539385877,-2.08841637737299,-2.08841732933731,-2.0884182497962,-2.08841913883216,-2.08841999656513,-2.08842082315177,-2.08842161878476,-2.08842238369191,-2.08842311813518,-2.08842382240964,-2.08842449684226,-2.08842514179081,-2.0884257576429,-2.08842634481471,-2.08842690374971,-2.08842743491701,-2.08842793880984,-2.08842841594377,-2.08842886685525,-2.08842929210029,-2.08842969225311,-2.08843006790466,-2.08843041966104,-2.08843074814188,-2.0884310539787,-2.08843133781348,-2.08843160029709,-2.08843184208799,-2.08843206385091,-2.08843226625582,-2.088432449977,-2.08843261569215,-2.08843276408167,-2.08843289582798,-2.08843301161501,-2.08843311212777,-2.08843319805185,-2.08843327007281,-2.08843332887546,-2.0884333751432,-2.08843340955738,-2.08843343279659,-2.08843344553594,-2.08843344844643,-2.08843344219451,-2.08843342744171,-2.08843340484431,-2.08843337505294,-2.08843333871215,-2.08843329645984,-2.08843324892668,-2.0884331967355,-2.08843314050068,-2.08843308082752,-2.08843301831166,-2.08843295353866,-2.08843288708357,-2.08843281951048,-2.0884327513718,-2.0884326832078,-2.08843261554613,-2.08843254890158,-2.08843248377601,-2.08843242065834,-2.08843236002484,-2.08843230233938,-2.08843224805374,-2.08843219760776,-2.08843215142942,-2.08843210993481,-2.08843207352808,-2.08843204260127,-2.08843201753407,-2.08843199869342,-2.08843198643288,-2.08843198109198,-2.08843198299554,-2.08843199245298,-2.08843200975752,-2.08843203518548,-2.08843206899547,-2.08843211142766,-2.0884321627031,-2.08843222302316,-2.08843229256898,-2.08843237150115,-2.0884324599594,-2.08843255806243,-2.08843266590767,-2.08843278357096,-2.08843291110629,-2.08843304854573,-2.0884331958995,-2.08843335315611,-2.08843352028246,-2.08843369722393,-2.08843388390424,-2.08843408022536,-2.0884342860673,-2.08843450128806,-2.08843472572356,-2.08843495918748,-2.08843520147129,-2.08843545234402,-2.08843571155212,-2.08843597881938,-2.08843625384682,-2.08843653631263,-2.08843682587208,-2.08843712215747,-2.08843742477826,-2.08843773332143,-2.08843804735206,-2.0884383664139,-2.08843869003003,-2.08843901770344,-2.0884393489177,-2.08843968313758,-2.08844001980966,-2.08844035836297,-2.08844069820962,-2.08844103874538,-2.08844137935025,-2.08844171938911,-2.0884420582123,-2.08844239515627,-2.08844272954419,-2.08844306068663,-2.08844338788224,-2.08844371041842,-2.08844402757206,-2.08844433861022,-2.08844464279097,-2.08844493936433,-2.08844522757353,-2.08844550665632,-2.08844577584634,-2.08844603437442,-2.08844628147014,-2.08844651636322,-2.0884467382852,-2.08844694647105,-2.08844714016093,-2.08844731860179,-2.0884474810489,-2.08844762676735,-2.08844775503353,-2.08844786513661,-2.08844795637993,-2.08844802808237,-2.08844807957987,-2.08844811022683,-2.08844811939756,-2.08844810648765,-2.08844807091534,-2.08844801212296,-2.08844792957828,-2.08844782277585,-2.08844769123807,-2.0884475345163,-2.08844735219191,-2.0884471438774,-2.08844690921748,-2.08844664789003,-2.08844635960709,-2.08844604411593,-2.08844570120008,-2.08844533068034,-2.08844493241598,-2.08844450630574,-2.0884440522889,-2.08844357034624,-2.08844306050106,-2.08844252282015,-2.08844195741457,-2.08844136444031,-2.08844074409901,-2.08844009663859,-2.08843942235386,-2.08843872158689,-2.0884379947274,-2.0884372422131,-2.08843646453,-2.08843566221261,-2.08843483584415,-2.08843398605654,-2.08843311353032,-2.0884322189945,-2.08843130322627,-2.08843036705071,-2.08842941134042,-2.08842843701514,-2.08842744504119,-2.08842643643085,-2.08842541224154,-2.08842437357526,-2.08842332157803,-2.08842225743922,-2.08842118239069,-2.08842009770611,-2.08841900470003,-2.08841790472682,-2.08841679917951,-2.08841568948852,-2.08841457712017,-2.0884134635751,-2.08841235038644,-2.08841123911817,-2.08841013136329,-2.08840902874175,-2.08840793289835,-2.08840684550058,-2.0884057682364,-2.08840470281181,-2.08840365094836,-2.08840261438055,-2.08840159485319,-2.0884005941187,-2.08839961393429,-2.08839865605908,-2.08839772225131,-2.08839681426562,-2.08839593385023,-2.08839508274397,-2.08839426267324,-2.08839347534898,-2.08839272246377,-2.08839200568879,-2.08839132667091,-2.08839068702973,-2.08839008835459,-2.08838953220193,-2.08838902009254,-2.08838855350911,-2.08838813389371,-2.08838776264535,-2.08838744111769,-2.08838717061657,-2.08838695239757,-2.08838678766354,-2.08838667756241,-2.08838662318493,-2.08838662556278,-2.08838668566651,-2.08838680440358,-2.08838698261632,-2.08838722108,-2.08838752050093,-2.08838788151468,-2.08838830468435,-2.08838879049888,-2.08838933937154,-2.08838995163836,-2.08839062755656,-2.08839136730327,-2.08839217097404,-2.08839303858153,-2.08839397005425,-2.08839496523516,-2.08839602388045,-2.08839714565847,-2.08839833014887,-2.08839957684172,-2.08840088513666,-2.08840225434198,-2.08840368367386,-2.08840517225562,-2.08840671911697,-2.08840832319332,-2.08840998332513,-2.08841169825768,-2.08841346664098,-2.08841528702995,-2.08841715788463,-2.08841907757064,-2.08842104435961,-2.08842305642984,-2.0884251118668,-2.088427208664,-2.08842934472395,-2.0884315178594,-2.08843372579468,-2.08843596616713,-2.08843823652863,-2.08844053434733,-2.0884428570096,-2.08844520182202,-2.08844756601384,-2.0884499467397,-2.08845234108257,-2.08845474605689,-2.08845715861188,-2.0884595756349,-2.08846199395514,-2.08846441034745,-2.08846682153639,-2.08846922420037,-2.08847161497591,-2.08847399046196,-2.08847634722438,-2.0884786818005,-2.08848099070398,-2.08848327042997,-2.08848551746055,-2.08848772827022,-2.08848989933134,-2.08849202711954,-2.0884941081194,-2.08849613883024,-2.08849811577206,-2.08850003549153,-2.08850189456807,-2.08850368962004,-2.08850541731103,-2.08850707435623,-2.08850865752882,-2.08851016366653,-2.08851158967819,-2.0885129325504,-2.08851418935417,-2.08851535725158,-2.08851643350235,-2.08851741547036,-2.08851830063009,-2.08851908657292,-2.08851977101337,-2.08852035179517,-2.08852082689709,-2.08852119443885,-2.08852145268711,-2.08852160006123,-2.0885216351389,-2.08852155666155,-2.08852136353964,-2.08852105485779,-2.08852062987962,-2.08852008805252,-2.0885194290121,-2.08851865258653,-2.0885177588006,-2.08851674787976,-2.08851562025388,-2.08851437656088,-2.08851301765005,-2.08851154458501,-2.08850995864625,-2.0885082613333,-2.08850645436629,-2.08850453968717,-2.08850251946043,-2.08850039607353,-2.08849817213694,-2.08849585048381,-2.08849343416914,-2.08849092646866,-2.08848833087738,-2.08848565110797,-2.08848289108886,-2.08848005496204,-2.08847714708054,-2.08847417200552,-2.08847113450283,-2.08846803953918,-2.08846489227774,-2.08846169807325,-2.08845846246653,-2.08845519117853,-2.0884518901039,-2.08844856530434,-2.08844522300152,-2.08844186956953,-2.08843851152696,-2.08843515552849,-2.08843180835615,-2.08842847691001,-2.08842516819824,-2.08842188932669,-2.08841864748802,-2.08841544995028,-2.08841230404488,-2.08840921715399,-2.08840619669742,-2.08840325011901,-2.08840038487262,-2.08839760840782,-2.08839492815508,-2.08839235151053,-2.0883898858204,-2.08838753836496,-2.08838531634213,-2.08838322685052,-2.08838127687208,-2.08837947325446,-2.08837782269319,-2.08837633171362,-2.08837500665259,-2.0883738536398,-2.08837287857898,-2.08837208712898,-2.08837148468465,-2.08837107635759,-2.08837086695675,-2.088370860969,-2.08837106253954,-2.0883714754521,-2.08837210310898,-2.08837294851099,-2.08837401423717,-2.08837530242448,-2.08837681474731,-2.08837855239707,-2.08838051606167,-2.08838270590482,-2.08838512154526,-2.08838776203584,-2.08839062584246,-2.08839371082309,-2.08839701420672,-2.0884005325724,-2.08840426182827,-2.08840819719075,-2.08841233316361,-2.08841666351731,-2.08842118126844,-2.08842587865929,-2.08843074713767,-2.08843577733701,-2.0884409590568,-2.08844628124312,-2.08845173196969,-2.08845729841938,-2.08846296686606,-2.08846872265665,-2.08847455019378,-2.08848043291867,-2.08848635329443,-2.08849229278971,-2.0884982318627,-2.0885041499456,-2.08851002542936,-2.0885158356488,-2.08852155686829,-2.08852716426796,-2.08853263193066,-2.08853793282946,-2.0885430388159,-2.08854792060903,-2.08855254778528,-2.08855688876937,-2.08856091082602,-2.0885645800526,-2.0885678613726,-2.0885707185301,-2.08857311408526,-2.08857500941064,-2.08857636468847,-2.08857713890876,-2.08857728986833,-2.08857677417074,-2.0885755472273,-2.08857356325915,-2.08857077530034,-2.08856713520181,-2.08856259363668,-2.08855710010658,-2.08855060294922,-2.08854304934684,-2.08853438533573,-2.08852455581682,-2.08851350456746,-2.08850117425436,-2.08848750644783,-2.08847244163738,-2.08845591924843,-2.08843787766014,-2.08841825422439,-2.08839698528612,-2.0883740062048,-2.08834925137702,-2.08832265426004,-2.0882941473965,-2.08826366244027,-2.08823113018339,-2.08819648058414,-2.08815964279629,-2.08812054519966,-2.08807911543197,-2.08803528042179,-2.0879889664226,-2.08794009904802,-2.08788860330808,-2.08783440364659,-2.08777742397946,-2.08771758773419,-2.08765481789035,-2.08758903702132,-2.08752016733689,-2.08744813072681,-2.08737284880533,-2.08729424295664,-2.08721223438133,-2.08712674414371,-2.08703769322004,-2.08694500254758,-2.0868485930744,-2.08674838580955,-2.08664430187398,-2.08653626255225,-2.08642418934467,-2.08630800402,-2.08618762866836,-2.08606298575445,-2.08593399817117,-2.08580058929352,-2.08566268303293,-2.08552020389184,-2.08537307701853,-2.08522122826203,-2.08506458422726,-2.08490307233013,-2.08473662085289,-2.08456515899921,-2.08438861694927,-2.08420692591468,-2.08402001819329,-2.08382782722388,-2.08363028764066,-2.08342733532727,-2.08321890747043,-2.08300494261287,-2.08278538070583,-2.08256016316116,-2.08232923290262,-2.08209253441656,-2.08185001380168,-2.08160161881792,-2.0813472989345,-2.08108700537692,-2.0808206911729,-2.08054831119713,-2.08026982221484,-2.07998518292411,-2.07969435399698,-2.07939729811908,-2.0790939800276,-2.07878436654768,-2.07846842662712,-2.07814613136949,-2.07781745406554,-2.07748237022283,-2.07714085759349,-2.07679289619985,-2.07643846835799,-2.07607755869879,-2.0757101541871,-2.07533624413855,-2.07495582023417,-2.07456887653255,-2.07417540947959,-2.07377541791584,-2.0733689030816,-2.0729558686196,-2.0725363205754,-2.07211026739549,-2.07167771992289,-2.07123869139031,-2.07079319741093,-2.07034125596663,-2.06988288739369,-2.06941811436593,-2.06894696187522,-2.06846945720937,-2.06798562992729,-2.06749551183145,-2.06699913693733,-2.06649654144013,-2.0659877636787,-2.06547284409675,-2.06495182520141,-2.06442475151929,-2.0638916695499,-2.06335262771692,-2.06280767631714,-2.06225686746708,-2.06170025504715,-2.06113789464322,-2.06056984348595,-2.05999616038791,-2.05941690567857,-2.05883214113712,-2.05824192992312,-2.0576463365051,-2.05704542658712,-2.0564392670334,-2.05582792579115,-2.05521147181155,-2.05458997496912,-2.05396350597955,-2.053332136316,-2.052695938124,-2.05205498413506,-2.05140934757886,-2.05075910209421,-2.05010432163912,-2.04944508039999,-2.04878145269985,-2.04811351290598,-2.04744133533702,-2.04676499416977,-2.04608456334565,-2.04540011647711,-2.0447117267538,-2.04401946684877,-2.04332340882483,-2.04262362404126,-2.04192018306089,-2.0412131555578,-2.04050261022584,-2.03978861468765,-2.0390712354046,-2.03835053758754,-2.03762658510876,-2.0368994404151,-2.03616916444226,-2.03543581653039,-2.03469945434109,-2.03396013377613,-2.03321790889778,-2.03247283185099,-2.03172495278747,-2.03097431979189,-2.03022097881017,-2.02946497358018,-2.02870634556482,-2.02794513388771,-2.0271813752714,-2.02641510397804,-2.02564635175281,-2.0248751477702,-2.02410151858328,-2.02332548807601,-2.02254707741854,-2.02176630502571,-2.02098318651882,-2.02019773469051,-2.01940995947303,-2.01861986791,-2.01782746413156,-2.01703274933312,-2.01623572175746,-2.01543637668056,-2.0146347064008,-2.01383070023175,-2.01302434449839,-2.01221562253674,-2.01140451469704,-2.01059099835056,-2.00977504790022,-2.0089566347945,-2.00813572754509,-2.0073122917478,-2.00648629010697,-2.00565768246331,-2.00482642582531,-2.00399247440405,-2.00315577965147,-2.00231629030225,-2.00147395241913,-2.00062870944145,-1.99978050223694,-1.99892926915661,-1.99807494609284,-1.99721746654049,-1.99635676166079,-1.99549276034812,-1.99462538929947,-1.99375457308663,-1.99288023423122,-1.99200229328227,-1.99112066889634,-1.99023527791998,-1.98934603547453,-1.98845285504293,-1.98755564855862,-1.98665432649651,-1.98574879796582,-1.98483897080458,-1.98392475167593,-1.98300604616581,-1.9820827588822,-1.98115479355541,-1.98022205313974,-1.97928443991604,-1.97834185559541,-1.97739420142381,-1.97644137828761,-1.97548328681993,-1.97451982750787,-1.97355090080006,-1.97257640721457,-1.97159624744681,-1.97061032247745,-1.9696185336802,-1.96862078292917,-1.96761697270589,-1.96660700620591,-1.96559078744486,-1.96456822136397,-1.96353921393479,-1.96250367226294,-1.96146150469117,-1.96041262090152,-1.95935693201637,-1.95829435069851,-1.95722479124977,-1.95614816970817,-1.95506440394339,-1.95397341375049,-1.95287512094175,-1.9517694494368,-1.95065632535074,-1.94953567708019,-1.94840743538737,-1.94727153348194,-1.94612790710077,-1.94497649458546,-1.94381723695755,-1.94265007799149,-1.94147496428501,-1.94029184532674,-1.93910067356125,-1.93790140445153,-1.93669399653881,-1.93547841149964,-1.93425461420013,-1.93302257274734,-1.93178225853772,-1.93053364630259,-1.92927671415044,-1.92801144360636,-1.92673781964854,-1.92545583074195,-1.92416546886904,-1.92286672955753,-1.92155961190554,-1.92024411860371,-1.91892025595456,-1.91758803388898,-1.91624746597984,-1.91489856945273,-1.9135413651938,-1.91217587775443,-1.91080213535286,-1.90942016987264,-1.90803001685831,-1.90663171550798,-1.90522530866283,-1.90381084279386,-1.90238836798575,-1.90095793791805,-1.89951960984364,-1.8980734445645,-1.89661950640475,-1.89515786318088,-1.89368858616908,-1.89221175006973,-1.89072743296925,-1.88923571629933,-1.88773668479375,-1.88623042644267,-1.88471703244448,-1.88319659715524,-1.88166921803577,-1.88013499559641,-1.87859403333954,-1.87704643769973,-1.87549231798179,-1.87393178629678,-1.87236495749613,-1.87079194910406,-1.86921288124819,-1.86762787658847,-1.86603706024425,-1.86444055971985,-1.86283850482845,-1.86123102761457,-1.85961826227501,-1.85800034507805,-1.856377414281,-1.85474961004602,-1.85311707435449,-1.85147995092022,-1.84983838510142,-1.84819252381163,-1.8465425154294,-1.844888509707,-1.8432306576781,-1.84156911156454,-1.8399040246822,-1.83823555134606,-1.83656384677439,-1.83488906699211,-1.83321136873348,-1.831530909344,-1.82984784668183,-1.82816233901855,-1.82647454493943,-1.82478462324318,-1.82309273284122,-1.82139903265659,-1.81970368152271,-1.81800683808161,-1.81630866068191,-1.81460930727671,-1.81290893532156,-1.8112077016725,-1.80950576248427,-1.80780327310879,-1.806100387994,-1.80439726058314,-1.80269404321453,-1.80099088702166,-1.79928794183392,-1.79758535607788,-1.79588327667928,-1.79418184896581,-1.79248121657064,-1.79078152133646,-1.78908290322039,-1.78738550019978,-1.78568944817898,-1.78399488089702,-1.78230192983648,-1.78061072413333,-1.77892139048797,-1.77723405307751,-1.77554883346968,-1.77386585053828,-1.77218522038022,-1.77050705623439,-1.76883146840233,-1.76715856417065,-1.76548844773525,-1.76382122012739,-1.76215697914171,-1.76049581926619,-1.75883783161441,-1.75718310386011,-1.75553172017413,-1.7538837611637,-1.752239303814,-1.75059842143231,-1.74896118359445,-1.74732765609387,-1.74569790089335,-1.74407197607938,-1.74244993581927,-1.74083183032098,-1.73921770579593,-1.73760760442491,-1.73600156432679,-1.73439961953026,-1.73280179994856,-1.73120813135743,-1.72961863537627,-1.72803332945259,-1.72645222684966,-1.72487533663745,-1.72330266368691,-1.72173420866743,-1.72016996804759,-1.7186099340993,-1.7170540949056,-1.71550243437175,-1.71395493223983,-1.71241156410651,-1.71087230144424,-1.70933711162589,-1.70780595795305,-1.70627879968784,-1.70475559208804,-1.7032362864459,-1.70172083013046,-1.70020916663371,-1.69870123562038,-1.69719697298117,-1.69569631088938,-1.69419917786076,-1.69270549881661,-1.69121519515004,-1.68972818479561,-1.68824438230202,-1.68676369890786,-1.6852860426205,-1.68381131829808,-1.68233942773439,-1.6808702697472,-1.67940374026959,-1.67793973244442,-1.67647813672155,-1.67501884095786,-1.67356173051991,-1.67210668838951,-1.670653595272,-1.66920232970716,-1.6677527681824,-1.66630478524843,-1.66485825363721,-1.66341304438217,-1.66196902694016,-1.66052606931551,-1.65908403818582,-1.65764279902981,-1.65620221625689,-1.65476215333809,-1.65332247293839,-1.65188303705031,-1.65044370712884,-1.6490043442275,-1.64756480913535,-1.64612496251466,-1.64468466503935,-1.64324377753393,-1.64180216111286,-1.64035967732019,-1.63891618826932,-1.63747155678269,-1.6360256465313,-1.63457832217389,-1.63312944949573,-1.63167889554675,-1.63022652877906,-1.62877221918361,-1.62731583842575,-1.62585725997971,-1.6243963592617,-1.62293301376159,-1.62146710317306,-1.61999850952205,-1.61852711729343,-1.61705281355588,-1.61557548808445,-1.61409503348092,-1.61261134529167,-1.61112432212305,-1.60963386575407,-1.60813988124636,-1.60664227705108,-1.60514096511293,-1.60363586097098,-1.6021268838562,-1.60061395678561,-1.59909700665271,-1.59757596431421,-1.59605076467269,-1.5945213467553,-1.5929876537885,-1.59144963326861,-1.58990723702838,-1.58836042129926,-1.58680914676946,-1.58525337863762,-1.58369308666168,-1.58212824520319,-1.58055883326679,-1.57898483453516,-1.57740623739915,-1.57582303498318,-1.57423522516584,-1.57264281059559,-1.57104579870152,-1.56944420169894,-1.56783803659003,-1.5662273251594,-1.56461209396459,-1.56299237432161,-1.56136820228544,-1.5597396186255,-1.55810666879591,-1.5564694029008,-1.55482787565445,-1.55318214633659,-1.55153227874277,-1.54987834112981,-1.54822040615651,-1.54655855081946,-1.54489285638415,-1.54322340831145,-1.54155029617954,-1.5398736136015,-1.53819345813845,-1.53650993120861,-1.534823137992,-1.53313318733103,-1.53144019162705,-1.52974426673293,-1.52804553184198,-1.52634410937318,-1.52464012485285,-1.52293370679299,-1.52122498656628,-1.51951409827788,-1.51780117863428,-1.51608636680918,-1.51436980430665,-1.51265163482172,-1.51093200409872,-1.50921105978733,-1.5074889512967,-1.50576582964776,-1.50404184732379,-1.50231715811947,-1.50059191698856,-1.49886627989059,-1.49714040363632,-1.49541444573236,-1.49368856422516,-1.49196291754428,-1.49023766434537,-1.48851296335296,-1.48678897320314,-1.48506585228634,-1.48334375859042,-1.48162284954425,-1.47990328186211,-1.47818521138891,-1.47646879294648,-1.47475418018112,-1.4730415254126,-1.47133097948493,-1.46962269161886,-1.46791680926638,-1.46621347796735,-1.46451284120822,-1.46281504028323,-1.46112021415789,-1.45942849933532,-1.45774002972524,-1.45605493651601,-1.45437334804981,-1.45269538970107,-1.45102118375836,-1.44935084930986,-1.4476845021325,-1.44602225458501,-1.44436421550481,-1.44271049010892,-1.44106117989911,-1.439416382571,-1.4377761919276,-1.4361406977973,-1.43450998595629,-1.43288413805553,-1.43126323155214,-1.42964733964539,-1.42803653121759,-1.42643087077988,-1.42483041842293,-1.42323522977273,-1.42164535595131,-1.42006084354262,-1.41848173456328,-1.41690806643855,-1.41533987198316,-1.41377717938735,-1.41222001220784,-1.41066838936394,-1.40912232513872,-1.40758182918528,-1.40604690653788,-1.40451755762803,-1.40299377830555,-1.40147555986445,-1.39996288907365,-1.39845574821242,-1.39695411511067,-1.39545796319369,-1.39396726153165,-1.39248197489349,-1.39100206380522,-1.38952748461277,-1.38805818954903,-1.38659412680502,-1.38513524060502,-1.38368147128562,-1.3822327553787,-1.38078902569842,-1.37935021143173,-1.3779162382326,-1.37648702831941,-1.37506250057562,-1.37364257065374,-1.37222715108225,-1.37081615137544,-1.36940947814586,-1.36800703521956,-1.36660872375371,-1.36521444235658,-1.36382408720963,-1.36243755219169,-1.36105472900495,-1.35967550730274,-1.35829977481892,-1.35692741749858,-1.35555831963001,-1.3541923639776,-1.35282943191584,-1.35146940356393,-1.35011215792117,-1.34875757300284,-1.34740552597666,-1.34605589329942,-1.34470855085357,-1.34336337408367,-1.34202023813243,-1.34067901797659,-1.3393395885621,-1.3380018249389,-1.33666560239472,-1.3353307965882,-1.33399728368093,-1.33266494046842,-1.33133364450956,-1.33000327425466,-1.32867370917187,-1.32734482987192,-1.326016518231,-1.32468865751161,-1.32336113248148,-1.32203382953045,-1.32070663678502,-1.31937944422055,-1.31805214377101,-1.31672462943611,-1.31539679738606,-1.31406854606372,-1.31273977628396,-1.31141039133024,-1.31008029704823,-1.30874940193645,-1.30741761723386,-1.30608485700409,-1.30475103821641,-1.30341608082344,-1.3020799078357,-1.30074244539288,-1.29940362283172,-1.29806337275052,-1.2967216310702,-1.29537833709186,-1.29403343355089,-1.29268686666767,-1.29133858619484,-1.28998854546094,-1.28863670141073,-1.28728301464208,-1.28592744943944,-1.28456997380359,-1.283210559478,-1.28184918197176,-1.28048582057908,-1.27912045839542,-1.27775308233027,-1.27638368311643,-1.27501225531599,-1.27363879732292,-1.27226331136262,-1.2708858034882,-1.26950628357365,-1.26812476530382,-1.2667412661613,-1.26535580741034,-1.26396841407774,-1.26257911493073,-1.26118794245208,-1.25979493281236,-1.2584001258393,-1.25700356498461,-1.25560529728804,-1.25420537333886,-1.2528038472348,-1.25140077653845,-1.24999622223146,-1.24859024866629,-1.24718292351594,-1.24577431772143,-1.24436450543718,-1.24295356397435,-1.24154157374224,-1.24012861818777,-1.23871478373316,-1.23730015971187,-1.23588483830274,-1.2344689144627,-1.23305248585785,-1.23163565279313,-1.23021851814075,-1.22880118726733,-1.22738376795991,-1.22596637035081,-1.22454910684123,-1.22313209202385,-1.22171544260455,-1.22029927732339,-1.21888371687486,-1.21746888382753,-1.2160549025432,-1.21464189909549,-1.21323000118798,-1.21181933807184,-1.21041004046346,-1.20900224046165,-1.20759607146464,-1.20619166808674,-1.20478916607486,-1.20338870222511,-1.20199041429941,-1.20059444094234,-1.19920092159826,-1.19780999642879,-1.19642180623038,-1.19503649235218,-1.1936541966143,-1.19227506122667,-1.19089922870856,-1.18952684180858,-1.18815804342554,-1.18679297652992,-1.18543178408628,-1.18407460897642,-1.18272159392333,-1.1813728814159,-1.18002861363445,-1.17868893237719,-1.17735397898751,-1.17602389428225,-1.17469881848096,-1.17337889113629,-1.17206425106549,-1.170755036283,-1.16945138393429,-1.1681534302308,-1.16686131038613,-1.16557515855349,-1.16429510776442,-1.16302128986883,-1.16175383547618,-1.16049287389792,-1.15923853309112,-1.15799093960346,-1.15675021851954,-1.15551649340857,-1.1542898862733,-1.1530705175003,-1.15185850581156,-1.15065396821751,-1.14945701997127,-1.14826777452439,-1.14708634348394,-1.14591283657107,-1.14474736158088,-1.14359002434365,-1.14244092868746,-1.14130017640211,-1.14016786720427,-1.13904409870414,-1.1379289663735,-1.13682256351521,-1.13572498123406,-1.1346363084089,-1.13355663166622,-1.13248603535499,-1.13142460152294,-1.13037240989394,-1.12932953784689,-1.12829606039567,-1.1272720501704,-1.1262575773997,-1.12525270989417,-1.12425751303122,-1.12327204974118,-1.12229638049466,-1.12133056329101,-1.12037465364805,-1.11942870459291,-1.1184927666542,-1.11756688785535,-1.11665111370901,-1.11574548721253,-1.1148500488445,-1.11396483656225,-1.11308988580046,-1.11222522947083,-1.11137089796271,-1.11052691914475,-1.10969331836751,-1.10887011846705,-1.10805733976936,-1.10725500009558,-1.10646311476809,-1.1056816966173,-1.10491075598946,-1.1041503007553,-1.10340033631965,-1.10266086563204,-1.10193188919796,-1.1012134050911,-1.10050540896637,-1.0998078940737,-1.09912085127258,-1.09844426904729,-1.09777813352284,-1.09712242848166,-1.0964771353809,-1.09584223337047,-1.09521769931157,-1.09460350779597,-1.09399963116597,-1.09340603953496,-1.09282270080871,-1.09224958070708,-1.09168664278639,-1.09113384846226,-1.09059115703306,-1.09005852570402,-1.08953590961191,-1.0890232618504,-1.08852053349614,-1.08802767363536,-1.087544629391,-1.08707134595033,-1.08660776659302,-1.08615383271952,-1.08570948388004,-1.08527465780386,-1.08484929042921,-1.08443331593343,-1.08402666676379,-1.08362927366875,-1.08324106572969,-1.08286197039311,-1.08249191350334,-1.0821308193355,-1.08177861062913,-1.08143520862205,-1.08110053308481,-1.08077450235543,-1.0804570333746,-1.08014804172132,-1.07984744164889,-1.07955514612129,-1.0792710668498,-1.07899511433008,-1.07872719787948,-1.07846722567488,-1.07821510479078,-1.07797074123779,-1.07773404000135,-1.0775049050807,-1.07728323952807,-1.0770689454881,-1.07686192423745,-1.0766620762248,-1.07646930111103,-1.07628349780957,-1.07610456452695,-1.07593239880353,-1.07576689755458,-1.07560795711149,-1.07545547326329,-1.07530934129801,-1.07516945604434,-1.07503571191311,-1.07490800293894,-1.07478622282173,-1.0746702649683,-1.07456002253388,-1.07445538846351,-1.07435625553349,-1.07426251639265,-1.07417406360374,-1.07409078968454,-1.074012587149,-1.07393934854811,-1.07387096651053,-1.07380733378283,-1.07374834326956,-1.07369388807305,-1.07364386153286,-1.07359815726494,-1.07355666920035,-1.07351929162366,-1.07348591921102,-1.0734564470679,-1.07343077076643,-1.07340878638204,-1.07339039052978,-1.07337548039995,-1.07336395379325,-1.07335570915537,-1.07335064561094,-1.07334866299708,-1.07334966189622,-1.07335354366831,-1.07336021048227,-1.07336956534665,-1.07338151213958,-1.07339595563795,-1.07341280154587,-1.07343195652225,-1.07345332820778,-1.07347682525107,-1.07350235733399,-1.07352983519623,-1.07355917065914,-1.0735902766488,-1.07362306721821,-1.07365745756857,-1.07369336406962,-1.07373070427909,-1.07376939696121,-1.0738093621044,-1.07385052093801,-1.07389279594819,-1.07393611089287,-1.07398039081566,-1.07402556205887,-1.07407155227573,-1.07411829044164,-1.07416570686457,-1.07421373319455,-1.07426230243199,-1.07431134893521,-1.07436080842676,-1.07441061799886,-1.07446071611792,-1.07451104262798,-1.07456153875326,-1.07461214709983,-1.07466281165626,-1.07471347779345,-1.07476409226367,-1.07481460319875,-1.07486496010745,-1.07491511387201,-1.07496501674393,-1.0750146223389,-1.07506388563095,-1.07511276294595,-1.07516121195433,-1.07520919166338,-1.07525666240876,-1.07530358584539,-1.07534992493765,-1.07539564394891,-1.07544070843041,-1.07548508520959,-1.0755287423778,-1.07557164927759,-1.07561377648938,-1.07565509581771,-1.07569558027693,-1.07573520407642,-1.07577394260537,-1.07581177241723,-1.07584867121375,-1.0758846178287,-1.07591959221135,-1.07595357540962,-1.07598654955302,-1.07601849783526,-1.07604940449671,-1.07607925480678,-1.07610803504612,-1.07613573248874,-1.07616233538401,-1.07618783293849,-1.07621221529777,-1.07623547352814,-1.0762575995983,-1.07627858636103,-1.07629842753499,-1.07631711768654,-1.0763346522118,-1.07635102731876,-1.07636624000946,-1.07638028806228,-1.07639317001417,-1.0764048851431,-1.07641543345059,-1.07642481564451,-1.07643303312214,-1.0764400879533,-1.07644598286386,-1.0764507212195,-1.07645430700975,-1.07645674483222,-1.076458039877,-1.07645819791135,-1.07645722526475,-1.07645512881408,-1.07645191596927,-1.07644759465907,-1.07644217331714,-1.07643566086829,-1.07642806671487,-1.07641940072361,-1.07640967321264,-1.0763988949389,-1.07638707708583,-1.07637423125149,-1.07636036943693,-1.07634550403463,-1.07632964781727,-1.07631281392668,-1.07629501586307,-1.07627626747435,-1.07625658294572,-1.07623597678948,-1.07621446383511,-1.07619205921981,-1.07616877837908,-1.07614463703755,-1.07611965119985,-1.07609383714183,-1.07606721140191,-1.07603979077257,-1.07601159229213,-1.07598263323658,-1.07595293111163,-1.07592250364488,-1.07589136877806,-1.07585954465944,-1.0758270496361,-1.07579390224644,-1.07576012121257,-1.07572572543301,-1.07569073397542,-1.07565516606949,-1.07561904109989,-1.07558237859923,-1.07554519824108,-1.07550751983302,-1.07546936330959,-1.0754307487254,-1.0753916962481,-1.07535222615135,-1.07531235880798,-1.07527211468311,-1.0752315143274,-1.07519057837024,-1.07514932751288,-1.07510778252159,-1.07506596422062,-1.07502389348524,-1.07498159123466,-1.07493907842477,-1.07489637604091,-1.07485350509033,-1.07481048659455,-1.07476734158157,-1.07472409107812,-1.07468075610168,-1.07463735765269,-1.07459391670647,-1.07455045420517,-1.07450699104952,-1.07446354809042,-1.07442014612026,-1.07437680586411,-1.07433354797077,-1.07429039300378,-1.07424736143226,-1.07420447362185,-1.07416174982546,-1.07411921017397,-1.07407687466682,-1.07403476316251,-1.07399289536912,-1.07395129083461,-1.07390996893715,-1.07386894887527,-1.07382824965816,-1.07378789009569,-1.07374788878837,-1.07370826411723,-1.07366903423359,-1.07363021704884,-1.07359183022411,-1.07355389116004,-1.07351641698668,-1.07347942455341,-1.07344293041886,-1.0734069508408,-1.07337150176593,-1.07333659881968,-1.07330225729594,-1.07326849214694,-1.07323531797299,-1.07320274901248,-1.07317079913185,-1.07313948181579,-1.07310881015745,-1.0730787968488,-1.07304945417111,-1.07302079398571,-1.07299282772492,-1.07296556638332,-1.07293902050913,-1.07291320019605,-1.07288811507535,-1.07286377430839,-1.07284018657957,-1.07281736008966,-1.07279530254956,-1.07277402117418,-1.07275352267665,-1.07273381326268,-1.07271489862543,-1.07269678394048,-1.0726794738612,-1.07266297251436,-1.07264728349599,-1.07263240986776,-1.0726183541535,-1.07260511833614,-1.07259270385485,-1.07258111160267,-1.07257034192441,-1.07256039461495,-1.07255126891797,-1.07254296352494,-1.07253547657462,-1.07252880565285,-1.07252294779274,-1.07251789947527,-1.07251365663036,-1.07251021463822,-1.07250756833135,-1.07250571199666,-1.07250463937817,-1.07250434368002,-1.07250481756998,-1.07250605318334,-1.07250804212712,-1.07251077548453,-1.0725142438198,-1.07251843718348,-1.0725233451182,-1.07252895666476,-1.07253526036874,-1.0725422442873,-1.07254989599639,-1.07255820259831,-1.07256715072941,-1.07257672656823,-1.07258691584383,-1.07259770384449,-1.07260907542676,-1.07262101502468,-1.07263350665936,-1.07264653394878,-1.07266008011793,-1.07267412800906,-1.07268866009218,-1.07270365847569,-1.07271910491716,-1.07273498083436,-1.07275126731641,-1.07276794513498,-1.07278499475564,-1.07280239634934,-1.07282012980392,-1.07283817473591,-1.07285651050242,-1.07287511621326,-1.07289397074328,-1.07291305274479,-1.07293234066009,-1.07295181273414,-1.07297144702725,-1.07299122142784,-1.07301111366542,-1.07303110132351,-1.07305116185279,-1.07307127258417,-1.07309141074197,-1.073111553457,-1.07313167777973,-1.07315176069336,-1.07317177912677,-1.07319170996757,-1.07321153007512,-1.07323121629356,-1.07325074546482,-1.07327009444147,-1.07328924009945,-1.07330815935082,-1.07332682915632,-1.07334522653776,-1.07336332859039,-1.07338111249509,-1.07339855553046,-1.07341563508486,-1.07343232866825,-1.073448613924,-1.07346446864057,-1.07347987076311,-1.07349479840486,-1.07350922985863,-1.07352314360793,-1.07353651833799,-1.07354933294639,-1.07356156655349,-1.07357319851267,-1.07358420842021,-1.07359457612503,-1.07360428173818,-1.07361330564192,-1.07362162849858,-1.07362923125905,-1.07363609517126,-1.07364220178841,-1.07364753297694,-1.07365207092413,-1.07365579814559,-1.07365869749237,-1.07366075215799,-1.0736619456852,-1.07366226197252,-1.07366168528053,-1.07366020023779,-1.07365779184655,-1.07365444548815,-1.07365014692834,-1.07364488232241,-1.07363863822015,-1.07363140157037,-1.07362315972519,-1.07361390044411,-1.07360361189794,-1.07359228267271,-1.07357990177338,-1.0735664586275,-1.0735519430887,-1.07353634543999,-1.07351965639682,-1.07350186711011,-1.073482969169,-1.07346295460344,-1.07344181588648,-1.07341954593625,-1.07339613811767,-1.07337158624385,-1.07334588457727,-1.07331902783063,-1.07329101116764,-1.07326183020359,-1.07323148100576,-1.07319996009352,-1.07316726443817,-1.0731333914627,-1.0730983390412,-1.07306210549821,-1.07302468960774,-1.07298609059224,-1.07294630812142,-1.07290534231081,-1.07286319372031,-1.07281986335258,-1.0727753526513,-1.07272966349933,-1.07268279821655,-1.07263475955765,-1.07258555070964,-1.07253517528938,-1.07248363734101,-1.07243094133352,-1.07237709215815,-1.07232209512565,-1.07226595596347,-1.07220868081286,-1.07215027622568,-1.07209074916121,-1.07203010698277,-1.07196835745438,-1.07190550873745,-1.07184156938736,-1.07177654834987,-1.07171045495747,-1.07164329892564,-1.07157509034893,-1.07150583969703,-1.07143555781069,-1.07136425589748,-1.07129194552755,-1.07121863862904,-1.07114434748348,-1.07106908472088,-1.07099286331478,-1.07091569657709,-1.07083759815281,-1.07075858201453,-1.07067866245679
0.100420819184487,0.100586811928025,0.100754307345815,0.100923237095453,0.101093531663699,0.101265120434341,0.101437931757485,0.101611893020195,0.101786930718394,0.101962970529914,0.102139937388627,0.10231775555954,0.102496348714762,0.102675640010239,0.102855552163172,0.103036007529989,0.103216928184786,0.103398235998129,0.103579852716102,0.103761700039524,0.103943699703194,0.1041257735551,0.104307843635459,0.104489832255512,0.104671662075959,0.104853256184929,0.105034538175392,0.105215432221892,0.105395863156511,0.105575756543974,0.105755038755793,0.105933637043345,0.106111479609783,0.106288495680698,0.10646461557344,0.106639770765009,0.106813893958411,0.106986919147405,0.107158781679582,0.107329418317697,0.107498767299174,0.1076667683937,0.107833362958841,0.107998493993608,0.108162106189911,0.108324145981843,0.108484561592751,0.108643303080021,0.108800322377545,0.108955573335807,0.109109011759538,0.109260595442913,0.109410284202253,0.109558039906205,0.109703826503362,0.109847610047288,0.109989358718939,0.110129042846452,0.110266634922304,0.110402109617812,0.110535443794982,0.110666616515687,0.110795609048205,0.110922404871095,0.111046989674437,0.111169351358428,0.111289480029371,0.111407367993067,0.111523009745644,0.111636401961852,0.111747543480831,0.1118564352894,0.1119630805029,0.11206748434362,0.112169654116874,0.112269599184757,0.11236733093763,0.112462862763368,0.11255621001445,0.112647389972932,0.112736421813388,0.112823326563867,0.112908127064927,0.112990847926812,0.113071515484845,0.113150157753107,0.113226804376482,0.11330148658112,0.113374237123422,0.113445090237579,0.113514081581785,0.113581248183167,0.113646628381559,0.113710261772171,0.113772189147256,0.113832452436853,0.113891094648671,0.113948159807222,0.114003692892284,0.114057739776774,0.114110347164135,0.114161562525297,0.114211434035315,0.114260010509768,0.114307341340988,0.114353476434226,0.114398466143842,0.114442361209583,0.114485212693037,0.114527071914347,0.114567990389257,0.114608019766558,0.114647211766021,0.114685618116896,0.114723290497053,0.11476028047284,0.114796639439735,0.11483241856384,0.114867668724303,0.114902440456721,0.114936783897586,0.11497074872985,0.115004384129646,0.11503773871423,0.115070860491192,0.115103796809002,0.115136594308935,0.115169298878444,0.115201955606005,0.115234608737473,0.11526730163399,0.115300076731478,0.11533297550176,0.115366038415344,0.115399304905881,0.115432813336343,0.115466600966933,0.11550070392476,0.115535157175293,0.115569994495623,0.115605248449537,0.115640950364428,0.115677130310024,0.115713817078963,0.115751038169198,0.115788819768255,0.115827186739327,0.115866162609205,0.115905769558038,0.115946028410898,0.115986958631164,0.116028578315704,0.116070904191834,0.116113951616041,0.116157734574443,0.116202265684964,0.116247556201197,0.116293616017916,0.116340453678229,0.116388076382337,0.116436489997881,0.116485699071821,0.116535706843836,0.11658651526118,0.116638124994978,0.116690535457922,0.116743744823312,0.116797750045412,0.11685254688106,0.116908129912482,0.116964492571267,0.117021627163469,0.117079524895782,0.117138175902741,0.117197569274913,0.117257693088001,0.117318534432833,0.117380079446169,0.117442313342289,0.117505220445318,0.11756878422223,0.117632987316478,0.117697811582203,0.117763238118971,0.117829247306967,0.117895818842623,0.117962931774601,0.118030564540077,0.118098695001273,0.118167300482209,0.118236357805601,0.118305843329872,0.118375732986226,0.118446002315714,0.118516626506269,0.118587580429647,0.118658838678259,0.118730375601812,0.118802165343737,0.118874181877346,0.118946399041695,0.119018790577078,0.119091330160132,0.119163991438509,0.119236748065076,0.119309573731608,0.119382442201921,0.119455327344441,0.119528203164135,0.119601043833807,0.119673823724716,0.11974651743648,0.119819099826253,0.119891546037136,0.119963831525818,0.120035932089399,0.120107823891383,0.12017948348681,0.120250887846507,0.120322014380439,0.120392840960149,0.120463345940268,0.120533508179085,0.120603307058152,0.120672722500916,0.120741734990373,0.120810325585721,0.120878475938038,0.120946168304954,0.121013385564327,0.121080111226933,0.121146329448144,0.121212025038611,0.121277183473934,0.121341790903327,0.121405834157292,0.121469300754292,0.121532178906432,0.121594457524149,0.121656126219924,0.121717175311022,0.121777595821289,0.12183737948201,0.121896518731844,0.121955006715862,0.122012837283687,0.12207000498677,0.122126505074807,0.122182333491295,0.12223748686827,0.122291962520234,0.122345758437283,0.122398873277443,0.122451306358263,0.122503057647663,0.122554127754068,0.122604517915869,0.122654229990226,0.122703266441274,0.12275163032772,0.122799325289864,0.122846355536055,0.122892725828621,0.122938441469313,0.122983508284272,0.123027932608549,0.123071721270189,0.123114881573928,0.123157421284512,0.123199348609668,0.123240672182762,0.123281401045154,0.123321544628297,0.123361112735601,0.123400115524093,0.12343856348589,0.123476467429516,0.123513838461094,0.123550687965434,0.12358702758704,0.123622869211059,0.123658224944206,0.123693107095697,0.123727528158217,0.123761500788926,0.123795037790544,0.123828152092502,0.12386085673223,0.123893164836585,0.12392508960343,0.123956644283395,0.123987842161849,0.124018696541098,0.124049220722844,0.124079427990891,0.12410933159413,0.124138944729813,0.124168280527131,0.124197352031138,0.124226172187015,0.124254753824711,0.124283109643945,0.124311252199623,0.124339193887672,0.124366946931311,0.124394523367747,0.124421935035303,0.124449193561003,0.124476310348623,0.124503296567214,0.12453016314011,0.124556920734412,0.12458357975095,0.124610150314756,0.124636642266026,0.124663065151603,0.124689428216973,0.124715740398765,0.124742010317764,0.124768246272472,0.124794456233173,0.124820647836557,0.124846828380854,0.124873004821501,0.124899183767336,0.124925371477304,0.124951573857695,0.124977796459883,0.125004044478605,0.125030322750749,0.125056635754658,0.125082987609941,0.125109382077792,0.125135822561797,0.125162312109222,0.125188853412767,0.125215448812795,0.125242100300015,0.125268809518617,0.125295577769842,0.12532240601599,0.125349294884844,0.125376244674517,0.125403255358698,0.12543032659227,0.125457457717304,0.125484647769395,0.125511895484359,0.125539199305253,0.125566557389719,0.125593967617619,0.125621427598959,0.125648934682086,0.125676485962145,0.125704078289781,0.125731708280074,0.125759372321696,0.125787066586248,0.125814787037797,0.125842529442576,0.125870289378828,0.125898062246811,0.125925843278921,0.12595362754993,0.125981409987325,0.126009185381737,0.126036948397451,0.126064693582966,0.126092415381593,0.126120108142079,0.126147766129229,0.12617538353453,0.126202954486746,0.126230473062508,0.12625793329684,0.126285329193649,0.126312654736113,0.126339903897,0.126367070648881,0.12639414897423,0.126421132875395,0.126448016384444,0.126474793572862,0.126501458561085,0.126528005527864,0.126554428719431,0.126580722458464,0.126606881152831,0.12663289930412,0.126658771515952,0.12668449250208,0.126710057094248,0.126735460249809,0.126760697059096,0.126785762752523,0.126810652707413,0.126835362454561,0.126859887684511,0.126884224253573,0.126908368189533,0.126932315697069,0.126956063162854,0.126979607160347,0.127002944454271,0.127026072004773,0.127048986971269,0.127071686715977,0.127094168807122,0.127116431021809,0.127138471348569,0.127160287989562,0.127181879362453,0.127203244101946,0.127224381060986,0.12724528931165,0.127265968145705,0.12728641707487,0.127306635830758,0.127326624364522,0.127346382846208,0.12736591166381,0.12738521142202,0.127404282940689,0.127423127253005,0.127441745603385,0.12746013944511,0.127478310437688,0.127496260443963,0.127513991526966,0.127531505946513,0.127548806155579,0.127565894796415,0.127582774696448,0.127599448863964,0.127615920483579,0.127632192911511,0.127648269670654,0.127664154445459,0.127679851076637,0.127695363555692,0.127710696019305,0.127725852743572,0.127740838138086,0.127755656739901,0.127770313207361,0.127784812313831,0.127799158941315,0.127813358073987,0.127827414791633,0.127841334263013,0.127855121739153,0.127868782546578,0.127882322080502,0.127895745797982,0.127909059211044,0.127922267879805,0.127935377405589,0.127948393424048,0.127961321598297,0.127974167612064,0.127986937162872,0.127999635955261,0.128012269694043,0.128024844077612,0.128037364791297,0.128049837500791,0.128062267845645,0.128074661432841,0.128087023830452,0.128099360561386,0.12811167709724,0.128123978852261,0.128136271177415,0.128148559354582,0.128160848590865,0.128173144013019,0.128185450662019,0.12819777348776,0.128210117343905,0.12822248698289,0.128234887051092,0.128247322084155,0.128259796502473,0.128272314606851,0.128284880574318,0.128297498454121,0.128310172163887,0.128322905485977,0.128335702064021,0.128348565399635,0.128361498849309,0.128374505621491,0.128387588773853,0.128400751210737,0.128413995680797,0.128427324774822,0.128440740923756,0.128454246396908,0.128467843300357,0.128481533575551,0.128495318998097,0.128509201176762,0.128523181552662,0.128537261398662,0.128551441818959,0.128565723748857,0.128580107954721,0.128594595034114,0.128609185416132,0.128623879361928,0.128638676965397,0.128653578154054,0.128668582690072,0.128683690171494,0.128698900033628,0.128714211550596,0.12872962383706,0.128745135850097,0.128760746391238,0.128776454108653,0.128792257499481,0.12880815491232,0.128824144549852,0.128840224471615,0.128856392596907,0.128872646707804,0.128888984452311,0.128905403347629,0.128921900783553,0.12893847402597,0.128955120220482,0.128971836396125,0.12898861946919,0.129005466247142,0.129022373432617,0.129039337627501,0.129056355337102,0.129073422974408,0.129090536864411,0.129107693248512,0.129124888288974,0.129142118073436,0.129159378619483,0.129176665879269,0.129193975744184,0.129211304049551,0.129228646579356,0.129245999070979,0.129263357219929,0.12928071668458,0.129298073090907,0.129315422037221,0.129332759098896,0.129350079833083,0.129367379783417,0.129384654484686,0.129401899467489,0.129419110262851,0.129436282406807,0.129453411444949,0.12947049293694,0.129487522460992,0.129504495618282,0.129521408037313,0.129538255378199,0.129555033336897,0.129571737649371,0.129588364095698,0.129604908504091,0.129621366754872,0.129637734784352,0.129654008588658,0.129670184227462,0.129686257827625,0.129702225586754,0.12971808377668,0.12973382874684,0.129749456927575,0.129764964833332,0.129780349065769,0.129795606316769,0.129810733371342,0.129825727110411,0.129840584513482,0.129855302661188,0.129869878737729,0.129884310033179,0.12989859394568,0.129912727983503,0.129926709766981,0.129940537030328,0.129954207623334,0.129967719512931,0.129981070784626,0.1299942596438,0.130007284416897,0.130020143552482,0.130032835622181,0.13004535932151,0.130057713470578,0.130069897014659,0.130081909024653,0.130093748697411,0.13010541535595,0.130116908449534,0.130128227553649,0.130139372369844,0.13015034272545,0.130161138573176,0.130171759990593,0.130182207179486,0.130192480465094,0.130202580295235,0.130212507239318,0.130222261987245,0.130231845348196,0.130241258249301,0.130250501734205,0.130259576961527,0.130268485203224,0.130277227842873,0.130285806373866,0.130294222397512,0.13030247762104,0.130310573855515,0.13031851301367,0.130326297107647,0.130333928246659,0.130341408634564,0.130348740567355,0.130355926430575,0.130362968696663,0.130369869922258,0.130376632745442,0.130383259882912,0.130389754127097,0.130396118343216,0.130402355466298,0.13040846849815,0.13041446050429,0.130420334610844,0.130426094001427,0.130431741913994,0.130437281637655,0.13044271650946,0.130448049911149,0.130453285265891,0.130458426035007,0.130463475714687,0.130468437832692,0.130473315945029,0.130478113632639,0.13048283449807,0.13048748216217,0.130492060260781,0.130496572441435,0.130501022360069,0.130505413677735,0.130509750057302,0.130514035160186,0.130518272643093,0.13052246615479,0.130526619332907,0.130530735800764,0.130534819164235,0.130538873008657,0.130542900895772,0.130546906360713,0.130550892909031,0.130554864013765,0.130558823112558,0.130562773604832,0.130566718849004,0.130570662159762,0.1305746068054,0.130578556005197,0.130582512926861,0.130586480684036,0.130590462333882,0.130594460874712,0.130598479243698,0.130602520314649,0.130606586895873,0.130610681728106,0.130614807482516,0.130618966758799,0.130623162083349,0.130627395907513,0.130631670605909,0.130635988474835,0.13064035173076,0.130644762508916,0.130649222861967,0.130653734758772,0.130658300083227,0.130662920633197,0.130667598119538,0.1306723341652,0.130677130304431,0.130681987982064,0.130686908552904,0.130691893281188,0.130696943340149,0.130702059811664,0.130707243685998,0.130712495861634,0.130717817145185,0.130723208251397,0.130728669803232,0.130734202332046,0.130739806277849,0.130745481989643,0.130751229725854,0.130757049654844,0.130762941855502,0.130768906317919,0.130774942944133,0.130781051548952,0.130787231860846,0.130793483522935,0.13079980609404,0.130806199049824,0.130812661784013,0.130819193609693,0.130825793760681,0.130832461392978,0.130839195586287,0.130845995345601,0.130852859602857,0.130859787218666,0.130866776984093,0.13087382762251,0.130880937791496,0.130888106084799,0.130895331034356,0.130902611112372,0.130909944733441,0.130917330256739,0.130924765988261,0.130932250183115,0.130939781047864,0.130947356742925,0.130954975385011,0.130962635049637,0.130970333773656,0.130978069557847,0.130985840369524,0.130993644145173,0.131001478793124,0.131009342196242,0.131017232214642,0.131025146688436,0.131033083440499,0.131041040279246,0.131049015001428,0.131057005394926,0.13106500924155,0.131073024319843,0.131081048407877,0.131089079286046,0.131097114739864,0.131105152562745,0.131113190558761,0.131121226545386,0.131129258356209,0.131137283843624,0.131145300881467,0.131153307367627,0.131161301226631,0.131169280412188,0.13117724290969,0.131185186738693,0.131193109955339,0.131201010654723,0.131208886973209,0.131216737090682,0.131224559232757,0.131232351672928,0.131240112734653,0.131247840793371,0.131255534278444,0.13126319167501,0.131270811525777,0.13127839243272,0.131285933058693,0.131293432128952,0.131300888432582,0.131308300823822,0.131315668223299,0.131322989619174,0.131330264068195,0.131337490696665,0.131344668701288,0.131351797349913,0.131358875982167,0.131365904009976,0.131372880917989,0.131379806263891,0.131386679678591,0.131393500866317,0.131400269604594,0.13140698574413,0.13141364920859,0.131420259994268,0.131426818169635,0.13143332387478,0.131439777320746,0.131446178788746,0.131452528629296,0.131458827261236,0.131465075170646,0.13147127290965,0.131477421095116,0.131483520407266,0.13148957158821,0.131495575440394,0.131501532824974,0.131507444660107,0.131513311919155,0.131519135628825,0.131524916867236,0.131530656761928,0.131536356487816,0.131542017265092,0.131547640357072,0.131553227067993,0.131558778740749,0.131564296754581,0.13156978252273,0.131575237490049,0.131580663130582,0.131586060945113,0.131591432458698,0.131596779218175,0.131602102789654,0.131607404755983,0.131612686714187,0.131617950272925,0.131623197049936,0.131628428669495,0.131633646759867,0.131638852950784,0.131644048870938,0.131649236145489,0.131654416393606,0.131659591226034,0.131664762242696,0.131669931030332,0.131675099160179,0.131680268185688,0.131685439640298,0.131690615035254,0.131695795857478,0.131700983567502,0.131706179597448,0.13171138534909,0.13171660219197,0.131721831461579,0.131727074457604,0.131732332442262,0.131737606638687,0.131742898229398,0.131748208354857,0.131753538112097,0.131758888553442,0.131764260685305,0.131769655467089,0.131775073810186,0.131780516577058,0.131785984580401,0.131791478582395,0.131796999294035,0.131802547374549,0.131808123430915,0.131813728017461,0.131819361635577,0.131825024733492,0.131830717706154,0.131836440895197,0.131842194588999,0.131847979022821,0.131853794379031,0.131859640787412,0.131865518325561,0.131871427019358,0.131877366843535,0.131883337722305,0.131889339530091,0.131895372092307,0.131901435186232,0.13190752854193,0.131913651843236,0.131919804728793,0.131925986793147,0.131932197587898,0.131938436622926,0.131944703367677,0.131950997252499,0.131957317670039,0.131963663976675,0.131970035493983,0.131976431510238,0.131982851281945,0.131989294035386,0.131995758968195,0.132002245250952,0.132008752028791,0.132015278423049,0.13202182353294,0.132028386437233,0.132034966195953,0.132041561852067,0.132048172433162,0.132054796953123,0.132061434413812,0.132068083806733,0.132074744114702,0.132081414313503,0.132088093373547,0.132094780261509,0.132101473941962,0.132108173378971,0.132114877537678,0.132121585385843,0.13212829589535,0.132135008043683,0.132141720815353,0.13214843320329,0.132155144210199,0.132161852849889,0.132168558148543,0.132175259145955,0.132181954896711,0.132188644471324,0.1321953269573,0.132202001460139,0.132208667104292,0.132215323034072,0.13222196841451,0.132228602432164,0.132235224295885,0.132241833237522,0.132248428512566,0.13225500940072,0.132261575206396,0.13226812525916,0.132274658914114,0.132281175552214,0.132287674580529,0.132294155432444,0.132300617567803,0.132307060472997,0.132313483660983,0.132319886671244,0.132326269069679,0.13233263044844,0.1323389704257,0.132345288645385,0.132351584776861,0.132357858514591,0.132364109577739,0.132370337709705,0.132376542677629,0.132382724271851,0.13238888230534,0.132395016613087,0.132401127051442,0.13240721349742,0.13241327584797,0.132419314019201,0.132425327945595,0.132431317579181,0.132437282888681,0.132443223858634,0.132449140488504,0.132455032791767,0.132460900794978,0.132466744536814,0.132472564067113,0.132478359445898,0.132484130742399,0.132489878034073,0.132495601405622,0.132501300948014,0.132506976757503,0.13251262893465,0.132518257583345,0.132523862809839,0.132529444721791,0.132535003427329,0.132540539034136,0.132546051648531,0.132551541374574,0.132557008313186,0.132562452561272,0.132567874210895,0.132573273348456,0.132578650053896,0.132584004399909,0.132589336451169,0.132594646263583,0.132599933883589,0.13260519934748,0.132610442680754,0.132615663897496,0.132620862999793,0.132626039977184,0.132631194806133,0.132636327449539,0.132641437856295,0.132646525960887,0.132651591683033,0.132656634927366,0.132661655583144,0.132666653524007,0.13267162860777,0.132676580676262,0.132681509555204,0.132686415054149,0.132691296966461,0.132696155069356,0.132700989123966,0.132705798875476,0.132710584053291,0.13271534437125,0.132720079527875,0.13272478920665,0.132729473076326,0.132734130791266,0.132738761991817,0.132743366304724,0.132747943343587,0.132752492709344,0.132757013990799,0.132761506765192,0.132765970598794,0.132770405047524,0.132774809657592,0.132779183966167,0.132783527502052,0.132787839786379,0.132792120333327,0.132796368650841,0.132800584241358,0.132804766602543,0.13280891522803,0.13281302960819,0.132817109230913,0.132821153582412,0.132825162148048,0.132829134413155,0.132833069863875,0.132836967988,0.132840828275805,0.132844650220879,0.132848433320953,0.132852177078728,0.13285588100271,0.132859544608048,0.132863167417348,0.132866748961481,0.132870288780387,0.132873786423857,0.132877241452305,0.132880653437514,0.132884021963368,0.132887346626553,0.132890627037243,0.132893862819764,0.132897053613227,0.132900199072131,0.132903298866937,0.132906352684603,0.132909360229101,0.13291232122189,0.132915235402366,0.132918102528286,0.132920922376169,0.132923694741668,0.132926419439907,0.132929096305782,0.132931725194228,0.132934305980457,0.132936838560157,0.132939322849679,0.132941758786174,0.132944146327715,0.132946485453375,0.132948776163272,0.132951018478582,0.132953212441534,0.132955358115364,0.132957455584246,0.132959504953203,0.132961506347975,0.132963459914874,0.132965365820598,0.132967224252021,0.13296903541596,0.132970799538917,0.132972516866804,0.132974187664644,0.132975812216233,0.13297739082378,0.132978923807501,0.1329804115052,0.132981854271835,0.132983252479063,0.132984606514766,0.132985916782528,0.132987183701087,0.132988407703772,0.132989589237921,0.132990728764287,0.132991826756412,0.132992883700005,0.132993900092313,0.132994876441486,0.132995813265928,0.132996711093642,0.132997570461588,0.132998391915026,0.132999176006858,0.132999923296974,0.133000634351609,0.133001309742692,0.133001950047213,0.133002555846586,0.133003127726015,0.133003666273875,0.133004172081113,0.133004645740653,0.13300508784681,0.133005498994713,0.133005879779735,0.133006230796942,0.133006552640554,0.13300684590341,0.133007111176445,0.133007349048183,0.133007560104235,0.133007744926819,0.133007904094304,0.133008038180767,0.133008147755582,0.133008233383019,0.133008295621891,0.1330083350252,0.133008352139816,0.13300834750616,0.133008321657925,0.133008275121846,0.133008208417471,0.133008122056973,0.133008016544961,0.133007892378323,0.133007750046078,0.133007590029258,0.133007412800811,0.133007218825539,0.133007008560039,0.133006782452675,0.133006540943576,0.133006284464661,0.133006013439689,0.133005728284325,0.13300542940623,0.133005117205171,0.133004792073152,0.133004454394563,0.133004104546355,0.133003742898229,0.133003369812838,0.133002985646006,0.133002590746965,0.133002185458602,0.133001770117717,0.133001345055283,0.133000910596732,0.133000467062255,0.133000014767133,0.132999554022064,0.132999085133495,0.132998608403963,0.132998124132451,0.132997632614765,0.132997134143927,0.132996629010575,0.132996117503374,0.132995599909425,0.13299507651467,0.132994547604293,0.13299401346311,0.132993474375959,0.132992930628095,0.132992382505583,0.132991830295693,0.132991274287283,0.132990714771176,0.13299015204052,0.132989586391129,0.132989018121828,0.13298844753478,0.132987874935812,0.13298730063474,0.132986724945678,0.13298614818734,0.132985570683313,0.132984992762324,0.13298441475848,0.13298383701149,0.13298325986685,0.132982683676007,0.13298210879652,0.132981535592208,0.132980964433277,0.132980395696434,0.132979829764953,0.132979267028704,0.132978707884143,0.132978152734259,0.132977601988506,0.132977056062703,0.132976515378921,0.13297598036535,0.132975451456151,0.132974929091286,0.132974413716307,0.132973905782124,0.132973405744736,0.132972914064941,0.13297243120802,0.132971957643384,0.132971493844209,0.13297104028704,0.132970597451366,0.132970165819177,0.132969745874497,0.132969338102899,0.132968942990991,0.132968561025877,0.132968192694589,0.132967838483496,0.132967498877671,0.132967174360214,0.132966865411544,0.13296657250867,0.132966296124427,0.132966036726715,0.132965794777718,0.132965570733098,0.132965365041174,0.132965178142059,0.132965010466779,0.132964862436362,0.132964734460937,0.132964626938811,0.132964540255548,0.13296447478303,0.132964430878521,0.13296440888373,0.132964409123881,0.132964431906787,0.132964477521926,0.132964546239533,0.132964638309698,0.132964753961467,0.132964893401932,0.132965056815333,0.132965244362164,0.132965456178303,0.13296569237416,0.132965953033841,0.132966238214336,0.132966547944732,0.132966882225449,0.132967241027513,0.132967624291876,0.132968031928766,0.132968463817062,0.132968919803688,0.132969399703031,0.132969903296384,0.132970430331436,0.132970980521798,0.132971553546568,0.132972149049933,0.132972766640803,0.132973405892504,0.132974066342503,0.132974747492193,0.13297544880672,0.132976169714864,0.132976909608957,0.132977667844852,0.132978443741942,0.132979236583246,0.132980045615561,0.132980870049693,0.132981709060757,0.132982561788548,0.132983427337994,0.132984304779653,0.132985193150277,0.132986091453428,0.132986998660165,0.132987913709804,0.132988835510735,0.132989762941303,0.132990694850754,0.132991630060222,0.132992567363783,0.132993505529569,0.132994443300937,0.132995379397715,0.132996312517501,0.132997241337031,0.132998164513594,0.132999080686514,0.132999988478678,0.133000886498126,0.13300177333971,0.133002647586809,0.133003507813093,0.133004352584335,0.133005180460266,0.133005989996495,0.133006779746472,0.133007548263502,0.133008294102818,0.133009015823683,0.133009711991547,0.133010381180241,0.133011021974187,0.133011632970651,0.133012212782018,0.133012760038083,0.133013273388371,0.133013751504465,0.133014193082347,0.13301459684475,0.133014961543518,0.13301528596197,0.133015568917265,0.133015809262763,0.13301600589039,0.133016157732984,0.133016263766636,0.133016323013011,0.133016334541664,0.133016297472341,0.133016210977255,0.133016074283354,0.133015886674562,0.133015647493993,0.133015356146132,0.133015012098972,0.13301461488612,0.133014164108859,0.133013659438168,0.1330131006167,0.133012487460707,0.133011819861888,0.133011097789185,0.133010321290489,0.133009490494276,0.133008605611144,0.13300766693528,0.133006674845853,0.133005629808328,0.13300453237569,0.133003383189564,0.13300218298125,0.133000932572654,0.132999632877115,0.132998284900136,0.132996889739987,0.132995448588193,0.132993962729903,0.132992433544142,0.132990862503937,0.132989251176323,0.13298760122222,0.132985914396184,0.132984192546028,0.132982437612303,0.132980651627646,0.132978836715981,0.132976995091575,0.132975129057957,0.132973241006675,0.132971333415914,0.132969408848947,0.13296746995245,0.132965519454659,0.132963560163383,0.132961594963863,0.132959626816462,0.132957658754205,0.132955693880158,0.13295373536466,0.13295178644238,0.132949850409217,0.132947930619032,0.13294603048023,0.132944153452166,0.132942303041375,0.132940482797651,0.132938696309958,0.13293694720219,0.132935239128774,0.132933575770128,0.132931960827958,0.13293039802041,0.132928891077063,0.132927443733793,0.132926059727496,0.132924742790685,0.132923496645948,0.132922325000266,0.132921231539214,0.132920219921018,0.132919293770508,0.132918456672925,0.132917712167602,0.132917063741532,0.132916514822811,0.132916068773999,0.132915728885369,0.132915498368072,0.132915380347221,0.132915377854888,0.13291549382303,0.132915731076331,0.132916092325003,0.13291658015752,0.132917197033335,0.132917945275547,0.132918827063554,0.132919844425674,0.132920999231766,0.13292229318584,0.132923727818663,0.132925304480381,0.132927024333145,0.132928888343769,0.132930897276411,0.132933051685291,0.132935351907451,0.132937798055569,0.132940390010844,0.132943127415956,0.132946009668098,0.132949035912088,0.132952205033585,0.132955515652391,0.132958966115859,0.132962554492418,0.132966278565203,0.132970135825823,0.132974123468268,0.132978238382974,0.132982477151053,0.132986836038688,0.132991310991715,0.132995897630393,0.133000591244381,0.13300538678791,0.133010278875174,0.133015261775941,0.133020329411395,0.133025475350195,0.133030692804764,0.13303597462781,0.133041313309082,0.133046700972373,0.133052129372759,0.133057589894104,0.133063073546819,0.133068570965903,0.133074072409233,0.133079567756131,0.133085046506191,0.133090497778382,0.133095910310427,0.133101272458464,0.133106572196975,0.133111797119004,0.133116934436652,0.133121970981861,0.133126893207473,0.133131687188574,0.133136338624117,0.133140832838832,0.133145154785402,0.133149289046929,0.133153219839673,0.133156931016083,0.133160406068102,0.133163628130735,0.133166579985882,0.133169244066432,0.133171602460602,0.133173636916548,0.133175328847241,0.13317665933559,0.133177609139805,0.133178158699004,0.133178288139051,0.133177977278597,0.133177205635328,0.133175952432432,0.133174196605254,0.133171916808176,0.133169091421672,0.133165698559548,0.133161716076355,0.133157121574973,0.133151892414357,0.133146005717431,0.133139438379129,0.133132167074536,0.133124168267149,0.133115418217251,0.133105892990379,0.133095568465909,0.133084420345725,0.133072424162957,0.133059555290786,0.133045788951312,0.13303110022447,0.133015464056995,0.132998855271405,0.13298124857502,0.132962618568996,0.13294293975737,0.132922186556107,0.132900333302144,0.132877354262421,0.132853223642882,0.13282791559744,0.132801404236898,0.132773663637818,0.132744667851328,0.132714390911862,0.132682806845836,0.132649889680249,0.132615613451209,0.132579952212364,0.132542880043245,0.132504371057498,0.132464399411015,0.13242293930993,0.132379965018512,0.132335450866943,0.132289371258969,0.132241700679407,0.132192413701523,0.132141484994278,0.132088889329429,0.132034601588494,0.131978596769573,0.131920849994025,0.131861336512994,0.131800031713784,0.131736911126084,0.131671950428036,0.131605125452172,0.131536412191189,0.131465786803581,0.131393225619127,0.131318705144234,0.131242202067137,0.131163693262956,0.131083155798619,0.131000566937622,0.130915904144664,0.130829145090126,0.130740267654411,0.130649249932143,0.130556070236222,0.130460707101743,0.130363139289781,0.130263345791034,0.130161305829342,0.130056998865068,0.129950404598365,0.129841502972301,0.129730274175869,0.129616698646866,0.129500757074647,0.129382430402772,0.129261699831529,0.129138546820349,0.129012953090093,0.128884900625195,0.128754371675671,0.128621348758995,0.128485814661831,0.12834775244162,0.128207145428019,0.128063977224186,0.12791823170791,0.127769893032592,0.127618945628078,0.127465374201329,0.127309163736932,0.127150299497426,0.126988767023456,0.126824552133733,0.126657640924806,0.126488019770646,0.126315675322021,0.126140594505664,0.125962764523238,0.125782172850068,0.125598807233668,0.125412655692027,0.125223706511635,0.125031948245242,0.12483736970934,0.124639959981367,0.124439708396625,0.124236604544889,0.1240306382667,0.123821799649328,0.123610079022398,0.123395466953161,0.123177954241416,0.122957531914057,0.122734191219254,0.122507923620246,0.122278720788739,0.12204657459791,0.121811477114983,0.121573420593383,0.121332397464428,0.121088400328565,0.12084142194612,0.120591455227567,0.120338493223307,0.120082529112948,0.119823556194074,0.119561567870523,0.119296557640159,0.119028519082129,0.11875744584359,0.118483331625894,0.118206170170228,0.117925955242723,0.117642680619024,0.117356340068319,0.117066927336825,0.116774436130732,0.116478860098611,0.11618019281329,0.115878427753196,0.11557355828317,0.115265577634764,0.114954478886027,0.114640254940783,0.114322898507426,0.114002402077243,0.113678757902283,0.11335195797278,0.113021993994147,0.112688857363569,0.112352539146192,0.112013030050941,0.11167032040599,0.111324400133907,0.110975258726496,0.110622885219373,0.110267268166309,0.109908395613362,0.10954625507284,0.109180833497109,0.108812117252297,0.108440092091925,0.108064743130498,0.107686054817104,0.107304010909063,0.106918594445646,0.106529787721921,0.106137572262763,0.105741928797085,0.105342837232345,0.104940276629351,0.104534225177428,0.104124660169987,0.103711557980555,0.103294894039326,0.102874642810289,0.102450777768974,0.102023271380885,0.101592095080671,0.101157219252092,0.10071861320884,0.10027624517627,0.0998300822741068,0.0993800905001756,0.0989262347152166,0.0984684786288376,0.098006784786665,0.0975411145587463,0.097071428129261,0.0965976844876034,0.0961198414208868,0.0956378555079182,0.0951516821147051,0.0946612753915491,0.0941665882717736,0.0936675724721333,0.0931641784949466,0.0926563556319934,0.0921440519702308,0.0916272143993676,0.0911057886213454,0.0905797191617669,0.0900489493833026,0.08951342150111,0.0889730766002962,0.088427854655456,0.0878776945523176,0.0873225341115206,0.0867623101145466,0.0861969583318244,0.0856264135530264,0.0850506096195662,0.0844694794593063,0.0838829551234848,0.0832909678258667,0.0826934479841289,0.0820903252634748,0.0814815286224729,0.0808669863611076,0.0802466261710316,0.0796203751880109,0.0789881600465399,0.0783499069365984,0.0777055416625183,0.0770549897039256,0.0763981762787212,0.0757350264080598,0.0750654649832796,0.0743894168347339,0.0737068068024739,0.07301755980873,0.0723216009321338,0.0716188554836205,0.0709092490839428,0.0701927077427181,0.0694691579389341,0.0687385267028329,0.0680007416990917,0.0672557313112205,0.0665034247270897,0.0657437520254961,0.0649766442636681,0.0642020335656036,0.0634198532111351,0.0626300377256206,0.061832522970153,0.06102724623218,0.0602141463164252,0.0593931636359983,0.0585642403035697,0.0577273202224915,0.0568823491777398,0.0560292749265535,0.0551680472886448,0.0542986182358555,0.0534209419811282,0.0525349750666738,0.051640676451206,0.0507380075961126,0.0498269325504305,0.0489074180344923,0.0479794335221161,0.0470429513212111,0.0460979466526712,0.0451443977274265,0.0441822858215232,0.0432115953491116,0.0422323139332166,0.0412444324741644,0.0402479452155392,0.0392428498075459,0.0382291473676648,0.0372068425384859,0.0361759435426087,0.0351364622344918,0.0340884141491499,0.0330318185475993,0.0319666984589496,0.0308930807190452,0.0298109960055657,0.0287204788694965,0.0276215677628882,0.0265143050628274,0.0253987370915443,0.0242749141325876,0.0231428904429974,0.0220027242614182,0.0208544778120958,0.0196982173047129,0.018534012930016,0.0173619388511986,0.0161820731910066,0.0149944980145417,0.013799299307741,0.0125965669515173,0.0113863946915532,0.0101688801037452,0.00894412455529978,0.0077122331614931,0.00647331473810912,0.00522748174957931,0.00397485025285143,0.00271553983702177,0.00144967355877114,0.000177377873650858,-0.00110121743672892,-0.00238597934155003,-0.00367677164161217,-0.0049734550540637,-0.00627588730096136,-0.00758392320157728,-0.00889741476836633,-0.0102162113065013,-0.0115401595168788,-0.0128691036024933,-0.014202885378071,-0.015541344382851,-0.0168843179963974,-0.0182316415573198,-0.0195831484847776,-0.0209386704026369,-0.0222980372661473,-0.0236610774910005,-0.02502761808463,-0.0263974847796079,-0.0277705021689891,-0.0291464938434558,-0.0305252825301039,-0.0319066902327167,-0.0332905383733684,-0.0346766479351993,-0.0360648396062066,-0.0374549339238826,-0.0388467514205407,-0.040240112769157,-0.0416348389295659,-0.0430307512948407,-0.0444276718376935,-0.0458254232567267,-0.047223829122371,-0.0486227140223398,-0.0500219037064392,-0.0514212252305706,-0.0528205070997598,-0.0542195794100478,-0.0556182739890854,-0.0570164245352807,-0.058413866755333,-0.0598104384999946,-0.0612059798979072,-0.0626003334873637,-0.063993344345845,-0.0653848602171894,-0.0667747316362547,-0.0681628120509423,-0.0695489579414469,-0.0709330289365971,-0.0723148879271521,-0.0736944011759341,-0.0750714384246808,-0.0764458729975083,-0.0778175819008732,-0.0791864459199262,-0.0805523497111466,-0.0819151818911576,-0.0832748351216324,-0.0846312061901986,-0.085984196087253,-0.087333710078609,-0.0886796577739048,-0.0900219531906935,-0.0913605148141568,-0.0926952656523793,-0.0940261332871313,-0.0953530499201047,-0.0966759524145548,-0.0979947823323013,-0.0993094859660541,-0.100620014367033,-0.101926323367849,-0.10322837360063,-0.104526130510369,-0.105819564363488,-0.107108650251594,-0.108393368090449,-0.109673702614123,-0.110949643364342,-0.112221184675037,-0.113488325652108,-0.114751070148428,-0.116009426734108,-0.117263408662063,-0.118513033828897,-0.119758324731138,-0.120999308416849,-0.122236016432648,-0.123468484766214,-0.124696753784314,-0.125920868166412,-0.127140876833879,-0.128356832874894,-0.129568793465083,-0.130776819783985,-0.131980976927415,-0.133181333815787,-0.134377963098471,-0.135570941054263,-0.136760347488038,-0.137946265623688,-0.139128781993427,-0.140307986323536,-0.14148397141666,-0.142656833030738,-0.143826669754678,-0.144993582880864,-0.146157676274592,-0.147319056240546,-0.148477831386394,-0.149634112483633,-0.150788012325791,-0.151939645584107,-0.153089128660784,-0.154236579539919,-0.155382117636241,-0.156525863641749,-0.157667939370373,-0.158808467600762,-0.159947571917315,-0.161085376549596,-0.162222006210216,-0.163357585931342,-0.164492240899912,-0.165626096291704,-0.16675927710439,-0.167891907989668,-0.169024113084632,-0.170156015842492,-0.171287738862779,-0.172419403721149,-0.17355113079893,-0.174683039112517,-0.175815246142757,-0.176947867664449,-0.1780810175761,-0.179214807730047,-0.180349347763079,-0.181484744927679,-0.182621103924044,-0.183758526732987,-0.184897112449834,-0.18603695711946,-0.18717815357258,-0.188320791263406,-0.189464956108822,-0.190610730329212,-0.191758192291058,-0.192907416351457,-0.194058472704666,-0.195211427230801,-0.196366341346821,-0.197523271859928,-0.198682270823525,-0.199843385395834,-0.201006657701299,-0.202172124694894,-0.203339818029468,-0.204509763926232,-0.20568198304852,-0.206856490378967,-0.208033295100198,-0.209212400479156,-0.210393803755175,-0.211577496031946,-0.212763462173449,-0.213951680703981,-0.215142123712359,-0.216334756760398,-0.217529538795831,-0.218726422069771,-0.219925352058836,-0.221126267392019,-0.222329099782425,-0.223533773963956,-0.22474020763304,-0.225948311395494,-0.227157988718627,-0.228369135888649,-0.229581641973489,-0.230795388791091,-0.232010250883269,-0.23322609549522,-0.234442782560741,-0.235660164693267,-0.236878087182736,-0.238096387998384,-0.239314897797501,-0.240533439940226,-0.241751830510381,-0.242969878342444,-0.244187385054712,-0.245404145088707,-0.246619945754851,-0.247834567284421,-0.24904778288778,-0.250259358818914,-0.251469054446321,-0.252676622330253,-0.253881808306329,-0.255084351575525,-0.256283984800549,-0.257480434208597,-0.258673419700459,-0.259862654965945,-0.261047847605624,-0.262228699258842,-0.26340490573797,-0.264576157168864,-0.265742138137483,-0.266902527842607,-0.268057000254626,-0.269205224280318,-0.270346863933544,-0.27148157851178,-0.272609022778425,-0.273728847150781,-0.274840697893636,-0.275944217318342,-0.277039043987283,-0.278124812923582,-0.279201155825955,-0.280267701288572,-0.2813240750258,-0.2823699001017,-0.28340479716413,-0.284428384683323,-0.28544027919476,-0.286440095546153,-0.287427447148382,-0.288401946230205,-0.289363204096551,-0.290310831390212,-0.291244438356756,-0.292163635112439,-0.293068031914934,-0.293957239436687,-0.294830869040675,-0.295688533058371,-0.296529845069655,-0.29735442018444,-0.298161875325812,-0.298951829514447,-0.299723904154094,-0.300477723317869,-0.301212914035142,-0.30192910657874,-0.30262593475222,-0.303303036176976,-0.303960052578908,-0.304596630074422,-0.305212419455471,-0.305807076473377,-0.306380262121158,-0.306931642914095,-0.307460891168268,-0.307967685276792,-0.308451709983506,-0.308912656653882,-0.309350223542852,-0.309764116059295,-0.310154047026875,-0.310519736941004,-0.310860914221672,-0.311177315461858,-0.311468685671249,-0.311734778515016,-0.311975356547415,-0.31219019143998,-0.312379064204056,-0.312541765407396,-0.312678095384603,-0.312787864441201,-0.312870893051086,-0.312927012047164,-0.312956062804937,-0.312957897418777,-0.312932378870697,-0.312879381191414,-0.312798789613493,-0.312690500716369,-0.312554422563043,-0.312390474828279,-0.312198588918137,-0.311978708080702,-0.311730787507826,-0.311454794427742,-0.311150708188392,-0.310818520331373,-0.310458234656359,-0.310069867275886,-0.309653446660395,-0.309209013673422,-0.308736621596895,-0.308236336146419,-0.307708235476482,-0.307152410175497,-0.306568963250687,-0.305958010102748,-0.305319678490269,-0.304654108483896,-0.303961452410216,-0.303241874785415,-0.30249555223868,-0.301722673425393,-0.300923438930127,-0.300098061159503,-0.299246764224954,-0.298369783815476,-0.297467367060444,-0.296539772382591,-0.295587269341251,-0.294610138465942,-0.293608671080423,-0.292583169117349,-0.291533944923724,-0.290461321057269,-0.289365630073876,-0.288247214306322,-0.287106425634416,-0.285943625246718,-0.28475918339413,-0.283553479135559,-0.282326900075883,-0.281079842096434,-0.279812709078248,-0.278525912618317,-0.277219871739083,-0.27589501259145,-0.274551768151571,-0.273190577911721,-0.271811887565557,-0.270416148688022,-0.269003818410219,-0.267575359089539,-0.266131237975365,-0.264671926870655,-0.2631979017897,-0.26170964261243,-0.260207632735574,-0.258692358721044,-0.257164309941873,-0.25562397822605,-0.254071857498594,-0.252508443422206,-0.250934233036861,-0.249349724398672,-0.247755416218367,-0.246151807499766,-0.244539397178606,-0.242918683762057,-0.241290164969277,-0.239654337373369,-0.238011696045102,-0.236362734198709,-0.234707942840136,-0.233047810418098,-0.231382822478277,-0.22971346132101,-0.228040205662809,-0.226363530302018,-0.224683905788929,-0.223001798100705,-0.221317668321435,-0.219631972327605,-0.2179451604793,-0.21625767731742,-0.214569961267221,-0.212882444348451,-0.211195551892351,-0.209509702265796,-0.207825306602857,-0.206142768544038,-0.204462483983419,-0.202784840823939,-0.201110218741064,-0.199438988955063,-0.197771514012093,-0.196108147574306,-0.194449234219148,-0.192795109248049,-0.191146098504648,-0.189502518202719,-0.187864674763929,-0.186232864665586,-0.184607374298482,-0.182988479834948,-0.181376447107205,-0.17977153149611,-0.178173977830368,-0.176584020296282,-0.175001882358083,-0.173427776688873,-0.171861905112235,-0.170304458554498,-0.168755617007705,-0.167215549503243,-0.165684414096117,-0.164162357859839,-0.162649516891877,-0.161146016329618,-0.159651970376788,-0.158167482340239,-0.156692644677041,-0.155227539051763,-0.15377223640383,-0.152326797024823,-0.150891270645599,-0.149465696533093,-0.148050103596657,-0.146644510503758,-0.145248925804879,-0.143863348067435,-0.142487766018475,-0.141122158696018,-0.139766495608781,-0.138420736904102,-0.137084833543822,-0.1357587274879,-0.134442351885507,-0.133135631273358,-0.131838481781028,-0.130550811342996,-0.129272519917137,-0.128003499709387,-0.126743635404303,-0.125492804401245,-0.124250877055882,-0.123017716926725,-0.121793181026382,-0.120577120077246,-0.119369378771301,-0.118169796033754,-0.116978205290184,-0.115794434736876,-0.114618307614042,-0.113449642481613,-0.112288253497297,-0.111133950696578,-0.109986540274353,-0.108845824867876,-0.107711603840694,-0.106583673567243,-0.105461827717809,-0.10434585754355,-0.103235552161254,-0.102130698837519,-0.101031083272061,-0.0999364898798323,-0.098846702071677,-0.0977615025332206,-0.096680673501721,-0.0956039970405821,-0.0945312553112549,-0.0934622308422475,-0.0923967067949715,-0.0913344672261578,-0.0902752973465885,-0.089218983775895,-0.0881653147931783,-0.087114080583212,-0.086065073477992,-0.0850180881934015,-0.0839729220607796,-0.0829293752531798,-0.0818872510061198,-0.0808463558326278,-0.0798064997323958,-0.0787674963948656,-0.0777291633960778,-0.0766913223891205,-0.0756537992880282,-0.0746164244449919,-0.0735790328207492,-0.0725414641480208,-0.0715035630878828,-0.0704651793789699,-0.0694261679794101,-0.0683863892014023,-0.0673457088383586,-0.0663039982845417,-0.0652611346471357,-0.064217000850699,-0.0631714857339565,-0.0621244841389009,-0.0610758969921811,-0.0600256313787624,-0.0589736006078552,-0.0579197242711153,-0.0568639282931275,-0.055806144974196,-0.0547463130254734,-0.0536843775964662,-0.0526202902949653,-0.051554009199452,-0.0504854988640421,-0.0494147303160433,-0.0483416810462056,-0.0472663349917534,-0.046188682512293,-0.0451087203586937,-0.0440264516350547,-0.0429418857538744,-0.0418550383845482,-0.0407659313953219,-0.0396745927888321,-0.0385810566313737,-0.0374853629760417,-0.0363875577799029,-0.0352876928153559,-0.0341858255758402,-0.0330820191760629,-0.0319763422469154,-0.0308688688252568,-0.0297596782387435,-0.02864885498589,-0.0275364886115497,-0.0264226735780062,-0.0253075091318687,-0.024191099166968,-0.0230735520834544,-0.0219549806432972,-0.0208355018223883,-0.0197152366594588,-0.0185943101020124,-0.0174728508494882,-0.0163509911938589,-0.0152288668578716,-0.0141066168311408,-0.0129843832043015,-0.0118623110014333,-0.0107405480109642,-0.00961924461526425,-0.00849855361913634,-0.00737863007741071,-0.0062596311218475,-0.00514171578755079,-0.00402504483909565,-0.00290978059656785,-0.00179608676171378,-0.000684128244395708,0.000425929010455881,0.00153391819520342,0.00263967181099064,0.00374302183817516,0.00484379990552551,0.00594183745800669,0.00703696592298193,0.00812901687466229,0.0092178221966399,0.0103032142423447,0.0113850259932691,0.01246309121481,0.0135372446095807,0.0146073219680509,0.0156731603163777,0.0167345980612969,0.0177914751319476,0.0188436331185077,0.0198909154075256,0.0209331673138349,0.021970236208948,0.0230019716458265,0.0240282254799321,0.0250488519864705,0.0260637079737447,0.0270726528925382,0.0280755489414545,0.0290722611681469,0.0300626575663786,0.0310466091688583,0.0320239901358022,0.0329946778391799,0.0339585529426003,0.0349154994768051,0.0358654049107432,0.0368081602182023,0.0377436599399861,0.0386718022416189,0.0395924889665794,0.0405056256850597,0.0414111217382565,0.0423088902782052,0.0431988483031765,0.0440809166886525,0.0449550202139079,0.0458210875842236,0.0466790514487725,0.047528848414218,0.0483704190540698,0.049203707913846,0.0500286635120951,0.0508452383373321,0.0516533888409501,0.0524530754261735,0.053244262433126,0.0540269181200843,0.0548010146409926,0.0555665280193159,0.0563234381183237,0.0570717286078977,0.0578113869279544,0.0585424042485705,0.0592647754269049,0.059978498961018,0.0606835769406867,0.0613800149953181,0.0620678222390723,0.0627470112132966,0.0634175978263712,0.0640796012910829,0.0647330440596391,0.0653779517564353,0.0660143531086877,0.0666422798750477,0.0672617667723209,0.0678728514004047,0.0684755741655639,0.0690699782021589,0.0696561092929455,0.07023401578806,0.0708037485228129,0.0713653607344077,0.0719189079777039,0.0724644480401361,0.0730020408559038,0.0735317484195472,0.0740536346990168,0.0745677655483552,0.075074208620103,0.0755730332775362,0.0760643105068371,0.0765481128293018,0.0770245142136993,0.0774935899888898,0.0779554167567961,0.0784100723058248,0.0788576355248344,0.0792981863177452,0.079731805518882,0.0801585748091362,0.0805785766330369,0.0809918941168157,0.0813986109875461,0.0817988114934315,0.0821925803253189,0.0825800025395144,0.0829611634819677,0.0833361487138944,0.0837050439389027,0.0840679349316789,0.0844249074682868,0.084776047258138,0.085121439877688,0.0854611707059082,0.0857953248615759,0.0861239871424184,0.0864472419661468,0.0867651733134132,0.0870778646727267,0.0873853989873617,0.0876878586042796,0.0879853252250769,0.088277879858973,0.0885656027778494,0.0888485734733523,0.0891268706160653,0.0894005720167651,0.089669754589765,0.0899344943183436,0.0901948662222499,0.0904509443272792,0.0907028016369179,0.0909505101060487,0.0911941406166956,0.0914337629557954,0.0916694457949706,0.0919012566722808,0.0921292619759326,0.0923535269299172,0.0925741155815422,0.092791090790828,0.0930045142217428,0.0932144463352471,0.0934209463841111,0.0936240724094682,0.0938238812390547,0.0940204284870972,0.0942137685558144,0.0944039546384782,0.0945910387239858,0.0947750716028969,0.0949561028748911,0.0951341809575975,0.0953093530967532,0.0954816653776398,0.0956511627377483,0.0958178889806194,0.0959818867908071,0.0961431977499085,0.0963018623536085,0.0964579200296894,0.0966114091569462,0.0967623670849619,0.0969108301546911,0.0970568337197938,0.0972004121686705,0.0973415989471477,0.0974804265817683,0.0976169267036273,0.0977511300726975,0.0978830666025943,0.0980127653857322,0.0981402547188216,0.0982655621286583,0.0983887143981623,0.0985097375926202,0.0986286570860895,0.0987454975879113,0.0988602831692888,0.0989730372898855,0.0990837828243977,0.0991925420890635,0.0992993368680722,0.0994041884398332,0.0995071176030676,0.0996081447026865,0.0997072896554269,0.0998045719752124,0.099900010798206,0.0999936249075231,0.100085432757579,0.100175452498049,0.100263701997405,0.100350198866019,0.100434960478774,0.100518003997211,0.10059934639114,0.100679004459746,0.100756994852123,0.10083333408725,0.100908038573383,0.100981124626865,0.101052608490319,0.101122506350225,0.101190834353871,0.101257608625664,0.101322845282799,0.101386560450273,0.10144877027524,0.101509490940708,0.101568738678581,0.101626529782026,0.101682880617186,0.101737807634195,0.101791327377535,0.101843456495705,0.10189421175024,0.101943610024056,0.101991668329133,0.102038403813547,0.102083833767843,0.102127975630772,0.102170846994382,0.102212465608485,0.102252849384505,0.102292016398714,0.102329984894875,0.1023667732863,0.102402400157321,0.102436884264205,0.1024702445355,0.102502500071847,0.102533670145249,0.102563774197835,0.102592831840112,0.102620862848737,0.102647887163809,0.102673924885697,0.102698996271415,0.102723121730558,0.102746321820816,0.102768617243084,0.102790028836173,0.102810577571149,0.102830284545301,0.102849170975753,0.10286725819275,0.102884567632616,0.102901120830421,0.102916939412362,0.102932045087878,0.102946459641506,0.102960204924506,0.102973302846246,0.102985775365377,0.102997644480812,0.103008932222526,0.103019660642196,0.103029851803679,0.103039527773367,0.103048710610412,0.103057422356846,0.103065685027605,0.10307352060046,0.103080951005893,0.103087998116923,0.103094683738888,0.103101029599205,0.103107057337118,0.103112788493427,0.103118244500213,0.103123446670574,0.103128416188396,0.103133174098172,0.103137741294861,0.103142138513819,0.103146386320792,0.103150505102,0.103154515054303,0.103158436175485,0.103162288254641,0.103166090862688,0.103169863343,0.103173624802185,0.103177394101028,0.103181189845593,0.103185030378506,0.103188933770421,0.103192917811673,0.103197000004123,0.103201197553205,0.10320552736018,0.103210006014606,0.103214649787034,0.103219474621913,0.103224496130732,0.103229729585384,0.103235189911781,0.10324089168373,0.103246849117062,0.103253076064047,0.103259586008071,0.103266392058581,0.103273506946319,0.103280943018839,0.103288712236308,0.103296826167613,0.103305295986755,0.103314132469546,0.103323345990611,0.103332946520698,0.103342943624304,0.103353346457606,0.10336416376672,0.103375403886279,0.103387074738328,0.103399183831551,0.103411738260814,0.103424744707047,0.103438209437444,0.103452138306013,0.103466536754437,0.103481409813275,0.103496762103471,0.103512597838193,0.103528920824999,0.103545734468311,0.103563041772197,0.103580845343469,0.103599147395091,0.103617949749889,0.103637253844579,0.103657060734101,0.103677371096273,0.103698185236751,0.103719503094298,0.103741324246334,0.103763647914782,0.103786472972206,0.10380979794824,0.103833621036294,0.103857940100528,0.103882752683083,0.10390805601158,0.103933847006883,0.103960122291106,0.103986878195882,0.104014110770882,0.104041815792555,0.104069988773122,0.104098624969792,0.1041277193942,0.104157266822052,0.10418726180297,0.104217698670526,0.104248571552452,0.104279874381024,0.104311600903603,0.104343744693318,0.104376299159889,0.104409257560575,0.104442613011247,0.104476358497562,0.104510486886236,0.104544990936391,0.104579863310987,0.104615096588306,0.104650683273496,0.104686615810137,0.104722886591853,0.10475948797393,0.104796412284952,0.104833651838446,0.104871198944515,0.10490904592145,0.104947185107287,0.104985608871314,0.105024309625495,0.10506327983582,0.10510251203356,0.105141998826413,0.105181732909524,0.105221707076344,0.105261914229348,0.105302347390589,0.105342999712088,0.105383864486054,0.105424935154888,0.105466205320988,0.105507668756325,0.105549319411805,0.105591151426377,0.105633159135874,0.105675337081584,0.105717680018526,0.105760182923425,0.105802841002385,0.105845649698255,0.105888604697682,0.105931701937844,0.105974937612844,0.106018308179759,0.106061810364319,0.106105441166247,0.106149197864221,0.10619307802046,0.106237079484909,0.106281200399015,0.106325439199091,0.106369794619273,0.106414265694089,0.106458851760596,0.106503552460097,0.106548367739406,0.106593297851694,0.106638343356902,0.106683505121727,0.106728784319176,0.106774182427682,0.106819701229776,0.106865342810324,0.106911109554336,0.106957004144327,0.107003029557245,0.107049189060962,0.107095486210316,0.107141924842741,0.107188509073457,0.107235243290254,0.107282132147848,0.107329180561832,0.107376393702204,0.107423776986502,0.107471336072544,0.107519076850795,0.107567005436382,0.107615128160739,0.107663451562916,0.107711982380528,0.107760727540362,0.107809694148659,0.107858889481088,0.107908320972416,0.107957996205898,0.108007922902369,0.10805810890908,0.108108562188275,0.108159290805528,0.108210302917877,0.108261606761749,0.108313210640719,0.108365122913106,0.108417351979414,0.108469906269648,0.108522794230509,0.10857602431249,0.108629604956877,0.108683544582691,0.108737851573571,0.108792534264636,0.108847600929319,0.108903059766202,0.108958918885863,0.10901518629777,0.109071869897219,0.109128977452351,0.109186516591279,0.109244494789312,0.109302919356305,0.109361797424138,0.109421135934365,0.109480941626032,0.109541221023708,0.109601980425725,0.109663225892657,0.109724963236048,0.109787198007422,0.109849935487556,0.109913180676052,0.109976938281203,0.110041212710179,0.110106008059544,0.110171328106127,0.110237176298271,0.110303555747481,0.110370469220457,0.110437919131534,0.110505907535538,0.110574436121056,0.110643506204152,0.110713118722528,0.110783274230154,0.110853972892363,0.110925214481422,0.110996998372598,0.111069323540718,0.111142188557227,0.111215591587769,0.111289530390264,0.111364002313522,0.111439004296371,0.111514532867316,0.111590584144712,0.111667153837465,0.111744237246274,0.111821829265389,0.111899924384889,0.111978516693498,0.112057599881906,0.112137167246607,0.112217211694259,0.112297725746536,0.112378701545482,0.112460130859363,0.112542005089006,0.112624315274617,0.112707052103092,0.112790205915783,0.11287376671673,0.112957724181355,0.113042067665589,0.113126786215434,0.113211868576942,0.113297303206592,0.113383078282055,0.11346918171334,0.113555601154296,0.113642324014474,0.113729337471322,0.113816628482695,0.113904183799676,0.113991989979686,0.114080033399863,0.114168300270696,0.114256776649879,0.114345448456397,0.114434301484799,0.114523321419668,0.114612493850247,0.114701804285217,0.114791238167589,0.11488078088971,0.11497041780835,0.115060134259835,0.115149915575234,0.115239747095547,0.115329614186905,0.115419502255746,0.115509396763951,0.115599283243934,0.11568914731365,0.115778974691521,0.115868751211259,0.11595846283656,0.116048095675659,0.116137635995719,0.116227070237022,0.116316385026967,0.116405567193856,0.116494603780434,0.11658348205718,0.116672189535341,0.116760713979678,0.116849043420909,0.116937166167851,0.117025070819234,0.11711274627519,0.11720018174837,0.117287366774679,0.117374291223624,0.117460945308259,0.117547319594726,0.11763340501137,0.117719192857441,0.117804674811357,0.117889842938516,0.117974689698643,0.118059207952671,0.118143390969132,0.118227232430052,0.118310726436359,0.1183938675128,0.118476650612368,0.118559071120214,0.118641124857052,0.118722808082034,0.118804117495115,0.11888505023888,0.118965603899861,0.119045776509333,0.119125566543602,0.119204972923779,0.119283995015045,0.119362632625406,0.119440886003927,0.11951875583845,0.11959624325281,0.119673349803578,0.119750077476323
0.047207754138349,0.0469536287611037,0.0466952305370192,0.0464326282932297,0.046165894143184,0.0458951034325507,0.0456203346812786,0.0453416695218678,0.0450591926339068,0.0447729916749368,0.0444831572077128,0.0441897826239372,0.0438929640645434,0.043592800336616,0.043289392827037,0.0429828454129509,0.042673264369146,0.0423607582724547,0.0420454379032787,0.0417274161443491,0.0414068078768417,0.0410837298739683,0.0407583006921715,0.0404306405600487,0.0401008712651385,0.0397691160387054,0.0394354994386628,0.0391001472307791,0.0387631862683187,0.0384247443702664,0.0380849501982918,0.0377439331326131,0.0374018231469219,0.0370587506825328,0.0367148465219257,0.0363702416618508,0.0360250671861674,0.0356794541385883,0.0353335333955083,0.0349874355390968,0.0346412907308366,0.0342952285856934,0.0339493780471,0.03360386726294,0.0332588234627183,0.0329143728361058,0.0325706404130475,0.0322277499456229,0.031885823791849,0.0315449828016139,0.0312053462049319,0.0308670315027022,0.0305301543601598,0.0301948285032014,0.0298611656177723,0.0295292752524927,0.0291992647246984,0.0288712390300707,0.0285453007560277,0.0282215499990399,0.0279000842860289,0.0275809984999993,0.0272643848100483,0.0269503326058838,0.0266389284369811,0.0263302559564937,0.0260243958700237,0.0257214258893509,0.0254214206912038,0.0251244518811427,0.0248305879626129,0.0245398943112076,0.0242524331541689,0.023968263555134,0.0236874414041175,0.0234100194127042,0.0231360471144073,0.0228655708701261,0.0225986338786209,0.0223352761919024,0.0220755347354085,0.021819443332824,0.0215670327353799,0.0213183306554447,0.0210733618042029,0.0208321479331955,0.0205947078794791,0.020361057614145,0.0201312102939188,0.0199051763155529,0.0196829633727065,0.019464576514996,0.0192500182088935,0.0190392884001416,0.0188323845773492,0.0186293018364281,0.0184300329455309,0.0182345684101558,0.0180428965380886,0.0178550035038576,0.0176708734123952,0.0174904883616098,0.0173138285035945,0.0171408721042121,0.0169715956008262,0.0168059736579672,0.016643979220755,0.0164855835659266,0.0163307563503482,0.0161794656569236,0.016031678037848,0.0158873585551903,0.0157464708188217,0.015608977021745,0.0154748379729126,0.0153440131276559,0.0152164606158802,0.0150921372682109,0.0149709986403071,0.0148529990355851,0.0147380915266153,0.0146262279754806,0.014517359053399,0.0144114342599264,0.0143084019420639,0.0142082093136026,0.0141108024750366,0.0140161264343746,0.0139241251291733,0.0138347414501039,0.0137479172663467,0.0136635934530909,0.013581709921395,0.0135022056506386,0.0134250187237664,0.0133500863654976,0.0132773449836362,0.0132067302135887,0.0131381769661592,0.0130716194786564,0.0130069913693122,0.012944225694976,0.0128832550120165,0.0128240114403224,0.0127664267302691,0.0127104323324873,0.0126559594702408,0.0126029392141957,0.0125513025593418,0.0125009805038057,0.0124519041292825,0.012404004682795,0.0123572136594831,0.0123114628861151,0.012266684605012,0.0122228115580712,0.0121797770705797,0.0121375151345085,0.0120959604909879,0.0120550487116718,0.012014716278708,0.0119749006630467,0.0119355404008306,0.0118965751676255,0.0118579458502663,0.01181959461611,0.0117814649795049,0.0117435018653045,0.0117056516692687,0.0116678623152191,0.0116300833088256,0.0115922657879258,0.01155436256929,0.0115163281917665,0.0114781189557547,0.0114396929589703,0.0114010101284818,0.0113620322490103,0.0113227229874993,0.0112830479139709,0.0112429745186991,0.0112024722257405,0.011161512402871,0.0111200683679875,0.0110781153920427,0.0110356306985864,0.0109925934599914,0.0109489847904529,0.0109047877358516,0.010859987260577,0.0108145702314104,0.010768525398572,0.0107218433740371,0.0106745166072307,0.0106265393582101,0.0105779076684471,0.0105286193293255,0.0104786738484651,0.0104280724139872,0.010376817856835,0.0103249146112646,0.0102723686736181,0.010219187559495,0.0101653802594336,0.0101109571932139,0.0100559301628936,0.0100003123046859,0.00994411803978645,0.00988736302425644,0.00983006409806786,0.00977223923341345,0.00971390748238383,0.00965508892411167,0.00959580461148155,0.00953607651750231,0.00947592748143605,0.00941538115477558,0.00935446194716142,0.00929319497232725,0.00923160599416019,0.00916972137296022,0.00910756801198152,0.00904517330433609,0.00898256508033876,0.00891977155536935,0.00885682127832585,0.00879374308074022,0.00873056602662651,0.00866731936312782,0.00860403247202622,0.00854073482217795,0.008477455922933,0.00841422527859638,0.00835107234398592,0.00828802648113725,0.00822511691720491,0.0081623727036055,0.00809982267644568,0.00803749541827491,0.007975419221201,0.00791362205140215,0.00785213151506512,0.00779097482577701,0.00773017877339462,0.00766976969441156,0.00760977344383984,0.00755021536861894,0.00749112028256161,0.00743251244284162,0.00737441552802518,0.00731685261764351,0.00725984617329992,0.00720341802130107,0.00714758933679819,0.00709238062942012,0.00703781173037688,0.00698390178100759,0.00693066922274304,0.00687813178845021,0.00682630649512255,0.00677520963787556,0.00672485678520474,0.0066752627754601,0.00662644171448779,0.00657840697438747,0.00653117119333204,0.00648474627639432,0.00643914339732349,0.00639437300121324,0.0063504448080021,0.00630736781674587,0.00626515031060222,0.00622379986246831,0.00618332334121247,0.006143726918442,0.00610501607575047,0.0060671956123898,0.00603026965331472,0.00599424165754936,0.0059591144268294,0.00592489011447599,0.00589157023446144,0.00585915567063027,0.00582764668604319,0.00579704293241592,0.00576734345962823,0.00573854672528332,0.00571065060430215,0.00568365239854183,0.00565754884643165,0.00563233613262369,0.00560800989765933,0.00558456524765567,0.0055619967640201,0.00554029851320386,0.0055194640565087,0.00549948645996262,0.00548035830428313,0.00546207169494819,0.00544461827239566,0.00542798922237299,0.00541217528645866,0.00539716677277722,0.00538295356692865,0.00536952514315232,0.00535687057574377,0.00534497855074032,0.00533383737788986,0.00532343500291402,0.00531375902007454,0.00530479668504846,0.00529653492811469,0.0052889603676511,0.00528205932393799,0.00527581783326047,0.00527022166229848,0.00526525632278964,0.00526090708644644,0.00525715900010663,0.00525399690109276,0.00525140543275358,0.00524936906015775,0.00524787208590782,0.00524689866604032,0.00524643282597612,0.00524645847648337,0.00524695942961498,0.00524791941458179,0.00524932209352168,0.00525115107712523,0.00525338994007811,0.00525602223628099,0.00525903151380849,0.00526240132956996,0.0052661152636364,0.0052701569331991,0.00527451000612731,0.00527915821409449,0.00528408536524452,0.00528927535637173,0.00529471218459092,0.00530037995847617,0.00530626290865021,0.00531234539780864,0.00531861193016612,0.00532504716031452,0.00533163590148588,0.00533836313321533,0.00534521400840235,0.00535217385977139,0.00535922820573547,0.00536636275566905,0.00537356341459864,0.00538081628732217,0.00538810768197071,0.00539542411302815,0.0054027523038267,0.00541007918853815,0.00541739191368243,0.00542467783917639,0.00543192453894792,0.0054391198011416,0.00544625162794374,0.00545330823505561,0.00546027805084419,0.00546714971520142,0.00547391207814323,0.00548055419817994,0.00548706534048981,0.00549343497492812,0.00549965277390395,0.00550570861015692,0.00551159255446644,0.00551729487332469,0.00552280602660482,0.00552811666525458,0.00553321762904521,0.00553809994440471,0.00554275482236297,0.00554717365663603,0.00555134802187512,0.00555526967210524,0.00555893053937601,0.00556232273264608,0.00556543853692052,0.00556827041265901,0.00557081099547172,0.00557305309611787,0.00557498970082004,0.00557661397190465,0.00557791924877728,0.00557889904924021,0.00557954707115793,0.00557985719447377,0.00557982348357868,0.0055794401900318,0.00557870175562997,0.00557760281582152,0.00557613820345793,0.00557430295287461,0.00557209230429113,0.00556950170851877,0.00556652683196194,0.0055631635618978,0.00555940801201732,0.00555525652820895,0.00555070569456531,0.00554575233959173,0.00554039354259433,0.00553462664022389,0.00552844923315079,0.00552185919284513,0.00551485466843484,0.00550743409361457,0.00549959619357694,0.00549133999193729,0.00548266481762246,0.00547357031169323,0.00546405643407046,0.00545412347013443,0.00544377203716706,0.00543300309060658,0.0054218179300839,0.00541021820521042,0.00539820592108695,0.00538578344350408,0.00537295350380471,0.00535971920337961,0.00534608401776752,0.00533205180033213,0.00531762678548932,0.00530281359145837,0.00528761722251091,0.00527204307069288,0.00525609691699607,0.00523978493195667,0.00522311367565943,0.00520609009712658,0.00518872153307234,0.00517101570600454,0.00515298072165724,0.00513462506573856,0.00511595759997946,0.00509698755747065,0.00507772453727654,0.00505817849831573,0.00503835975249963,0.00501827895712239,0.0049979471064973,0.00497737552283553,0.0049565758463656,0.00493556002469353,0.00491434030140561,0.00489292920391765,0.00487133953057663,0.00484958433702221,0.00482767692181757,0.00480563081136192,0.00478345974409887,0.00476117765403756,0.00473879865360512,0.00471633701585222,0.00469380715603551,0.00467122361260416,0.00464860102761985,0.00462595412664248,0.00460329769811673,0.00458064657229745,0.00455801559975477,0.00453541962950304,0.00451287348680068,0.00449039195067108,0.00446798973119739,0.00444568144664797,0.00442348160049127,0.00440140455836214,0.00437946452504425,0.00435767552153562,0.00433605136226774,0.0043146056325502,0.00429335166631492,0.00427230252423607,0.00425147097230297,0.00423086946092478,0.00421051010464614,0.00419040466255351,0.00417056451945112,0.00415100066788507,0.00413172369109353,0.00411274374695886,0.00409407055303545,0.00407571337272428,0.00405768100266138,0.0040399817613834,0.00402262347932888,0.00400561349022917,0.00398895862393695,0.00397266520073415,0.00395673902715391,0.00394118539334423,0.0039260090719931,0.00391121431882718,0.00389680487468829,0.00388278396918318,0.00386915432589371,0.00385591816912565,0.00384307723216613,0.00383063276701092,0.00381858555551461,0.0038069359219088,0.00379568374662579,0.003784828481358,0.00377436916527639,0.00376430444232495,0.00375463257950248,0.00374535148603844,0.00373645873336494,0.00372795157578397,0.00371982697172604,0.00371208160549387,0.00370471190938451,0.00369771408608214,0.00369108413121433,0.00368481785596509,0.00367891090964017,0.00367335880208245,0.00366815692583808,0.00366330057797785,0.00365878498148217,0.00365460530610279,0.00365075668861853,0.00364723425240833,0.00364403312627019,0.00364114846242046,0.00363857545361394,0.00363630934933123,0.00363434547098625,0.00363267922611288,0.00363130612149556,0.00363022177521509,0.00362942192758693,0.00362890245097489,0.0036286593584689,0.00362868881142124,0.00362898712584064,0.00362955077764912,0.00363037640681085,0.00363146082034727,0.00363280099425678,0.0036343940743614,0.00363623737610674,0.00363832838334511,0.00364066474613494,0.00364324427759261,0.00364606494983563,0.00364912488905838,0.00365242236978432,0.00365595580834016,0.00365972375559957,0.00366372488904488,0.00366795800419713,0.00367242200546571,0.0036771158964697,0.00368203876988369,0.00368718979686127,0.00369256821608987,0.00369817332253033,0.00370400445589504,0.00371006098891754,0.00371634231546643,0.00372284783855543,0.00372957695830113,0.00373652905987847,0.00374370350152329,0.00375109960262954,0.00375871663198723,0.00376655379620549,0.00377461022836409,0.00378288497693423,0.00379137699500806,0.00380008512987363,0.00380900811297039,0.00381814455025747,0.00382749291302512,0.00383705152917704,0.00384681857500883,0.00385679206750539,0.00386696985717748,0.0038773496214553,0.00388792885865401,0.00389870488252389,0.00390967481739487,0.00392083559392294,0.0039321839454432,0.00394371640493253,0.00395542930258209,0.00396731876397754,0.0039793807088829,0.00399161085062155,0.00400400469604582,0.00401655754608536,0.00402926449686229,0.00404212044135992,0.00405512007162962,0.00406825788151999,0.0040815281699105,0.00409492504443094,0.00410844242564718,0.00412207405169274,0.00413581348332502,0.00414965410938448,0.00416358915263455,0.00417761167595984,0.00419171458889981,0.00420589065449543,0.0042201324964258,0.00423443260641219,0.00424878335186697,0.00426317698376483,0.00427760564471483,0.00429206137721184,0.0043065361320462,0.004321021776851,0.00433551010476712,0.00434999284320649,0.00436446166269501,0.00437890818577683,0.00439332399596282,0.00440770064670612,0.00442202967038875,0.00443630258730371,0.00445051091461834,0.00446464617530474,0.00447869990702414,0.00449266367095247,0.00450652906053526,0.00452028771016036,0.00453393130373792,0.00454745158317737,0.00456084035675193,0.00457408950734167,0.00458719100054663,0.00460013689266213,0.00461291933850851,0.00462553059910868,0.00463796304920702,0.00465020918462346,0.00466226162943706,0.00467411314299412,0.00468575662673593,0.0046971851308412,0.00470839186067887,0.00471937018306676,0.00473011363233203,0.00474061591616999,0.00475087092129808,0.00476087271890178,0.0047706155698692,0.00478009392981143,0.00478930245386592,0.00479823600128047,0.00480688963977534,0.00481525864968182,0.00482333852785466,0.00483112499135612,0.00483861398090961,0.00484580166412152,0.00485268443846999,0.00485925893405938,0.00486552201613923,0.00487147078738654,0.00487710258995062,0.00488241500725979,0.00488740586558857,0.00489207323538484,0.00489641543235629,0.00490043101831556,0.00490411880178394,0.00490747783835336,0.00491050743080683,0.00491320712899749,0.00491557672948627,0.00491761627493858,0.00491932605328143,0.00492070659662203,0.00492175867992912,0.00492248331947793,0.00492288177106028,0.00492295552796085,0.00492270631870197,0.00492213610455952,0.00492124707685249,0.00492004165400934,0.00491852247841397,0.00491669241303481,0.00491455453784023,0.00491211214600409,0.00490936873990527,0.00490632802692581,0.00490299391505227,0.00489937050828492,0.00489546210186056,0.00489127317729419,0.00488680839724567,0.00488207260021718,0.00487707079508788,0.00487180815549304,0.00486629001405484,0.00486052185647223,0.004854509315478,0.00484825816467071,0.00484177431222977,0.00483506379452206,0.0048281327696092,0.00482098751066493,0.00481363439931193,0.00480607991888739,0.0047983306476469,0.00479039325191673,0.00478227447920505,0.00477398115128241,0.00476552015724161,0.00475689844654736,0.00474812302208695,0.00473920093323203,0.00473013926892202,0.00472094515077968,0.00471162572626985,0.0047021881619115,0.0046926396365534,0.00468298733472362,0.00467323844006301,0.00466340012885245,0.00465347956364314,0.00464348388699907,0.00463342021536096,0.00462329563304019,0.00461311718635094,0.00460289187788782,0.00459262666095597,0.00458232843416045,0.00457200403616117,0.0045616602405991,0.00455130375119846,0.00454094119704964,0.00453057912807654,0.00452022401069129,0.00450988222363912,0.00449956005403473,0.0044892636935915,0.00447899923504409,0.004468772668764,0.00445858987956732,0.00444845664371266,0.00443837862608726,0.00442836137757841,0.00441841033262654,0.00440853080695593,0.00439872799547803,0.00438900697036234,0.00437937267926858,0.00436982994373416,0.00436038345771011,0.00435103778623846,0.00434179736426364,0.00433266649557039,0.00432364935184032,0.00431474997181946,0.00430597226058904,0.00429731998893122,0.00428879679278193,0.00428040617276276,0.00427215149378427,0.00426403598471294,0.00425606273809464,0.00424823470992757,0.00424055471947834,0.00423302544913541,0.00422564944429466,0.00421842911327203,0.00421136672723909,0.00420446442017756,0.00419772418884995,0.00419114789278402,0.0041847372542697,0.00417849385836751,0.00417241915292837,0.00416651444862558,0.00416078091900013,0.00415521960052175,0.00414983139266884,0.00414461705803075,0.00413957722243697,0.00413471237511794,0.00413002286890347,0.00412550892046431,0.00412117061060355,0.00411700788460437,0.00411302055264146,0.00410920829026371,0.00410557063895625,0.00410210700679012,0.00409881666916745,0.00409569876967062,0.00409275232102329,0.00408997620617116,0.0040873691794907,0.00408492986813305,0.00408265677351015,0.00408054827293005,0.00407860262138744,0.00407681795351521,0.00407519228570151,0.00407372351837686,0.00407240943847526,0.00407124772207162,0.00407023593719796,0.0040693715468394,0.00406865191211025,0.00406807429560919,0.0040676358649521,0.0040673336964801,0.00406716477913947,0.00406712601852887,0.00406721424110875,0.00406742619856688,0.00406775857233257,0.00406820797823231,0.00406877097127819,0.00406944405057909,0.00407022366436503,0.00407110621511376,0.00407208806476857,0.00407316554003519,0.00407433493774556,0.0040755925302758,0.00407693457100511,0.00407835729980192,0.00407985694852365,0.00408142974651655,0.00408307192610218,0.00408477972803632,0.00408654940692635,0.00408837723659341,0.00409025951536584,0.00409219257129067,0.0040941727672504,0.00409619650597191,0.00409826023491592,0.00410036045103536,0.0041024937053914,0.00410465660761657,0.00410684583021463,0.0041090581126878,0.00411129026548248,0.00411353917374576,0.00411580180088524,0.00411807519192529,0.00412035647665379,0.00412264287255508,0.0041249316875243,0.00412722032235967,0.0041295062730295,0.00413178713271179,0.00413406059360512,0.00413632444851045,0.00413857659218371,0.0041408150224602,0.00414303784115246,0.0041452432547235,0.00414742957473817,0.00414959521809594,0.00415173870704924,0.00415385866901172,0.00415595383616154,0.0041580230448453,0.00416006523478859,0.00416207944811983,0.00416406482821451,0.00416602061836747,0.00416794616030072,0.0041698408925146,0.00417170434849034,0.0041735361547522,0.00417533602879813,0.00417710377690744,0.00417883929183446,0.00418054255039661,0.00418221361096595,0.00418385261087366,0.00418545976373644,0.00418703535671335,0.00418857974770179,0.00419009336248153,0.00419157669181525,0.00419303028851414,0.00419445476447642,0.0041958507877071,0.00419721907932668,0.0041985604105764,0.00419987559982712,0.00420116550959895,0.00420243104359863,0.00420367314378108,0.00420489278744109,0.00420609098434118,0.00420726877388073,0.00420842722231158,0.00420956742000486,0.00421069047877323,0.00421179752925271,0.00421288971834772,0.00421396820674254,0.00421503416648211,0.00421608877862488,0.00421713323097043,0.0042181687158636,0.00421919642807685,0.00422021756277183,0.00422123331354122,0.00422224487053167,0.00422325341864804,0.00422426013583932,0.00422526619146604,0.0042262727447491,0.00422728094329895,0.00422829192172444,0.0042293068003204,0.00423032668383309,0.00423135266030223,0.00423238579997789,0.00423342715431042,0.00423447775501199,0.00423553861318776,0.00423661071853477,0.00423769503860632,0.00423879251813994,0.00423990407844669,0.00424103061685941,0.00424217300623787,0.00424333209452829,0.00424450870437479,0.00424570363278087,0.00424691765081802,0.00424815150337937,0.00424940590897622,0.00425068155957488,0.00425197912047174,0.00425329923020382,0.00425464250049263,0.00425600951621932,0.0042574008354288,0.00425881698936051,0.00426025848250394,0.00426172579267711,0.00426321937112601,0.00426473964264283,0.00426628700570096,0.00426786183260483,0.00426946446965273,0.00427109523731082,0.00427275443039697,0.00427444231827334,0.00427615914504607,0.00427790512977023,0.00427968046665876,0.00428148532529394,0.00428331985083988,0.00428518416425524,0.00428707836250508,0.00428900251877064,0.00429095668265578,0.00429294088038901,0.00429495511502045,0.00429699936661308,0.00429907359242739,0.00430117772709835,0.00430331168280422,0.00430547534942657,0.00430766859470105,0.00430989126435834,0.00431214318225508,0.00431442415049476,0.00431673394953829,0.00431907233830429,0.00432143905425884,0.00432383381349462,0.00432625631079923,0.00432870621971265,0.004331183192574,0.00433368686055841,0.00433621683370419,0.00433877270093102,0.00434135403004969,0.00434396036776425,0.00434659123966704,0.00434924615022736,0.00435192458277438,0.00435462599947553,0.00435734984131097,0.00436009552804524,0.00436286245819739,0.00436565000901067,0.00436845753642308,0.00437128437503985,0.00437412983810898,0.0043769932175015,0.00437987378369778,0.0043827707857812,0.00438568345144042,0.00438861098698169,0.00439155257735254,0.004394507386178,0.00439747455581114,0.0044004532073994,0.00440344244096831,0.00440644133552366,0.00440944894917383,0.00441246431927364,0.00441548646259075,0.00441851437549629,0.00442154703418088,0.00442458339489749,0.00442762239423268,0.00443066294940693,0.00443370395860544,0.00443674430134033,0.00443978283884504,0.00444281841450231,0.00444584985430663,0.00444887596736193,0.004451895546415,0.00445490736842563,0.00445791019517329,0.00446090277390097,0.0044638838379965,0.00446685210771111,0.00446980629091583,0.00447274508389573,0.00447566717218157,0.00447857123141919,0.00448145592827607,0.00448431992138475,0.0044871618623225,0.00448998039662641,0.00449277416484329,0.00449554180361309,0.00449828194678477,0.00450099322656365,0.00450367427468925,0.00450632372364211,0.0045089402078779,0.00451152236508723,0.00451406883747925,0.00451657827308712,0.00451904932709354,0.00452148066317415,0.00452387095485677,0.00452621888689424,0.00452852315664883,0.00453078247548564,0.00453299557017281,0.00453516118428601,0.00453727807961471,0.00453934503756796,0.00454136086057663,0.00454332437348972,0.00454523442496208,0.00454708988883108,0.00454888966547925,0.00455063268317995,0.00455231789942378,0.00455394430222358,0.00455551091139523,0.00455701677981126,0.00455846099462487,0.00455984267846179,0.0045611609905773,0.00456241512797659,0.00456360432649599,0.0045647278618432,0.00456578505059416,0.00456677525114421,0.00456769786461194,0.0045685523356933,0.00456933815346433,0.00457005485213043,0.00457070201172063,0.00457127925872554,0.00457178626667748,0.00457222275667149,0.00457258849782638,0.0045728833076848,0.0045731070525517,0.00457325964776993,0.00457334105793236,0.00457335129702987,0.00457329042853474,0.00457315856541951,0.00457295587011096,0.00457268255437905,0.00457233887916105,0.00457192515432124,0.00457144173834648,0.0045708890379779,0.00457026750777929,0.00456957764964306,0.00456882001223454,0.00456799519037567,0.00456710382436915,0.00456614659926452,0.00456512424406763,0.0045640375308951,0.00456288727407531,0.00456167432919767,0.00456039959211176,0.00455906399787812,0.00455766851967238,0.00455621416764499,0.00455470198773861,0.00455313306046511,0.00455150849964474,0.00454982945110982,0.00454809709137569,0.00454631262628061,0.00454447728959689,0.00454259234161607,0.00454065906771032,0.00453867877687304,0.00453665280024114,0.00453458248960141,0.0045324692158838,0.00453031436764409,0.00452811934953906,0.0045258855807962,0.004523614493681,0.00452130753196419,0.00451896614939125,0.00451659180815652,0.00451418597738431,0.00451175013161943,0.0045092857493295,0.00450679431142164,0.00450427729977586,0.00450173619579726,0.00449917247898931,0.00449658762555041,0.00449398310699559,0.00449136038880531,0.00448872092910324,0.00448606617736474,0.00448339757315761,0.00448071654491707,0.00447802450875676,0.00447532286731732,0.00447261300865373,0.00446989630516247,0.00446717411254974,0.00446444776884143,0.00446171859343626,0.00445898788620329,0.00445625692662415,0.00445352697298072,0.00445079926158921,0.00444807500608106,0.00444535539673133,0.00444264159983477,0.00443993475712975,0.00443723598527047,0.00443454637534716,0.00443186699245449,0.00442919887530797,0.00442654303590826,0.00442390045925332,0.00442127210309769,0.00441865889775825,0.00441606174596615,0.00441348152276417,0.00441091907544895,0.00440837522355761,0.004405850758898,0.00440334644562146,0.00440086302033755,0.00439840119226971,0.00439596164345131,0.00439354502896044,0.00439115197719262,0.00438878309017022,0.00438643894388722,0.00438412008868853,0.00438182704968241,0.00437956032718506,0.00437732039719551,0.00437510771189955,0.00437292270020149,0.0043707657682825,0.00436863730018383,0.00436653765841359,0.00436446718457576,0.00436242620001986,0.0043604150065099,0.00435843388691091,0.00435648310589149,0.00435456291064104,0.00435267353159996,0.00435081518320128,0.00434898806462216,0.00434719236054364,0.00434542824191716,0.00434369586673565,0.00434199538080752,0.00434032691853199,0.0043386906036741,0.00433708655013822,0.00433551486273855,0.00433397563796439,0.00433246896473876,0.0043309949251684,0.00432955359528368,0.00432814504576659,0.00432676934266504,0.00432542654809178,0.00432411672090617,0.00432283991737707,0.00432159619182545,0.00432038559724438,0.00431920818589472,0.00431806400987501,0.00431695312166407,0.00431587557463458,0.00431483142353607,0.00431382072494548,0.004312843537684,0.00431189992319865,0.00431098994590702,0.00431011367350384,0.00430927117722795,0.00430846253208802,0.00430768781704617,0.00430694711515857,0.00430624051367144,0.00430556810407126,0.00430492998208851,0.00430432624765368,0.00430375700480473,0.00430322236154553,0.0043027224296547,0.00430225732444438,0.00430182716446877,0.00430143207118191,0.00430107216854445,0.00430074758257953,0.00430045844087775,0.0043002048720514,0.00429998700513831,0.00429980496895576,0.00429965889140545,0.00429954889873002,0.00429947511472257,0.0042994376598902,0.00429943665057276,0.00429947219801789,0.00429954440741421,0.00429965337688427,0.00429979919643912,0.00429998194689659,0.00430020169876571,0.00430045851109971,0.00430075243032035,0.00430108348901602,0.0043014517047164,0.00430185707864646,0.00430229959446287,0.00430277921697606,0.00430329589086094,0.00430384953935997,0.00430444006298201,0.00430506733820096,0.00430573121615793,0.00430643152137049,0.00430716805045279,0.00430794057085049,0.00430874881959448,0.00430959250207734,0.00431047129085699,0.00431138482449138,0.00431233270640826,0.00431331450381396,0.00431432974664534,0.00431537792656905,0.00431645849603204,0.00431757086736724,0.00431871441195802,0.00431988845946538,0.00432109229712141,0.0043223251690926,0.00432358627591644,0.00432487477401467,0.00432618977528596,0.00432753034678123,0.00432889551046439,0.0043302842430612,0.00433169547599815,0.0043331280954338,0.00433458094238445,0.00433605281294644,0.00433754245861624,0.00433904858670982,0.00434056986088224,0.00434210490174813,0.0043436522876037,0.00434521055525044,0.00434677820092112,0.00434835368130795,0.00434993541469272,0.004351521782178,0.00435311112901876,0.00435470176605328,0.0043562919712326,0.0043578799912468,0.00435946404324618,0.0043610423166553,0.00436261297507798,0.00436417415829083,0.00436572398432253,0.00436726055161657,0.00436878194127446,0.00437028621937656,0.00437177143937745,0.00437323564457227,0.00437467687063071,0.00437609314819452,0.00437748250553516,0.00437884297126753,0.00438017257711621,0.00438146936073018,0.00438273136854176,0.00438395665866584,0.00438514330383519,0.00438628939436757,0.00438739304116081,0.00438845237871143,0.00438946556815281,0.0043904308003085,0.00439134629875675,0.00439221032290198,0.0043930211710492,0.00439377718347709,0.00439447674550552,0.00439511829055376,0.00439570030318554,0.00439622132213701,0.00439667994332443,0.00439707482282793,0.00439740467984795,0.00439766829963088,0.00439786453636039,0.0043979923160111,0.00439805063916197,0.00439803858376601,0.00439795530787346,0.00439780005230533,0.00439757214327445,0.00439727099495105,0.00439689611197008,0.00439644709187771,0.00439592362751491,0.00439532550933547,0.00439465262765637,0.00439390497483781,0.00439308264739033,0.00439218584800629,0.00439121488751283,0.00439017018674418,0.00438905227833101,0.00438786180840424,0.00438659953821048,0.0043852663456368,0.00438386322664186,0.0043823912965909,0.00438085179149159,0.00437924606912719,0.0043775756100833,0.00437584201866487,0.00437404702369971,0.0043721924792245,0.00437028036504932,0.00436831278719604,0.00436629197820598,0.00436422029731141,0.00436210023046533,0.00435993439022419,0.00435772551547756,0.00435547647101872,0.00435319024694897,0.00435086995790846,0.00434851884212614,0.00434614026028094,0.00434373769416604,0.00434131474514818,0.00433887513241338,0.00433642269098953,0.00433396136953651,0.00433149522789415,0.0043290284343784,0.00432656526281514,0.00432411008930156,0.00432166738868455,0.00431924173074598,0.00431683777608437,0.00431446027168244,0.00431211404614954,0.00430980400462888,0.00430753512335897,0.00430531244387971,0.0043031410668739,0.00430102614563587,0.0042989728791588,0.00429698650483305,0.00429507229074909,0.00429323552759946,0.00429148152017467,0.00428981557844967,0.00428824300825857,0.00428676910155674,0.00428539912627095,0.00428413831574008,0.00428299185775071,0.00428196488317337,0.00428106245420737,0.00428028955224404,0.00427965106536068,0.00427915177545979,0.00427879634507052,0.004278589303831,0.00427853503467292,0.00427863775973218,0.00427890152601214,0.00427933019082885,0.00427992740706937,0.00428069660829731,0.00428164099374163,0.00428276351320742,0.00428406685194911,0.00428555341554903,0.00428722531484653,0.00428908435096435,0.00429113200048052,0.00429336940079537,0.00429579733574461,0.00429841622151033,0.00430122609288304,0.00430422658992835,0.00430741694511235,0.00431079597093936,0.00431436204815538,0.0043181131145705,0.00432204665455295,0.00432615968924635,0.00433044876756051,0.00433490995798438,0.00433953884126823,0.00434433050402021,0.00434927953326017,0.00435438001197127,0.00435962551568739,0.00436500911015177,0.00437052335007923,0.00437616027905225,0.00438191143057783,0.00438776783032946,0.00439371999959477,0.00439975795994747,0.00440587123915931,0.00441204887836473,0.00441827944048767,0.00442455101993784,0.00443085125358197,0.00443716733299253,0.00444348601797453,0.00444979365136923,0.00445607617513213,0.00446231914768083,0.00446850776250766,0.00447462686805069,0.00448066098881608,0.00448659434774418,0.00449241088981222,0.00449809430686685,0.00450362806367982,0.00450899542522089,0.00451417948514262,0.00451916319547349,0.00452392939751686,0.00452846085395592,0.00453274028216622,0.00453675038873974,0.00454047390522715,0.00454389362510774,0.0045469924419988,0.00454975338912015,0.00455215968003263,0.00455419475067317,0.00455584230271223,0.00455708634826375,0.00455791125598244,0.00455830179858634,0.00455824320184762,0.00455772119509947,0.00455672206331067,0.00455523270078382,0.00455324066653809,0.00455073424144183,0.00454770248716438,0.00454413530702017,0.0045400235087824,0.00453535886954734,0.00453013420273275,0.00452434342729627,0.00451798163926061,0.00451104518563389,0.00450353174081145,0.00449544038554403,0.00448677168855279,0.00447752779086562,0.00446771249294074,0.00445733134463164,0.00444639173803244,0.0044349030032227,0.00442287650690751,0.00441032575391906,0.00439726649151,0.00438371681632574,0.00436969728389147,0.0043552310203892,0.0043403438364298,0.00432506434244239,0.00430942406520859,0.00429345756495989,0.00427720255233306,0.00426070000433923,0.00424399427834641,0.00422713322290112,0.00421016828402525,0.00419315460541698,0.0041761511207634,0.0041592206361368,0.004142429900202,0.00412584965971306,0.00410955469752974,0.00409362385014553,0.00407814000150031,0.00406319004966508,0.00404886484284525,0.00403525908107243,0.00402247117995813,0.00401060309298652,0.00399976008904789,0.00399005048227861,0.00398158531179416,0.00397447796959416,0.00396884377578919,0.00396479950135035,0.00396246283980577,0.00396195183068231,0.00396338423898482,0.00396687689657332,0.0039725450128813,0.00398050146394674,0.00399085607012304,0.00400371487401884,0.00401917943110346,0.00403734612593413,0.00405830552705458,0.00408214179324421,0.00410893214294839,0.00413874639740928,0.00417164660628785,0.00420768676249036,0.0042469126105836,0.00428936155071167,0.0043350626374308,0.00438403667047545,0.00443629637226821,0.00449184664507691,0.00455068489917511,0.00461280144221876,0.00467817991933061,0.00474679779307491,0.00481862685257965,0.00489363374147294,0.00497178049498746,0.00505302507748758,0.00513732191272185,0.00522462240023595,0.00531487541254243,0.00540802776878426,0.00550402468171213,0.00560281017579128,0.00570432747514392,0.00580851936080648,0.00591532849743294,0.00602469773010945,0.00613657035236521,0.0062508903467822,0.00636760259983135,0.00648665309270815,0.00660798907001741,0.00673155918817724,0.00685731364538817,0.00698520429495389,0.00711518474365443,0.00724721043676763,0.00738123873121882,0.00751722895821498,0.00765514247659349,0.00779494271798905,0.00793659522480023,0.00808006768181871,0.00822532994227308,0.00837235404893499,0.0085211142508397,0.00867158701608356,0.0088237510410807,0.00897758725658858,0.00913307883074608,0.00929021116930988,0.00944897191322359,0.0096093509336097,0.00977134032423504,0.00993493439146692,0.0101001296417083,0.0102669247662778,0.0104353206236791,0.01060532021919,0.010776928681686,0.0109501532376093,0.0111250031819867,0.0113014898463978,0.0114796265637929,0.0116594286300649,0.0118409132622842,0.0120240995535121,0.0122090084241175,0.0123956625695306,0.0125840864043788,0.0127743060029671,0.0129663490360762,0.0131602447040704,0.0133560236663228,0.0135537179669857,0.0137533609571502,0.0139549872134606,0.0141586324532672,0.0143643334464228,0.0145721279238464,0.0147820544829994,0.0149941524904393,0.0152084619816343,0.0154250235582417,0.0156438782830712,0.0158650675729724,0.0160886330899026,0.0163146166304471,0.0165430600140765,0.016774004970441,0.0170074930260113,0.0172435653903844,0.0174822628425834,0.0177236256176834,0.0179676932941029,0.0182145046818996,0.0184640977124132,0.0187165093295956,0.0189717753833661,0.019229930525322,0.01949100810713,0.0197550400819161,0.0200220569089624,0.0202920874620033,0.0205651589414055,0.020841296790496,0.0211205246162906,0.0214028641148537,0.021688335001509,0.0219769549460967,0.0222687395134531,0.0225637021092695,0.0228618539314656,0.0231632039271897,0.0234677587555409,0.0237755227560814,0.0240864979231889,0.024400683886277,0.0247180778958915,0.0250386748156693,0.0253624671201269,0.0256894448982228,0.0260195958626214,0.0263529053645634,0.0266893564142346,0.0270289297065059,0.0273716036519019,0.0277173544126388,0.0280661559435568,0.0284179800377603,0.0287727963767656,0.0291305725849452,0.0294912742880454,0.0298548651755417,0.030221307066591,0.0305905599793255,0.0309625822032276,0.0313373303743183,0.0317147595528845,0.0320948233034675,0.0324774737768264,0.0328626617935876,0.0332503369292872,0.0336404476005148,0.0340329411518586,0.0344277639433584,0.0348248614381685,0.0352241782901299,0.0356256584309572,0.0360292451567427,0.0364348812134908,0.0368425088813934,0.037252070057562,0.0376635063369311,0.0380767590910569,0.0384917695445442,0.0389084788488374,0.0393268281531236,0.0397467586721021,0.0401682117503843,0.0405911289233011,0.0410154519739039,0.0414411229859574,0.0418680843927347,0.042296279021441,0.0427256501331018,0.0431561414577715,0.0435876972249326,0.0440202621889681,0.0444537816496155,0.0448882014673266,0.0453234680734744,0.0457595284753692,0.046196330256067,0.0466338215689715,0.0470719511272556,0.0475106681881513,0.0479499225321748,0.0483896644373786,0.0488298446487418,0.0492704143428374,0.0497113250879353,0.0501525287997225,0.0505939776928429,0.0510356242284799,0.0514774210582294,0.0519193209645349,0.0523612767979745,0.0528032414117084,0.0532451675934151,0.0536870079950587,0.0541287150608465,0.054570240953755,0.0550115374810183,0.0554525560189821,0.0558932474377388,0.0563335620259628,0.0567734494163804,0.0572128585123107,0.0576517374157201,0.0580900333572305,0.058527692628525,0.0589646605175901,0.0594008812472314,0.0598362979172974,0.0602708524510331,0.0607044855459789,0.0611371366298154,0.0615687438215401,0.0619992438983505,0.0624285722685905,0.0628566629510891,0.0632834485612037,0.0637088603038561,0.064132827973825,0.0645552799635384,0.0649761432785797,0.0653953435610896,0.0658128051212192,0.0662284509767597,0.0666422029010445,0.0670539814791845,0.0674637061726651,0.0678712953922985,0.0682766665794919,0.0686797362957624,0.0690804203203981,0.0694786337561289,0.069874291142636,0.0702673065777075,0.0706575938458111,0.0710450665538191,0.0714296382735956,0.0718112226911239,0.072189733761821,0.0725650858716695,0.0729371940037659,0.0733059739098581,0.0736713422864249,0.0740332169548266,0.0743915170450384,0.0747461631824597,0.0750970776772684,0.0754441847157819,0.0757874105532647,0.0761266837076208,0.0764619351533941,0.076793098515493,0.0771201102620465,0.0774429098957983,0.0777614401434312,0.0780756471422124,0.0783854806233461,0.0786908940914291,0.0789918449994087,0.0792882949184401,0.0795802097020473,0.0798675596439989,0.0801503196293222,0.08042846927789,0.0807019930800199,0.0809708805235431,0.0812351262118057,0.0814947299720923,0.0817496969539766,0.0820000377171251,0.0822457683080865,0.0824869103256322,0.082723490974238,0.0829555431053123,0.0831831052458049,0.0834062216138665,0.0836249421212537,0.0838393223621997,0.084049423588505,0.0842553126706383,0.0844570620446686,0.0846547496448926,0.0848484588220516,0.0850382782470723,0.0852243018003089,0.0854066284463037,0.0855853620941335,0.0857606114434447,0.0859324898163273,0.0861011149752213,0.0862666089270961,0.0864290977141964,0.0865887111916934,0.0867455827926319,0.08689984928061,0.0870516504906755,0.0872011290589872,0.087348430141825,0.0874937011245825,0.0876370913214199,0.0877787516663164,0.0879188343963008,0.088057492727683,0.0881948805261435,0.0883311519715864,0.0884664612186968,0.0886009620541797,0.0887348075516858,0.0888681497254654,0.0890011391838109,0.0891339247833663,0.0892666532853994,0.0893994690151409,0.0895325135252983,0.0896659252648608,0.089799839254303,0.0899343867682848,0.0900696950269347,0.090205886896767,0.0903430806022633,0.0904813894491121,0.0906209215600583,0.090761779624283,0.0909040606611709,0.0910478557992736,0.0911932500712128,0.0913403222252079,0.0914891445538421,0.0916397827406049,0.0917922957246733,0.0919467355843188,0.0921031474392393,0.0922615693720452,0.0924220323690346,0.0925845602803078,0.0927491697991882,0.0929158704608367,0.0930846646598693,0.0932555476866935,0.0934285077822036,0.0936035262104022,0.093780577348438,0.0939596287934816,0.0941406414857974,0.0943235698473097,0.0945083619349092,0.0946949596077027,0.0948832987073534,0.0950733092506162,0.0952649156331415,0.0954580368435934,0.0956525866871075,0.0958484740170882,0.0960456029743365,0.096243873232507,0.0964431802488739,0.0966434155193898,0.0968444668370379,0.0970462185524924,0.097248551836116,0.0974513449403412,0.0976544734615091,0.0978578106002719,0.0980612274197048,0.0982645931002975,0.0984677751910344,0.0986706398558089,0.0988730521144634,0.0990748760777823,0.0992759751758079,0.0994762123789021,0.0996754504110181,0.0998735519546942,0.100070379847332,0.100265797268359,0.100459667916922,0.10065185617981,0.10084222728935,0.101030647471048,0.101216984080819,0.101401105731645,0.101582882409608,0.101762185579213,0.101938888278011,0.102112865200556,0.102283992771757,0.102452149209738,0.10261721457835,0.102779070829506,0.102937601835543,0.103092693411865,0.103244233330131,0.103392111322277,0.103536219075716,0.103676450220052,0.103812700305685,0.103944866774706,0.10407284892452,0.104196547864624,0.104315866467024,0.10443070931078,0.104540982621172,0.104646594204015,0.104747453375651,0.104843470889174,0.104934558857459,0.105020630673573,0.105101600929168,0.105177385331433,0.105247900619234,0.105313064479038,0.105372795461257,0.105427012897649,0.105475636820377,0.105518587883398,0.105555787286784,0.105587156704636,0.10561261821722,0.105632094247967,0.105645507505945,0.105652780934445,0.105653837666284,0.105648600986456,0.105636994302717,0.105618941124724,0.105594365052274,0.105563189773236,0.105525339071712,0.105480736846972,0.105429307143686,0.105370974193963,0.105305662471679,0.105233296759567,0.10515380222952,0.105067104536545,0.104973129926753,0.104871805359799,0.104763058646096,0.104646818599158,0.104523015203392,0.104391579797622,0.104252445274616,0.104105546296844,0.103950819528698,0.103788203885343,0.103617640798377,0.103439074498437,0.103252452314858,0.103057724992473,0.102854847025608,0.102643777009289,0.10242447800767,0.10219691793965,0.101961069981614,0.101716912987219,0.101464431924093,0.101203618327291,0.100934470769309,0.100656995346434,0.10037120618115,0.100077125940293,0.0997747863685898,0.0994642288371745,0.0991455049066209,0.0988186769039617,0.0984838185131098,0.0981410153780126,0.0977903657177914,0.0974319809530267,0.0970659863422469,0.0966925216275708,0.096311741688317,0.0959238172012606,0.0955289353060799,0.0951273002743505,0.0947191341802631,0.0943046775710207,0.0938841901346401,0.0934579513626271,0.0930262612047153,0.0925894407125535,0.0921478326688837,0.0917018021984006,0.0912517373560854,0.0907980496883838,0.0903411747621455,0.0898815726557659,0.0894197284064611,0.0889561524070742,0.0884913807452497,0.0880259754772422,0.0875605248280512,0.0870956433089953,0.0866319717432744,0.0861701771895117,0.085710952752744,0.0852550172718833,0.0848031148722802,0.0843560143717282,0.0839145085280911,0.0834794131167168,0.0830515658259516,0.082631824959443,0.0822210679345365,0.0818201895669577,0.0814301001331672,0.0810517232032874,0.0806859932393865,0.0803338529561478,0.0799962504435858,0.079674136054492,0.0793684590626741,0.0790801641017714,0.0788101873984443,0.078559452817998,0.0783288677449211,0.0781193188252835,0.0779316676023548,0.0777667460810467,0.0776253522607142,0.0775082456793128,0.0774161430147615,0.0773497137914818,0.0773095762413326,0.0772962933684237,0.0773103692665036,0.0773522457357328,0.0774222992426657,0.0775208382631845,0.0776481010430559,0.0778042538048329,0.0779893894231327,0.0782035265830938,0.0784466094292336,0.0787185077042265,0.0790190173695123,0.0793478616923601,0.0797046927772598,0.0800890935134448,0.0805005799051322,0.0809386037467919,0.0814025556024958,0.0818917680461894,0.082405519118534,0.0829430359557764,0.0835034985468177,0.0840860435761808,0.0846897683127986,0.0853137345073415,0.0859569722640233,0.086618483856375,0.0872972474601995,0.0879922207807183,0.0887023445546938,0.089426545911985,0.0901637415844756,0.0909128409535551,0.091672748930309,0.0924423686652487,0.0932206040867655,0.0940063622695494,0.0947985556359457,0.0955961039946469,0.0963979364222883,0.097202992994412,0.0980102263729334,0.098818603257708,0.0996271057100758,0.100434732356379,0.101240499479435,0.102043442005833,0.102842614396691,0.103637091449269,0.104425969016469,0.105208364650904,0.10598341817979,0.106750292216535,0.107508172614443,0.10825626886757,0.108993814463309,0.109720067190922,0.110434309409829,0.11113584828111,0.111824015965313,0.112498169789341,0.113157692384902,0.113801991800704,0.114430501590321,0.115042680877428,0.115638014399876,0.116216012533885,0.116776211299455,0.117318172347925,0.117841482932489,0.118345755862329,0.118830629440939,0.119295767389084,0.119740858752774,0.120165617796556,0.120569783882345,0.120953121333996,0.121315419287732,0.121656491528561,0.121976176312719,0.122274336176216,0.12255085772949,0.122805651438203,0.123038651390165,0.123249815048422,0.123439122990502,0.123606578633837,0.123752207947366,0.123876059149352,0.123978202391432,0.124058729428965,0.124117753277739,0.124155407857121,0.124171847619746,0.124167247167865,0.124141800856484,0.124095722383438,0.124029244366597,0.123942617908382,0.123836112147825,0.123710013800396,0.123564626685879,0.123400271244569,0.123217284042103,0.123016017263239,0.122796838194931,0.122560128699064,0.122306284675228,0.122035715513938,0.121748843540743,0.121446103451662,0.121127941740403,0.120794816117856,0.120447194924346,0.120085556535165,0.119710388759937,0.119322188236351,0.118921459818821,0.118508715962684,0.118084476104506,0.117649266039126,0.117203617294049,0.116748066501841,0.116283154771152,0.115809427057062,0.115327431531376,0.114837718953586,0.114340842043167,0.113837354853939,0.113327812151164,0.112812768792112,0.112292779110814,0.111768396307718,0.111240171844981,0.110708654848121,0.110174391514746,0.109637924531092,0.109099792497103,0.108560529360768,0.108020663862437,0.107480718989829,0.106941211444404,0.106402651119808,0.105865540593046,0.10533037462904,0.104797639699219,0.10426781351476,0.103741364575057,0.103218751732012,0.102700423770675,0.10218681900674,0.101678364901377,0.101175477693846,0.1006785620523,0.10018801074314,0.0997042043192296,0.0992275108272765,0.0987582855345768,0.0982968706753343,0.0978435952166773,0.09739877464445,0.0969627107688045,0.0965356915495705,0.0961179909413358,0.0957098687581112,0.0953115705574105,0.0949233275435157,0.0945453564896497,0.0941778596787298,0.0938210248623406,0.0934750252375151,0.0931400194408725,0.0928161515596325,0.0925035511589951,0.0922023333253408,0.0919125987246906,0.0916344336758484,0.091367910237626,0.0911130863095455,0.0908700057454079,0.0906386984791274,0.0904191806622266,0.090211454812405,0.0900155099725972,0.0898313218799516,0.0896588531441882,0.0894980534348225,0.0893488596767592,0.0892111962537964,0.0890849752196153,0.088970096515864,0.088866448196972,0.0887739066613634,0.0886923368887707,0.0886215926833747,0.0885615169225382,0.0885119418109321,0.0884726891398756,0.0884435705517311,0.088424387809226,0.0884149330695941,0.0884149891634374,0.0884243298782257,0.0884427202463602,0.0884699168377394,0.088505668056762,0.0885497144437083,0.0886017889804357,0.0886616174003161,0.0887289185023276,0.0888034044692004,0.0888847811895125,0.0889727485836126,0.0890670009332272,0.0891672272145808,0.0892731114348421,0.0893843329716981,0.0895005669158325,0.0896214844160649,0.089746753026879,0.0898760370580465,0.0900089979260407,0.0901452945069184,0.0902845834903235,0.0904265197342444,0.0905707566201428,0.0907169464080612,0.0908647405913096,0.0910137902503156,0.0911637464052077,0.0913142603667095,0.0914649840849101,0.0916155704954675,0.091765673862801,0.0919149501198345,0.0920630572038525,0.0922096553880416,0.0923544076082919,0.0924969797848314,0.0926370411382847,0.0927742644997553,0.0929083266145455,0.0930389084391364,0.0931656954310557,0.0932883778312913,0.0934066509389076,0.093520215377547,0.0936287773535243,0.0937320489052254,0.0938297481435451,0.0939215994831158,0.0940073338640905,0.0940866889642734,0.0941594094014074,0.0942252469254455,0.0942839606006506,0.094335316977389,0.0943790902535006,0.0944150624251497,0.0944430234270695,0.0944627712621423,0.0944741121202688,0.0944768604865006,0.0944708392384346,0.0944558797328716,0.0944318218817617,0.0943985142174726,0.0943558139474428,0.094303586998286,0.0942417080494244,0.0941700605563503,0.094088536763634,0.0939970377078113,0.0938954732102956,0.0937837618604653,0.0936618309890947,0.093529616632302,0.0933870634862015,0.0932341248524585,0.0930707625749514,0.0928969469677588,0.0927126567347043,0.0925178788806967,0.0923126086151049,0.0920968492474162,0.0918706120754367,0.0916339162663054,0.091386788730592,0.091129263989749,0.0908613840371999,0.090583198193347,0.0902947629547905,0.0899961418380542,0.0896874052181162,0.0893686301620445,0.0890399002580354,0.0887013054401611,0.0883529418091343,0.0879949114494002,0.0876273222428605,0.0872502876795385,0.0868639266654931,0.0864683633282906,0.0860637268203428,0.0856501511204186,0.0852277748336275,0.0847967409901697,0.0843571968431514,0.0839092936657642,0.0834531865481253,0.0829890341940599,0.0825169987181077,0.0820372454430283,0.0815499426980827,0.0810552616183574,0.0805533759453901,0.0800444618293459,0.0795286976330028,0.0790062637377886,0.0784773423520992,0.077942117322124,0.0774007739453919,0.0768534987872516,0.076300479500484,0.0757419046482398,0.0751779635304821,0.0746088460141103,0.0740347423669345,0.0734558430956605,0.0728723387880314,0.0722844199592638,0.0716922769029019,0.0710960995462071,0.0704960773101954,0.0698923989744126,0.0692852525465273,0.0686748251368233,0.0680613028376525,0.0674448706079008,0.0668257121625161,0.0662040098671343,0.0655799446378229,0.0649536958459554,0.0643254412282228,0.0636953568017718,0.0630636167844564,0.0624303935201708,0.0617958574092246,0.0611601768437129,0.0605235181478264,0.0598860455230404,0.0592479209981029,0.0586093043837438,0.0579703532320148,0.0573312228001616,0.0566920660189221,0.056053033465139,0.0554142733385695,0.0547759314427635,0.0541381511698829,0.0535010734893251,0.0528648369400135,0.0522295776262106,0.0515954292166977,0.0509625229471686,0.0503309876256813,0.049700949641011,0.0490725329737428,0.0484458592099378,0.0478210475572072,0.0471982148630244,0.0465774756351096,0.0459589420637193,0.0453427240456754,0.0447289292099684,0.0441176629447684,0.0435090284256814,0.0429031266450919,0.0423000564424327,0.0416999145352275,0.041102795550753,0.0405087920581676,0.0399179946009656,0.0393304917296112,0.0387463700342158,0.0381657141771261,0.0375886069252961,0.0370151291823206,0.0364453600200118,0.0358793767094042,0.0353172547510793,0.0347590679047116,0.0342048882177347,0.0336547860530421,0.0331088301156375,0.032567087478153,0.0320296236051623,0.0314965023762172,0.0309677861075467,0.0304435355723619,0.0299238100197151,0.0294086671918647,0.0288981633401039,0.0283923532390153,0.027891290199121,0.0273950260778956,0.026903611289122,0.0264170948105675,0.0259355241899651,0.025458945549289,0.0249874035873186,0.0245209415804848,0.024059601381995,0.0236034234192375,0.0231524466894678,0.0227067087537822,0.0222662457293861,0.0218310922801635,0.02140128160556,0.0209768454277912,0.0205578139773894,0.0201442159771024,0.0197360786241596,0.0193334275709223,0.0189362869039355,0.0185446791214,0.0181586251090827,0.0177781441146891,0.0174032537207221,0.0170339698158556,0.0166703065648484,0.0163122763770332,0.0159598898734166,0.0156131558524329,0.0152720812544012,0.0149366711247381,0.0146069285759926,0.0142828547487754,0.0139644487716702,0.0136517077202269,0.0133446265751531,0.0130431981798367,0.0127474131973528,0.0124572600671315,0.0121727249614886,0.0118937917422491,0.0116204419177237,0.0113526546003309,0.0110904064651941,0.0108336717100801,0.0105824220170888,0.0103366265165444,0.0100962517535839,0.00986126165798031,0.00963161751778852,0.00940727795744338,0.00918819892098424,0.00897433366112167,0.00876563273489908,0.00856204400673535,0.00836351265966051,0.00816998121557534,0.00798138956537602,0.00779767500978368,0.0076187723117043,0.00744461376091767,0.00727512925185265,0.00711024637514768,0.00694989052361982,0.00679398501317323,0.00664245121906886,0.0064952087278503,0.00635217550507816,0.00621326807886761,0.00607840173905186,0.00594749075161203,0.00582044858782313,0.00569718816736984,0.0055776221144869,0.0054616630259816,0.00534922374980281,0.00524021767263592,0.00513455901482758,0.00503216313078435,0.00493294681284312,0.00483682859648378,0.00474372906464487,0.00465357114881193,0.00456628042447463,0.00448178539849387,0.00440001778587931,0.004320912773451,0.00424440926784302,0.00417045012529987,0.00409898236071675,0.00402995733338013,0.00396333090687457,0.00389906358063666,0.00383712059065874,0.00377747197687618,0.00372009261481863,0.00366496220917611,0.00361206524703313,0.0035613909086693,0.00351293293402774,0.00346668944322571,0.00342266270984072,0.00338085888616412,0.00334128768018532,0.00330396198476157,0.00326889746024614,0.00323611207278843,0.00320562559157186,0.00317745904939898,0.0031516341722355,0.00312817278454433,0.0031070961984214,0.00308842459562778,0.00307217641252881,0.00305836773863125,0.00304701173979139,0.00303811811719472,0.00303169261284304,0.0030277365715098,0.00302624656794575,0.00302721410656781,0.00303062539900426,0.00303646122277984,0.00304469686220441,0.00305530213028743,0.00306824146834597,0.00308347411801031,0.00310095435864452,0.00312063180185712,0.00314245173382037,0.00316635549556089,0.00319228089122068,0.00322016261448518,0.00324993268388401,0.00328152087843361,0.00331485516604153,0.00334986211816546,0.00338646730535289,0.00342459566942414,0.00346417186915852,0.00350512059736242,0.00354736686811637,0.0035908362737979,0.00363545521215295,0.00368115108423985,0.00372785246450154,0.00377548924454289,0.00382399275241394,0.0038732958493375,0.00392333300588648,0.00397404035962388,0.0040253557561796,0.00407721877566424,0.00412957074622117,0.00418235474640064,0.00423551559791295,0.00428899985018486,0.00434275575801071,0.00439673325345996,0.00445088391307805,0.00450516092129976,0.00455951903088479,0.00461391452108373,0.00466830515415105,0.00472265013073901,0.00477691004463082,0.00483104683720535,0.00488502375196614,0.00493880528941609,0.00499235716251361,0.00504564625290684,0.00509864056810774,0.00515130919973856,0.00520362228295786,0.00525555095715135,0.00530706732795385,0.00535814443065275,0.00540875619501031,0.00545887741153123,0.00550848369919169,0.00555755147463805,0.00560605792285728,0.00565398096931472,0.00570129925355063,0.00574799210422321,0.00579403951558212,0.005839422125354,0.00588412119401938,0.00592811858545829,0.00597139674894039,0.00601393870243415,0.00605572801720839,0.00609674880369892,0.0061369856986115,0.00617642385323122,0.00621504892290824,0.00625284705768921,0.00628980489406336,0.00632590954779081,0.00636114860778064,0.00639551013098569,0.0064289826382804,0.00646155511128738,0.00649321699011796,0.00652395817199149,0.00655376901069765,0.00658264031686575,0.00661056335900398,0.00663752986527214,0.00666353202595055,0.00668856249656667,0.00671261440164161,0.00673568133901763,0.0067577573847281,0.00677883709837137,0.00679891552894972,0.00681798822113389,0.00683605122191387,0.00685310108759623,0.00686913489110836,0.00688415022957041,0.00689814523209534,0.00691111856777805,0.00692306945383494,0.006933997663855,0.00694390353612367,0.0069527879819809,0.00696065249417508,0.00696749915517497,0.00697333064540276,0.00697815025135118,0.00698196187354845,0.00698477003433483,0.0069865798854155,0.00698739721515533,0.00698722845558178,0.00698608068906204,0.00698396165462143,0.00698087975387047,0.00697684405650945,0.00697186430537932,0.00696595092102913,0.00695911500577024,0.00695136834718924,0.00694272342109122,0.00693319339384576,0.00692279212410917,0.00691153416389795,0.00689943475898837,0.00688650984861821,0.00687277606446682,0.0068582507288903,0.00684295185238914,0.00682689813028661,0.00681010893859644,0.00679260432905883,0.00677440502332459,0.00675553240626697,0.00673600851840202,0.00671585604739822,0.00669509831865664,0.00667375928494294,0.00665186351505299,0.0066294361814942,0.00660650304716519,0.00658309045101661,0.00655922529267592,0.00653493501601945,0.00651024759167501,0.00648519149843865,0.00645979570359064,0.00643408964209582,0.00640810319467476,0.00638186666473259,0.00635541075413351,0.00632876653780979,0.00630196543719584,0.0062750391924799,0.00624801983366803,0.00622093965045743,0.00619383116091921,0.00616672707899323,0.00613966028080172,0.00611266376979268,0.00608577064072839,0.00605901404253948,0.00603242714007089,0.00600604307475255,0.00597989492423429,0.00595401566103222,0.0059284381102413,0.00590319490637719,0.00587831844941959,0.00585384086013811,0.00582979393479198,0.00580620909930466,0.00578311736302464,0.00576054927219348,0.00573853486325328,0.0057171036161355,0.00569628440768316,0.00567610546536703,0.00565659432146532,0.00563777776788426,0.00561968181180382,0.00560233163233814,0.00558575153840441,0.00556996492799706,0.00555499424906513,0.00554086096218917,0.00552758550525113,0.00551518726028607,0.00550368452269763,0.00549309447301018,0.00548343315131909,0.00547471543458695,0.00546695501691822,0.00546016439292843,0.00545435484430459,0.00544953642963314,0.00544571797755043,0.00544290708324809,0.00544111010834257,0.00544033218409394,0.00544057721793634,0.00544184790325916,0.0054441457323552,0.00544747101243047,0.00545182288455046,0.00545719934537844,0.00546359727154496,0.0054710124464721,0.00547943958946301,0.00548887238685727,0.00549930352504475,0.00551072472512476,0.0055231267789946,0.00553649958665021,0.00555083219448405,0.00556611283436824,0.00558232896331652,0.00559946730352633,0.00561751388261206,0.0056364540738508,0.00565627263627343,0.00567695375444714,0.00569848107780944,0.0057208377594275,0.00574400649407023,0.00576796955549499,0.00579270883286566,0.00581820586623204,0.00584444188101409,0.0058713978214474,0.00589905438295827,0.00592739204344798,0.0059563910934761,0.00598603166534212,0.00601629376107316,0.00604715727933301,0.00607860204127382,0.00611060781535741,0.00614315434117665,0.00617622135231152,0.00620978859825648,0.00624383586545818,0.00627834299750313,0.00631328991449532,0.00634865663166253,0.00638442327723025,0.00642057010959988,0.00645707753386601,0.00649392611770555,0.0065310966066685,0.00656856993889689,0.00660632725929682,0.00664434993318439,0.00668261955942357,0.00672111798306972,0.00675982730752943,0.00679872990624462,0.00683780843390545,0.00687704583719363,0.00691642536505478,0.00695593057849623,0.0069955453599034,0.00703525392186613,0.00707504081550405,0.00711489093827824,0.007154789541275,0.007194722235946,0.00723467500028803,0.00727463418444484,0.00731458651571337,0.00735451910293599,0.00739441944026097,0.00743427541025285,0.00747407528633524,0.00751380773454961,0.00755346181461436,0.00759302698026934,0.00763249307889301,0.00767185035038085,0.00771108942527523,0.00775020132213907,0.00778917744416797,0.00782800957503815,0.00786668987398925,0.00790521087014381,0.0079435654560675,0.00798174688057737,0.00801974874080826,0.00805756497355055,0.00809518984587518,0.00813261794506401,0.00816984416786688,0.00820686370910961,0.00824367204968088,0.0082802649439289,0.00831663840650074,0.00835278869865991,0.00838871231412083,0.00842440596444054,0.00845986656401014,0.00849509121469161,0.00853007719014796,0.0085648219199157,0.00859932297327107,0.00863357804294271,0.00866758492872469,0.00870134152104433,0.00873484578454074,0.00876809574171053,0.00880108945667778,0.0088338250191449,0.00886630052858088,0.0088985140787034,0.00893046374231104,0.00896214755652051,0.00899356350846247,0.00902470952148852,0.00905558344194022,0.00908618302652853,0.00911650593036963,0.00914654969572213,0.00917631174146774,0.00920578935337527,0.00923497967518494,0.0092638797005458,0.00929248626583643,0.00932079604389562,0.0093488055386866,0.00937651108091516,0.00940390882461883,0.00943099474474009,0.00945776463569186,0.00948421411092059,0.00951033860346794,0.00953613336752892,0.00956159348100064,0.0095867138490125,0.00961148920842517,0.00963591413328093,0.00965998304118476
