0.014610017892171385,-0.14810144932519523,-0.17625987208363117,0.08427046786689632,-0.14966227630656573,-0.040863078745769436,-0.2941006959935703,0.6070018931269238,-0.050063096551371825,-0.34671206489336087,0.15471438967807882,-0.5709711848412998,0.15288053052098524,-0.10281606116854167,-0.19561529267057107,0.029951910466657822,0.3357372201927934,0.23113308743661123
-0.0036802085724780276,0.14630493655277763,0.365718192714237,0.019315143766438253,-0.694220960615998,-0.3465999749804194,-1.151266778472953,0.6789212501068739,-0.40736890475358634,-0.5257733531289605,0.296875036160567,-0.8426942170105466,1.7781466615970243,-0.4443670905892466,-2.270838324702359,0.6087326839826039,0.7034801574074487,-0.4159286029403828
0.548986029880633,0.11278516973709807,1.2201187831758074,-0.9034560970146505,-0.7584996856245475,-1.595184584753858,-1.4107653367825117,0.5709688950694867,0.4842883427073609,-0.1708064174228479,1.7152884293809412,-2.1936649527674996,2.0007762861830214,-0.19078682333890606,-3.498652787769201,-0.0828598014010149,0.8820530903671059,-1.0233535034951995
-0.6900040045202751,-0.49864512156893337,2.0780247225267576,-0.0905487902376334,-0.2508640998241338,-0.03304559710914219,-0.7927307502171097,-0.575170588711501,0.7895430922142557,-0.6459250787183883,2.7670896180842424,-3.3009341871647075,0.2997316349818364,0.14790187111219383,-4.183307567212237,-0.4622198353862247,1.228759290628068,-0.578852979694537
-2.3660212066644,-0.7705093893658308,2.6181626411631425,-0.5897204443617987,-0.871566016684052,-0.021694317428119114,-0.44111044659523024,-1.1662364399155127,-0.5495670714969672,-1.0424274757366359,3.0562243806446117,-3.7900512713297956,-1.019988334754645,-0.459392943944091,-4.975354014189293,-0.3229113404962859,0.9167469033684057,-0.696165630724459
-3.171345619904741,-0.8335424702007473,2.7150662069671654,-0.08565008939360252,-1.5905231713512091,0.17338497069123937,0.9694550260844552,-1.5030763884477143,-1.3235896498155713,-2.0006105966037215,2.6599221934497956,-4.281616768980874,-1.283187598305593,0.007521435402895127,-3.8527112807928745,-0.6324199180631311,0.5604463721282495,-0.750803493474165
-3.9803891340667654,-1.2575018294661962,2.3531942525837293,0.36736650404857163,-2.657173723386914,-0.2116805437415612,1.3422600395783215,-1.8257860608401237,-2.6735595735748476,-2.645741509288666,2.0605635012249692,-3.7456663108345056,-2.165870470495979,0.3180104344879946,-3.783027320627281,-0.0360469663341455,-0.31667829377266177,-1.1220965738652608
-3.2554585279037633,-0.7107868200772293,1.6573196581331224,0.7767008026372637,-2.5644461010636794,-0.8064972140516937,1.8196079712770254,-1.7466011557033898,-1.5055549786934863,-3.612085600581428,1.7919820197238459,-3.865827563097449,-2.686609912721632,0.12012196869809816,-1.8254732517172054,0.22860480422595375,-0.9754408418084963,-0.5462995806150255
-2.2565882680167157,-0.3955096110414941,1.8858333943810899,0.4529045182715188,-3.319391351080606,-0.8175469063079723,1.4923374921786359,-2.1310141861127807,-1.8941637517947383,-3.74045619837836,1.5844625933815677,-2.352899841387531,-2.9463240735599743,0.14385557480367142,-0.43050167613340706,0.4919373167326825,-1.491328708972681,-1.1599582525055112
-0.9054394244852702,0.09315804924028978,1.5215093033636582,0.015280642288064694,-3.7196951296664795,-0.9915626228347021,0.804031774716949,-2.5414049596316115,-0.09153781813467743,-4.484555036951573,1.2675906252991294,-1.8902420000209106,-2.911409782551265,1.0181158164237334,0.5137825053877227,0.8247728930264627,-2.220836765330196,-0.8948891204536863
-0.5093592803280682,-0.7036501717109318,2.704118233427617,1.0316741269623149,-4.491665302439588,-0.5568993824021553,0.06999118209481181,-3.0520360690194464,1.0744256274193096,-4.550717795190764,0.719678923625279,-1.9998163428645737,-3.0235279710729124,0.8362936199653704,0.9294484437991033,0.8800507155892143,-2.561574046686302,-1.3344455454502162
-0.22920392361245395,-0.787599917052315,1.6342237782682985,1.8327652808790775,-4.466515563246168,-0.6649340053564659,-1.12620756569823,-3.6838026884504744,1.3580056548019146,-4.7859781692901295,0.5631892197054993,-1.1159252858032311,-2.4047058937124897,0.9069301086885642,1.0468655521813268,0.7200697539787431,-3.0031665746522025,-1.8220401062255305
0.028124282011907337,-0.5707850512638161,1.009171592094264,1.9693602133029644,-3.8323484806137054,-1.39827114194407,-1.3195703370367386,-3.4655579532207565,1.0572746516624814,-4.677214778339247,0.4690411491130575,-0.5949670245154888,-1.6624951904037788,0.6009059560097694,0.9897544091538956,0.1895940140639336,-3.325852284797721,-1.8543136281694663
0.9915556147803185,-0.38923049951596567,0.7675535373393677,2.0877811343408346,-3.4711324243305635,-1.5931297842601562,-1.76359243212674,-3.686902399010221,1.0790376610034236,-4.197949339705835,0.832209016053736,0.5251171746731939,-0.30390706666068956,0.37404601045954833,0.07969636021839344,-0.12843974165409233,-3.8325322456199187,-1.8188993826630013
1.5877116537515477,-0.4645774914516082,0.8460418913075064,2.6640139606031283,-2.2242706739435745,-1.918646780419722,-0.5213380888526769,-4.479806314322868,0.9494038769091667,-3.2493639424976433,1.426386687089712,0.46822073620803356,-0.7559380321393071,0.3333888080783589,0.5039208424135891,-0.3638819889812297,-3.596601667540771,-1.382858217887421
1.1165045776221572,-0.24551130475657307,1.0696284586372244,1.9444611481327423,-2.2182484021679985,-1.4479298742728592,-0.8460329013065643,-4.388267279763732,0.14693235977194835,-3.528884273505676,0.34755436121874445,-0.019341439631156296,-0.5290321030264693,0.4234383145228125,1.9014429862762658,-0.2685731438591292,-3.1505376119534496,-1.1530344224638143
1.4662678501615647,-0.4057214742265809,0.3325638561740295,1.9769117865971677,-1.81541039420534,-1.0352642380726877,-1.0421606233766179,-4.683977503996504,0.16003248713194362,-3.6525064053647265,-0.3172956254721432,-0.23587961197992563,-0.6124209037480777,0.8546714979442197,1.4491095169939474,-0.8671971243098151,-2.8185995589325943,-2.157798278031401
1.1311648152531477,-0.3640316776743035,-0.2258572273879719,0.5280309714453847,-0.6600548961793429,-0.4092414157337053,-1.5248111712011538,-4.390516733052865,-0.5674363626112748,-2.586659351772753,-0.9304403966460213,-0.5057665327217179,-0.10881497583798705,0.532366017639289,1.4353839649210691,-0.4706606844249016,-3.397293171429955,-2.0142391606188577
1.4242915632016333,-0.08267034923204047,-0.28236956335140917,0.6703847844323273,-1.1653298705870494,0.2596066052996614,-0.739487956967344,-3.9704684058632083,-1.0393773214499173,-1.7207587916051332,-0.104752139167539,-0.10885010321217835,0.02955445059016354,-0.8745449137324084,0.7580887046125464,-0.5984270707610043,-3.9074241624610493,-1.7495783971114687
2.1213465765596937,1.1144136360825265,-0.4964521906036606,0.6344429194364116,-2.4702226616093013,-0.6616592043161877,-0.11226852508171205,-2.5473118034701785,-0.1529430800257795,-0.4315711407838012,0.5479334195735219,0.21474844743112798,0.9488233858819782,-0.7477098328436924,-0.3374898086543656,-0.39162064517159656,-3.78224050184636,-1.669792225898162
1.953134453641088,1.2073107041234648,0.46076163837289597,0.4931175341476824,-2.9690567782798603,-0.22852598423266962,-0.4416194163057273,-2.4478053384983047,0.008619332758345533,0.3221126611903381,0.874317721352125,0.42856282885712077,0.21973225391474127,0.23033916999135012,0.12541311864972382,-1.233304163737719,-2.5435698840941385,-1.4652402566990492
1.2408933263337936,1.2217151842851977,0.7943676423926967,0.9877849339467795,-2.6937264034836472,-0.7403081162900081,-0.17465465832300242,-2.3434686851230904,1.483967096617001,1.0005846681085222,-0.16233485490012,0.36070369240144584,0.21612387976578745,0.4359849409063843,-0.39081165208762947,-1.5489375270660033,-2.1905634532643137,-1.317639804004078
-1.0037510346392222,1.0921980297844498,0.13246680370257813,1.5771305629343169,-2.1683951631352074,1.98813249563362,-0.1430862318879544,-2.3710850331157918,0.3827666327040983,0.9225035587770765,-0.6278724209221269,0.8555631316303409,-0.7316352817760026,1.550808312051589,0.2755629484306026,-0.8247383408425626,-1.6819929284483228,-0.24126539409957226
-1.8426952742500782,0.03911659911621371,-1.1277718411925084,1.6427862224945748,-1.303073490987707,1.9863221016575134,0.5185842852846031,-1.0882723862149684,-1.1444979930351207,0.7659158339308911,-1.7933752179490898,0.23619769509799327,-1.2274228009956494,1.0329470582759444,0.9184018689893024,-0.1944015907977269,-2.996112387069042,-0.7449736294796308
-0.459505441232767,0.06565035807144812,-1.3712987203697988,1.3774873010196158,-1.9713319460329617,1.1701459374938312,-0.698155258428647,-0.5369889690291827,-1.1575285114066722,-0.4132472357208891,-2.5717726729002974,0.19977939715719206,-0.027954258619045453,0.9299486629167926,1.7704407837863403,0.38010623286039796,-3.6463084410465076,-0.3907974035573832
0.6168387310510456,-0.17350158170977226,-1.1283592776097853,1.155207104422215,-2.051313277467459,0.32686984259828433,-1.9461691948389865,-0.7212517582397002,-0.18066983546851673,-0.6399309286118502,-2.3317868406771054,-0.10363304339135518,0.13616263222665678,0.69917085473698,1.7539794657038719,0.5913046938780048,-3.9299745221797093,-0.8444231503794467
1.0715764929724385,-0.12920384440530336,-0.3631475086934491,2.0105169305532598,-1.95453990890077,-0.6806241686334594,-2.208208234247245,-1.6112331552772317,0.8321258600035798,-0.42347092955335747,-0.8354741006784225,0.5199452246159482,-0.010415172511926148,0.3051485388753449,1.5106406917458222,0.03859400164405258,-3.8070225465491894,-0.4772198160354549
0.9128116668118376,0.4906801609305427,0.2439905501908637,2.249803162883168,-2.458727288539295,-0.17829971825849433,-1.8203892187141835,-1.8622000145791866,0.7528167521346908,-0.38144296269783645,-0.5479630036252746,0.4254834475006332,0.2616448078552059,0.5031080682382573,1.8362041964032239,-0.15447457642825432,-4.05849603195618,-0.7976362096652991
-0.11363693997362567,0.6376102134566635,0.4196855008815578,3.278706658065287,-2.599687607155355,-0.9939602240544018,-0.883967366265604,-0.9583503548862342,0.7711909528083127,-0.34892254584187077,-0.05905925031901488,0.838782328123044,0.4214041428560932,1.6487188083122444,1.866635150332006,-0.29267747672160116,-3.448169470991773,-1.0226622726929095
-1.2352762845185152,0.3885617633865866,0.3266642660145359,3.486907345417783,-1.933228615410863,-0.31481504471723665,-0.6248833900926178,-1.1860585114136857,0.07851150692391348,-0.017410602046671997,0.14532047419031074,0.49571927678167826,0.5869248880881797,1.741605713674165,1.255708500207646,0.1305338788793497,-3.773624108800533,-1.148404308926637
-1.6996241603533395,0.3762916178113304,0.09788954837881517,2.287062645478395,-2.383318782770273,-0.3618479101242369,-2.2438524127550257,-1.29656178838096,-0.9339955044187036,0.11679658148025185,-0.24756350081277356,0.04680994851541076,-0.07470140630072296,1.5613294677704352,1.6428770893977096,0.7375192794794234,-3.78891938318214,-0.9447293217224632
-0.9331791690435801,-0.034386638213087156,-0.04060644880634784,1.5397151581181066,-1.8865205419961453,-1.1882377759366665,-1.881298139125766,-0.6889504453889018,-0.2112807008563962,-0.03967916728565235,-0.3577951950119792,0.06443595785390899,0.21559181373772124,1.1239762326388993,2.617872340396754,1.105453506469413,-3.9069745854437317,-0.8921889245357233
-0.2680731486971587,0.5558760497282969,0.03759546437490777,1.3285041659109111,-1.299992736153826,-0.636284588070736,-2.355915489574603,-0.26214732725159867,0.4392523828170751,0.09534418176267534,0.455406617244445,0.3505066141847111,-0.1646187064685915,1.2127677146385805,2.6406878077994094,0.3419022755745801,-3.1410860119051307,-0.16259602831549447
-0.10211512264110253,0.8094363601231239,-0.015017773374614574,1.775065862031596,-0.18683462072639384,-0.16284247555306913,-2.1757003347728916,-0.269883033586604,0.4366449321290723,0.2112292105852412,0.5089730369333124,0.6405731681610027,0.5622426117793773,0.8205630760239124,2.357160644588808,-0.17187723140354277,-2.758386629361874,0.07535115561831107
-0.6237794996071732,0.7586459331676838,-0.24819596001823047,1.483533436578963,0.1543038551752152,0.217988549833521,-1.236665914830665,-1.487040283485832,-0.09502009417056329,0.6002092147934104,0.2633568283884321,0.6798498862203575,1.0773487799848716,0.8036792169841801,1.3829630840571538,1.064259262452518,-2.542125932016881,0.4071787651951641
-0.8671504357230486,0.1667095486735526,0.11631287591743097,1.1535327549361747,0.3684586304692176,-0.3046601048825361,-0.8490232798797471,-0.9046038938984214,-0.8416765949621872,0.21933174311770304,0.3930471802886113,0.28050356444285035,0.19417785085280123,-0.2630476672603104,1.0176683742149533,-0.2518996784743134,-2.2732068152167506,0.02421461714854778
-0.7776970423271465,0.2124008956287851,0.20402212303269285,1.4047978118018831,-0.9775758133782351,-0.24675807076950068,-0.3300466117480899,-0.25925794686961856,-0.9325399576136293,-0.10955892360540082,0.11574589365578455,-0.04603142102834598,-0.07543439439165911,0.5680030163897316,0.8601614711562977,-0.8782356689365073,-1.877909980395826,-0.4424672269346728
-1.3134109032200376,0.5251721072813973,-0.8080044969973096,1.441138407658543,-1.3049346369199442,0.1496831463829753,0.07644095828859039,-0.6285918230209024,-1.0600054971378785,-0.13492635450675183,-1.6117435458156302,-0.698281241397019,0.15650385961331073,0.7664566301664933,1.246318413567664,-0.1023467028304754,-1.6203715543064852,-1.0228086717327125
-1.0718400826863952,1.346994950126947,0.03294866181741585,1.317304648582118,-0.6616919659942516,0.4878949619829227,-0.2529979829497946,-0.4178122150812289,-0.27881247396986786,-0.152715068359073,-2.0945345133431794,-0.1189586011274883,1.318646148864623,1.3852864464266004,0.16702112729650498,0.05882929212945573,-1.5160016031769714,-1.36868450323042
-2.8777598680001235,0.572993950346857,-0.026434406307523695,2.155581782190015,0.17365353038409065,2.06606488871158,-1.1217729223578479,-1.5816351530640935,0.3272156482166597,0.2861697719505755,-2.4732960119888663,1.2775436497996702,1.620789659199406,1.568561580459023,-1.6887575438716351,0.42714249892004386,-1.9376386144316393,-1.920425844854913
-2.685835651845042,-0.2875176138473624,0.21422984511831383,0.768820255082764,0.6622458314522873,1.5236641554021122,-2.3946659831828376,-1.3802667990556503,0.8902336727255807,1.5446178180995431,-1.917340493902293,0.961592672779285,2.724706300449296,-0.39508602036522245,0.14303185813525743,2.354003164689122,-3.272648363905292,-1.8218947536604082
-1.445201422646014,0.5538418078231124,0.9335411921419088,-0.1766615531985906,1.8407810960020772,0.8722574357142026,-2.7149513029081076,-0.40767806043609556,2.2725355956559232,1.8633242391994134,0.0008223732006390483,0.011728783839089207,1.6347471349079887,-0.5815204182397713,0.3833514328581252,2.380872657604141,-2.8488960882679106,-1.3099519457618158
-1.2370524571746635,0.8835890337341147,1.3208157313238271,-1.0463470609777474,3.022373923798825,1.352860368363721,-1.6772410132550164,0.134279514046326,1.9168193020659836,1.4489007826491886,1.1334114184569368,0.08199627255778658,0.026497564701583542,-0.28223020221145834,0.9586335479771704,1.8741108681090188,-2.148111623103499,-0.11348386974921981
-1.3922941940044342,1.1424038865711537,1.7103716498414243,-1.4787491779793442,4.192761574186931,1.2772109792687765,-0.7217988583770506,0.7678454290979401,1.2790964994493979,0.7257327686178108,1.4362727092667114,-0.11135951101726,-0.4231606307542504,-0.12347798503081353,1.8115100452210502,1.249344608065026,-1.437840523082054,-0.23201584429615746
-1.0268210486448865,1.312613539284626,1.4366756926999815,-1.1229368246361568,4.780763960336246,1.3147123046236262,-0.2503964709619153,0.9052032443544376,0.2689771308755807,0.21453995731196712,1.6320297312491676,-0.14663364190885125,-0.4773134765741683,0.4905687881711491,2.2854986215816404,0.8530885361428998,-1.0893349311129519,-0.4015912797361616
-1.4476639864788192,1.595819333005095,0.8511264260653865,-1.2353651185226504,4.919584449312756,0.1313569172918015,-0.31698464698279205,1.5734666867044522,0.022051925889028944,-0.3170985064768014,1.5582378818530835,-0.011480170787873334,0.0576678056061551,0.02154396079274945,2.2020951604197485,0.43220093759093947,-1.0514267679672464,-0.5728392555795049
-1.7997791561427212,1.2143848096746384,1.3928999090784293,-0.6468839360365627,4.792222835140062,-0.6893438756883166,-0.578743621477695,1.8999459624444786,-0.6593759829665378,-0.852100191222029,1.4545599841434744,0.5446227110129558,0.7777105101492643,-0.9129289517059596,2.346249565831712,-0.3315587010928043,-1.065405677564282,-0.1348363179245376
-1.3299183136519102,0.8619176655171116,1.2676234578213939,0.16064387374645994,3.860721755468838,-2.2515296957250555,0.113193620946028,1.6170626044712249,-0.9432144351768706,-0.636634280997352,3.0734138787424072,0.9704524218007909,1.3260856157284782,-1.5861077536962307,2.11995665944935,-0.20012981661599982,-0.9968997182169987,0.5909292160261044
-0.9234636048508266,0.9226212705333832,1.5747336299748134,-0.15124140568267336,2.7842664040661704,-2.874862487222168,0.48910192888256426,2.1593263308511936,-2.0867258499246217,-1.01662459757058,3.9533375381575615,0.7384396577658071,1.5142158321182393,-1.4069447429896693,1.1538660456182759,-0.7144463103877601,-0.1591265900191281,-0.04030400839223813
-1.7046720828484576,0.5757159891265131,1.9734802362200692,0.9664620001722712,1.9244999009563732,-3.561391157674861,0.7538002102027208,1.1877761815366044,-1.3820021330581451,-1.360382730163545,3.6646430239914185,0.7095397760843528,2.3731498699593883,0.9617992047874141,-0.0872304833101139,-0.9244241041892924,1.010909510660698,-0.33789792893254733
-2.7128803200546963,0.6911052288164671,1.9566883512011262,1.6563945035639436,2.4962216450252788,-2.171222579182877,0.3876363497975308,1.10040384601618,-0.4578832877976182,-1.731866304149678,2.4954133632564455,-0.24373857196158227,2.0589858416142057,1.3043347806374097,-0.7768378987161023,-0.6922148876206281,1.066516954671528,-0.3655379731552135
-4.004692620106281,0.010022270927220633,1.7350822757987188,1.824511358492734,3.0593918037842314,0.10262824698047757,-0.8407579955635234,0.8949131725143273,-0.7905830980458939,-1.475100776843446,1.311665289959231,-0.7594979230393725,1.651787493980526,2.2779789193351334,-2.084155958672479,-0.3224160561402516,0.10922601620489258,-1.1631444158470159
-4.138404412154754,-1.5459622671127078,0.7672343033874651,1.3909269997958855,4.037102117466258,1.4562059719536158,-1.5249920714734648,1.7334402464406455,-1.3886451293550894,-1.310979420687736,0.39392671274076857,-1.885400653537289,0.7044705882320532,1.170840895337995,-0.5765338246485855,0.6091872863606536,-2.397631687752073,-0.6099673257200009
-2.6455207019921363,-1.1307792875974194,0.8523497028113969,0.35825188403216124,4.857136939104697,0.4495423882721521,-2.7937161385847684,2.2595603647795173,-2.4177310902836036,-1.494086230443779,0.6896665023767222,-1.9722758010032035,1.5111501556866993,-0.8538221845293733,-0.15091352263176605,1.6178074762023058,-3.0013959615923023,-0.06448889609563296
-1.4744083009391562,-0.9151293371087553,0.5634436655190969,1.2900612007750953,5.541317883934365,-0.34904608341651855,-2.388612251080014,2.9143869341291726,-1.6561139950351007,-0.7975064030807781,1.9384524641765002,-1.4124431862031488,2.063873683842785,-2.1451861435648656,0.40931254943686124,1.6505431426576829,-2.972362945826821,1.0875972236141729
-1.0325881032587183,-0.9656920527717009,0.5637271885406756,0.7221209863268827,5.060473428994897,-1.5499402645424718,-0.7485814047027979,2.6429947121186874,-2.199691303148505,-0.4471825466136259,3.437862639353715,-0.23893293784024422,1.8305119858898953,-2.530953641279641,0.18340129315439319,1.2788742874588952,-1.7506232367405725,2.005829523411171
-0.5646504038363208,-0.15625817374251616,0.5804955048522832,1.0710343107589309,4.083624439170848,-2.0852307937975847,-0.30854565290481495,2.3822175866130597,-1.9106970093841877,-0.7135976741534513,3.5728816888654107,0.30716979392848065,1.9755651124232596,-1.3951536828775684,-0.16948029176621915,0.34633678842356486,0.057082236554490684,2.247676235951443
-0.7293524821419906,0.3545472177308632,0.9629259257770058,1.1242572019746404,3.196801880865045,-1.8932778509073103,0.5010896085979359,2.578326513096056,-2.2379099297623273,-0.7548565293261486,3.5763937106811032,0.03464518466350196,2.4136552257953703,-0.7777938265843636,-0.11456309571401616,-0.4831777354736809,1.1904051904140533,1.7325179831481512
-0.5050875795020018,0.7988294630971724,1.2647600343667833,1.0334825623275705,2.110052444923805,-1.6322506340571215,0.6635898854485425,2.7460588037712435,-2.3345920654441623,-0.8455370422240257,2.810319343609972,-0.3527745218490115,2.3943163568190773,0.3257587312656336,-0.8968872670444293,-1.182145096675365,1.6048795473672677,0.6429436100092285
-2.264542278753871,0.817263313195627,1.4574036898988816,0.8925251959825768,1.2232603470941965,-0.9120793253651227,0.7288194768972948,1.920205836033408,-2.061931460546569,-1.011242301656123,1.8498078492095504,-0.7025373810446964,2.695327231241971,2.5990691691599928,-3.902618876680517,-2.2491058510224184,1.1746448003629526,-0.12674913344942085
-4.033547767256768,-2.2811652254713564,0.8545428371909108,1.1898963125239008,0.5745609030475749,3.0231184202058516,0.4237585633034382,0.7268068049899687,-2.8962141438982165,-1.6082179573972188,-0.029036551095702023,-1.2663627834576667,0.06925652630061113,2.624267422002662,-4.46653391058944,-1.0269589759268687,-1.1635393832388339,-0.12597417819329415
-2.6569554491258613,-2.716567770404988,-1.0343421374030985,-0.37456149934390026,-0.37476525991792087,3.2752003940678085,1.292380500119079,1.1474348213560832,-3.905370702778736,-2.2120180611617006,-0.8802999275628491,-1.9721982257122617,-1.8359080672226604,0.9906595254782049,-2.668690718414861,0.836790030175178,-3.1562436544194488,0.5162702546850406
-0.599584072521657,-2.5440562368668163,-1.1249513087657659,-1.2113477874105087,-1.6659578944250462,2.5245415136921623,-0.5748532108524578,0.8384591529379211,-3.8136850448670043,-3.0314234858753513,0.04292662758061646,-1.4068204809013103,-2.145322975803573,-0.08921357397533602,-1.738841177931399,0.5006832179692626,-3.828149253662655,0.9962323113261458
1.6288680257378194,-2.228719161187679,-2.0058591421223073,-0.7758633704707264,-2.7400493388601337,2.0939291070408137,-0.5841992710454781,0.6113916493442136,-2.1163421141667307,-3.001609004348447,0.472896726144939,-0.5629828044588112,-2.0651531301559203,0.45300701613013095,-1.02695498518147,-0.1110344535559068,-3.688104677445742,1.820111530208725
2.2899030823062043,-1.1974849408464618,-3.207406416004284,-1.4765004691018344,-3.4319351788453343,1.615056968618774,-0.9339196714765448,0.38811366309810963,-2.041218219691646,-2.5327961930912637,0.6446600003780406,-0.15552770964085305,-2.344114458284075,0.9457764212821989,-0.607363039005645,-0.2714076155854849,-2.559649199970141,2.8743002439453385
3.6278730665853303,-1.2751203519208607,-2.382771592058869,-1.2984066087364958,-3.709917748694299,1.0226456279811207,-1.0213759921634566,0.5370991170956887,-1.4134332878805438,-1.9927177613837226,0.661600269916909,0.5106429170325893,-1.7063671284647774,0.9934134865856116,-0.3934566694712309,-0.4938968667584166,-1.6608245536619695,3.1651033951297816
4.269640456033038,-0.521282305873929,-2.705823926538229,-1.9427753824683653,-3.933239411789458,1.1965313126878017,-0.3869686372092751,0.09242950025938895,-1.4251727432007972,-2.045556461654009,0.8540493618312421,1.1354153934786884,-1.8214356699424885,1.2127454430855469,-0.43373301729070557,-0.518696784738614,-0.6795060997359998,2.3706070517149884
4.685691915466538,-0.9419448675752619,-3.1594377697517264,-3.0312927947380786,-4.699230763189946,0.5731971408153034,0.4241199017191352,-0.17706860815319014,-1.4005599113111287,-1.7030198451603182,1.352582461015792,2.596310517367532,-1.8545436472263863,0.8858850061888185,-0.8252682547735819,-0.5043541006868075,0.4621305770067552,2.4610045103885536
4.534394473591358,-0.7310066550933094,-2.7289972986080473,-2.850175649328409,-5.118968633824496,-0.8870244509070379,-0.20292186840008752,0.14299586199858547,0.30468148945279067,-1.8489056282402085,0.5542525230204809,2.9745521203736915,-1.7814737356024866,1.8321061754977301,-0.47189971578837675,-0.9510713436243288,1.7020096795203954,2.6198937009368626
3.5379560017882286,0.13232742351386867,-1.4321931476040028,-2.477592850811567,-4.976696447858098,-1.0427797522418119,-1.0716966889013642,-0.24011967075251445,1.3803597277703223,-2.0922575810996697,-0.1990642151828453,2.469102746085755,-1.9012606512611316,2.602183449432138,0.028727100329154376,-1.0326674511797598,2.1227252218187544,2.459680266719262
2.4221913959395316,0.46701896325218706,-0.3776913239175086,-2.1053393040803705,-3.21405914209108,-0.22159820711574837,-0.4594793560834358,-1.2862225371662417,1.5214272157598476,-2.6708605874392966,-1.4238235482373298,0.8260569335160215,-1.771998560103364,2.6649399218360577,0.33478378837746825,-0.8765190166589741,1.7895570536500771,2.015882539039533
1.742254095335153,0.1262552011388277,-0.8321032600657363,-0.9686517340783056,-1.709127218360876,-0.10875501449611992,0.09140806773852583,-2.3539842306799654,1.0883124775749995,-2.7767645308929607,-2.3744843701941094,-0.19856664087423304,-1.1854052877204575,0.7069890953498075,0.6918367585516514,-1.4223751706401353,1.3535119091012546,1.6071189924948879
1.577571177031711,0.23183954708547186,-2.0643136514131717,-0.7782668866991569,-1.47884140479881,-0.16301065249432334,1.278599724062476,-2.617037372284114,-1.7468692268937618,-1.8413790225122804,-3.1125870768495094,-0.5216859227034862,-0.0716641810096921,-0.644382766151542,-0.3253271259755988,-1.6598480274388172,1.4283261845145105,0.22653394716968703
2.7345564352105924,0.15280377692559957,-1.615445248318239,-1.1643997651988436,-2.252048322405681,0.06809429728126748,1.3734015014009753,-2.264041711902361,-1.4533529794241544,-0.4870342455604171,-3.1693590969472276,-0.5945122072256473,1.3293277774459822,-0.5168173618369882,-2.5278133213471836,-1.628113784816902,1.2748713235489941,-0.20428285399763868
2.203886811735681,0.5043935479329038,-1.449679454004762,-1.0909066665459455,-2.7613068262611105,1.6554326151077952,0.6505538407669975,-1.7796726032984893,-1.7235021746321242,1.33113654654994,-2.864808977113148,-0.28650660031864694,1.1671714600318186,-1.4944351257111517,-3.4131299237622508,-2.045183190616633,2.1246219336320378,-0.28000062198876896
1.2114167298674197,1.4828984148840336,0.3193500522675652,-1.1844108026199953,-3.6147327502247433,1.093898738341543,-0.4208772662672881,-1.3468166191099085,0.47692755423647526,2.573154931118226,-1.0706430633574409,-0.4763466997040922,2.9682008419712984,-1.7428108945649359,-5.600437435241936,-0.22908251100453406,1.544931354422501,-2.0947652701820223
-0.998522156764468,1.1813910785847854,0.925706800727389,-0.5947505879776036,-2.4418327427634643,0.658910101113859,-0.5654638719675522,-1.5442400283465347,1.7736969796373452,4.239176995462823,1.741082959917652,-0.8370251989808764,2.706093984834339,-0.5575662366561032,-5.410269213379973,0.8113063240656945,0.425013198237693,-2.386831392305514
-2.132375708409469,1.231228833822682,1.874560454173282,-0.8453582885765227,-0.9447922414383736,0.37050176225790166,-0.9552627004454893,-1.542732427233374,1.508234910341026,4.39760302694514,3.9975830820002622,-3.0507726800495907,0.9444504180589548,0.5692374303322626,-3.66822733576892,1.4343041890551103,0.25232242745037825,-1.5011921239512125
-1.818309484610284,1.3150104308146477,2.7856977958314304,-1.1964102606251672,0.7173485325613381,0.9200989910781986,-0.5942241134976531,-1.033645946349382,1.0810914963041527,3.270011497390792,3.9077977397648076,-4.177184439861411,-0.5761828764921022,1.526686266677427,-1.5953644306146237,2.1776008923852723,0.7247793375513519,-2.1372232497986223
-2.3109213516394163,1.510502050734755,3.4695232251019403,-1.1578284925988729,1.1559360228170432,1.4524148422996725,-0.42862456202255106,-0.41955825662662694,1.2631576517272638,1.3661089337043741,3.8927250599343806,-4.234099094206108,-1.7149178420280058,0.9517226569248856,-0.39743343410369136,1.6360928946800364,0.287235774644775,-2.334097181843287
-3.3018168227820963,0.7997929996891954,3.6233936031384566,-1.1166606717642114,0.8650865994563025,1.007630496626987,-0.011466596178851568,-0.3272395112592468,0.5272114544932848,0.3066636847928137,3.9762527389690963,-3.5666078955697906,-2.097511108112801,0.18868262289885074,0.5188501554862337,1.2415230896831644,-0.6459997192184704,-2.595724527699606
-2.999776285808149,1.503748677142503,3.310964515918505,-0.6598068024497462,0.561162070427363,-0.35477160323711066,0.9283802300929321,-0.3946562801643196,-0.22240540370579231,-0.5752173296011198,3.895611073487749,-2.964353461029843,-2.0192594160487563,0.33008298767033484,1.9688674376876132,1.2996587588409214,-0.927859938975916,-2.071658275528182
-2.4456594760856936,1.37205585724019,3.778034820638701,-0.19202961857698891,-0.38222438817453963,-1.0771773337783475,0.7063890238131334,-0.2613110523767439,0.4367359904637266,-1.3346571946033605,2.8811111801968714,-3.2180931943407756,-1.5746011931118586,1.4924108876986393,1.7433322374642422,1.2350126233132035,-1.1703404175163743,-2.037153849222059
-1.7581909167272762,1.085228441465482,3.3704704622030066,0.5940427120745313,-0.27454138594629474,-0.2463570258164506,-0.7233130459855469,-0.31609104984105063,-0.1107444919544508,-1.5944092432254506,2.8009341241173176,-3.484014337476181,-0.6858102520970204,2.1687445905616394,1.4943703903169097,0.7994890984284122,-1.093205535148793,-2.6496404310980424
-1.7210044907558282,0.3603871863956386,2.360647566972662,2.10067939375212,0.17872836230991757,0.7097561590721486,-1.6150548093518218,-0.11705899539373155,-0.6365710299739586,-1.2151129707493602,2.7056739382504804,-3.955571358186726,-0.48589346677273315,2.266180085972565,2.2003028972049803,0.6372825912531186,-1.4458268533668024,-3.059250005715746
-1.581436739128989,0.7586899512612081,1.9061708702464109,3.263286024848848,0.09558489213839272,0.9486536285580619,-1.3774558985155245,-0.48967129571528334,-1.6457266150798795,0.1930722361472052,1.9423785825799054,-3.553559311883377,0.3705330196187942,1.9206765351014883,2.1928897620458554,0.4809263155964479,-1.642971879305059,-2.2158878957670827
-1.671855436807048,0.9418563303767785,1.1167742628032522,3.310936609030511,0.4407413696121053,0.8123862638440201,-1.0481364791006624,-0.20143643241609632,-1.6786953269072857,1.245788968787389,1.6982376722977128,-3.4184303347901075,1.1482339779835635,1.785424905706644,2.0114577633346453,0.4281157786382388,-1.662612001590031,-2.4540793661293154
-1.7915416611777542,1.0644700735148638,0.8024474687263523,3.0745585816637027,0.48829726747409535,0.03576995853942788,-1.1358815998776939,0.226514345052891,-1.6914659246739965,1.4753693470444937,2.164111757365664,-2.87568451061082,1.4419269509563162,1.1352547687118935,2.75898668375874,0.003573071845881834,-1.9236993974602452,-1.7957492046243408
-2.209110296203855,0.5717203778376068,0.7848261803653148,3.9734715688649813,0.20547606025982995,0.2847356735722718,-0.6344197277978684,0.47452825460628784,-1.6159159882608503,1.795763135519737,2.0026319511272908,-2.0927845886142595,2.3648036090152735,0.7470519156745428,2.5197951868973685,-0.09792870349262918,-1.9592948492120013,-1.9812107118558364
-2.7063501733302657,1.2150599789169063,1.389646385833495,3.746641314455914,0.07195084212166158,0.09881470987014451,0.024842155016714232,0.7774130864850473,-1.3886060950457777,2.234869829337577,1.9145383624487762,-1.0714953279396033,2.728192756819755,1.2360859831025588,-0.05177959697744017,0.12191364840734585,-2.0048851592385546,-2.2120288222882296
-2.9700718291595223,0.9908237736126728,0.4149632084480368,3.9486793836080407,0.2737295466011853,0.56451483538342,-1.0621578283648374,-0.020305439762687616,-1.3369175422041772,2.0906249624774866,0.9924457248645346,-1.24866409038586,2.7162285182524974,1.5615776234518048,0.2524596455623599,0.568900512158674,-1.648736557326747,-1.5381613722398193
-2.439572830753186,0.6111436545999899,0.9051322759886109,3.404053858211594,0.9942927408516977,0.7192914795104037,-1.5785800657748346,0.2985566630597997,-1.96385272874216,1.9602551324711281,1.2592236101754195,-1.403829794724635,3.1088247393132957,0.8140368038124706,0.9492108192834697,1.1002076294620207,-2.629866253617666,-1.234469464385046
-1.3689835649999884,0.9505159357844971,0.43634770684572616,3.174415099632805,1.840730230394843,-0.5162555748597795,-2.231699793619559,0.8121998791776607,-1.4364505700779775,1.7332577851030542,1.4978158827266752,-1.7084624562749622,3.7946591840459165,-0.03497177822086028,1.201494545883707,1.5511700035763902,-2.997423088846813,-1.7742980838848121
-0.19703396201071036,1.3894942227221605,0.6408604201602188,2.779722941075114,1.6976980945347644,-1.3353861947716317,-1.9303491103053978,0.5881480233577738,-0.5661277808759577,2.2666222624269814,3.3157633685636387,-1.046496650008389,4.390052229467768,-0.11602814185201438,0.4920702049116733,1.097033261149828,-2.763082157688971,-1.9788184811645384
-0.010294221448827412,2.0679340766860554,1.3804650284732256,1.4440651346448683,1.8931747163262904,-1.2446875356934275,-1.8267894067234303,0.8763539155806257,0.4535730528576196,2.414201738544861,4.635457064145409,-0.6232678805724757,3.620484917369316,1.1701008268419137,-0.06392204105942634,0.40463297460985514,-2.1400368439708415,-2.7881382435754754
-0.6406364629805963,2.176103245673875,1.9859367505684702,0.5823344696373709,2.6318927184498038,0.039181640433469056,-1.2106726768551361,1.0962740086818135,0.7830903830444531,2.106717129026599,4.774309170280509,-0.9025318346738126,1.7113768582388045,2.1057525192669604,0.6952279392913971,0.041087076204052,-1.7520320892658996,-2.7703891588829475
-1.6634772030137137,2.017212072172358,2.0253211929110693,0.6245690601069147,3.135263838911979,0.6374982686598656,-0.9770479584631916,1.338582168802985,0.4999378771646854,1.2817539754536158,3.9608318971397916,-1.0852545498798607,0.639872706970493,2.3341457884115187,2.1366382295017443,-0.29556087501879497,-1.5152443380602043,-2.0356582024507284
-2.51751562189238,1.6964416832571532,1.4691547701904666,1.173101734820851,3.310510244476207,0.914919211735931,-0.9855339416621165,1.7918141383503094,-0.1685923697155995,0.20448014470015974,2.7348684430139687,-0.715694192672489,0.5053333541570294,1.624686157682139,3.2372322062091863,-0.435187504258624,-1.7609468526991567,-1.7874983092423826
-3.2770571551426406,1.1866762260034647,1.3289309835792649,2.4176842174845783,3.1625714914586864,0.6454474438339116,-0.4592828168746287,1.54081562034694,-1.230432690547421,-0.017522893811863227,1.9311350964107348,-0.012536511778824866,0.7394867629489872,0.85819318213661,3.609323891436869,-0.004186659583417185,-2.4114981120435015,-1.5165433402327624
-3.6654767485927833,1.4249699845476564,0.6430871561313355,2.550282857647453,2.858776616232313,0.15146142603381674,-0.8023940275950567,1.566250941754089,-1.642285407969935,-0.0017971812164335743,1.6667156242642573,0.45349060545966136,1.9308577707479626,0.27962981616609583,2.8283153367276097,0.5393636108269586,-3.18842213185982,-1.4910825863118509
-3.41861080771274,1.073309014184916,1.3466758408719564,2.685403488544225,3.317708615672409,-0.9020817777572032,-0.49880865695998206,1.4427767708796555,-1.357674246558478,0.10090233988570174,1.7632354436853137,0.484915125086529,2.431549543178447,0.03342587666870189,1.7141751041061564,0.4647174513654615,-3.241473721334544,-2.431878197177081
-2.6626609682953917,1.4536957759982543,1.5570683338186289,2.119800823484675,3.3410785870558035,-1.0186628393301458,-1.1532275361221742,1.9091756453094417,-0.38573264581394284,0.055437799252833875,2.586433297140485,0.43459444283699367,2.4265481208856103,0.18166981214644262,1.639236881748448,0.785710105040368,-3.554164750745176,-3.116003046263214
-2.3984792112158306,2.0602093563320723,1.715119825738387,1.5952672479145258,3.4679982684789286,-1.1219919827215614,-0.7750093636563757,2.2228413222640744,0.5021410157303121,0.4189420093157811,3.457499128778906,0.899936123372403,2.3039858737286383,1.600241769120051,1.788839602330198,0.021476221422349673,-3.5487813301311895,-2.9093763624327056
-2.2650844748431926,2.1275395715445926,2.1378152889536928,2.3655881650044845,3.8509676756822473,-0.14476066340051164,-0.9048268125327619,3.081216284309266,0.5962659315258948,0.6790684736659782,3.373187519091265,0.24817765309546758,1.7199852787299328,1.235941357358761,2.4330044139918283,-0.4091288421350919,-3.710765780076364,-2.393688940051623
-2.8370535575601727,2.0179667933832564,1.3092922877206792,2.723025350526412,3.081332124107277,0.3976551068375382,-1.0471257699285546,3.4029465745614287,-0.3950537169958877,0.5563361460682055,3.1393545815417365,0.7163854657225306,1.583133675904707,1.3753083349872346,2.6922744079119445,-0.7073914823972298,-3.602797730317455,-1.4759676309454304
