0.1972752513408258,0.4991803739447358,0.08218015354144602,0.7554737513808825,0.08016414727753458,0.3881646311486369,-0.5118099654863968,0.07373183790512869,0.34631640365567107,0.053847316326535194,-0.08319727823087283,0.10993425598384415,0.5355066203048785,0.10913720498812958,-0.2292535862005679,-0.05210270650414949,-0.4789655597104637,-0.04094031461852758,-0.1816339151756241,-0.6780329961166468,0.7929310078170808,-0.597479846267812,-0.5508473836557125,0.6808465887074762,-0.415068070184826
0.7009468864169897,0.7269352731793804,0.18656897669906478,0.6825495167575939,-0.13982929516522452,0.6353022621357015,-1.5763703675287455,-0.09871767428585157,0.37604967192504823,0.2456735601706311,0.2096739833923836,0.30739601577282055,0.2691138137703502,0.3481801753076711,-0.4301573051067749,-0.1966532243470719,-0.5217343032712983,-0.07376244621243815,-1.218583952194205,-0.885594618740104,2.17390497746934,-0.5207454964327557,-1.2835303349671778,1.3759448072015288,-0.16017852728034732
0.35274895287459385,0.8780744449564455,0.04959832283862613,1.1873588468419676,0.5708517924846785,0.4079658722405602,-1.7099953597343411,-0.696344480841258,0.16729577837188764,0.01927128207735862,0.2805399446820047,0.019481040536761668,0.53923806692424,-0.026703449960487697,-0.7645750235395549,-0.09964695685910226,-1.0135310645157762,0.10762623963058772,-0.8793130881236094,-1.3151153142277197,2.3527248612184963,-0.9106692587448313,-1.8053479249937356,2.3367871512767153,-0.393339584598089
0.5828491275260086,1.2149112093359344,0.009583531433301647,1.007777154782283,0.4391534109440773,0.7965608030389422,-1.8374934613749538,-0.8883361488663961,0.01857952820624237,-0.015464209673209993,0.6015420261448153,-0.022807636827014297,0.02385809556765383,0.2486745291002968,-0.5652664791913488,0.2581183439176316,-1.2681437043121917,-0.1475044844722558,-1.1587050998917714,-0.9291167361013593,2.907898877817352,-0.9854645774876558,-2.3520018873331203,1.9770033495249442,-0.08144108971914304
0.5963596714366532,0.9418431363180954,0.4463792101759813,-0.03815439176968477,0.5983975008409199,1.005451199019011,-1.5582570801922175,-0.9704023622431717,0.1962473409492404,-0.340431896909842,0.4156739755456682,-0.08550152410226293,-0.7497818811996224,0.43771718250839775,0.18773599240688899,0.12973238700864206,-0.8924303253915513,-0.10819702863698977,-1.6678490398773247,-0.3212696357468791,3.74251276468255,-0.9088192082847002,-1.6714385575182884,2.4217483977870904,0.16844261244491981
-0.05331219335210531,1.4156817312659737,0.6733925222173764,-0.3601716276772972,1.4996166769651667,0.8831945887274568,-1.6629221796639904,-1.3613286033096184,-0.4194157328916067,-0.7186542177309541,-0.18876500864675763,-0.044783236579070886,-0.14233457472635433,0.7715167416736819,0.16438360605991267,-0.020541147606958774,-0.9458572038137381,-0.08008550851239019,-1.2282790039489084,-0.889776011479413,4.048688471831573,-1.399039098611258,-1.1844920374283663,2.7661343348216074,-0.14907960274431054
-0.710972586519278,2.0309482676205306,0.455666123262643,-0.5670572869058887,2.2698463006287213,0.6732101184929193,-2.5501894591498733,-1.4938702656122194,-0.923873068017538,-0.3957312058236498,-0.7020022136549924,0.31177931744609366,1.2756048592802123,1.0646179678669419,-0.22339067444362176,0.4898078389642143,-1.2609088794642875,0.21420212563882132,-0.5187906625817308,-1.6154349513628845,4.039592793449083,-1.7744523041869489,-1.3551483591149671,3.1806913007883137,-0.653604769201515
-0.6685694077536807,1.5098026777202214,0.12486150920059959,0.3190306056988501,2.6428979473882976,0.6906539954152362,-2.425837421005947,-1.9492079321891735,-1.2099454169888786,0.20087813469661497,-0.7956803937579965,0.29728396935287,2.2062695826035843,1.6569366764641529,0.27004737336022316,1.0924707128436646,-1.2116107646917829,0.29399287756100584,-0.2555903777569636,-1.571949140868237,3.4975173274864577,-1.7172613562614836,-1.8899371633101998,2.965373600288333,-0.7612927914762309
0.5963794470554754,0.00989842910099642,0.6094851847748243,0.9323446950795425,1.9011783828624682,0.6821363820971182,-2.9540631244433277,-1.6246070716206646,-1.2008820354857461,0.21020336541646126,-0.4390318664897282,0.658111617423447,1.7547187037827852,1.741838425645931,0.5923040091378333,0.49781454141776277,-0.24735704635105668,0.14882963557226647,-1.1324431210777335,-1.0058655960863518,3.62565086313934,-0.5678780377372581,-1.3505383799997723,3.010954138748261,-0.6128256707576765
0.37933435510550506,-0.03026331818530276,0.7578068412420149,1.4390329167842184,1.4870183197085398,1.1640166499859226,-2.9603484688465858,-1.3818604695023147,-0.8895821034945928,-0.13654387526605846,-0.8575052415657951,0.7047426148229639,1.6560672838469708,1.3711582754041212,0.5279275078612071,-0.15408514754397515,0.17013582026391258,0.25392644290929295,-0.968344188609806,-0.9720595410615095,3.6849873575589314,-0.832647201306094,-1.2984702689340666,3.296076720010768,-0.7811610305192811
1.0600295539396165,-0.01872994169796821,0.4217451977677877,2.0394954304362103,1.1282913053045083,0.8932061735771808,-2.485782016582744,-1.193108347941604,-0.5886105314056629,0.12135861968017655,-0.4498479032654128,0.5038392597844239,1.6939453152731112,1.2396863978691501,0.9072265295145516,0.30922471531406376,0.07998369194957712,-0.07078240864370816,-1.1561741143948598,-1.0461061120835238,3.329310618717253,-1.0599666327385258,-1.6958971513964436,3.060423102513785,-0.7638789049095525
0.9245295052670885,0.2661937107264843,0.6475990281803935,1.8079479200975037,0.051746008090615025,1.2678953531170283,-2.295560332548989,-0.6372181518487412,-0.00613880995583921,-0.550479221157053,-1.0860076684487365,0.6867177174989261,1.2849359203668145,0.689598597411554,0.5032088313752968,0.08743981131881741,0.30853157015584853,-0.3379184793286073,-1.2471609506059111,-0.6699592704421294,4.002237808282238,-1.5720808124435837,-1.851139707002461,2.2092790557301973,-0.45509765424488174
0.9765478772194478,0.608227920159095,0.08255434143839102,1.4424705499020136,-0.4395493305885273,0.7195490354074893,-2.139809340136529,-0.24835842247529566,0.18991925295975415,-0.8384161961294193,-0.5061429924185155,0.6119493992497635,0.5962081728487028,0.5169473270889897,0.1855397135782852,0.2813705010362653,0.776285471169578,-0.8671462990276857,-1.2499762767649216,-0.04456662793711863,3.9618192415039895,-1.8090057346567223,-1.7972864989401742,1.9338488101884794,-0.43610652678909645
0.9305417094251243,0.9658856748332767,-0.12252349341864148,0.9543278268773432,-0.9353591768989963,0.5516629912051463,-1.5128288470642879,0.1178491335832952,1.0344979035034105,-0.842869124015514,-0.04480521383584722,0.3094835812957624,0.08235153432533769,0.09727256708443557,0.10100366367262185,0.5897926817877827,0.6630665761311716,-1.212447720109778,-1.1180203131726845,-0.050513618781231555,3.8905907373509874,-1.8871502151289694,-2.129325146488932,1.4794884863987654,-0.1885590344858595
0.37519927782378953,1.9782115542790197,-0.16549139486667802,0.0798223489769272,-1.0063435146545197,1.0476508205500374,-0.723680527661646,0.17551611240809734,2.164926494640196,-0.48156444178092594,0.22162512068216386,-0.3774306162602862,-0.0887434226056052,-0.45598305695695185,-0.21410196638417567,0.6001355762958207,-0.09069494847478782,-1.5646882520115188,-1.0193556180649959,-0.733179842810793,3.8274394746712765,-2.195085445904755,-2.409915083332635,1.2088572760204876,0.1813215193658138
0.569203087472043,1.8157112990480033,0.07242523954943493,-0.3271351591610253,-0.8600875404526771,1.3580279390689811,-1.0392572432231841,0.2713603778647874,2.349391274075702,-0.13441755754434612,0.5829116209081605,-0.11432542418626705,-0.48853665642596417,0.027561933054461602,-0.17731202420413925,0.14943520221040338,-0.5775447983436434,-1.2816686535011037,-1.6231283012242606,-1.1641994537549207,4.194576997575338,-1.502500125481677,-2.235754584223463,0.9480711233980937,0.08407610143708132
0.183988303768814,1.526580537160505,0.6154526900867571,-1.012555162612572,-0.33716491772417834,0.8360126782058332,-0.9643673738488034,0.6759803011181548,1.945853500103837,-0.6908299682332274,-0.4150951217247949,0.09707525525294283,-0.712024998968954,0.2110989688869962,0.2135698785081696,0.08636733384817889,-0.5965279073766523,-0.6282615072877789,-1.3495969867862365,-1.497708871635496,3.8465494486103746,-1.34985181504033,-0.7481634518205146,0.9409173295003358,-0.07787098654383406
-0.3759666619353866,1.033135100967851,0.6928281743407038,-0.9491875626281845,-0.09522903143814435,0.82236116769536,-0.8840084017875312,0.6201298430240022,1.599234004720448,-0.5360166672919107,-1.1868368786361254,0.6955969066857426,-0.35317729154993516,0.7152688265774936,1.0804067918439237,0.2851389742538377,-0.10151391416938632,-0.35276843062638175,-0.7502283962827594,-1.2624318651259332,3.631677059461172,-0.8146201781277789,-0.25942611725947917,1.2823017954522533,0.06141572083234359
-0.36224659664933084,0.5837900309993028,0.9575950326732994,-0.7535122162219735,-0.26218811810848164,0.9879795407985925,-0.7410143353222954,0.612223633985552,1.5236317364658996,-0.2806318393066421,-1.6701978364228862,1.1469146576452693,-0.46869906731081923,1.0215589625943973,1.9835555310437991,0.833808446664712,0.2847110739965182,-0.04980397629805344,-0.8480189988348792,-1.0618965107254832,3.2999647573163817,-0.509046321289039,0.15493214074899345,0.6907584056771482,-0.02713674935238934
-0.09205735045843669,0.6174756779401334,1.2201514064419006,-0.36595710695778816,-0.2934558404015534,1.237158349311495,-0.825113176824982,0.5791275550352116,1.1360195247144185,0.15720010571430124,-1.8870217163865954,1.4119737609904415,-0.05409737384016473,1.4996079332497665,2.497255244594955,0.6458543569842312,0.6573661472289953,0.0896117638838315,-0.4503233675255494,-1.0068949121087925,2.9810033186423985,0.34560047649774994,0.34335648089993565,0.6107578393456116,0.2733952522807421
-0.05528769419868759,0.2802207685525282,1.055605513664179,-0.26161290502726947,-0.676859503829521,1.2750880538170484,-0.5912724141126864,0.871253813317686,1.3547242237380397,0.3209422014796244,-1.9031355673939798,1.697464326404782,-0.15438752692899704,1.608575878100366,2.6021515070182586,1.0126459382384128,0.8196589040090536,0.007724175226639249,-0.5981669169578437,-1.0794780249793863,2.4037207891530246,0.2708744007751435,0.37984580076320607,0.07674244187432455,0.04781622463718309
0.05492995705271499,0.7188262480195933,0.7275977678471843,-0.3470297531557844,-0.9276213359223986,1.0737817045506621,-0.5534746106573094,1.0167340159673193,1.5285635143400964,0.3901714533986333,-1.6718245488040904,1.6290525145391939,0.06287502544257673,1.5831027655990684,2.566746865954193,0.9626155043763326,0.9426831018191993,-0.03046063830156802,-0.3321926407685832,-1.064924522407582,2.2433658542874513,0.5971329176627579,0.7243647769795085,-0.005576207301295512,-0.12986784239738608
-0.12527936772224244,0.7031775940392789,0.7052338685163567,-0.4495454066575666,-0.8694188894928496,0.8751180618909331,-0.8180211351922956,0.9678429517777662,1.8439798188210423,0.2016158042673313,-1.7929379266334267,1.7463280077229573,0.7692900171009133,1.4980616111275404,2.3294557522455253,0.7747797454575724,1.1227084312373798,-0.44856646775910525,-0.33012171050412764,-1.5110287482485454,2.0335762710902716,0.3439639203418845,0.8621889339203324,-0.09339062504054696,-0.07359140934081354
-0.10470902336523857,0.682522735045974,0.5930454800316329,-0.43412813887711305,-1.0361556527999827,0.498842236495451,-1.2247399120978357,1.1150222288926162,1.75712790216647,0.1561727337548365,-1.3478212728001946,2.162911020961939,1.1008618701593496,1.3026503017883244,1.5517451366463457,0.8381154475265252,1.1944574725227235,-0.3870338587724742,0.05190155264742335,-1.42171537079745,1.55921668854492,0.3554478300471314,0.9643046849451921,-0.38793221828812063,-0.34843481003462623
0.043168277882356956,0.3057898161135768,0.37893807884406955,-0.10691957802912815,-1.0258752658946007,0.45988879763422597,-1.0316454016864767,0.9623824250703631,1.3226724209648646,0.35154590188237234,-1.2105333039783217,2.0580428035003493,0.9410070892965195,1.4067957713271766,1.344426890934342,1.0923277637572248,1.1849189085777407,-0.2249956463112292,0.249851652829,-0.989165640454358,0.9394934399171975,0.6561368835816151,0.739764591543359,-0.7163969920591347,-0.15207933076871794
-0.022932858395389808,0.02735759686176323,0.2277990318403107,-0.12679901023177945,-1.0156535012250625,0.4866933228303396,-1.0890138348271299,1.0180955935761393,0.7251611976947647,0.7024374156622728,-1.6218680812359796,1.5082915881256866,0.5420716820408383,1.0785013200538178,1.2408581446334648,0.5956017796868802,1.121247518470002,-0.03293478648533813,0.4220832680327021,-1.1700263357707386,0.47715318275482504,0.9850789850817611,0.8257485864908725,-0.5346730498854159,-0.18680224265513584
0.04820791981946959,0.2745936116312059,0.053684616611905794,0.01618749879203127,-0.8935693831350677,0.5364790398563756,-1.1708158260046222,0.880200768302937,0.8088510751166115,1.1402004700360175,-1.5530774082346848,1.7307787393351017,0.811913164601235,1.3173898485295437,1.62757701716286,0.8054569041217648,0.4464790581642739,0.30326282229957213,0.4659121363800075,-1.1831943508476475,0.35637462460115565,1.4410449259935503,0.5551790027961333,-0.09740168172264804,0.038462653781068695
0.1442116937058095,0.1770127756647356,0.11802580184009807,-0.1646592837447337,-0.8687561595804044,0.4141262034370736,-1.0881625471302625,0.4247365826287969,0.5268053338079858,0.9606306885883121,-1.2720283292610368,1.3311256497889603,0.7587819183852952,0.9067816745909426,1.7862917272596333,0.626360868866323,0.03991514264189427,0.5583839975119494,0.3848206223021435,-1.3300451653795384,-0.40734140335383995,1.7858397936376136,0.9834212054431231,-0.10822762111006315,-0.1445075287832706
-0.2579255623232971,0.027045905044755444,0.40325038510271305,-0.43726352682332625,-0.7111392239152486,0.21514091111607328,-1.1212114754153233,0.6156987528288711,0.24981694041330796,0.55990264330705,-1.5108859262111427,1.2632289115028208,0.5002339625524216,0.5494913438612276,1.3136779480499727,0.0555396242667307,0.6273716802930862,0.4143106614917475,0.28285539476361415,-1.180776081675541,-0.33893527021914593,1.2124883267389306,1.2955850005308767,0.08951679734684134,0.06382821389921048
-0.12534797387607188,-0.20264389620411677,0.5790275792983085,-0.25136532709527115,-0.6796802919190736,0.3450610694225384,-0.97678140276228,0.9985658346066484,0.28333835552012476,0.3888664431159038,-1.574293307354888,1.4759915774157517,0.23109095865074236,0.9244018455803144,1.3683410746407063,0.04471721233919515,0.45976217244458,0.6401393796099561,0.42630037466750537,-0.8429533051225427,0.24372442989478094,1.226331120947973,1.127780502763486,0.1309112907772507,0.043588207066303564
-0.23156926468343764,-0.07601263911534303,0.5586951220164718,-0.05731623226133162,-0.6910934994695075,0.3216135897243794,-0.7490957683901129,0.8211725026660299,0.004222509544867636,0.009615731756501367,-1.5118821709181716,1.3253374410628824,-0.07650892912486848,0.8162020442744807,1.0119548256931368,0.14156170391179976,0.778892083608592,0.5030254175162353,0.5815792904604757,-0.6309499712027882,0.20552871144042262,1.020762012320831,1.1952814270043022,-0.22991463379885096,-0.10627029843465051
0.1975768879978671,-0.10708457810240268,0.5354884974708735,0.2898598577471268,-0.7080033058499651,0.26753677230469614,-1.0985931388166366,0.5726030416045523,-0.31319671403892735,0.5198689396834607,-1.190637256283568,1.866135049389055,0.401839410577776,0.9856437605678139,0.8225280632246711,0.6483371483210938,0.9714259219312261,0.46762238244155735,0.6200588176802694,-0.4090875544616466,-0.08033908831459154,1.076838353830941,0.7618656980917752,-0.6562511364234624,0.1849986086314098
0.5705977597814608,-0.5417416772145283,-0.3227121328779162,0.2716084425094336,-1.072108513991124,-0.2507851009859936,-1.3889090647207667,0.5308176165396432,-0.35688757091296053,0.8314739369322788,-1.1557517814846336,1.6088784974888783,0.9013263022657654,1.1598093211796878,0.7632180389005846,0.4764145164682813,1.3635647720740813,-0.04316592675196045,0.6682859161200223,-0.4169928897373058,-0.18451394655734732,1.357207013131313,0.6338387341773437,-0.922230559780319,-0.294593224211779
0.7321188672828919,-0.2766191098398691,-0.3803627116051587,0.40697858389933506,-1.417588828332599,-0.33165542234371415,-1.3363497582983288,0.8154727289681885,0.10768257935292017,1.1228187618184167,-0.6658598679018627,1.0103888026562347,1.6584855785628225,0.7874294452615413,-0.0261902996815139,0.06113737140206428,1.2408935898214888,-0.29723652972995895,0.736095728121284,-0.7449867926060825,-0.3979687707949198,1.2131656150447305,0.5890720218000566,-1.0859609429595296,-0.4135320895764624
0.7033764335674381,-0.13616400554393548,-0.850742972741252,0.12969167581314994,-1.8132961131836574,-0.542843801017615,-1.4789920587683978,0.7629452102200386,0.4992813751659389,1.1990467608643813,-0.12150425220129146,0.8483394834327919,1.6776990554620395,0.5496886250372847,-0.7324529896539855,0.13020588414626677,1.254701727125532,-1.0274307254929411,0.6183097836478951,-0.41588302045067993,-0.6196830640450939,0.9707876915304416,-0.054095875287946626,-1.5885501723877644,-0.12757130919532544
1.3214148089222566,-0.4279503814966056,-1.1119928517978561,-0.19617559925962091,-1.8859589858465797,-0.7664115493847503,-1.2111933048847794,0.23000356105638545,0.9015122200546356,1.68982083159503,0.9542783391126114,0.5397810209411202,1.4871170021123428,0.7768186923075854,-0.5140656343598914,0.4102474824666443,0.5277316238157522,-1.1608291169848757,-0.173560799950413,-0.04225392101562346,-0.5813983664728071,1.432714015733868,-0.65456784142519,-2.183710608273156,0.13811429375587794
1.6687201261134121,-0.3533942737393309,-1.0891377277304897,-1.0925732115448936,-1.6460659824374317,-0.7129857865012272,-0.9140937303425025,-0.30117235897468764,1.2622247181663757,2.32534662472523,1.6938325054332988,-0.010641375994404428,1.4655445152147815,0.9013435624003866,-0.45590154719125764,0.11412622150262053,-0.12591425252539257,-1.4694811755961217,-0.985144323483436,-0.4181077837725553,-0.5533254893385242,1.9449117753674006,-0.8867939386241368,-2.4604098276999853,0.29164838537588045
1.6924985719521362,-0.15196341034957564,-0.7536098158588058,-1.856422865455644,-0.9523850867042323,-0.33996590144478767,-0.5950836520052212,-0.878657129138836,1.721885384942486,2.546354568011318,2.381048825033445,-0.645355886281783,1.4658152978290677,0.4318075433328333,-0.7096269056765756,-0.5745796176523773,-0.846217724451721,-1.4911966997363475,-1.652315471689099,-1.0672367695791007,-0.4962202258587849,2.1486909753546413,-0.7500672065728925,-2.0688500641356877,0.4493903641791182
0.10888473266069121,0.38425800512048003,-0.9980313105792792,-3.3658145298313924,0.269994055107468,-0.5273171446715308,-0.008974794481858797,-0.29031238673612025,1.9833706847665136,1.8223189688318187,2.3455495802535005,-1.0805249699639365,0.8117926700189091,-0.15412593378739536,-1.5212103054511361,-1.02519645506822,-2.1274074956033875,-1.09401066687779,-1.650228903165779,-1.2191884302029594,-0.7882876364166138,1.4576165681713242,0.053885181099729396,-1.5009306291037012,0.13531666823984423
-0.23634158243044145,-0.2797407407027562,-0.22944512036073816,-4.000703898205773,0.7393900097747557,-0.2590768956338801,0.06370054295463519,-0.7882063313576806,1.5678774086712897,1.4874382822362138,2.0978122743410617,-0.8188905920303939,-0.10313480369876497,0.19223527996007336,-1.095696286390079,-0.7015330647629621,-2.5220661561701982,-0.669597905977562,-1.3189372640966148,-0.8944327502453285,-0.6462412947511051,1.713784941388387,0.4913731712729842,-1.5267142527106354,0.2730206478668836
0.0920237934997922,-0.9425500971843741,0.8725329544975485,-3.8348996736804972,1.434226723190883,0.010320141098100727,-0.026089204818607353,-1.452472088855087,0.7990110422749122,1.6174741201161158,1.8989470072498613,-0.7450365636327256,-0.22971406927160914,0.737353780067181,-0.5233239872647427,-1.3115572508722135,-2.1757219415059885,-0.2477517417394478,-1.5074047997592892,-1.094587105785238,0.15494110500041594,2.3191728939136462,1.0313477428282178,-1.2719747635906058,0.49401271664997437
-0.5603022650776093,-1.2525781051229044,1.426745831124215,-3.8346982181582843,2.2877043972263182,-0.07946405203609497,0.05856888485435077,-1.5181935548739878,0.5301734743735848,1.1429316493276531,1.0378815754718629,-0.7605261811605041,-0.05789904657388865,0.34632715599215297,-0.6796437477776425,-1.7988364929005958,-1.6591678626756898,-0.16365027435954205,-1.1479015049538037,-1.596122231274747,0.37889904328602286,1.7259899504917,1.7261550299941326,-0.40892390371023773,0.29182964502883885
-0.9417552939664444,-1.2631226398934894,1.4763425872989542,-3.9151727142064874,2.5655216870524153,0.3324210629437648,-0.31340147105960103,-1.778102027108403,0.31020364600065903,0.7842414313981995,0.47193001839824006,-0.3891573231375898,0.21155253909279426,0.5036577724764237,-0.7515952134114984,-1.345931537870449,-1.4509857171232674,-0.2666962920079025,-0.9104563805598043,-1.3370923916227482,0.7560199448986413,1.3660509946777333,1.722053647860423,-0.1961339052758636,0.25756834990441074
-1.1869299051023923,-1.1813577705714944,1.4164341321351481,-3.444689743961349,2.8894676873289145,0.31212377958758863,-0.3910074514756296,-1.6568904683138457,0.48539927111851433,0.795148926970151,0.34380007558767844,-0.28765921620895035,0.6178963853535099,0.8157222333512872,-0.7639500142257973,-0.89388084113007,-1.5324140615039008,-0.13919976732998185,-0.7113131459923347,-1.8168629182381617,1.074120132368249,1.126205188148675,1.4650229441676599,0.2654952404751638,0.05544564418263735
-1.0580471886626581,-0.9681455248461017,1.2977908876819624,-2.9055526298463317,2.7962800105761225,0.712783094302249,-1.0031113174795685,-1.5084461463721932,0.5239545235298432,0.40465447347491107,0.3304576960982888,0.116584903048729,0.49637211028874745,0.5765067233764696,-1.155646239853949,-1.3956382149940358,-2.102590231084114,0.2945878487452186,-0.30929463469679697,-1.9769560244438353,1.5623415345895804,1.2492473036553098,1.2291832233437634,1.1355764440966374,-0.18094068638621844
-1.196362493815318,-0.7963020422389053,1.2331326681628216,-2.8479227416454296,2.6651998186547416,0.8932791823391111,-1.4680423590937992,-1.3736823733516332,0.44132405834969385,0.060430504470350775,-0.22301936919842472,0.09648057703175437,0.39395086998056017,0.2805657420368856,-1.3317937808345448,-1.0413796276848797,-2.467516761977899,0.45504888136661903,-0.06811764059401272,-2.267610603835946,1.7486337983875082,0.7197950297164002,1.0090891186669213,1.5244030938331719,-0.4680863141039842
-0.9941849755049883,-0.6977790641312533,1.2955213887006294,-2.554609208157102,2.4798328285491293,0.6945422808748688,-1.7652881902379332,-1.2805152834812061,0.17668582358421722,0.28571035596904765,-0.4283036770406706,-0.06883305175529014,0.3237375866519062,-0.02449778787471539,-1.1738383117228506,-1.1073769724706901,-2.06668563616401,0.444208344488786,-0.5745730774208844,-1.9425089182125816,2.4443355693391378,0.17797270471078297,0.42645332296642496,1.7632204144888983,-0.17495878908504453
-0.44800993406872547,-0.47410320127625505,1.1587106754000975,-2.0697505765793367,2.236152332930154,0.8048893684104179,-1.8238021092403194,-1.2316180216664654,0.2846262607113318,-0.06961816434580159,0.03497556087255707,-0.4725619134714973,0.23581439377795418,0.28116871186187414,-0.676987868337372,-0.743339298815932,-2.1121246604905246,0.29246842143914875,-0.8745282610499101,-1.573055157030769,3.0872434390063583,-0.1508233453639707,-0.37137213126730134,2.1339467683825797,-0.392626768226927
-0.15824787697290846,0.22828903683318968,1.1528379470932977,-1.1835878978623977,2.0406459010591846,1.0099432767313328,-2.0742807245974704,-1.217382692326435,0.49352706111249134,0.5294396300846718,-0.16220828704770335,-0.2488453061349489,0.6412029762163016,0.1583819732536756,-0.8411057016591361,-1.08733125565812,-2.307632022665926,0.3375979923512794,-1.2036090588078838,-2.2065418558492036,3.7903218601605024,-0.5947903962681943,-1.2689029093130557,2.7981299988227066,-0.45336863893166196
0.08090089198857821,0.44998141680676124,0.7716893095302433,-0.1599800377621003,1.7385612371944719,1.057816541420003,-2.43978959924008,-0.9565509459789336,0.44409614613880805,-0.2667931973327451,-0.24374512283364722,0.11280329230793702,0.2484160358002599,0.34990364263334556,-0.7707392982363931,-0.9185610502796018,-2.0983566647677625,0.2038984924456855,-1.106486367207646,-2.2389955093294125,4.111240650126312,-0.7813078767774367,-1.5495001150712346,3.3780764727123556,-0.8596518439395187
0.3144246388244547,0.5408908605358524,1.1301542216504208,0.2963264771537174,1.3038957283253942,1.1401762150961778,-2.4861648880871257,-0.7345934155563939,0.6067371705108737,-0.667643830528279,-0.22715305092843233,0.30469970949739605,0.1507789520924877,0.25818739787297307,-0.8683882719221241,-0.6873270909152429,-1.6844423207816324,0.22901044729247594,-1.398044022323596,-2.0483993595741814,4.4346827435594856,-1.0973463196768947,-1.4846256418706192,3.5353313858140627,-0.6251442301704994
0.313167652851171,0.48149807007273615,0.5361898814503445,0.7838614492065634,1.0416522538208743,1.6399025359466253,-2.6413304651724188,-0.7850225107347505,1.1366537038584796,-0.6725897256036738,-0.28095446418993264,0.4197412179406083,0.43989510556138683,0.4175407153788099,-0.6169522621305847,-0.36531101616128836,-1.0054278556745204,-0.34918578467138134,-1.1789554791223782,-1.7888772747459025,4.872611177227139,-1.2306148816731997,-1.888193857790729,3.2210852429720265,-0.5671208518326842
0.5489290055084514,0.9394938717221503,0.046337529641125585,1.6604237259918089,0.8148323651458269,2.0659256969264277,-2.9720057082746374,-0.43785087788007004,1.3871378149357962,-1.0287924948446652,0.01735573357967471,0.8084736070623314,0.5717169554551901,0.792470625455884,-1.3238054160430606,-0.22835946417342812,-1.089559239951372,-0.5710877027179792,-0.942542511680891,-2.1492196465739988,5.104630402440522,-1.3022441234648099,-2.292361562262398,3.611123736984424,-1.028106274838273
0.8134377274255373,1.2925619741111591,-0.655193366699617,1.5722799028511205,-0.3963123303276802,2.320483194735076,-3.166983065200275,0.204444446920282,1.928420791700473,-1.2176172567314887,0.007519209461282368,1.0197822483472745,0.24181257853720056,0.8621620742137631,-1.4688606114283747,0.7081456027421023,-1.4898534199477804,-0.8291161463655508,-0.6870270590387871,-2.1362608908840444,4.908969746628192,-1.2612951308174638,-2.6482237021516903,2.819373145101239,-1.3496895234092166
0.5809661052642805,2.027087699481667,-0.7374975603221999,1.650762167589816,-1.0184671876514675,2.1913383295138753,-2.9934662234103873,0.615549342064668,2.611756633567031,-0.7377223230779835,0.03946968855999461,0.8242475975329829,-0.17913124850813178,-0.09093885285784653,-1.6993072232889854,0.5465030840387647,-1.6411608427737354,-0.4832725308652313,-0.6635284429149172,-2.502928014502773,4.640601434559548,-1.186870524074668,-3.1911989533019884,2.8166308420186614,-0.9498585260972461
0.6451984960629762,2.0920177250154643,-1.5206472037359875,2.210012905624317,-1.0404498261237793,1.100829698827448,-2.97508720197376,0.44425427477833734,2.1188569560348247,-0.6046447191649745,0.7088830299924962,-0.18494212836348145,-0.4090145327907288,-1.289911199968545,-1.5852586421016726,0.6346227979517854,-2.216695875945672,0.20293358278776374,-0.40778534278373707,-2.476568323966,3.0252082678315872,-1.0836532852349967,-3.491608216629699,3.301470871615568,-0.9868105767933013
0.4066988217272981,2.247185809530192,-1.3420412041728444,2.2808430739343684,-1.08009602627122,0.6428889061340491,-3.252593186506889,0.8774638235526182,1.318705253304027,-0.7080350195989289,0.5746731992109161,-0.3762716381023281,-0.9486444716688152,-2.1882306316561877,-1.8926428485290872,0.15257629136970022,-2.202445359754403,0.6154661678808783,-0.2577618253859023,-2.0435414531035363,2.02382236213504,-1.2869661575401314,-2.931431155650107,3.470844697088614,-0.9232579016555924
-0.03302291190469192,2.4802093041305757,-1.5574155236076752,2.3670596185410724,-1.1448822504223661,0.5253333977012588,-3.159022960565596,0.9982900876962483,0.9743695394426396,-0.8915904716490964,0.03639866517940198,-0.013300096085109958,-0.8182194690106781,-2.2437590585748284,-2.0847739281321127,0.01955274777458834,-1.8331955734830963,0.8725031835120222,0.07752153542880741,-2.16882933475947,1.2828510152691621,-1.1119716468322227,-2.31304888357803,3.863064732881933,-1.0098092659617657
0.4077929814562813,1.6689941957614123,-1.470457037855204,2.913307048615007,-1.337898219528691,0.11830525107735573,-3.0605676914585556,0.6051334662777014,0.7234842946148838,-0.0703456157064006,0.17389310662603344,0.26599333359032074,0.17079143138710395,-1.9465134985170143,-0.9878026779121212,0.3313683277471066,-2.2564977200181664,1.7257858222603386,0.323250950790117,-2.0393424247817604,0.32094979892996156,-0.31190539547763435,-2.3735054208018824,3.4518011626350527,-1.292433911155234
0.4461155635230746,1.711031536528991,-1.0828922942903527,2.8867689585337755,-1.2234999046095134,0.05784116684053474,-2.5473400129318446,0.6536255399801784,0.4713071115037284,0.14159808673548313,-0.18899620448457075,0.16897609538002276,0.23031047687164433,-1.7720209847686452,-0.5159487103969711,0.0780426586318064,-1.4384352127781137,1.1903995529618028,-0.3979005115423842,-1.7230710908999713,-0.042226578361535594,-0.7916629376560828,-2.208490056887317,3.1965744090615127,-0.8732857650219737
0.6610400554177855,1.1941892718873073,-0.42931006601894295,2.4189788478193357,-1.622901269950537,-0.1675024117879968,-1.9578343634646647,0.774152029258714,0.5127600032082777,-0.2676644071981388,-0.2401899282350213,-0.10708866185098057,0.2507809509955585,-1.5621631716716031,0.38515522970724503,-0.9170701578429217,-0.8816524317252838,0.6201657923315256,-1.0373624796657126,-1.0473232242340398,0.2238791307304729,-0.8734043680356377,-1.33876529144913,3.228961017501568,-0.315886822907568
0.5489394639483668,1.5382454862434696,-0.6889340945913042,1.7890334794197489,-1.6656415242853075,-0.48232717880028353,-1.7924252502737639,0.5368326325647277,0.599159069415925,-0.6682792467793789,-0.1663304321130494,-0.1823703717987086,0.36574647266328414,-1.801268900245753,0.6766004709052779,-0.60920063867621,-0.2722277620291012,0.14745647068898482,-1.3614988209232606,-0.6273452320902515,0.41272087110138744,-1.4545505941035215,-1.2310947962103445,2.8248574582849497,-0.48968619836703253
0.461489641116046,1.380013284230409,-0.5328282435486253,1.2706821314718975,-1.8735329684378912,0.051549079265785294,-1.6858079068363836,0.6045028483008685,0.7224772805023094,-0.7305754731143412,-0.24802665593913586,-0.4991746699116417,0.7911342780187969,-1.4157201230631387,1.0146701285939774,-0.30843208580760295,-0.4794503295658452,-0.22985036684744609,-1.5188287042905841,-0.1701163587547238,0.739765307839158,-1.8672913802840871,-1.5405955570386691,2.8822138575350973,-0.14913613505884368
0.6656897999047812,1.578863835646255,-0.37162393601563726,1.2089263815875497,-1.3845166895457783,-0.35086186203492986,-1.7391872643153392,0.46969404527109276,0.9828033276225117,-0.5364723438257949,0.07250041800976285,-0.023868547430471523,1.1837297512856617,-1.2322963078456592,0.7736292745031719,-0.5479082599440144,-0.28031677848303943,-0.42300783135699965,-1.9053649266424515,-0.6183541704877801,1.4086353805841214,-2.216191541908238,-1.5679109233631447,2.5341148891072423,-0.027367138549179867
0.8828304748556695,1.835390740330317,-0.3099058085732791,0.7151929391704654,-1.5262592843894247,-0.7267275029770881,-1.5902654308573452,0.3333945343546131,0.624710316266925,-0.27251922274131335,0.19863088119128844,-0.8121132195526873,1.3824539728976957,-0.9866130556054644,0.2853082837002141,-0.3275948453445057,-0.19854512974320673,-0.6049571663170282,-1.8454786354740342,-0.6994628675327705,1.836290186845734,-2.229639110291189,-1.762547459797816,2.220600295538048,-0.20023668407607043
0.8146875055637722,1.495692005170665,-0.16679493592966418,0.43293033681795956,-1.6250092320230436,-0.4998179556480226,-1.9459625837841246,0.6135088880635524,0.8420226886492473,-0.030382038684115965,-0.3757573195667371,-0.2674198982679471,1.6384934203707928,-0.7834143629342594,-0.4190141208477935,-0.16909925426018105,-0.33995557109521635,-0.5897472742512895,-1.450055188482303,-1.0833443933608324,2.382888539467588,-2.640546312745451,-1.9845272107367165,1.5198739471860458,-0.46029325395813303
0.989840394903746,1.571812349431636,-0.3623987252086205,0.6562197691279031,-1.629062345746162,-0.0837529317326671,-2.0289255839456977,0.862468106990922,0.662943300829788,0.365921477127519,-0.44693511154109056,0.07920874818500956,1.5036223302130676,-0.18182708857152483,-0.5796278921513573,0.5906655630200182,-0.48758768963083704,-0.5021291125395005,-1.2308099701518456,-0.817364483078801,2.563277436986178,-2.036764988861823,-2.4799094605038663,1.0903918591016466,-0.6388074227772582
1.4953061662378468,1.5856977541082022,-0.8466088387495062,1.5665193120916818,-1.5182016043477318,0.10940246171191757,-2.0380307006773184,0.7637869778305799,0.6398158093196503,0.6329060859814877,0.25406646762002183,-0.22895933028702734,1.0873885586731138,0.030375047081082376,-0.19154836950419188,0.8042590600370716,-0.8047427323051815,-0.34559468046770925,-1.0928787855536486,-0.8403128689239656,2.1284615554290065,-1.4328816340504191,-3.1845374421856976,0.985255136357999,-0.45642215234559724
1.5821831226609493,1.5523330560566961,-0.4097163646358004,2.451664125932795,-1.712975999226833,0.4985831428305064,-1.61263431745808,0.4898823812157555,1.7850618308056363,0.20774145335547456,0.8268435109744452,-0.09799585786452189,0.8859414564027139,-0.6232094466100703,-0.3539493139305796,-0.39775665695825047,-1.0315016237468826,-0.6392623668649158,-1.5554135877025517,-1.480703269948295,1.9863363737608648,-1.0497769686417215,-3.0273743133127096,1.9736444288066237,-0.3842555172750569
0.8996653851698592,1.8025925755979366,-0.5706923759383867,1.5745672748462396,-1.7752065324560566,1.121786528038073,-1.7927313476632163,0.7142311631896603,2.9752383895048546,-0.5473852131477409,0.6063714872452397,-0.1329219077894191,0.695241852952364,-1.0180766772671532,-0.5250446953030985,-1.2317391497602002,-0.5250822875997595,-1.478064269060562,-2.21198651897115,-1.6399181137462413,2.261909998925675,-1.3297381173592449,-1.9325396068984193,2.0417104004821915,-0.18435959855892786
0.6836681554387828,1.726635403425383,-1.1483709721297486,1.7993457131828572,-2.0864822747011607,1.2816663819428415,-1.47242248212867,0.4354295258301993,3.324252537750322,-1.2365110932235264,1.1175344252780295,0.19176558212713013,0.2498348429419684,-0.564196185714063,-0.20250952594374955,-0.14107816127584438,-0.771663138849319,-1.47295432799827,-1.6012278864114944,-1.525921657866963,1.8358770667966327,-0.9138963633871872,-1.9310349760163361,2.1713614399156684,-0.6089151829832316
0.7555017386995587,2.306874473861691,-1.337445367205945,1.780685709594975,-1.8819395077761811,1.2581322492721927,-1.5803102238436375,0.44676838979417266,3.337579485109322,-1.1737498900470944,1.3511053328549076,0.4571671103535648,-0.04275515648017143,-0.5543508807911945,-0.17466150674234238,0.2247225091770005,-0.8456776968480411,-1.4037611455924357,-1.4988486773081307,-1.9084309716175425,1.6099005003978482,-0.6356072397347596,-1.6784071583553972,1.762144351162571,-0.773139320177847
0.45905155009383336,1.9994953455948115,-0.692440513800256,0.46537154869999486,-2.1989985034227364,1.2177244869231494,-1.486419616491844,0.6698231640913681,3.5812100572240246,-0.7396188855718048,0.6980601693200745,0.5516037273143823,-0.11193626141010748,-0.31320937756115735,0.31749040500935627,-0.12774849848611883,-0.7102522880529629,-1.4564898748732942,-2.008882421298227,-1.4864615058434176,2.002852925985648,-0.39369132924011696,-0.8968485798864106,0.9614678347557783,-0.13822352668143356
0.21637763843332644,1.84928357751424,-0.39094503091747457,-0.619604210533944,-1.8096504161941163,1.3015216925025634,-1.273931228062927,0.7189547665925085,2.9920081843976374,-0.8608921462128648,0.2121627635923233,0.729469150413634,-0.5656216835287136,0.10068101747698446,0.7272043908076555,0.5969525993315725,-0.5007926954841085,-1.0716177690535984,-1.257008116250543,-1.2006661964807812,1.9792752000254095,0.026689633474651617,-0.20311956549357973,0.674053339192587,0.006799009960336819
-0.31290459701642187,1.7043957582588667,0.0858001511149045,-0.8331101774420729,-1.2643658539312919,1.440206346867464,-1.4037052027426817,0.9609964330314233,2.975564602771426,-0.6007505540657568,-0.4302426595636087,1.196819794064029,-0.18212878348235093,0.5235306569168527,0.403744916047615,0.18344751074202525,-1.2479609249536305,-0.6961332705482733,-0.8938712239114002,-2.091039673837186,1.8392162309731674,0.23463628168650094,0.11902900752543397,0.7050131419123695,-0.19835311882452708
-0.5508395702213235,2.1395819967210463,0.30615778861877524,-0.8965611540713632,-1.2098767103513304,1.8128422642674176,-1.5621797825590784,1.2929065794714543,3.135740734606976,-1.020753401298011,-0.8147053911464273,1.2816993014582292,-0.1350962402716717,0.24605280993708822,-0.07798393943858112,-0.2698171928491648,-0.6905307057109703,-1.039983893986585,-0.29434171228075606,-2.583163282760921,1.9575985871329775,0.10323026418525623,0.4132252541204624,0.8747084698112372,-0.5138489912617643
-0.5226813407826353,1.602858767165739,0.015296090043888377,-0.6853217816039439,-1.1883408769283408,1.4608307421179365,-1.2286244207338837,1.0228306048586842,3.367250423945305,-0.6229578518436001,-0.753519138515119,1.154376817006456,0.142904590944322,0.216452489517276,-0.050034560023176106,-0.11752312887594425,-0.4022348451822608,-1.200780672501939,-0.28039849166396236,-2.456201294752376,2.154679349763717,0.01975820855349203,0.24271133837736886,0.5040967297770653,-0.1646021721528515
-0.44746794184413824,1.7784050930973643,-0.2012479178417418,-0.5974561477385382,-1.3800393807362086,1.5298883115142694,-1.3465482316892792,1.1562398944952805,3.5015965839668075,-0.4614185159451254,-0.6624496077424143,1.252993053283753,0.6087956548590939,0.20129681814350173,-0.644854507729389,-0.03371388829323235,-0.1999043734411119,-1.5152025294260345,-0.3185987438153134,-2.3914402619431954,2.050471970646429,-0.21691922936544805,0.028153833195350076,0.2573964233845512,-0.1977317656156778
-0.09108129086964986,1.4244674091823044,-0.32172608258360164,-0.6145028384055864,-1.4057495666617967,1.3186898111614886,-1.2863230159794254,0.8407309778363713,4.1185299966047975,-0.3167067092973556,0.038776940540124046,1.127958083707683,0.6704846704541445,0.5518878090637558,-0.5109452310940609,0.04978600039335438,0.027799928031858084,-1.9397770870872866,-0.5744124252229861,-2.461373132619496,2.5229172235303885,0.15152141912874856,-0.040900548148239596,-0.35326500407023254,-0.30898484983750507
-0.23539710608744974,1.5408481101540423,-0.6871295319485353,-1.395231089662286,-1.6591129493749222,1.599843196734674,-1.1605046995916306,0.9637196312882075,4.071958574309587,-0.5324299948880992,-0.008970846403882096,1.330478722698718,0.27234277186946737,0.6014336692066796,-0.9827547394891207,0.4459750480504893,0.13768102709505597,-1.9679561265705887,0.07325459622375444,-2.3778751755640455,2.4958505947346126,0.6114823341268615,0.2436392448697483,-0.846861436790889,-0.6163704332851565
-0.5203373828610878,1.4572460292207479,-0.82513491898276,-1.437004176166663,-1.188021206885814,1.5732885805897592,-1.2461439426162126,0.88168153388696,3.6670859262422306,-0.28985093453633826,0.16244577600921045,1.3637633288114317,0.0787524115336797,1.0325077602606836,-1.0014790250124117,0.9969091657450462,-0.3412691828735255,-1.609550139064047,0.8896531836514929,-2.5664649707063782,1.8286282133281717,1.3730139021208256,0.24644387283606406,-1.238584714962703,-0.25749768662738814
-0.07183612734291776,0.6493904789955923,-0.7085893502382202,-2.002726913726148,-0.6961974946518849,1.010765374013814,-1.515306254170246,0.4396501617912566,2.41003444815622,0.46596592940368664,0.10691099653041894,1.5736251692900047,-0.06775937600853398,1.288191405637301,-0.5343305265442968,1.074306576121893,-0.31247687375185834,-0.709492453079204,0.7567044480749145,-2.075955702276801,1.2402554148240825,2.469632182288555,0.9609340491639421,-1.6304613539137411,-0.2642882749392721
-0.4322480876100732,-0.07909320326137954,-0.2485423457776683,-2.215416211854864,-0.03428222600261574,1.0026166138108619,-1.114495058937084,0.02112048409153926,1.2824771876049859,1.089829213445895,-0.4263271883585803,1.3923025974487229,-0.08325337730964066,1.4580004709719405,-0.19607870651052328,1.0550520749571826,-0.4558219315922655,-0.09505823033482723,1.2210064687744515,-1.5776780808556317,0.21870239850430528,3.1067551717385014,1.3595745555418208,-2.0491400584828243,0.14097446404249953
-0.24272633112926897,-0.7934601819629504,0.23057080133179958,-2.175957458053906,0.3199645514569903,0.8471962398087372,-0.9262924185191401,0.04728089549479657,0.5122369931823332,1.6366322764185601,-0.47757448203825675,1.4177780991533089,-0.08622547032540237,1.6543289552871403,-0.2790873601806284,0.5466097806062694,-0.4458880558897415,0.376825278374011,1.0790730060403184,-1.4555756670008535,-0.34944567682606287,3.472264675436753,1.7105122794728205,-2.2655687951227903,0.2785353460887251
-0.4535519980172926,-0.9734826081469362,0.5834954293159831,-2.128327493863202,0.8313719840626425,0.5283589417421857,-0.9268228036383384,-0.045266686587574795,0.2727520049442319,2.0643665712757007,-0.42946340791860194,1.211013077004429,-0.17674384106260022,1.4283297303096645,-0.36370538483602133,0.12452505997744245,-0.3649365730926686,0.4250471764531534,1.1354621845976078,-1.8709445639010753,-0.970899292381934,3.4945828361729094,2.0274794998469754,-2.249258174791215,0.23423304734370354
-0.44519652339166615,-1.2221519684139344,0.5906637266406267,-1.6924822015257592,1.4072329193878126,0.46632869540300775,-0.624638454076074,-0.10936304678021862,0.1467252001066253,2.5206207372113822,-0.39877874721309703,1.2329530941139097,0.14223310262292305,1.6073058480231244,-0.42360706468901166,-0.24530038748030253,-0.6119600495668063,0.7064358873325266,0.952517583048092,-2.1263104028444015,-1.1942532826473544,3.7204265080335834,2.068131183911579,-1.9547074812676004,0.2459723389798889
-0.39622377666679415,-1.404990921678496,0.6706083884294717,-1.2980558290307316,1.3627268371677934,0.9863313666587301,-0.90128521368413,-0.18443536367759922,0.06032647427005852,2.44925157922356,-0.41897963637631597,1.5690982754730058,-0.03498880268467536,1.8561944828167267,-0.03708197736149289,-0.28326820567701994,-0.9579579431643176,0.8969190645891589,0.9170415704483739,-2.3110114737379264,-1.5030893803443406,4.095425888892091,2.2600659477806198,-1.833457499115718,-0.04666435495359228
-0.3991202686352505,-1.0622454828079309,0.9169770421420178,-1.05148912664405,1.330376637406557,1.2425720234717943,-1.1064022044983706,0.04016412798731954,0.10752429675459507,2.2690937151083768,-0.389926093830736,1.823929753995218,-0.1598683979354026,2.2520358255653314,-0.15410005766341311,-0.3632180634185674,-1.0940511448035057,0.8880097478051596,0.7735251205136736,-2.740937587248541,-1.245806056895771,4.2174768956747135,2.2865733608282413,-1.3667566940173812,-0.33616690252288217
-0.6148129877920426,-0.919936053977537,0.8943131490924734,-1.0721977334471648,1.5921189192439922,1.492964387829213,-1.0713641746590103,-0.07108548078869473,0.6449770869662983,1.7160082484057821,-0.5115698628616436,1.8103005475301064,-0.25632780887475864,2.125157934119691,0.2577312153117916,-0.271638371563083,-0.7413804693713145,0.6603355371537979,0.672449542929936,-2.5778086176121517,-0.8159702829217363,3.9501192625223536,2.2471115607002634,-0.8751116805784546,-0.10006552518717947
-0.978460569453646,-0.3356471964180289,0.649772907840791,-0.9494328280164746,1.6283563148308322,1.6288172699661876,-0.9726503248921927,-0.3249956848200729,1.1740081921554149,1.174528440091391,-0.6158982078130898,1.7867031194509222,-0.3107536860977821,1.8542087852969942,0.4188292025472906,-0.35217417128843054,-0.9135240018863405,0.5379648873711669,0.797027726198313,-2.9502777611328743,-0.49161013022571953,3.73512961832479,2.2418914205531895,-0.1353152843701222,-0.18732675090995482
-1.7811599437950392,0.20692513178918331,0.6706915002671816,-1.2490547422775544,1.7314457512157815,2.0589827172763577,-1.2670539308557114,0.04499501703620063,1.8355881238563934,0.049785808729091885,-0.9728094189194236,1.6403274729177173,-0.2475077668378582,1.1510917475666904,-0.01787246394319876,-0.9184832636524404,-0.45049398093755,0.15137328242583561,1.1225837206979465,-3.472742221784469,-0.47451087507092626,2.8532022313089542,2.5698508601865946,0.9977669618585379,0.09757652055327727
-2.2134045762850043,0.27828569864944885,0.45434033966149673,-1.1439969627337478,1.0403791061868843,2.5135450155212644,-1.4139847681977822,0.12116350344740622,2.631164344499935,-1.1315772069224934,-1.173928623979959,2.1520991986991724,-0.28670152972557966,0.6960446963004997,-0.5053052965661572,-0.936937324406815,-0.23847721713979358,-0.38451366329820885,1.0623705959232315,-3.263112109668971,0.0038552566444089737,2.175611156817387,2.983071162848883,1.5097949714476189,-0.5265098509870809
-2.1626904087574133,0.9975491663461402,0.021479808048910587,-0.6184052320756916,0.6988181141072337,2.6346996152551414,-1.5014533803107626,0.1951652393773488,3.294097412637697,-1.7899847758671141,-0.7420764710151132,2.1514319264458455,-0.19907804908718157,0.7515999142562514,-0.4640625353051995,-0.3959915675187389,-0.6044539138460759,-0.880913162325041,0.9900039604798268,-3.458143745142714,0.07369020804174498,1.896539276253246,2.461333960954716,1.6751755530051073,-0.6841277822309608
-1.9600897259339953,1.1964436708278814,0.027296536251012426,-0.5385440125952727,0.272835164264399,2.6816802921174214,-1.6738524688942609,0.05393550650767316,3.6797708229855153,-1.9778557243615376,-0.25527535026001946,1.9811399112157686,-0.23319057769914472,0.5758922223264252,-0.4509490839149592,-0.7766675160957943,-0.1540938402332445,-1.2951264418305408,0.4888052228708927,-2.8956551044792533,0.45579274267570713,1.9694241509416293,2.684962382256331,1.5766696502035011,-0.395064806440133
-2.053162116651268,1.0358987834644782,-0.4623235346675094,-0.5908942834124215,0.484473939506754,2.5331501716525215,-1.5456191919636892,-0.22237885245748518,3.5386582576419636,-2.3229370654437482,-0.25974363122255134,2.060437721780073,0.06206823033192857,0.8956064687004596,-0.32679358663577873,-0.16333388994464704,-0.43755239613583546,-1.3884921616402195,0.964678369180602,-2.7410450167423672,0.4565049566933389,1.8166770941870143,2.5144137771156223,1.5999661498286057,-0.9933187864990892
-1.676670524430378,0.9344853277411648,0.13425733965846115,-0.22697527693124017,0.6171560417753659,2.57147953056314,-1.2272224886120027,-0.20646392401149255,3.238992249636829,-1.6933163502458766,-0.30231421833772576,1.9639369595550453,-0.6075871267751434,0.9713798985654939,-0.13279538429080726,-0.31837604423710664,-0.3304349718231341,-1.0761894817047557,0.45669532417843167,-2.7421497079445887,0.9274666094848298,1.7710444914440189,2.1023087931230404,1.4297841668924414,-0.36576029215509004
-1.7321329259474438,1.315710928349466,0.37384368257894957,-0.7184132924330844,1.2371202709135425,2.563422229254152,-1.2366987550727202,-0.4094778928153022,3.3147597622200706,-0.8093548371260948,-0.8756178655759018,1.7879431552713987,-0.26558610584872655,1.1248675735141487,0.6515541452402421,-0.2627591834511518,-0.3349797047067183,-1.1109435039525997,0.21075637131912636,-3.158885767506053,1.983406390332728,1.5447373990987845,1.787894945693497,1.319343235282252,0.08701499812819785
-1.4829613314885681,0.6163469520008442,0.5286154540525713,-0.5855840280156946,1.4209134427734242,2.808343634463793,-0.8647669812926566,-0.5776061458393124,2.980576959196854,-0.6498093706934663,-0.6071311767771048,1.9449022539751766,0.04979829402968298,2.128665362196529,0.9284938592033978,0.4834272394711903,-0.4824058656590289,-0.7294508604661566,0.1732786061088673,-2.9411364669231657,2.338632025617854,1.5608429922423508,1.2586573143125614,1.4014804298202284,-0.38702141443437355
-1.379566409120391,1.1110805574336104,0.37026351723291717,-1.1832208825461716,1.5299609155994383,3.032500837591342,-0.9844728379310186,-1.3649454992883956,2.8608725456727426,-0.4947566601476634,-0.18316690530904686,1.8007561923115138,0.21133067450085682,2.549001192413561,0.8572567276139751,0.6421639476559662,-0.45164172624359117,-1.0417186644395753,-0.10225572832820767,-2.605033778562049,3.1594312703962326,1.507638696337471,1.0303928375250577,1.3175487217823467,-0.32337176544084734
-0.9121763059081384,0.134554518507218,0.8981106006832854,-1.4432097100308083,2.2268691105390532,2.4897904781881923,-1.3778439725263203,-2.079910407935106,2.4648784963166457,-0.5174844322469628,0.16797008416333792,1.1987449377043433,0.44640511579996683,1.9763748418893206,0.5080938303501443,-0.6431057366485131,-0.24212342437288256,-1.4455610696565981,-0.3071068854461711,-2.65079832794073,2.8225744157696075,1.7129013442452217,1.2643988030490387,1.4210069578399227,0.08099988020047
-1.1460496408963452,-0.5461105494434317,1.0902557296798145,-1.6363346847668208,2.691679181074195,1.8432116914066565,-0.9068351977478295,-2.1750139180460537,2.0380179995283845,-0.7656239449123282,0.2501884956097887,0.8678336854951525,0.9031050252695864,1.6306237673729622,-0.5318620011029574,-1.376234905454225,0.18676412236669432,-1.606661937829349,-0.26059568708263803,-2.3980607804756295,2.2946321299072823,1.2693216204306799,1.8089253926333404,1.4061070939699307,0.07950770456385634
-1.6082001024813795,-0.3847940517911602,0.7434523810645048,-1.9621996097219092,3.2875392245982455,1.6102449744008482,-0.43750522089292293,-2.5912420183522906,1.406091616707696,-0.33592408500094945,0.15262914565717395,0.7416040982313076,1.411059270683129,1.6999903295309033,-0.5848577139767643,-0.9107081970589176,0.17413745435143915,-1.6853214694534264,0.10034544837573489,-2.113269829865075,1.9337414120095164,0.8406875587632344,1.673270837875148,0.6007539890433646,-0.013317009670255064
-1.4295890411617318,-0.6510138584843841,0.7365589760692053,-1.5777306916678757,3.110695852108949,1.2604919924134017,-0.4730659334485939,-1.6950387486385408,0.6662823977804918,0.030695335063569112,-0.37957619554887884,0.6007636934874396,0.8606352402089495,1.8582950890573262,-1.259872304916898,-0.5450629043189338,0.5989544643168819,-1.346829460839242,0.62484773474129,-1.8460165539454279,1.4070317968744384,0.3392359306812311,2.143700272635488,-0.6454483549979245,-0.4100829294637347
-0.6343914618064866,-1.4201449855296406,0.7372078213446197,-0.8516604127595329,3.059440961182295,1.2932371716707105,-0.3774479719033261,-1.8375395141104196,0.28194914841901014,0.5480109596662661,0.030967608578866122,1.1627511885867605,0.5892406872058839,2.5710652255198787,-1.064014713197013,0.06144054407591059,0.5563914743774904,-0.9243080481131766,0.7745386241130168,-1.2602885452443873,1.638201792172587,1.5354484158538981,1.4275244840432402,-1.253890841343143,-0.01641792656026818
-0.2805271588464998,-1.4112513197892576,0.4718113528920721,-0.5666506860851754,2.672806947783373,1.5425906987985138,-0.5677399578552283,-1.6438438055094184,-0.11005519653207313,0.9190381109017033,-0.10916600722823017,1.2307266188506352,0.3273221696068697,2.5911379156397283,-1.0141686634645177,0.20340379992941543,0.6857353760572581,-0.6266347802395146,0.8309719822489471,-1.1271215523614226,1.698332592390891,2.228532396060781,1.3088321925917041,-1.7187622584309805,-0.10938461182784104
-0.001899756355953333,-1.5534620569244686,0.7336082649554424,0.1933338188165661,2.446629892001535,1.4402720160252904,-0.4814980494466518,-1.624281939396736,-0.20320756349657348,0.8440068945918852,0.22298507355075495,1.1600619598208595,0.18611252081233015,2.449751222510894,-1.2286251906533747,0.03839546942319615,0.969747918893572,-0.8074317198949165,1.2240746129961815,-1.1301402471484274,1.1272170088253841,2.5366708121378685,1.081832232890882,-1.820314222002332,0.19573649220646566
0.04751976245563404,-1.839561486349142,0.8848092675521743,0.47797708179828713,2.267856010642326,1.2960282002369177,-0.6677647981484383,-1.6946476015607974,0.01807913542855147,0.42602458182626257,0.6021094533442362,1.4171791092499884,0.3789476859389085,2.3846390804766116,-2.0421635340814763,-0.4404194727419741,1.0257829444663937,-1.0581166202360548,1.0629761428795477,-1.425098661071497,0.9321212068473284,2.342374581400058,1.1160503494466285,-1.3266728356218056,0.32011599956785153
0.298003912177242,-1.558028783987538,0.6425865692378461,0.4066914351135217,2.2474766190800453,1.526768582203003,-0.6018900897451158,-1.6415504870672886,-0.08478345800401137,0.7707412556717318,0.7084819809242496,1.1840476503611177,0.1901613979271714,2.6042549377013384,-1.7467976062145139,-0.3457409629831305,0.7151569485639927,-1.0806696924115602,0.7981518838682162,-1.0941074415103966,1.2366985263089798,2.3451393087033465,0.7801960854203503,-1.7499120330112585,0.2289580025623795
0.039238126551659896,-1.040874535940994,0.36399580528650327,-0.04203091694486602,2.502085041516092,1.4622547297505037,-0.4809258821613955,-1.9655732728537298,-0.06452122293267212,1.2481919919411415,0.8122992662735853,0.8374201566607729,0.41270933949971567,2.7303591767627586,-1.2381605864402472,0.24030225352052606,0.3696527755096175,-0.9202923567563734,0.726761259374484,-1.2713474219713117,1.3017747752633058,2.3722159549136634,0.43844664604372874,-1.83623755861588,0.4651303833476224
0.27298371875200544,-1.0499244164781547,0.3877389838293827,-0.5293033445817482,2.48201358916388,1.278384035684054,-0.6764135695037595,-1.3308117937290727,-0.07754311862822477,1.4193323915741292,0.28015146608403285,0.8044255844211063,0.34223078846732935,2.6490060175247763,-1.1496732638713059,0.11888696765289887,0.5463177954414691,-0.5891484769946644,0.8741718845427499,-1.5792258558859094,1.2911175450897447,2.234127284159619,0.5206354849633491,-1.9240395588690757,0.5065968791360155
-0.27458212702811047,-0.5622454770324858,0.4875601490089684,-0.9300294792856842,2.0473249614277518,1.1633052535122446,-0.9874388176185684,-1.2905709225277486,-0.3473630375522028,1.1740067938606649,-0.07927897071136447,1.3086857506652192,0.5573992500011304,2.1445703136479266,-1.5259634346330737,0.21746463213638673,0.3792889537810283,-0.39616217749674887,1.059437617015825,-1.5106744977341333,1.2926805405801285,2.176681749334974,0.843283492073657,-1.632046876852194,0.14549128146872461
-0.004353230241140019,-1.268806563795016,0.23715266165599375,-0.7707573419986521,1.8755830975376282,0.6072963885511371,-1.5462764322910305,-0.9608785044303546,-0.4472263286415178,1.234756067860012,-0.3492688907537429,1.8157782715424118,0.8957456854601104,2.7532905132275194,-1.4311023699321963,0.4251916379388927,0.5867256373860662,-0.37173800015893976,1.515326971167607,-1.7088697651916778,0.9333117976689037,2.2918727277399227,1.0588200350113353,-1.2129911342784812,-0.15709655081148297
-0.03941416016181827,-0.815008145944441,0.38907517445070816,-0.8893556068871467,1.2299938719913674,0.7040153996885853,-1.7062323223343832,-0.2948248712538537,-0.4542047241510564,1.8613148126316639,-0.982930159812385,1.7833713029306943,0.9792946571155067,2.568289083077661,-1.4492567748370475,0.5384251168539168,0.04151638676431135,0.10788337137199748,1.8246784017098716,-2.1998767326930277,0.6441016560745013,2.2336761258285605,1.0321170492508196,-1.768008802157069,-0.3709543348246784
-0.16979554565566563,-0.7346850667553249,0.5424055570338198,-0.8478137493934879,0.9146531573360531,0.4679968942672901,-1.4837875662087257,-0.1034687987344029,-0.04730442159898658,1.9515616944588563,-1.3265363852188086,1.6986518130013044,1.0519422413648523,2.032076588729528,-1.2400965228209608,0.464507102797465,0.10972458416001814,0.4730866790299774,1.8740632466146507,-2.6466462165474987,0.6264259614955745,2.154109798454423,1.1714686149375149,-1.8402279853847492,-0.12877148871635702
-0.03381301756670653,-0.6254685615037542,0.4895841785943932,-0.5786134586049196,0.4098169336388614,0.7128320320854353,-1.5017122358186152,0.5141964416808771,-0.09983429952322281,1.7824497910734207,-1.486876181338276,1.5382597842839116,0.5911748712007526,1.4746494022714867,-1.0467787087980847,0.221492562554638,-0.022832403994099804,0.5988342814641833,1.7638087189220297,-2.187100014450012,0.13421911312767376,2.2385427217852003,1.0334349587901543,-1.653565476642127,0.10561390151766789
0.0647610771834252,-0.7286761151604887,0.44122193184132863,-0.41067255205540387,0.036661553056236196,0.2510190650166405,-1.3777108456227802,0.6868766312566399,-0.37075015535359046,1.9168135360229068,-1.543474354425915,1.452001943519448,0.493126868959387,1.1273657946413975,-0.6067853948728369,0.5165227070363919,0.18195160668212218,0.9228386231335328,1.6809364416843529,-1.733067272129825,0.156519804302568,2.1709551003355148,0.7404573383258168,-1.688415583630067,0.1430235061510626
0.6866054516984486,-0.6976422744842635,0.30201644161945207,0.27811875897419525,-0.5009855282823074,0.24035672027946478,-1.2843220907944672,0.6217221961900464,-0.2839173759021768,2.0339928128601774,-1.2162893549038127,1.642268556120063,0.592189300671997,1.4722059328394017,-0.21602806333400726,0.9120631861137041,0.15932630463084013,0.7686066103322577,1.2152608345571014,-1.3948430617057428,0.38338717405059985,1.8606458495504876,-0.006614185793851979,-1.7172339081119814,0.16601944569633154
1.2544218637377693,-0.2711589293107807,-0.08914150621916733,0.9475219775226464,-0.9481534961043151,0.25728557774619226,-1.3761156203734484,0.7911770552133597,-0.03312251232572457,2.124756750919265,-0.6912390403282922,1.2649929161540794,0.5585618997174773,1.5078671633696596,-0.10418099525911813,0.6893678413409149,0.18083674365229568,0.4186125304932512,0.49943230360338037,-1.2108378494282925,0.8810039480596161,1.509866541255028,-0.84704995227401,-1.490394302175721,0.03675587853957621
1.687702771302779,0.24414217374659722,0.0305859171152859,1.062320558200726,-1.5030676273237318,0.14004946688892012,-1.584581802782344,0.7132011839161649,0.4774430970972099,2.0330756953785087,-0.37741779418958443,0.9869444666950928,1.1235992312684813,1.0143981117129812,-0.23775706579999867,0.765251307026573,0.08726007829055343,0.06229367349087603,0.07870028418339389,-1.5000083530270083,1.5043069160270148,0.9969481076024351,-1.7055822352510381,-1.0590135245863628,0.06230650927192809
1.6931876858679282,0.8358487927920564,-0.5412765056551299,0.6377812830290265,-1.9508006420770927,0.01244554048020308,-1.8361200755114038,1.0078501375892817,1.4117971319975466,1.7809362422728539,-0.226892106946466,0.7649149769757255,1.2582563679137262,0.4471821954618416,-0.3894528975954364,0.5483261920566543,0.28226574329532184,-0.6909351994882342,-0.3390308866535043,-1.6751064226418582,2.403145648999083,0.07819581869299531,-2.166461167821458,-0.6700669367544215,-0.2755509460258535
1.5450950677795166,1.178153398613071,-0.9207999035903784,0.3703166301090094,-2.338298125901452,0.5370810458002395,-2.391705808795232,1.2927158297082395,1.979699344895342,1.2748360655786328,0.3906508661206148,0.4046940688152589,1.2922018608790975,-0.010551652171521708,-1.757241974213657,0.2054083653021655,-0.5710418558887644,-1.1563717178444373,-0.47782231193363367,-1.6420526933942716,2.444239576871983,-0.4688547341068979,-2.6689031001692762,-0.43214860439481845,-0.38150161777482594
1.111375914319972,1.6920022411890363,-0.9435559416047483,-0.5945369373458037,-2.1593834941136865,0.5674747751658832,-1.9022306094701125,1.2734704288663994,2.7282499210419697,0.9381359794124718,0.896106621345502,-0.386513380665771,0.6433423607723083,-0.8010995531180094,-2.4921698277212,0.08054030035997706,-1.6558591167159256,-1.3383622738399072,-0.5199250417223618,-1.9906184870222565,2.726707903632211,-0.5779890974150881,-2.9289217532425518,-0.22016508261452455,-0.006888333569981649
0.9697905799087364,1.260480471155554,-1.085348484343948,-1.7972975141265346,-1.6852398754304507,0.21046747378068362,-1.7858698360285241,1.0253743056873499,3.310596241720709,1.1094472804375788,1.4137756677488598,-0.42398162070924816,0.039396838771587395,-0.8872567126747737,-2.4660385353379537,-0.0969922260393502,-2.1354290842908643,-0.9266109724995717,-0.8697782189373793,-1.9563596175094689,3.608053551391259,-0.3055979762835437,-2.6530543777862654,-0.500343262547071,-0.06421578631892022
0.3637897330420344,1.8258003064336359,-1.1005549284970104,-3.076429836037684,-0.5232275569480977,0.8172785501324147,-0.7588726210719107,0.7905806287960794,3.1877750883178453,1.598342139073536,1.7647468210111927,-0.9046340054446159,-1.0006716164977842,-0.8736732467433195,-2.0617850435296363,0.30345004214523597,-3.342954032651547,-0.46859014673112703,-0.862489292491537,-1.8944756057778365,3.4207895270314768,-0.11499923087632029,-2.8673415959850086,-0.5127110549837381,0.14751708062118185
-0.17405362969600763,1.5953715369555186,-0.6369201469614814,-3.646360234667598,0.3379892000192921,0.7864734744343549,-0.7500821424181264,1.025825295591845,2.215450509982411,1.2633222633780228,1.143920538555742,-0.4511963982451179,-2.357619046046282,0.34645882348715806,-1.8646563354991303,1.0215264060955442,-3.6949009873486007,0.27774569778954306,-0.47718036471722663,-1.8238561398373894,3.8423644316005814,0.06562471445249549,-2.0727751319071257,-0.9034876858798089,0.07628692274196214
-0.6092472155294308,1.7272103369735552,0.04910721919943824,-3.549651934461657,1.0270345430929255,0.8230855224116659,-1.1442765987344645,0.8515852528935403,1.2171637241873892,1.491697295334025,0.34833656483576547,-0.20690778421473352,-2.58326490421929,0.42102890432841683,-2.1699258454127333,1.443223949726445,-3.4753994551962304,0.7274290956557673,0.6471789034130392,-2.3040694146388163,4.182146816467121,0.06952538606230131,-1.8454386090683665,-0.7496805664021049,0.21624665778173016
-0.5632789687248937,1.4064090013451742,0.39738403830319236,-2.6479075018963742,1.3450442196219052,1.1712792761926254,-0.9849496439610641,0.16911127463200526,0.7582478069967288,1.285959483824578,0.15781047514552576,0.14247460286167524,-2.067101630253826,0.9811852499092545,-2.3815758172323367,1.667245053413914,-3.3692233616767524,1.1897592993992576,1.383022337918589,-2.8519193823998967,4.701386858984586,0.48113713525790874,-2.3817198922401643,-0.17799255627441918,0.3533053187670708
-0.05352494187731535,0.7010177011897079,0.0385588751370466,-2.271431952150481,0.8436045338272653,1.3460057993514958,-1.507423714031449,0.360671874033221,0.2111037308534208,1.0263219271018549,0.3135668173776837,0.40103728506538405,-2.4299740296676,0.8436927717855077,-2.7900629567660507,1.5548430382906,-2.8707716622282713,0.9734932984943375,1.0689320782315164,-1.837927728511196,4.482332932350408,0.854833757982484,-2.034388442945128,-0.58798818316114,0.023785737220528375
-0.14998856087514312,0.3935376285225706,0.26002055337392116,-2.1552993791897914,0.8706797505556023,0.9935127121376586,-1.539628058507333,0.44276263069095056,0.04136775292569356,1.0722706759540368,0.014110896077974368,0.3044961607307453,-2.695771286057527,0.3741861747298688,-2.9666133203964993,1.0686851944646605,-2.3648377278939376,0.890172800877611,1.0974960711216595,-1.9609749651531734,4.257017080428777,0.9324149429687868,-2.0072912750873892,-0.8770650711033502,0.4585092647338722
0.3649859860758314,-0.43229341437546825,0.13851639311163536,-1.6856794135153936,1.1898036939757968,1.139638584014647,-1.4668930018199327,-0.1367841126122419,-0.18190355973666728,1.3721645074749336,0.8214132720540042,0.3633326504661454,-2.8465295331486393,0.8334040044522046,-2.6040935037866944,1.0280365316513538,-1.8954353369036772,0.6458950939824196,0.8306512451370173,-0.9421997664322606,3.271416887014145,1.8840124774484983,-1.482937953337349,-1.3076056427326317,0.5311760872189685
0.5348354693903816,-0.7993663842177874,0.3969883884828343,-1.638892714229974,1.46752869333591,0.9609115813159753,-1.2226472522511835,-0.4613978986040689,-0.8879274756177357,1.2346123994025464,0.8540334274918575,0.42075240407959574,-2.6022860889669683,0.9476616517173961,-2.6312641009225612,0.8091316390886829,-1.6595269673825384,0.7678278784587699,0.9102708632695722,-0.8718599663140301,2.5275345391746415,2.5003968064756585,-0.8212076911606894,-1.4612161576426104,0.4982063425962258
0.3568411199000412,-1.2241610840263601,0.5919945561162044,-1.8051986855236744,1.852366937837384,0.7441143404303209,-0.9616993810252814,-0.7524208943641365,-1.0768679142957196,1.4494296437718646,0.9537377212581776,0.30224399843813965,-2.1873689699172654,1.2920598597270978,-2.6388694902273993,0.2453150689788784,-1.5159745140074938,0.7805991507803919,0.6494083983732646,-0.5198199466063371,2.0602786947881717,2.633353945873205,-0.3450678884260335,-1.7749305888884392,0.6440828214704616
0.503304211089461,-1.768933215020092,0.9540006384758375,-1.6336916955865781,1.9481035991510014,0.5646483487092923,-0.795896651132765,-1.0147411736397316,-1.149417575089812,1.312954328922201,1.0150475421778162,0.35533743756811104,-1.838980532540067,1.1062408450534789,-3.010488144529692,0.061046139967220525,-1.4916863930358453,0.6255937292168323,0.9582353394348712,-0.962926313829872,1.4227275502257115,2.648449069735997,-0.14350333571443974,-1.8255986381927496,0.5973876267724918
0.10978445371693057,-1.5940542690245982,0.7101598155011994,-1.888688645173633,2.4912585185406644,0.6004192888633716,-0.6984159348191868,-0.6874427297394881,-1.0654502424939285,1.1825433101861458,0.7435374753402402,-0.04708033944836562,-1.6393043960098173,0.7928440381701619,-2.874706010082913,-0.6410515826038483,-1.021153985277907,0.5762702154889316,0.9363062644350272,-1.042391065880331,1.0778356703185632,2.598894523862308,0.2137515185971774,-1.71824105953344,0.8552849727209376
-0.5531111192740265,-1.445340217040663,0.6040802085284416,-1.9531551876271436,2.3342223426166147,0.2495839224600283,-0.4173526372021027,-0.8152782183027483,-1.0550384714082908,1.0215043644683344,0.264494556865193,0.23440098484063226,-1.4555492450467327,0.41692086569782777,-2.6041446081413673,-0.5088827589841758,-0.8514520090172144,0.39523858577570425,1.2710097737449029,-0.702845120593317,0.6952963093319191,2.183891387255013,0.8864937070480909,-1.8377432772224531,0.3432203339392736
-0.47324877612041044,-1.4989334499316078,0.7717501687838818,-1.5333301286126628,2.0965528544528014,0.21321939206729507,-0.5941327000433317,-0.7880609599270626,-1.145694393609459,0.7575115438275183,0.2267942419147816,0.46951775981100347,-1.3364398446535266,0.6199106005731615,-2.3783016828116095,-0.26605931726495485,-0.38733984940400246,0.545694820284329,1.5526962006141087,-0.8051745513625896,0.3895047936461835,2.3879519456550655,1.0950769233332533,-1.3364693716050466,0.53740508402935
-0.8631428981157224,-1.0998677532694532,0.4237030406272398,-0.9970876832063675,1.9849873961606084,0.4462257220632954,-0.5784573910793258,-0.5594024915138391,-0.9252666796600933,0.7280880559981993,0.08023960288452703,0.4814385251588047,-1.1538139671004346,0.47369429900313714,-2.064583367028866,-0.16328519289861415,-0.5214869841529345,0.6806680389798234,1.7022130776582727,-0.9031908552582539,0.03695782666546121,2.2953297729101716,1.0605994867952893,-1.0660094385993788,0.4114932760903013
-0.7686170508521853,-0.8450583848643187,0.03299628420202008,-0.8652565735576736,1.5649897846656102,0.617862386134423,-0.8207008126642938,-0.2363160788369743,-0.8498013405772935,0.8529477351714747,-0.03264965619417086,0.5615294557154819,-0.7972291838098503,0.6765773966285427,-1.51087839906381,0.3592500376472516,-0.9541783179804953,0.7027019285492303,1.5506752718712287,-0.8879578559626321,-0.16996959558376337,2.0533274312700955,0.5959088786187658,-0.7049619290166044,0.06935887422912904
-0.17875944265188404,-0.7273313577998466,0.008013000508766271,-0.6519907591896521,0.6913992921044959,0.34110345298924705,-1.2957457570277764,0.22773802743533625,-0.6263880545086059,1.5478298086018092,-0.33888638567161394,0.7090030797640628,-0.28333669071007966,0.8175428921936098,-0.7597927285403762,0.37679544415497546,-1.4286320874813696,1.2230407666073613,1.3353451914341214,-1.2376583426150871,0.06720199524809814,1.8342544990797685,0.12004576262621536,-0.5592963715175213,-0.21270094465141592
-0.22515874552439202,-0.47103661327458735,0.37881636437708915,-0.3880445801569577,0.24368904254636958,0.10937107480872253,-1.420582362095698,0.3047131081849477,-0.10719344045353574,1.553568215264559,-0.4968439418266753,0.9958038713152189,0.47348125543243624,0.4487703631564918,-0.4977785635526552,0.5814701675241437,-1.4173650239763564,1.4122343559902624,0.656837481923256,-1.4659762795649347,0.2912443139198377,1.1765726289159366,-0.565331792974804,-0.06217158970316144,-0.19623205591135506
0.8250223500957257,-0.39096747570546886,0.2367008697924649,0.5209913567579241,-0.5023513949167546,-0.011310040097259992,-1.736390661046799,0.5833736626026972,-0.14565015047871713,1.6174826711369432,-0.5193842486102733,0.560689176684587,0.5003840759147704,0.06066005530138496,-0.19250223134341324,-0.029453836704696035,-0.7837956826014647,1.0171556038092546,-0.17578315815199397,-1.3565951891617312,0.7943038979790937,0.6681801171556271,-1.0019693138768102,0.6026974477741711,-0.12693248601359572
0.8261782262634875,0.19654337713589753,-0.12444839504104571,0.886568150196045,-0.7953184315336601,0.2513940549949371,-1.5394385977934326,0.4429581852908463,0.24534838312325763,1.195334173371733,-0.3980024156453067,0.09059043705862334,0.9835319343493529,-0.0666685011288722,0.45169235138176067,0.44527160311581493,-1.0752543249365667,0.6204947452407304,-0.6294038075350669,-1.125964503205348,0.9844231297999795,-0.1838862332106479,-1.901398819365492,1.0234606160909714,-0.4098435365809821
0.6663895460097488,0.9174967493654476,0.05991177456275409,0.4315032010724653,-0.9935418786421715,0.19101498360054953,-1.7045076606315714,0.4294592822068164,1.2184081956003574,0.730311921615232,-0.6150686612665099,-0.24804948829884604,1.5700769881878935,-0.4448863088459495,0.7377334419720907,-0.06749194727806782,-0.6965078358237854,0.02024487580976271,-1.4787997906764343,-1.5194791709506608,2.0102482428817514,-1.0600652001196522,-1.8255793474684556,1.7728595064175519,-0.34552476865184667
0.8236055630188752,0.9635516322000532,-0.1344582292064762,1.156936360841835,-1.0049887770825152,0.07187705261117781,-1.9453304203151889,0.31399016188087,1.5882655627373925,0.08592062420574065,-0.2315057739824682,-0.2689159234694286,1.2748195801812492,-1.068368281929804,0.3739068633382883,-0.36687443484230603,-0.42807487910654934,-0.1701147243064001,-1.575978683123171,-1.572696553011834,2.021039237685989,-1.539948184433252,-1.654595843403516,2.4208538405231015,-0.4860878728098646
0.7102416995195046,1.447973045205634,-0.43392420610552024,1.8358313462814988,-0.9482354081479438,-0.09975544861562677,-1.9357599923763833,0.06932690448790987,1.6288147977915024,-0.5814750955552295,0.35652652070799684,-0.3206136657878194,1.036228569092473,-1.2755629415280307,0.2669809155285938,-0.421364265600467,-0.5161809578451124,-0.3671587992504507,-1.7412236933905445,-1.19164544381294,1.8677577145799646,-2.0090790945696306,-1.8409340794961748,2.8167883914303795,-0.7622169645057303
0.301912365640567,1.4462072372071635,-0.2385821081509985,1.7311038746268148,-0.9046406682495319,0.5593612521090308,-2.027623566605496,0.20745379663478278,1.489361087551562,-0.9161673043744427,0.18351282389659757,-0.04655549105279284,0.7563742772201876,-1.0435518960815053,0.17724898942360887,-0.5088498819821586,-0.6156117609723392,-0.3336307543086552,-2.0837294364661867,-0.9008495672342862,2.2515773044661893,-2.35444191165559,-2.045017958486352,3.3501487314136793,-0.3899450520799734
0.43387660522582483,1.8879890148539233,-0.2515529214221421,2.905601066946176,-0.7377392210791851,0.5528576054419034,-2.1896837909430733,0.29439881196370865,1.1296521099097068,-1.2961477648556872,-0.012987009915131242,-0.19660457644652532,0.7121570417964402,-1.4408656443395762,-0.2320179187383684,-0.5579797677081032,-1.324063884245051,0.11189633898547587,-1.4363710483576688,-1.7682419646538892,2.049957027000124,-2.3289274836334584,-2.296284709033295,4.362610413261447,-0.6115808338707123
0.001376424329011458,2.0763896772614263,-0.4695732550392177,2.9191017472355445,-0.5564603153245926,0.7516920365763311,-2.3162839438159706,0.08096328384342032,1.4495252396716616,-1.3945331550149498,-0.1962365314089349,-0.12142452140241014,0.8088347338168208,-1.6426189958832997,-0.3145591419416092,-0.8701785703577011,-0.6640164924346568,-0.1732282933398194,-1.214162994380841,-1.7634561725858011,2.4153341463232,-2.730307787368519,-2.2968863449343426,4.34281397617414,-1.0508110666573582
0.2246102296833263,2.1758666178472823,-0.4234967643824811,2.336098582674922,-1.0542627842600576,1.1604514361091454,-2.3707572272797703,0.1869417317876442,1.6344365673165107,-1.6956246280911036,-0.45762420283437943,0.20791811785038544,0.8252727528199462,-1.3610181249884,-0.4590521020737889,-0.6255793559515357,-0.47141282031836773,-0.21533863695928357,-1.2937753633488345,-1.4739019064834191,2.6139021758703866,-2.413139289490013,-1.9041618939131535,4.592153346049557,-0.6857907553503089
0.26324044324254225,1.8786444620563199,-0.8358068833081634,2.492067892348649,-1.188740593035545,0.865574719490046,-2.4261750013909977,0.36935481031317013,1.6773050501033624,-1.3918013903447894,-0.1978268181206631,-0.01920454458778906,0.9227061299672884,-1.0597170584756943,-0.009457667643862223,-0.4561364023327041,-0.029103602957953043,-1.032735365135692,-1.1345186888578127,-1.18338681235324,2.3074229584931025,-2.280920019167077,-1.9577315774022481,3.311163667674475,-0.6964190180758907
0.5639599498909921,1.739576136603318,-0.692934940039366,1.603043867545324,-1.7730836998200428,0.27925530375286134,-2.871068756167862,0.5571888552103745,1.7997939752164545,-0.926643162506234,-0.20171602854618836,0.4635348807707773,1.3812260489179682,-0.7181019497348634,-0.22145280152752247,-0.39459258791515234,0.13535164177561076,-0.9892376094629403,-1.1459871734232672,-1.2404519849817548,2.3795178583074623,-1.818355030402381,-1.5568693368309126,2.695594268115402,-0.7137914041398079
0.8933946709203737,1.6852716625948838,-0.719991619688778,1.684563824805618,-1.6397152980328311,0.8911398804997908,-2.256717958939485,0.2945877123424988,1.6407681058657158,-0.44424180090074594,-0.15643083148209205,0.7517587580131774,1.463790068820733,0.36811108073225,0.37627972065481224,0.12963895512457754,-0.16847655297633227,-1.1124541980163645,-1.3203374252905398,-1.1037362456160613,2.5291272410897996,-1.3498816110727434,-1.9894183864033201,1.9260860184453583,-0.5925966748878259
0.9978224301716806,1.8394102439112396,-0.4414925584317705,1.582921793326242,-1.4157552474118564,0.7936142690090577,-2.313747956695992,0.12247833324787027,2.1368525172731054,-0.6753958373166903,0.08359264690885657,0.6050721761915199,1.4267217625959758,-0.11897834537623939,0.40982876270038837,-0.3019399280038175,0.07072799309364335,-1.2815430553311944,-1.4926319161409065,-1.788459862932025,2.6523423258634398,-1.3669126646370553,-1.49646111107113,2.131585767744631,-0.7494288016231678
0.7729190863114775,1.1538301598591827,-0.06780479345301549,0.8094842133979829,-1.2967471473602936,0.6654653599503997,-1.982910213370496,0.12053909178986218,2.1462088950655183,-0.42396402626774826,-0.5891584115260657,0.37266060476137675,1.9617736128295655,0.15077220076660217,0.7391524361522566,-0.5190039781204142,0.3761201602830454,-1.3585691158700004,-1.8206459045462513,-1.4189034788219552,2.793546849880754,-1.4643183625327112,-1.0908361708055652,1.9194297876460154,-0.4509091622599346
0.7829342090662099,1.262479497113792,0.0370968939478739,0.4205919462158927,-1.2400846243223473,0.6905558634696054,-2.3739164261648917,-0.0708798694681572,1.7919911016207672,-0.3475556347030746,-0.6084646470435051,0.6447920324183585,2.3011635579848786,0.5265690074264966,0.9120532958184142,-0.11159281426780158,0.606603410963829,-1.6275750359625112,-1.6999298474049684,-1.3156515333824128,2.86798136075686,-1.4721912272371456,-1.1869064915914775,1.7869307798752636,-0.6363418187264538
0.9558597341573112,1.0640051310094114,-0.4453046498018783,0.3364437595135152,-1.1675981887267657,0.6577664135923932,-2.3739079537087573,-0.27375845653318287,1.7303141498200463,-0.4988390331309534,-0.1520705968941447,0.979809253948633,2.6092288727053687,1.164958122569133,0.4567268880956121,0.2507822091451733,0.31818710566370983,-1.5805782868211322,-1.514463136642337,-1.0459558775604194,2.8038841648792925,-1.270624761301471,-1.2378265450496806,1.9053328750533156,-0.9835151877967865
0.8753348099119109,1.1765689405477275,-0.07314893785832574,-0.2830073110881835,-1.563776007826532,0.8112602531688351,-2.586340437650007,0.32357733958842017,1.8763738319411143,-0.41483824446879214,-0.2572877805556745,0.7966127895742796,2.0542642879431576,0.7035625405509538,-0.24713705519177614,-0.05732431996405845,-0.2055368608004451,-1.6090399263275947,-1.667520931647268,-1.432338637962231,2.9436512863659203,-1.3089101352445387,-1.1255441043869223,1.086025899925572,-0.9822927333527744
0.8527305034853774,1.1763355131827449,0.35702135799701856,-0.6568919423785462,-1.3168313575761237,0.958994907521489,-2.257388686868156,0.41605987138109457,2.0215906958903727,-0.3939418655315647,-0.3734396218463136,0.7174065116509631,1.664803022290721,0.46094807057048875,-0.10164105669993019,-0.46976635772202735,-0.3180566838766359,-1.4831263176020306,-1.4910750415240777,-1.643338729530527,2.837268479708929,-0.9441087000267353,-0.9160537909712212,1.0624540683518529,-0.8306098708940355
-0.12408219827893699,1.6083454777683877,0.13057127781806027,-1.2481569070599625,-0.6875807051429115,0.47294004442759424,-1.7650794201813205,-0.2145312428625297,2.490475467503933,-0.40968532072555475,-0.31183627822284443,0.33499559767444465,2.289861959767229,0.025980535483495777,0.21900253481048298,-0.5529820353805032,-0.2319955355604814,-1.0738670603640705,-1.0477131894003358,-2.1834343791909263,2.584867546781327,-0.8554874641013598,-0.3859454080711421,1.5535782771995108,-0.36613169518655614
-0.6558173842847353,1.285957600190384,-0.5337953312874724,-1.427349362324453,-0.15183218733636195,0.5208543084524933,-1.6872167994753027,0.01718358159312923,2.6932649051821476,-0.5283042825012841,-0.3053248638171536,0.7153769041363386,2.011274892811316,0.42281918975863103,0.5122229946399128,-0.1609907469394032,-0.29991171804284744,-1.4519335574946823,-0.9734543813963434,-1.8111390883895608,2.105865844064687,-0.8900868182154387,-0.02929916844696251,1.6402676062275179,-0.78321001999019
-0.16482730455359648,0.830876385488852,0.18830310071114553,-1.1366196342070023,-0.6874439405809888,1.258939231804662,-1.842509265383912,0.40978346054413917,3.001828528821365,-0.5330841674466092,-0.524939018101076,1.071528777636732,1.5806142260085378,0.9073055994483363,0.7607778728725053,0.09050084664971808,-0.08624464224147224,-1.5735470373738556,-1.3249669561528699,-2.072161794440469,2.6836827446213496,-0.5360524813496232,0.062188201824959266,0.7606322659544954,-0.727776893973749
0.10213731616269839,1.0398811971625608,0.23692530941518022,-1.085653098867328,-1.0779311586129938,1.3996297242310516,-1.4819468727670246,0.5971039645772531,3.128571979803378,-0.16912253104506883,-0.5570655542638321,1.1723027434473414,0.9903281369917475,1.169425879447831,0.6445365181970317,0.24209666154706078,-0.32442247126430024,-1.4314840430064055,-1.4435824814815825,-2.076495145103535,2.6773614565925796,-0.015420379150189203,0.13953286986384794,0.19909280776072016,-0.5914147715200473
0.15785413374833085,0.9627152450375362,0.5773327786938718,-1.1031708743305442,-0.8082188518509225,1.7239227628552027,-1.563417001171593,0.6518068159089628,3.020814460060633,-0.03871134279816939,-0.5414892323425828,1.285536506337936,0.8167810219195438,0.8884259822921884,0.638107625429582,-0.44927659472575254,-0.74765202881617,-0.9234267168836285,-1.2282323661691814,-2.4943638788043954,2.0626122637526123,0.5612093021662324,0.5891681421761954,0.5734086532613545,-0.3547682649186633
-0.08180186531265853,0.3105762230911369,0.8444145211038859,-0.9127773824149278,-0.3221663687853479,1.4364180644130775,-1.0556595974504699,0.49744658486720117,2.987518811341586,-0.43868893482208776,-0.6154875964350527,1.050016838965717,0.48870964437870246,0.526941130237555,1.1933248557388063,-0.8619657120121048,0.014379709310610982,-1.0051833827580856,-1.2672954335864637,-2.358587193980258,1.7926651983449515,0.6543486346371479,1.080998443018212,0.8058145761470727,-0.18639010771610254
-0.421186305228726,0.43881119146383024,0.9688332850192258,-0.5741597236164726,-0.39530438453257083,1.7476736977390772,-0.6581086914152483,-0.07136612947082566,3.155088284640047,-0.6136610558876868,-0.8448927970931183,1.0822965609356785,0.5901793031540905,0.5148468748143656,1.7008988979981856,-0.9047262330455298,0.4232988525725174,-1.339486845105643,-1.2329441805084018,-2.058911992487153,2.008136197682951,0.3754261175381701,1.2841213583361628,0.5500692570447376,0.12940791453253794
-0.6486176936633352,1.042209265570068,0.9190920059192059,-0.8380447853990203,-0.5461668134335329,2.0177689471769895,-0.6387517583317929,0.054224539369107254,3.653964127818707,-1.249124973216814,-1.0559600875899222,1.221910699986475,0.9435457754307591,0.9705617836774901,1.4812832326813459,-0.7375251366122882,0.8444555683005606,-1.9091027643623095,-1.1758062699869964,-2.0660651945569466,2.9538293714290806,-0.3549883825274014,1.0965855265685205,1.0047534056270122,0.06222698989767099
0.11180068594305728,0.7762651763896525,0.5699652775142721,-0.025919306794691135,-0.7944123661934875,2.0644581496464642,-1.224240631833773,0.2744562900351051,3.3442928789785666,-1.3063351740522007,-0.6980864033184634,1.7111252743684322,1.2957612041152082,1.5718380581935714,0.7543173323629121,-0.7574633016115444,1.0198969611504751,-2.3526074695652475,-1.448551065315138,-1.766601371757265,3.203674833541649,-0.33647650041302135,0.679547418114734,0.4305377034059652,-0.4958910108946225
-0.2001650017323715,1.031515055885737,0.20913819572151437,0.474051150871828,-0.9518411227456105,1.9754568557363072,-1.1993344742408698,0.25576343261379464,3.7540862454147126,-1.3713389174631605,-0.5976660889024891,1.5221033685940577,1.5002303799007686,1.1356501874069997,0.48176074798612817,-0.7445465392053401,1.5156181344276582,-2.8244040268666395,-1.024659377770733,-1.8645975908004064,2.9022054310931935,-0.5439982711727348,0.526588099700294,0.4124855828632671,-0.39929950165983114
-0.12702141937070752,1.2239383605724459,-0.22093398310555978,0.549603909637258,-1.2945306473929092,1.81905452921631,-1.4619940800577296,0.3657196249956104,3.8527051823057166,-1.5972804810926098,-0.2911854966930014,1.489573852695137,1.3887284179986006,0.8338146233810454,0.23234292218544117,-0.49346414263472765,1.7126863665016716,-2.7773283610044053,-0.5413215948249812,-1.967728066077429,2.4513933823784586,-0.1164839948944505,0.7115686208505994,0.4679879638834139,-0.25097268236261694
0.16261089963504377,1.16124952692946,-0.575264422279508,0.5274313651031006,-1.722935031527384,1.7497138971455355,-1.49505089811949,0.4022476268813975,3.8862426571197477,-1.2095936753060221,-0.17071872739996552,1.8404201429581823,1.7924102588510438,1.463464948144716,0.3926499541189697,0.010179387069817615,1.5429054114582115,-2.699464011056688,-0.3594717257544976,-1.7987003178178214,2.367701002711249,0.5221802650089373,0.37187915375076436,0.2720828224950211,-0.6121340688255219
0.1592898462933308,1.1633219922794882,-0.7237523774042045,0.2668696543514658,-1.8558872978494156,1.7810718203885307,-1.719334317004753,0.2991675628729441,3.9609350227499682,-1.037931876074272,-0.023878739552033776,1.4073205598882912,1.420073748141005,0.7195199264155536,0.0015385261402546813,-0.48400899427961086,1.1205319389848372,-2.8613149000179363,-0.9135170099103753,-1.9153114361779497,1.6640518439217475,0.4631135472596445,0.5712671218844143,-0.04777638639785908,-0.23056991591360604
0.06593704760938678,1.640947104877547,-0.6477769238039502,-0.20200767858293503,-1.9559576706583646,1.6084575518810114,-1.4233172304522095,0.6500690218738892,4.679983384956194,-1.2024890203972511,0.4170827500463835,1.148755012069736,1.1059956905164465,0.19848508972043483,0.09458251330603429,-0.5165982488071063,0.6246260288946227,-2.7750684474480107,-1.0862159574946322,-2.299778635895186,1.5542925037595594,0.26428498468890144,0.4941716564477467,0.1469009682203668,-0.3503870416691421
-0.7273689805386138,2.4816381936502196,-1.1367762166815416,-0.12798577779041007,-1.9618115753547458,1.9131711934350804,-1.1920423940751739,1.4581559732994172,5.31343682419455,-1.0503049598811565,0.38568322451342213,1.13867849638271,1.0315500291602362,-0.09018979418138934,-0.25246103562712596,-0.3291304474146545,-0.5577627038378162,-2.3561260323368947,-0.8788070922386713,-2.826018216623712,1.4943008219345157,-0.3324012252429902,-0.22624055836437618,0.9401726501188021,-0.5404581077535654
-0.7558092348033348,2.6347589250474632,-1.3250368893948756,0.256859368723515,-2.217493344142519,2.4465101474086492,-0.5529543296662086,1.776327878751558,5.9460117382064395,-1.810887706105328,0.473982937182581,1.031114727722906,-0.14875395265579766,-0.10381479339771435,0.2118831761265502,-0.058133955176710224,-0.6997197934203697,-2.4592130491195716,-0.8457221725354271,-2.42170774088238,1.7592242598561159,-0.45975358234428615,-0.5110173948863409,0.8265497387854539,-0.45344143857620434
-0.4067677309687379,2.4024827628665597,-1.1955876214465497,0.49315488113747885,-2.8996321833593255,2.375485028438227,-0.981983416790003,1.5615553479372057,5.361020540638392,-2.5307682853990565,0.4840645983557132,0.993651376332999,-0.9451894466145454,-0.7713194216420705,-0.1372400134911187,-0.6311934072405784,0.051237077549912746,-2.5802016463608535,-1.087625644541861,-1.6775377740734954,2.101127146916811,-0.5005013726913666,0.08406259686490211,0.5456144137402474,-0.16731057986830727
-0.29747526494668103,2.590195287346352,-0.7109680147714353,0.5618120873222724,-2.834980826920042,1.9599076207530364,-0.7866263361565355,1.9013857692449239,5.2214560933369984,-2.4811779997252703,0.6819444204390065,1.3303364314846249,-1.161302738565724,-0.8060462901763068,-0.14528018673313578,-0.09842828851592729,0.01820543261241315,-2.4378153431105005,-0.961702353636292,-1.377114460511462,1.8313121965928068,-1.0563532601252454,-0.3931097806791299,0.5521456330460978,-0.12986827394201006
-0.17177361950370215,2.762756639375172,-1.1959389808396248,0.27534939669748487,-3.3744390128598494,2.106687458451186,-0.9281319682936183,1.8985084082594885,5.1206179629587,-2.3365309730164903,0.4495192310095778,0.8386021704407306,-1.2902715734402082,-0.5948026305708681,0.2564160818081148,0.03269573594516284,-0.21908270412771963,-2.2569237350484235,-1.0245901025815392,-1.3684722692887843,2.7944893171860947,-0.5679351892344389,-0.4269256256479234,0.5400479106523154,-0.12265996522237482
0.2702572384609811,2.6538021466446557,-0.8815099756355175,-0.02691086279777832,-3.3005397659893196,2.100990956947301,-0.9672687018646097,1.8359829947780264,4.860483432343962,-2.020812884989608,0.7341778890996085,0.9890124541542923,-1.370754280697891,-0.10280421977188875,0.28311363615484086,0.43851613430397707,-0.5453529995209415,-2.1281753087718034,-1.5425471590568107,-1.1908369260671439,2.896823149768841,-0.6287394673733774,-0.8275976554346539,0.52725770379972,-0.30247024183479665
-0.1052544126381166,3.385979309641039,-1.018275644465652,-0.6083449738374606,-3.2026617513698836,1.92926995818866,-1.0830415441005152,1.89139174053414,5.0371954678080515,-1.691814107184003,0.525118412206717,0.6470990944347161,-1.2218194428646671,-0.22861534099322633,0.42532178404010346,0.8263328799766282,-0.9797434048400216,-2.116135946039071,-1.2046417042373605,-1.4759866215148585,3.1800277050433907,-1.1786046181466316,-1.0251990319908206,1.0345712809897827,-0.27260122134494413
0.07505742873476823,2.8683368899905886,-1.2389698971372147,-0.6825525499163039,-3.271836948274938,2.256148526732589,-0.9760061198202227,1.384487100494686,5.039510820104894,-2.025722627431319,1.2752356110922785,0.6468471667324291,-1.3321328581291878,-0.1255090290832572,0.18858120541590123,0.7108588503055383,-0.836908450758946,-2.011199051682823,-1.400477292747483,-1.097800872349597,3.257216877615569,-0.38601726900961286,-0.8931121335518234,0.8944233548332976,-0.4640772657447443
0.15138876283150438,2.4981715769011785,-0.9513572246696254,-0.8549192254553709,-2.4655100937894363,2.193998654012633,-1.4008687749916162,0.9089081936164649,4.475014497855801,-1.8173367857711873,1.1218547190760177,0.46366412216107905,-0.6105304771835047,-0.2957399176297443,-0.19852752782600128,0.4710881781996095,-1.3798487971479063,-2.312219877297379,-1.2044964655682382,-1.318307467319767,2.8161347044168727,-0.5277656895480899,-1.0409813632323677,0.565584941323179,-0.2996902236778507
0.056648947435188536,2.2265179516347047,-1.0586121911310857,-1.2111436943454468,-2.2654063983912445,1.6004559514734285,-1.568889144978035,0.7365497258103125,4.370727775133293,-1.111294197505295,1.180518643311642,0.39966342007372946,-0.27456583938477214,-0.03843357690794002,-0.647563689105992,0.315716239257427,-0.9119272372511941,-2.254445030113744,-1.3613478710248366,-1.4135471236897614,2.9816567973507886,-0.514687109822057,-0.8507342217201724,0.698460798756643,-0.34790659638141386
0.14502502860689173,2.3141430339179525,-0.7121397462689687,-0.9118706811913043,-1.8913033438549685,1.839525794730275,-1.2294222652991875,0.7787920492010828,4.778445555855015,-0.9699357056081795,1.2757855292558615,0.20291394782472744,0.277512744174835,0.163934703536335,-0.9118178342615398,-0.20769324174445788,-1.3227515683601125,-2.410117598471737,-1.2439127724163406,-2.3237425162931618,3.3867808211101935,-0.7648284909339422,-1.2328568119614092,0.6946858411535857,-0.8879992365905583
0.09764641945905675,2.2553168336923233,-1.0680420970070976,-1.284175347739804,-1.4326751581878079,1.772199649494008,-1.9341253613055138,0.3785808207795168,4.5023866348472605,-0.5923120546013171,1.211132559299761,0.04726511756141037,1.232026518879091,0.4443437786975441,-1.2271824058280194,-0.38136974809265256,-1.4187358852457275,-2.4844356186221708,-1.349511056055759,-2.5311315286025273,3.322353447420613,-0.6244607150400509,-1.16099821494917,0.6905513098788418,-1.1253891818644504
0.4140665896831554,1.6528681139305332,-0.5792781057384236,-1.8422329834235491,-0.6491634838197442,1.4322714996358747,-1.812334138085175,-0.29982061695171675,3.790618371948833,0.30181895647576407,1.0418079559676312,-0.2327498561445636,1.400876565034718,0.0769881875404055,-0.5952682611224064,-0.5188577874847395,-0.8232842008497991,-2.298731968186711,-1.7288932492966351,-2.235126428607959,3.1143127824422705,-0.3412473919283654,-1.0584861850917213,0.6404155441840681,-0.49859266154815285
0.4164416381963115,0.5506113190582611,-0.4797749373974146,-2.044129527319082,-0.13290440573314857,0.45199106835048697,-0.9466312082736267,-1.0476153713215808,3.112776186112887,0.7647706897655789,1.137055758153019,-0.46716303599147174,1.6360860936255397,0.5159302159045194,-0.3451882875085329,0.011564946318717075,-0.6511390834788008,-1.8376516279530783,-1.7436622073680488,-1.7061920752026158,2.671654882344162,-0.10778504128213214,-0.772409801733573,-0.1774905357380449,-0.3030891116083143
0.6377981528674311,0.24184848932462544,-0.5033470001227838,-1.8235803799380332,0.13679874674790413,0.259922616477239,-0.8974852794973026,-1.0947909584431403,1.9808741669823495,1.1616899577173407,1.6746237816354395,-0.6707906540315782,1.6285711007365902,0.8651255060779286,-0.6563310092315052,-0.4332980227259546,-0.3633264869836526,-1.754124806577021,-1.3159941249485805,-1.191498708302381,2.009711991458781,0.5441388696478641,-0.5415338522938413,-0.2890527636931145,-0.6228606421687777
0.8068788967447865,-0.33324259658447086,-0.3699924679088044,-1.4520668219779465,0.9431908113011657,0.12169488359686684,-0.9889308817537557,-1.5311668946032742,1.1357112206271454,1.0204050720317188,1.5096846664630792,-0.5657178648271617,1.6541526575444803,0.6728049952187025,-1.1523115990517274,-0.556696648846761,-0.013422438654988681,-1.6609253281080871,-0.9031332061370355,-1.015566669244663,1.5416937169206573,0.4671502542464297,-0.5671199838358464,-0.6568973436457639,-0.20620740043067212
1.1310184777407153,-1.107282227840535,-0.1967719288547889,-1.3344647770429674,0.8131681160280377,-0.25031726594302045,-1.2751613252659215,-1.5226551492943072,0.6211299631739106,1.2509064199126896,1.6019607952008585,-0.29875491679844135,1.9379846236008755,1.1049023708381283,-1.7817247928191795,-0.5340241462255663,-0.07844003183606743,-1.7305611149193585,-0.7679750655826674,-0.7841311485816742,1.547501303469801,0.6319368524425847,-0.8348795634397799,-0.9294412041595657,-0.28628370585640966
0.6925450596341475,-0.5841445505449219,0.040198386670823434,-1.8011964224984711,1.1963456900220015,-0.2595723803343002,-1.2934904307379564,-1.174274281562817,0.6499853830599269,1.409936293409264,1.5024718639444765,-0.704362139658123,1.9605164971705016,0.5754492174487218,-2.4092802685331414,-0.9046741973602074,-0.2813586780485032,-1.563711004069976,-0.5436532228877,-1.4336311547256704,1.4317317627964123,0.5601360000373629,-0.6341046145677994,-0.8660626774195921,-0.0634070893101627
0.4726704428327182,-0.5690699659173699,-0.17823075465636262,-2.1426766980443572,1.281664583974111,-0.10196726206140441,-1.595308118061627,-0.4535997302789231,0.6467250741669113,1.077268375181678,0.7828370718400102,-0.5434480631563958,1.5093960558921222,0.476525988052486,-2.674561538540351,-1.1551242452088186,-0.5492700843744532,-1.1957203508610597,0.00011387948327529207,-1.727398080284321,1.3071496207068498,0.39373228072635036,-0.46541147116684956,-0.977145591259026,0.011228214341784004
0.30089811216471585,-0.5662044812257891,0.0893730668307072,-2.1748508445596584,0.9215970209834412,0.09505142050888586,-1.3539868512854039,-0.1811620714507089,0.664305794808004,1.3383799264621683,0.5987130424922259,-0.25706151266828403,1.2700037488848008,0.2227902166243648,-2.7900427559321974,-0.550934656443179,-0.8093741692203055,-0.808881958030171,0.23774236425002593,-1.7600914507551417,1.3825907238097244,0.9609462221829731,-0.1304964863194598,-1.333910541149542,-0.35418294359653446
0.3397717797542606,-0.837885108251503,0.27682370776955273,-1.9790035895021074,0.6991859176514399,0.14585262282554556,-1.2115736303988047,0.041025401903037495,0.7235657663273267,1.247207958197832,0.6754974377959413,0.13285951467324814,0.3093242774959228,0.5088378392277179,-2.671371026867589,-0.6430867740506658,-0.7212347146685529,-0.7277177758562883,0.24587759925295938,-1.432406241608706,1.1630425545967027,1.4180501950347,-0.1507679207224185,-1.7072659719701466,-0.09974585852718598
0.3434767052085133,-0.9353410688344433,0.1275830284685095,-1.7918911914221995,0.6840705649914581,0.28210188593594626,-0.7419225263004964,-0.29939704158262453,0.6229914928901645,1.0151588916331797,0.9320285503802128,0.2685490193575463,-0.4654618511516799,0.5796807841417527,-2.0639253569608194,-0.11696341279328604,-0.6278905941799563,-0.393345812106848,0.553284419244744,-0.9439508525019169,0.9618027041062654,1.9944957651427213,0.038792636347113794,-1.8491231639733763,0.2905173973232179
-0.06045409630820074,-0.47819167271577645,0.4509614178028173,-1.584021772238888,1.2168276029068295,0.5519643698612361,-0.7086916493833813,-0.4302230809782505,0.4894374958844769,1.1555882958611212,0.8958127928448001,0.34704790052560186,-0.5445215135256661,0.33225557899461194,-2.2226979935661353,-0.4177239346238383,-0.6032532638257098,-0.3096960275245605,0.6415153574460436,-1.2117497464441485,0.5359313083198878,1.673105045809536,0.15766288058600286,-1.4378885354138133,0.4615958224762615
-0.3146934567339411,-0.6316437303988052,0.3264411831841828,-1.5578486710711406,1.1605881598478716,0.4195283417311074,-0.8652761258586288,-0.04192414202698479,0.35777710059142226,0.6645207558931289,0.5040045961473271,0.5061376548959915,-0.8404393248002668,0.3883480230308921,-2.239424068610245,-0.31454267956891857,-0.6738945442383574,-0.10717105765387118,0.9692629875431172,-1.4231372147514854,0.5549164337664456,1.8559053015500284,0.722921515340399,-1.2681122457922729,0.0455254018904752
