-0.13939864179349445,-0.2187282396198966,0.4208750748468153,-0.8345197574533353,0.7950774323732883,-0.1876342576508625,-0.352771088699112,-0.6666478628439503,-0.09245946815428732,0.14279790661613984,-0.06063265783271042,-0.612600725692475,0.8811238627961966,-0.4525562552808669,-0.9315441754957017,-0.866282783718191,-0.1746982568849892,-0.4756313637600431,-0.2844965948335995,-0.42575607955802874,0.47695782772394585,-0.6587800070841251,0.1821680524638027,0.33336439156951464,-0.03774373824127385
0.1733116015364137,-0.6329678581865384,0.35102661083943204,-1.123915301359383,0.5643519452897272,-0.45472472679140225,-1.334508151627891,-0.41517381960300204,-0.6125650317847607,-0.0047085492687243035,-0.01924011617176183,0.02392360562568098,0.7008163046256725,0.11723751253536524,-0.9883135858119771,-0.6649706955205344,-0.07656247553766067,-0.1854844650063691,-0.47666823566965755,-0.13093269614495398,1.3142914218313995,-0.5175661401641759,0.004532048664018596,0.3082128303905812,-0.4085569543701385
0.36120080890893325,-0.5172170610307341,0.5362685199129628,-1.1138998934877855,0.5054319525932204,-0.37445220209226093,-1.7337904121728447,-0.13756439227693207,-1.0906958377510092,0.3364334540229923,-0.5677711765069521,0.13864488166791983,0.7096760137356516,0.12290281922822739,-1.2906259633384767,-0.4599363612715509,-0.21385801121547077,0.13842612039388238,0.006167650784030129,-0.6092102476268821,1.506053552653086,-0.13641053803194372,-0.31928169090383657,0.43942286791318297,-0.4607959529934149
0.563502280336566,-0.6098691204819591,0.4255034789149268,-0.5739775179556312,0.04094481323897745,-0.3029225022421542,-1.4265968972727274,0.28901137760994855,-1.0517680759158299,0.6129629566999883,-0.4551189880226958,0.28479285528149517,-0.49674902784631825,0.17614993924298958,-1.1389183795534517,0.1580686570992019,-0.661285288709554,0.6755689538176649,0.03791440506474394,-0.07175417379315309,1.7131852378562533,-0.07905783445143107,-0.7279128197241473,-0.1128722202309441,-0.18093292697278857
0.6201291443475349,-0.5637980740946104,0.3246683093253393,-0.4206798553053205,-0.09708543207390964,-0.08526370573327834,-1.0434682990901794,0.5799731837498052,-1.0823418503873485,0.6821885541321214,-0.5639246145430824,0.6261815597479797,-1.1510207967397617,0.40091591009590494,-0.5310421209717661,0.6123659390444408,-0.8989691637317737,1.181828601439017,-0.06590644116222392,0.1632299863840953,1.8683779091976638,0.2895961654152171,-0.8317323626841903,-0.3911127882037236,0.051363857109056124
0.6927159596534821,-0.07697762922769466,0.7477422028150477,-0.6267356694462141,-0.4683143404281126,0.1656458957696667,-1.4253528767340298,1.1199074769075918,-1.0739055779582514,0.8387135212795024,-0.8085693143168552,0.8395736333515896,-1.352910426439059,0.6100762840207228,-0.17787712588520843,0.9524529126318786,-1.2230990079223467,1.5161514148467545,-0.19345404585492362,-0.3064110834251302,1.9708619004122798,0.3595374140872261,-0.9888691146213922,-0.0007073592154310743,-0.060102560449522995
0.3827296082052471,0.26656509030378217,0.34810496485051323,-0.5480507779749585,-0.9092273642303338,0.24008205393134735,-1.3486035067480333,1.071674230281615,-0.6741585162146744,1.0655012861727327,-1.2882291406065554,0.8251167158252964,-1.1749822273881154,0.3318222346690163,0.6830955571214636,1.3591461807471081,-1.0696902684707268,1.6585067805522244,-0.10900307164681648,-0.34935639318204514,1.7583080080091742,0.37558543138323464,-0.9532907290566865,0.18321951138914971,0.011384813677624
0.6475273040140104,0.2618011494000425,0.20262760453071668,-0.026090750330970504,-1.516739447486628,0.1537823170082178,-2.0111327511314943,1.4446450945770235,-0.423903178735005,1.1358525774374388,-1.2770283586729587,1.1274925082831018,-0.9943353100443821,0.35166912235917885,0.8059803163164743,1.0404482745306467,-1.2947556389877297,1.8807167446320865,-0.3107908054190428,-0.7200151836167006,1.2269749975529838,0.6067239357412765,-1.0084508196541553,0.6645174194904532,-0.04197596516840539
0.7804604452421576,0.6721031348973121,0.4744547678000073,0.356123887494468,-1.299414137875757,0.5534587367242062,-1.4707400632305638,1.256133733196656,0.02129367235236429,1.1654613900346993,-1.223693947362421,1.0378383769539674,-0.8986346951754679,0.6557298453117957,1.7254677671829417,0.5995575518833255,-1.060225306647874,1.2902902376894656,-0.7962790573598165,-0.8083772129852403,1.3343266523773094,0.9493976472943231,-0.8072432126311162,0.8001077196822728,0.2613220745723438
0.7285835091050734,0.4514433288662725,0.42244643367265,0.24282655112762164,-1.2354865741297298,0.4472803524218054,-1.2310589025502228,0.7358600372879585,0.10229123850258506,0.8031223781340479,-1.13089500996667,0.81063911578864,-0.6738306060239243,0.4727304691570953,2.2283022746258783,0.5187625645850974,-0.16003625349052641,0.9827064152743116,-0.8068977636910724,-0.7890530627894066,1.0803337212740185,1.104026928255851,-0.14239188513789985,0.6446910259693251,0.1910290348294816
0.17432247932069025,0.4150615728910312,0.6551957008965491,0.13122059197752833,-0.9221899008582872,0.5300625214487674,-1.0798914663738506,0.5095937143260464,0.6954682796018153,0.3415269743678065,-1.0309693636094905,0.7858499470118802,-0.49207590195431267,0.4679916779747202,2.1176059928897635,0.28325991472637885,-0.0017147966765372752,0.4628048609037526,-1.1978206275881873,-0.6642803505813287,0.840133372556499,0.5314793623778158,0.38185571719904543,0.771090521814808,0.3124154803706022
0.21152199185813778,0.12776272125064497,0.519273271930674,0.37780597521432013,-0.48926972897592136,0.7932299794261496,-0.5961540070406534,-0.12433910243613028,0.9526383478635094,-0.22221428471066132,-0.5982706109490017,0.7570357224911863,-0.14845379525151392,0.49100061284831076,2.6196996857915704,-0.4847597867779485,0.057649132074915906,0.09971265357510645,-1.707467537565497,-0.2223050257448719,0.7931820412484752,0.49072089179424555,0.5908373372285702,1.1926926826270303,0.345467097688275
-0.07160141125252711,0.4210178755031615,1.0400424535157993,0.3743358844590146,0.009875179709029278,0.6593742273223895,-0.2544774479912234,-0.7756589842122226,1.1056101530354465,-0.8146534254683303,-0.0008868627602292359,0.08752278767021361,-0.03861791032795259,-0.029151740016380143,2.3330234522432827,-1.149632202861181,0.19904001322049006,-0.3497845517813499,-1.9213083463008727,-0.6239969129623868,0.6014919154155098,0.3463983389318588,0.8994484008450282,1.984484814630954,0.539482674422707
-0.5798027506520907,0.49822641050760724,0.8085631938952621,0.0724875105406492,0.6386161924034808,0.6072511700144401,-0.07365212514901422,-0.9992122160324732,1.3422983323065918,-1.2194366343784535,0.19962684711369125,-0.264031758052314,0.25698029421159624,-0.3504039937749448,1.7707738837476743,-1.7076968709397016,0.68000288439363,-1.038721229634251,-2.039703614167176,-0.6142475346784864,0.5650135417912394,-0.38765981521831644,1.2964838732548196,2.5383398086812377,0.10289689195322407
-0.49237422913176376,0.18868810656245416,0.7256490986445739,0.358745109603754,0.7433195468890561,0.7861632786856882,-0.09992317613325141,-1.2475544830433323,1.2607651636897232,-1.4839710481841404,0.5781501622836792,-0.07714742289010104,0.047169790825692726,0.04635772840131348,1.6025436512192799,-1.5708030469548688,0.7104599584140529,-1.3866292375003264,-2.0946777537916184,-0.19388213535740295,0.6950085596615403,-0.496708008139773,1.068862362654762,2.2256543081781315,0.2293435489741299
-0.5157059708347598,0.08557370847373783,0.3793046266917666,0.46401989282507955,0.6087961804118361,0.9767025500650783,-0.2783745130726767,-1.4543231052561214,0.9232751150215275,-1.5009259904880625,0.5557787148794147,0.05354810849476714,-0.02456337929698267,0.3595210227470636,1.574261501619011,-1.1154324438421148,0.5931458167883165,-1.3642291880725326,-1.9399913718502608,0.18588266677255696,0.7434537257878729,-0.5054712879998924,0.6201420045419606,2.2898470637316186,0.026483789617323422
-0.25094441451429683,0.19091487313378191,0.4009752059360594,0.052418776631923326,0.3976306982355892,0.8760484014452938,-0.1575150024406536,-1.6515287734849418,0.9416154349440493,-1.3584489040519248,0.9784544113025303,-0.19393659840030017,-0.1988844411619945,0.12521225272046976,1.6460953147172936,-1.0429337244745795,0.39920857911010504,-1.4035428540134534,-2.302659337099139,0.26812127589287504,0.8102907832744201,-0.4051794532811858,0.5540358177620333,2.191727072755325,0.10158503001389817
-0.5194595169731709,0.14300394712861383,0.7995572495877812,-0.3425730528221959,0.6215210852137915,0.47254796775790053,0.07661148102306714,-1.2678759649142923,0.7101289122114237,-1.5983622076572566,0.8393108093473525,-0.7747926277597517,-0.5014633183571442,-0.5983961435637167,1.225626011712181,-1.7049994620068238,0.16214616064918513,-0.9474103472875859,-2.202440877188941,0.127591201928777,0.5362357600250213,-0.7603644682176567,1.1107613571981414,2.4164237426462596,-0.13196592511179261
-0.9189160270174357,0.3542412056042268,0.6844829037408002,-0.6350774754744292,0.9815726539451963,0.3643631674387044,0.018517275626145552,-1.5000731643806813,0.28097985832428785,-1.755741341919394,0.6803830383334349,-0.7045994055477586,-0.870292092508819,-0.8627972474874144,0.5789012652347698,-1.4718484720432798,0.1689231673897491,-0.9390717008005753,-1.7613746594043365,0.601323846791866,0.7515707203975105,-1.2132760743258924,0.9714478494534565,2.084675376158847,0.475534120836964
-0.4949580088694469,-0.3634357729465921,0.7240473752291045,-0.5590195676596087,0.7164255849592516,0.2958160727057692,-0.12809424809081651,-1.1099370817587175,-0.5266903022932334,-1.9094957850875862,0.4940167200961905,-0.2203097883384369,-1.3685020287479566,-0.24661290224408666,0.6916484448609871,-0.5848758236466578,0.11599522025448833,-0.2784216163788377,-1.403030255822142,1.331538540249793,1.205112795077477,-0.7024179716429998,0.765937454387132,1.3545864161212624,0.17545332435446837
-0.36892398939444543,-0.27736198112217164,0.4508966850622864,-0.05257103885201718,0.6619710268090273,0.2404101256511466,-0.39897504204473255,-0.9822710894354618,-1.1184079075205746,-1.4415243562287672,0.07492004355233844,-0.008660564891404432,-1.5225543064670157,-0.251622871955158,0.24585308342576934,-0.20106307611977636,0.3570991494054607,-0.1154080730530033,-0.6638431703700902,1.229364543688407,1.1070467716508225,-0.5737163872064036,0.4187441222837642,1.123321515435653,0.24076721381667887
-0.15838249511103902,-0.4334767651167557,0.5643086066277971,0.4000637381395951,0.45891729620870947,0.621077977973149,-0.23482555056298932,-0.5262184697083737,-1.099891177866077,-1.0551200133856231,-0.03854519969292107,0.3618922570751648,-1.9488640771837153,0.18876611143847347,0.42450441252588944,0.19358312306442138,0.19448040477979178,0.3247117811040391,-0.36491970667580254,1.0686557580019225,1.2034145186640697,0.05630878403869399,0.06423939624252277,0.6955799921573065,0.3896859323219924
0.010935348210449183,-0.2727329824433663,0.6563373160069178,0.7475114976118309,0.31126915935318944,0.7563871122344299,-0.024680482594011403,-0.16072396261444988,-0.6356927674635491,-0.7998332488082001,-0.058567195244027564,0.7284763472146848,-2.0316978239634964,0.44292443430435413,0.7986506886174485,0.26043593361781453,0.41472378782326846,0.27208464936006904,-0.40086072985542165,0.6973959019260468,1.2583027035974088,0.3388432168546524,0.14833858515698803,0.5677349382923311,0.3465897329329606
-0.14651015472926235,-0.20812773561913048,0.6821694216109052,0.48067459596304574,0.20237786133551441,0.877579117948496,-0.056784949797826625,-0.21788018005420126,-0.31746158924472595,-0.7578638426844281,-0.1929083706503292,0.7548295683312882,-1.8702562133215903,0.6610879192906431,1.0634238085276615,0.04145354701900903,0.43295551675033267,0.07989366279411858,-0.46660086035273624,0.5169804475498644,1.0736599333075547,0.505432124273828,0.39898230888013203,0.6333584280364828,0.5276749600127332
-0.35693981531119623,0.2798199553105491,0.6772673813222734,0.10726865312514897,0.16862793010383875,0.6967635464829748,-0.281067135854822,-0.2495847156845397,-0.2404105289687899,-1.1343909567608086,-0.4262147573226259,0.7726111749172583,-1.3614485780280505,0.48638353189837524,1.3684426787735555,-0.11622012178873786,0.5514914322706632,-0.012961417493917222,-0.46625563766370914,0.38995859622016654,0.974397210229209,0.26665303665085266,1.0115029906180029,0.9421814505902583,0.18970005059948059
-0.37636036543665774,0.05375570926403582,0.5011008035317365,0.2589702481585614,0.2514665924609903,0.4648061331151651,-0.7408247007922364,-0.1984667972720398,-0.6497771849395969,-1.1100790015479136,-0.9682871211212369,1.2094539285536987,-0.5044042042568442,0.6346547647684825,1.5211147633983046,-0.18653025120394404,1.2160164348620845,-0.1389481202944713,-0.06092028854559152,0.053786792648046894,0.385671378095063,0.3296318847238957,1.269038596760011,1.2718389764472993,-0.26060338833218855
-0.46183513621774186,0.007351486015087241,0.6348118712206734,1.3500381994245323,0.11132064276879884,0.569898729478776,-0.6169306907363304,-0.08247347121060214,-0.5565335578271847,-0.5707313116294869,-1.097198182195381,1.181640582319002,-0.33769600180737386,0.889637669256101,1.5072721898937504,-0.1271385635803361,1.172785970107728,0.060361267396787335,0.006265053311632508,-0.190039213383201,0.03848613607643282,0.2169313877570757,1.2350859433000814,0.9701502565118698,-0.06200836393541187
0.04395888796549239,-0.21531043258576746,-0.03545225316142438,1.6543168212172377,-0.19521286385094452,0.5913792152967036,-0.7643671510748954,-0.34710219572748047,-0.4745765163976643,-0.33223303139765575,-0.9913903869650661,1.4704770785541725,0.1269845282599912,1.2985009222436852,1.7327934422790137,0.2921254417288653,1.9173903992662347,-0.3303632806756995,0.042836444973385034,0.26898423226038504,0.04435596130103661,0.8060090526111561,0.902048430133444,0.6157924040392541,-0.04523996370998634
0.44390630752036625,-0.20963791782218266,-0.19071725233304163,1.6654280044306145,-0.26794444112368454,0.4367469078592745,-0.6847139389070069,-0.677405841211898,-0.05977750179091614,0.12047621231116812,-0.24546757969938213,1.321505683285756,0.6391233937473547,1.4786320799180734,1.887421626900503,0.1762900732417339,1.6347461004910258,-0.6945737401821025,-0.48419970581443356,0.07602599815055489,-0.09954968502498937,1.1794357887986386,0.47639567248145087,0.33826641010474595,0.07006845741341466
0.7766753049793873,-0.3381853680924056,-0.261237102489577,1.4478745040599783,-0.27316646025177194,0.9633937676553265,-0.6534471796947848,-0.8437864790603484,0.6909432960566003,0.3172829878601774,0.8353572970104567,0.6192470701600445,0.835007078085849,1.4340063388215896,1.6395068036591325,-0.13280315778317217,1.0194767381526193,-1.2592231887172152,-1.1647409573847334,-0.09836025719552846,-0.5451560090428734,1.5060434388148538,0.16388900270331153,0.20257154829231772,0.2676653191283047
1.011346155531574,-0.072956925894247,-0.3338453253816662,0.5855573921818286,-0.33892637079890564,0.6351242996794287,-0.6548098701193741,-1.400707735864022,1.2078175989863444,0.8517306650071386,1.714473158409295,0.20728349729216394,0.7795672717798481,1.307046408013148,1.6645587491639084,-0.847269517448612,0.4571210933021153,-1.469233083184595,-1.7913134340585626,-0.5525199767173745,-0.5011950990419114,1.8570594099096738,0.4112074645641037,-0.04894690119637607,0.02571229255040096
0.7977991202358873,-0.1564112324348027,-0.2603791752199682,-0.37610348846754804,-0.3605838069343732,0.37465616239422556,-0.27038299760338463,-1.352359872508387,1.6373357666255683,0.12672976895749186,1.631172799914083,0.2069422365872229,0.6719731553676356,0.6934303412077721,1.0229543165706285,-0.9550980190793653,0.4451867601050295,-1.875024904175764,-1.8840502680899216,-0.33660165168803907,-0.5580817040658768,1.479396633098526,0.7796643192331875,-0.28472849922411236,0.18255969772008174
0.09402966425234786,0.005653379287300902,0.27200644787755457,-0.9413428823058475,-0.08553486073233127,0.027800150034197543,0.0365121846614002,-1.3785389791281468,1.8632851048173498,-0.289390605735378,1.574813291298081,-0.414596711093449,0.8322677489192938,-0.360909342258816,0.3982219558099135,-1.6098599343590825,0.7362847968264111,-1.9726721639821065,-1.715771535602454,-0.7820245529402673,-0.7808733144003509,0.8794448573756619,1.42596821795775,-0.13457172772682863,0.6161567721508043
-0.666071766631785,-0.2121343095458036,0.13878319042099752,-1.0141497100842252,0.1456361318956702,0.02849025548682573,0.11968767351173014,-0.8773285230556435,1.4983633860145862,-0.3659554386889575,0.644945579043509,-0.11295184995471952,0.7874898695387337,-0.11926602098767153,0.26475141420645165,-1.5684537684991324,0.8190430571220845,-1.743893446010474,-1.0033015668427316,-0.610205476553238,-0.8965570104666246,0.5651047227853199,1.6322212090465384,0.015781849511349148,0.30859001520550755
-0.28111424643743677,-0.730270247218378,0.12013703191513703,-0.5681702124185051,0.4532425192622337,0.2970681825680159,0.03367367847802281,-1.3862041801796525,1.4827403509839203,0.21185918992174516,1.043653362490625,0.29152419986274525,1.3133181285821256,0.9224400666689453,0.8582478737735939,-1.194585846112187,0.295304883267885,-1.5369572189035285,-1.2690563938053727,-0.5571146961757709,-0.8345501394729413,1.2577936403898062,1.3052294091585235,0.07308347314496547,0.30951340890004453
-0.12304063053935864,-0.6997504378574049,0.4522670420609532,-0.8260834552058959,1.0511549915179448,0.2617461695973561,-0.1294454030270971,-1.8020401030879838,1.3896464094802246,0.2963549514859575,1.1603725265390767,0.010249443822568144,1.5280503187806163,0.9879996956678674,1.071395705718496,-1.4944142487577605,0.6502646621073557,-1.6914130574705089,-1.6152065453688143,-0.8779536228627425,-0.32080851362131985,1.061699398106257,1.3860021183977627,0.3807329661034258,0.17280804579631284
0.019085197082730022,-0.7530448382117101,0.9972623547573087,-1.027865621382016,1.315860457502974,0.38077667777896507,-0.057851624890941436,-2.167327584760245,1.0252649232035265,0.5505244645585086,1.4156479718046127,-0.3192071345081725,1.300970009892458,0.6119459750567825,0.7620678512464162,-1.6330399969448888,0.24800019143845528,-1.3970682080904324,-1.8908995524754173,-0.9294764278431978,-0.26147608018101764,0.8016022516474552,1.232718710568073,0.5116596909763091,0.12996132837709992
-0.47876377066092013,-0.8306543510759878,0.9891870938247554,-1.3836519999482662,1.6523649230235213,0.3441189490893178,0.09194294431656447,-1.9690912032380579,0.7757100439611803,-0.01532528841958097,0.8663275961605928,-0.4911831285801567,0.607717961460808,0.21446622874074214,0.48171567811282695,-1.7792069038108762,0.16909845964933629,-1.068356435515358,-1.6676209162547648,-0.6822541696234696,0.0016868363171174115,0.5496545214662091,1.4225555245627919,0.7293134401986162,0.2851593849195029
-0.9307888801826383,-0.797256393314862,1.0679222525098162,-1.561234792882331,1.7370475954696716,0.30658905784402457,0.22209702111685709,-1.7245620152005297,0.40626730945756195,-0.608700860752192,0.5711027676277072,-0.3497395824176814,0.1020199702771285,-0.02173084060107061,0.21997939101878572,-1.7526360118915727,0.06155213923964539,-1.0140500414934202,-1.2989339254446497,-0.2985161645188208,-0.029916356969163255,0.37724768252964247,1.7393351619604387,0.9169716032435513,0.3735197963121081
-0.6135293874703059,-1.2804176184115688,0.9987965383320064,-1.6037400697288693,1.5028058366139787,0.319009831100129,0.37868062946395464,-2.020432819421936,0.16621454162533672,-0.6051338199557075,0.6139427007861584,-0.09496979466828978,-0.13221270935235171,0.6906635437132429,0.9113516258025505,-0.927377194761582,-0.07249111143012814,-0.5215217917420748,-1.3934184997666277,0.16960354602810251,0.25697286308170064,0.8404807820323524,1.652178322501502,0.7890879416351905,0.31470636951371767
-0.3512116078178472,-1.4639014984242835,1.2390762238913766,-1.0925897226402197,1.8198118291431913,0.5807256602996037,0.35055706583219237,-2.275845720155592,0.29568099501053274,-0.12827956105643987,0.9924059914408523,0.02118414024347713,0.013610043140675654,1.1105997145851696,1.189970429187834,-1.2289183914222723,-0.09380121780886178,-0.8637036345034401,-1.6618133696735602,-0.1747576628770982,0.32502782599731894,1.0088479793946987,1.28154692523681,0.7847101587763702,0.31218563076273953
-0.08213877917991459,-1.0518490683115216,1.0912723683571757,-1.4852966532628267,2.525152321388479,0.7581983921485348,0.21214668342778273,-2.838099914964861,0.6550116234066885,-0.2509289975671586,1.617987782283953,-0.6304392740945182,0.6192135359800586,1.0901454398944588,1.1178315368673262,-1.5404509340540993,-0.2528856648079476,-1.050027558003599,-2.4108283402636714,-0.24311965038507602,0.8272981687576827,0.851527073215388,0.7550302906042269,1.2138820791042861,0.6638546287135515
-0.5089231297849311,-0.6837257728690256,1.3071590123596448,-1.8157999604122395,2.7926445719008752,0.7881551107439176,-0.3610355217588464,-3.0638231895316617,0.6606626714331831,-0.5651463759445889,1.4784497139241788,-0.9952229692665719,1.0404561268364518,0.1105894820013324,0.12518727317598355,-2.3083897160958675,-0.41183604166312604,-1.6986801641884082,-2.1301395351647217,-0.8700981545703966,1.303844899515988,0.09580859222482396,1.0408323438446976,1.8302665370658957,0.3488399534124557
-0.8508717561855496,-1.046042265525615,1.6809822593364874,-2.0712222365689485,2.996281843650452,0.5903680764959466,-0.5443542927282357,-2.9395458863036827,0.6027537894171168,-0.7319697137938849,1.0861885793310986,-0.6473170309814338,1.3773973181274632,0.026206219122533687,-0.5997514905768936,-2.062452218685003,-0.5788441217904846,-1.2381694999341668,-2.105448661610015,-0.6893368208445114,1.7535197166858227,-0.7381364875672481,0.8647918152341058,1.8930629686528446,0.32968899647379823
-0.8565078369408843,-1.00547724440505,1.324689724786217,-2.06555542575422,2.8766030948970216,0.4355632839385946,-0.5733224241144069,-2.767494692620658,0.1897344445294245,-1.0853952428222002,1.070126992491507,-1.0851390845021736,0.483083127570065,-0.30549367222493523,-0.906638206828556,-2.1355428906138947,-0.2736696521570717,-1.6303240132064198,-1.6767319384051418,-0.44199432098288466,1.9067180325399957,-0.6973369399702423,0.9548583913306374,1.8055180722991864,0.17353770550341857
-0.8688946928538817,-1.0509823866439785,0.7512582635744854,-1.9328397767826113,2.8111347596053684,0.2208458173456653,-0.626098075812807,-2.7927319296908797,0.01548573290205841,-1.1098831853118234,1.5446056204459653,-0.5590434018625886,0.43578711053277636,0.4339888680937535,-1.0472955528309218,-1.4447652250828336,-0.171202882221988,-1.5331250027735992,-1.3110267999752363,0.24584204746863417,1.7430709576607322,-0.34559299477974076,0.7253338556181462,1.2882659711207138,0.17932575765481876
-0.4958179390920006,-1.221552787425709,0.7432771547040482,-1.9551096503063576,2.679380884855951,0.4582710969505315,-0.44133316080315577,-2.9600245127650977,-0.46284047182181665,-0.8742702698790381,1.3483487318110519,-0.7455419629793429,0.2743685469708813,0.33711008964836847,-1.1588088118179305,-1.1410832573090794,-0.7016921861677476,-1.1723016406619513,-1.1945179198179912,0.28664682078099135,1.6106322114196432,0.06553188869358995,0.7044948259147528,0.8940446688024898,0.0462208484535952
-0.3739429333984584,-1.162264206108664,1.0379284841741467,-2.4170558393691013,2.679203258344128,0.11727299092979478,-0.712904359194226,-2.582014164719951,-0.5103424828084077,-0.4781656920563643,1.4180402037106012,-0.7264958630501772,0.05726053580632719,0.371586726033227,-1.60235615043117,-1.377379524139245,-0.9546327759262696,-0.8870171419245224,-1.272563204287294,-0.03269593674969586,1.79641469754027,0.052596012557032806,0.5730690641538538,0.8770160035106156,0.03187029930459777
-0.2819141165688079,-1.1241479000712158,1.040116887020568,-2.852040153477084,2.8480935977945347,-0.22425891580306923,-1.4431097575320553,-2.6207364615402047,-0.4369434374454977,-0.3760877292767111,1.51652424139556,-1.0363251189810743,0.004584299813874093,-0.03033714065905102,-1.5857908559966338,-1.4806495331345393,-1.2594884784527343,-0.7505663194178711,-1.1920683903332812,-0.23985578403312902,2.203651365331418,0.09141407274843733,0.5160347977457955,1.1050471690227326,0.22137955905945195
-0.13057552173080017,-1.4854692619911056,1.06830641673408,-2.9176760950724008,3.2226019047856362,-0.4046044232720486,-1.2646610370799647,-3.001653481094953,-0.8701661104704361,0.21703688567172674,1.4502206184905801,-1.1211060693639139,0.5949702250700726,0.17358314416971715,-1.4438164070304167,-1.4918118887000105,-1.5024294532707094,-0.3353536783241924,-1.2699989960756197,-0.3768236886714422,2.509904224072633,0.25358599345704136,0.08805561166055417,1.2767776469606809,0.04915245452257108
-0.19659544888655173,-1.5761015383722214,1.3439570221227028,-2.72020854953164,3.4209596487599985,-0.30052120531474025,-1.0032026907342682,-2.5972095127549757,-1.2861382373774228,0.4945714943842771,0.9932271689702139,-1.2346474158274392,0.3597810648063272,-0.022988107517190964,-1.6781057270604207,-1.7959813394150261,-1.649640625460536,-0.026002045432528487,-1.1345197482403777,-0.5722319726225317,2.412077115986574,-0.22785108885135275,0.14890478028614418,1.176948170406816,-0.1496576393299623
-0.14497191034124315,-1.530842875933052,1.1860393072435675,-2.3654625935281968,3.3268467301416647,-0.13173905672544428,-1.3571813986622197,-1.8178770031241815,-1.7091510241734316,0.057310520195862344,0.6824545521198717,-0.8178981769815632,0.30393501579895776,0.1612417986786943,-2.3043543547592042,-1.0263114145538743,-1.2052299738544885,0.5116667177980078,-0.31442240543083555,-0.1653690981929891,2.2886906005308987,-0.38034434460458993,-0.5317417475022393,1.131227325312139,0.027678532510869047
0.05943954582172534,-1.7588788303599991,0.5879711010327326,-1.4459510338357275,2.565012575913317,0.007970164855513356,-1.5561502826679146,-1.624047802901647,-1.9754777892845303,0.1847241617649097,0.4125617309930164,-0.4577780747011772,-0.35248666171538967,0.19258894629928772,-2.844387273267356,-0.3236516241903557,-1.4416086603040983,0.44566022985759196,0.1776388707393766,-0.025313369064990876,2.716343452320063,-0.05317869587265328,-0.7944647056919013,0.3285080102338396,-0.18164483305488138
0.9317480004453053,-1.4625167050482724,0.18584463881407606,-0.42292008793038377,1.6266994325346826,-0.04181509850738528,-1.9377844848233678,-0.6705288682262162,-2.47299744896632,0.7057368202281741,0.41315059300549745,0.19748579550009537,-0.7146090423777774,0.731466457921202,-3.540941879793088,0.06501431776367941,-0.9511794015641195,0.46191324809102086,0.7039993931861089,0.18232883595449942,2.753238379722852,0.29611146340565214,-1.636877207748791,-0.4877006060272472,-0.4452544984660487
1.6228264111779969,-1.2738773776538534,0.07977162674940048,0.39828659576921044,0.366936066753336,-0.003028536780624466,-2.1937652244321555,0.11386416112785058,-2.0747498646755735,0.7741669830026762,0.7857792852960305,0.13398913402414447,-0.9781754506645863,0.08496879572290206,-4.1782160277162195,0.22465927032725805,-0.8449355732032013,0.577295644815605,1.0767499105814013,-0.14563344983594428,2.26888348477193,0.6270197968038143,-2.194979872501171,-0.9974692648378696,-0.27694708399440315
1.2748064172689488,-0.32990482913738267,-0.6489842293073339,0.6797829434637916,-0.6026495741272831,-0.19807418519120942,-2.050601799377766,1.0625599720918713,-1.0820469360299696,0.9593765479612031,0.6712998364195008,-0.09804980101433938,-1.5823853019670118,-0.7825840812772316,-4.233771117880651,0.2538412302409338,-1.0188131685283155,0.21806184420871602,1.4646960422985784,-0.11134198397474637,1.806753521953751,0.37689066937700044,-2.420799833441982,-1.4919589808312597,0.050847678616109004
1.5403346368911544,-0.24275112711747504,-0.6586544164717685,0.9514634458741523,-1.3771429946815794,-0.2545808394564936,-1.3083716478597822,1.561464540532713,-0.5601779612878365,1.0573209076238212,1.0926680009066947,0.42448499533627715,-1.9408199459564468,-0.7163661885001984,-3.5752432784847583,0.5650769584441072,-0.6128290498037583,0.33939934030510277,1.1032690544271473,0.2924127691991255,1.100036875573286,0.6952041467369677,-2.562364377082305,-2.060386998710536,0.3824690490287786
1.393243061017605,-0.1129485139283817,-1.067763204251977,0.46569099127895924,-1.7759854007493547,-0.18219561306672347,-0.5259184454297605,1.5991995039195808,-0.0072799855724449145,0.7614735842716192,1.0002405345219683,0.023487292855248393,-2.4780838405971544,-0.9807335611255897,-2.785018527708669,0.771789046200903,-0.6219355995732134,0.1751120677479765,0.9729293705862416,0.3525628743538548,0.3673957136836282,0.977605487583638,-2.0398953841175897,-2.1763755044758586,0.42262136123705607
0.8809501019058831,0.6435870424593412,-1.0216744400462434,-0.12637095851587632,-2.356766862385484,0.10727554461948956,-0.5995856474946478,1.7688089992341611,0.6442247928904759,0.44061334043905764,1.2726485297012888,-0.04040578482282303,-2.944115760272202,-1.2545344220645516,-2.545073250978401,0.43074782184362137,-0.9717532048075223,-0.10519928288685071,0.7405736098177486,0.270642930354532,0.11650975872192257,1.2196888176917984,-1.437336389322613,-2.06921110913847,0.8197149998241113
0.193158539457318,1.2730510478291301,-1.2345529089328857,-1.0660215630181797,-1.7946504875156244,0.22167320167378504,-0.05223776075401568,1.9401980031277466,1.247396435132667,0.0684269894652317,1.5236472838643687,0.01474151354936475,-3.3085087201837227,-1.0839827353331857,-2.1264302652923437,0.5371798980398765,-1.7989154960543292,0.2410338750952619,0.3071579557651341,0.0772085715374819,-0.14463048287433428,1.2715969873388655,-0.8805991841066928,-1.626926064267571,0.6472421728194255
-0.3516497986833188,1.0307347050949582,-0.6929891966348849,-0.907218266997898,-1.630849566516277,0.25349774514388734,-0.5511951912714856,1.8329515155817007,1.1695632292197453,-0.3040395792288185,0.5437167346346363,0.16871888355867737,-3.1355117900756064,-1.172260100946203,-1.9079801677211843,0.07803393609836307,-0.9953036388928906,0.0981680082095947,0.9396726134846255,-0.2727595227349085,0.33945994334278157,0.9645700751925071,0.08414431429271474,-1.320393243275051,0.6223942721049069
-0.10211078150547327,0.8384814668100266,-0.7518902023752799,-0.6349074249982986,-1.6621488820237111,0.5319301399003863,-0.6946037277872811,1.741197043734246,0.9397817991282522,-0.093851846730926,0.32204957371034637,0.807499540583094,-2.842992662396271,-0.29330946848265305,-1.4629622333798908,0.7552135235095999,-1.0295646116813442,0.33816008853963686,0.9335162476143529,-0.26609189150361406,0.29817152274189,1.4454092849974332,-0.09864137020319028,-1.2156378566029602,0.3710805174939069
-0.010241167734571538,0.9443690896343837,-0.9990771994767214,-0.6094667596316697,-1.8192294493044234,0.4863377487691296,-1.1428269671277302,1.7567671045672282,1.207809064080579,-0.10549554307519612,0.3795984749115483,1.058933057541086,-2.7462958960355826,-0.2927951764034583,-0.9180407102215865,0.7947004092853991,-1.4547517149463036,0.6138085405583549,0.8430092946684596,-0.8054386207602793,0.1484860930331603,1.8540553849418584,-0.04169787419935628,-0.8332575336399235,0.12324320165490016
-0.507566405953123,1.2690467583310052,-0.48746974675185833,-1.2597104206904606,-1.6924926410050891,0.5988974885050682,-1.4101616456584938,1.7353941110754847,1.2738185498057324,0.143727740177825,0.09188142497681422,0.9253063047638359,-2.6440627001318298,-0.6401625007021544,-0.8971448282450153,0.5969630999445449,-1.4968030825458172,0.8625202693116705,0.9430683144413734,-1.1353390805911125,-0.04817941415981328,1.9452710106773607,0.5428815414997724,-0.323434613677404,0.4280486741320392
-1.2162095227353547,1.368898505182011,-0.5352772689689662,-1.7105303041904547,-1.0456401794756676,0.7446030270706656,-1.6847484077188117,1.3907736300993303,1.566973870182669,0.2020173728416224,-0.3193794612321976,1.1901828416539038,-2.1366623660062505,-0.18418381769798628,-0.8393581891864437,0.7042962693910804,-1.8721153607611194,1.0212715238814807,1.0771187689689614,-1.7958252689036476,-0.21417573688648028,2.043681432205316,0.9719891627736948,0.34257705195217214,0.3797194052435835
-1.2235608218124936,1.3193278326901927,-0.6957539082664632,-1.6517772412192129,-0.4129102134146258,0.7696443298705998,-2.006784871030031,1.5629087249165423,1.2420922410200537,0.23335902648558277,-0.3845030402570875,1.7083633551485797,-1.4037055065917414,0.4392032558146278,-0.4492314145499324,1.0195841274294006,-2.179200960956162,1.1856297499229314,1.1585541519410736,-2.407171347137893,-0.5155743343976631,2.4543993850675125,1.1639645201235271,0.5491893098457635,-0.27712703199455685
-0.8483678252572531,0.5329671918298265,0.04875472510255341,-1.1232602330803174,-0.5829732366677778,1.3984023981916032,-1.9862311170352278,1.33193754436476,0.766711722295929,0.5774584210282827,-1.3031330258514784,1.9535301748858027,-1.3769782844172431,1.1566512512534852,0.017417348201870797,0.8188768460579672,-1.9244167593723247,1.4559916981664218,1.1105830173982907,-2.252134009765572,-0.31375181227538657,2.7635922873037737,1.3821227555246385,0.19319839650786164,-0.28320352117844527
-0.5530940998198274,0.04115461887836123,0.2998175188585791,-0.9748004432904843,-0.723591130973984,1.1791450152219627,-2.4304321412632484,1.1371546399706205,1.0133996206947218,0.9010469534225967,-1.2846642455706114,2.2583739799272764,-1.0598124453109958,1.0366379951190317,0.7270328684757678,0.7969295876943929,-1.4576515883672616,1.5484170892246876,0.717539410680736,-2.3739113396529405,-0.30141643858959155,3.027500353986782,1.4163084088644915,0.34101199896669526,-0.10175857977186537
-0.6216559398510992,0.38369789771795093,0.6084805369970956,-0.7587178399909685,-0.37187147886137406,1.4662053872513663,-2.1448007780843907,0.7768015431260633,1.0216906054753256,1.1143250311482233,-1.403626931988256,2.1567810385405557,-0.579965404292505,1.3557872214513889,1.14471425826602,0.4529375710950207,-1.7578375183874355,1.5661044706611613,0.41603313441231615,-2.6604889970906087,-0.1918757747409791,3.1846857080139186,1.5866584103042076,0.529141245832068,-0.02914040904786777
-0.9876938647564225,-0.0276045739591302,0.7261603795101524,-0.9673498862965756,0.0977914864731127,1.6187044841251872,-1.8172652516624983,0.614151722352936,1.3181139593445306,0.7710256109069569,-1.9092080652766406,2.173395812835534,-0.3738725769335234,1.2776105996413265,1.552044270606437,-0.023068963693828316,-1.0859676037085304,0.9563040273776044,0.3128348739693429,-2.7797788105825907,0.12821854363111973,2.5304707844643657,1.7369144001777759,1.274666573342782,0.12168550149683233
-0.8265490057261828,0.08088511464030523,0.9580872311381489,-0.8756048309278791,0.3854733912133845,1.8403347827017322,-1.5893460935432802,0.13031889400971597,1.1982388198180738,0.35085528188029813,-1.491444810517788,2.085409309222733,-0.05343160896308706,2.049112065132566,1.6915364875264247,0.25535061100076906,-0.5374132208127529,0.6988768444042163,0.20710834353303825,-2.1742652865068597,0.6809504946147501,2.6048397707512922,1.9957923717983532,0.5677585788232662,-0.13201107286924865
-0.9650145660539874,-0.2561041950969838,0.6346201978903755,-0.5052276538812144,0.6981681219266449,1.8996719298587597,-1.3165562435309326,0.15728601065125059,1.3338009848809993,0.4189344594449093,-1.889196535815993,2.496783204069808,0.547632376970658,2.409003341226182,1.5864956429329768,0.5988666327637623,-0.5085262754628089,0.4626313515662672,0.46420688458622217,-2.438958635778674,0.8011137344596558,2.145786508022332,1.6156137170986435,0.6696891251029717,-0.2067035061954156
-0.45675062582146475,0.15832019775358958,0.6603055275802705,-0.16669610042283295,0.2622381429855291,2.0347872075292823,-1.9831753071570775,0.09649784583974454,1.2079762566297723,0.12857463395532592,-1.4499626882578367,2.4875397980252503,0.6450767053912528,2.317861700368762,1.3692509746337393,0.39576026720512025,-0.2747056243760537,0.16806220620292547,0.2513671685638881,-2.2615944410437816,1.0835495317104287,2.213477569225036,1.5235868070502838,0.6261698640040724,-0.340232749161077
-0.4406417281654027,0.02740085362901226,0.5021500335529937,-0.09478089940985894,0.14434963678049176,1.4169706888123967,-1.7539688937023046,0.2603678666787442,1.0478973978510773,0.14962956674361022,-1.424688970183229,2.0606271181361357,0.5588666082031051,1.6855884135452812,1.2134631306217512,0.10976065103371263,0.1843313583059315,0.008093799205613067,0.0485636257702454,-1.9095634428996382,0.8956355747338591,1.7042714550543927,1.53490533175916,0.610015937790694,-0.24518556881338507
-0.4916165228371154,0.16635372773983312,0.5688695190124415,-0.303195456808903,0.1635776387092679,0.9195620796637419,-1.3247159989816435,0.10486932807825179,1.076355297386355,0.10216692262801762,-1.454851083977513,1.5794350297765358,0.4963424048960777,1.3569864451457228,1.6911840216519665,0.32320735624318936,0.5580370409221028,-0.0051989755981145525,-0.202449043474102,-1.603118138272996,1.0555595817841272,1.05463568816208,1.5254408031991709,0.7140143888789154,-0.2714222000412767
-0.44742678870304964,-0.06352578422916935,0.7582980225013255,-0.34578948743026083,-0.1045988372549152,0.9698467937176596,-0.8720156017756554,0.2953813280703458,0.523281200364805,0.41662522988410594,-1.8614144786958062,1.6030907004601616,0.5056154470227624,1.5898886739833429,2.4123265336435793,0.42733027228782766,0.6123326111821512,0.6281049999208791,-0.3818633644327731,-1.1572173710082205,1.1661558668640948,0.9636189155885695,1.3537069925972864,1.0266394790130842,-0.6249054090383948
0.03481530371147312,-0.19737989626975694,0.7413305046442421,0.0006492267814211528,-0.25061291404825325,0.7118814236300743,-1.3668408964778265,0.2217173942765217,0.2189598623509861,0.8433239955613334,-2.0157186930223134,1.702996046930591,0.7309926320281712,1.7179486668605253,2.493650224595497,0.6343242269605649,0.2052959266818722,0.7116617156546832,-0.2904656533681717,-1.0561790602828283,0.9478183290696438,0.6557225404342899,0.882146794861205,0.7711866749460132,-0.05537130370684433
0.3680043513364683,0.3052550708677713,0.8463844130271935,0.02443115602815369,-0.4986510695830586,0.8033518990993962,-1.356627670657942,0.09234962757830434,0.0988082464976416,1.1675668451326358,-1.4575408922222857,1.3252892906694784,0.6081610523455176,1.5209371343912539,2.5763287319689474,0.4948914354059806,0.16113155487788972,0.6748104447447065,-0.9163019104337188,-0.9348682815946198,1.121680463658429,0.7863118481212922,0.20025412163984527,0.9267700355710177,-0.11045429705544565
0.22966464688887148,0.520019816198686,0.7805957238743806,0.16144487925441703,-0.3288278160962226,0.5239709931370125,-1.5303755631304086,0.12508024209200572,-0.037761234143538665,0.8728329104369257,-1.4704932631316017,0.9363365482233712,0.516574260966254,0.9036314343303258,2.3696561963015745,0.15847959632067588,0.07940805430979503,0.9176240514716874,-1.034277426305952,-1.1096532232255722,1.0471625312305435,0.5410944967774152,0.49046577380731154,1.7459231448032808,-0.3070014387138306
0.11472980215409137,0.2550788331714251,0.9870627247115943,0.3280161829545283,-0.9138258971124477,0.47884475718714226,-1.5412975509792863,0.48364701793615794,0.05611428044885773,0.38517799203646647,-1.8120492884848765,1.1182758427170556,0.0875723705301962,0.4518947812240526,3.0396102687620785,0.06547770299186777,-0.030540791215184354,1.16471506283058,-0.9824185757255434,-0.8717561586800945,0.6048131225353559,0.5888679606344436,0.5740893601257646,2.017070063649648,0.10985697871668443
-0.1703649051238763,0.14886585653664675,1.0508425855074075,0.2850441896393968,-0.9687079609767151,0.3441051786383986,-0.949669381943104,0.5617900835355412,0.12016292496609404,-0.10418164259023768,-2.047382945078834,1.0415833497650135,0.10401344219030709,0.13814639224906836,3.4898912687930985,-0.23713306595357592,0.09831595452833237,1.286715654794972,-1.162843840116527,-0.5712624438882516,0.2448266200209184,0.15016376409639165,0.9201592389350002,2.543178537488905,-0.007675891322156098
-0.41667485186401254,0.3938230397332676,0.8381881172596483,-0.0311987407351956,-0.6891085346951163,0.28863699397884157,-0.6189430976258354,0.14173575280308992,-0.14582500749068586,-0.9913706186934909,-1.8934619162752775,0.6474902022331372,0.0030111423313105823,0.000966438987074443,3.524249260405936,-0.4443804276783625,0.9117802571184328,0.7936709636979474,-1.2748747951730792,0.07363969699673065,0.345570193857643,-0.25085836578128196,1.6628526687520697,2.5096699502869093,-0.23252847458291342
-0.8785346087584052,0.32519309622731235,1.1647251078305552,0.8671174415855186,-0.09131462298391364,0.21059737823164418,-0.4364283559192741,0.16613228948922432,-0.2201950130392945,-1.7204450784476106,-1.7962767133024915,0.8118443722686706,0.025401940635855658,-0.30803326565032857,2.5631582562948534,-0.8596818723924128,1.615804728152588,0.06344505172931428,-0.77688118568806,0.05166497290726462,0.20027448513790302,-0.9608115676461625,1.6282272018945088,2.6046604784912577,-0.14957777131138028
-0.7205089979795896,0.18573313630164773,0.8560726379446105,2.0092375699416976,0.10435058195119758,0.7397781011269888,-0.3981328744719957,-0.3084446145727236,-0.19225444513903484,-1.8061958041534054,-1.0834790392149025,1.35170814842733,-0.12800363697740458,0.2741672732370346,2.176053935535764,-0.3943095086624881,1.9453110090017183,-0.3541984090098993,-0.6501934401982763,0.6476214373577323,0.37491959434047034,-1.0672499941613778,1.044549422972721,2.194564101270058,0.07948193860639616
-0.14810784801665183,0.07761860053505912,0.13770771280019478,2.951154220712323,0.32973680389596427,1.4314438051165466,-0.5845935452370865,-0.697935572834377,-0.12413152623121673,-1.8020760076865574,-0.39215970180000553,0.9832262717448489,0.2220697769089014,0.74800473595851,1.871786257183937,0.0566409888619624,2.1904019346415207,-0.9450920387773143,-0.46893161234637787,0.6773771281153286,0.5148158657401364,-0.5659492736288436,0.31731947746371325,1.7100580859016756,-0.17029516370078068
0.184883080276137,0.23400623307548052,-0.5232735560668,3.100544337645469,-0.3719052271838738,1.3304382512521362,-1.110112210645815,-0.48679082895962245,0.13052402011509467,-1.8761155926595572,0.13226566599822173,1.3440114661070648,0.264231029344498,1.2814056228538706,0.956788231193004,-0.005807678185452737,2.2654244094248766,-1.3215740960608338,-0.30798140567468374,0.595363157557041,0.9027566282188911,-0.19353175026221875,0.08852506210244453,1.7391763587360574,-0.5242422182728387
0.5599657563395583,0.34434924172649295,-0.7492970503513219,2.729721297252475,-0.8931600499121485,1.0789469910545622,-1.380508522436607,-0.34350601104175305,0.44876747199898853,-0.9635605925014664,0.4213534988530496,1.071229453029222,0.1623464874346472,0.8287011033784815,0.08729268326709394,0.11209567125997419,1.868332056133361,-1.6658480640321212,-0.254968614981393,0.3627891446222931,0.6758511104343493,-0.12135659042381465,-0.6320309374513392,0.6803244336279434,-0.178900433263851
1.3161274779825662,0.5703275828445542,-0.8660389446747557,1.8773904420475405,-1.7805648726298375,0.8999773805799414,-1.4850988195104038,0.12915353178121336,0.5085319618569303,-0.64626316465252,0.9702843072470727,0.7685300426654368,-0.0923155915448031,0.4927617699446051,-0.8189925531821406,0.24351965062596953,0.9719572808910241,-1.4358769999207674,-0.5033185527489333,0.3838805664325944,0.6201296449090088,0.4511480532056669,-0.9269859846048338,-0.26296376874617,-0.07997597133172962
1.0498721356413445,0.39360170600108807,-1.1682427758404121,0.7332012265336892,-2.1023859336826756,0.3843468641672681,-1.3072672143644073,0.6289651467095699,0.612792897938587,-0.46374880567841414,0.9179139223059749,0.09306979652891989,-0.5248262864142665,-0.1970767242961369,-0.7623238093688842,0.4490806353895938,0.6229011450352131,-1.2753630587653328,-0.05573878320489088,0.4313604092700067,0.35350150002996233,0.3383782455097514,-1.0597496471504835,-0.9669552982576777,0.024065319370955702
1.040207649754552,0.5201191620067056,-0.8406876204458494,0.28630801126986455,-2.0042495047223534,0.021207274510741184,-0.7858081675826342,0.7350653686139241,0.7403802565538219,0.17413356825612952,0.877219756871742,0.18117416595756375,-0.5870676601089339,-0.27470712935318037,-1.2228700644513832,0.29821072928067044,0.3282105195248926,-1.0016317386467213,-0.0039031922547032626,0.1807202959179596,0.4276427234708738,0.5844504725070376,-0.8918879600455805,-1.4438909660528054,0.39689628257219317
0.9428712520073347,0.26811060903791545,-0.7168890408283894,-0.36514554045726555,-1.9301704115034333,0.1718787592903599,-0.6939680175155977,0.8216037923946797,1.0019660200895673,0.02992330918963071,0.9794508804178796,0.47696908748164607,-0.6468213595112401,0.036811860046708236,-1.2875240641630943,0.23870047681151102,0.26959658056114105,-0.9689919745135647,0.08422897967633719,0.16965667408989618,0.4179549468708248,0.9545463649998776,-0.5373775559097758,-2.0244505151239167,0.18129111777116289
0.6964212886387626,0.25957574367833547,-1.1240814136713755,-0.577429454725597,-1.9780182495623213,0.2608585632577375,-0.6896520475960188,1.0665685858523783,1.2954627993367827,0.1363042514197427,0.9036716797829294,0.5032195451034953,-0.94401725678732,-0.19333546377396207,-2.03689151542546,0.04453973322126332,0.18448863804240145,-1.3187256697385057,0.648585109253351,-0.11575936359978216,0.2521213321725232,1.1754726668465363,-0.2812646635520014,-2.2984597731504817,0.19993776561390372
0.39853530405870796,0.3787865818452721,-1.026719443290567,-1.282793845075664,-1.8794269390484601,0.11394267103454066,-0.6798553871797857,0.947084699227834,1.8295333659735817,0.3552346640822844,1.0329078650491792,0.495059752966165,-0.7707103276658429,-0.19470513920347682,-2.341379880253549,0.14296600334438483,-0.15788490597067328,-1.1402768852560408,1.0126044053531957,-0.86395636200598,0.02016989831358526,1.6685905139986068,0.20443930189706305,-2.606340560500821,0.12260210525434126
0.07050865651224467,0.008571758478204048,-0.7752235045842173,-1.297345514517623,-1.1362031357668434,0.3432854996805152,-0.4612070226229855,1.0293159221507622,1.8082863884683507,0.6316861006509679,0.8106170214378257,0.7664845848029009,-1.0507894633510806,0.16148480855509958,-2.634108502086455,0.17429176559694728,-0.5630483176694178,-0.7793729440585115,1.2315571595502293,-1.310955971158252,-0.1504782513332346,2.147261612251191,0.4005120082773539,-2.641932248269406,0.3219846369523466
-0.15724979126432453,0.1925123567897694,-0.376086233714499,-1.5432647532818045,-0.6725530728452412,0.7469701338337471,-0.5426367170518989,1.039408160201585,1.874453932406624,0.3665092665584044,0.6532719728323807,0.8561290551290198,-1.4340578090377354,0.05376938501561612,-2.587127275069566,-0.11797376310878066,-0.684376662618051,-0.6033811948126159,1.4835525339206488,-1.7019108223785637,0.15331327752426693,2.7261340264543197,0.6816790818098749,-2.5622186294605607,0.41301606881286673
-0.8880883293335641,0.33145481490531886,-0.16371767924597155,-1.5349786040520021,-0.22061236468327958,1.0682633743954528,-0.3684897759169877,1.1043764551917266,2.233915919842103,-0.27399877699264946,0.5377137879401046,0.8716774296906264,-1.9907796839172396,-0.07321402954961773,-2.833927575280815,-0.5172077222145802,-0.37142077423156766,-1.0275531119434513,1.6422180615870678,-1.8615335851090358,0.4325285233685007,2.1441239783537283,1.2543307165328383,-2.0757955181355228,0.46134727966559197
-0.7456962108738436,0.18054735373993852,-0.19882651165902807,-1.2293055078199728,0.08087475946433662,1.808871426209452,-0.5189639165354331,0.4140823161227046,2.2556247768640043,-0.7374158551944522,0.590129678338004,1.508221465874159,-1.9620871670592555,0.7724366049895721,-2.3017031940680743,0.06752391468273894,-0.10173668394636604,-1.0747784503611277,1.2220174530650485,-1.4936036985317633,0.9264793542342935,2.451066508770929,1.4156972308316125,-1.94172198341804,0.43559539860925367
-0.9073039456577237,-0.15251002293987523,-0.45939069428693985,-0.7317659568835664,0.7070986162944123,1.931304620852661,-0.38736558753714323,-0.040492841827218046,2.120401643986819,-1.0654981649057418,0.6706778319441845,1.8667171281713388,-1.5990190047798933,1.7434571310563443,-1.5292749519704172,0.3704167707684194,0.46581541140856486,-1.4438213992864743,1.4754299905190364,-1.374121831986993,1.1872430897909985,2.659069415979233,1.569027054653883,-1.4790777244376887,0.0800016808897029
-1.1367221628144586,-0.20050728433756315,-0.027657328031055806,-0.8008426140488921,0.8070288329748097,2.1253539188756703,0.14364620631473496,-0.08198885047994275,2.305436060647693,-0.6109267674206381,0.05468989625349849,1.8097395351514394,-1.8010163470165699,1.7914787713916924,-1.1314899400848912,0.6272309401104103,0.6403354931695631,-1.3673686583124685,1.3355093737404324,-1.4356470717128575,1.446970360260307,2.4937921484346806,1.675153065700587,-1.9897578497938977,0.3253117325634457
-0.8007518931463483,-0.31991945680875344,0.24813623938342325,-0.6459972952430344,0.8258755375002514,2.1546156127322083,0.30101786423682764,-0.3747180632824608,2.204392723304998,-0.3806073293847593,0.20765223418590525,1.9040357954238651,-1.6229753580751085,2.132146467739698,-0.7196304566314091,1.0373699837378503,0.4780146361763857,-0.9981222925056106,1.3708523851062024,-1.6868727952735896,1.7102943059010527,2.771521317086155,1.5494263308536207,-2.2118113568855526,0.3914396954654018
-0.6931447865411103,-0.3967451431566153,0.12288788648437707,-0.47466742001151857,0.8909173954790852,2.2853674995112057,-0.4453043882870722,-0.0683595441512341,1.4715117595670282,-0.18294157317356596,0.13135190816800318,2.1066301029202292,-1.5703662915011447,2.4105983425564816,-1.0028892037224613,0.7302593809212096,0.4959783120433857,-0.9267703538809741,1.3577302608869433,-1.3416728923745367,1.3679062406392868,2.754861078893079,1.4198146895123442,-1.8784180676100195,0.12935967648008692
-0.47967106390739084,-0.6092552551865931,0.06834778277062813,-0.6321726023156887,0.7545725319982203,1.9425161265269193,-0.6816835167261718,0.19244230104256688,1.439692478806406,0.30199088695399157,-0.06344442252031474,2.084858082980587,-1.6491588251927485,2.2773683909822817,-1.0482204403500226,0.7507196903186865,0.12490512675173261,-0.5245344273807714,1.35823749063213,-1.4829947086107578,1.2885457333201773,3.0415432364653494,1.363596681355899,-2.137675670446639,0.28002580261794185
-0.4151666282435612,-0.22165369380198824,-0.3156652733402748,-0.6202375039609301,0.500742150880435,1.8898673327159008,-0.5578013141025873,0.1930800496179508,1.1403873172705896,0.179981902607246,0.09555043629846671,2.056319563803218,-1.5429057500786107,2.2325747355546475,-1.0513104337288293,0.9329184528556251,0.045552183589307516,-0.44039126609610707,1.5907514319569946,-1.363719060282525,1.0161480813168289,3.216745556471718,1.3481659703436935,-1.91542944359145,-0.19653856241757323
-0.33901707617934357,-0.6231043607032143,0.04188510274473208,-0.6809289227701856,0.49530858249675286,1.7960730411488357,-0.3094155383250264,0.17385378565560314,0.9472703835820332,0.5916068999135533,-0.010253424036228023,1.9646779738677218,-1.764660893134078,2.1900681921585936,-0.9478625564089059,0.9277571719224723,0.15539833935921676,-0.2900275616029435,1.4947996017860992,-1.2280345788299083,0.6035358319040459,3.452565809793631,1.3628069390433626,-2.47951426072747,0.19443788741966309
-0.2734728719641395,-0.8678344759145057,0.25996482243949914,-0.7900034527630329,0.6562844854212384,1.772870076149691,-0.3385314028322939,-0.2149636988254772,1.0615833882877839,0.9679475364560671,-0.03187501287272709,1.9060162318177831,-1.7262559618240731,2.064888800258321,-0.3416678972490008,0.9378238960603251,0.192031251030714,-0.19860595917038618,1.3153243665691978,-1.3063231494831395,0.5800644182555873,3.7904369491266756,1.5094348473429828,-2.7980104262032692,0.7673642790320945
-0.3796034292250617,-0.8890621355268706,0.3602575806632768,-0.8306276915478394,0.6882942739939083,1.796887550102821,0.04490224156577348,0.013451463605008734,1.303398356633614,1.3809384815494643,-0.2660726396736519,1.9632825911180827,-1.2735176815627813,2.372102138629086,-0.23980250580992368,0.784795954052591,0.04932316761175873,-0.20038949425554373,1.026504835218409,-1.5620655476895222,0.47788225894060427,3.6148873255753693,1.4657919131661916,-2.678615433501223,0.642131332188439
-0.2446704812992036,-0.697328857117232,0.5842225666488515,-0.732786091041849,0.7350938157154472,1.7879484734691788,-0.26859744677572805,0.3091513704769349,1.022922373916519,1.1397824586179939,0.0058177333564763956,1.7911468217062099,-1.219796431404227,2.2508735434264815,-0.3828505836143852,0.6996861598868096,0.106820091395046,-0.061096505737679045,1.135828725134291,-1.7001105638728344,0.4131694336265877,3.781862299713227,1.6364413350215428,-2.491309847883355,0.6267592830992599
-0.5578142509074918,-0.8497456084647613,0.42053382777280024,-0.4315883243027962,1.0052513462264467,1.7624296827624293,-0.12795445599083594,0.04726072576045915,1.1360401723040343,0.9485239037502569,-0.3453437833769676,2.088604642793065,-1.2950505016611629,2.354564441432301,-0.27500797453874876,0.5512989732806809,0.08424351605241423,-0.009312916955971653,1.1518960709891053,-1.5932597339631793,0.49195516590494454,3.5574420596237593,1.6064955717516343,-2.208931083598471,0.44945509172535714
-0.23585510548750888,-0.9065249085979162,0.5200055628894358,-0.016237132709658264,0.8746684854050729,2.1143163044402984,-0.6495767659693694,0.20323790190649932,1.1633459152149928,0.723579150688251,-0.5002184193643374,2.2415807319074514,-1.3360834290239452,2.108632078048038,-0.24809504528209314,0.3968479979371223,-0.036182913082874246,0.0577171704206466,1.0848889558009733,-1.7500808035341937,0.9562252836274117,3.392361196052914,1.531543394696295,-1.972713659691987,0.5321706592741124
-0.43060742714758415,-1.0903803370745087,0.7195932465239513,0.24139990040931855,1.14900102082663,2.3231854743887523,-0.38347279448596133,0.08275119531689787,1.39217399466522,0.7332812638594011,-0.9017089926915081,2.3436011560061,-1.1679199994894445,2.31909654290901,0.18570209690612285,0.3166858242362189,0.06109524606605296,0.028131819026679487,0.8444437581970003,-1.950975899387957,1.2696666629271314,3.0014163087828045,1.3087645044558198,-1.31666586622125,0.6149670546460079
-0.32044286334652905,-0.20939346902748346,0.8855924245205024,0.6897748449247163,0.8596022321052061,2.824248486528604,-0.7646539372448696,0.10184051709163844,1.5823452234929019,0.5730869623939302,-0.7498077119496036,2.203485174531992,-1.1371020741328193,2.592640112339679,0.24574204866535354,0.32971016813075116,0.020132113734849244,-0.19533737545000196,0.7485275704258441,-2.269559399285386,1.91112490509593,2.765834440022492,0.979497853808109,-0.9728720757307407,0.39215619078287733
-0.25530549627582094,-0.20730751745943943,0.6028496856322073,0.9729765970085203,0.842863325944277,3.168569662684593,-0.7353734086639392,0.033741697393389336,2.6334387625744156,0.21884051519244904,-0.8023556748993116,2.3033724140454055,-0.9011109259006359,2.2708623385364364,0.713055460366055,-0.01582917144090765,0.06514371585926473,-0.7695499524166562,-0.00959437160971167,-2.3079754695007555,2.7665176219358463,2.2265824944020354,0.7258514630924104,-0.24380191055500586,0.4337074617765691
-0.3299367202037121,0.8151424121740315,0.4964713157580425,0.8166058221861328,0.5223540799779044,3.451580266882298,-0.9193144405446615,-0.2033537876860611,3.409868697594486,-0.4981860283996959,-0.03319128815002789,1.9551063724802331,-0.839495065922856,2.18733624042225,0.4120618893158141,-0.325774815718191,0.25603373653804146,-1.8098006634322985,-0.4566639929900742,-2.5022829770190165,3.3754061918014804,1.4613245830600314,0.15184677094492804,0.4506042794079099,0.14036955795364792
-0.39932081156661914,1.1159293226271718,0.02024170899576472,0.4927044068519232,0.4121412813109951,3.5797046961758814,-0.8020058552071909,-0.4424650833481352,4.062891144593101,-1.0592862192228187,0.653143175062186,1.553930898897087,-0.7999120806010611,2.053955865706441,-0.11929336189552162,-0.19208609408922217,-0.2798802746402537,-2.407073373943365,-0.8314000013728627,-2.419672318919637,3.588845674198383,1.2632295448821511,0.16370532850612585,0.383212236274676,0.12515985254853967
-0.3933433303625333,1.3181622013096943,-0.09067339160569132,-0.258978913089017,0.7438488639668863,3.439260302409232,-1.4735547887755087,-0.4086262580673246,4.021303655361116,-0.8277277334229587,0.9347014155749996,1.6030279644396832,-0.3245033865506113,2.0711731632705273,-0.963511824079757,-0.3449222183876886,-0.19185034085430988,-2.3560005159066906,-0.818238470593535,-2.867878372255254,3.230342050838039,1.4712201197547712,0.46416706165160476,0.3089248351753816,-0.18852238132814214
-0.8036143557810902,0.9359614406007616,-0.2486711485553147,-0.9590951802725338,0.9879827972272507,3.0282786492959355,-0.7571441668564403,-0.5098190236137781,4.049872807066946,-0.1573036124340197,1.0229634220884154,1.2262858481130292,-0.1175351251156889,2.181723435263651,-0.5891963638387944,0.12018836847460643,-0.9119296464629909,-2.2429412444822003,-0.6241678320538819,-3.158060428871161,2.486708519044716,1.798818646601892,0.5463114865746219,-0.41313212693431045,-0.5413527614465986
-0.4145573330287967,-0.21733612173473987,0.13229987479321959,-1.338412534447585,1.212270465904628,2.6923493329409887,-0.9604132690217946,-0.8874790037567827,3.2885436747043135,0.4758271654444315,0.5824530420722089,1.4270139392891157,0.15993876918311392,2.433355591027786,-0.40643950573259335,0.07516887297428318,-0.49949526699581887,-1.6825882485601844,-0.636467328632768,-2.7008359832374866,2.1481184506760087,2.4697420464333084,0.9242189316605276,-1.1453565143776432,0.10840487595276038
-0.4901653986363384,-0.3059991923801072,0.15822845584694462,-1.676793755687137,1.5448560050290792,2.0524070104312724,-0.4931823500735843,-0.8839493531228597,2.502388590116194,0.6114828341996776,0.35071715194437597,1.3202234408199018,-0.06923071282197861,2.164603183817426,-0.4771875857437551,-0.08376457949231889,-0.27029441274940297,-1.3398226452175528,-0.021250598958688544,-2.2681569167884823,1.3140516762665198,2.7243476347560116,1.5314766941746922,-1.4591530357465974,-0.019620743312397437
-0.8975078209293502,-0.5579522548868838,0.5589002011165224,-1.741559173364871,1.5065113413852624,1.7038845246452583,-0.7537939591251802,-0.6134342713374658,1.6825745330559396,0.5780081379829918,-0.010018514080546423,1.2822164718129787,-0.10748246044430687,1.550453569853183,-1.5408970005750284,-0.5500852186442473,-0.35272301567101405,-0.8207647090219568,0.9146617556667103,-2.6778887902732023,0.476282868133281,2.8192526050522275,2.236854874914243,-1.523014784108931,0.04672127506505115
-0.6540742923458853,-1.2467594518074894,0.5173616129278906,-1.2881044627527853,1.5236484676575102,1.3546732405497552,-0.48934130915705765,-0.3305459069459076,1.0248405877097964,0.9450451978538634,0.17154713383279152,1.7874677384321846,-0.6671879906676903,2.026575063263404,-1.4092124955621022,-0.07507523448765002,-0.08403978532972428,-0.36931399385060903,1.2428093593186076,-2.260250380763132,-0.16756965082382352,3.608347468190673,2.274139360830058,-2.0878608144363056,-0.09447390934257682
-0.697673060899229,-1.477483278842222,0.46187261924154593,-1.1317977487224606,1.5220893312137036,1.2020547993607031,-0.453511056184314,-0.3032435696350151,0.60919504885525,1.4826642643616372,0.05006434182721303,1.8235697480036939,-0.8334354370667677,2.218816974861883,-1.41219022871424,0.27317090786037335,-0.32775362141901887,0.1605677754863563,1.8417668900565658,-2.1651914445927343,-0.7247670107477018,4.195303785244472,2.1234861764481336,-2.5539083482897245,0.10842907785271605
-0.4937163832028534,-1.416337687032084,0.2870340337702075,-1.054478163358542,1.3584055712441332,1.2654705654526177,-0.20282921307674728,-0.4227254172431181,0.39489957278173116,1.6328667822710907,0.09376489547024362,1.6753740197188007,-0.882114738946298,1.8447809108752198,-0.8772470317743215,0.3200508693166241,0.039304115957098075,0.2888725619159149,1.7368845515726505,-1.6708847625567975,-1.107793042447446,4.760318848758135,2.1651786951299923,-2.8692824664304455,0.6617878392765765
-0.6657659795137856,-1.4624141470129477,0.16674290660382174,-1.2881312870693797,1.04993981728051,0.8377244107796606,-0.026621976201953224,-0.16237057669308838,0.3593933449299847,1.743642525751514,0.1931105689848307,1.6399191423091748,-1.0531789421415882,1.749585119057608,-0.5741482543875585,0.11281048938039656,0.03483117491952814,0.3585457945339953,1.8516099234854602,-1.3465176227035733,-1.8550185195208198,4.608323762512236,2.5486939511379725,-2.8055183235923558,0.44650436660535453
-0.8363267426135823,-1.474426555128359,0.24398659240799586,-1.310406427294992,1.0421945597512534,0.8546977357547532,0.35972484700801133,-0.03869891829937784,0.25471659901476507,1.5323818755197027,-0.18752393467967943,1.6462340576404662,-0.8623359108760138,1.86947868778431,-0.33604999992705636,0.15977346121717348,0.2462816409922111,0.48790775582163265,1.6325490595662342,-1.2773366098054917,-2.122728347490048,4.5029133075497585,2.743374227073105,-2.6429246764376093,0.32060916109129806
-0.8025037989819281,-1.4435774421136283,0.440086992034767,-0.9034907403904582,1.0723581841871157,0.9620033398910158,0.1345826867230532,-0.036681446098400794,0.2565135179666079,1.6088012726375736,-0.24212204733496412,1.810750428359168,-0.626615802555876,1.8004813377992797,-0.3144210846441733,-0.16676677759577843,0.025549506999139493,0.36128252261932076,1.6878442609538609,-1.484874290780843,-2.2779332670109196,4.386135444901955,2.785543353472877,-2.552876614467106,0.4567122390006272
-0.9398335111525263,-1.4007429872180042,0.6589809551803231,-0.8386750839459284,1.1195456834553907,1.1215620312485834,0.3314514264639414,-0.2283428306300323,0.628394118637397,0.9333096496577571,-0.13757251445312027,1.653539757359792,-0.6188200858507362,1.7295666148287365,-0.025035652143377284,-0.5552845707446894,0.6547517282292851,-0.0221575882887544,1.5529093135714962,-1.4954168559368604,-2.1143505751319673,4.165551652225304,3.1363833531926235,-2.2267652031191947,0.25524693841383084
-1.2685989869716023,-1.0973146777390232,0.36184297665565324,-0.9116358053042627,1.2507321980949404,0.906041560078913,0.06517152211797977,-0.35367585153293046,0.7068283062938356,0.41815749971357685,-0.37625230493677764,1.4776850066598137,-0.6080572477348221,1.2682150576757003,-0.5110217339384994,-0.8538648625336963,1.0046152693205403,-0.5035322492702226,1.5790226660779474,-1.4828621686038548,-1.7555494439606694,3.3777407945568023,3.3703736993997935,-1.883592864178606,0.2328418836222843
-1.4183499157308725,-1.0110231626959048,0.13888102182597004,-0.7688130351229295,0.9649347678394294,1.2467375315557023,-0.48710766203890254,-0.37655475704645947,0.8606546535560753,-0.2837233904459786,-0.089803823842106,1.8111274723005535,0.047599818480600596,1.321198168323484,-1.0883111856333025,-0.6404742100198957,1.3304097241312454,-1.1432012659678756,1.731728643340321,-1.2638922966225588,-1.640218556089813,3.1888295901655273,3.094472654523286,-1.7048460418463478,0.26073948915519235
-1.0374959801551016,-1.4595144360906582,0.21102847074003628,-0.6066996812401192,0.958910948772921,1.1649659528260796,-0.05388107684430821,-0.30622105310910963,1.033666442688494,-0.2868258003284101,0.19440026611983446,1.7321168967254554,-0.8321955816208633,1.3135286722787587,-0.8593339463133298,-0.5535459671111571,1.2172593712644824,-0.8365844971320354,1.5291941239185123,-1.1310677059120584,-2.088831586774384,3.6319401437413545,3.2495331213875085,-1.974565156485473,0.10054011867171408
-1.6016219182467977,-0.8181788795221774,0.5157110591614451,-0.3481958206621755,1.2101212895765925,1.327339215851109,0.27103210543025924,-0.1883478593239722,1.2491512408284002,-0.15818915014754206,0.3370905686557675,1.8729024590295977,-1.027651015491658,0.787357426099622,-0.9272315459647813,-1.1458048808818069,0.9376152783721352,-0.7711219892925614,1.6397532910698465,-1.6647621355886175,-2.7344993526288066,3.3830676035676905,3.6227118311728588,-1.8039413811381013,0.48497962131186895
-1.4920567300295642,-1.1811360489696991,0.04254093352221188,-0.9433716549601723,0.9083595397918252,0.9059237464264854,0.24299251523227222,-0.23412014385501528,0.7023071110593928,0.2507699018448005,-0.13383612826396624,1.7323065367147417,-0.8999680086269634,1.1710243284837736,-0.3292194409510861,-0.32044111474330106,1.2497734294492777,-0.47079667762568067,1.7320091857392037,-0.9463310026211964,-2.7879853921265556,3.9054002001596215,3.5715179778385417,-2.203970010672669,0.6096148928699836
-1.221728632814672,-1.1240010355781693,0.44860971701284674,-0.7669891665545919,0.8671207716736731,0.8563723769616668,0.483620689617444,-0.23293614386253736,0.6827408859371054,1.0579780420278018,0.34636021231051134,1.9466286790189709,-0.92857296194829,1.4885997632853705,0.3837727047824507,-0.11135948833353744,0.618011673958098,-0.04261171669263418,1.5204324572728833,-0.9530962720015639,-3.22223284101389,4.127930876647927,3.506267976874005,-2.68627454370355,0.6075993552306722
-1.1202923389497592,-1.0723149355586343,0.22566568202336487,-1.0353461472870644,0.6795442911006007,0.8993760496371122,0.7163729124953384,-0.011796614032184849,0.7621611436107907,1.279183320171251,0.08593719709710067,1.7625289054433617,-1.0132501937773533,1.939231971870822,0.6938470806468156,-0.022781515742719544,0.4180299953766399,0.032123536181223815,1.3980744183742524,-1.011515192289505,-2.897854641228836,4.355523668036442,3.3963786307374733,-2.717737108378498,0.4778200451008455
-1.0106798894084774,-1.52391190786281,0.5261434322067571,-1.196421877069313,0.7336502193555045,0.8461756373070444,0.624125859194431,0.14285609531132992,0.43447020194394703,1.1512688877490516,-0.31571754397040014,1.7110052651466767,-1.1661392158189754,1.648583191664994,0.7707717527617071,-0.2146855240221952,0.522113623568374,0.40046978464774696,0.96564186206657,-1.0168796320465379,-2.748656873517205,4.151800258210317,3.3813350309380232,-2.4895165439454994,0.4876018495586767
-1.2913865703690153,-1.053479158077662,0.6829441124887008,-1.1693057431593037,0.8726335256891519,0.7458727975188677,0.7070670095172853,0.18281257415745422,0.4118506845360971,1.1659372644548447,-0.4117235888626105,1.6119703993498133,-1.0482288762988243,1.475226571933172,0.7111115387519166,-0.32530563939856216,0.37977491990360457,0.3671210383177334,1.3471978717899156,-1.307614756890338,-2.5917900121655273,3.847215593109631,3.4038124006206885,-2.2051549876904812,0.44958836183723977
-0.9255738260340542,-1.3447687178415908,0.4142547376441407,-0.9464273473456061,0.6591693720643441,0.5467753180723566,0.5668560936062161,0.01615240791119451,-0.001026463320475509,1.1749128739782466,-0.45109384083283804,1.7239340525250921,-1.0440943748351332,1.6285229410027036,0.89243943978763,0.07971830813053449,0.7444842001297239,0.5165257678407958,1.276853936963882,-0.5907366887022654,-2.576247313045467,3.8073531598692893,3.27900356358504,-2.4734102273144987,0.38315657939513775
-0.8715780368753454,-1.7111938268426952,0.5791203912573966,-0.8653206203608192,0.7113063748733808,0.5782428060271976,0.5379069787788808,0.18670349121691077,-0.25892337348144057,1.079427086130289,-0.7428702655379564,1.810788919715291,-0.8669520877460838,1.556763389255238,0.794614737437251,0.09907908334209728,0.5893232384766786,0.7214971891160029,1.296295383578149,-0.49633178850650433,-2.496920305223941,3.6604301218986928,2.8934053661118004,-2.3573610254577364,0.6414321819236406
-0.5818408909435455,-1.6590997765461755,0.5795122971551951,-0.34498672081658605,0.4442078730195554,0.28634281353660174,0.5214123912179803,0.13278120551633943,-0.27654462060852963,1.0949680165554345,-0.4634531163608378,1.6712228565428893,-1.0286389519067127,1.4535801455540118,0.9910140000638639,0.05708848985321357,0.9080565931174961,0.6301328247272825,1.240609681696519,-0.4043911053371843,-2.6141480433593065,3.5295204067009256,3.035014950475968,-2.4034770393432745,0.49207740158566254
-0.5088370400388504,-1.5469397967655403,0.34640043235804835,-0.3227758724625984,0.22307854883237863,0.3595961915682604,0.7473886681153187,0.24651393623503728,-0.2801894979930986,1.0643603798360761,-0.5023610171294928,1.6006534436372444,-0.9973903091805798,1.40221801280377,1.0450410763989637,-0.040000504188065625,1.1480661602150537,0.3672885497931626,0.9271293009386187,-0.0900291134291652,-2.704745176797664,3.5836679760167964,2.813846484054126,-2.4601136818577283,0.6400559603832441
-0.4342159163883116,-1.2658548802411207,0.6016505960773053,-0.09954079373620633,0.014654568182192806,0.3855424948098096,0.717660179684666,0.3090606816508871,-0.13841818039021658,1.1308124557539856,-0.04529614283559791,1.2095108008883155,-1.0765405895011069,1.0258956839613325,1.2033396499785034,-0.6315873404893045,0.8447591407259422,0.27381837850628626,0.8038130026311611,-0.3458550130006226,-2.8358909497786686,3.3777120957007174,2.972485472443147,-2.266875045993662,0.42397151104458386
-0.5896039493410904,-0.9907072716176378,0.37695453454917893,-0.8681931248259982,-0.2613315114630919,0.3920145976062173,0.6191737384769161,0.23149147443953824,0.2144668418047999,0.27833978984700203,-0.11932295433696982,1.1895261351107627,-0.9629937763973568,0.5966118845449155,0.8383471776411513,-0.4337153070270309,1.135840776465512,-0.09655422947438645,0.7189255918188504,-0.021016268557762785,-2.6825560443379204,2.9886893053336205,2.9527890263253345,-2.227374420021259,0.5586961931745282
-0.812998107320117,-1.0288327904231567,0.34103656363152146,-0.9082585035112197,-0.022952972382521107,0.13295762667072675,0.9009497128884632,0.28448248155677386,0.3755248024299843,0.25625953579399996,-0.08415871571411318,1.2589994463400989,-0.9068352958907371,0.8768803075902654,0.7538853602563529,-0.30548973983999467,1.1748654372777982,-0.13575033147320684,0.8804607573983164,-0.16906469746418917,-2.796178514402504,3.076930990125493,3.04922244604599,-2.136403425173527,0.5599579283529944
-0.41319957175681543,-1.1923837911075836,0.45463758253670794,-0.1927506580960375,0.14164519009287357,0.17069413153218196,0.8415145552975924,-0.011891587125841208,-0.0045580742599758695,1.2032313719304006,0.12282138052767207,1.1008228584180335,-0.6107947308366387,1.0421882767003685,1.2843858618212276,-0.4336629100179424,1.1483977927253504,0.04939034450491779,0.90343746916412,-0.3262034281601891,-3.0827268814196906,3.4063928587439545,2.97213964618948,-2.4526167120519036,0.49259196650462933
-0.424076295338299,-1.3898352773510552,0.3544103385535292,-0.0685272075435579,0.00039120410368459653,0.12669649112682158,0.8139553170033561,0.2357703297892116,-0.25865567393690475,1.0936314550656854,-0.11951435590329149,1.2737553284428695,-0.6305908326672912,1.252333849086994,0.9743268459471647,-0.23258294259691256,1.458133084998029,0.1587982582956211,0.9885792755551978,0.0787900342913962,-2.9379042324375093,3.225723118075214,2.738507011001861,-2.6069160584088937,0.503150589768762
-0.178790116111133,-1.1978464902820467,0.24205854926808826,0.2706085861153535,-0.2945992953887613,0.17981712194719812,0.570490281546308,0.2668738852763612,-0.3343292770071464,0.9886667245854679,-0.13668388257998765,1.3846865098296284,-0.5798575636845253,1.1924365007830313,0.8698708861499916,0.02037257244864656,1.5573388902540364,0.15468522288791456,1.224612480651675,0.2539116344121156,-2.695681058694962,3.1018026138143258,2.4951092584642436,-2.6809868665388583,0.6138111476524092
0.0470381154945233,-1.104897398500781,-0.25397349174593314,0.5384212335628888,-0.7014961632175458,0.1600272554061557,0.3785383241713532,0.661347139468103,-0.5098346853870102,0.7840528682301475,-0.28897642946128327,1.537170202533177,-0.8721287030344322,1.152535554117964,0.3451248053772194,0.22021983769130885,1.3175587162628666,0.21344437089044263,1.1711968194634705,0.42799690994400574,-2.3826182304363064,2.829061510051702,1.8666823057749475,-2.637643400587109,0.40452856441821816
0.19394963110067817,-0.8804242803828546,-0.04889295509798574,0.4567919420226825,-0.880218013775155,0.17540611773586606,0.11737222575958486,0.9170450373919082,-0.5946739758783101,1.0412943375138113,-0.3386099981417957,1.4830620489547246,-0.8689690077900168,1.0240358665712774,0.33581076805717625,0.4023389325899869,1.0277656384136638,0.5266330096983373,1.0783910840671198,0.14227287139141984,-2.26237595555391,2.7282578875601446,1.4431061030351202,-2.258174834420888,0.3746452363103211
0.16210114364762532,-0.7631265665029673,0.0037411139517702077,0.09484456839802685,-0.8818407193551686,-0.1068241829073821,0.11966440093409979,0.5630334707132336,-0.5740950442474987,0.8738077331789589,-0.31666258797351715,1.2470332792455052,-1.0212064548260846,0.7168513313954402,0.9056957505303523,0.37948821739442273,0.5635776029213093,0.8276487200689736,0.8078408136689409,0.21286880404453873,-2.2172776762092044,2.7347752534219976,1.5306593378272122,-1.695973140556822,0.3782629124818397
-0.03499842541399993,-0.8747819641475425,0.3581847331029091,-0.6622168740680436,-0.7299534397220881,-0.09971714570208337,-0.08818677502849684,0.1434056660359903,-0.4871995424209166,1.17500304775866,-0.5094197940833862,0.873209598421132,-0.4962845434651765,0.3930204950413942,1.5643523435567772,0.10268635515747727,-0.03295094138665575,1.2386318847093338,0.12866015677969522,0.14531922456709764,-2.3002969146951124,2.6962521828752384,1.7197824254657035,-0.9579515835995217,1.0701471753084697
0.07496616576155854,-0.7664250491765732,0.7261807887881817,-0.8940631019548951,-0.5966623027751431,-0.44211479728164177,-0.05617986177118797,-0.2334969051998733,-0.8314689411521368,1.0302928547523547,-0.3381776225577224,0.4327288224639852,-0.300199514410895,0.12759008613586972,2.015287834078306,-0.470053934078629,-0.09683411284843303,1.1531293860404972,-0.29835866396929145,0.09266412621332332,-2.478976506496611,2.529366608060655,1.9336334416341243,-0.5691110430731331,0.7286185364682477
-0.29884434647291586,-1.1489419287395148,1.182412442635321,-1.3756533697656068,-0.13129458342272224,-0.8045459040523826,-0.05588553686136446,-0.23838931183875786,-0.8835865449118355,0.9165430718202344,-0.6112963401742483,0.20425772719707735,0.19776799679030224,-0.06498529149659413,2.0529306146200463,-1.0970295568641668,0.26040677232510634,0.8142397267371533,-0.7271934091952673,-0.023797284958310294,-2.4758858092575244,1.5751246480246766,2.252795246108919,-0.010637487739378837,0.36894343190254975
-0.5375110654224534,-0.7059306413589549,1.208504217502933,-1.9859186862479783,0.1917245189735831,-1.1094018804653778,-0.3323939125433032,-0.3253166569550801,-0.8235011523919721,0.23395487297946715,-0.7515099186659129,0.17513290649917945,1.078563497169937,-0.35501740529622683,1.6881192463064814,-1.537449877182145,0.3510206093298089,0.4367471209847688,-0.7852022111107014,0.013591344862589184,-2.0356944408088773,0.7758607212849717,2.5897678289774277,0.5206728788815274,0.16493548610261913
-1.0575965783587493,-0.6037844952351364,0.791594308986436,-2.0638754338633616,-0.07949276356190647,-1.411541925180676,-0.8259399067531051,-0.2530479092559923,-0.8664442557463379,0.32286075933863834,-1.1234448996064499,0.4606353663883991,1.8184003850205,-0.5377870103392406,1.1522607510401552,-1.3105788139869752,0.36228989196065864,0.6619284410007132,0.018260712056397094,-0.40991312566329213,-1.9702895071034874,0.3416917564888422,2.483944028069826,0.9775094188522226,-0.41748439781425084
-0.30992292145213457,-0.8801868272553816,0.69508043448603,-1.326466621551481,-0.6555283737965445,-1.1479072152173457,-1.1155040088809483,0.16118755951361083,-1.2047399075450758,0.21212313692746487,-1.2743099727910014,0.607946846466286,1.532297056087931,-0.4601549395951013,1.0186550454845373,-0.8563100246127803,0.2437353479560722,0.9258797050549228,-0.13262730526363037,-0.0500145129907295,-1.9177353119199423,0.6800187081853372,1.9150000836951058,0.5518047292235541,-0.5320901947262923
-0.003561202542512437,-1.1247582128765579,0.3209933738645984,-0.6579316835571081,-1.0665457334705764,-1.245758837112981,-1.2999560102995207,0.16823726214745421,-1.1309577049111967,0.20330345387492144,-1.1255108327211425,0.5608418894117206,1.042112353215541,-0.9394757437544098,1.1543488574013805,-0.6576916546477263,0.14894455925046207,1.426966622730479,-0.18803641104093705,0.4019221740500315,-1.9722624131411548,0.5815229744875936,1.425463433303789,0.6118295627385602,-0.18716621699020644
-0.2935286376416176,-0.2648592143301666,0.34900722065707285,-0.6429883314712039,-0.9784375462024335,-1.1460470210696776,-0.4725218284292453,0.6224892224867202,-1.1117442160355624,0.03143473861890679,-0.9990808334687182,0.04482848753801439,0.14664840004190144,-0.9555649954331088,1.1482070362249366,-0.6126609074147359,0.45663699470610325,0.8170889581484192,-0.16986557811658534,0.7112576250420254,-1.5769828287277277,-0.1192192012726818,1.2337787800764064,0.7437180668269525,-0.06167838518430424
0.03504547049778423,-0.30574010095715604,0.18262211423336505,-0.23009622990620707,-1.0186604321296966,-0.9025801527942703,-0.3499234439591517,0.5304335993395165,-1.3293179678294507,-0.1609551095867814,-0.7372746875883288,-0.025391373508370105,-0.09793502810369192,-0.5142923305524725,1.2989632705453624,-0.06922502321378675,0.16510746489943923,0.7465570693094012,-0.16543446541235618,1.1859695286753738,-1.1820259537133775,-0.1453247492089561,0.5187297118418329,0.49295096810035666,0.07267414969265022
0.1718669682423174,-0.18426212350060178,0.39657727592279424,-0.2552116257600182,-1.0818107498971299,-0.8968096013732286,-0.5556419176009793,0.30843529319133184,-1.2612282635591097,-0.13494843029591805,-0.8355162345487452,0.010338985312191004,-0.17474161956205214,-0.9067610962171408,0.8342848302629963,-0.33955823207176816,0.5768180261509851,0.5867488245363237,-0.22915198196625947,0.8200322203810074,-0.650692446859756,-0.3185213381288571,0.49374113129967373,0.3700722531503474,0.2176933318820499
0.08299347529316323,-0.21812841376657313,0.5520308502227242,-0.4315436597471746,-0.872235303667614,-0.6063214145140416,-1.1904208741061948,0.3139766308685408,-1.170494296712125,-0.13804049638645643,-0.8576685033119434,0.006567442944352655,-0.1334530153487233,-1.0008354213108415,0.365683380717178,-0.5255778598251485,0.36574008281075426,0.39467621562906957,-0.3390072917696396,0.503754585955663,-0.13976063628759758,-0.45290064326602786,0.37256038584171813,0.32751711950917006,0.41703785463796816
0.21921766605626267,-0.38922679561938756,0.5852208265691168,-0.24946443371217214,-0.41363697393773713,-0.475825778851696,-0.6927688961965345,0.12945629542198586,-1.0525762569204438,0.18894765289092852,-0.9216811829545908,0.46259329809673105,0.13723326323167,0.14909839584556966,0.986458037840724,0.22644428633914918,0.07192008318175179,0.870840356283805,-0.4546455337444428,0.30505773993415647,0.29899221608718607,0.2293566943853613,0.32412931726537547,0.41427104801197046,0.3420205928621013
0.27012898272367175,-0.42856630833356246,0.9129826245536865,-0.2848101841727033,-0.3431200468359639,0.02628216006645063,-1.0931987726371606,0.2522158990317809,-0.7636605998086703,0.6868259032766058,-1.1246493778188797,0.8222590817425144,0.14955616633813615,0.7301537597832377,1.4521880568118413,0.05941083476634391,0.14406653678056044,0.6778644883148495,-0.4916496262535462,-0.25401636906298897,0.8451891006594359,0.285122982252627,0.11147835758833233,0.6715235383165378,0.047362284489824324
0.07997484103073985,0.1286991776469396,1.208664835920378,-0.5321308143665241,-0.14753202108349972,0.6413379951898355,-1.5931808830554786,0.23693516500693115,-0.0956852999116195,0.7945283204923986,-1.477607058208706,0.9066101434031939,0.9806591758306513,0.9338290798583706,1.3771952553318572,0.053048893031150714,-0.3921298678261367,0.529558168049978,-0.9287424176177816,-1.5311247392612644,1.4096604044970769,0.3896726703505864,0.1716062733442859,1.1421800426743884,0.1940824368260402
0.009620573209128028,0.04829537016729413,1.025307222482663,-0.17466091798893307,-0.022747478170859918,1.1114581441867326,-1.4431438715297664,0.15675608236038335,1.0914370988354947,1.2926366393056914,-1.7888443842929054,1.5250665379166926,1.0886359717262915,1.8468730933773632,2.3578041197528803,0.42811188962904834,-0.6781250798565421,0.5166030804886418,-1.1124539520010952,-1.9769889074754343,2.304170161120519,0.4341565613975181,-0.38839854541927377,1.2237094405997788,-0.13359562664393038
0.2595177591916947,0.07753570705641016,0.97845211572481,-0.08042771866267086,0.374166807219937,1.2469651893429436,-1.6324427157453274,-0.06419196230849507,1.4223018351264616,0.7823849525959152,-1.2418939994805238,1.1613029755250495,1.5103334231176926,1.7839815160294181,2.512153572188543,0.37121085493285916,-0.2945804007376805,0.12808740183501124,-2.037230153860381,-2.1955829521230608,2.329483794896593,0.34475103265576573,0.03848619551480109,1.5201853694075043,-0.32507227813734285
0.26788195854619523,0.416214718696155,1.1978247686077506,0.26316888202113237,0.4633027361222214,1.3897852888071245,-1.707226446074513,-0.5873580669073455,1.435084824449263,0.6391849308527109,-0.9922584896299294,1.0854141006144675,1.6127601413060297,1.599232347426246,2.6062805501159056,-0.27903193313146557,-0.39330244437266093,-0.04756285293253887,-1.9371494202745634,-2.3194433647668844,2.4183178810660246,0.5728947744080859,0.04591623088177878,2.1074241777954406,-0.13534877852704774
0.20137823236468308,0.07128561978677635,1.3005798723071504,0.5173000167269788,0.5022866627482618,1.3209038728340583,-1.4676903393815965,-0.6745456390924786,1.3461343232724539,-0.14319993925871155,-1.0471944672820321,1.011539170694138,1.2014367703964564,1.1318036577972852,2.7621759368375747,-0.9869327828331719,0.2921754661606074,-0.37436786966712554,-2.37552545441264,-1.6657375342604614,2.090026309307696,-0.05214147010550915,0.4167856468961352,2.7020784369126254,-0.2418495683658632
0.007693234558166423,0.4817877718883612,1.2283558844849007,0.6727786476409408,0.23631254259665957,1.31982520862339,-1.4053852335515713,-0.5947951457237008,1.3437268796348003,-0.5740702951473988,-1.076991655215241,0.5989948937123549,1.3055467529068798,0.584594696719505,2.7499483276179038,-1.0668317198568755,0.419450916256936,-0.28106645178684403,-2.4640717090932185,-1.530840957274762,1.9991815487520155,-0.7698150396447633,0.3870967058876512,3.5166086293261585,-0.5019954306587748
-0.7365940315047087,1.032060256548484,0.7671285673272116,-0.03507141435119388,0.047194571581120295,0.7162620976687555,-1.4953547110980219,-0.07812007308662938,1.4235422069935497,-1.458204412266817,-1.772673736911959,0.15285434339363035,1.2946464782223361,-0.25241041393548036,2.465537715254471,-0.9041749613198367,0.3526883895780578,-0.16179246906651848,-1.9358397680994965,-1.8104205750678588,1.5964241092897722,-1.5769141533202038,0.726930545570699,4.014209870604866,-0.2076085907133931
-0.4493986858393735,0.9715864177308823,1.0261307998079061,0.35978720535500336,-0.390625621641145,0.8059541273077404,-1.197182295423517,-0.14987140066282806,1.5220189224955745,-1.2355986889445822,-1.5793225769058,0.7067177557922613,0.8144024226700454,-0.1417610809561962,3.0219579470871354,-0.8046176180678186,0.08447479427088997,-0.09683633041371806,-2.2162365853818855,-0.8669124104347217,2.0229858542916808,-1.5879917701946502,0.4924481742149135,3.5372561749434848,-0.3125928948393507
-0.6010527877185132,1.043626026160755,1.1401064341646978,0.4607283752083187,-0.35510052318622365,0.8837885918815944,-0.6409770926979725,0.2337720234091524,1.7572344637257122,-1.3605706860944935,-1.6719266581009504,0.44734387106039764,0.5108363794237982,-0.4071659742112622,2.8641866526174913,-0.8519696986418912,0.6692326966313851,-0.4424724437738984,-2.294258823208932,-0.89410845435495,2.433140883855167,-2.059443243470942,0.5553693945570163,2.9095353399288504,-0.07535905884323689
-0.8851910363020521,1.3864143144536962,0.949375205614343,0.5283579006518196,-0.5637913323079664,1.0073967424690409,-0.1917083768248825,0.4638486469006818,2.1485423462421105,-1.6253174853379173,-1.660854258074894,0.5378969579465416,0.28147545192033574,0.05776934195181754,2.816666221526298,-0.12936925517619124,0.9613589522995113,-0.7091783035620406,-1.6711925118868822,-0.82672741887621,2.7438248544562507,-2.1781809518713167,0.3847448369451598,2.3223927944766007,-0.21952229425230324
-0.7309764919165705,0.954473537227621,1.1964858513413335,0.5645611862808841,-0.558478228966953,1.0700309057381294,-0.42949242689566375,0.5611486301638112,1.2795741932542197,-1.8697191472813275,-1.6521738246601236,1.2906941755410215,-0.2954226943920699,0.09992793887182368,2.6737699923027956,0.08577487963784887,1.2244843327278856,-0.3015421638356838,-1.3982307639060667,-0.11175361059698448,2.2132015166817345,-1.9111331508310037,0.6335723310771947,1.925449485255401,-0.03323084376197037
-0.39032397302977423,0.7520556545338981,1.1330367792914129,0.7713710140000495,-0.6197553371388391,1.10562857025413,-0.3236358413636835,0.4149763865494881,0.8200444098337878,-1.6748955863999306,-1.5271586771556878,1.384579961867382,-0.7263125464063417,0.7748111536245452,2.8852085252706923,0.4610827792340284,1.200299953088476,0.01418854614716425,-1.2613545819616312,0.18421344164236494,2.2815751434602407,-1.01518915762916,0.672376705360476,1.9212754386528876,0.09425621316336025
-0.3796943992460096,0.7837745495474031,1.258638701996282,1.2286121906764835,-0.3671438828820685,1.3704991818817496,-0.5051172118003096,0.3056013787255127,0.8151910071261649,-1.3630792120969415,-1.7139154901022464,1.8624643293393854,-0.5074942224007224,1.0198167624002474,3.0661433649800993,0.7295748817043641,1.4484163973149715,0.23149538557902452,-1.1151803908039557,-0.008216038418484468,2.368154302448955,-1.2048379736424515,0.46430614405982157,1.8030718743744611,0.34471205428777163
-0.45714173512137846,1.0038719968273018,0.7014172805982185,1.797273203268753,-0.5679636675847876,1.3468139408310793,-0.7075920051990694,0.62414516319132,0.7941879192321111,-1.155738680902133,-2.3625494623685714,1.8330390105821073,0.3018241235117487,1.4732302926949505,3.143073612486383,0.8024995422057981,2.1292229644469254,-0.32641148447699275,-0.4178904565229634,-0.43846679254993637,2.7715678140979514,-1.1583498095927969,0.3130758928304893,2.00824146438733,-0.3987120415587118
-0.00730278763613372,0.7707200208769404,0.251895862236338,2.6411993335336232,-0.8574051833210378,1.2796683225598326,-1.3401834851772012,0.4104575403063099,0.7228696029656075,-0.9390510483043293,-1.9409149449047938,2.226303097374611,0.7799132046978231,2.0102491866906824,2.9469380706839976,1.149441428894838,2.2796050772387435,-0.5696503442084687,-0.4366785404841977,-0.23634680766404947,2.8293530051897813,-0.8552533338534974,-0.19782764805070746,1.6517501210202907,-0.3368054388096402
0.5885015414029291,0.8758887236372483,0.09182293146993706,2.9298723607070283,-1.3456453470275815,1.5787125469891232,-1.48370327762122,0.3854545123959835,1.2954834911106095,-0.28107192536851955,-1.6471887873318092,2.1158604632080076,1.2503049835457876,2.0813803009843643,2.9444764310139897,1.2037030588195274,2.3127806347459345,-1.1381190136321462,-0.6333876007726532,-0.5785399627129458,2.78479795257978,-0.6253854377445135,-0.8975708511400815,1.320081418477592,-0.26528371350974883
1.1180322184912088,0.7541400417458117,-0.25188935835354537,3.065500286665929,-1.4790537055920778,1.5795081391055628,-1.6603529547589415,0.15301945334479275,1.83579027293276,-0.01467490107722263,-0.7674129740257856,1.7424566644678532,1.4038012847914967,1.8389199732932013,2.3456590789391054,0.6322873916452719,1.8243977550339305,-1.2610918353719698,-1.2040586884637479,-0.8462251336024527,2.421609735269051,-0.05626906255264984,-1.088151029404077,1.162396020586373,-0.01176029194748552
1.3878809321386036,1.2645368687503373,-0.22989337485893824,2.321229676882803,-1.8545438684367166,1.7505201875404675,-1.8594472916699556,-0.07907033476436565,2.3094460235635768,-0.01940558066299214,-0.08315626207751947,1.1399199444908876,1.2595318962513384,1.1623276142798913,2.1170009167853348,0.2554999096692845,1.1740957215679282,-1.6071691383798843,-1.7623653344807073,-1.1540988225333395,2.002343679614958,0.3982818627621678,-1.0427551735699137,1.1295815936900726,0.19945863116039791
0.5698844242381544,1.4314161850323772,-0.36959220505037454,1.3302282583942961,-1.6918953348472123,1.556437789764369,-1.2373636372419676,0.017480372614578295,3.8087363756849064,-0.35349790480582904,0.33197836787907964,0.743260955818368,0.9718964107804671,0.6159251210988035,2.069434373361978,-0.4366743875062492,0.5115164593952513,-2.109659868607022,-2.5718132946947727,-1.5825432834794113,1.868641457862661,-0.26448188583644566,-0.6309298819824167,1.3190397409184778,0.13534684030943736
0.008107739487619225,1.9329406740833461,-0.3067641359045823,-0.4217651925798799,-1.5383811040921955,1.5475568361772447,-0.7477599755157962,-0.3572871669443426,4.32896278990688,-0.6118558549123925,1.1283024616516046,-0.09477234680395268,0.7275663523239624,0.15362370105689843,1.7903551147527246,-0.6634356163350272,-0.2529135669623469,-2.0763992884129383,-2.7713334279278214,-1.718655543229097,1.7672666055316775,-0.13771362594203906,0.195097956908364,1.8089098432954867,-0.07346554534100963
-0.4573022190687049,2.1579229379904947,-0.10885343092779336,-1.302884368527674,-0.347163159147613,1.326336500803359,-0.7442424548011349,-0.5805340274590354,3.944337484415784,-0.632317094271387,1.2079038293260902,-0.05013371559834522,0.8612349514435577,0.11201512606607561,1.555099579376003,-1.2785316973132403,-0.8166810178891004,-2.3312096943594613,-2.812871737352491,-1.8589758349648802,1.330709338294338,-0.3674706123274953,0.31466675119954274,1.9111829741843998,0.12484681445401846
-0.606847228596775,1.3958845777864335,0.25299609278512086,-1.7693299734457382,-0.15585542816315118,1.1177648225125636,-0.6367941134454964,-0.85097182593434,3.1937663465748107,-0.9409906823426297,0.7494562116120442,-0.03452302689459369,0.8104842746695505,0.03595985469169366,1.03965202443561,-1.4607570255538418,-0.35547288057382287,-1.7571353688855156,-2.5276875107841024,-1.4946291145699306,1.3599332533460282,-0.3528554243058095,1.4021426720718888,1.733833863097649,-0.15847367335691867
-0.6344765038759527,0.4907610831642358,0.5528529869212646,-1.7640246014340224,0.46281636276825616,0.6960339078942364,-0.5728614964558852,-1.3127402413111626,2.2890081634035413,-0.9231899007656609,0.4286072445640983,-0.06517497251052326,0.9696065303581138,0.2192973226654523,1.2684388251743157,-1.2690719919765368,0.15189238678647296,-1.7485141936214255,-1.9301599338561823,-1.0411409454133593,1.1549338854079327,-0.13431730484540796,1.3391226763976696,1.3799144683188505,0.08151417034887205
