0.4574360064438393,0.46358051765476,0.025053519017299377,0.27932547596815716,0.9629383725468469,-0.12326956467530514,0.10537263890349004,0.1005658073195523,-0.1941885062388456,0.1439114155592923,0.39049543971572775,0.5579220775912648,-0.33899183235206554,-0.631279831741192,0.018064763171198144,0.10726880228016178,0.26276420183891874,0.20372617399374335,0.9056073250433692,0.14378063628539303,0.06946205014131057,-0.5406878153576586,-0.8155967810621884,0.4079734666918331,-0.39889288246713483
0.5283322389354173,1.1053866833005765,0.31359166364679825,1.4037794093362463,0.6614895911881271,0.0014304241454801934,1.1643307979424582,0.5598889547456822,-0.5233325426976193,0.508543112993453,0.7849046632003818,-1.1565353785707626,0.09301229273010676,-1.5698776649539055,-0.29934550238888746,0.8385530339469214,-0.02448610715911977,1.5169808599087502,1.0739779183954372,0.20770317664401175,1.018515612240513,-1.5383194178624922,-1.7190435835184856,0.9364554314382957,-0.9791825102657077
0.37890437190896853,0.3287044666313382,1.3295396674192637,2.297880052827163,-1.5873908791911426,-1.4111695357001397,3.7511124263161224,-0.35117986063973283,-0.5756744116468533,-0.7696581105162957,1.0762230017122274,-2.2794888590466074,0.216475979389506,-3.141882572659433,0.31079948971057153,1.3568468683070896,0.20734821020361663,1.6978316605356762,-2.036895718658975,-0.6390074758021872,1.7814629533306818,-1.4826617722597961,-0.9133496400022073,1.247792671257845,-0.8191113062195543
1.5335106102056117,-1.869526863377753,3.9709565413285173,0.9782927171919407,-1.936011198544262,-1.325660676707647,3.441887217074074,-1.1334930995490347,-0.7849023986387343,-2.38008965539502,0.6443524848536141,-1.7394219206635582,0.7177779707385051,-2.6603077736991523,1.9902350301586802,2.567730729582925,0.09141285058152618,1.6634860816966033,-2.1869183740872464,-1.5790556642113809,1.8859259299990316,-1.2932228932136713,-0.030243053983139992,0.9545980472267048,0.7304080651642169
1.6957543470577359,-2.962040237309365,4.6477786625638275,0.019517377845539537,-1.6197530577166626,-0.21322072438971573,1.366685478508334,-0.7152158359722149,-1.7696889076896944,-2.8002129229590906,0.8738411811167207,-0.25230701384632104,1.4081220573847364,-0.1929217798218419,2.6702902240012194,2.6343081384801517,-0.2569472487411513,1.6232066581933262,-1.5765601773784157,-2.8856056269954355,1.485002245206396,-2.2873100353881775,-0.447399500585968,-0.5857666536443992,0.9867942289353262
0.5930802120402441,-2.1564093803200852,3.5657585215769703,-0.4265982263682121,-1.239513891639923,0.7501842402784347,-1.044777163496372,0.05129977428314127,-2.048220726679486,-1.9867721058649326,0.4143838519328672,0.6631885922122338,0.16803190171502766,1.8929952435219304,2.666295260186138,2.208505639199018,-0.5628733184866455,1.5496548121373357,-1.0098989505424376,-2.0310362144148044,0.9645334857182993,-1.8278754234605326,-1.1583907998816636,-1.364395843932094,0.3395480165788483
0.2797909226363145,-2.127597594360239,2.2376783870478887,-1.1949589511211027,-0.22907473973140988,1.4709311878365126,-2.9357022334552756,0.3203859991086342,-2.291388820816312,-0.6929744797115452,-0.07836263450604668,1.2385904679070747,-0.37019778695933736,2.5908569996785547,2.1370582647494647,1.0519632373954395,-1.1481031859249105,0.4610630603041155,-0.6462328541934199,-1.1823888947369832,1.0646893224734721,-1.2228919821552418,-1.1106091118027024,-1.4901908539498565,0.02279198009934541
0.2274042960870325,-0.7345233385918937,1.1306099839772856,-1.3493874719532568,0.4882588487101135,2.3139566544115238,-3.7872197332531696,0.44046459246191144,-1.8849298875188008,0.5353797603995338,-0.36833100771086946,1.8349352994501316,-1.3650535682097458,1.8901244450066381,1.4074383058104742,0.6391122979363906,-0.8674347005382121,0.3944768817366367,0.40220140071642857,0.4856289096934606,0.8975707906475082,-1.3260450237440196,-0.8912516958080553,-1.9325287260863617,-1.2066924174270297
0.2695979129875655,0.3045014771313867,0.43306648014735105,-0.7606715820903039,1.0990716387654622,2.9040728117172314,-4.181014846994817,0.5355346416518236,-1.7425077943663567,1.5270606362443349,0.15064757579184615,1.5156210618319435,-1.5654230467338626,0.6563280454718887,1.10211236539133,-0.09686273788093125,-1.4050278686456963,-0.04127183499291342,0.5266072980192273,1.3005200909583752,1.0828807253219903,-1.135131049696583,-0.9301501095266766,-1.958767768895357,-1.5703248258012081
-0.17683264206248425,0.8781073862650149,-0.5140365575259289,-0.38189219625159887,1.6611026216327092,3.2150007758640045,-3.980768129305198,0.3941865055939607,-1.5449351954979673,1.4278997404116172,0.22156362896132648,0.6163881448562958,-1.3346551602202847,0.01833444541613452,0.4143253359382933,0.13439576978213238,-1.055769370310745,0.16058854638597359,0.6376885236077009,2.0114041126107454,1.4986112385287813,-1.495664669128589,-0.44379037516488157,-1.1591926794227445,-1.340046823219824
0.13509176828129085,0.8513506078801096,-0.6748013895023388,0.031093058750886957,1.7511365781283144,2.8613406609412446,-2.8927281900726474,0.8676099665290592,-0.9014068484109766,1.6414304197563168,0.26577240403333885,0.10712748064214965,-1.3642179013119393,-1.627398282930264,-0.3218413471835011,0.4851662441527059,-1.0211161591203382,-0.2800895285537147,0.13822967150228765,2.3537777632173937,1.4718507077771676,-1.5527839265789918,-0.5604722156001255,-1.3001329862809,-1.3320052481661797
-0.5999189230200777,2.548341637318554,0.2522059499873223,0.5920635079215221,-0.021024551843456973,0.8127781237121151,1.077382126305868,-0.7486637962342696,-0.35870768183014534,1.1596026852266261,-0.2617081263276628,-2.0482501415828134,-1.1286547280062162,-3.7248446983891266,-0.7716843166260602,0.9486854540830914,-0.38172116235102954,0.580204485567451,-1.7826183014493022,1.6233195717500049,1.7151949927465355,-1.6456720855745144,-0.5317174157535736,-0.6818519273140787,-1.511368805236431
-0.7092720948354866,0.8209543810312305,2.937190132467069,-0.14898965276090914,-1.0436074374323234,1.2094334453424416,5.375670252626351,-2.368383366381578,-0.32809539268382326,-1.03541089515656,0.19096510352744933,-2.7591784559355474,-0.2922345762198775,-5.642821442327311,0.9408040068392278,1.8213304055607127,-0.41045427139732416,1.3385532849543307,-3.449880273656042,-0.09673786948172497,1.8665813631881463,-0.43759749934167225,0.38199349248875764,-0.5724484408898343,-0.14696963284157105
-1.240647563418575,-1.2862047546729574,5.866151832398108,-1.4394575400798306,-0.2865799998719757,2.147146769207721,5.834891011970439,-2.2968078822718945,-0.8174035203152482,-3.034823029226173,1.3685200837950442,-1.8193699815657574,1.419647622601542,-3.8619199902105708,3.8684122946294437,2.52437819147098,-0.2033721203670985,1.3426895161737973,-3.964827053187124,-1.4880217042582236,0.6383554322733864,0.9014580177212766,0.9871765275353694,-0.9956941856054182,2.2944310278238245
-1.747379106098118,-1.9570647443834392,6.363602522977393,-2.9380464221928935,0.35783397385225224,3.4672576001695123,3.9270885104203344,-1.4849192870014039,-0.770757726726789,-2.7476259698833725,2.379702672680377,-0.7051161483902796,1.4024216020847131,-0.3304590358563616,5.405157660887154,3.4236674911928198,-0.0872908533680389,1.4175427494857866,-1.625801700839272,-2.0666231775356447,-1.2542585445897632,1.3270173035884671,1.9831771363692767,-2.2305183068594006,1.6668123665011447
-2.4857444290475463,-0.6885490409406929,5.405480700914424,-3.91350583449113,1.4819526476354243,4.472286948236609,1.7015082825907937,-1.0202577388952188,-1.4355400663449354,-1.1483331990199377,2.7695947771026557,-0.04219472247186665,1.8342127252008558,2.1252491530136903,4.2485989868620635,2.5989331923878045,1.0877313895787344,0.9801648605135668,-1.8142341977888277,-1.429118751099972,-2.996201806793968,0.48199943565726067,2.5302612029653204,-2.665085206921638,1.0458309950580669
-2.1752573252660525,0.6909236626754272,4.409202497117091,-4.628482910884742,2.3603669708939763,5.948583410630437,-0.16925192851815588,-0.9371382011532534,-0.9425794439365427,0.1388752196560926,2.7417117089206102,0.8905513510652289,1.850965804438664,3.3408319828315993,2.6648552960817593,0.8845719441158033,0.2467620716922341,0.8075496618349878,-1.0398538333983132,-0.9592410190923829,-3.337405168499518,0.34338722741331607,2.8017263545140123,-2.6535001760035763,0.6460861704274824
-2.2448688885788983,1.8267841431940544,3.5708695307366485,-4.496931762434332,3.0789921813730396,6.691491978133106,-0.7156008635414516,-0.8927900925688316,-0.3484306679688262,1.0625879222516874,2.2137386296865564,1.0426700213100792,1.6201615735698314,3.1352679639306036,2.392221098248982,-0.10594032259933957,-0.3049082552174694,0.6418462743762567,0.07862908410002359,0.7465345994997925,-3.649769545566611,0.8729519301017398,3.482361418540824,-1.8969099285770867,-0.5124724184221533
-2.332415458347194,2.6128944224774036,2.6963195169964447,-3.7445092609925217,3.1404135757647125,6.695714756954576,-0.6044978410467592,-0.8440371685453063,-0.03552452670422023,1.7383383186546406,2.494867430716736,0.672647717475154,1.0698459871976402,2.1983947211782238,3.0156850925511365,-0.0022290357959026674,-0.1896618290827491,-0.07067752051471365,0.5403810337093897,1.7198583118358333,-4.707312253854709,1.810099709161973,3.0463308199043047,-1.3023727106006493,-1.3268635675311526
-1.8405865392661223,2.2904609370983198,2.144071229302999,-3.6039188773803383,3.1724496055726137,7.105417868137459,0.13088084522501686,-0.8576725549062935,-0.4282513485846036,1.947292008635896,2.1648749340389415,1.2307184973098326,0.9919142480010813,1.9009014597817022,2.3682700345578347,0.7402702300153046,0.3036236386908304,-0.9062625475204813,-0.3478699630454379,1.9550914423156458,-5.110765830669039,1.9911417576641224,3.254710651232504,-0.6567107023798896,-0.937878129423139
-2.044168850682256,3.1052166334373914,1.7799365510921428,-3.7342112035241226,2.911099157918128,7.358303092559071,0.7416492315234793,-0.7898333607695374,-1.620399984503562,2.7181376112263353,1.2259773178389668,1.7299872278321242,1.5077672674791898,1.3308305109878502,2.8707934376140773,0.915426799819535,0.10929938237988426,-0.23654010682599697,-0.101738163549076,1.5662491066884623,-5.097108297304695,1.604462905524728,3.285955927876675,0.7091230010958862,-0.3552188744158228
-1.809985137986538,2.6630634789705887,2.197180030168796,-4.292696922668067,2.4615882523154333,7.068421548210885,1.002876267943637,-1.3502156577463262,-1.7795142385260236,2.763806589958685,1.4955836886848288,1.3919010337549595,1.7353503284787657,0.6640058674132588,2.742340119255622,0.2367450063888796,0.31228259377594575,0.5596019840109203,0.6817079394058194,1.158473318809796,-5.343876053607515,2.1948488996180306,3.2477841578950555,0.5648895101224465,0.0009237100499368545
-1.5370463204766323,1.803666875493208,2.5125778254482283,-4.876767601344769,1.6454852212280058,6.53479200011446,1.3227544536770046,-1.1528036066233718,-1.6115676843511402,2.313867397355364,2.14939135311425,1.0306440665821068,1.9480433431978539,0.5176467058227299,2.0524329579332745,0.25286130372561233,0.6688701116747899,0.844493856861029,1.010157309793187,1.3099185332710084,-6.023212924209181,2.2518373724258947,3.077232046425635,0.3548611764702813,0.23563721463338216
-1.6056948125620039,0.9239632843503511,2.3258213159271337,-4.456305567993414,1.0986139061356752,5.640961227084817,1.7828881234749092,-0.9992600765860308,-1.466254466107614,2.5026691674687043,2.6534797129297885,1.5299729827890851,2.553134551948655,0.8116891943957922,1.9252243513297345,0.37745492094437877,0.601659844382913,0.726133469888696,0.858392081398446,1.2594459996097371,-6.6885192273819,1.3554744338127542,2.500175613422765,0.7066062237005957,-0.33585348352406497
-0.12925658902848303,0.43543122815595464,1.9731261470281876,-4.34102689093542,0.3626736189563182,5.529466701117105,1.2796782815867593,-0.43128645717642555,-1.5267614414079373,2.967239851416478,2.5519521670427374,1.199820129343353,2.564701431346593,1.0408120218800707,0.8527035941743996,0.9051712596693385,0.5086356382086997,0.9206356231147153,0.6951894606092393,1.0608052201375746,-6.419791350112387,0.3423453891842868,2.2222405680515704,1.1886677117790365,-0.5632682258076341
-0.3609253025299701,0.09201649068628293,1.4977447320121913,-3.9913041022356137,0.010492944079669133,5.293442712868886,1.5741057876892914,-0.18432492887391136,-1.5531193688427238,3.0252133316584495,2.559466417727101,0.6544736169147123,3.1550928651780703,1.2194890779878302,0.46868820660770616,0.8711263889592096,-0.23242910708354922,1.3566270167928411,0.9025545565060434,0.2657506613753478,-6.180109935247898,-0.0750176019349857,1.8667830230205995,1.19352142498832,-0.3882570886389084
-0.42095866417125627,0.4859996053784522,1.3624524678620598,-3.636663696472467,-0.48318878926383874,4.652025514872634,0.8278127897804075,-0.5332948394287957,-1.5126116527191118,3.6213266286238057,2.2136701209756415,1.5521262754067817,2.785327921251451,1.818868892528428,0.14238965289759864,0.7910850158308628,-0.2528266594897091,1.4963205427233495,0.24453346119892308,-0.4983271201614398,-6.052506041237447,-0.5831786765765169,1.8733156633214325,1.2182722225139002,0.05118243382832374
-1.367367632576037,0.407417981222339,1.5977322100990623,-3.3915823063708332,-1.063561490271177,4.7158070537845935,0.2509891034907809,-0.36826339544188524,-0.8556621266728504,3.3510831441535887,1.959510623185991,1.1084597037623356,2.2058114676757095,2.259596998871434,-1.1663271882802024,-0.3699929730822996,0.1229925869166289,2.0314862635887367,-0.16477545954262646,-0.8193432044959699,-6.263571759712519,0.6679363132773725,1.6280669235933745,0.7362959846331001,0.30800769459694916
-2.452806136552435,-0.15964708575281733,1.1742960195856185,-4.107901305136375,-0.6222620610282198,4.970105836669976,1.507638064393977,-0.49897921522931477,0.13238014257415665,3.2434000989937233,1.0498835748131952,0.9160462685118314,1.9249825190261012,1.8954386349521026,-2.1424628089315387,-1.5642198860279104,-0.1392466778560955,1.3807870815178602,0.0375631655108467,-0.3325178743381421,-6.556835490790204,1.0490329921788883,2.617325159047022,1.1794006878667782,0.45810588417215864
-2.1888043629612985,-0.45437469129443564,0.8612761425201185,-4.171934313340652,-0.17243460347807008,4.873300881996805,2.924716950051779,-1.2245082234617137,0.0241906303160565,3.664707166578145,1.7265341356770825,-0.3204999753746583,1.6897596362800065,0.7542979739052853,-0.8350884724434674,-0.911235549805249,-0.1713405747253468,1.4318906218811942,0.6875213117278938,0.42375666610939755,-6.771773822374735,2.512610072329306,2.700580366111905,1.395940534163581,0.47046443642904545
-1.3433715554138106,-0.14331223821037353,1.5319401069525025,-4.04617441847325,-0.1746803317311987,4.172406078193998,2.720560377718804,-1.353562437984639,-0.7543490389923171,3.1361879383196767,1.9460990010170824,-0.2921034980170246,3.2313237704365423,0.9496173169362265,0.044524172348659345,0.4855483164324299,-0.05983583243733266,1.1434364482284054,0.12532981675571286,0.8768170853448825,-6.768144057301198,2.480464926261618,2.3785383004555767,1.4566330724218841,0.7306466424273999
-0.9770400813103743,-0.09441309419223755,1.807513481947792,-4.028357693261028,-0.6897784938371901,3.538862530730885,2.4619951297210525,-0.7982111001941016,-1.098551161451344,2.3162276506490835,1.6500988695806287,0.501882096043335,4.4201069681575476,1.6316241084119631,-0.3274504179349522,1.2418248988906637,0.36919636820949,1.1761719751649706,0.3595638737149537,0.9176772098273083,-7.218053188900584,1.481667073567344,2.20133975010802,1.308673034119648,0.5114156912239569
-0.39418854725758673,0.11354952113131457,1.6376245183714069,-3.410994674481643,-0.6946003591018732,3.2634555064879907,1.4284844606047944,-1.2321399120798944,-0.5494309123814304,2.922771253070302,1.6886175904666154,1.7108764410541264,4.590309071670787,1.5153768661334592,-0.08639415781806141,1.0751527062215223,-0.21882989681278808,1.5232574861949366,-0.04518571128324298,1.1790017353825697,-7.149116500611067,1.1273696604913601,1.793142971990164,1.0506212772645154,-0.02218983182534634
0.6280622047595403,-0.16031709647129347,1.0889674287101718,-3.599293993942729,-0.3108780567171539,3.0696778926216957,0.7454621374616643,-1.1309537980977609,-0.12777146901483724,3.5500216341809683,1.4764290729237373,1.8040714989493527,4.132726935609254,0.9816584561029703,-0.3980258858697781,1.0209805345288396,-0.9967550135411447,2.0344692782805063,0.386895427696096,1.5061365233984914,-6.9793118942183945,1.283960031071273,1.440940761791763,1.5195481293657886,0.4255925593876414
0.6541553048373691,0.1832155379986433,0.3103927019965286,-3.4433770849062046,-0.6129414509056076,2.3159247110418844,0.6459989597692603,-1.1167265951426864,0.4807289492830997,3.6186459288256674,1.5136012363704427,1.095420819737268,3.9061767458766075,0.6863839847005988,-1.7317833872351485,1.9355700923502772,-1.210432338225056,2.3249690990367022,0.39768626923687683,1.8535994590993565,-6.625728481138515,1.9009540740635276,1.3306943292358409,1.6936304765769437,-0.1990557332776826
0.6122183369542448,0.09954425504553538,-0.19683767851476822,-2.494383642493018,-1.483316131804275,1.7560337694972352,1.0235831273948612,-0.8077563718239665,1.1073719125861843,2.601215444798521,1.3609524061134828,0.7178403837703299,4.343453979684937,0.18288461703473663,-2.188507718205959,1.9418837610601298,-1.6348180197015925,2.531910236057145,-0.056087597659949515,1.3961975733292467,-6.155686364877346,1.6690817794783879,1.0513648031175353,1.7256432034283478,-0.38140614054391797
0.1432069722936363,0.5251376007350314,-0.01609795990394982,-2.4633238135784152,-2.1344883787274265,0.7515014669161023,0.7100785207566047,-1.5296087854445775,1.3522262957136235,2.54676982041949,1.0344420208096323,0.027520763881065394,4.421774732665968,-0.3398954622743428,-2.594859537114245,1.9061518533471626,-1.7229135464986844,2.4755219784879445,-0.9991687643372335,0.09977027134118478,-5.468670791329768,2.633318157033476,1.052987798745293,1.8709052820988163,0.4671803849728233
-1.9486613442281087,0.4326863208430757,0.5799531713292799,-3.3913305314834687,-2.7719590874167666,-0.02539046114994331,1.837174462824938,-2.339055816484692,2.4712610692782677,1.4965128647641839,0.7497526872362009,-1.5085803633217667,4.135533418267097,-1.1564820997899106,-3.149538619940043,1.1125795961727745,-0.8529423563904927,1.4223833413246358,-1.6802452035882107,-0.14878357783490542,-5.094062632714766,4.775183431658001,2.352023376477056,2.502642561653548,1.3472963254259835
-3.1404626943609952,-0.546624634488916,1.7662991767790963,-4.60180216383084,-1.621430179194663,-0.4887953313735724,3.0556717206040918,-1.8324617902440719,3.716070694962354,0.47201311225329884,0.2600039423354341,-2.449976352894221,4.497308602593991,-1.2864148863836786,-2.1371792108742693,-0.46048068002758114,0.2984805116217386,0.2917077750492461,-2.0494199919030147,0.19426726748452805,-5.158408382086569,6.766782520612578,3.2643247001427476,2.1259543333622757,2.44498303845935
-2.456516569632657,-0.9718774921290652,3.136613626835221,-5.772914477947445,-0.2997246562786482,-0.7183041915241882,2.3301542129505584,0.14748554665056077,4.420615827407577,0.24199947664653484,0.4728847756383415,-1.8212599023234555,4.863410963369056,-0.40611193726560485,-0.6784049449569194,-0.4014943067931549,1.1481531892765555,-1.0432753680350368,-1.2076967634440738,2.348251482554686,-6.021936042273333,6.851075380156344,3.199770184078542,1.8700158688170059,2.0774008780195676
-1.8058667136552307,0.4853525516197455,1.9130102135970177,-4.774706979684506,0.7350615790304565,-0.46776640951310666,-0.2118317396910558,-0.02825514391777785,4.640509531904136,0.3538905400213156,1.4426507339777213,0.07393131055138417,4.549205793076265,0.3700168144384206,-1.381396162030011,1.5644406643853905,0.12088328408383196,-1.0136684235908169,-0.4626381027598211,2.2917157918710513,-5.528194093587162,4.98047871095568,3.0290187865536335,1.8341882832681777,-0.04855323581997539
-1.113504685127543,0.5878958581392055,1.189833094988096,-3.7317772963856735,1.138791549336863,0.3014289648795202,-1.0600447007981415,0.2576551136297636,4.406602518314606,1.3055691385034598,0.7753630634873997,-0.556116439921388,5.150756642500559,1.006799328658902,-2.2867206634126402,1.7861630030107267,-0.5386389455868605,-0.5252464738318405,-0.9197097400021744,2.282056898511909,-4.632482466076108,4.362167988055655,2.590961201096656,1.7325349937282906,-0.32975417364009124
-1.3306150381506618,0.37790981975641946,0.30272602836017404,-2.902590618775685,1.5521542856209116,0.7037279342024716,-1.742571926576694,-0.06346931920807039,4.573787436903889,2.103327265779576,0.39099409959286374,-0.5826123534091275,4.468889106005266,0.27406385704093633,-2.4562745954104024,1.3884559397076282,-0.9609822381333755,0.3567383364429386,-0.48011132909898196,1.9243393619524793,-4.437754466705628,4.445978019314224,2.6678652415201625,1.6673545507407386,-1.090409232305778
-1.5577284844185624,0.45962088371982807,0.5825968777794948,-1.5589385663318656,1.679352662057488,0.6784428208958174,-1.5914572168342263,-0.22301634472284232,4.601192111229031,1.7963750162545287,-0.30868902703832796,-0.7722978374977727,5.077214083802758,-0.6122829657662863,-2.7572727858721704,1.5023197847987475,-0.7556813492338076,0.036259319406601265,0.03237770664474871,1.7427623836547623,-4.107643295410714,3.339746290224933,2.100742525050868,1.1362276888306053,-1.392008747039608
-1.7173164085662251,0.3782195788825831,0.7655254493766351,-0.9324698532328193,1.6422699836879693,-0.04493269195707858,-1.6944013401441942,-0.5960685846773849,4.757401358282407,1.4767384653014268,0.6269738421361531,-1.6406513893163432,5.298951981895603,-1.0854068402871169,-3.143066320863688,1.5393112193620304,-0.04955704911298962,0.3286144114262786,0.31304922850114303,1.57619086732549,-3.9095801001262465,3.055978378418763,1.9324815050043507,1.370882341107278,-1.8072718437398767
-1.025306745326937,-0.21174343656113895,1.8773188668145857,-0.8765668964390251,1.7761848263244402,-0.44739575441881363,-1.055758528908631,-0.6943571275847188,4.694546537543822,0.6109082117025827,1.407230868871028,-1.933522114263387,5.820909013022901,-0.9448874169667418,-3.9638369923119403,1.6622303689337607,-0.06842887691076713,-0.08572416506262014,0.8465468486642859,1.587184472042003,-3.5742410120554466,2.6353649219244977,2.194216227526478,2.035093142587455,-2.111704305583161
-0.8451295984119561,-0.38720122015965863,2.0705162319086785,-0.13816773081761358,1.3022055490374362,-1.3607674387714384,-0.5499857858086535,-0.24967199798579967,4.362652928442357,0.7039605574716431,1.305429918323097,-2.2488728501512507,6.26084412143656,-0.9347847770423384,-3.569744621096885,2.28940802301238,-0.20752638184603894,0.9127947714635987,0.6242927420933603,1.3972832086161988,-3.1974308339494644,1.2576856837115573,1.2400948010757347,1.726738322413783,-1.558347740567678
-1.3040113146688799,-0.36419727240882477,0.8013235840340711,0.35260164364272467,-0.18603788630391457,-2.6687282074541505,-1.3816751369783207,-0.41204578021053717,4.887805022491019,-0.1714198385503417,1.8237823925585188,-2.458394861189844,5.839857818129042,-1.4849585868609338,-3.6146814478450544,2.7193461865402107,-0.9639540284450344,0.9145122599779971,-0.5271908829428437,1.265426629952487,-2.3700604848847595,0.491336192999887,1.450201797335171,1.4284700592696327,-1.330711007341699
-1.5601547030799148,-0.5674118465976252,0.6066070884006535,0.9362784132918585,-0.5865983956285171,-3.895576921753266,-1.6155100687603972,0.46296391645336027,4.526694256559503,-1.0392780549844376,2.2864320540796816,-3.369669243594567,5.453631306622439,-1.6229109725554758,-2.839790513347534,2.777865428428525,-1.216215184233785,0.11471870361341042,-1.1955745167972105,0.9375776351053218,-1.6624689566914737,1.2365253790992183,1.728126128147488,1.733538469188891,-0.7323641258065353
-0.2570646411890118,-0.6436625126612746,-0.32924530474723546,1.9894895663111607,-0.48887625246172334,-4.755339562542746,-1.9082515405508724,0.5316345625992983,5.4805552228188334,-1.276922058960997,3.1051891105822875,-3.143752100337284,4.3298234298746126,-1.1005292807495821,-2.0829721268989934,2.3083322651063636,-1.4450961789166075,-0.9915122769826635,-1.9502232452883732,1.710942331385586,-1.2054159416900148,0.9384030572184026,1.3131658830243487,1.257209540053918,-1.2375830238839267
0.31182680987305156,-1.331469928955642,-0.5780855127673773,2.5373563532938626,-0.9531958732877852,-4.548158214785878,-2.2784559110231526,-0.6168366182522521,4.495365559451234,-1.8546778087442783,2.5313046952451805,-2.9697788631414066,3.9400644851298323,0.2085686807909013,-2.155861511221161,2.610275265360099,-1.9634870214468554,-1.2541962436679095,-3.3243954401659357,2.0397013025659474,0.01803778606033754,-0.20135556470045515,0.7971223685580948,1.6764107802844028,-1.6132942098553624
1.3065770815154423,-1.589916189276129,-0.24550042054507404,2.2446998817008597,-0.5644847979508141,-3.185182172540014,-4.064285992083369,-1.8843688146858286,3.265918256070169,-2.6432227275681695,0.1042379635171645,-1.49670765450155,2.7677135746171966,0.5692528534511535,-1.586237016142981,2.0894178020775542,-1.6942103348958928,-0.029186418388242735,-3.0106503684845736,0.7488538223963381,0.06420403624816606,0.09055821295167854,-0.13545513556671773,1.5584964801522463,-1.9034920594157807
0.6080122598317143,-2.145475663134828,-0.10310151598689443,1.475291357205423,-0.36746778162810206,-1.4336953975800448,-4.738887190615345,-1.8094419819297192,2.512673246899065,-2.822153066544453,-1.9526518676003843,-0.8861579300672472,2.115834908934376,0.6141167536909868,-1.3372967836828962,2.114479150468051,-1.2515420539820803,0.7218428595530707,-2.2084793639140363,0.7610229913901455,1.1082380624889379,0.6222110284467444,-0.5998073532729672,1.6474858459096957,-1.4516273933886876
-0.3462835237870634,-1.937091240294244,0.32910534023447036,0.4960195016711406,0.20275669481086506,-1.0037244104223377,-4.804005517570561,-1.5041727701862524,3.2356929738518967,-2.3337462241766493,-3.0743051697534143,-0.5961017787345471,1.4934726553059232,0.29135428381587275,-0.5152222284608039,1.6593775583122803,-1.000893139878455,0.8681723084019929,-1.7765799183849058,0.011005301964276584,1.206823847675937,0.852112651975483,-1.0686727089006962,0.7397827761119609,-2.1169325323807193
-1.457193787676695,-1.5537755540090983,0.7651738239374899,-0.29301732248081147,0.5343135695856464,-0.8176768827929214,-4.445848870273457,-0.7067265944091029,2.53826800544101,-0.6507183360829278,-3.6893448376022877,-0.7604313431803907,1.8325367590442694,-0.6931983654910733,-0.5101972491238537,2.1059355368965686,-0.20844656714668605,1.7189231863237688,-1.2680814598445729,0.5621895397390477,1.7661202884712568,1.1165030168557848,-0.8400081833728426,0.5961009939841511,-1.553598447534195
-2.107179800049896,-1.4356863600046144,1.082198647608693,-0.4815657634413702,0.4882427661699335,-0.7023801050210587,-3.51033767819907,-0.625875287769715,2.873207791768381,0.8495584928635757,-2.9497161514214523,-0.2383848412189751,1.7574425850289506,-1.148918073564009,-1.1553323743729862,2.6915644718226757,-0.10139216714960604,1.2519142076593168,-1.732102203308857,0.8979716211786135,1.6364804091097531,1.7451209637943905,-0.6396925530581238,-0.15850001682573378,-1.6096055369367486
-2.740517253227509,-1.35071636261481,0.7480349662123695,-1.2778498978227277,0.37318471475816595,-0.39774389385786796,-2.1039028956818093,-0.5903851967799666,3.6988894989063534,-0.09654085124232671,-2.8598970886003987,-0.3576589387377256,1.5827759441385676,-1.555324075053,-0.970892033175322,2.356715826656845,0.004322550599576876,0.8757734565988875,-1.1817409284504061,1.7602058717471274,1.6182316109507717,1.7748089782313252,-0.34184840494288726,-0.36344771306573365,-0.8021509152243328
-2.041809047054895,-1.1399300557263494,0.660008112956653,-1.2576341505679547,1.2199759366156637,-0.17928663437679604,-1.9944461468973778,-0.5592704938540708,3.1495168356042744,0.47110019465433434,-2.386763260072223,-0.9584730269193854,1.5688599913201215,-1.463842385500467,-1.4282746955300545,2.0668048741025826,-0.07747774241404809,0.7638854683039552,-0.1876875389817064,1.3398688530686669,1.0692097560887763,2.3283313598230673,-0.9165489758060358,-1.0349373127035522,-0.7732591601528487
-1.4210319240662446,-0.42705325477847333,1.3759486096288307,-1.4252536514168783,1.4165094112468541,-0.9128466794211372,-1.3333229907045296,-0.7369236512899932,3.1415954712225296,1.0757139507908402,-0.9256300152265424,-0.849860084759894,1.7179873319339822,-1.249741047216407,-1.296717802412718,1.92270013154169,-0.35076559394368334,0.0980492928701858,0.6229345834192181,2.1242676463060333,1.0874667806861766,2.466354511035767,-0.6034186282714205,-1.5807162168590416,-0.982172323697043
-1.7795411895589694,0.36483685287411555,0.5342277626572183,-0.6819151661712082,2.184845987786069,-1.833040756684628,-0.5738870365685943,0.18475748935707423,3.2602408870230533,1.373094443095506,0.9100206563608009,-0.9671099381564746,1.8517638883147023,-0.9994260375702227,-1.779670446403897,2.369849766309558,-0.25621907301952923,-0.28339515621465244,1.046863616234187,2.349585873285266,0.8830743020246792,1.6153114526332486,-0.43069734207121635,-1.7859694819685814,-0.16362714577706772
-1.0894498200173501,1.3901513213379633,-0.728239383389269,1.6441885241802496,2.5594273634456846,-2.346024397716462,0.2696000314887428,1.5659407548455186,3.5903560247642687,1.362942519503877,2.4551367337380845,-1.0662637897022433,1.5832963902118755,-0.9176658030499301,-2.5658757262324605,2.212191137405879,-0.8770892137376464,-0.39869902087809295,0.7912951643760322,2.6865714532078413,0.8890401046439799,1.0779738611914265,-0.6935612787518646,-1.846033103352466,-0.26410945943348096
-0.6666745775640954,1.771806872521559,-0.42938997197018736,3.4332448919733247,1.440660389241122,-3.6753467176292793,1.2547827499605606,0.7992562615191845,3.3722653874455712,0.13112412280077257,3.333862429403572,-1.3925466158679574,1.7511850258282355,-0.911639431362488,-3.1505462848494323,2.4651826765386375,-1.442846968210908,-0.2555122836677209,0.3293025659632427,2.064448587547388,1.168048376047877,1.071349906729965,-0.13894980687932548,-0.30503950213441,-0.4319060562189182
-0.5143965839580257,1.579016521528978,-0.18044196183211358,3.6248701670812222,0.32236623710180334,-5.142762281177918,1.4125876545001266,-0.9498708697803717,3.775176274528192,-1.3679523079043312,3.380452279190439,-1.796317168441902,1.3828122573197061,-1.0254340312407553,-2.4168142579917777,2.2789545683871504,-1.0455354577858977,-0.14569959333544094,0.3289558134469762,0.9616350617758834,1.4650377728368125,1.1768099457433772,-0.13955700392488668,0.3197954863158285,0.24016501200643675
-0.346144358125445,0.2853056001865209,-0.6509523883275594,3.8154714684749695,-0.5495523735086052,-5.785095373989463,1.1924563694332315,-1.2389554497726785,4.803002938118057,-2.024178127188973,3.5053731515173787,-2.346634482986504,0.8502349909179355,0.10923191557990065,-1.535688535290271,1.4857057958821982,-0.9733105556854423,0.15410768234660993,-0.49131802156281545,0.4769642209379853,1.911529079748647,-0.1346754536126996,-0.7377600425972145,0.448625283639202,0.05130736353975668
-0.753142357836438,-0.1770217147858465,0.04730129855579129,3.3902367072784263,-0.13608139583987106,-5.038988373174038,-0.8821795647516143,-0.9706904565757114,3.9200687511897203,-2.2687518472136023,2.715534900896999,-1.5465902606795952,1.2149065290619463,0.9230043718911403,-1.6040774523698444,0.788066630477655,-1.3307199588904381,0.14356942233314557,-0.4918726978150663,1.1066959248257202,2.6668827659675762,0.5649780966134881,-1.0682548513204515,0.029998542751137384,0.020359801293139912
-0.6086684021555873,-0.8954233597596348,-0.3812568291627326,3.3279520664018643,1.1397614019119686,-4.902388372265561,-1.756602016595502,-0.41972096807178677,4.45424899196042,-1.4248384142507473,2.9035240645827396,-1.1053273348390342,0.4890880166855513,0.7435766859226547,-2.4280841292208275,1.0383770534148478,-1.7017757954423056,-0.11638938707458991,-0.6950084742422429,1.565104362361891,2.2118925459066805,0.41521857879787233,-0.9099280532091386,-0.4001944459122765,-1.0611408252546828
-1.0835641148890771,-0.8203528002329917,-0.3992385327683335,3.4486100354897773,1.7962873648679327,-2.8733360830947885,-1.6933778596301814,-1.3668335130629852,3.920599292377874,-1.7921309534193703,1.7402418136053401,-1.743717861416102,-0.17024578266439977,0.47344867244077876,-2.7736035775693835,1.904245039794443,-1.5937174955446634,-0.12578849587818142,-1.1007178033056912,1.4950847492458015,1.7745518017803021,1.1147978913617231,-1.652154995497243,-0.10911504700424639,-2.358196995024053
-1.2678617240097863,-0.4281328922617085,0.7955608330528138,2.5101442161707,2.249031964859995,-2.8342214599949864,-1.08324799810255,-2.5176418434202796,3.508633219425976,-1.9842679989273888,0.7093412491465028,-1.9809234995648535,0.8457628000933787,0.101879047046278,-2.1072912843134524,2.440016569351344,-1.5701508308962202,0.5375759501240055,0.07543950828239128,1.6449107529487215,1.6181290494923741,1.346755729593407,-1.928825516889225,0.6045087601219175,-1.9168939916298706
-1.5713784582406078,-0.37316832077285533,1.689160874443739,1.1603007831386984,2.0996127500899924,-3.3826717176712826,-1.0463148217786815,-1.8282470797685775,3.326303254662942,-2.543004325763901,0.8848781177215662,-1.0800927377033764,1.6625829056498986,-0.36179812092434854,-1.187677484275571,2.6179918131509297,-1.3106964856598662,0.8135946797220756,0.5346393367462515,1.8842878614980232,1.7512880853730473,0.9150136697716311,-1.8226984984832375,0.12025648100059269,-1.5122941073364768
-0.7709500933539444,-0.3921091314806744,1.893164731742681,0.5721289837755736,1.9912685581544474,-2.6377379996665353,-0.9074254881481797,-2.324175584562909,3.2044689079050297,-2.34396598155001,1.8593658053494115,-0.540383138743383,1.6545359327654154,-0.5682413461884885,-1.1274157816065464,2.7263498793374694,-1.6286916706164682,0.697422872000025,0.6712691746237673,2.9405736255658543,1.8204932597287573,0.4567256221171432,-1.3721354586511139,-0.4573144608188957,-1.8192206142546399
-0.9010284858482507,0.14863387067418232,1.6356931296219277,0.7304904540458098,1.6968867684230904,-2.808528169292195,-0.9166250171953222,-1.7003036989825997,2.8747306025704957,-1.9572891336171074,1.5572120805091696,-0.4815180515649522,1.4419806487494309,-0.048579439012516844,0.13833775694949124,2.587044356933757,-1.8957333155248444,0.949829056777266,0.19081729505993256,3.3127819255222817,1.3131135316304992,-0.4172421600723907,-1.7648371099016218,-0.278335345560935,-1.8192822887198299
0.1043766889963556,0.24700978108598176,1.058125283000899,0.804129292414827,0.9708343794926662,-2.8415232475166676,-2.2833274185170516,-1.506060570692748,2.3703978233824,-1.7673606791760352,1.2855968276844396,-0.4891252066328253,1.54823091132263,0.3416774960368574,-0.04830025629217888,3.0009768526978533,-1.851991460636344,0.2420735789256104,-0.969409006647848,2.8366562157219875,1.1739298602302954,-0.5180066013544283,-2.13474887788617,-0.6249822044805077,-2.1034659652243732
-0.5272212540342072,-0.297145784190389,-0.095786335187592,0.8539865491730012,0.19334656112514836,-2.41760347071545,-3.3654979462626606,-1.5091300816831812,1.40820552959056,-2.3058298301488556,0.2242832370137841,-0.16653733251337735,1.6022117332448957,0.1793442568546794,-0.9893215040480585,3.00977843831096,-1.855594860211776,-0.26240353950614276,-2.172027762180647,2.869327774643457,1.547136037710595,-0.3674714920729147,-1.4696285608928263,-0.602988107430913,-2.198574643705273
-1.3028524474893988,-0.5522582411413149,-0.05184053588437472,0.8397236905814897,-0.5400671700498446,-1.6920537996350504,-3.874938010679921,-1.7520242436783295,0.7720573300446661,-2.802693334936364,-1.2530450375105868,-1.2120963758171652,1.2040514712751507,0.19887266205279144,-1.236425491367152,2.2585612763183076,-2.351655792438652,-0.16007427387980494,-2.913643391753653,2.020682169254443,1.917214345893593,1.0202132377950726,-1.8358598098026404,0.5125266070678353,-2.0049384355341644
-1.7323970965812423,-1.3097375023845368,0.8508359622402454,-1.2188509897080892,-1.3447860083259615,-1.75773689478224,-3.5425707338426546,-2.482994120238375,1.7786217497176477,-2.854857887770683,-2.2403523856007053,-1.1729792374269277,0.24623139154216164,-0.5884217684724576,-0.2719473803297943,1.1097858744081912,-1.7139815378082106,0.0681222377439132,-2.3033288565193133,1.3643244430674328,2.3438853766846726,1.9838034388536825,-1.1234888319880107,1.0894180576917138,-1.10665055996436
-2.7510644051099526,-1.3232415640549873,1.8172224163974027,-2.9382506638054333,-0.8331205333427568,-1.6591040386589344,-3.5350168485080675,-2.1175150508158027,2.564020060740808,-2.004127103624678,-2.5880442705239877,-0.1197280017687566,0.6344741194076987,-0.5013413417859235,0.5831592511683662,0.0902705268492898,-0.8709204941986384,-0.12755585461605118,-1.4720524327218025,2.5509983582207787,2.1717011740242986,2.32806877754465,-0.6855932334424931,0.3368981857307268,-0.2501814774989767
-2.5304024000869565,-1.4415271036690307,0.9118400135762218,-2.8174556124254897,0.13909280437894056,-0.8713493463203105,-3.7974856847622847,-0.6493129161423246,2.7632689390747274,-0.6297620929275863,-2.029160463150584,0.1432142862914654,0.5750296658700309,0.14115368969185088,0.711848649379451,-0.21705840409040195,-0.5643385031264694,-1.0248338284776524,-1.064663480472319,3.407188296217174,1.008696980195553,2.7887117742067344,-1.0818438792188878,-0.9240019791857209,-1.3641290422277677
-2.1725729563603795,-0.9625462509193168,-0.7947689497109962,-1.7354511713879746,1.7384357034619373,0.038244664539271105,-3.9353176939412307,0.14511428144467495,2.0650030614083303,0.694422220373885,-1.6050470378276034,0.19566526306965237,-0.2401368179518814,0.2653063478286548,-0.022112217132016162,-0.07603180342086344,-1.3464729030504665,-1.5927937669318306,-0.3214737716145497,4.4432702280450735,0.5709498100671009,2.031130910543382,-1.2032939345937892,-0.2666018932734287,-2.095422663404105
-1.2157914938612415,0.6035216330351592,-2.0231617391760195,-0.9618565640252149,2.211636896827002,0.2585347326285687,-3.277627958233414,-0.3160294943572821,2.1415185774900256,1.4881214898650714,-1.5504216687472026,0.5031531134529499,-0.5940318919861337,-0.4261446326233623,-1.1334877877530964,1.0774606667348037,-1.4781503168591243,-1.1417221357255207,0.35211199887321126,4.134223898176589,0.3206507131615228,1.3879822216653899,-1.5559440797168937,-0.13826431888587576,-2.7249179432575223
-0.8318673482240004,1.9682625093695818,-1.6918945831108927,-0.0046561601882875205,2.363132044381641,0.024876663961166362,-0.9672648824533234,-0.540962025743562,1.7528722996446469,1.8855858879787877,-1.312013551881581,-0.6216111823417984,0.19837852533196884,-1.6304086017786674,-2.5852219368072427,1.835182693174283,-1.5472570233672254,0.006910493295289186,0.4603229406600169,3.165952737784357,0.8805938779103487,1.1001462064504466,-1.853871792309742,0.6525147967545177,-2.1158226313055515
-1.79960462624256,2.387672185140965,1.0989943299457876,0.9263781812487075,-0.5173575840528045,-1.1489956153508187,4.827368006284456,-1.2968813669787165,1.4063500397378461,0.20361574730087537,-0.6004570780559618,-2.262629346558258,0.026664519184817548,-4.748214586958361,-1.7991574375329287,2.115781669008819,-0.28793355544405297,0.9181807615451126,-2.81883902135734,1.5139310390804679,0.9591588747931168,1.3941696771060414,-0.4711955014778097,0.6278647753040434,-1.547645071026464
-0.5622391597488494,-1.7076682956072622,4.82420439516648,-0.9461175817528398,-0.7893261923584388,-0.9736463326400107,6.266322857463386,-1.5633111803930324,0.5629547170193432,-2.054832637867104,1.2311959800322667,-1.7665126457910842,1.1514184440281352,-5.287896585324075,1.8208715905925599,3.1730128267909468,-0.0013415056977220466,0.8748725405065158,-2.248357030000128,-1.1783001283172065,0.7949359087845324,2.44127014133424,1.017397456419807,-0.000332508414780025,1.8721702110811145
-0.6690042599824668,-3.0441867772695566,5.478519720094342,-2.025239498965354,0.011234785767037542,0.8044897719545684,4.011272274779698,0.27598108836336716,-0.6776527484866983,-2.441557999713396,3.717475061294079,-1.3088661100924697,1.6191723214476759,-1.354649782222649,3.1193537255814263,4.158027329755185,-0.6826425995777684,0.7218484349510599,-1.7433804054319044,-1.8922015904014498,-0.37056190491326824,1.4823621825276108,1.1966737464739121,-1.8747743349153652,1.7631090611215068
-1.1700917909272137,-1.8995606217637928,5.123821184374582,-2.5885517968014025,0.42118476987530495,2.091125671324881,1.1081168860678225,0.4970518491058311,-1.1157005365453685,-1.7663595992335408,3.7365109742796,-0.22062041704020013,1.4162745828592573,2.02578327749681,2.874909950201291,3.611234712202574,-1.026806857196588,0.5674701737072632,-1.9805360648245505,-0.796561691278971,-1.120619841669278,-0.3001488289023281,1.0464842722996455,-1.610348560248496,0.9657393926694513
-1.1121388696526961,-0.5302138499761575,3.710327817121483,-3.078875738817186,0.8673816447463719,2.531248471860155,-1.9870887102947197,-0.25166997032650573,-1.027635116724875,-0.6070525306751453,2.7990146577020334,1.5714764402837402,0.18351238362800307,2.947021627675225,2.6899839621334847,2.217416020319699,-0.7413631858833002,0.3125174392729106,-1.4752597675901973,-0.4172755268867294,-2.005781407749023,-0.4871646874635823,1.1827773975140128,-1.7611784010420015,-0.36427944100206966
-2.081374693902005,0.21627855411776875,1.388855016169452,-2.9539226892464385,1.565161590560155,4.570466686843299,-3.3277389904385197,0.09611462335283341,-0.6549788391480895,0.6612508258123915,1.8412249826222686,1.7441491816639418,-0.44028982263966143,2.8613605729190255,2.249905115136188,0.8641672245411662,-1.027817013905141,0.09331338160236918,-0.8722178025221518,0.3724462003570194,-1.9765701340117465,-0.35984025140316284,0.903916369900694,-1.4975980123409032,-0.8805033097819235
-2.427015376605816,1.0801752893228704,0.8009332356181845,-2.3996901119544507,2.473584500479052,4.749441448654832,-4.536830188646867,0.37017892880386616,-0.05180524826536891,2.8685779293443465,1.0789982792427562,2.1224142742749956,-0.9870720587481301,2.223937219558023,1.6595869755634143,-0.7446633296996095,-0.4929163124118613,-0.27612191982499923,-0.6063798947886334,0.9338748967614617,-2.1375450540904035,-0.043065419999870104,1.5440061774676386,-0.8017628321001783,-1.3823591564158921
-1.9921832691392576,1.3541298773578787,0.06407641668529004,-1.8437027940330633,3.0959171077158505,5.355589858509377,-3.709322950979397,0.5129915552818279,0.4870208927837171,3.6296977291720207,0.9876889187391324,1.449721771963157,-0.5137842868640475,0.6850198879511927,1.0812357367608472,-1.4881021676706336,-0.3643009733419254,-0.6455645146660006,1.1474060143151272,2.7868627604470566,-1.5613860605745065,0.03436538886712935,1.8248761690932307,-0.2079711014655671,-1.864179687612477
-0.9002337277336308,1.8940778648253656,-0.37141680132273086,-1.161536350745631,3.5332946242395944,4.932652046724995,-3.3090439978469925,0.9312399294191863,0.7763013264101729,3.408873367067681,1.2924005320719332,1.0543449034825427,0.5036092365629725,-0.5746148657924444,0.7234807747934222,-0.9046594415079734,-0.25445682966559485,-0.8659845486684817,1.0599879456666361,2.699132822299377,-1.4042434623356321,-0.5426088960538431,1.8872547055394482,-0.13521214399626036,-2.611897638055741
-0.604741352001647,1.8212514503262425,-0.3720598928032265,-0.43998577469513467,3.4404065004614233,4.251308886708032,-2.810137966905447,0.410343025660014,1.219329695728802,2.6469553711649367,1.5672685182326325,0.8557027774664072,0.933882436539049,-0.9450203948248714,0.7485790514906852,0.36286752981136633,-0.06870351042826962,-1.231532814582336,0.452105611264436,2.360463761380596,-0.9321740439285887,-0.10718326158853572,2.279475767221889,0.35355707775185347,-2.8549986712968822
-0.5575748059645593,1.9801193683413925,0.3349204560474352,0.678647110276967,3.9964657746333203,3.811613030218401,-3.2815529178855667,0.6031308918976912,0.8497546701572029,2.122271562231766,1.5821133025200416,0.47801402691826156,0.5468820588636326,-1.372702443209972,0.3355154896271956,0.9085049620306801,0.09621060250240043,-0.26668737897327666,0.5722248824438534,1.2282941081882148,-1.0043932495659647,0.386695462158901,1.340743795100574,1.2944299541263946,-2.197599951303598
-0.3091938001669166,1.4841677382380951,0.8701319029388439,0.9000848290808761,3.895442928565739,3.276091976955734,-1.5605110137482536,0.47720020071238034,1.107343482005062,1.2582275706311081,1.279091948933295,0.2667993217541337,0.6614476060924893,-1.7315368017976442,0.14520336504685238,1.3612075335112581,0.8507226855364715,0.2018097441318773,1.0403506856693785,-0.06057754036164528,-0.8870577026646489,0.3635547256181241,1.4023098554341222,1.7605776718449782,-2.6111398997684496
-1.0852331493064398,0.9087053425577347,2.069230285110376,0.9413410993320942,3.2296536129066284,2.694275264570625,0.08671041131878465,0.3423735198484333,0.7153174845223923,0.46176444611394296,0.9808491566579332,-0.5268274272616454,1.7361039182158118,-1.4998494018334534,0.7551254128778556,1.4573593031495269,0.6420376850428141,0.7990281099386662,1.3255926425516644,-0.31740946016215854,-0.279716201213673,0.054515940927002154,0.9694533450277399,1.771515151200686,-1.4611092023659786
-0.7921939690671148,-0.03338325853967318,1.8869727149154003,-0.20141434368375805,2.148854137000622,2.4033839894861107,0.8045621190662096,-0.6097836151012529,0.4635777154313803,-0.037661609343940694,1.444429014307353,-1.408561293692734,2.017414273394521,-1.0087024871958543,1.7859069164809984,2.2347240184641057,0.334591329512438,-0.037430659218045906,0.8768358330501106,0.41310550313718686,-0.43288510584480255,-0.09406956999600982,0.8715368411779069,1.4205018879282652,-0.7773428397693819
-1.0509111264567537,-0.18574786592190734,2.6865203038549907,-0.6319981736149953,0.8170552662611855,0.7894288633418457,-0.3653727454482789,-0.3770453350623686,-0.1288502479351143,-0.09675592767300267,1.9480050384073337,0.1206938685937581,1.580362029983402,-0.25746583340746887,1.722708456031768,2.498482077507717,0.43376505166752727,-0.1791259281255699,0.7015323688019666,0.8975783572718018,-1.3065870013229552,-1.5620181358367426,0.4211760480016926,0.9920633310929066,-0.442222846335068
-0.6567360208821846,-0.23222809828458385,1.6039693009947806,-0.20166493206573846,0.04190202867156759,0.3922900161662174,-1.3871893337563508,1.168439537932279,-0.34682301334177207,0.06592108482608115,2.257074157284691,-0.7553628829579689,1.2999050545053885,0.4044838362703318,0.9436533888100794,1.4573304975957273,-0.04126392315084461,-0.1878964165020597,-0.002312007506949644,1.4039214385949317,-2.004502371095158,-1.6961539691751233,-0.7855230800680114,0.07491543433649372,-1.1330549673171073
0.27306151102161674,-0.046568100817749175,-0.6564590698877519,0.3334066059579881,-0.7031750970186607,-0.015426137727923103,-2.4677153890345513,0.6984267626124243,-0.7349701606364386,0.3234891439260644,2.7281278237134443,-0.900119873019023,0.5983038230707585,-0.6889176075414276,-0.5953275674097422,0.8636418349960953,-1.473353335631793,-0.44260655730861853,-0.846225330424716,0.8750779718152248,-1.2931528812542272,-2.320306744489607,-0.8021968633534183,0.7453590043192172,-2.3870028048887395
0.49704162880443126,1.1593047661221756,-1.5926053053542728,2.813354051431779,-2.461536865191632,-1.511457738152414,0.6768365352011538,-0.7167631132590907,0.2910371694633545,-0.42590488152370026,2.9489887367384284,-2.3049146862135674,0.78562040611807,-1.961323099916268,-0.20828568085492666,0.07621221497366758,-1.220119295158316,0.024314673576395752,-3.9524666306430096,1.4809153464362625,0.48569524023766886,-1.336463189974746,0.0014547640902633219,1.453161747470622,-1.6920530201132478
2.0228443564106517,-0.9567053915160526,-0.23425984753380102,2.282823868429184,-2.1120576016175128,-1.3836293922166185,0.537178374181556,-0.47688369184813245,0.4859107673852642,-2.1781453946356297,1.2191941471207348,-0.8422524673339497,1.2739878474356572,-0.43703460695964763,1.3472201106404202,0.6237004464052602,-1.5661258358844206,0.054692590054387015,-2.2695213596663986,0.6470157674306435,0.74769077994544,-1.163274513076662,-0.24341817495719958,3.276214513338433,-0.7621123930315713
2.5074089051598802,-1.1249613866373946,0.14649848666675655,0.8490639969671052,-2.19189597223836,-1.2170132580292639,-0.3837987366503759,-0.052014253933694986,0.22307024400426034,-2.843545467499357,-0.634712198795518,0.8441179299101266,0.3073127583629844,0.2738675943522843,1.8306845361220532,1.3587027453782394,-0.93374154682165,1.0724752541458473,-1.6719808144423283,-0.49233843066166294,0.8390919573643103,-1.8811181023206964,-1.3953040587520498,3.5473552565242947,-0.7073045634248734
1.1489673723993798,-1.0928827114315631,0.36437857028153364,0.10160877295529391,-2.125244701103921,-1.0011604443340436,-1.0027888307849055,1.1206667997179698,-0.47266354666156085,-2.7202288516154693,-1.7580095029769898,1.5048326157597793,-0.21512135596936752,1.1322932526453529,1.85614427244734,1.7964602416516977,-0.023969751425219475,1.1734522705502273,-2.154163748144694,-0.5044119367775629,1.0903035423903664,-1.8527205271596194,-2.5292859516587463,3.8063912847407257,-0.3427030051937866
1.4021452472342213,-1.4473678878691407,-0.14182387909038832,-1.1144602440646172,-1.8430098773715535,0.16259053541373156,-2.115638145339419,1.6944221991414279,-0.27917810068068666,-2.243864267596765,-1.9455676231966437,2.5876110949542497,-0.9621997308103284,0.8255216819346725,1.4246351949345635,2.193057474603312,0.45049293070664725,1.1065727160314842,-1.7602277222929459,0.11706391230417068,0.9904738802021096,-1.6982241783402243,-2.766908283521783,3.040220394655145,-0.7590689814444079
1.3691547922988891,-1.112459574183247,-0.7452267915204331,-1.6131613619132907,-1.2336747031712418,0.389165917438841,-2.714571806146045,1.3395877828775566,-1.1126841875799653,-0.9630868279554411,-2.4120022119681077,2.7467414289423444,-1.5378600083539258,0.4686443643484666,1.3439514701033164,2.4068627882809315,0.10241753595000717,1.6143264239599318,-1.4483899707497485,-0.3183595537521839,1.20823168167388,-1.3529795983965036,-3.2713368619989955,2.5212782493980677,-1.68387677335325
1.031646338260561,-1.059391073707557,-0.379965930341535,-1.7803616936108224,-1.0285776567452245,1.0504256306377597,-2.3550248844485813,1.458482777291488,-1.665732946895921,-0.8205081684378855,-2.827735676908337,2.0984660322708977,-1.344021202839286,-0.4598560580075523,0.6542718467303281,1.7933606964546662,-0.5858804501057604,1.9782729998080348,-0.7575007945636846,-0.11412406045115382,1.7807588415225684,-1.2201285366173371,-3.55346897072652,2.207583159457673,-1.4765480306431937
1.3343612041130606,-1.0136030901190007,-0.0015115363242873235,-2.1825678473098593,-1.184403491817219,0.7357729355992444,-1.8926365636475853,0.6322866584670578,-0.9024747178802354,0.06068308842617852,-2.004103772120936,2.151397739503452,-1.6100505697318506,-1.2533287784739737,1.1562896339170348,1.853079504928115,0.09943443280004935,1.7660868563949237,-0.44546512950815403,0.010169375548697623,1.8901450588997157,-1.3873846080791346,-3.8142842715663603,1.8433884129408193,-1.4190658475591866
0.6937713619342669,-0.663785123526403,-0.2396823518195643,-2.052528603005006,-1.4851671369093158,0.4545450160465251,-1.3933766520790511,1.1681486518808075,-1.8312752457432862,-0.1490261200790267,-1.444937314946126,1.9074858687485459,-0.8209038974713306,-1.0022482257209222,1.0887477288683052,2.0041375332430325,0.08438689385554843,1.493405033705369,-0.4820879131756735,-0.543553736603942,1.9958909859058753,-1.8863952465451836,-3.4190095566829797,1.636117393350185,-0.9976250234439693
0.7300684418114769,-0.7711804428539194,-0.41464726821046427,-2.1779573402957104,-2.344866475967156,0.7072817223067769,-1.8846571899836777,1.1333340818767437,-1.7516704553173332,-0.3458463013390853,-1.4017010036538726,1.4302447781803889,-0.7607061115272532,-0.6008565174225037,0.8505573075678122,1.509496444754088,0.0544438081107991,1.1204103275823598,-0.8885462195770594,-1.5649428401772418,1.9788496970247262,-1.679780364014836,-3.407188990677795,0.8334409086453467,-0.5015763014344117
-0.4622969135998693,-0.7633389003432373,-0.6571043085006072,-2.4342103840112896,-2.5093375476780486,0.8713922123711333,-2.1273113191165582,0.9246060355605481,-1.2203930811827162,0.382022057001157,-2.0745406452193578,1.1363613944463984,-1.1065408911778694,0.17425917215869383,0.4173318852422471,0.5362949932609505,0.19333416963241357,0.6443134611088522,-1.2798003142844019,-1.2322465141571335,2.001548265455985,-0.9061416584660598,-2.8479089394836135,0.1411076967724897,-0.024027411807865162
-1.8620808328354646,-0.9843121181196736,-1.022016601990642,-2.698030897616138,-2.310680640329689,1.0456195840593137,-1.9552207426688313,0.6875158659944152,-0.3192120551719579,1.1394379407239712,-1.8975341163073824,0.5567683825071138,-1.8159230037357268,-0.0846364811518186,0.6187278154329332,-0.8461090121371522,0.19669985584012856,-0.255039304355663,-1.1220135652072227,-0.7059249987346213,1.7833018215122831,0.4245862283289138,-2.0238553984478473,-0.21164575655163748,-0.10053495790904007
-1.7537738811346328,-0.6317653472410347,-0.5918436887298629,-2.871797361791804,-1.2072390723464757,1.3541322953839567,-2.3927083201866473,1.3245722359887762,0.060472459723930394,1.8373254626329376,-1.5302349463329787,0.7470800452728698,-1.693614336472525,-0.3271802994110609,0.5366210361912438,-1.7957642993503224,0.24215371980463568,-0.9322489538170765,0.48427509848093797,1.1611070685204428,1.685399096331804,1.1484696174788027,-1.0312030639953929,-0.13168306345954284,0.7014847327368362
-1.1082719296970915,0.708046910356513,-1.2065365073563041,-1.5690228772582515,-0.13611307395699423,1.1605329719204578,-2.7511010457144938,1.94893007145125,0.42622938539457195,3.4655332225047752,-0.6930197774013954,0.8573543010203705,-1.4506299513499796,-1.0444296216009972,0.46944608652921554,-1.873518327492903,0.1344300231926386,-1.695972660265917,0.757702458410905,2.33184613076949,1.4387765703061024,-0.09772355289153958,-0.8829480521005458,-0.5215530567633109,-0.31329995210673783
-0.45368438697143293,1.8413970331707412,-1.8990074271669977,-0.5635013402808664,0.016426054146062748,0.34463776650264916,-2.32287399837274,1.8709199684273528,0.6652811294847131,3.327703725738016,1.4323177230363804,0.977168442905083,-2.053186144689628,-2.1893071032187383,-1.0162961122541911,-0.3626755148130861,-0.7672956962760037,-1.8668645891862525,1.2009734574835906,1.723642829116447,1.9179184651239465,-0.47346827857092805,-0.19881152544465175,0.18978025751348188,-0.5129117180784362
-0.9543454827682648,3.5144248745117976,-2.613783353215334,2.9889439243820446,-2.476168676156849,-0.7858186300027016,0.5377846886201193,1.2374368428697706,1.9346827629050218,1.392224318884472,1.5365971225610289,-2.479860888077844,-0.9931335492032838,-3.119642499236562,-0.9533765896646131,-0.06500968390773232,-0.47475826403556537,-1.4735880127001713,-2.440726884991409,0.020421753292960153,2.43018142282347,0.2879142066142113,0.8854593029475374,0.2980193346851382,-0.2224381772195937
-1.1012040312424471,2.1878798769252525,0.23615613468981483,1.3949454063553282,-1.3838140130904173,-0.2726705191420115,3.199318992046562,0.0637007417631736,2.9475539119513416,-1.5647098996378486,-0.08416633408336033,-2.5533680789564497,0.3152329615272268,-3.329065209597968,0.19669504430245166,-1.6747298062877345,1.519540370925152,-2.1373298332830997,-2.961379184178824,-2.8705778809128417,3.489975226878372,3.285933290953532,2.602439148126102,0.7272078234446071,2.9604450210043938
-1.295064750930431,0.5611499816332739,3.134690132278481,-1.9636099353411223,0.701312427125174,0.6841542075984383,2.3980734108004835,0.16779661340734314,2.9885583922165924,-1.908046072022566,-1.6866197347777796,-1.9602651160073952,0.6752538431412781,-1.4206875772079708,2.2631667088121863,-1.0541384170879178,2.3067491360961196,-1.7594838969106614,-1.4702165177083986,-3.359530322469928,3.1956774711966727,4.635492893080765,3.054978724338658,0.6103754835420157,2.065227282888901
-3.367674712978507,-0.19897544421314728,3.2173186894700865,-4.333911892031939,1.7549434398507664,1.8119136140126755,-0.9914408001662419,0.3051780039814629,2.7526412924144354,-1.1090185991262593,-0.7604929274552955,-0.9703414794923326,1.325034562302359,-0.08196940850145372,3.212765436987156,0.36534924004177544,2.011942783788471,-2.0074932207823672,-0.1570927697496158,-1.9496650485986429,2.215988287717215,3.3588224632792216,2.062692379676725,-1.362394816882966,1.0664257293476176
-4.885792319582912,0.5093081608022829,1.9359273501869898,-4.635970416561381,3.37199591040195,2.2504442031955993,-5.171409467634993,1.0349440191492671,2.548411942333968,-0.028869705827145188,0.13671985847373086,-0.22094105038315,1.101357962921158,0.8181862981206024,1.8886082483044544,-0.121371115993273,2.132478085841155,-2.7679667689386935,0.2895480758484618,1.018507101985902,1.0850792070352917,2.435214813415467,1.705200971468048,-2.182585413553494,-0.12679607906123314
-3.8516621256573864,1.2587267908013016,0.25901425744080886,-3.5082391249655327,5.7702653138207864,3.3785246142160643,-5.870413998495173,1.848651779589751,3.4974438861680355,1.8370187293392952,0.69932114227364,-0.39336974365733307,-0.3562277665888275,0.3433379542716421,0.10055020858697215,-0.8978092841192181,1.156513199298637,-4.230655633187573,-0.8146195473892356,3.175755217142733,0.16679969831713018,2.2650989679638687,2.0819720598008717,-1.845509395175597,-2.7210476262893164
-2.5092245101109585,1.6882478871748317,-0.051133264357055494,-1.7628778536948169,6.392821257641629,4.284228294823445,-4.190851032138022,1.7629025472528157,3.4629031385989735,1.2745199803112817,0.8644747609366983,0.00908612002898404,-1.0311833203741787,-0.939047128199266,0.16651047254626558,-0.6443539320486427,0.6134314481441825,-3.9355940833119782,-0.3504829837037064,4.299857169642999,0.006934766163057084,1.8969525308877193,1.659534387184603,0.21491199110701922,-4.89985961548857
-2.357283939870856,2.5617424260759987,0.18755741227680794,-0.8017837828107893,6.123863114774192,4.609205947431916,-3.4502072728901423,0.6419870833066694,2.3271352080646093,0.013299262887074875,0.8303233063341502,0.17663237488211816,-0.43468610817965564,-1.9851536561244607,0.6248264326583051,0.8737821684292607,-0.009364600189238126,-2.2002738743070402,0.5806483227274425,2.8694134821609274,0.11000144219249297,0.1666310715694328,0.6136000110045463,2.2349669802048906,-5.281317441380572
-2.829818880562724,2.169654670773047,1.1290768717755701,-0.7627094246991909,4.488045838116801,3.708746164516396,-2.965331819008577,0.06860736353884485,1.9731609510371195,-0.6299760018688305,1.1622160762159295,-0.48921742443917193,1.2056110458271103,-3.293985897873607,1.494789894449329,1.01696934850913,0.256517879254455,-0.12524659978222427,1.0021547511794984,1.10662971235781,0.16967394912418524,-0.6819388694504376,-0.0018042143981249203,2.8276376684705538,-4.225406046301528
-2.668453495430184,1.7151627706984884,2.0109257748451226,-1.8836591219384329,3.3388867329379393,2.5223021271278445,-2.348921650518877,-0.3643749379584453,2.4339697122695023,-0.9794130682288352,2.116824473593564,-0.1107761430995046,2.073272932275038,-3.322931111988439,1.4288903383390228,1.21572161395998,0.9209982877922527,-0.03990370037274122,0.7141057323914815,-0.31345260943337033,0.24701978467253316,-0.889584498588644,0.27664111151318393,2.4200650921955704,-3.031822064199823
-3.347052190852142,1.0492129323734993,2.3488003058745255,-2.130648443823591,2.6163771506707563,1.9371888557570123,-3.2997997677890263,0.26232894448440175,2.54378933978435,0.007031722238467528,2.3710315018655366,-0.627397502600184,2.26029238771477,-2.4603037245314106,0.21601006332735326,1.2948670674784892,0.6927418875884307,0.3891784374026139,-0.26918775431222397,-0.4151703224463587,0.42724700740390176,-0.05452520113515388,-0.282192940222322,1.7592150921660532,-1.975987002200562
-4.059614773316774,0.48982197239250286,1.3910506258797988,-2.1213792371973166,2.574311709985733,1.6844024451084196,-3.8041115002861825,0.06483602286113485,3.5029866666177485,0.5144415856186739,1.7652414835354548,-0.8886610204469264,2.0384739975551303,-2.558149181511368,-1.0200086443181433,0.5542415851422072,0.6656226299901764,0.10001657509950893,-1.547693492108039,-0.22752729845032793,0.05268416691847483,0.855480021406231,1.0167969429706205,1.0425325326722659,-1.7719870625428245
-4.821122347217004,0.14589569545423037,1.495835294894842,-1.9584149311907435,2.9117818267709117,1.6387192549327652,-3.5892145232212824,-1.3060679508116957,4.253892017123576,1.0110602005763547,1.3617291512887453,-0.891903054281714,2.27980895719754,-2.8861424042980324,-1.081289978038732,-0.019715887158794715,1.1445093391403736,-0.7130745009940045,-1.4048242203607266,0.22685049708841468,-0.7862583862402063,2.592022351292089,1.796224512667838,1.1699190177736503,-1.9747662803405954
-4.396841320292944,-0.6893309461113354,2.0614120609464996,-2.4173859751638553,3.3246556701327643,1.719624002013618,-3.145824519960632,-0.4301036090047447,4.912079444281294,0.5305965582430477,1.8149127775329044,-1.1255280978085156,2.516267532579984,-2.9400876133644167,-0.5633606173348454,-0.8568003321947306,0.8552934949741141,-1.1629516244008327,-0.8220919635288743,1.2170728308019345,-1.3474901640711385,3.4798501706336045,2.213241929902602,0.9752348979163982,-1.9009345659857582
-4.082270118648443,0.13978153514038136,1.6539045442601417,-2.2313107873368576,3.6870452780046516,2.116767045674913,-3.172102542184433,0.901478619551564,4.514230927062754,0.7467783574553499,2.172263558115411,-1.5079228503195434,2.683260545674796,-2.060892187815266,-0.9635058758160364,-0.21948071369231253,0.13785670936307254,-2.0934285472484153,-0.30962800048831585,2.4426789703025285,-1.4738220841200724,1.9580784719566533,1.888039448115147,1.3129211244466201,-2.4803891064964363
