-0.029507558743846994,0.4091487652509692,-0.4098366853643355,0.39828527675779646,-0.11868451721861895,0.46762618312822474,0.1603332192883991,-0.43724751817195295,-0.4049429448286698,-1.1768621389999676,-0.44242421224054074,0.6923298440646023,0.5133396376918422,-0.3915776745574823,-0.2823456098545769,0.818266948331687,1.1947513392934577,-0.03350319981362647,-0.4718967689976477,-0.033925863767678144,0.22039303703879906,0.11458363375034002,0.47918399995173655,-0.15730007803689489,-0.10042569211323299,0.21207497153458915,0.4416126027642781,0.46805148240521177,-0.8786853935794385,-0.5221687636218587
-0.19566886024297897,0.6645952470848604,-0.35471241880520216,-0.11711895195864455,-0.19147205499791736,0.639290907915362,0.24716779882984824,-0.4921493884404067,-0.2900039440189495,-1.1423639969477333,0.15014656070755653,0.03376986480537164,-0.07917151912577647,-0.23240465877657876,0.43907886921902517,0.972520074044656,2.634148394850333,-0.5274278261802894,-0.6127692563506812,0.9717729920319271,1.395087047089401,0.4460418758549023,0.26869454355715705,-0.5489106990237022,1.4583880898224237,1.4071625079404786,1.7721474009664644,1.2423109277624613,-1.9470087978125301,-0.1632943490641042
-0.8760240771953313,1.6652119003160486,1.5552524941040267,0.9106578415443487,0.7301378440582914,0.5130991701780894,1.2404224456253727,-0.23179848086463856,0.2654241273823751,-0.8514571299934789,0.3989540346317846,-1.2574201507708955,0.3442805874304871,-0.3419846335499578,-0.045886694301219194,-1.0419301833269732,2.6642971054384788,-2.411298454306826,-1.0588139481642924,0.049535088554867185,1.8529933574400432,-0.40216831576423223,-0.6372283886162702,1.142650411203387,2.5448666836905636,4.267046686077512,1.989832229080629,0.8110658410618301,-1.090896951192786,-0.863352811652558
-1.6543638454357976,0.7316353757995446,3.2120238899053883,0.17240950642971836,0.1160407629610965,0.06949788570639086,2.1340100059690714,-0.7727316129724904,0.600779936581801,-0.36685374668235426,0.5334848066518866,-1.1875047288555738,1.7657045954773634,-0.377682608612916,0.3089192482524795,-2.1498761493752214,1.5340599919146942,-2.9839379240163995,-0.7772491289175929,-0.07061085250072485,0.7794651943262283,-0.347321159625427,-1.586883916700783,1.8746221171914024,2.463093513356955,4.363407642068521,1.1477780719328732,-0.2507792615788817,0.5496516013795172,-1.9040802876842609
-0.7117543329352632,-2.018440246005949,3.4951051531359747,-0.8125005582121049,-1.2609402324403371,0.9834147007733735,1.6250578722115079,-0.5278383867142147,-0.9285346825545291,-1.6262357753530505,1.2395179560705116,0.4697545515563892,3.383557329035285,0.2251549686222206,0.9249970097146335,-0.23304791197287963,0.6815344890905581,-1.9674501987521598,0.5161103202422417,-0.19321803236843582,-1.1659257521892927,-1.1103151935516375,-2.3428704030217196,1.4123152722919063,1.2010769499798397,2.598954457952377,0.010705865799837226,-0.1052637938573027,1.1203580973162195,-0.9258831801624363
-1.04644473341023,-2.2580369847720405,3.503715768006484,-0.20340120954057495,-2.259331252819855,2.829247163604486,2.2060191278266603,-0.8136403654689555,-0.609566801444064,-1.9132870666994906,-0.16825548037922022,2.0170888358792163,4.050962408697115,0.08072136338024649,2.058507704921223,2.0539928063185875,1.43220463153466,-0.0782503946243814,1.077321453396611,-0.7058871116655863,-3.064829102618795,-0.6981367120667383,-1.8732354645159475,0.27075127226885354,1.5311653948737989,1.2693501970408936,-1.3541891414029408,1.2480870085570337,1.6269751397876688,-1.035718571032149
-1.937136611526435,-0.6388612887409901,0.19035581765858245,0.8434134610601123,-3.4722734796181993,3.8957011330718334,2.6098071559013065,-2.9527747971828306,-1.4387121035945352,-2.781383335413843,-1.477461801401312,2.909606651237181,3.327472083165024,-0.5948504128022576,1.159170695073704,3.289680404683964,1.5422146239717507,0.5934048497741926,0.42050913981381044,-1.2743862716391159,-1.9682265573362339,0.21252358284497466,-0.10711210299355259,-1.3709128063426796,1.5207862583459497,1.106287264407354,-1.2437034512039664,2.403376905752501,0.18677672238215304,-1.4834461642433179
-2.5758236053393633,-1.02832178494989,-2.555508252117875,1.3568595770430725,-4.02430921299722,2.8900866226174173,1.1589644755847988,-1.8686408834996833,-2.814640361351489,-1.2143612121934444,-1.5696892506757179,1.819943981852252,1.2561101262238075,0.04664882971810569,-0.38375097371179756,2.8701586985325207,1.659222749710238,-1.2472319626586512,-0.3137727235162361,-0.0291615965640466,0.29353213246761256,-2.5049497296691596,-0.3749479147838485,-0.6214025500960302,1.8460205700641694,1.9542919853846241,1.5283597499822954,1.2670229907043102,-1.0505680451405697,-0.7048435378989464
-2.460626993708621,-1.5529692082350506,-0.2317703349583996,0.9851762032200547,-2.780053077291836,2.5085925090822583,1.7381540200889958,-0.2544776687368359,-2.4026666416214093,0.023117783566736327,0.018477267111785767,0.8221624844230973,-0.5978760018312037,0.7572688839167985,-0.21610671925798314,0.6433624477193519,0.5325097636891317,-2.214026684980792,0.11858891107121772,-0.7277503286817202,-1.4698376027049735,-3.8078526632426706,-1.6341744767404813,0.47737562330123284,2.5287419649385914,2.452908391551733,2.4398176742787303,0.9323541559460264,-1.25699532882069,-0.36811552960173066
-1.913759635579245,-1.931207248024319,1.602380365567436,1.0996552739783112,-2.741633527817426,1.7217352498319194,2.028509692268686,-0.3021287098432194,-1.8798439585396745,-0.8040235255748716,0.5226452908331183,0.9888262751414135,0.02869631893117469,0.19377065052151546,0.07528070077469484,0.2024785771715225,-0.4812033920148815,-1.305806806035342,1.092867840611675,-0.14871364561914435,-2.5391557941106386,-3.0010751715435,-2.794583471359631,-0.07116281785088653,1.9188372795555275,1.6701809721567011,0.858403669461847,0.358451039906105,-0.2827396611002162,-0.3877054016127926
-1.420459500269428,-2.8586790244772864,0.8445309518763773,0.5793613555707757,-3.27817700222633,1.6455064762746656,1.932402740114246,-0.5887271507149947,-2.1386875206801657,-0.6268261167814962,0.47978083138858485,1.2626639978286591,-0.11483145938949885,-0.38911187201898356,-0.2979041763840466,1.4507842398694872,-0.3250504831601044,-0.6569704724213035,1.3073120381049108,-0.12042222698734639,-1.902719836734597,-1.9643851171904476,-3.1556185879908982,-1.0971281854463666,1.6837036851341396,0.8760160958281271,0.7149098595650895,0.6364610040415889,-0.3244956236624992,0.7178783982439909
-0.6911339093737434,-2.2610127211030875,1.802547537796945,1.127207640743278,-3.3617272101146596,1.512114097195808,1.9508154801304698,-0.20681616246925427,-2.3205790932578916,-0.1692505938625005,-0.0342658638188475,1.121416917590792,-0.15849765867824722,-1.04664307400394,-0.4885698851969967,1.739588703047344,0.48341052791800115,-0.3258231007609048,0.32358549648057866,-0.8505954790615022,-2.4271167030130623,-1.8131957933566427,-3.41089980011805,-1.7002611687576938,1.521672882891698,0.9971150236585794,0.3228638576775821,0.8015663115165688,0.03669135625256492,0.7847157501594566
-0.47906091963121056,-1.4787293668728756,2.2029027935739993,1.6623844723703103,-3.387778168284687,1.035399666680989,2.4839345480694752,-0.4595467926488971,-2.689536354419823,0.38551220043999823,-0.28989340142087094,1.4688767213767209,0.30292479968402725,-1.2807345283061098,-0.6107382971732774,1.1851373571523245,1.2977150887895021,-0.19499357561655672,-0.5043183714957695,-1.5424611634195224,-1.3347353903133727,-1.3479579387887937,-2.3603976143252146,-1.8266080610985596,0.8551276141201011,1.4496138047474443,-0.13494043299885558,0.736667075635475,0.14237004567224398,-0.27145616560860275
-0.7840149338844995,-1.129135854676072,2.804532627613976,1.9803696788161167,-2.74345125102934,0.30320047838409037,3.238665158400745,-0.9155390394467529,-2.5664335435145333,1.6837930269060069,-1.103167230021242,1.0136594044208938,-0.3016866569374326,-1.1426026431835772,-0.8848877961998918,0.42346992247566834,1.3797300096572314,-1.5308142585419864,-1.371406260836099,-1.7505739683212775,-0.019087858226465526,-1.8446579789577175,-2.412739340089,-1.033647700432958,1.246131359515347,2.152917269160047,-1.43746808820271,-0.6262393703586526,-0.26761886647181865,-1.195165071923571
-0.6532995850387113,-1.7024325602827268,2.4575687769656254,1.8844013213890944,-2.7377572168264974,-0.2697231858571022,3.7435995218209706,-1.0603893205753512,-1.8612122991056217,1.8381317524488305,-0.9631779513664888,1.3865986556947902,-0.6778400628827181,0.3145460049616724,-1.6493108600905464,-1.049802681552682,0.954976720493977,-2.7894472273141604,-0.8474045654046821,-1.7292016440458322,1.1758702183192404,-1.9780481309700342,-1.9099451254831314,-0.812485135684171,1.4518369730532212,2.616207990304667,-2.0764078674500395,-2.254794799041174,-0.5799762164011011,-1.723558566315123
-0.20321430589410053,-2.650671632795315,3.513193084950855,1.4902595557915217,-2.608798331757623,-0.42766224586588863,3.7408293480938637,-0.6110989172859645,-0.899561587201695,1.9534106885326623,0.16397858954364372,1.9662835324033274,-0.6650320215033108,1.7945312324916691,-1.5253781435740974,-1.0690492378430874,0.5442797909856569,-2.5420415947415913,1.1702820872859252,-2.2404315432709274,0.06219782561322018,-1.9733697849414216,-2.13487824578436,-1.221544505447678,0.9871583387757318,1.0859448629439723,-2.521952494411689,-3.401114230124331,-0.5621430091338345,-1.80672163155885
0.4213652596697696,-2.802051425896826,3.8684469024070367,0.39960848479326216,-2.5875624483822044,0.03153569977186921,3.042162143869945,-0.533906814155885,-0.8487965038159427,1.7133372898192984,0.7861760452667177,3.0193185029235003,-0.10376220610484665,1.8518266729435875,-1.4830656848117125,0.33802247197012447,-0.04963204897566503,-0.9522998770039106,1.9532361854528144,-1.9513554909061206,-1.1276582447569035,-2.0763856542040826,-2.994324473496727,-2.3337263431346615,0.9346866078094997,-0.8447178738105259,-2.794034634705641,-3.3685324445457265,-1.1213348491668187,-1.0499663261170569
0.605998952000849,-2.531884255780001,2.357431472034452,0.28572229121056325,-2.712444460684319,0.11276552358208697,2.6224004009490023,-0.24969544797768878,-1.6114616167978522,1.275565252626906,0.3299272641310327,3.272386218734242,0.1814279115352847,1.4670758065888598,-1.33604987224458,1.5878580024379076,0.6784453406550894,-0.27759835937824895,1.0313624069088534,-1.7477484123693308,-0.47868526005508405,-2.503198226347316,-3.2737808826414136,-3.6602855572192894,1.8080765894901072,-1.4029960083931932,-2.4615231100560533,-3.3294517425601895,-1.728294604450931,-0.32655149832453945
0.32117196764432054,-1.6059130966150157,2.826840801311585,0.7122339176545098,-2.112926622090827,0.011288071780332365,2.806345450289558,0.3533533392544874,-0.998796161735042,1.9483933563048415,0.5757337445051377,2.9703642821232137,-0.95927046188703,1.697516143581226,-1.1847682077352084,1.1521039820196541,1.9353605023351832,-0.323226042172002,-0.39921068533270065,-1.8364864907079648,-0.28119137640364333,-3.5162248479197347,-3.145295724688646,-4.144218977170267,2.6819417312542377,-0.3182672100088583,-1.2261747530234048,-3.0518720575822895,-1.8886501036126926,0.09948643896544548
-0.2882699507490301,-0.4547245145600791,3.1118359734104764,1.344059464382755,-1.4338067846537565,0.1064985530105862,3.8795689430968916,-0.12425949484795648,0.7344650269056472,1.7844587296988548,0.5868451790826321,2.3288652993413486,-0.5192340314950618,1.5707373530702706,-0.7411252093570886,-0.29074101933407065,1.7942251921164756,-1.3516465393866497,-0.6061820928374742,-2.7156656896322957,-0.1369936970773732,-3.3280606405408673,-3.2192987510611357,-4.213669326549678,3.0850975916807197,0.6146121877583055,-2.303914417347995,-2.8115006370697904,-0.6380109154464005,-1.3366563761276262
-0.16414309924947784,-1.0191893547927668,2.5796774543819576,0.42636348642607697,-2.250297172749132,0.34476593842677067,3.3333931019393663,-0.023240824902214754,0.8979541443130711,0.8805401221069505,0.45455517369565207,2.731035356167814,0.3924977570145971,2.6072618091074364,-1.6457283744113758,-0.4775059940059452,0.1510949380627132,-2.157371984115506,0.35249478950242197,-1.8425094311432926,0.5729704137297327,-2.475973647481342,-2.668381670424162,-4.282992445988098,2.7782569236753165,0.2201647925748743,-2.20326444198542,-3.402567071342778,-1.025956263930481,-1.2696038898679334
0.4016163114673264,-1.9116580327470891,3.196967817186772,-0.524178576990449,-2.6052730981185075,1.0863931994912135,1.9846735080917566,0.9892175055845971,0.097357489968173,0.02510462809351227,1.1748784378704313,3.152613511138137,0.5004415731580439,2.588461424584631,-1.8295560417885866,-0.16597628642523227,0.15578565254162904,-1.1032579260612392,1.1235644420692994,-1.788108347992155,-0.2259907760448766,-2.577595725269688,-2.8563371649836045,-4.387905606077524,2.7559635912938973,-0.3433704360745924,-0.46993155763538186,-2.848273544233261,-0.76965728259372,-0.17501489126145925
0.46362751400069746,-1.3414607990007776,4.382339778959038,-0.3721718451415622,-2.6986673698613046,1.4152710273048963,1.8438070353378155,1.5011628549282245,-0.47568154039227584,0.14052905517863024,1.2122903992889182,2.754487248551664,0.3426780161788684,1.4663081908092561,-1.3622862796947794,0.6360529059069701,1.3124347113587964,0.0666243260294303,1.0370906358646659,-1.9329497654028978,-1.0928892888584898,-3.0898312240717494,-3.7545258442263587,-5.619749954621148,3.004295448925874,-0.5814480709758323,-0.1472353888212226,-2.202746722038957,-0.8960836278359758,-0.3350894890582248
0.9533848899673791,0.16302192138887084,4.751465864964787,0.03440913282730873,-2.050668847433841,1.7085991061489656,1.9168050262427556,1.111454808055318,-0.732756369698393,0.19782975651224757,0.7613591618438272,2.8227888905960454,0.5362934913091757,-0.6920736191886796,-1.4394144800574706,0.5725340164838646,1.924786323845907,0.010501009519704452,0.06797738424358452,-2.199068501127368,-0.35525546186226853,-2.907612381082474,-4.285252860873606,-6.376352589462522,2.0717175276759985,0.16340860328070794,-0.3677862230740878,-1.5578468230063949,-0.7063898401550158,-1.3581034438901087
0.274019538102242,0.8306671493196749,4.064568771032839,0.3628705575696922,-2.2980567557926945,1.4402290705849827,3.395604626119373,0.5080770290285588,-0.6706940688823957,0.5494459628736106,-0.46145823616517934,2.4610746025975176,0.6824994544664472,-1.7853217976635807,-1.3927887543470485,-0.3839725913320025,2.3842329632159265,-1.2226121338318592,-1.677725120397731,-1.9680116740204998,1.0991305848952502,-2.4871267920200486,-3.7715781431324453,-5.94519077600802,1.5374235128526161,1.981998901528558,-1.316642152385214,-1.8874660464849773,-0.7132594337745184,-2.504102675434329
-1.2389298760764689,0.25082893407395224,2.8230587119292077,-0.12122343238700672,-2.050510150304319,1.3132086780278545,4.476563468045012,0.3748490376738051,-0.09369483392269254,1.3070280772903298,-0.38319065556503157,1.8765044406506723,0.7490645460100481,-1.3228031544801215,-1.6836253786116886,-1.7825374104131733,1.8922684504213887,-2.587539484348517,-3.064902580619327,-1.1241648616459745,2.3074804515521277,-1.8754228232066912,-2.113694406249303,-4.678096192616379,0.6947200384393072,3.0654220243650885,-1.4966029372221907,-2.5930131453745524,-1.1945139807247578,-3.1454322797225
-2.0516875647563766,-0.9602146759417113,0.8624639776426979,-0.39297174720570105,-1.0745835891893913,2.4046741484253698,4.246964164315478,0.9202515323992935,0.0412295130402372,-0.5175691702735227,-0.44027774859516633,2.297246912628396,1.7034071762922953,-0.8300019692154099,-2.374616663907951,-2.8547842985841028,0.14819994365711464,-4.2521560622418475,-2.4625739081903633,-0.06541726935441611,2.9761961962564336,-1.4752822871466085,-0.047347052647026544,-2.4685741914125465,-1.0828004203484913,1.8742977914862937,-1.530745915843347,-3.741033322687673,-1.2968058081893665,-2.8100213749848604
-1.9914945915805915,-1.7940863176885207,0.535546604873784,-0.6363509012703592,0.33598391431915464,3.338808695107088,3.9079560734938377,1.5427203640488272,-0.7643608852491508,-0.3002073441357307,0.8034925266434717,2.439699958159028,2.1366863926264577,-0.7770243396866421,-3.1863322817886104,-2.2700524995992515,-0.5449653122676369,-4.637897110995843,0.6141130457560261,-0.10424548207826567,0.9395461139214024,-1.5552240814813127,-0.559944819783128,-1.4836871597381835,-1.662416046607663,0.3062669581244746,0.5619675042946817,-4.500202997454014,-1.8855436162600605,-2.7330185080531773
-1.956792866238311,-3.125896601809902,1.3593918586152807,-1.1629776554671762,0.37632913798979134,4.325990707503632,3.9058041341010963,2.7570078319076443,-0.29859785480861933,0.3777461961292697,1.6562624809305262,1.5396913375634247,1.3385902495501165,-1.6875956521455182,-3.532535197664654,-1.4540216145467142,-0.4367139695580292,-3.1378654954515754,2.3064135596603594,-0.48676879608239765,-0.7748130020907069,-0.5002098021175572,-0.9472766382474885,-1.9268771247170537,-1.1205321115728295,-0.8102457794209343,1.1033295437993629,-4.476333388808479,-2.0286642715308596,-2.1641369046966266
-1.327853984332618,-3.286096595697432,1.1095975440190402,-1.0120188801103804,-0.07408300709951077,4.573349907523067,3.4250859083911736,3.0180686181475025,-1.0914456188985637,-0.6680471964749727,2.4451337824544757,0.5213498549331813,0.2802799271151258,-1.8375527460049113,-4.508642014298381,-0.6608316847720406,0.6770241910881423,-2.480316972775065,2.0871154162996626,-0.6414400588424386,-0.1498275565804687,0.4496897629021004,-0.17642463791129925,-2.7367900494231563,-0.6998394033567865,-1.2309396191009165,0.8869733991010675,-4.631607828437637,-1.4667048810676957,-1.6323131121106536
-0.8118982077737511,-3.943971884052044,1.2564718981908878,-0.5776060770246036,0.15642311583812105,4.340182086265235,2.989241906815633,3.9622929916894516,-1.3280061596566308,-0.20235700748645458,3.162489060554528,0.2096882480511904,0.41516612192907404,-1.6198301211350217,-4.328256514336779,-0.06560291434808663,1.4122334015548366,-1.5381651359838644,2.8968360095819436,-0.8828951049659716,0.20158259881701363,-0.5533077416374218,-0.1611055245325287,-2.8025372466180203,0.04722160037365719,-1.5102530181557499,1.1952906436512476,-4.02420462469289,-0.46557330367579586,-1.0394612315483551
0.18586275504099425,-4.021995745073067,2.825328933174601,-0.28071968423504856,0.09729136457019127,3.8816303143515367,2.976140450017766,3.0178455439036913,-1.4161938101610834,0.4333101536121368,4.360531139366064,-0.6316329100959734,0.39277563525705167,-1.973492136152668,-3.1417161017814355,0.20106208785318708,1.7329621495582916,-0.6976509016879208,2.798511521445909,-2.0699124763737373,-0.490681396004876,-2.113430613507731,-1.7106672304097237,-3.550703376245976,0.6239402052466394,-1.2418590678906576,0.5925605821265468,-2.93234970219957,0.2886076405662388,-0.7993325646356076
-0.32286247206862195,-4.014262948836704,3.265415732166046,-0.6602123429995087,-1.044565846978235,3.4660372145061884,3.4025559227760365,1.7271225490332163,-0.3360673368133752,-1.0006453162734914,3.641656058549212,-0.7792439978038983,1.3643560753501682,-2.157068669648716,-1.3770590972534547,-0.24127816669245863,1.4452715247502808,0.9163430072395788,0.8689748750004719,-2.5736173717344615,-0.6338945028908487,-1.6344374992826944,-3.109957668441081,-5.318393696064547,0.29141671287817905,-0.6733854461726356,-2.181109596298208,-1.7430954504569591,1.2346573796774383,-1.824753027970312
-1.099183350569154,-3.46322468144898,1.284872266094494,-1.3302209762455686,-3.6048997717901443,2.4107167699755925,3.456800909882994,1.6752076364287691,-1.3132471241803227,-3.4169127089582494,3.445860157352619,-0.38874746670310595,2.5219378863516115,-1.2663332834567678,-1.721977388510191,0.7813806163273145,1.1358932112298918,1.3678019147766025,-0.6795446074621752,-1.9444263319771897,1.1634507631383926,-1.8033397152390358,-2.2349983321962545,-6.538509320714145,0.14756035369501952,0.07741831329238169,-1.5168104323887772,-0.6928397635681363,1.7905556343868412,-0.22692093532186564
-1.5923673849716,-1.1574019800308664,0.5895149251465035,0.4251637262140277,-3.2978277210429647,2.5141469669869645,3.441946073421936,1.8891855833313733,-0.7729011678969678,-7.4140057977157126,3.636676139559226,1.4891666135277009,4.292958557153511,-1.7510447864017262,-2.6546024450992607,1.854905739959585,0.2871526129561973,1.490289753220952,1.8246305475527897,-3.061501406066535,1.2901792050291945,-2.2313122783038843,0.0008356480626892093,-3.12999513738385,2.217044012394373,0.9703011103167981,-2.311086543102058,3.3335040571492804,3.1281199469795817,0.9559284048150183
-1.5461307828314272,-0.960619659099454,-0.05525602484244985,0.7367201604100331,-1.3718663552377979,3.3706090221792304,3.3572360930802954,0.5966263095148223,0.06463376038216717,-6.464597768217401,2.701374511044791,4.591740738869613,4.2239351112324695,-3.5316872859787223,-0.7357107576718188,3.198010773352181,1.4456536603963581,1.4688158136723217,2.521207979944461,-4.337911304514873,-0.3086680311730886,-2.9592788654816453,-1.0446847731583722,-2.9822217045344748,0.8587890586160258,0.9060558184321355,-0.015484309417660436,3.8396068061953432,3.4838122488631433,-0.1484966197547966
-2.0205133067577297,-1.6311500265644683,-0.652238911045798,0.2943134710493883,-1.985575836102176,3.620747870664759,2.402874591950965,0.0448853843542929,0.5003167612632776,-5.762129818747336,0.7192765948832048,4.928730919934881,4.0319479610625875,-4.487879148312465,-0.18147610117793683,4.0247978128923565,1.522286706087268,0.47116470859640136,1.5020451388482967,-4.6437148817144065,-0.4028233417394098,-2.7954447246626666,-1.5237539050309312,-2.6941609525231556,0.7318718167924674,0.7234523403265132,0.1258874730574362,3.288753108731057,2.25788085300207,-0.9404824171776988
-2.568178656340284,-0.48459557950765464,-2.4217994160502903,1.3354791680389129,-1.8497094531050278,2.3909592601637732,1.9094126071821882,-0.7832818630007126,0.19266234754440015,-6.047323471613441,0.06917021480570107,5.036453709661414,4.082550541531283,-3.8500319662370135,-1.3193500034727828,5.556238634524437,1.5835351763042316,-1.3498223112836985,2.4513667080152235,-4.050314279769539,0.2874427611061332,-2.983483400481174,-0.8519127376129216,-2.56577680434065,0.14694920488826252,0.3606250648585902,0.337522856574807,3.4001311458735852,0.2628767852164853,-1.973013226199964
-3.7544144047965475,-1.225439417022814,-2.2190009860603412,1.3432022282517402,-1.4874577375821314,1.8471113019431422,1.3921361779557164,0.8424934087234323,-0.8829088450211353,-1.4140018654356485,0.8562329906391322,2.8255840513094244,2.711908282633998,-2.4131170889019,-1.1949026030066259,4.131301375343705,1.2890103822555035,-2.036269989568091,0.1723289970775132,-1.8160778928354042,0.8529777761131827,-3.6533151110773785,-1.2736762504804429,-0.37543229804282363,1.898586082281535,-0.39933971447184613,2.7019368016635323,1.5967487262916964,-0.6856314793590779,-0.17026535526026304
-3.3341573568618803,-1.246797874886682,0.2307349499770217,1.581044430146418,-1.0219421725512974,1.664546627418011,2.161494564167207,1.1964094118191708,-0.9436326652464894,-0.29122282887528217,1.2773116080624036,0.8965778040452399,0.892536338288123,-1.5680454114545403,0.04160126955273985,2.764896721856711,0.21805654979975178,-2.125593784439391,-1.550138481007266,-2.46261446464349,-0.11340443990089061,-3.2515727584583907,-3.261293246367629,0.802116005052335,2.6759466388992914,0.06649012981772572,1.7875289412925546,1.2068113025445857,0.33431540337848453,-0.41579899827001043
-2.0842104956621244,-1.0982454780964552,0.6541731558887598,2.206666291143642,-1.6004059113772369,1.7160422391503944,2.9536301553161843,0.8441172622308928,-1.3686269316245516,-0.16225531041755334,1.3644483705360018,0.7933549441793568,0.7016555216401097,-0.7936757281632804,-0.19702774756611374,0.6589724357328821,0.005756581180679787,-1.777302416865611,-0.5309441476322317,-2.3308484604940256,-1.2158461905479503,-2.5218616609080886,-4.299134934965391,1.1068910309694,2.003551813251257,0.3900675125621959,0.5629806121545395,0.6382192771411528,1.2025773177590033,-0.9844653733731522
-1.5322256422312572,-1.80488345621943,0.6935094144713159,2.1913388611253297,-2.1309062549950943,1.496964428555181,3.0918909162047665,0.1814608874865251,-2.32988959990726,-0.8960312999453205,1.4163244887205966,1.4707068037197362,0.8511798428557678,-0.8439318893773076,-0.7795723439804976,0.5245346146120078,-0.5136270982193984,-0.5622031586704288,0.17963478943073397,-2.4738901917923886,-1.2872005059679765,-1.99216011653231,-4.587276949349539,0.47940554817622866,1.2309735533150827,0.2972528067411087,-0.14659978534978868,0.20926638132968906,0.5870235311957056,-1.377078059256617
-1.1115122475099986,-1.2974970124059606,1.0426691095111702,1.6349285437913255,-3.0331161568879645,1.4362543571015625,3.350094537037758,0.0026338783257354725,-2.7711821701156993,-0.49224091418621224,1.3243453120823017,1.7120283335028406,0.11788276782759699,-1.3400814246409016,-0.8266166598517946,1.169473854889286,-0.06194196687809014,-0.5348788437741172,0.021915047663869647,-2.059674468194264,-1.5221701660538551,-1.9323688587381673,-3.9500535634335594,-1.1007302543117068,0.3377411283312456,0.3655686104132269,-0.31181275076019466,0.12343478994223513,-0.18842841931427168,-0.47145787187136345
-1.0082525581927835,-1.0486363207432667,1.1722913310146474,1.7864294445078255,-2.7370696876994423,1.228210787885199,3.501100580671742,0.15852382821719074,-2.647169254611251,0.04284140952669935,0.7212137824980405,2.113992894762319,-0.4199642594063635,-2.1832505494818824,-0.9709328056848305,0.8069349310566184,0.11703262372223475,-0.40272329632554765,-0.5600009855063768,-1.7891137646474387,-0.9645737226986592,-1.7936593206533162,-3.512692063667706,-1.72488409651998,-0.5069807668558761,1.191569128479421,-0.5270274887527335,-0.24269350771010317,-1.1323602519323646,-0.997905601942173
-1.3893290197471773,-1.7262506922877443,0.6158406055750054,1.6763813078223104,-2.7922552680716235,0.2500330857600195,4.020601569439006,0.690169012552269,-1.977585443026591,0.4636675794131354,0.2791520326407081,1.9553818271815588,-1.2109610228841603,-1.9382788788667875,-1.5191197826732554,-0.23969477108378368,0.37535105694902016,-2.1739873553607634,-1.1726362521674045,-0.6196985091079084,0.2844034121926645,-1.0820368708185708,-3.332458852701449,-1.8003516741112244,0.08875798000466162,1.9713177340163153,-0.6224969859176963,-1.5577038629124988,-1.2841925103976846,-1.2224731120885404
-1.5202203773688818,-1.3959763891599786,1.1539155366821638,1.087885752845079,-2.3248800926130473,-0.02226783689602102,3.977310835213258,1.237633383517549,-0.6561438726846487,0.7113860798462625,0.168094337050135,1.5703764539924614,-0.6280296616783402,-1.8139944924034508,-2.1726268105399984,-0.8186298527325697,0.22136164468039599,-3.0636950092858912,-1.4880491580705417,0.5430148869737819,0.6152420977165136,-0.4305897454736157,-2.680726273720075,-1.6527187524197067,-0.11291541480046963,1.8771058067434188,-0.9298253698788687,-2.276630407554231,-0.8317771206622635,-1.098451203108181
-1.9426313308628147,-0.8543902912722944,0.786291482030915,0.43023505233970005,-1.1886059549187602,0.909722231620506,4.065031001659782,1.4534062361511761,0.2670938721733247,-0.07798761957400663,0.2090535466427847,1.840161369440809,-0.21243287865621918,-1.1545145053189623,-3.072102417496935,-1.4992292570657553,-0.5525317220314085,-3.1004443777140964,-1.0510155661518503,0.5616612380681532,0.6668673874998261,0.6762156361468958,-1.2171735414665257,-0.6286398287324345,-0.6922870582399296,1.217360754969373,-1.1496779438432154,-3.0279659970311554,-0.73307743169527,-0.8172690366872187
-1.551580204731028,-0.8710325968940447,0.38864216223916825,0.15951590566605986,-0.6737698951352302,1.4884369920923983,3.37393418281808,2.3244650427062217,-0.2686771980468393,-0.9270039478760522,1.2674195861556479,2.9082039569122875,0.5058187291067008,-1.0825474772753845,-4.227057125317268,-0.38538911414762167,-0.37429783601395955,-2.487107480877889,1.1272787004796347,-0.29544421297220436,1.1004929321723327,0.7425014143102994,0.0117244265326778,-0.18427587241027232,-1.056107740556982,-0.0366006911483574,1.0444627170135201,-3.3526178207259534,-0.42298875126836466,-1.0756747639390105
-0.8541613850464351,-1.2806410153968262,1.9338105712655986,1.0258103673821446,1.3063535940927904,2.134349840876471,2.6304662977870334,4.315162762496515,-1.0420250935339461,0.5131404008276716,3.187527579390477,1.8454253864832457,-0.12505379573181927,-1.6145671865564521,-3.186740619342051,0.3937258026732515,0.5204018374209833,-2.4950015349784627,3.0633425571931907,-2.20698763399178,0.033539174779596365,-1.3373815303810865,-0.591005572698626,0.29508782721320603,-0.09882855791720574,-1.6746838450017998,1.8109976954093108,-2.834582915543419,-0.311806129492619,-0.40378627006808443
-1.6054922382086603,-1.3133043254503372,2.2643952641140404,-0.163187147492439,1.7824870537393673,1.8106841522540316,3.3605724679781175,3.263033202955666,-0.21389859776287945,1.2775839887588682,2.2383619982121625,0.12508838566147934,-0.5721083000234172,-2.1330158712923097,-2.1200976346462244,0.8126877537227951,0.1370737506681204,-0.6944658026007773,1.2364454736014465,-2.8337939871813704,-1.9935877122891825,-1.06411478811669,-3.3325675749867623,-0.704885965181184,2.1474900030539192,-2.479189546922245,0.3005378779313984,-2.2526916253277625,1.1002285931808808,-0.16893107253049866
-1.9317270272563312,-0.635373772500849,-0.22373944622362973,-0.7415138121200017,-0.30969294990683605,2.350254148133981,3.4221999656972493,1.908143964482428,0.16612815092649547,-0.674714309127717,0.5357558148884727,0.07540368465569633,-0.9444072547093547,-1.9774319508295033,-3.159807253741374,0.9017894330694294,-0.23984487940244176,-0.043397156230383,-0.5305808890957413,-1.5456238279043666,-0.21520259130246283,0.35163236974854173,-2.7243687841470683,-1.3952788779872165,1.9439516487256951,-0.4324434110179125,-0.8100890813738653,-2.296373892035311,1.4413615437216984,-0.48791640507159967
-1.3134398308803803,0.33738333273572685,-0.9339437892765566,0.8512614417033246,-1.3362332952581906,2.6768228687918287,2.8264932506378906,3.2214091546593284,-2.065447536831666,-1.5105707561381214,1.4825622214145386,1.1648481452802584,-0.6979546830975023,-1.3244962079828835,-3.620989556535785,0.416078870512412,0.4531579999843161,-1.0954188417463495,0.39583812752457587,-1.651461588204716,1.4270744902177341,-0.2464330118133291,-0.852872441628113,-0.532805860001442,0.5189541395640767,0.2630621617384952,0.5706888874123492,-2.6258247720069514,1.1227156500969122,-0.14104808077416886
-0.5926641793865025,-0.18851375341316995,1.1457671317159637,1.0259604034285734,0.5215985931941687,2.3191088371380744,2.4548804580980192,4.721672780657521,-2.2671859380886987,0.9501563808052264,3.542417190012215,-0.20060008569126972,-1.1280163977864164,-2.3012979782312395,-2.075862789600488,0.09672640195855581,0.9859606250706594,-1.0665866447658245,2.3594854246481094,-3.5270483911602653,-0.6997828515418483,-2.528428172630761,-2.743556925508214,-0.2579673005755466,1.2013327360155703,-0.07710796788978341,1.3731929523245678,-2.490716953853724,1.4224107364684926,-0.2629555247801357
-0.44909071869218986,0.147384776518379,2.719994944069992,-0.16305825098149007,-0.1402848029921433,3.027897654355053,3.4786669715942957,2.527604575103878,-0.9604867705291648,1.0847000426687434,2.254050872708955,-0.4266408255932945,-0.6107257376163369,-3.7642013437257424,-0.6957728156230781,-0.46662809271230204,-0.23162959797509086,-0.3425896442663604,0.14225870316694256,-3.7567988531572785,-2.8738102097755354,-1.1905229784787552,-4.764190869979136,-2.1036185198826924,0.2548006919228113,0.4155944830355819,-1.350257473051368,-1.1995642660932526,2.058191405288984,-1.0656793653408143
-2.0989105953809495,-0.15796659661593834,-0.13807394240879192,-1.8277581639327822,-3.1634407740419217,1.6758645128794507,2.072616773538713,1.8514646019875642,-0.9234571782287692,-0.3232157193904334,0.5034237451781933,-0.17658345226248753,0.6361205297885526,-4.3164937974676345,-2.2308588796939395,-0.08989045681547175,-1.1630522531200624,-0.4493650578306887,-2.42587148883485,-0.971608507195964,0.3231694820434664,1.0171416726024607,-2.0868079802229955,-3.128087489307201,-1.2514840593148642,1.2134857084261845,-2.062314939617986,-1.8266065584026254,1.331229815390494,-0.7430771097475566
-1.787205316509934,1.9491143779194273,-0.9257099961381685,-0.2896387935211787,-1.7013806332792576,3.3392394721111494,0.6236851079607577,2.38187093221436,-0.8035020284873338,-1.427816775452546,1.7262774307731594,1.7197131532923133,0.8098892158693698,-3.2123343910388913,-3.277697897291852,-0.012442261941663472,-1.27951307562377,-1.225917944646315,-1.7632280222696832,-1.2405087544854059,2.4514978750650074,1.910336065796877,0.7271382261833774,-0.42817905804676093,-2.706115356324917,-0.18483575439931876,-1.3483487247301411,-1.2462512671362522,1.5677328735398168,-1.5252855255062674
-1.768737500008811,1.3190556886005784,-0.4924731044424645,0.5170298961805129,1.607581360611696,3.2534339655911166,0.11652179265797769,4.634100620850528,-2.596035740239792,0.6628158855411941,4.373422351334659,1.1696122126387425,1.0795157842812442,-3.442746172634811,-3.1708230093622936,-0.17917557820767563,0.5939670223146812,-1.9448279218902635,1.2689165693152344,-2.2028449138469535,1.9778251994232607,0.5327751616834533,0.725973728275535,0.6377326773923665,-3.3708141702841696,-1.766097323199376,0.7775785532237086,-1.3803826214267159,-0.521461898975266,-1.1111909586013424
-1.1511315831288518,0.44233405551235266,-0.5225713721507818,-0.11497480618966516,3.8002689549085145,3.658774130475755,0.5430112722817217,4.799731392283667,-1.7535622171775875,1.8974507841475194,4.6483123348636335,-0.5153499960602702,-0.36632988572372055,-3.130680128194643,-3.1700972521499167,-0.7965759540775545,0.6602781298302953,-1.3411144663946786,1.3537651486341113,-2.48665550992573,1.111869828436609,0.19898719894707395,-0.7589294144650546,0.6441295801378761,-1.4626285459254438,-2.1644326622972367,1.0270351434400447,-2.109037638635852,-0.7387978334436699,-1.3344958410490269
-1.2644094712486509,0.12798033105285023,-0.3928554539682756,-1.5952457304937848,4.415679382414337,3.6868189644594804,1.7010301125075988,3.977865152078831,-0.8300137104041057,1.6238584356795702,3.6994353918515213,-1.6315923804276036,-0.832409312740473,-2.185817193486683,-2.6684824933644187,-1.207221896896265,0.2772347565381547,-0.8249190173634993,1.3906128058444265,-2.4553086177084467,-0.28648158888588815,1.0221004855154807,-1.6101790138258003,-0.15472930414970557,-0.1807040107978664,-1.7995560147733274,0.19914384672482544,-3.1545251916827315,0.22832468102881448,-1.3727642672300964
-0.910872097928089,-0.062214879366540105,-1.8966315734828327,-2.178635753240142,3.4034386402100516,3.7804335820115917,1.7100027576929349,3.4163025272146466,-1.3165055736118105,0.017368006447343043,3.0465963141020054,-1.3032153561551656,-0.3328468617175845,-1.7775489312927188,-2.5958908928572986,-0.5668687595265967,0.5011236731849752,-0.2509155699430241,1.3855341207891703,-2.01797866984288,0.1473873689162889,1.9293839671989264,-0.826999000807392,-0.8265879869408399,-1.1746758500265448,-1.7758088041118967,-0.040239432521308884,-3.8562472269695083,0.17452633216920432,-1.7649499112890543
-0.1095892518232362,-0.7080405523930672,-1.0213318108454854,-2.322887000315217,2.3910995803223463,3.6855357543024065,0.8791911240625896,4.28695377310129,-2.6373448236842836,0.3253024032066695,4.011693824163869,-1.2784560076920306,-0.1526996185562957,-1.5487611488371051,-1.7886609659891828,0.1470431723379713,1.4537662428230969,-1.110950386707531,1.9603081597310932,-1.9543622097139774,0.5736652596096083,0.8825115417976231,0.16780997121962765,-0.35310002984872696,-1.1875622520792597,-1.1504440731009153,0.4312672812572088,-3.5766424776559695,-0.12226722647204798,-1.1240504523092911
-0.032380899234141336,-1.2583528958117334,0.2321797788678896,-2.5244767337506238,2.1591704435791406,3.8357858352693235,1.8899347055858147,4.058911059213739,-2.0966412714869556,1.6672565721563295,4.25889869461678,-2.311342415403312,-0.7935761283416719,-1.2090743690186032,-0.32009021387300907,0.34653205698780626,2.1024329147110468,-0.5436491232242039,1.1893729052260926,-2.2906933674379943,-0.6282222164179363,-0.6474175304267821,-0.990613727819103,-0.5845822064846576,-0.1282292088045161,-0.15350588078104693,-0.13109266345389942,-2.302431890541154,0.31105859563383403,-1.0100805172591785
-1.0088949384203258,-1.7783477443131859,-0.28167434870408387,-3.2676258552141086,0.20036928971680854,3.655344257078273,2.4940183708662405,2.8491260941176697,-1.5780326749616083,0.7915695695983175,3.0595830304747333,-2.6156512738550783,-0.9952376426206112,-0.6620481067772646,-0.6973023199820046,-0.4338681629272913,1.1427271338606413,0.39168074714900414,-0.9034733273052553,-1.4654466940835895,-0.0906896305676822,0.579813078265531,-2.261980076194034,-1.0842372626894907,0.9652066507756256,0.4135259102180467,-1.1013709185678406,-2.2788177387806257,0.8559911263174148,-0.8290685092775547
-1.1598291917898114,-1.7975057410100694,0.22170804451581133,-3.445090524694677,-1.5707899061762538,2.8415685878162567,2.0078044659403704,3.485016831061877,-1.9343377240068726,-0.5530903701067528,3.9814548032734227,-1.9041319556676246,-0.26607778872002963,-0.8951444693867889,-1.8133616233287875,-0.6748882065144948,1.6381275931906092,0.7484385452308515,-1.1707748616405578,-1.872115181920849,0.7661584478450771,0.33709073881516793,-1.4123267278243998,-1.5788017685079436,-0.9695195603786501,1.1703511079985371,-0.3203000280375884,-2.234490378870734,1.2567293183832329,-0.5532744940079206
-0.4589934322118167,-0.1963164817071964,1.4249639034415778,-3.032463839137895,-2.6806937774674364,2.4303725931036073,1.348965662110794,3.6830773948474316,-2.4922442584130495,-3.8063275807598553,5.768619425887405,-1.2772627340053493,2.3058663081310984,-0.9962790061743199,-0.6462386287798823,0.7806697695762068,1.8413760313996326,1.8440110103907261,0.10978931751525277,-3.122896352049167,1.3003475872383876,-0.13472618457015673,0.40228113912851693,-0.4282445767245753,0.20278684750077836,0.5627195907787343,-1.7287080309027683,0.2711088718475784,2.926771314872299,0.3839731007978456
-0.8496896170621628,1.0649333349732153,0.6693865863831403,-2.2568331420209238,-1.8353652073687419,1.7328526407246614,1.6615768155486825,2.495116147002089,-0.1385522284602228,-5.4006987200110315,4.908275839693303,1.121974276250164,3.6386547069518347,-1.8507251936543827,0.38916648843356205,3.572187445383448,2.124539938765799,3.229086262103484,1.7871294560978788,-3.7448620154290824,0.5323012684879116,-0.7728229446054381,1.2525899046075,0.35568815811449045,-0.5700801477347235,0.7886669044764326,-2.546663729748574,3.6113517714199883,4.194724408099516,1.3543037089711272
-2.5845185430031137,1.4720045606646959,-0.6892486224527893,-0.5315488943826472,-1.2288945579916497,0.7282082509655277,2.803543437732421,0.4418757198790678,1.7148282651572042,-6.604623234172078,3.342714511640553,3.0084385303339976,3.246772319539832,-2.7267774417411736,0.8676033318682658,5.117323894135485,2.0602645566039013,2.19248605324339,2.4310111821266736,-5.4308585452068705,0.5427146600615361,-1.408778243255204,1.2686114204686867,0.2905009091173615,-1.0234154669710267,0.9139687608372594,-2.292826248160569,4.880770581169827,2.1637731034670176,-0.3405896898860243
-3.1930544660021534,1.1789042811435204,-2.0225725848412983,0.18256804090918538,-1.0074043380019235,-0.02343414625588236,1.9668008624053777,-0.17496304295595277,1.8695690278429071,-7.5028794534731444,3.033787682777488,3.8796088804962032,3.3106930151408096,-2.786933492878748,-0.30085538267168765,5.809773768729254,2.688883351977683,0.19723616517593712,1.8537349707819692,-5.248440279566357,0.4153949240610578,-2.0373131039601673,1.0556699766425635,-0.3261824794420254,-2.5629476315982784,-0.29446524140057195,-1.0164457516365644,4.403058271810857,0.6443943810238373,-0.5682839171068595
-3.4411501493627235,2.4512367972764104,-2.7173516569491074,1.1812421261486223,-0.9707568259855144,-0.13542548253030384,1.38752865869322,-0.14155348553825664,1.9987900747880147,-6.880282753536523,3.361520719134197,2.803642941082871,3.415649770116496,-2.8918566916781216,-1.281719443046925,5.93629119218629,4.381022750241805,-0.7382411821733557,0.9026793882242417,-5.133406323558861,0.8127577367142377,-3.7968558894156863,0.7052549481821448,0.12370625997816337,-2.207667602551081,-1.307077299169412,0.05150892852155087,3.890631031059087,-1.2518186001413494,-0.5191032695575472
-3.836331314947797,0.5807760831428225,-2.1048526152277485,0.9103406905370521,-0.430072608102235,-1.2244170677981125,1.4188824331249865,0.8900291727275295,0.7860219887791258,-4.205634090918653,3.487440787438273,1.6249393626001143,2.8346875306461974,-1.7881398143837552,-0.4944002564062146,4.4755170981163,4.124795247390944,-0.6008069667517651,-0.9709394160587291,-5.1135948716435164,0.7981164468126547,-4.898071306683054,-0.7091046759967209,1.7873240456343378,-1.0362435137082169,-2.6617002497980957,1.0976215586823277,3.077639550572315,-0.8086634462699427,0.9606795110424109
-3.8747796225029862,-0.5347832077247423,-1.8814231622840087,0.5183388984737516,-0.09237191425958369,-1.1203469042970755,2.181546137652148,0.7940373549827877,-0.2588551981092847,-2.8466096255025928,3.024484278970301,0.46173608271627953,1.7152890725347159,-0.9903235634198937,0.5360296712172391,3.699667607507785,3.502409368065708,0.12528696135327644,-2.5627779212110626,-4.798639842905419,0.45460629621691606,-4.464802534438614,-2.2270253063231564,3.5126484031478293,0.8979839057270345,-3.752990252875178,0.7135304824593773,2.1242115597511235,-0.003961115086506872,0.8274516386645668
-3.215722468892384,-1.6271011349422873,-1.4802829622348603,0.1279853573280172,-0.555590654361594,-0.7682067920449472,3.123465169150244,0.4905625319299347,-1.1614687996183635,-1.4420472431151847,3.0863897261207374,0.10854777872443347,1.2835467871607849,-0.9787565100180483,0.9911215057028473,3.6535266900911285,3.0802202519576984,0.8719349312087546,-3.3696430110125997,-3.9138037386503135,0.17712550051581885,-3.289098653752597,-4.272474910568605,4.085192823744576,1.2183263613341482,-2.68094195093499,0.040248001555620416,1.883308590636139,0.9635540623932504,0.41581102893578714
-2.536627890311013,-0.29597734721414626,-0.07614960288529427,1.8226109637180279,-1.5416651699616695,0.14110040885053565,4.752114226849632,-0.3488857078469115,-1.5802918316187418,-0.5999642130031676,1.874073352620043,-0.48637196601054283,2.072710334498204,-0.06409003952608877,0.8993636540255415,2.5403702414362046,1.627381525683967,1.580923818450616,-3.010741119238292,-4.106885724354051,-0.14797050947587598,-2.94832419768747,-5.715918873313758,4.608954432078511,0.9675900616671309,-0.37359532820082214,-0.7227169290759243,2.4120162928478996,1.9858126516972205,-1.7029448853353002
-2.6052125419400785,-2.6184053907425118,-1.3086641720489736,1.3639493949680224,-3.0000023391797095,0.46046558474573096,3.8504459682447045,-0.9859248277961296,-3.207160826316523,-1.6981898260787296,2.7046728475909054,0.26611321951964073,1.378041099067812,0.23087348486334022,0.7032053305666838,3.1011838477885743,1.457828518552379,1.5009183223346758,-2.0416548256456357,-2.6961365405949165,-0.32936331522998574,-1.9154689900477964,-5.616009995240645,3.476921126411534,0.2566628429676795,-0.48353692739165915,-1.297928362767995,1.4837898512754606,1.1917459502331647,-2.136137117562065
-2.4621684893945512,-2.498089261369905,-0.8226250278776835,0.874340919622678,-3.9844703139687785,0.3341537571170435,3.098403028787268,-1.1234401070454045,-3.912199330761025,-2.247956658545319,2.6186743397476264,0.8019988408117025,0.3360331366531619,-0.16656972255971342,0.34406736411931005,3.510805442602507,1.5232672967503444,1.9100776586638923,-1.7815206114463842,-1.954596704795284,-1.4234144992185813,-2.0961416983902774,-6.182326396544368,2.127607789294738,-0.2303173982069147,0.17653699985865784,-0.6663157575356393,1.2448649836659915,0.8495590603646561,-1.1728100326428175
-1.702427122458405,-2.7171282250748505,0.05048632040261547,1.4736813389536851,-4.014606329210219,0.7257684160351542,2.6601285300952435,-0.9804308057016253,-4.19771774367476,-2.672987332575033,1.9031248263782357,1.0410001174444232,-0.7501644516700436,-0.3026497108416875,0.8360912901054203,3.6478498325162634,1.3709600064061682,1.710045248175987,-1.61836930267391,-1.4365107827796413,-1.6007457737474589,-1.9157059512534764,-6.818828315717108,1.2225604214628336,-0.616268328501959,0.2703941523890947,-1.0590015840992348,1.3223988472077237,0.8568883139495269,-1.1937622410324646
-1.4296840353650786,-1.949892681862367,0.07004732366955368,1.289198247441512,-4.000839100520273,0.31795367117837925,2.562199304750134,-1.0648343189443188,-3.820894558443572,-2.7753055128336803,1.1007712381730843,1.2759298968392085,-1.4550195637157928,-0.41395550250594826,0.40161505082961724,3.8982861734036263,1.471217867804932,1.5429554399888572,-1.7799492753197794,-0.20128471778013507,-0.8386787626233045,-1.9409814254343707,-6.476651636010037,0.1393558921497606,-0.2799941098734545,1.4151146958771155,0.07371830354893265,1.4470414447335633,0.15592078515530916,-1.2983189798733248
-1.379104552432735,0.10137550890393449,-0.388716202439947,1.1341532380654866,-3.5181866828836785,0.37415620000286276,2.783197934608483,-0.8593191189321313,-3.665969516216113,-3.2230126219191817,0.6875797149355307,1.3815848713638776,-1.950789962205273,-0.9627675645423703,-0.17668822140114773,3.031291999658251,1.6914678589870784,0.022803240610881376,-2.1540871302042413,-0.253141716178041,0.762427251758581,-1.8897921512420714,-5.214565424872598,0.07538378254534273,-1.611465942358907,2.9572712163987744,1.6076266252222662,1.034808709202946,-1.1366340294462631,-1.4968596856050627
-2.2270339281368976,0.30490424502528324,0.5390585630730795,1.3840398610089402,-2.0113209136137775,-0.14888520662576865,3.4210243436625762,0.22990473442476292,-2.035559068013946,-1.2930703642133212,0.561234296775005,0.5444552112272674,-2.311823314096976,-0.8956535871951918,-0.24189405048056445,-0.25218893001737774,1.5274255478568932,-1.9898489637524952,-2.7803336205125406,-0.1609299512373485,1.6499890414218576,-2.7047785728473333,-4.117772008868858,1.566463972794723,-1.8803996450910727,4.416779830014543,2.1603501489816463,0.23660334746435496,-1.7942503095656646,-1.9442968139728074
-2.305372603522304,0.10272763587370504,2.263457280222982,0.5126356002605766,-0.9303169574479933,0.16140686029903734,4.871066951495623,0.47282020582921996,-0.37295485052976013,-0.42222097397935726,0.5012080356904349,-0.2917527802712828,-1.1014362742752328,-0.9140668279463255,0.48445331751558895,-2.590611357423193,0.4305948301143928,-3.2088462477657953,-2.443308120785828,0.20080936244647318,0.3512347162703732,-2.0975282703790468,-3.958514160602922,2.129520153069988,-1.5283820800790577,4.755080372964278,1.1010417880864183,-0.7039214223833599,-1.3351260284492725,-2.0896449099990453
-2.1567509348640983,-1.7766383142620372,2.051947582437014,-0.9507667092360044,-1.8426426336086026,0.39715821537043444,4.889531962801074,-0.08430208621523905,0.4477205700885773,-0.9314164507970413,-0.07836727691434403,-0.2864588998501475,-0.0736024473078013,-1.6107911491535494,-0.5462206820932065,-2.7523054928105704,-0.893039483980574,-2.7754378153406565,-2.354694662929424,0.9527595303877355,0.21822542919439974,-0.016366519649252842,-3.216650154404486,1.8003585509724067,-1.9492451630124183,3.9955148096683404,-0.989156336270024,-1.5622039635886842,-1.1258292156126897,-1.9769909114914603
-1.972250168618593,-0.47141422266343863,0.8386899042231687,-0.6278162620010326,-2.158764833479268,2.38212758615789,3.5796944453523323,-0.538728503297501,0.7144713303372633,-3.232600128678065,-0.5143750584636844,1.2482164050494062,0.361284512863216,-1.2116324626124506,-2.1806941584755744,-1.7807872013472406,-1.0355798124831712,-2.438552156387162,-2.5896234824428817,0.9887325456680739,1.6154082370607297,2.373736550296096,-0.2748307212545159,2.204318892939484,-4.121950479165071,1.916858252209993,-1.8170100068000539,-1.5125653503423693,-0.3771193131033645,-1.794710060531205
-0.9845150761539662,2.682550277007025,1.058475547062823,0.15579420411457517,-0.7908998838668458,2.8377841420183723,0.8956279454151723,0.9632806267559471,-0.6592264376273869,-3.829264441963683,3.8434423921324203,1.1488388894468615,0.46765665195286876,-1.941772770870267,-4.172219734381237,-0.46370777084906556,-0.22201518917922536,-1.4420024256535688,-0.23903807655628828,-1.0655726591987777,2.9811613638083765,0.7216196677941417,1.8418233725791195,2.600187367060897,-5.286162569233026,-0.513249162281697,-0.7724608250702768,0.018694952065827664,-1.421697574253548,-2.897601627475466
-0.80678029227384,1.2651998182802833,0.15013484303582458,-0.22635132681362183,2.522001721079044,2.7590975936917554,0.9920956614602625,3.2460101972911986,-2.830497652793956,-0.6723961877251519,4.859028756897812,0.6211334817756536,0.18137968318880143,-2.9967596037047857,-2.5959165442339143,0.1676792678272483,1.220027650281089,-0.5823552323961441,0.340261398226389,-1.6390495377770324,1.2889559347131478,-1.3858723299696445,0.49654748352993555,2.5800089463666165,-3.6789629940210222,-2.702150514856738,1.4127997143772881,-1.3608823789553122,-1.76621434320281,-0.9591992599963894
-1.0225937695558274,0.5247545383121099,0.10780538194466194,-0.6389879844050725,4.169912825114389,3.195341970689949,1.3210588699071553,3.4852175836478203,-1.909333635742962,-0.09521467538315531,4.041498840339229,-0.5966677902491613,-0.7249656906434979,-2.228551382952495,-2.8262429039553143,-0.1187920258603219,2.1669484524890255,0.18072534285444092,0.01472422531189238,-1.3937780027641438,0.345926962364991,-1.3049305518582903,-0.2884004391597035,2.447335741866051,-1.3780706190830432,-2.3826907412809324,0.7745941161870455,-2.373609684788517,-0.3586572202577797,-0.9030650497108198
-0.32196879781025095,0.41919969526046563,1.1853073813170656,-0.8035661394505562,3.9462783554354655,3.5584041568952682,1.170593516757129,3.0985478158272874,-2.7147821205364133,0.49608426965018515,4.040703085949839,-1.8566301353722126,-0.6183699216404592,-1.4756802642256257,-1.7260092889975753,-0.38958818882659635,2.398035513030063,-0.21434655702467642,0.7536594275983256,-2.094953162107487,-0.10825926808625541,-1.2068040087333063,-1.6268293424151576,1.5375820868967196,-0.09774791234802377,-1.843301576368931,0.3165799287188854,-3.0982101219574436,-0.6409932862938297,-0.5278964823084649
-0.6425919949611054,0.9543655885736739,1.4766048062875765,-1.5653201062371882,3.391499621090153,4.070043298010593,2.5570500948817116,1.3601673377357835,-1.6604726555299547,1.286804542445928,2.1143234818253176,-2.37311258410913,-1.0961401415810765,-1.6428288611887714,-0.3040403378338057,-0.6355778139552505,1.7923046981293478,0.6360209864682687,-0.8897280175624437,-2.2274993819901474,-1.324657236959574,-0.7051343134712256,-3.5075546296112394,0.18887414920386814,1.0035471676524108,-0.3420699841629534,-1.6959776660597623,-3.241864475449975,0.7440577441310302,-1.7489553847216441
-1.6941468106221438,0.8502001237755361,-0.3334504575980691,-2.4534700854885365,0.5240402180748558,3.926061019185332,2.3853669359631344,1.2067891707534302,-1.483501004424363,-0.32429648505481456,-1.0097492959299146,-1.4919390628821876,-0.8400866910210121,-1.0014741659536426,-1.3676910182575794,-1.205260787602534,1.3920101957128137,0.5358997637849278,-2.297011773383633,-0.9826533817780321,0.36130507281782787,1.4584863439220985,-2.0102882506166098,-0.8120163033514666,-0.5727294168530946,1.6701696609551464,-1.816229980715547,-4.10631680621222,0.44846840300483626,-2.4761258431674458
-1.5847639025672016,1.4817359379107058,-0.8706858254339955,-1.5584777590842136,0.7464952955830914,3.7401260481853713,1.1482835335052257,2.032854523126673,-2.8198736214845592,-0.7814504377205916,0.8604899451001521,0.10622620968968446,0.17972143951535846,-0.9886485664431425,-1.9750350330245003,-1.9707786386942112,2.1233293510992075,-0.8135551950697916,0.16469488445442448,-0.8416277837846341,1.2717644511066433,0.12965574545930303,0.08863563967239396,-0.1503502808204108,-2.7524976594445993,1.3292397964599363,0.4346583242062927,-4.713753061687206,-1.5882952546056797,-3.335340370239504
-1.0407807012215946,0.12274125897133598,-0.05390790952947877,-1.6389085519920867,2.239425142223749,3.9135272496369833,1.1824585731753625,3.2711028901678105,-3.6684381203655545,0.614428085747582,2.030978949933045,0.25872970872797785,-0.7326207817240885,-0.9564604731862754,-1.3936302933810807,-2.779552939978483,2.3177392332413813,-1.3952255507776854,1.001150704880613,-0.7363102913206909,0.6667587936547851,-1.3770522886008358,-0.2669241613148914,-0.2697842553812791,-2.5041228384336662,-0.2161781494454941,1.2528802222919655,-4.181083838790664,-2.5153604527996114,-2.7616210104082253
-0.8233626067764852,-1.3183849932093128,-0.17805042475454158,-3.2846281496177125,2.1653140648882925,3.9621630748534247,1.6462686254355494,2.3674394390238946,-2.2210435146720897,0.9512232805961175,1.7170347268499464,-0.42668725784391154,-1.8791409976830153,-0.2616330392792292,-1.387011349574764,-2.820809890537729,2.005096435049664,-1.5457809642043097,1.7253147531665352,0.5056743023535747,0.08771444227344666,-1.1010118826115005,-1.632557332009789,-1.058198491547546,0.4071263283446573,-0.23062163273947384,0.40547146151177027,-3.3403734050570573,-1.7863977556600426,-2.003418649653937
-1.0675742867327735,-2.1390646458524603,-0.7114483840038732,-4.724868252636211,0.5196369426840841,3.8563273034509242,1.6271614857469725,1.273734944690706,-0.7064740878760917,1.3581889528276334,1.2120558681094151,-0.5054066373616638,-2.405634258788421,-0.16332530308967963,-2.0693989727764417,-2.6657932470298795,0.6850709004790098,-0.7558651112649668,1.0859217148045477,1.8064667922566051,0.1626732759448157,-0.28794446643913907,-2.40596963749975,-2.3449608740771315,1.189525659003721,1.1907547172056112,0.5824793986946752,-2.5765373481961524,-0.7071725599985865,-0.9029451278018991
