-0.7751918838856406,0.5672987503780796,0.059856275211316895,-0.2790673493014869,-3.8720579209626815,2.0318914343910546,-2.9386198753356996,-1.1587828136548746,-0.17394827897457188,0.4009800064303528,0.5095954786710757,0.44546115823931043,-0.4230710792443953,-1.3888035624926591,0.5067146164837194,0.21585754390575107,-1.3050654120491572,1.1355966589609756,1.2611957115591128,-1.3848661099550175
-1.0349454509402016,-0.08014466727880873,-0.33779384609720536,-0.07357403001053031,-5.293969993896867,2.456773188646754,-4.379013899341069,-1.1650084443382647,0.41218607577439126,-0.44268668058954463,0.39317618613755734,-1.0536470143953252,0.26047657384324285,-1.9371620406474537,0.38946314269846094,-0.594969228593965,-3.2333686213410737,2.302186657516405,1.6269200342979626,-3.3411339582548116
-1.7701922109932107,-0.36503758250389007,0.24963317888678221,1.1895328173939475,-5.446341268146772,0.899333190129079,-3.3504562439541363,-1.7054349922195366,0.34739192345385667,-1.2676022915107845,0.3317734151261177,-1.956536005522628,-0.20440167093764355,-1.0802470116796374,2.2127149858864805,-1.7658227943106701,-2.795447095387852,2.831392986050049,1.1541318445551445,-5.458419917026703
-1.7813062021733845,0.6750240498519582,0.18078358831360508,1.8545086931304968,-5.821707193433884,0.41447781108129234,-3.019584380477656,-1.9695622936242154,-0.6693263352618632,-1.4613635589104397,0.6073589049830583,-1.6715447295634562,-0.5969346411555246,-0.07712954616360052,4.213658437574542,-1.6246751781218447,-1.5176767078807218,3.52141268472153,-0.004744295893284622,-5.558623838828056
-1.9631617946248752,1.9121597457351411,0.0310279831993049,1.7557970776618832,-6.324998626115646,0.26070535741740186,-3.3268281500367114,-1.7555448695927818,-0.9984589008147804,-1.5164845575162267,0.559950515096955,-1.1282650902080622,-0.185408915407132,0.17560907604302695,4.977220796301957,-0.5679612615663086,-0.517722735238258,3.1835578515300655,-0.35885249323019286,-5.94715583257499
-2.033352499097494,1.9413755317246875,0.1946452529503127,1.079179953339803,-6.413242127797136,1.0871997350797344,-4.865214492960538,-2.971759036818087,-0.6471413608275971,-1.306896536501504,1.014643408158188,-0.3935448631126921,0.7010102219834549,-0.793091118925763,5.1019958131072585,-0.889076456662804,0.0597207213176284,3.2483953655564934,-0.6773220834015226,-5.1589888441670455
-2.095870564067542,2.313886115957082,-0.044827499747832705,-0.18947691957513824,-6.993265079579512,1.9489025870005348,-5.825470696239145,-2.7745157137463705,0.35945852656704336,-2.1663848654184994,1.7938622869187764,-0.07201005632813828,1.1814756289968047,-0.9250154750414633,5.15327452966298,-0.32389452176228106,-1.2891481251258292,2.5292449976710625,-1.1917677682581838,-4.457813067233738
-2.4220845537189652,1.2316218465065631,-1.2724337588772587,-0.3098218717562191,-7.313893090051263,2.325531458938391,-6.293267915028691,-2.5413660502560442,1.65028187989549,-3.1155279556899638,1.7529351301000842,-0.5215504980816857,1.8240644384628855,-1.2203690162757646,3.913416631047925,-0.06407340595738087,-2.5247718188694837,2.646301339361362,-1.181336783197818,-5.566720339975058
-2.74860190585164,0.860678880853673,-1.525229533170838,1.0400082111539195,-7.1495319947125155,1.641676693098605,-5.099442142928888,-1.9285319981328541,1.5845238507732782,-4.130409188076572,1.1889423128594467,-1.0017773020772618,2.222823227273,-0.648751115190014,2.5787162633103,0.592811026494553,-1.4637115749761653,3.124337143312373,-1.7588000595969508,-6.742672643826361
-3.298682799101195,0.8742810787979268,-0.9742908114105403,1.511939552746912,-6.391460188431474,1.3615686751572829,-4.107918263746637,-1.880650415623995,0.43457017744835424,-4.545199755126711,1.552990602583956,-1.4759827127978522,2.1625500757516685,-0.14312372530889292,2.9410245038432814,0.0020392841436445153,-0.765411976771673,2.251995514830715,-2.346230318222717,-7.570328638131587
-2.7073664665620134,0.956308351391375,-1.7447170316617087,1.545934420677053,-6.458056162040842,1.475766240975474,-4.264296250127412,-1.3214860978649037,0.1613233775791132,-4.694675367502396,1.5021986958232294,-2.0081559396125797,2.0110553431667597,0.5291817771480917,3.3036659565105455,1.9928048061184283,-0.42766307233781753,1.883132313869964,-2.9782960591450665,-7.9781863505707165
-2.2809974086339,0.1188591207600912,-2.875934192629326,2.647288296412707,-5.9531754545107995,2.0269892954739492,-3.8306167617074163,-1.9128286667732342,0.17364672338973947,-4.825053879942643,1.6859858542894992,-3.3436392031074544,1.6714968044175604,-0.26558857985976625,4.154951808916814,0.8141023107740825,-0.27069001900550954,2.955280313567585,-3.997335795567936,-7.7425712069353505
-2.6846554593464913,1.5417169626648073,-3.964565884547796,3.0589189020554226,-6.289292047319638,1.8459020302026405,-3.435345328968144,-1.0624426395621058,-0.05985318390546873,-4.767555327802987,1.2127566190853427,-3.459898673600181,2.1522480113751286,0.14662493082982408,4.395849572610407,0.9927121106540184,0.3076355404614291,2.8670550829389185,-4.157571461795259,-7.263018794154462
-2.98925254065839,1.6205610116255524,-4.161107468351081,2.941465330580743,-6.283345678240626,2.1391783424256583,-3.156102910122688,-1.3783825930442646,-0.15895285729570552,-4.7004706686822235,1.6537477272896801,-1.9061191826555484,2.4313880638445777,0.31431999006720207,5.354400461286765,0.5893283917507031,0.753522041105299,2.770861395628454,-3.939354218719402,-7.155329356178827
-3.416634002889728,1.839219458125108,-4.060762427345919,2.1908627539973975,-6.80546211285561,2.2485146585544937,-3.137056633189527,-0.9553434808036247,-0.02817847585942662,-4.929849920779133,1.6562085944349816,-0.9546551171387725,2.6896270998801937,0.5563292912910038,4.922918296011781,1.2449275055601494,0.46048052957753627,3.1431009998246795,-3.2725610786448747,-6.079532387510354
-3.339253429854454,1.2620670551814959,-1.892857224350674,2.513805768960493,-5.57570240193582,2.3717470371307785,-2.0722998300303903,0.21198505929886208,-0.23532395874531353,-4.269606540688483,2.5556271076501895,-1.3470855814538993,3.0313404990799677,1.1139227371333487,4.394005937757736,0.34350656787356004,0.253961776389636,3.0777824154358973,-3.6046108191724016,-6.061543948079741
-2.969706015822092,0.6083981758763571,-0.965308413753022,2.8783591018272823,-4.533909300742728,2.5576612370961493,-2.0524709818780256,0.6633547563620092,-0.5420610611388352,-3.6139203575714687,3.0158667997741286,-1.9084701204739543,3.021926932290514,1.3934939629794378,3.945410495480917,-0.7076578552765522,-0.40914240155180137,3.197672840941194,-3.8103821265742317,-5.796974986680203
-3.0020569897753173,1.3938247542853701,-0.5614152474369587,2.8261826893005537,-4.539907329299365,1.6434844782184572,-2.1312075100531165,1.5354131453950657,-1.193111379383366,-2.9515840029926173,2.688905972302358,-1.7107417423117877,3.3405410325449956,2.2570869597257146,3.0303417437855362,0.3591084186403678,0.27772110882516465,3.186705003552812,-3.5844149687250555,-5.447582289725107
-3.035862125964676,1.214947936898172,-0.16796812377396791,2.8341587430990876,-3.972569419020191,1.2313709031621787,-2.139979147103668,1.1705869591322826,-1.355728261290874,-2.7223627276350637,3.0191301557512027,-1.5547346909219772,3.405170987979155,2.361575174584208,2.3157845359898266,-0.09525181390226412,-0.06225719321968959,3.3008979150514492,-3.667067159301351,-4.749674995284924
-2.610255886112031,0.6099212007286846,0.0576964616379286,3.1651995775541075,-3.377923948897333,1.091677944990857,-1.8509856931496427,1.2008690792338026,-1.59436897908496,-2.874462206185587,3.151342492379862,-1.8539093119741676,3.6684688543364983,1.943486627434647,2.0024923564136645,-0.39228352404497896,-0.5992539635680738,3.1947878183546004,-3.616656755745064,-4.3033920193504605
-2.4626692832946944,0.9648222162522566,-0.12669450567971602,3.3436225649941296,-3.232064214636841,1.483233838028898,-2.0119909877592352,0.9621860490970071,-2.0389134215098066,-2.48859687824235,2.343354197644045,-1.4352317678687145,3.610744171837522,1.6890278073990737,1.7455433645320202,0.5029502809506674,-0.346800111993,2.617845529905832,-3.3010418322464625,-3.893244412157175
-2.0698600541776497,0.8065356781905998,-0.06362817888109315,3.486364978398092,-2.9545434849213317,1.302243441009269,-1.8909013755743067,1.6392596260917844,-2.1531714380424694,-2.504864094832618,1.9484900408550134,-1.142332093258232,3.402629368209073,1.9957000021917426,1.4651271487823228,0.44485175729118176,-0.9292477740060994,2.1021389190387585,-3.0021162264283157,-3.487071733555875
-1.940560610643712,0.7515076702830455,-0.6819340480571707,3.3959151037493243,-2.7538546924290483,1.3909303923154694,-2.0183696034954615,1.9657449656842365,-1.8288106379244153,-2.199450192043004,1.3743462643055817,-1.3781374672363897,2.9938500050052705,2.054004173868274,1.0384756699618745,0.6753774767888977,-1.6242905494195785,1.315632079593228,-2.782307913576605,-3.031717202865773
-1.8344681411533619,0.3804953567330376,-0.28824949807407513,3.403114848293132,-2.5756304893251967,2.015161790360813,-2.263615845163394,1.5937266153643355,-1.9635902736006794,-1.9293183631618127,1.2639256928358205,-0.9131348241445856,2.1071316464667182,1.8838956780172005,0.8541414842880892,0.6803307292101901,-1.276657627928153,1.3641510255583387,-2.9641833719312047,-3.0473114855971857
-1.6873896278742786,0.05915324068439265,-0.9591348171733126,3.251075580732278,-2.3976863194466866,2.254274983211208,-3.288275763208776,2.316037171467984,-1.9975257663511714,-1.8481209478965448,1.1723427941219675,-0.04608291561136851,1.3020961369278,1.5490070996470329,0.2300729851194243,0.30284455260507503,-2.294975400726067,1.050651447822974,-3.0031115234056167,-3.289747250547933
-1.8460303877053765,-0.9812506146562066,-4.005968807926623,2.935062874971943,-2.4674159523030985,1.9163214274319458,-4.243868921255921,3.6627247678767483,-1.6282423809887399,-2.368102065950529,0.8483718997630824,0.18214653371152373,1.599131184658299,1.036956590382061,-1.6059618383564649,0.2120356784862788,-2.326301057367829,2.073086112831289,-3.364456756737008,-3.299690566335708
-2.944243940607896,-1.8385043696219907,-6.97431305088934,3.0864738254315887,-1.7555568026662427,1.8451486818737064,-4.336283694866959,3.7131276743528687,-0.7891836023759051,-1.8802678967567932,0.5109542658194304,-2.126235419126047,3.5541613281613524,-0.4434768014452156,-3.0001098626092872,-2.7310562186032867,-0.9261896283923603,2.523259895715733,-2.0585973461785336,-3.2042070221711807
-5.380299949374527,0.4667274060942159,-7.242570960058508,2.6201456074001612,-2.039112356035898,2.0653473524479535,-5.763082551593457,3.018396275423866,-4.577447195286275,-0.604454545434306,-0.5525442958853228,-0.12764521470902623,4.080231604868269,0.13597509395611573,-0.2152747848802341,-2.7246611065316184,1.8862554702020293,1.0538271354286262,-0.18957827483383127,-1.815473296989174
-6.23584097729721,2.6785530488534075,-7.520996480825994,0.6102371641697244,-3.335852866908841,3.6437599295520378,-6.24130359804386,3.1193645450435734,-6.935801590197349,0.20052906222112687,-0.6387792781410497,1.9317800338171947,6.785002438327727,-0.6589112290906245,2.257455619674801,-2.3040709117761202,3.316519913421028,-1.0567068489702351,1.4568003020070646,-0.6156769276255034
-5.511679175743469,4.018930355960955,-6.003408633996605,-2.5897640343736117,-4.720879725594079,5.584137690726188,-5.2820611527777235,2.94067773505163,-6.9750054257931735,0.9818292569291605,0.1904720300037459,3.813009069371046,8.960389311106491,-2.5032950705283485,3.642654246615952,-1.4113105299603046,2.9033462579452087,-2.6632942944973483,1.5600653846484565,0.3617978631472566
-4.645735059917713,1.6997834329853423,-5.087575532645425,-5.445694956754118,-5.598861307336076,6.160187487263048,-3.1680174173523445,2.9071577896336627,-5.373374913797651,1.1722663749540403,0.7141454074505027,3.7916509534709677,9.394891906907104,-3.6029766361582203,1.682028752901981,-0.9015156808398768,1.7108696401452246,-2.165345158293343,0.5448661881288843,0.23751477971256119
-4.122730078661782,-0.8230755652557705,-5.506795044868091,-6.753521323750556,-4.9922767597859075,5.6976471902085235,-1.480226362008941,1.350300633213273,-4.637186253683111,0.4269794385275104,1.069596239620696,3.9944010613844707,6.188872837462654,-3.3521460036327317,-0.19636959569941181,-1.1281118642524226,1.921211486148082,-0.9477049654654373,-0.8925381693562153,-0.7052587052464696
-3.730670765041843,-0.7997253627288171,-6.34082292574727,-7.502004836321473,-3.9561179287347956,5.141693672428457,-0.9314887131073424,0.4008840524025117,-4.852390424757068,-0.12890843694473753,1.3034865298006046,3.610605335796957,3.3976676475952856,-2.3332583454994573,-0.8553817059955708,-1.4761050007044583,2.9315168703423917,-1.224654112925609,-1.031867386236518,-1.8253443589912801
-3.455445217094916,-0.9926920576366054,-6.1908667826696036,-7.157397984451862,-3.625984617710356,4.7992616365689225,-0.2564514824763542,-0.601364006122326,-5.321222342192637,0.24623125560688147,1.580098417312104,2.6651223900563146,2.7603286425186937,-0.9292117886064986,0.008306293842831103,-1.9313572893784197,2.4968328938573836,-1.5848307024070394,-0.748098593073915,-1.9648793964988347
-2.4811634400260356,-0.3078931091138365,-5.306508550496341,-6.846801369959796,-3.078143192423989,4.303990296492498,1.201910099033698,-0.8300534946562654,-5.427576931407187,0.6249925711756297,1.7570310901988655,2.6820129475899557,1.9164558119166877,0.24645354312413104,-0.1413227007340243,-1.8459440578649524,2.3021023516276493,-1.2907787546064275,-0.19107004092331614,-2.3506866050589736
-1.273439971447808,-0.6146873407040376,-4.442352878027724,-6.585361661494926,-3.1345451197112277,3.5195947340526885,2.512701647984706,-1.307292979236545,-5.08286848826488,1.1324445498021445,0.9696453031465808,2.4485791751469077,2.1799107127554014,2.2237620873109933,-1.0584215652121816,-1.5662064786518508,1.935621268152739,-0.2862113470168291,0.6993779669977989,-2.3208227381075344
-1.0047081651360878,0.3094648953957954,-3.3494952151025608,-6.611264196917208,-2.9108911774907367,3.2486112789749013,2.391637961008641,-1.664072925997944,-5.2767651175534205,1.0198594580728928,1.157287944715936,2.344729007526183,0.6150098826809565,3.1446046415591806,-1.1339444644361154,-2.177732339098709,1.2291710926817716,0.9250597013042654,0.9929933670754997,-1.8584860633760947
-0.9965877129794583,1.4417146766211248,-3.3459395913149272,-6.903549363468502,-2.7372070356712923,3.2487568455404583,1.6533875895952899,-2.1388461846845495,-5.130649039345385,0.3513627248632232,1.0352817888914,1.0533978036711868,0.8958784633610121,3.216479326918426,-1.307728015531815,-2.605190739804068,0.7848254080305861,0.43026775593748107,1.669638082793738,-1.6882395616644552
-1.2684684647935895,1.177686437711393,-1.69458838449394,-6.876410891113281,-2.571430118611103,3.3003607992075263,2.213261881166688,-2.0258902736468736,-4.752686711261767,0.2346323037120807,1.2299731433474057,0.6188172100299354,1.3382890375741892,3.614610070332783,-1.008381545669411,-3.07549296162267,0.6749734715936997,2.2638761683221795,2.1876349560029973,-1.831385381436098
-1.4129976097421295,0.8218065075709117,0.5244448630300218,-6.129156126108594,-2.659452792205468,2.0856918036447136,2.0166293374710658,-1.0407454127779898,-4.21515008867161,-0.3501806917479315,1.7718847863464395,-0.2546396130923271,1.4019578746683885,4.555637439784434,-0.5811456423505827,-2.5417430326904307,0.3902727039797805,3.0533103011277243,2.145124882459479,-2.1294456808707203
-1.757467668049623,1.0454230160022633,2.098347210013474,-5.270648812053153,-2.545056061432385,1.3894976697603725,1.1510210206943783,-0.5360512280374259,-4.2881540502376225,-1.0410413334731952,1.9745929711386194,-0.9577422260821258,1.9621296631804586,5.094397267370076,-0.027748867677632405,-2.09632705052195,0.2448871429444348,3.302399323428602,1.5474748972857535,-1.6852102933933772
-2.041145942713996,0.9372575882343428,3.100409266765628,-4.885006421138536,-2.4822942721416275,1.4769058381321334,-0.4396454277169899,-0.39212354285089845,-4.052997906739412,-1.5921314776802191,2.5108922468567987,-1.144290927591571,2.3264603075123755,5.326085452650854,-0.14569087936738478,-1.3689951288077715,0.7191395242547143,3.7073388087325965,1.3159190642951362,-1.2742210415482376
-1.8896671450252644,0.09841805776270818,3.5839581798276674,-4.171553310415774,-2.000697462109357,1.7109876576583898,-1.6289660738206564,-1.1336981642177129,-3.7438103471365936,-2.318660850889184,3.2939495879597604,-2.106142789755074,2.007166335828636,4.911930676892403,-0.06365078037661803,-1.6632539468178567,1.1437479339066057,3.2876797423514503,0.9233728449470759,-1.002857894992517
-2.1663645828833125,0.19626198798220224,3.2508177248324204,-3.738483779058897,-2.2029554473793413,1.7557767953428276,-2.6227687041104013,-1.2257260894010242,-3.802569481661732,-2.4345450353067584,3.501364039690543,-2.037847113522004,2.0349647838136193,4.7948449567358455,-0.29810432638309026,-0.7657620342587649,1.8441408789918805,2.8884111162285664,0.792114103188069,-1.0342554099411063
-1.9750821069394093,0.7064150025749433,3.2746749268042428,-3.1416230469315383,-2.0032865481072566,2.044080928807097,-2.987921359609439,-1.1939109211800611,-3.6011491185612403,-2.3659773570015328,3.5637202891026956,-2.013405711705893,2.4836201268850515,5.081927174504556,0.15393221097610787,-0.7175119396022978,1.9240074869456563,2.160732300033379,0.9566963419448222,-0.5879881975787787
-1.9004983464715073,0.6806140277116947,3.655677549529557,-2.5411110218385096,-2.1903193811511295,1.5065151492349762,-3.14356662480722,-0.27123548936227637,-4.081967330447338,-2.9072957284654826,3.5856119841977128,-1.8485663362472378,2.3839948891034575,5.52891015790556,0.2125475305497022,-0.1303733029007707,2.1575802541630287,1.2186467409771622,1.0888048140118494,-0.5341605092993841
-1.479720500135435,0.5871505207120944,3.5037988570961045,-2.002973122608106,-2.289400127623501,2.3734629976584003,-3.5490333179559412,-0.8807524613790254,-4.264807222283179,-3.237278675732785,3.8817852064244907,-1.7403159667365933,2.014379311490697,5.345408127790855,0.7483268712318584,-0.33842113394026524,1.445253822897973,0.8567908751419144,0.657363551547369,0.25535502400933696
-1.2285812401798568,0.7243690280141764,3.3391387520172,-1.6555495355537118,-2.487055196086602,2.687618685358389,-4.18799274480974,-0.8964645773289395,-4.008342063385062,-3.5607671117114776,3.924173238145741,-1.3296661236796463,2.052449641252573,5.2962111987645635,1.0654591970352338,0.28333947560022155,1.3826385881862548,0.40863631554285806,0.8404716811983618,0.30156019187149746
-1.0545176823457048,0.682519675297703,3.4221412842236534,-1.0186781842172756,-2.62987761929788,3.14403304496632,-3.960739197054114,-0.7651999344493656,-3.4128431963913055,-3.389739073960282,3.5425867769637707,-1.5844973361714445,2.716690955551183,5.611807726924088,0.237925878440305,0.8556005950376873,1.986492691253459,0.7846760731405098,0.35029289623793214,0.47861825642501443
-0.660986219453519,-0.10938139881775169,3.0292090916097907,-0.4527240197481046,-2.290702735412268,3.010761472627168,-3.5163082063722593,-1.1448312756244694,-3.270351735341964,-2.9946820806202314,3.700566065997415,-1.5205211951191662,3.1456852901984482,5.812501551457071,0.23316990035348134,0.6966666331610973,1.2883445464250245,0.7453655210236244,0.14730709497017158,0.48445711761541616
-0.3529564219386433,-0.14793382663847018,2.5102425173459775,-0.25198354226880415,-2.0674228171034663,2.4309642101905533,-2.3140486849849635,-0.6802482671948336,-2.8878038632340917,-2.739794330774475,3.514275976171141,-1.262339313076263,3.240304877652368,6.336936716106303,-0.009330104068234535,1.3431428948392876,1.178505364253736,0.6306453228440151,-0.04193068124701749,0.29284778296450775
-0.4267137097432179,-0.31243131295455406,2.4489034722089404,0.12532223806407927,-1.7973096996928848,2.1468171726166436,-1.965132161105649,-0.7702622400898411,-3.016699920870861,-2.639603966392613,3.3165148247831038,-1.4122184766462524,3.051260843628649,6.091701831460342,-0.38100636556336176,0.8571533508405449,0.8811292638566555,0.8882088874886118,-0.5996756009044979,0.6860600634599012
-0.09462346001846778,-0.029189233249264132,2.4739177848214178,0.44410478118940466,-1.4458866458009254,2.2141895670869483,-1.5437341956564359,-1.1321148805937455,-2.880835954756259,-2.788679527002837,3.177384198334831,-1.314718382079679,3.3302803979459776,5.498911879625195,-0.5791151221245048,0.49378885840070585,0.626678445321449,0.8864094879203439,-0.7839752368643986,1.032815677435992
-0.3147682516249056,0.13789824201121265,2.1595580387806117,0.6303585878165454,-1.853593041198375,1.8186290742467008,-1.510658763682092,-0.2705304052541736,-2.836877508295483,-2.796341372561649,2.411151795773529,-1.5813044322667142,3.501008272745863,5.856019597058043,-1.4539556975746124,1.5535495922985316,1.1320293112880622,1.1877446160578677,-0.6470787428578653,0.9425917678259791
-0.2620202027220495,-0.33007732214271135,2.0226381892858294,1.3084349507384783,-1.5118631629512382,1.7045875417557,-1.8861460853263898,-0.14434625683207092,-3.0755393967201123,-2.6691627952644947,2.6423870465492287,-1.8002854241515567,3.2805898572577217,5.669121208586256,-1.3485774137719089,0.8733240731265024,0.44437629455950006,1.3792970303776872,-0.9388246666015914,0.9165113320105533
0.367424284224275,-0.08889156360802011,2.2302876969705765,1.3950602393226932,-1.2225393692970998,1.5642798777331137,-1.316448117772544,-0.23419617415239963,-2.9509128842176358,-2.619475171913613,2.904435648561069,-1.892537165793211,3.5880629735540026,5.327852406826286,-0.8798488275112843,1.1219951852209444,0.5894756733738433,1.5217160093455109,-0.9901937519312107,1.147108296927807
0.22147196414942716,-0.31396827447593817,1.9645459765201478,1.3047876994082945,-1.6317442936815905,0.9532622683925971,-1.3361424905730555,0.41328580685622884,-3.11199142629667,-2.488745628520032,2.71007205918292,-1.648074258517542,3.695919958826876,5.515687218993744,-1.3786249033903042,2.1816743287814453,0.4958035816770415,1.3369672378861595,-1.0651050908143995,0.7156805029561711
0.3091310831119385,-0.7260290980400959,1.7108118994662658,1.7723323799093826,-1.2910467416314464,1.4752461329210433,-2.2317469536370327,0.1881206772271808,-2.800945353866007,-2.338409155871789,2.827038991093814,-2.3964277466469595,2.8599120718203297,5.039833448512602,-1.4456600483451383,1.6202416228377465,0.4232347268105145,1.3414759540523906,-1.6612751962786505,0.7948125165847336
0.11206912145397996,-1.4417611682739548,1.024069995634757,2.1788206446782072,-1.2443862146113678,1.4914805490209808,-2.2864521438070122,0.5423380892905725,-2.333211179755195,-2.125512154418669,2.716581885065607,-2.49172755859418,2.844446030664402,4.565654348184809,-1.2174650318570726,1.581207160381854,0.8389473446404664,0.9219873514570229,-2.3659483794135223,0.8809301640793896
-0.3552684825597048,-2.1284010357362813,-0.7836246871774409,2.111440830245148,-1.5554954051602525,2.155821452347839,-3.1846292785538415,1.6267868095069966,-1.4194149117356782,-1.601734769174996,2.4652752016237005,-3.241311716700948,3.244802812433891,3.425744250464168,-0.9726638633183735,0.9689922146598359,0.5514144877645202,1.3063689342533595,-3.2236811699133967,0.34082528255095723
-1.0797804488332332,-1.7402825102952293,-3.472357525836433,1.548554166488008,-1.5779099143578519,2.1777256437881514,-3.152114103602456,2.4891081741697825,-0.4996899996232414,-1.3233539254829814,2.3193913213717843,-3.9137406688120002,4.2531363563582545,1.9352186319383577,-0.8746949536115725,0.1310586488888929,1.0436467216388292,1.8726477335503233,-3.4903825799341166,-1.423317543893462
-2.0132303944905763,-2.3604204706852485,-3.93284279359177,1.259735894499946,-1.7198505399700093,2.409945125179044,-2.3324702571890086,2.771202957424308,-0.6794250276116174,-0.6874852186219353,2.4382812699660787,-4.417480795649831,4.296199963636557,0.7929308110107568,-1.1426169992252757,0.07547141614983077,1.4007290360773599,3.444915217880597,-3.3503922788804514,-2.218278398040004
-2.921466602671008,-2.549256416707456,-4.262763830335372,0.6663910398481306,-1.2775942299271517,1.3164120357763684,-1.8352788728375942,2.7446378129613085,-0.5306493721284316,-0.6446754326703517,2.737989840311215,-6.246920210756411,4.502083355067542,-0.6522359575319215,-0.9938208377451934,-0.22663047122656294,1.616459275687538,4.381658333465604,-2.7059968511876056,-2.66052124853585
-2.7621357865059206,-2.514958859534721,-3.8780107114131437,0.848115841052363,-1.1179794616594882,0.5999377800575807,-1.300584169108952,2.678879121096452,-1.7827709132855802,0.015371106499947662,2.7823389190285774,-7.324933020202115,3.49710126104008,-0.7065086051321197,-0.1795440657438978,0.32614261244606135,0.5005604606502814,4.718508631328614,-2.642068029866922,-3.1160548270546977
-2.798865216287391,-2.2677689837394457,-3.854972085557244,1.5459664012614194,-0.7811225075966332,0.7205142128039826,-0.5972810258990175,1.8212369324488948,-2.2769593449801246,0.7823308527858663,2.919442366066634,-7.462035085004445,2.0255667313534134,-1.3431686200586246,0.9272277643452813,0.017499147990877845,0.8777317444249754,5.589652503231172,-2.2541764182467676,-3.3890172880857135
-2.2962404021057456,-1.0943853373085064,-3.8173472461090774,1.927726624605017,-1.2581603019655379,0.6763756386121833,-0.5108652883866032,1.3780739348439903,-2.5669984044032037,1.700078382158686,2.4385623191776773,-7.270519403122419,1.4925512003675794,-1.893476537413132,0.839395910259332,0.9968467432434162,1.3932224246106766,6.2574738602802515,-1.0349663226467758,-3.43078626352536
-1.968745138309596,-1.1205155552155772,-2.7341278866040546,2.1529455381780407,-1.4732608714198476,0.8320461730958253,-0.22491641060897716,0.7352579680147175,-2.5478472347917482,2.191167603642688,2.08194095550827,-7.490195021830125,1.0805680259922466,-2.5054115855457684,1.1941668596133799,0.6094784520025348,1.5390759131889478,6.328569036577285,0.23975217570567942,-3.004282525839289
-0.8270386803525256,-0.3963904609164364,-1.0012305636781547,1.8480405696573998,-2.427719752697418,0.8127307720749981,-0.12597145581626745,0.7683642224105499,-2.751980261068965,2.5567818323105236,2.0197172605776905,-6.847105183655174,0.3948147004252508,-3.028063257698076,1.7182120786108994,1.3489962117818937,1.441964789956092,6.369043636597354,1.872404819682098,-2.7493106864217465
0.48436511431196316,-0.6818334743883546,-0.7744241088278128,1.6828068316164035,-3.247742940251579,1.0488235163800588,-0.547160174760797,0.5963224130593978,-2.873278376044297,2.832750862599792,2.0986752407767755,-5.831275940888663,-0.47095559688633015,-3.606215076075127,3.19461481593257,1.4760483923881187,0.4920514505566548,5.71052761975535,3.226526085097298,-1.8569460604769557
2.0464059786101223,-0.6303851131848537,-0.8819572844523224,1.157480419693722,-3.6293079139292357,0.5199989630860544,-0.4523176034310872,0.678403525922896,-2.702125066381437,3.1709531000285724,2.040240278271576,-4.980675631851719,-0.6768388755454668,-3.680253960427365,2.479572477377946,1.9369869125331913,0.36532247613295,5.870266459640031,4.041355079708802,-2.0623865322278845
2.028354350897474,-0.8293870228571109,-0.7291159518503367,0.8365724445748126,-3.4891480635938144,-0.5526748138717056,0.3285174078964995,0.47930745312570067,-3.10597525980509,3.4945887169470655,1.0873908134935284,-5.717570884373887,0.017739055068750398,-3.33358940554992,1.3932903177107565,1.806883076036808,0.22364866170145925,6.102178338672633,4.4090013238468,-1.8266648974822033
2.0010260845891166,-0.6573580680398452,0.3024396673507793,0.7230182729445953,-2.9789575088675004,-1.0257615854676345,0.7197105248609315,-0.7936422783610784,-3.7297085956545595,3.2879702187532307,0.8796315238507446,-5.40890254844214,-0.3222503739711135,-2.754860042138492,1.6095000637525205,1.2860787712037118,0.10247868010123104,6.229952021419554,3.8177081362243817,-1.6294929431267633
2.182795000115314,-0.5235718293620726,0.12320163671434547,0.8906117963734322,-3.5158305478341454,-1.3778259394436554,-0.0839845213868744,-1.1118998309235628,-4.289673961709084,3.036874613234412,0.7522111957625308,-3.988955604957787,-0.00775130442408109,-1.7437099615252134,2.204161508778887,1.96261265066193,0.030086584066989913,5.851238561719478,3.177187145411567,-1.2815696455002903
2.773131471275846,-0.5885390726363123,-0.49965881004629975,0.625667031663731,-3.8712852505592483,-0.8848264074371911,-0.4913261573886101,-1.9476925494315496,-3.949979126822795,3.2009637839895206,1.2370919026608185,-2.5567256097160698,0.4913476467012036,-1.7215696481982294,1.6635785963982634,1.3264105440000513,-0.24407138699385364,4.762211648763204,3.1440708209006476,-1.1834696547128
3.050711544085092,-1.3388384654197494,-0.38741482097639435,0.28805798912889774,-4.688906053219431,0.04880075769596426,-0.2504291712910107,-1.7827685604940566,-3.2794754667677197,3.560296694670505,1.9137111975804657,-0.8865952933774681,0.7347432590798525,-2.13066400644323,0.10868360814178057,0.9683926622515326,-0.9380670367009353,4.4719924351892475,2.509852498341949,-1.451405583135311
2.5341447382707822,-1.4492307480383675,-1.0709434535653881,0.46981216106138246,-4.150408349995405,-1.0919462818947816,0.5049054253690763,-2.2972955174982097,-2.790020233881788,3.6643680978685387,0.9976907279223128,-1.9058580887468612,0.38312536009924314,-1.982147072223663,-0.7972617887672593,0.17584395666338892,-0.32163241048384766,3.7248471431141,3.068029419533699,-1.6047577275631988
2.0185122108180993,-1.1257540774620234,-0.49755519560522143,0.5837883602702987,-4.047221633136038,-0.9698058384418708,0.5680006049246116,-2.6305962797652644,-2.76741370477912,3.668307365607804,0.6345400620971999,-1.8934893963979134,-0.373100950977444,-1.935386011417006,-0.4152715652542627,-0.5210201663843939,-0.025928272012793685,3.2289831607887605,3.51404687115197,-1.7869257358287822
2.5615135140929057,-0.3307951322578776,-0.2988120099145716,0.36763992287291075,-3.9054942455710027,-1.018289097440074,0.7075304935383051,-2.305764742623724,-3.1806400628462583,3.8458464617731467,0.32105042875857115,-1.2254090791601355,-0.7138472770712088,-1.5439300536291432,0.16414396593340652,-0.45157992580654616,-0.09701227264525039,2.76342249892343,3.064861689722662,-1.0231124211065001
2.515220059057331,0.10468871821650011,-0.7775266244183922,0.23715398443327385,-3.7407999957686915,-1.6837027077438205,1.4282048195127968,-1.693711494325662,-2.94618775409598,3.792156253458662,0.121933824320684,-0.12598421006371752,-0.3721325431362072,-1.042670462343242,0.2955880773266626,-0.37987510087461696,-0.18302556732488467,2.9531661488868854,3.3884255410959723,-0.45539384785943493
2.0826472358787482,0.2670615340453134,-0.5543990670516904,0.32846778823817935,-3.693653300221668,-1.5062134281461497,1.1886569999789687,-1.284583297638923,-2.7456552806321666,3.7847133794417775,0.2669499316434769,0.4653204800085238,-1.030611766113556,-0.6554483440677978,-0.12240459608392085,-1.1150786948515556,-0.2941066979143932,4.090618280787219,4.076512086133147,0.7719622998564482
2.7694225822004546,1.6854406998991571,-1.5322797055530124,2.003684910748141,10.889674412844553,-7.240247453836231,6.387242573210194,-1.8893097868142639,0.46413978938740064,-7.577043792771749,8.224801774065991,-1.1413931834123385,1.4616297291072295,-6.237559687911454,4.3256134869611,-3.7682711449097877,2.687166940246013,-4.497851669086576,6.395835947827079,-3.716217025685101
2.830142363806665,1.8455802650768949,-1.5525986979454582,2.2639333717318255,11.17197964921461,-7.3570694577229485,6.569523727626135,-1.8404667085828057,0.6697613145012362,-7.564304411300899,8.078238156781012,-1.2426967670507123,1.4170531992544901,-6.127671512138709,4.576937900592611,-3.667434387863957,2.9377622867036677,-4.69709929840006,6.526420345881132,-4.015695276190435
2.8255694167394307,1.8527582302096102,-1.5502890882967133,2.266713595473797,11.178038903759253,-7.365909406283133,6.564495879432301,-1.843166868897054,0.6575305480218587,-7.557443940693204,8.085673379393326,-1.2353973352417984,1.393339987190104,-6.120274834208693,4.5832592824122935,-3.6832558153813255,2.942782233534416,-4.701146486380659,6.515997071661985,-4.030082720724989
2.8249846651588792,1.8530625674569303,-1.550086674546115,2.2670801002901073,11.1779839753468,-7.365602076640587,6.5645753315003885,-1.843288514526658,0.6571581948413396,-7.557220055308453,8.08550746647359,-1.2348734627613833,1.3929830045623557,-6.119626749285653,4.58312802388698,-3.6835018975411953,2.9432522663386345,-4.701190634914884,6.516506965725099,-4.030136476168402
2.8249809390069744,1.8530670680340142,-1.5500776069091846,2.267085540547147,11.17796339703195,-7.36558573813026,6.564565352697051,-1.8433207424042146,0.657122381461786,-7.557233903016329,8.085534401920095,-1.2348485903508248,1.392990626575382,-6.119610717137156,4.583137913993286,-3.6835521288405544,2.9432746519393964,-4.701185417637585,6.516488300089708,-4.0300955408831
2.824981546255401,1.8530670015771322,-1.550077270887804,2.2670856274724636,11.177962744911351,-7.365584685690711,6.5645653296415745,-1.8433208349981443,0.6571233593636513,-7.5572348846113435,8.085533804773226,-1.2348477591302698,1.3929933870055982,-6.1196094215741,4.583138093267002,-3.683551496933323,2.943274950200353,-4.701185118378131,6.516490118020934,-4.03009454052494
2.824981684318156,1.8530670507437912,-1.550077342278732,2.2670855280565956,11.177962741646684,-7.365584755558894,6.564565335912988,-1.843320758496002,0.6571232986603535,-7.557234910645583,8.085533797301219,-1.2348477298149214,1.3929933790349163,-6.119609481221793,4.583138148930453,-3.6835515803017236,2.9432749691105276,-4.701185199463152,6.516490078002566,-4.03009445155163
2.8249803357152943,1.8530677186765687,-1.5500773347519459,2.2670861596778686,11.177962599683516,-7.365586342988242,6.564566018796896,-1.8433178652198192,0.6571231542677092,-7.557233394224982,8.085533750485347,-1.234848921507662,1.392992898753475,-6.119610677113972,4.583139418623235,-3.6835527644471804,2.9432748255539622,-4.701185602480806,6.516491253863323,-4.03009316448908
2.8249539769882586,1.853079078260098,-1.5500289770213307,2.2670959909547683,11.177950641532195,-7.365598497731898,6.564577235731762,-1.8432721187415329,0.6571036190089384,-7.557221496019567,8.085510266479252,-1.2348988216431878,1.3929960168874915,-6.119610436435893,4.583165543872263,-3.6836186361658116,2.9432456715527437,-4.701214871209021,6.51648432844055,-4.030085122639942
2.824192542945638,1.852556848467763,-1.5485992925685519,2.2668627300267667,11.17770463931881,-7.364704898382566,6.5643491501629265,-1.8427748673942341,0.6566943630020968,-7.556907407351239,8.085266929542701,-1.2355875957930043,1.3932168554526787,-6.119401805275362,4.583868182208739,-3.6839086454336516,2.943515481125394,-4.70060627226145,6.51626528420813,-4.030799220727405
