-1.95586507722724,-1.95683695168464,-1.95782377001404,-1.95882527993982,-1.9598412188131,-1.96087131381202,-1.96191528215271,-1.96297283131049,-1.96404365925109,-1.96512745467154,-1.96622389725036,-1.96733265790681,-1.96845339906887,-1.96958577494948,-1.97072943183061,-1.971884008355,-1.9730491358251,-1.97422443850913,-1.97540953395379,-1.97660403330316,-1.97780754162344,-1.97901965823284,-1.98023997703641,-1.98146808686532,-1.98270357182026,-1.98394601161846,-1.98519498194391,-1.98645005480033,-1.98771079886669,-1.98897677985479,-1.99024756086853,-1.9915227027647,-1.99280176451456,-1.99408430356567,-1.99536987620357,-1.99665803791274,-1.99794834373645,-1.99924034863517,-2.00053360784305,-2.00182767722211,-2.00312211361354,-2.00441647518595,-2.00571032178032,-2.00700321525124,-2.00829471980439,-2.00958440232965,-2.01087183272962,-2.01215658424299,-2.01343823376225,-2.01471636214574,-2.01599055452371,-2.01726040059802,-2.01852549493513,-2.01978543725198,-2.02103983269463,-2.02228829210951,-2.0235304323072,-2.02476587631831,-2.02599425364148,-2.02721520048318,-2.02842835998898,-2.02963338246628,-2.03082992559831,-2.0320176546492,-2.0331962426596,-2.03436537063312,-2.03552472771321,-2.03667401135057,-2.03781292746098,-2.0389411905735,-2.04005852396924,-2.04116465981048,-2.04225933926044,-2.04334231259329,-2.0444133392945,-2.04547218815159,-2.04651863733537,-2.04755247447191,-2.048573496705,-2.04958151074918,-2.05057633293334,-2.05155778923477,-2.05252571530407,-2.05347995648117,-2.05442036780227,-2.05534681399788,-2.05625916948193,-2.05715731833237,-2.05804115426309,-2.05891058058753,-2.05976551017404,-2.06060586539315,-2.06143157805696,-2.06224258935066,-2.06303884975644,-2.06382031897009,-2.06458696581061,-2.06533876812297,-2.06607571267397,-2.06679779504164,-2.06750501949827,-2.06819739888758,-2.06887495449617,-2.06953771591927,-2.07018572092136,-2.07081901529185,-2.07143765269597,-2.0720416945213,-2.07263120972004,-2.07320627464736,-2.07376697289612,-2.07431339512818,-2.07484563890238,-2.0753638084993,-2.07586801474297,-2.07635837481993,-2.07683501209582,-2.07729805592989,-2.07774764148767,-2.0781839095521,-2.07860700633329,-2.07901708327758,-2.0794142968757,-2.07979880847019,-2.08017078406212,-2.08053039411749,-2.08087781337361,-2.08121322064553,-2.08153679863296,-2.08184873372771,-2.08214921582191,-2.08243843811701,-2.08271659693402,-2.08298389152497,-2.08324052388564,-2.08348669856978,-2.0837226225049,-2.08394850480992,-2.08416455661506,-2.08437099088379,-2.08456802223699,-2.08475586677938,-2.08493474192842,-2.08510486624585,-2.08526645927182,-2.08541974136169,-2.08556493352583,-2.08570225727242,-2.08583193445355,-2.08595418711442,-2.08606923734597,-2.08617730714059,-2.08627861825102,-2.08637339205237,-2.08646184940747,-2.08654421053588,-2.08662069488642,-2.08669152101337,-2.08675690645634,-2.08681706762369,-2.08687221967941,-2.08692257643359,-2.08696835023658,-2.08700975187662,-2.08704699048117,-2.08708027342187,-2.08710980622285,-2.08713579247244,-2.08715843373847,-2.08717792948704,-2.08719447700465,-2.0872082713238,-2.08721950515219,-2.08722836880528,-2.08723505014209,-2.08723973450422,-2.08724260465794,-2.08724384073941,-2.08724362020286,-2.08724211777174,-2.08723950539263,-2.08723595219197,-2.08723162443575,-2.08722668549177,-2.08722129579467,-2.08721561281335,-2.08720979102108,-2.08720398186794,-2.08719833375559,-2.08719299201439,-2.08718809888261,-2.08718379348764,-2.0871802118294,-2.08717748676569,-2.08717574799953,-2.08717512206842,-2.08717573233552,-2.08717769898257,-2.0871811390044,-2.08718616620514,-2.08719289119598,-2.08720142139442,-2.08721186102481,-2.08722431111995,-2.08723886952401,-2.08725563089672,-2.08727468671891,-2.08729612529924,-2.0873200317819,-2.08734648815553,-2.08737557326317,-2.08740736281336,-2.08744192939227,-2.0874793424767,-2.08751966844786,-2.08756297060598,-2.08760930918579,-2.0876587413726,-2.08771132131898,-2.08776710016207,-2.08782612604146,-2.08788844411764,-2.08795409659106,-2.08802312272157,-2.08809555884816,-2.08817143840908,-2.08825079196241,-2.08833364720703,-2.08842002900387,-2.08850995939747,-2.08860345763794,-2.08870054020339,-2.08880122082278,-2.08890551049909,-2.08901341753268,-2.08912494754504,-2.08924010350282,-2.08935888574225,-2.08948129199386,-2.08960731740753,-2.08973695457783,-2.08987019356971,-2.09000702194468,-2.09014742478737,-2.09029138473261,-2.09043888199298,-2.0905898943869,-2.09074439736726,-2.09090236405055,-2.09106376524648,-2.09122856948793,-2.09139674306144,-2.0915682500381,-2.09174305230468,-2.09192110959539,-2.09210237952393,-2.09228681761596,-2.09247437734196,-2.09266501015059,-2.0928586655025,-2.09305529090466,-2.09325483194496,-2.09345723232715,-2.09366243390644,-2.09387037672582,-2.09408099905279,-2.09429423741659,-2.09451002664589,-2.09472829990709,-2.09494898874303,-2.09517202311252,-2.09539733143046,-2.09562484060874,-2.09585447609777,-2.09608616192863,-2.09631982075584,-2.09655537390094,-2.09679274139661,-2.09703184203172,-2.09727259339698,-2.09751491193145,-2.09775871296966,-2.0980039107892,-2.09825041865876,-2.09849814888656,-2.09874701286954,-2.09899692114325,-2.09924778343273,-2.09949950870408,-2.09975200521658,-2.10000518057538,-2.10025894178469,-2.10051319530126,-2.10076784708822,-2.10102280266949,-2.10127796718479,-2.10153324544506,-2.10178854198841,-2.10204376113657,-2.10229880705164,-2.10255358379327,-2.10280799537598,-2.10306194582668,-2.10331533924262,-2.10356807984967,-2.10382007206095,-2.10407122053541,-2.10432143023643,-2.10457060649029,-2.10481865504471,-2.10506548212732,-2.1053109945041,-2.10555509953775,-2.10579770524605,-2.10603872036006,-2.10627805438202,-2.10651561764292,-2.10675132135975,-2.10698507769238,-2.10721679980013,-2.10744640189787,-2.10767379931175,-2.10789890853437,-2.10812164727949,-2.10834193453615,-2.10855969062181,-2.10877483723462,-2.10898729750512,-2.10919699604702,-2.1094038590073,-2.10960781411542,-2.10980879073167,-2.11000671989456,-2.1102015343668,-2.11039316868028,-2.11058155917994,-2.11076664406625,-2.11094836343645,-2.11112665932449,-2.11130147573968,-2.11147275870403,-2.11164045628798,-2.11180451864469,-2.11196489804295,-2.11212154889859,-2.11227442780421,-2.11242349355757,-2.11256870718828,-2.11271003198272,-2.11284743350738,-2.1129808796306,-2.11311034054272,-2.11323578877454,-2.11335719921391,-2.11347454912051,-2.11358781813865,-2.11369698830829,-2.11380204407401,-2.11390297229213,-2.11399976223587,-2.11409240559846,-2.11418089649447,-2.11426523145921,-2.114345409446,-2.11442143182152,-2.11449330235916,-2.11456102723049,-2.11462461499475,-2.1146840765864,-2.11473942530084,-2.11479067677802,-2.11483784898408,-2.11488096219096,-2.11492003895411,-2.11495510408829,-2.11498618464161,-2.11501330986784,-2.11503651119713,-2.11505582220515,-2.11507127858049,-2.11508291809056,-2.11509078054575,-2.11509490776208,-2.11509534352243,-2.11509213353608,-2.11508532539683,-2.11507496853942,-2.11506111419436,-2.11504381534127,-2.11502312666126,-2.11499910448783,-2.11497180675644,-2.11494129295267,-2.11490762405936,-2.11487086250262,-2.11483107209698,-2.11478831798927,-2.11474266660153,-2.1146941855731,-2.11464294370186,-2.11458901088484,-2.11453245805823,-2.11447335713673,-2.11441178095255,-2.11434780319366,-2.11428149834161,-2.11421294160878,-2.11414220887517,-2.11406937662513,-2.11399452188403,-2.11391772215482,-2.11383905535465,-2.11375859975135,-2.1136764339,-2.11359263657956,-2.11350728672972,-2.11342046338782,-2.11333224562601,-2.11324271248861,-2.11315194292994,-2.11306001575243,-2.11296700954538,-2.11287300262422,-2.1127780729705,-2.11268229817262,-2.11258575536732,-2.112488521182,-2.11239067167783,-2.11229228229379,-2.11219342779187,-2.11209418220344,-2.11199461877685,-2.11189480992608,-2.11179482718068,-2.11169474113686,-2.11159462140979,-2.11149453658716,-2.11139455418405,-2.11129474059918,-2.11119516107278,-2.11109587964596,-2.11099695912151,-2.11089846102632,-2.1108004455753,-2.11070297163693,-2.11060609670034,-2.11050987684415,-2.11041436670693,-2.1103196194595,-2.11022568677874,-2.1101326188232,-2.11004046421035,-2.10994926999567,-2.10985908165329,-2.10976994305836,-2.10968189647116,-2.10959498252298,-2.10950924020374,-2.10942470685126,-2.10934141814209,-2.10925940808379,-2.1091787090089,-2.10909935157043,-2.10902136473915,-2.10894477580257,-2.10886961036576,-2.10879589235385,-2.10872364401617,-2.10865288593205,-2.10858363701821,-2.10851591453755,-2.10844973410928,-2.10838510972037,-2.10832205373857,-2.10826057692689,-2.10820068845967,-2.10814239594004,-2.10808570541859,-2.10803062141346,-2.10797714693159,-2.10792528349091,-2.1078750311437,-2.10782638850101,-2.1077793527583,-2.10773391972201,-2.10769008383705,-2.10764783821527,-2.10760717466498,-2.10756808372156,-2.10753055467919,-2.10749457562348,-2.10746013346474,-2.10742721397191,-2.10739580180718,-2.10736588056128,-2.10733743278926,-2.10731044004682,-2.10728488292714,-2.10726074109808,-2.10723799333963,-2.10721661758196,-2.10719659094391,-2.10717788977186,-2.10716048967893,-2.10714436558447,-2.10712949175371,-2.10711584183751,-2.10710338891223,-2.10709210551962,-2.10708196370641,-2.10707293506368,-2.1070649907659,-2.10705810160986,-2.10705223805337,-2.1070473702534,-2.1070434681038,-2.10704050127279,-2.10703843924009,-2.10703725133365,-2.10703690676583,-2.10703737466907,-2.107038624131,-2.10704062422902,-2.10704334406418,-2.10704675279437,-2.10705081966676,-2.10705551404947,-2.10706080546241,-2.10706666360749,-2.1070730583979,-2.10707995998661,-2.10708733879416,-2.10709516553562,-2.10710341124666,-2.10711204730896,-2.10712104547497,-2.10713037789171,-2.10714001712362,-2.10714993617449,-2.10716010850846,-2.1071705080699,-2.1071811093022,-2.10719188716545,-2.10720281715331,-2.10721387530888,-2.10722503823945,-2.10723628313025,-2.10724758775719,-2.10725893049854,-2.1072702903458,-2.10728164691335,-2.10729298044708,-2.10730427183215,-2.10731550259985,-2.10732665493352,-2.10733771167363,-2.10734865632207,-2.10735947304562,-2.10737014667858,-2.10738066272463,-2.10739100735775,-2.10740116742234,-2.10741113043255,-2.10742088457073,-2.10743041868511,-2.10743972228661,-2.10744878554488,-2.10745759928375,-2.10746615497589,-2.10747444473689,-2.10748246131872,-2.10749019810245,-2.10749764909046,-2.10750480889795,-2.10751167274396,-2.10751823644167,-2.10752449638802,-2.10753044955277,-2.10753609346702,-2.10754142621136,-2.10754644640352,-2.10755115318554,-2.10755554621058,-2.10755962562953,-2.10756339207732,-2.10756684665897,-2.10756999093528,-2.10757282690825,-2.10757535700635,-2.10757758406977,-2.10757951133562,-2.10758114242285,-2.1075824813171,-2.10758353235552,-2.10758430021152,-2.10758478987948,-2.10758500665939,-2.10758495614152,-2.107584644191,-2.10758407693243,-2.10758326073434,-2.10758220219366,-2.10758090812014,-2.107579385521,-2.10757764158555,-2.10757568367025,-2.10757351928391,-2.10757115607318,-2.10756860180796,-2.1075658643669,-2.10756295172313,-2.1075598719299,-2.10755663310628,-2.10755324342285,-2.10754971108767,-2.10754604433256,-2.10754225139963,-2.10753834052815,-2.10753431994178,-2.10753019783617,-2.10752598236693,-2.10752168163827,-2.10751730369195,-2.10751285649647,-2.10750834793648,-2.10750378580278,-2.10749917778281,-2.10749453145163,-2.10748985426346,-2.10748515354352,-2.10748043648062,-2.10747571012014,-2.10747098135758,-2.10746625693259,-2.10746154342345,-2.10745684724178,-2.10745217462754,-2.10744753164423,-2.10744292417456,-2.10743835791647,-2.10743383837926,-2.10742937088013,-2.10742496054094,-2.10742061228552,-2.10741633083729,-2.10741212071726,-2.10740798624233,-2.10740393152404,-2.10739996046776,-2.10739607677215,-2.10739228392885,-2.10738858522241,-2.10738498373035,-2.10738148232354,-2.1073780836669,-2.10737479022047,-2.10737160424071,-2.10736852778199,-2.10736556269822,-2.10736271064479,-2.10735997308063,-2.10735735127049,-2.10735484628734,-2.10735245901506,-2.10735019015139,-2.10734804021103,-2.10734600952888,-2.10734409826341,-2.10734230640015,-2.10734063375525,-2.10733907997909,-2.10733764456012,-2.10733632682881,-2.10733512596159,-2.10733404098478,-2.10733307077844,-2.10733221408016,-2.10733146948894,-2.10733083546908,-2.10733031035423,-2.10732989235156,-2.10732957954624,-2.10732936990598,-2.10732926128566,-2.10732925143201,-2.10732933798854,-2.10732951850069,-2.10732979042111,-2.10733015111481,-2.1073305978643,-2.10733112787467,-2.10733173827865,-2.10733242614189,-2.10733318846846,-2.10733402220661,-2.10733492425475,-2.10733589146725,-2.10733692066033,-2.1073380086179,-2.10733915209751,-2.10734034783632,-2.10734159255729,-2.10734288297528,-2.10734421580319,-2.10734558775819,-2.1073469955677,-2.10734843597526,-2.10734990574632,-2.10735140167389,-2.10735292058403,-2.10735445934098,-2.10735601485228,-2.10735758407349,-2.10735916401268,-2.10736075173459,-2.10736234436444,-2.10736393909155,-2.10736553317251,-2.10736712393406,-2.10736870877565,-2.10737028517186,-2.10737185067446,-2.10737340291433,-2.10737493960296,-2.10737645853386,-2.10737795758379,-2.10737943471375,-2.10738088796964,-2.10738231548263,-2.10738371546924,-2.10738508623104,-2.10738642615418,-2.10738773370886,-2.10738900744868,-2.10739024601006,-2.10739144811151,-2.10739261255305,-2.10739373821533,-2.10739482405862,-2.10739586912186,-2.10739687252173,-2.10739783345186,-2.10739875118188,-2.10739962505649,-2.10740045449447,-2.10740123898784,-2.10740197810092,-2.10740267146956,-2.10740331880017,-2.10740391986863,-2.10740447451909,-2.10740498266277,-2.10740544427676,-2.10740585940279,-2.10740622814623,-2.10740655067491,-2.10740682721805,-2.10740705806506,-2.10740724356431,-2.10740738412154,-2.10740748019826,-2.10740753231,-2.10740754102438,-2.10740750695908,-2.10740743077979,-2.10740731319811,-2.10740715496934,-2.10740695689033,-2.10740671979717,-2.10740644456278,-2.10740613209448,-2.10740578333152,-2.10740539924266,-2.10740498082362,-2.10740452909454,-2.10740404509744,-2.10740352989375,-2.10740298456193,-2.10740241019536,-2.1074018079004,-2.10740117879446,-2.10740052400431,-2.10739984466446,-2.10739914191579,-2.10739841690424,-2.10739767077971,-2.10739690469503,-2.10739611980516,-2.10739531726635,-2.10739449823532,-2.10739366386823,-2.10739281531953,-2.10739195374084,-2.10739108027976,-2.10739019607871,-2.10738930227365,-2.10738839999278,-2.10738749035506,-2.10738657446851,-2.10738565342858,-2.10738472831639,-2.10738380019718,-2.10738287011869,-2.10738193910974,-2.1073810081789,-2.10738007831318,-2.10737915047659,-2.10737822560867,-2.10737730462293,-2.1073763884054,-2.10737547781322,-2.10737457367343,-2.10737367678182,-2.10737278790179,-2.10737190776316,-2.10737103706099,-2.10737017645456,-2.10736932656656,-2.10736848798258,-2.10736766125071,-2.10736684688114,-2.10736604534606,-2.10736525707979,-2.1073644824789,-2.10736372190256,-2.107362975673,-2.10736224407621,-2.10736152736277,-2.10736082574859,-2.10736013941579,-2.10735946851363,-2.10735881315956,-2.1073581734403,-2.10735754941312,-2.10735694110708,-2.10735634852424,-2.10735577164074,-2.10735521040794,-2.10735466475336,-2.10735413458131,-2.10735361977355,-2.10735312018971,-2.10735263566789,-2.10735216602544,-2.10735171106001,-2.10735127055088,-2.1073508442604,-2.10735043193552,-2.10735003330934,-2.10734964810262,-2.10734927602538,-2.10734891677855,-2.10734857005551,-2.10734823554365,-2.10734791292603,-2.10734760188296,-2.1073473020937,-2.10734701323795,-2.1073467349972,-2.10734646705588,-2.10734620910243,-2.1073459608303,-2.10734572193892,-2.10734549213473,-2.10734527113212,-2.1073450586544,-2.10734485443472,-2.10734465821694,-2.10734446975632,-2.10734428882005,-2.1073441151877,-2.10734394865161,-2.10734378901737,-2.10734363610421,-2.10734348974536,-2.10734334978827,-2.10734321609493,-2.107343088542,-2.10734296702109,-2.107342851439,-2.10734274171776,-2.10734263779452,-2.1073425396215,-2.1073424471658,-2.10734236040943,-2.10734227934917,-2.10734220399634,-2.10734213437643,-2.10734207052881,-2.10734201250645,-2.10734196037555,-2.10734191421513,-2.10734187411655,-2.10734184018315,-2.10734181252961,-2.10734179128155,-2.10734177657489,-2.10734176855522,-2.10734176737699,-2.10734177320253,-2.1073417862011,-2.10734180654769,-2.10734183442177,-2.10734187000602,-2.10734191348498,-2.10734196504382,-2.10734202486693,-2.10734209313659,-2.10734217003161,-2.10734225572593,-2.10734235038726,-2.10734245417565,-2.10734256724222,-2.10734268972797,-2.10734282176247,-2.10734296346275,-2.10734311493212,-2.10734327625921,-2.10734344751708,-2.10734362876249,-2.10734382003514,-2.10734402135722,-2.10734423273283,-2.1073444541477,-2.10734468556874,-2.10734492694349,-2.10734517819978,-2.10734543924545,-2.10734570996825,-2.10734599023585,-2.10734627989572,-2.10734657877488,-2.10734688667981,-2.10734720339638,-2.10734752869,-2.10734786230584,-2.10734820396923,-2.10734855338626,-2.10734891024421,-2.10734927421206,-2.10734964494085,-2.10735002206406,-2.10735040519806,-2.10735079394247,-2.10735118788052,-2.10735158657956,-2.10735198959155,-2.10735239645365,-2.1073528066889,-2.10735321980684,-2.10735363530404,-2.10735405266441,-2.10735447135932,-2.10735489084777,-2.10735531057666,-2.10735572998112,-2.10735614848462,-2.10735656549915,-2.10735698042526,-2.10735739265223,-2.10735780155829,-2.10735820651094,-2.1073586068675,-2.1073590019756,-2.10735939117376,-2.10735977379222,-2.10736014915386,-2.10736051657541,-2.10736087536855,-2.10736122484122,-2.10736156429881,-2.1073618930455,-2.10736221038544,-2.10736251562402,-2.10736280806906,-2.10736308703185,-2.10736335182815,-2.10736360177931,-2.10736383621352,-2.10736405446704,-2.10736425588538,-2.10736443982445,-2.10736460565182,-2.10736475274776,-2.10736488050629,-2.10736498833626,-2.10736507566248,-2.10736514192698,-2.10736518659009,-2.10736520913173,-2.10736520905252,-2.10736518587501,-2.10736513914489,-2.10736506843224,-2.10736497333272,-2.10736485346882,-2.10736470849095,-2.10736453807829,-2.10736434193962,-2.10736411981408,-2.10736387147204,-2.1073635967159,-2.10736329538096,-2.10736296733611,-2.10736261248474,-2.10736223076569,-2.1073618221543,-2.10736138666333,-2.10736092434376,-2.10736043528547,-2.10735991961763,-2.10735937750893,-2.10735880916774,-2.10735821484207,-2.10735759481956,-2.10735694942735,-2.10735627903192,-2.10735558403881,-2.10735486489206,-2.1073541220735,-2.10735335610184,-2.10735256753169,-2.10735175695239,-2.10735092498664,-2.10735007228921,-2.10734919954559,-2.10734830747043,-2.10734739680592,-2.10734646831996,-2.10734552280429,-2.10734456107255,-2.10734358395838,-2.10734259231361,-2.10734158700647,-2.1073405689198,-2.10733953894925,-2.10733849800146,-2.10733744699237,-2.10733638684544,-2.10733531848977,-2.10733424285822,-2.10733316088549,-2.10733207350626,-2.10733098165326,-2.10732988625554,-2.10732878823678,-2.10732768851358,-2.10732658799372,-2.10732548757439,-2.1073243881405,-2.10732329056307,-2.10732219569749,-2.10732110438177,-2.10732001743485,-2.10731893565476,-2.10731785981661,-2.1073167906704,-2.10731572893884,-2.10731467531502,-2.10731363046025,-2.10731259500163,-2.10731156952969,-2.10731055459597,-2.10730955071054,-2.10730855833937,-2.10730757790173,-2.1073066097677,-2.10730565425554,-2.10730471162906,-2.107303782095,-2.10730286580039,-2.10730196282984,-2.10730107320301,-2.10730019687218,-2.10729933371982,-2.10729848355631,-2.10729764611798,-2.10729682106525,-2.10729600798092,-2.10729520636846,-2.10729441565059,-2.10729363516776,-2.10729286417679,-2.10729210184957,-2.10729134727208,-2.1072905994435,-2.10728985727539,-2.10728911959102,-2.10728838512477,-2.10728765252152,-2.10728692033611,-2.107286187033,-2.10728545098625,-2.10728471047951,-2.10728396370618,-2.1072832087696,-2.10728244368363,-2.10728166637307,-2.10728087467443,-2.10728006633673,-2.10727923902262,-2.1072783903094,-2.10727751769022,-2.10727661857518,-2.10727569029262,-2.10727473009024,-2.10727373513633,-2.10727270252084,-2.10727162925665,-2.10727051228083,-2.10726934845581,-2.10726813457074,-2.10726686734286,-2.10726554341896,-2.10726415937677,-2.10726271172643,-2.10726119691198,-2.10725961131299,-2.10725795124637,-2.10725621296825,-2.10725439267623,-2.10725248651169,-2.10725049056238,-2.10724840086517,-2.10724621340928,-2.10724392413971,-2.10724152896057,-2.10723902373863,-2.1072364043069,-2.10723366646837,-2.10723080599987,-2.10722781865611,-2.10722470017393,-2.10722144627675,-2.10721805267934,-2.10721451509271,-2.10721082922901,-2.10720699080626,-2.10720299555309,-2.10719883921319,-2.10719451754978,-2.1071900263501,-2.10718536142982,-2.10718051863746,-2.10717549385889,-2.10717028302178,-2.10716488210008,-2.10715928711837,-2.10715349415617,-2.10714749935221,-2.10714129890857,-2.10713488909493,-2.10712826625281,-2.10712142680002,-2.1071143672353,-2.10710708414295,-2.10709957419734,-2.10709183416737,-2.10708386092061,-2.10707565142733,-2.10706720276439,-2.10705851211911,-2.10704957679282,-2.1070403942043,-2.10703096189289,-2.10702127752156,-2.10701133887994,-2.10700114388718,-2.10699069059455,-2.10697997718791,-2.10696900198996,-2.10695776346242,-2.10694626020788,-2.10693449097157,-2.10692245464309,-2.10691015025789,-2.10689757699859,-2.10688473419608,-2.10687162133061,-2.10685823803263,-2.10684458408364,-2.10683065941679,-2.10681646411745,-2.10680199842347,-2.10678726272529,-2.10677225756563,-2.1067569836389,-2.10674144179034,-2.10672563301512,-2.10670955845709,-2.10669321940726,-2.10667661730206,-2.10665975372132,-2.10664263038617,-2.10662524915705,-2.10660761203171,-2.10658972114315,-2.10657157875778,-2.10655318727345,-2.1065345492173,-2.10651566724347,-2.10649654413072,-2.10647718277992,-2.10645758621143,-2.10643775756229,-2.10641770008337,-2.10639741713641,-2.10637691219118,-2.10635618882261,-2.10633525070806,-2.1063141016246,-2.10629274544611,-2.10627118614029,-2.10624942776541,-2.10622747446712,-2.10620533047511,-2.10618300009976,-2.10616048772869,-2.10613779782311,-2.10611493491428,-2.10609190359979,-2.1060687085397,-2.10604535445253,-2.10602184611124,-2.10599818833915,-2.10597438600581,-2.10595044402277,-2.1059263673394,-2.1059021609387,-2.10587782983316,-2.10585337906073,-2.10582881368079,-2.10580413877021,-2.10577935941951,-2.10575448072901,-2.10572950780522,-2.10570444575731,-2.10567929969398,-2.10565407472048,-2.10562877593578,-2.10560340842979,-2.10557797728063,-2.10555248755185,-2.10552694428971,-2.10550135252035,-2.10547571724711,-2.10545004344777,-2.10542433607183,-2.10539860003763,-2.10537284022961,-2.10534706149539,-2.10532126864287,-2.10529546643723,-2.10526965959808,-2.10524385279678,-2.10521805065379,-2.10519225773603,-2.1051664785543,-2.10514071756094,-2.10511497914774,-2.10508926764409,-2.10506358731532,-2.10503794236104,-2.10501233691387,-2.10498677503825,-2.10496126072972,-2.10493579791432,-2.10491039044825,-2.10488504211765,-2.10485975663821,-2.10483453765476,-2.10480938874067,-2.10478431339701,-2.10475931505158,-2.10473439705788,-2.10470956269377,-2.10468481516004,-2.10466015757887,-2.10463559299241,-2.10461112436139,-2.10458675456362,-2.10456248639258,-2.10453832255607,-2.10451426567479,-2.10449031828096,-2.10446648281692,-2.104442761634,-2.10441915699154,-2.10439567105601,-2.1043723059003,-2.10434906350314,-2.10432594574887,-2.10430295442718,-2.10428009123321,-2.10425735776776,-2.10423475553754,-2.10421228595546,-2.10418995034075,-2.10416774991914,-2.104145685823,-2.10412375909142,-2.10410197067023,-2.10408032141197,-2.104058812076,-2.10403744332893,-2.10401621574536,-2.1039951298086,-2.10397418591161,-2.10395338435799,-2.10393272536316,-2.10391220905546,-2.10389183547753,-2.10387160458752,-2.10385151626029,-2.10383157028856,-2.10381176638424,-2.10379210417977,-2.10377258322958,-2.10375320301141,-2.10373396292755,-2.10371486230612,-2.10369590040226,-2.10367707639951,-2.10365838941112,-2.10363983848154,-2.10362142258776,-2.1036031406409,-2.10358499148788,-2.10356697391336,-2.10354908664187,-2.10353132834035,-2.10351369762056,-2.10349619304148,-2.1034788131116,-2.10346155629103,-2.10344442099341,-2.10342740558783,-2.10341050840055,-2.10339372771682,-2.10337706178265,-2.10336050880673,-2.10334406696237,-2.10332773438978,-2.10331150919841,-2.10329538946947,-2.10327937325835,-2.10326345859688,-2.10324764349542,-2.10323192594474,-2.10321630391786,-2.10320077537191,-2.10318533825005,-2.1031699904835,-2.10315472999379,-2.10313955469497,-2.10312446249591,-2.10310945130251,-2.10309451902004,-2.10307966355516,-2.1030648828179,-2.10305017472369,-2.10303553719548,-2.10302096816603,-2.10300646558021,-2.10299202739735,-2.10297765159337,-2.10296333616273,-2.10294907912042,-2.10293487850402,-2.10292073237589,-2.10290663882539,-2.10289259597098,-2.10287860196226,-2.1028646549818,-2.102850753247,-2.10283689501181,-2.10282307856828,-2.10280930224802,-2.10279556442369,-2.10278186351049,-2.10276819796771,-2.10275456630033,-2.10274096706081,-2.10272739885097,-2.10271386032384,-2.10270035018512,-2.10268686719441,-2.10267341016625,-2.10265997797101,-2.10264656953564,-2.10263318384446,-2.10261981994003,-2.10260647692418,-2.10259315395919,-2.10257985026903,-2.10256656514081,-2.102553297926,-2.10254004804165,-2.10252681497129,-2.10251359826558,-2.10250039754272,-2.10248721248877,-2.10247404285791,-2.10246088847253,-2.10244774922335,-2.10243462506946,-2.10242151603829,-2.10240842222532,-2.1023953437937,-2.10238228097355,-2.10236923406139,-2.10235620341945,-2.10234318947517,-2.10233019272068,-2.1023172137124,-2.10230425307061,-2.10229131147888,-2.10227838968343,-2.10226548849231,-2.1022526087745,-2.10223975145889,-2.10222691753308,-2.10221410804196,-2.10220132408614,-2.10218856682018,-2.10217583745064,-2.1021631372341,-2.1021504674752,-2.10213782952485,-2.10212522477873,-2.1021126546761,-2.10210012069861,-2.10208762436901,-2.10207516724969,-2.10206275094086,-2.10205037707852,-2.10203804733243,-2.10202576340406,-2.10201352702457,-2.1020013399528,-2.10198920397316,-2.10197712089354,-2.10196509254326,-2.10195312077102,-2.10194120744309,-2.10192935444147,-2.10191756366212,-2.10190583701305,-2.10189417641244,-2.10188258378659,-2.10187106106766,-2.10185961019132,-2.10184823309422,-2.10183693171141,-2.1018257079736,-2.10181456380447,-2.101803501118,-2.10179252181584,-2.10178162778483,-2.10177082089454,-2.10176010299487,-2.10174947591387,-2.10173894145576,-2.10172850139911,-2.10171815749484,-2.10170791146413,-2.10169776499615,-2.10168771974569,-2.10167777733072,-2.10166793933011,-2.10165820728135,-2.10164858267827,-2.10163906696877,-2.10162966155258,-2.10162036777905,-2.10161118694521,-2.10160212029405,-2.10159316901309,-2.10158433423312,-2.10157561702687,-2.10156701840783,-2.10155853932906,-2.10155018068184,-2.10154194329427,-2.10153382792986,-2.10152583528605,-2.10151796599305,-2.10151022061279,-2.10150259963811,-2.101495103492,-2.10148773252699,-2.10148048702435,-2.10147336719327,-2.10146637317013,-2.10145950501796,-2.10145276272613,-2.10144614621028,-2.10143965531254,-2.10143328980205,-2.10142704937543,-2.10142093365759,-2.10141494220277,-2.10140907449579,-2.10140332995309,-2.10139770792417,-2.10139220769283,-2.10138682847833,-2.10138156943632,-2.10137642965967,-2.10137140817911,-2.10136650396385,-2.10136171592212,-2.10135704290157,-2.10135248368967,-2.1013480370142,-2.10134370154379,-2.10133947588855,-2.10133535860092,-2.10133134817668,-2.10132744305611,-2.1013236416253,-2.1013199422177,-2.1013163431157,-2.10131284255229,-2.10130943871278,-2.10130612973669,-2.10130291371961,-2.10129978871557,-2.10129675273925,-2.10129380376812,-2.10129093974435,-2.10128815857665,-2.10128545814189,-2.10128283628695,-2.10128029083044,-2.10127781956449,-2.10127542025647,-2.1012730906507,-2.10127082847019,-2.10126863141824,-2.10126649717999,-2.1012644234239,-2.10126240780293,-2.101260447956,-2.10125854150929,-2.10125668607781,-2.10125487926692,-2.10125311867396,-2.10125140188963,-2.10124972649929,-2.10124809008417,-2.10124649022246,-2.10124492449045,-2.10124339046349,-2.10124188571699,-2.10124040782756,-2.10123895437418,-2.1012375229393,-2.10123611110985,-2.10123471647814,-2.10123333664291,-2.1012319692106,-2.10123061179673,-2.1012292620276,-2.10122791754193,-2.10122657599263,-2.10122523504852,-2.10122389239619,-2.10122254574176,-2.10122119281261,-2.10121983135885,-2.10121845915469,-2.10121707399955,-2.1012156737189,-2.10121425616506,-2.10121281921785,-2.10121136078536,-2.1012098788048,-2.10120837124351,-2.10120683609998,-2.10120527140472,-2.10120367522103,-2.10120204564556,-2.10120038080898,-2.10119867887675,-2.10119693804998,-2.10119515656647,-2.10119333270163,-2.10119146476952,-2.10118955112407,-2.10118759016053,-2.10118558031706,-2.10118352007665,-2.10118140796914,-2.10117924257324,-2.10117702251853,-2.1011747464876,-2.10117241321837,-2.10117002150635,-2.1011675702068,-2.10116505823685,-2.10116248457766,-2.10115984827637,-2.10115714844805,-2.10115438427741,-2.10115155502038,-2.10114866000527,-2.101145698634,-2.1011426703832,-2.10113957480533,-2.10113641152954,-2.10113318026244,-2.10112988078882,-2.10112651297238,-2.10112307675624,-2.1011195721634,-2.10111599929723,-2.10111235834201,-2.10110864956351,-2.10110487330975,-2.10110103001154,-2.10109712018304,-2.10109314442199,-2.1010891034097,-2.10108499791095,-2.10108082877367,-2.10107659692879,-2.10107230338991,-2.10106794925291,-2.10106353569544,-2.10105906397636,-2.1010545354351,-2.10104995149074,-2.10104531364087,-2.10104062346018,-2.10103588259887,-2.10103109278068,-2.10102625580066,-2.10102137352281,-2.10101644787766,-2.10101148085987,-2.10100647452571,-2.10100143099043,-2.10099635242545,-2.10099124105547,-2.10098609915559,-2.10098092904837,-2.1009757331009,-2.10097051372175,-2.10096527335783,-2.10096001449133,-2.10095473963667,-2.10094945133762,-2.10094415216445,-2.10093884471129,-2.10093353159372,-2.10092821544647,-2.10092289892108,-2.10091758468349,-2.10091227541147,-2.10090697379202,-2.10090168251858,-2.1008964042882,-2.10089114179859,-2.10088589774521,-2.10088067481818,-2.10087547569907,-2.1008703030577,-2.10086515954867,-2.10086004780788,-2.10085497044883,-2.1008499300591,-2.1008449291967,-2.10083997038666,-2.10083505611764,-2.10083018883872,-2.10082537095622,-2.10082060483061,-2.1008158927736,-2.10081123704502,-2.10080663984963,-2.10080210333377,-2.10079762958185,-2.10079322061307,-2.10078887837832,-2.10078460475732,-2.10078040155569,-2.10077627050207,-2.10077221324547,-2.10076823135267,-2.10076432630576,-2.10076049949984,-2.10075675224091,-2.1007530857441,-2.10074950113195,-2.10074599943291,-2.10074258158007,-2.10073924841007,-2.10073600066227,-2.10073283897785,-2.100729763899,-2.10072677586807,-2.1007238752271,-2.10072106221734,-2.10071833697901,-2.10071569955136,-2.10071314987293,-2.10071068778202,-2.10070831301722,-2.10070602521791,-2.10070382392483,-2.10070170858078,-2.10069967853116,-2.10069773302474,-2.1006958712145,-2.10069409215873,-2.10069239482211,-2.10069077807691,-2.10068924070422,-2.10068778139528,-2.10068639875301,-2.10068509129363,-2.10068385744852,-2.10068269556608,-2.10068160391381,-2.10068058068051,-2.10067962397878,-2.10067873184768,-2.10067790225556,-2.10067713310281,-2.10067642222463,-2.10067576739355,-2.10067516632185,-2.10067461666401,-2.10067411601888,-2.10067366193202,-2.10067325189779,-2.10067288336166,-2.10067255372238,-2.1006722603344,-2.1006720005102,-2.10067177152272,-2.10067157060753,-2.10067139496495,-2.10067124176202,-2.10067110813452,-2.10067099118866,-2.10067088800283,-2.10067079562927,-2.10067071109609,-2.10067063140937,-2.1006705535554,-2.10067047450287,-2.10067039120513,-2.1006703006025,-2.10067019962492,-2.10067008519476,-2.10066995422962,-2.10066980364531,-2.10066963035881,-2.10066943129114,-2.1006692033702,-2.10066894353348,-2.10066864873077,-2.10066831592674,-2.10066794210355,-2.10066752426337,-2.10066705943069,-2.10066654465463,-2.10066597701075,-2.10066535360285,-2.10066467156461,-2.10066392806108,-2.10066312029014,-2.10066224548374,-2.10066130090917,-2.10066028387025,-2.10065919170852,-2.1006580218044,-2.10065677157831,-2.10065543849172,-2.10065402004816,-2.10065251379416,-2.10065091732007,-2.10064922826096,-2.10064744429765,-2.10064556315783,-2.10064358261711,-2.10064150050005,-2.10063931468083,-2.10063702308387,-2.10063462368408,-2.10063211450686,-2.10062949362764,-2.10062675917143,-2.10062390931201,-2.10062094227115,-2.10061785631774,-2.10061464976688,-2.10061132097881,-2.10060786835768,-2.10060429035025,-2.10060058544476,-2.10059675216984,-2.10059278909355,-2.1005886948225,-2.10058446800112,-2.10058010731079,-2.10057561146885,-2.10057097922763,-2.10056620937343,-2.10056130072571,-2.10055625213628,-2.10055106248846,-2.10054573069616,-2.10054025570306,-2.10053463648181,-2.10052887203355,-2.10052296138773,-2.10051690360206,-2.10051069776247,-2.10050434298294,-2.10049783840537,-2.10049118319939,-2.10048437656222,-2.10047741771848,-2.10047030591996,-2.10046304044553,-2.10045562060112,-2.10044804571971,-2.10044031516117,-2.10043242831219,-2.10042438458632,-2.10041618342389,-2.10040782429182,-2.10039930668327,-2.10039063011711,-2.10038179413737,-2.10037279831284,-2.10036364223669,-2.10035432552611,-2.10034484782204,-2.10033520878918,-2.10032540811602,-2.10031544551463,-2.10030532072053,-2.10029503349237,-2.10028458361196,-2.10027397088419,-2.10026319513711,-2.10025225622195,-2.10024115401319,-2.10022988840861,-2.10021845932926,-2.10020686671957,-2.10019511054748,-2.10018319080477,-2.10017110750733,-2.10015886069565,-2.10014645043552,-2.10013387681885,-2.10012113996454,-2.1001082400194,-2.10009517715898,-2.10008195158843,-2.10006856354326,-2.1000550132901,-2.10004130112745,-2.10002742738635,-2.10001339243101,-2.0999991966594,-2.0999848405039,-2.09997032443185,-2.0999556489461,-2.09994081458578,-2.09992582192712,-2.09991067158451,-2.09989536421162,-2.09987990050256,-2.09986428119294,-2.09984850706083,-2.09983257892769,-2.09981649765913,-2.09980026416573,-2.099783879404,-2.09976734437725,-2.09975066013651,-2.09973382778134,-2.09971684846031,-2.09969972337127,-2.09968245376155,-2.09966504092816,-2.09964748621794,-2.09962979102775,-2.09961195680446,-2.09959398504468,-2.09957587729453,-2.09955763514926,-2.09953926025274,-2.09952075429692,-2.09950211902135,-2.09948335621229,-2.09946446770183,-2.09944545536675,-2.0994263211274,-2.09940706694641,-2.09938769482729,-2.09936820681282,-2.09934860498357,-2.09932889145638,-2.09930906838261,-2.09928913794643,-2.09926910236283,-2.09924896387563,-2.09922872475504,-2.09920838729502,-2.09918795381032,-2.09916742663347,-2.09914680811163,-2.09912610060343,-2.09910530647561,-2.09908442809953,-2.09906346784745,-2.09904242808859,-2.09902131118501,-2.09900011948756,-2.09897885533173,-2.09895752103365,-2.09893611888623,-2.09891465115554,-2.09889312007729,-2.09887152785313,-2.09884987664705,-2.09882816858184,-2.09880640573567,-2.09878459013875,-2.09876272376993,-2.09874080855331,-2.0987188463546,-2.09869683897778,-2.09867478816161,-2.09865269557612,-2.09863056281859,-2.09860839140955,-2.09858618278848,-2.0985639383093,-2.09854165923571,-2.09851934673605,-2.098497001878,-2.09847462562288,-2.09845221881973,-2.09842978219912,-2.09840731636668,-2.09838482179637,-2.09836229882374,-2.09833974763927,-2.09831716828181,-2.09829456063226,-2.0982719244072,-2.09824925915265,-2.09822656423811,-2.09820383885049,-2.09818108198814,-2.09815829245486,-2.0981354688539,-2.09811260958201,-2.09808971282348,-2.09806677654399,-2.09804379848457,-2.09802077615547,-2.09799770682989,-2.09797458753766,-2.0979514150589,-2.09792818591777,-2.09790489637632,-2.09788154242853,-2.09785811979452,-2.09783462391491,-2.09781104994542,-2.09778739275142,-2.09776364690288,-2.09773980666931,-2.09771586601494,-2.09769181859382,-2.09766765774485,-2.09764337648681,-2.0976189675133,-2.09759442318784,-2.09756973553942,-2.09754489625804,-2.09751989669035,-2.09749472783532,-2.09746938033996,-2.09744384449526,-2.09741811023239,-2.09739216711925,-2.09736600435737,-2.09733961077908,-2.0973129748448,-2.09728608464046,-2.09725892787513,-2.09723149187895,-2.09720376360144,-2.09717572961004,-2.097147376089,-2.0971186888384,-2.09708965327336,-2.09706025442359,-2.0970304769332,-2.09700030506107,-2.09696972268159,-2.09693871328578,-2.09690725998251,-2.09687534549989,-2.09684295218677,-2.09681006201444,-2.09677665657856,-2.09674271710126,-2.09670822443355,-2.09667315905814,-2.09663750109268,-2.09660123029334,-2.09656432605878,-2.09652676743447,-2.09648853311732,-2.0964496014607,-2.0964099504798,-2.09636955785718,-2.09632840094861,-2.09628645678899,-2.09624370209853,-2.09620011328909,-2.09615566647079,-2.09611033745882,-2.09606410178033,-2.09601693468176,-2.0959688111363,-2.09591970585171,-2.09586959327828,-2.09581844761715,-2.09576624282897,-2.09571295264267,-2.09565855056446,-2.09560300988714,-2.09554630369965,-2.09548840489706,-2.09542928619073,-2.09536892011851,-2.09530727905506,-2.0952443352226,-2.0951800607016,-2.09511442744147,-2.09504740727109,-2.09497897190946,-2.0949090929765,-2.09483774200407,-2.09476489044692,-2.09469050969383,-2.09461457107897,-2.0945370458934,-2.09445790539682,-2.09437712082944,-2.09429466342392,-2.09421050441736,-2.09412461506318,-2.09403696664312,-2.09394753047917,-2.09385627794558,-2.09376318048077,-2.09366820959926,-2.09357133690385,-2.09347253409761,-2.09337177299596,-2.09326902553869,-2.09316426380213,-2.09305746001119,-2.09294858655131,-2.09283761598005,-2.0927245210384,-2.09260927466192,-2.0924918499918,-2.09237222038585,-2.0922503594297,-2.09212624094797,-2.09199983901545,-2.09187112796796,-2.09174008241318,-2.09160667724115,-2.09147088763488,-2.09133268908088,-2.09119205737958,-2.09104896865576,-2.09090339936877,-2.09075532632285,-2.09060472667717,-2.09045157795575,-2.09029585805709,-2.09013754526376,-2.08997661825151,-2.08981305609852,-2.08964683829426,-2.08947794474818,-2.08930635579797,-2.08913205221738,-2.08895501522349,-2.0887752264834,-2.08859266812064,-2.08840732272113,-2.088219173339,-2.08802820350218,-2.08783439721782,-2.0876377389774,-2.0874382137616,-2.08723580704503,-2.08703050480068,-2.08682229350408,-2.08661116013708,-2.08639709219158,-2.0861800776729,-2.08596010510262,-2.08573716352124,-2.08551124249046,-2.08528233209541,-2.08505042294652,-2.08481550618126,-2.08457757346558,-2.08433661699512,-2.08409262949605,-2.08384560422571,-2.08359553497319,-2.08334241605998,-2.0830862423401,-2.08282700919984,-2.08256471255721,-2.08229934886112,-2.08203091509044,-2.08175940875298,-2.0814848278841,-2.08120717104519,-2.08092643732179,-2.08064262632171,-2.08035573817299,-2.08006577352166,-2.07977273352914,-2.07947661986978,-2.07917743472808,-2.0788751807958,-2.07856986126874,-2.0782614798434,-2.07795004071344,-2.07763554856607,-2.07731800857821,-2.07699742641254,-2.07667380821325,-2.07634716060164,-2.0760174906717,-2.07568480598566,-2.07534911456949,-2.07501042490836,-2.07466874594207,-2.0743240870605,-2.07397645809892,-2.07362586933332,-2.07327233147556,-2.07291585566858,-2.07255645348169,-2.07219413690567,-2.07182891834779,-2.07146081062651,-2.07108982696625,-2.07071598099187,-2.07033928672309,-2.06995975856884,-2.06957741132171,-2.06919226015252,-2.06880432060489,-2.06841360858969,-2.06802014037963,-2.06762393260365,-2.06722500224131,-2.06682336661718,-2.06641904339493,-2.06601205057119,-2.06560240646939,-2.06519012973352,-2.06477523932189,-2.0643577545008,-2.06393769483798,-2.06351508019607,-2.06308993072599,-2.0626622668605,-2.06223210930763,-2.06179947904414,-2.06136439730877,-2.06092688559542,-2.06048696564622,-2.06004465944461,-2.05959998920827,-2.05915297738217,-2.0587036466316,-2.0582520198354,-2.05779812007911,-2.05734197064842,-2.0568835950227,-2.05642301686852,-2.05596026003312,-2.05549534853794,-2.05502830657208,-2.05455915848577,-2.05408792878374,-2.05361464211832,-2.05313932328252,-2.05266199720302,-2.05218268893303,-2.051701423645,-2.05121822662343,-2.05073312325745,-2.05024613903326,-2.04975729952647,-2.0492666303941,-2.04877415736627,-2.04827990623767,-2.04778390285892,-2.04728617312774,-2.04678674297981,-2.04628563837943,-2.04578288530979,-2.04527850976327,-2.04477253773149,-2.04426499519523,-2.0437559081143,-2.04324530241725,-2.04273320399095,-2.04221963867007,-2.04170463222628,-2.0411882103576,-2.04067039867755,-2.0401512227044,-2.03963070785013,-2.03910887940909,-2.03858576254638,-2.03806138228575,-2.03753576349736,-2.03700893088514,-2.03648090897409,-2.0359517220976,-2.03542139438472,-2.03488994974734,-2.03435741186719,-2.03382380418266,-2.03328914987551,-2.03275347185752,-2.03221679275692,-2.03167913490487,-2.03114052032178,-2.03060097070368,-2.0300605074083,-2.02951915144107,-2.02897692344117,-2.0284338436675,-2.0278899319848,-2.02734520784964,-2.02679969029656,-2.02625339792408,-2.02570634888083,-2.02515856085166,-2.02461005104391,-2.02406083617358,-2.0235109324516,-2.0229603555702,-2.02240912068904,-2.02185724242138,-2.02130473482032,-2.02075161136501,-2.02019788494707,-2.01964356785694,-2.01908867177025,-2.01853320773433,-2.01797718615489,-2.01742061678305,-2.01686350870262,-2.01630587031766,-2.01574770933988,-2.01518903277615,-2.01462984691626,-2.01407015732078,-2.01350996880925,-2.01294928544845,-2.01238811054099,-2.01182644661407,-2.01126429540845,-2.01070165786769,-2.01013853412748,-2.00957492350532,-2.00901082449064,-2.00844623473517,-2.00788115104394,-2.00731556936674,-2.00674948478998,-2.00618289152906,-2.00561578292107,-2.00504815141779,-2.00447998857921,-2.00391128506754,-2.00334203064186,-2.00277221415325,-2.00220182354047,-2.00163084582607,-2.00105926711286,-2.00048707258098,-1.99991424648558,-1.99934077215492,-1.99876663198923,-1.99819180746015,-1.99761627911099,-1.99704002655756,-1.99646302848968,-1.99588526267336,-1.99530670595369,-1.99472733425832,-1.99414712260172,-1.99356604508998,-1.99298407492605,-1.99240118441544,-1.99181734497242,-1.99123252712691,-1.99064670053202,-1.99005983397254,-1.98947189537405,-1.98888285181298,-1.98829266952728,-1.98770131392765,-1.98710874960918,-1.98651494036354,-1.98591984919191,-1.9853234383184,-1.98472566920422,-1.98412650256226,-1.98352589837238,-1.98292381589737,-1.9823202136997,-1.98171504965888,-1.9811082809893,-1.98049986425838,-1.97988975540499,-1.97927790975826,-1.97866428205682,-1.97804882646833,-1.97743149660955,-1.97681224556666,-1.97619102591595,-1.97556778974494,-1.97494248867393,-1.97431507387806,-1.9736854961097,-1.97305370572127,-1.97241965268844,-1.97178328663333,-1.97114455684773,-1.97050341231669,-1.96985980174244,-1.96921367356852,-1.96856497600415,-1.96791365704848,-1.96725966451472,-1.96660294605435,-1.96594344918116,-1.96528112129513,-1.96461590970614,-1.96394776165747,-1.96327662434891,-1.96260244495967,-1.96192517067095,-1.96124474868837,-1.96056112626419,-1.95987425071925,-1.95918406946446,-1.95849053002184,-1.95779358004516,-1.95709316734018,-1.95638923988456,-1.95568174584721,-1.95497063360717,-1.95425585177174,-1.95353734919369,-1.95281507498778,-1.9520889785465,-1.95135900955517,-1.95062511800626,-1.94988725421307,-1.9491453688224,-1.94839941282624,-1.94764933757232,-1.94689509477382,-1.94613663651799,-1.94537391527389,-1.94460688389922,-1.94383549564625,-1.9430597041667,-1.94227946351549,-1.9414947281533,-1.94070545294828,-1.93991159317661,-1.93911310452185,-1.93830994307308,-1.93750206532181,-1.93668942815782,-1.93587198886401,-1.93504970511026,-1.93422253494614,-1.93339043679246,-1.93255336943165,-1.93171129199719,-1.93086416396159,-1.93001194512318,-1.92915459559158,-1.92829207577229,-1.92742434634992,-1.92655136827049,-1.9256731027222,-1.92478951111536,-1.92390055506117,-1.92300619634956,-1.92210639692607,-1.92120111886772,-1.92029032435777,-1.91937397565947,-1.91845203508885,-1.91752446498668,-1.91659122768946,-1.9156522854996,-1.9147076006549,-1.91375713529737,-1.91280085144114,-1.91183871094022,-1.91087067545565,-1.90989670642225,-1.90891676501497,-1.90793081211494,-1.90693880827537,-1.90594071368711,-1.90493648814425,-1.90392609100951,-1.9029094811797,-1.90188661705099,-1.90085745648438,-1.89982195677123,-1.89878007459903,-1.89773176601762,-1.89667698640607,-1.89561569044033,-1.8945478320616,-1.8934733644456,-1.89239223997268,-1.89130441019882,-1.8902098258275,-1.88910843668262,-1.88800019168233,-1.88688503881393,-1.88576292510982,-1.88463379662473,-1.88349759841438,-1.88235427451566,-1.88120376792823,-1.8800460205977,-1.87888097340043,-1.87770856613028,-1.87652873748737,-1.87534142506875,-1.87414656536093,-1.87294409373456,-1.871733944441,-1.87051605061085,-1.86929034425467,-1.86805675626597,-1.86681521642662,-1.86556565341446,-1.86430799481331,-1.86304216712532,-1.86176809578576,-1.86048570518024,-1.85919491866423,-1.85789565858494,-1.85658784630584,-1.85527140223359,-1.8539462458476,-1.85261229573186,-1.85126946960927,-1.84991768437818,-1.84855685615129,-1.84718690029686,-1.84580773148225,-1.84441926371968,-1.84302141041459,-1.84161408441639,-1.8401971980717,-1.83877066327978,-1.83733439155036,-1.83588829406367,-1.8344322817327,-1.83296626526753,-1.83149015524182,-1.83000386216119,-1.82850729653358,-1.82700036894151,-1.82548299011623,-1.82395507101347,-1.82241652289078,-1.82086725738657,-1.81930718660082,-1.81773622317715,-1.81615428038609,-1.81456127220969,-1.8129571134274,-1.81134171970278,-1.80971500767123,-1.80807689502846,-1.80642730061969,-1.80476614452929,-1.8030933481712,-1.80140883437973,-1.79971252750073,-1.79800435348296,-1.79628423996953,-1.79455211638938,-1.79280791404856,-1.79105156622109,-1.78928300823925,-1.78750217758307,-1.78570901396909,-1.78390345943824,-1.7820854584427,-1.78025495793187,-1.77841190743691,-1.77655625915401,-1.77468796802648,-1.77280699182544,-1.77091329122901,-1.76900682989954,-1.76708757455909,-1.76515549506292,-1.76321056447096,-1.76125275911719,-1.75928205867658,-1.75729844622966,-1.75530190832479,-1.75329243503795,-1.75127002002994,-1.74923466060077,-1.74718635774111,-1.74512511618092,-1.74305094443493,-1.74096385484507,-1.73886386361978,-1.73675099087004,-1.73462526064225,-1.73248670094781,-1.73033534378929,-1.72817122518344,-1.72599438518082,-1.72380486788207,-1.7216027214506,-1.71938799812176,-1.71716075420849,-1.71492105010343,-1.71266895027751,-1.7104045232751,-1.7081278417057,-1.70583898223227,-1.70353802555608,-1.70122505639815,-1.69890016347724,-1.69656343948447,-1.69421498105456,-1.69185488873386,-1.68948326694515,-1.68710022394908,-1.68470587180213,-1.68230032631133,-1.67988370698586,-1.67745613698572,-1.6750177430674,-1.67256865552656,-1.67010900813784,-1.66763893809171,-1.66515858592864,-1.66266809547038,-1.66016761374858,-1.65765729093072,-1.65513728024348,-1.65260773789371,-1.65006882298728,-1.64752069744591,-1.64496352592211,-1.64239747571202,-1.63982271666652,-1.63723942110047,-1.63464776370043,-1.63204792143069,-1.62944007343797,-1.62682440095462,-1.62420108720085,-1.62157031728587,-1.61893227810809,-1.61628715825451,-1.61363514789949,-1.61097643870305,-1.60831122370886,-1.60563969724174,-1.60296205480508,-1.60027849297808,-1.59758920931304,-1.59489440223268,-1.59219427092753,-1.5894890152537,-1.58677883563108,-1.58406393294227,-1.58134450843238,-1.57862076360965,-1.57589290014713,-1.57316111978538,-1.57042562423642,-1.5676866150889,-1.56494429371466,-1.56219886117669,-1.55945051813866,-1.55669946477622,-1.55394590069005,-1.55119002482085,-1.54843203536632,-1.54567212969995,-1.54291050429223,-1.54014735463395,-1.53738287516196,-1.53461725918744,-1.53185069882666,-1.52908338493417,-1.52631550703873,-1.52354725328197,-1.52077881035989,-1.51801036346721,-1.51524209624449,-1.51247419072815,-1.50970682730345,-1.50694018466053,-1.50417443975361,-1.50140976776328,-1.49864634206209,-1.49588433418342,-1.49312391379352,-1.49036524866687,-1.48760850466474,-1.48485384571705,-1.48210143380735,-1.47935142896118,-1.4766039892375,-1.47385927072343,-1.47111742753207,-1.46837861180361,-1.46564297370951,-1.46291066145983,-1.46018182131371,-1.45745659759287,-1.45473513269822,-1.45201756712945,-1.44930403950785,-1.44659468660191,-1.4438896433559,-1.4411890429212,-1.43849301669035,-1.43580169433374,-1.43311520383902,-1.43043367155298,-1.42775722222579,-1.42508597905762,-1.42242006374744,-1.41975959654402,-1.41710469629891,-1.41445548052147,-1.41181206543561,-1.40917456603838,-1.40654309616025,-1.40391776852702,-1.40129869482315,-1.3986859857565,-1.39607975112418,-1.39348009987944,-1.39088714019954,-1.38830097955456,-1.38572172477703,-1.38314948213223,-1.38058435738902,-1.37802645589116,-1.37547588262882,-1.37293274231017,-1.37039713943278,-1.36786917835477,-1.36534896336541,-1.36283659875533,-1.36033218888571,-1.35783583825676,-1.35534765157508,-1.35286773382005,-1.350396190309,-1.34793312676095,-1.34547864935905,-1.34303286481146,-1.34059588041061,-1.33816780409068,-1.33574874448302,-1.33333881096954,-1.33093811373386,-1.32854676381018,-1.32616487312973,-1.32379255456462,-1.32142992196884,-1.31907709021649,-1.31673417523713,-1.31440129404822,-1.31207856478462,-1.30976610672481,-1.30746404031386,-1.30517248718303,-1.30289157016568,-1.30062141330972,-1.29836214188631,-1.29611388239493,-1.29387676256449,-1.29165091135063,-1.28943645892917,-1.28723353668556,-1.28504227720028,-1.28286281423025,-1.28069528268616,-1.27853981860566,-1.27639655912254,-1.27426564243176,-1.27214720775029,-1.27004139527358,-1.2679483461279,-1.26586820231831,-1.2638011066724,-1.26174720277989,-1.2597066349278,-1.25767954803155,-1.25566608756181,-1.25366639946734,-1.25168063009373,-1.2497089260979,-1.24775143435866,-1.24580830188333,-1.24387967571028,-1.24196570280779,-1.2400665299691,-1.23818230370386,-1.23631317012588,-1.23445927483735,-1.23262076280971,-1.23079777826134,-1.22899046453204,-1.22719896395453,-1.22542341772286,-1.22366396575797,-1.22192074657046,-1.22019389712047,-1.21848355267503,-1.2167898466627,-1.21511291052595,-1.21345287357145,-1.21180986281833,-1.21018400284458,-1.20857541563177,-1.20698422040818,-1.20541053349053,-1.20385446812447,-1.20231613432385,-1.20079563870905,-1.19929308434432,-1.19780857057477,-1.19634219286293,-1.19489404262512,-1.19346420706801,-1.19205276902517,-1.19065980679379,-1.18928539397185,-1.187929599296,-1.18659248648032,-1.18527411405613,-1.18397453521294,-1.1826937976408,-1.18143194337402,-1.18018900863682,-1.17896502369069,-1.17776001268393,-1.17657399350344,-1.17540697762911,-1.17425896999093,-1.17312996882897,-1.17201996555632,-1.17092894462518,-1.16985688339645,-1.16880375201297,-1.1677695132766,-1.16675412252936,-1.1657575275387,-1.16477966838708,-1.1638204773661,-1.16287987887525,-1.16195778932563,-1.16105411704856,-1.16016876220945,-1.15930161672696,-1.15845256419761,-1.15762147982637,-1.15680823036304,-1.15601267404493,-1.15523466054566,-1.15447403093027,-1.15373061761688,-1.15300424434492,-1.15229472615027,-1.15160186934724,-1.15092547151759,-1.15026532150676,-1.14962119942742,-1.1489928766707,-1.14838011592507,-1.14778267120293,-1.14720028787486,-1.14663270271176,-1.1460796439349,-1.14554083127411,-1.14501597603412,-1.1445047811691,-1.1440069413656,-1.14352214313377,-1.1430500649071,-1.1425903771508,-1.14214274247868,-1.14170681577845,-1.14128224434529,-1.14086866802381,-1.14046571935828,-1.14007302375123,-1.13969019963041,-1.13931685862397,-1.13895260574396,-1.13859703957812,-1.13824975248985,-1.13791033082645,-1.13757835513547,-1.13725340038891,-1.13693503621537,-1.13662282713987,-1.13631633283126,-1.13601510835686,-1.13571870444432,-1.1354266677503,-1.13513854113614,-1.13485386395015,-1.13457217231642,-1.13429299943002,-1.13401587585856,-1.13374032984969,-1.13346588764431,-1.13319207379509,-1.13291841149043,-1.13264442288334,-1.132369629425,-1.13209355220274,-1.13181571228204,-1.13153563105272,-1.13125283057851,-1.13096683395008,-1.13067716564088,-1.13038335186557,-1.13008492094055,-1.12978140364639,-1.12947233359169,-1.12915724757827,-1.12883568596716,-1.12850719304518,-1.12817131739166,-1.12782761224496,-1.12747563586849,-1.12711495191561,-1.12674512979321,-1.12636574502356,-1.12597637960407,-1.1255766223646,-1.12516606932179,-1.1247443240301,-1.12431099792925,-1.12386571068732,-1.12340809053943,-1.12293777462157,-1.12245440929902,-1.12195765048918,-1.12144716397819,-1.12092262573117,-1.12038372219553,-1.11983015059721,-1.11926161922912,-1.11867784773177,-1.11807856736553,-1.11746352127444,-1.11683246474091,-1.11618516543118,-1.11552140363097,-1.11484097247125,-1.11414367814362,-1.11342934010538,-1.11269779127353,-1.11194887820771,-1.11118246128176,-1.11039841484363,-1.10959662736348,-1.10877700156965,-1.10793945457256,-1.10708391797601,-1.10621033797588,-1.10531867544588,-1.10440890601027,-1.10348102010321,-1.10253502301483,-1.10157093492383,-1.10058879091658,-1.0995886409925,-1.09857055005582,-1.09753459789363,-1.0964808791401,-1.09540950322696,-1.09432059432018,-1.09321429124275,-1.09209074738402,-1.09095013059531,-1.08979262307194,-1.0886184212218,-1.08742773552024,-1.08622079035188,-1.0849978238392,-1.08375908765817,-1.08250484684091,-1.08123537956567,-1.07995097693428,-1.07865194273719,-1.07733859320654,-1.07601125675737,-1.0746702737174,-1.07331599604554,-1.07194878703927,-1.07056902103133,-1.06917708307599,-1.06777336862507,-1.06635828319424,-1.06493224201979,-1.06349566970637,-1.06204899986613,-1.0605926747495,-1.05912714486815,-1.05765286861037,-1.05617031184926,-1.05467994754419,-1.05318225533592,-1.0516777211359,-1.05016683671006,-1.04865009925775,-1.04712801098621,-1.04560107868105,-1.04406981327345,-1.0425347294043,-1.04099634498587,-1.03945518076132,-1.03791175986254,-1.0363666073667,-1.03482024985209,-1.03327321495369,-1.03172603091899,-1.0301792261644,-1.02863332883298,-1.02708886635371,-1.02554636500293,-1.02400634946832,-1.02246934241581,-1.02093586406005,-1.0194064317387,-1.0178815594911,-1.01636175764149,-1.01484753238738,-1.01333938539355,-1.01183781339201,-1.01034330778832,-1.00885635427469,-1.00737743245018,-1.00590701544826,-1.00444556957229,-1.00299355393942,-1.00155142013302,-1.0001196118641,-0.998698564642069,-0.997288705455093,-0.995890452460336,-0.994504214684393,-0.993130391734132,-0.991769373518309,-0.990421539980178,-0.989087260841227,-0.987766895356342,-0.986460792080608,-0.985169288647831,-0.983892711560944,-0.982631375994553,-0.981385585609723,-0.980155632381085,-0.978941796436393,-0.977744345908579,-0.976563536800378,-0.975399612861625,-0.974252805479245,-0.973123333580001,-0.972011403546058,-0.970917209143331,-0.969840931462635,-0.968782738873591,-0.967742786991209,-0.966721218655062,-0.965718163920997,-0.964733740065233,-0.963768051600782,-0.962821190306072,-0.96189323526565,-0.960984252922828,-0.960094297144134,-0.959223409295391,-0.958371618329233,-0.957538940883928,-0.956725381393365,-0.955930932208024,-0.955155573726682,-0.954399274538604,-0.953661991575967,-0.952943670276291,-0.952244244754569,-0.951563637984891,-0.950901761991258,-0.950258518047303,-0.94963379688463,-0.949027478909445,-0.948439434427181,-0.947869523874775,-0.947317598060279,-0.946783498409534,-0.946267057219534,-0.945768097918182,-0.945286435330127,-0.944821875948356,-0.944374218211168,-0.943943252784125,-0.943528762846602,-0.943130524382575,-0.942748306475268,-0.9423818716053,-0.942030975952078,-0.941695369698011,-0.941374797335271,-0.941068997974726,-0.94077770565673,-0.940500649663412,-0.940237554832046,-0.939988141869099,-0.939752127664608,-0.939529225606578,-0.939319145895131,-0.93912159585604,-0.938936280253289,-0.938762901600315,-0.938601160469582,-0.938450755800153,-0.938311385202997,-0.938182745263713,-0.938064531842398,-0.937956440370347,-0.937858166143392,-0.93776940461163,-0.937689851665189,-0.937619203915802,-0.937557158973949,-0.937503415721238,-0.937457674577774,-0.937419637764208,-0.937389009558309,-0.937365496545873,-0.937348807865818,-0.937338655449187,-0.937334754251949,-0.937336822481582,-0.937344581817268,-0.937357757623458,-0.937376079156513,-0.937399279764236,-0.937427097078124,-0.937459273198293,-0.937495554870944,-0.937535693658308,-0.937579446101021,-0.937626573872815,-0.937676843927504,-0.937730028638149,-0.937785905928397,-0.93784425939587,-0.937904878427609,-0.93796755830764,-0.938032100316638,-0.938098311823542,-0.938166006369135,-0.938235003741687,-0.938305130044713,-0.938376217756774,-0.938448105783324,-0.938520639500694,-0.93859367079222,-0.938667058076582,-0.93874066632848,-0.938814367091687,-0.938888038484558,-0.938961565198087,-0.939034838486642,-0.93910775615152,-0.939180222517453,-0.939252148402123,-0.939323451078846,-0.939394054232559,-0.939463887909203,-0.939532888458569,-0.939600998470814,-0.939668166706843,-0.939734348022693,-0.939799503288083,-0.939863599299249,-0.939926608686235,-0.939988509814797,-0.940049286683223,-0.940108928814272,-0.940167431142455,-0.940224793896746,-0.940281022478933,-0.940336127337801,-0.94039012383931,-0.940443032132976,-0.940494877014662,-0.940545687786042,-0.940595498111016,-0.940644345869148,-0.940692273006206,-0.940739325382047,-0.940785552616117,-0.940831007930758,-0.940875747992614,-0.940919832752349,-0.940963325282913,-0.941006291616615,-0.941048800581101,-0.941090923634403,-0.941132734699262,-0.941174309996895,-0.941215727880373,-0.941257068667773,-0.941298414475408,-0.941339849051358,-0.941381457609482,-0.941423326664049,-0.941465543865172,-0.941508197835238,-0.941551378006461,-0.941595174459676,-0.94163967776455,-0.941684978821434,-0.941731168705054,-0.941778338510117,-0.941826579199003,-0.941875981451675,-0.94192663551799,-0.941978631072615,-0.942032057072652,-0.942087001618084,-0.942143551815162,-0.942201793642865,-0.942261811822555,-0.942323689690922,-0.942387509076265,-0.942453350178105,-0.942521291450212,-0.942591409487203,-0.942663778914882,-0.942738472284371,-0.942815559970052,-0.942895110071378,-0.942977188318592,-0.943061857982471,-0.943149179788109,-0.943239211832743,-0.943332009507766,-0.943427625424926,-0.943526109346762,-0.943627508121323,-0.943731865621097,-0.943839222686246,-0.943949617072117,-0.944063083401011,-0.944179653118184,-0.944299354452004,-0.944422212378264,-0.944548248588762,-0.94467748146413,-0.944809926050826,-0.944945594042314,-0.945084493764366,-0.9452266301645,-0.945372004805511,-0.945520615863073,-0.94567245812724,-0.945827523007831,-0.945985798543689,-0.946147269415716,-0.946311916963741,-0.946479719207163,-0.946650650869263,-0.946824683404996,-0.9470017850322,-0.947181920766198,-0.947365052457696,-0.947551138834007,-0.947740135543503,-0.947931995203108,-0.948126667448751,-0.948324098988759,-0.948524233660163,-0.948727012487805,-0.948932373746117,-0.949140253023575,-0.94935058328962,-0.949563294964008,-0.949778315988452,-0.94999557190042,-0.95021498590903,-0.950436478972999,-0.950659969880504,-0.950885375330811,-0.951112610017579,-0.951341586713779,-0.951572216358111,-0.951804408142816,-0.952038069602869,-0.952273106706372,-0.952509423945962,-0.952746924431159,-0.952985509981636,-0.95322508122124,-0.953465537672654,-0.953706777852563,-0.953948699367255,-0.954191199008566,-0.954434172849983,-0.95467751634284,-0.954921124412588,-0.955164891554967,-0.955408711931969,-0.955652479467505,-0.955896087942793,-0.95613943109145,-0.956382402694156,-0.956624896672739,-0.956866807183549,-0.957108028710022,-0.9573484561543,-0.957587984927946,-0.957826511041672,-0.958063931194042,-0.958300142859043,-0.958535044372352,-0.958768535016271,-0.959000515103352,-0.959230886058599,-0.959459550500028,-0.959686412317621,-0.959911376750703,-0.960134350463624,-0.960355241619628,-0.960573959952866,-0.960790416838394,-0.961004525360171,-0.961216200377042,-0.961425358586723,-0.961631918587705,-0.96183580093913,-0.962036928218562,-0.962235225077557,-0.962430618295003,-0.962623036828282,-0.962812411862241,-0.962998676855912,-0.963181767586871,-0.963361622193303,-0.963538181213753,-0.963711387624528,-0.963881186874719,-0.96404752691886,-0.964210358247073,-0.96436963391273,-0.964525309557665,-0.964677343435038,-0.964825696429804,-0.964970332076741,-0.9651112165761,-0.965248318806802,-0.965381610337209,-0.965511065433419,-0.965636661065158,-0.965758376909306,-0.965876195351051,-0.965990101482755,-0.96610008310045,-0.966206130698053,-0.9663082374592,-0.966406399246739,-0.966500614589966,-0.966590884669678,-0.966677213301014,-0.966759606914138,-0.966838074532847,-0.966912627751043,-0.966983280707137,-0.967050050056427,-0.967112954941602,-0.96717201696148,-0.967227260137926,-0.967278710880921,-0.967326397951809,-0.967370352424856,-0.967410607647155,-0.967447199196932,-0.967480164840361,-0.967509544486883,-0.967535380143117,-0.967557715865389,-0.967576597710835,-0.967592073687175,-0.9676041937012,-0.967613009506044,-0.967618574647288,-0.967620944407947,-0.967620175752302,-0.967616327268682,-0.96760945911136,-0.967599632941595,-0.967586911867839,-0.967571360385122,-0.967553044313626,-0.967532030736565,-0.967508387937427,-0.967482185336638,-0.967453493427783,-0.967422383713475,-0.967388928640966,-0.967353201537504,-0.967315276545432,-0.967275228557044,-0.967233133149315,-0.967189066518564,-0.96714310541511,-0.96709532707794,-0.967045809169442,-0.966994629710264,-0.966941867014392,-0.96688759962451,-0.966831906247718,-0.966774865691631,-0.966716556800819,-0.966657058393656,-0.966596449199661,-0.966534807797415,-0.966472212553126,-0.966408741559876,-0.96634447257759,-0.966279482973737,-0.966213849664756,-0.966147649058298,-0.966080956996281,-0.966013848698827,-0.965946398709066,-0.965878680838902,-0.965810768115734,-0.965742732730217,-0.965674645985071,-0.965606578245032,-0.965538598888011,-0.965470776257451,-0.965403177615918,-0.965335869099888,-0.965268915675772,-0.965202381097193,-0.965136327863618,-0.965070817180399,-0.965005908920238,-0.964941661586058,-0.964878132275326,-0.964815376645915,-0.964753448883442,-0.964692401670129,-0.964632286155256,-0.964573151927132,-0.964515046986532,-0.96445801772165,-0.964402108884631,-0.964347363569661,-0.964293823192576,-0.964241527472004,-0.964190514412043,-0.964140820286521,-0.964092479624803,-0.964045525199179,-0.963999988013846,-0.963955897295494,-0.963913280485491,-0.96387216323368,-0.963832569393758,-0.963794521020219,-0.963758038366846,-0.963723139886686,-0.963689842233521,-0.963658160264847,-0.963628107046301,-0.963599693857477,-0.963572930199178,-0.963547823802141,-0.963524380637237,-0.963502604927148,-0.963482499159495,-0.963464064101514,-0.963447298816142,-0.963432200679462,-0.963418765399483,-0.963406987036275,-0.963396858023446,-0.963388369190848,-0.963381509788489,-0.963376267511693,-0.963372628527452,-0.963370577501969,-0.963370097629359,-0.963371170661416,-0.963373776938439,-0.96337789542113,-0.963383503723421,-0.963390578146234,-0.963399093712204,-0.963409024201419,-0.96342034218809,-0.963433019078083,-0.963447025147315,-0.963462329581009,-0.963478900513771,-0.963496705070414,-0.963515709407504,-0.963535878755654,-0.96355717746248,-0.963579569036202,-0.963603016189751,-0.963627480885279,-0.963652924379158,-0.963679307267413,-0.963706589531584,-0.963734730584935,-0.963763689318962,-0.963793424150241,-0.963823893067623,-0.963855053679629,-0.963886863261989,-0.963919278805276,-0.963952257062617,-0.963985754597417,-0.964019727831069,-0.964054133090645,-0.964088926656488,-0.964124064809734,-0.964159503879712,-0.96419520029113,-0.964231110611094,-0.964267191595898,-0.964303400237486,-0.964339693809577,-0.964376029913324,-0.964412366522484,-0.9644486620281,-0.964484875282725,-0.964520965644134,-0.964556893018448,-0.964592617902591,-0.96462810142611,-0.964663305392362,-0.964698192319007,-0.96473272547776,-0.964766868933332,-0.964800587581618,-0.964833847187077,-0.964866614419237,-0.964898856888241,-0.964930543179451,-0.964961642887118,-0.964992126647131,-0.965021966168817,-0.965051134265645,-0.96507960488481,-0.965107353135676,-0.965134355317092,-0.965160588943611,-0.965186032770576,-0.965210666818084,-0.96523447239374,-0.965257432114147,-0.965279529925091,-0.965300751120407,-0.965321082359459,-0.965340511683317,-0.965359028529507,-0.96537662374534,-0.96539328959981,-0.965409019794042,-0.965423809470295,-0.96543765521954,-0.965450555087597,-0.965462508579818,-0.965473516664298,-0.965483581773613,-0.965492707805077,-0.965500900119447,-0.965508165538209,-0.965514512339463,-0.965519950252343,-0.965524490449892,-0.965528145540462,-0.965530929557787,-0.96553285794966,-0.965533947565179,-0.965534216640668,-0.965533684784316,-0.965532372959375,-0.96553030346591,-0.965527499921206,-0.965523987238844,-0.9655197916064,-0.965514940461812,-0.965509462468449,-0.96550338748888,-0.965496746557385,-0.965489571851284,-0.965481896661092,-0.965473755359537,-0.965465183369456,-0.965456217130534,-0.965446894064867,-0.965437252541485,-0.965427331839943,-0.965417172112939,-0.965406814347973,-0.965396300328131,-0.965385672592053,-0.965374974393074,-0.965364249657624,-0.965353542942989,-0.965342899394445,-0.965332364701828,-0.965321985055535,-0.965311807101922,-0.965301877898193,-0.965292244867004,-0.965282955750745,-0.965274058565528,-0.965265601554838,-0.965257633142952,-0.965250201888135,-0.965243356435759,-0.965237145471355,-0.965231617673639,-0.965226821667603,-0.965222805977729,-0.965219618981386,-0.965217308862499,-0.965215923565543,-0.965215510749877,-0.965216117744516,-0.965217791503417,-0.965220578561321,-0.965224524990131,-0.965229676355953,-0.965236077676816,-0.965243773381095,-0.965252807266711,-0.965263222461161,-0.965275061382395,-0.965288365700579,-0.965303176300914,-0.965319533247474,-0.965337475748034,-0.965357042119986,-0.965378269757457,-0.965401195099592,-0.96542585360003,-0.965452279697651,-0.965480506788641,-0.96551056719994,-0.965542492164039,-0.965576311795106,-0.965612055066601,-0.965649749790348,-0.965689422597014,-0.965731098918039,-0.965774802969105,-0.965820557735165,-0.96586838495714,-0.965918305120296,-0.965970337444294,-0.966024499874967,-0.966080809077772,-0.966139280432863,-0.966199928031823,-0.966262764676179,-0.966327801877636,-0.966395049859847,-0.966464517561801,-0.966536212642948,-0.966610141490007,-0.966686309225481,-0.966764719717786,-0.96684537559298,-0.966928278248174,-0.967013427866514,-0.967100823433718,-0.96719046275612,-0.967282342480137,-0.967376458113218,-0.967472804046326,-0.967571373577851,-0.967672158938848,-0.967775151319558,-0.967880340897166,-0.967987716864855,-0.968097267462136,-0.96820898000639,-0.968322840925574,-0.968438835792018,-0.968556949357234,-0.968677165587598,-0.968799467700891,-0.968923838203756,-0.969050258930016,-0.969178711079776,-0.969309175259263,-0.969441631521308,-0.969576059406388,-0.969712437984145,-0.969850745895317,-0.96999096139404,-0.970133062390481,-0.970277026493707,-0.970422831054792,-0.970570453210134,-0.970719869924947,-0.970871058036921,-0.971023994299912,-0.971178655427577,-0.971335018136912,-0.97149305919173,-0.971652755446028,-0.971814083887171,-0.97197702167878,-0.972141546203321,-0.972307635104372,-0.972475266328536,-0.972644418166951,-0.972815069296313,-0.972987198819362,-0.973160786304773,-0.973335811826408,-0.973512256001865,-0.97369010003032,-0.973869325729671,-0.974049915572982,-0.974231852724227,-0.974415121073178,-0.974599705269446,-0.974785590755652,-0.974972763799596,-0.975161211525355,-0.975350921943258,-0.975541883978686,-0.975734087499717,-0.97592752334359,-0.976122183341934,-0.976318060344686,-0.976515148242744,-0.976713441989382,-0.976912937620389,-0.977113632272873,-0.977315524202722,-0.977518612800777,-0.977722898607667,-0.9779283833272,-0.978135069838278,-0.978342962205294,-0.978552065687004,-0.978762386743968,-0.978973933044554,-0.97918671346947,-0.979400738114737,-0.979616018293078,-0.979832566533735,-0.980050396580785,-0.980269523390028,-0.980489963124529,-0.980711733148811,-0.980934852021652,-0.981159339487405,-0.981385216465863,-0.981612505040703,-0.981841228446443,-0.982071411054004,-0.982303078354889,-0.982536256943919,-0.982770974500577,-0.983007259768978,-0.983245142536526,-0.983484653611271,-0.983725824797968,-0.983968688872798,-0.984213279556869,-0.984459631488529,-0.984707780194499,-0.98495776205988,-0.985209614297074,-0.985463374913688,-0.985719082679418,-0.985976777092008,-0.986236498342216,-0.986498287277854,-0.986762185366911,-0.987028234659775,-0.987296477750584,-0.987566957737782,-0.987839718183967,-0.98811480307509,-0.988392256779001,-0.988672124003363,-0.988954449752891,-0.989239279285921,-0.989526658070412,-0.989816631739505,-0.990109246046691,-0.990404546820675,-0.99070257991991,-0.991003391186829,-0.991307026401814,-0.991613531237004,-0.991922951210081,-0.992235331638047,-0.992550717590991,-0.992869153845795,-0.993190684839807,-0.993515354624516,-0.993843206819388,-0.994174284565902,-0.99450863048184,-0.994846286615818,-0.995187294402045,-0.995531694615385,-0.995879527326781,-0.996230831859184,-0.996585646744007,-0.996944009678068,-0.997305957481089,-0.997671526053786,-0.998040750336618,-0.998413664269253,-0.998790300750726,-0.999170691600409,-0.999554867519827,-0.999942858055331,-1.00033469156164,-1.00073039516628,-1.00112999473507,-1.00153351483863,-1.00194097872008,-1.00235240826378,-1.00276782396509,-1.00318724490118,-1.00361068870314,-1.00403817152927,-1.00446970803961,-1.00490531137153,-1.00534499311659,-1.00578876329851,-1.00623663035244,-1.00668860110558,-1.00714468075908,-1.00760487287133,-1.00806917934252,-1.00853760040077,-1.00901013458951,-1.00948677875638,-1.00996752804361,-1.01045237587975,-1.01094131397287,-1.01143433230511,-1.01193141912865,-1.01243256096296,-1.01293774259368,-1.01344694707274,-1.01396015572017,-1.01447734812696,-1.01499850215951,-1.01552359396531,-1.01605259798029,-1.01658548693743,-1.0171222318768,-1.01766280215683,-1.01820716546681,-1.01875528784085,-1.01930713367313,-1.01986266573454,-1.02042184519048,-1.02098463162015,-1.02155098303693,-1.0221208559099,-1.02269420518651,-1.0232709843165,-1.023851145277,-1.02443463859882,-1.02502141339392,-1.02561141738399,-1.02620459693007,-1.026800897063,-1.02740026151484,-1.02800263275107,-1.02860795200369,-1.02921615930522,-1.02982719352354,-1.03044099239767,-1.03105749257444,-1.03167662964606,-1.0322983381884,-1.0329225518001,-1.03354920314221,-1.03417822397861,-1.0348095452169,-1.03544309694978,-1.03607880849679,-1.03671660844652,-1.03735642469918,-1.03799818450951,-1.03864181453011,-1.039287240855,-1.03993438906351,-1.04058318426431,-1.04123355113958,-1.04188541398934,-1.04253869677584,-1.04319332316795,-1.04384921658555,-1.044506300244,-1.04516449719855,-1.04582373038867,-1.04648392268226,-1.04714499691994,-1.04780687595914,-1.04846948271809,-1.04913274021956,-1.04979657163418,-1.05046090032346,-1.05112564988242,-1.05179074418161,-1.05245610740882,-1.05312166411029,-1.05378733923145,-1.05445305815714,-1.05511874675123,-1.05578433139576,-1.05644973902957,-1.05711489718623,-1.05777973403131,-1.0584441783989,-1.05910815982754,-1.05977160859543,-1.06043445575485,-1.06109663316587,-1.06175807352904,-1.06241871041736,-1.06307847830739,-1.06373731260944,-1.0643951496971,-1.0650519269358,-1.06570758271067,-1.06636205645333,-1.06701528866792,-1.06766722095611,-1.06831779604128,-1.0689669577917,-1.06961465124272,-1.07026082261808,-1.07090541935026,-1.07154839009972,-1.07218968477318,-1.07282925454085,-1.07346705185283,-1.07410303045451,-1.07473714540112,-1.07536935307121,-1.07599961117902,-1.07662787878597,-1.07725411631105,-1.07787828554019,-1.07850034963461,-1.0791202731382,-1.07973802198395,-1.08035356349942,-1.0809668664113,-1.08157790084911,-1.08218663834801,-1.08279305185076,-1.08339711570879,-1.08399880568224,-1.08459809893916,-1.0851949740538,-1.08578941100395,-1.08638139116744,-1.08697089731766,-1.08755791361829,-1.0881424256172,-1.08872442023966,-1.08930388578086,-1.08988081189779,-1.09045518960045,-1.09102701124244,-1.09159627051091,-1.09216296241591,-1.0927270832791,-1.09328863072191,-1.09384760365305,-1.09440400225553,-1.09495782797315,-1.09550908349669,-1.09605777274955,-1.09660390087294,-1.09714747421066,-1.09768850029355,-1.09822698782366,-1.09876294665811,-1.09929638779261,-1.09982732334462,-1.10035576653632,-1.10088173167733,-1.10140523414742,-1.10192629037889,-1.10244491783886,-1.10296113501132,-1.10347496137905,-1.10398641740536,-1.10449552451566,-1.10500230507889,-1.10550678238891,-1.10600898064588,-1.10650892493746,-1.10700664122004,-1.10750215629999,-1.10799549781487,-1.10848669421487,-1.10897577474429,-1.10946276942308,-1.10994770902841,-1.1104306250763,-1.11091154980339,-1.1113905161488,-1.11186755773603,-1.11234270885497,-1.11281600444414,-1.11328748007314,-1.11375717192515,-1.1142251167795,-1.11469135199441,-1.11515591548981,-1.11561884573039,-1.11608018170877,-1.11653996292884,-1.11699822938923,-1.11745502156689,-1.11791038040075,-1.11836434727544,-1.11881696400512,-1.11926827281757,-1.11971831633837,-1.12016713757535,-1.12061477990301,-1.12106128704722,-1.12150670306994,-1.12195107235432,-1.12239443958978,-1.1228368497571,-1.12327834811338,-1.12371898017695,-1.1241587917124,-1.12459782871567,-1.12503613739909,-1.12547376417664,-1.12591075564922,-1.12634715859002,-1.12678301993006,-1.12721838674384,-1.12765330623502,-1.12808782572217,-1.12852199262445,-1.12895585444724,-1.1293894587678,-1.12982285322085,-1.1302560854842,-1.1306892032643,-1.13112225428199,-1.13155528625801,-1.13198834689851,-1.13242148388044,-1.13285474483684,-1.13328817734216,-1.13372182889742,-1.1341557469153,-1.134589978705,-1.1350245714572,-1.13545957222879,-1.13589502792752,-1.13633098529663,-1.13676749089935,-1.13720459110335,-1.13764233206508,-1.13808075971401,-1.13851991973667,-1.13895985756049,-1.13940061833771,-1.13984224692899,-1.14028478788705,-1.14072828544026,-1.14117278347606,-1.1416183255244,-1.14206495474117,-1.14251271389147,-1.14296164533302,-1.14341179099927,-1.14386319238271,-1.14431589051799,-1.14476992596497,-1.14522533879166,-1.14568216855716,-1.14614045429435,-1.14660023449255,-1.14706154707986,-1.14752442940565,-1.14798891822305,-1.14845504967146,-1.14892285925904,-1.14939238184526,-1.14986365162353,-1.15033670210371,-1.15081156609492,-1.15128827568835,-1.1517668622402,-1.15224735635486,-1.15272978786813,-1.15321418583051,-1.15370057849043,-1.15418899327761,-1.15467945678641,-1.15517199475938,-1.15566663207092,-1.15616339271096,-1.15666229976894,-1.15716337541785,-1.15766664089857,-1.15817211650439,-1.15867982156579,-1.1591897744356,-1.15970199247429,-1.16021649203571,-1.16073328845316,-1.16125239602595,-1.16177382800624,-1.16229759658646,-1.16282371288697,-1.16335218694433,-1.16388302769986,-1.16441624298885,-1.16495183953012,-1.16548982291616,-1.16603019760386,-1.16657296690564,-1.16711813298124,-1.16766569682998,-1.1682156582837,-1.16876801600055,-1.16932276745945,-1.16987990895538,-1.17043943559527,-1.17100134129456,-1.17156561877448,-1.17213225956014,-1.17270125397954,-1.17327259116341,-1.17384625904578,-1.17442224436537,-1.17500053266784,-1.17558110830905,-1.17616395445941,-1.1767490531092,-1.17733638507457,-1.17792593000465,-1.17851766638939,-1.17911157156841,-1.17970762174052,-1.1803057919743,-1.18090605621959,-1.18150838731995,-1.18211275702616,-1.18271913601054,-1.18332749388245,-1.18393779920466,-1.18455001951103,-1.18516412132503,-1.18578007017936,-1.18639783063651,-1.18701736631014,-1.1876386398875,-1.18826161315276,-1.18888624701144,-1.18951250151586,-1.19014033589145,-1.19076970856387,-1.19140057718696,-1.19203289867171,-1.19266662921597,-1.1933017243354,-1.19393813889525,-1.19457582714301,-1.19521474274188,-1.19585483880513,-1.19649606793114,-1.1971383822394,-1.19778173340716,-1.19842607270717,-1.19907135104599,-1.19971751900312,-1.20036452687078,-1.20101232469463,-1.20166086231506,-1.20231008940923,-1.20295995553356,-1.20361041016686,-1.20426140275403,-1.20491288275015,-1.20556479966508,-1.20621710310851,-1.20686974283537,-1.20752266879182,-1.20817583116137,-1.20882918041137,-1.20948266733963,-1.21013624312121,-1.21078985935533,-1.21144346811231,-1.21209702198066,-1.21275047411418,-1.21340377827905,-1.21405688890086,-1.21470976111148,-1.21536235079581,-1.21601461463841,-1.21666651016971,-1.2173179958119,-1.21796903092434,-1.21861957584851,-1.21926959195234,-1.21991904167402,-1.220567888565,-1.22121609733254,-1.22186363388141,-1.22251046535482,-1.22315656017453,-1.22380188808007,-1.22444642016716,-1.22509012892512,-1.22573298827324,-1.226374973596,-1.22701606177711,-1.22765623123242,-1.22829546194164,-1.22893373547862,-1.22957103504023,-1.23020734547376,-1.23084265330273,-1.23147694675116,-1.23211021576619,-1.23274245203904,-1.23337364902423,-1.23400380195702,-1.23463290786913,-1.23526096560262,-1.23588797582201,-1.23651394102452,-1.23713886554844,-1.23776275557946,-1.238385619155,-1.23900746616647,-1.23962830835951,-1.24024815933212,-1.24086703453058,-1.24148495124317,-1.24210192859161,-1.24271798752042,-1.24333315078387,-1.24394744293064,-1.24456089028604,-1.24517352093186,-1.24578536468385,-1.24639645306674,-1.247006819287,-1.24761649820305,-1.24822552629298,-1.24883394161978,-1.24944178379433,-1.25004909393587,-1.2506559146303,-1.25126228988583,-1.25186826508617,-1.25247388694127,-1.25307920343591,-1.25368426377592,-1.25428911833216,-1.25489381858224,-1.25549841704975,-1.25610296724146,-1.25670752358245,-1.25731214134909,-1.25791687659993,-1.2585217861045,-1.25912692727004,-1.25973235806633,-1.26033813694828,-1.2609443227767,-1.26155097473717,-1.26215815225708,-1.2627659149211,-1.26337432238513,-1.26398343428873,-1.26459331016623,-1.2652040093565,-1.26581559091146,-1.26642811350345,-1.26704163533163,-1.2676562140274,-1.26827190655888,-1.26888876913458,-1.26950685710625,-1.27012622487134,-1.27074692577491,-1.27136901201132,-1.27199253452572,-1.27261754291538,-1.27324408533118,-1.27387220837931,-1.27450195702322,-1.27513337448612,-1.27576650215401,-1.27640137947924,-1.277038043885,-1.27767653067072,-1.27831687291869,-1.27895910140189,-1.2796032444932,-1.280249328076,-1.28089737545647,-1.28154740727767,-1.28219944143563,-1.2828534929974,-1.28350957412123,-1.28416769397918,-1.28482785868218,-1.28549007120771,-1.28615433133035,-1.28682063555508,-1.28748897705368,-1.28815934560422,-1.28883172753377,-1.28950610566454,-1.29018245926351,-1.29086076399575,-1.29154099188136,-1.29222311125618,-1.29290708673639,-1.29359287918708,-1.29428044569497,-1.29496973954571,-1.29566071020556,-1.29635330330771,-1.29704746064332,-1.29774312015724,-1.29844021594845,-1.29913867827534,-1.299838433566,-1.30053940443334,-1.30124150969525,-1.30194466439974,-1.30264877985516,-1.30335376366541,-1.30405951977033,-1.304765948491,-1.30547294658024,-1.30618040727818,-1.30688822037302,-1.30759627226699,-1.30830444604728,-1.30901262156214,-1.30972067550197,-1.31042848148534,-1.31113591015007,-1.31184282924926,-1.31254910375218,-1.31325459594971,-1.31395916556467,-1.31466266986666,-1.31536496379138,-1.31606590006407,-1.3167653293273,-1.31746310027269,-1.31815905977681,-1.31885305304096,-1.31954492373467,-1.3202345141428,-1.32092166531596,-1.32160621722403,-1.32228800891293,-1.32296687866416,-1.32364266415729,-1.32431520263497,-1.32498433107043,-1.32564988633697,-1.32631170537938,-1.32696962538695,-1.3276234839678,-1.3282731193246,-1.32891837043129,-1.32955907721072,-1.33019508071283,-1.33082622329308,-1.33145234879091,-1.33207330270793,-1.33268893238561,-1.33329908718199,-1.33390361864734,-1.33450238069838,-1.33509522979095,-1.33568202509062,-1.33626262864131,-1.33683690553158,-1.33740472405815,-1.33796595588654,-1.33852047620841,-1.33906816389539,-1.33960890164943,-1.34014257614889,-1.34066907819043,-1.34118830282613,-1.34170014949598,-1.34220452215521,-1.34270132939636,-1.34319048456604,-1.3436719058757,-1.34414551650657,-1.34461124470837,-1.34506902389178,-1.34551879271439,-1.34596049516012,-1.34639408061165,-1.34681950391589,-1.34723672544218,-1.34764571113314,-1.34804643254789,-1.34843886689767,-1.34882299707367,-1.34919881166681,-1.34956630497945,-1.34992547702882,-1.35027633354227,-1.35061888594416,-1.35095315133479,-1.35127915246093,-1.3515969176781,-1.3519064809046,-1.35220788156738,-1.35250116453968,-1.35278638007083,-1.35306358370789,-1.35333283620938,-1.35359420345101,-1.35384775632378,-1.35409357062453,-1.35433172693909,-1.35456231051821,-1.35478541114638,-1.35500112300387,-1.35520954452233,-1.35541077823391,-1.35560493061441,-1.35579211192059,-1.35597243602169,-1.35614602022585,-1.3563129851014,-1.35647345429358,-1.35662755433691,-1.35677541446355,-1.35691716640797,-1.35705294420833,-1.35718288400504,-1.35730712383685,-1.35742580343479,-1.35753906401443,-1.35764704806697,-1.35774989914962,-1.35784776167562,-1.35794078070429,-1.35802910173147,-1.35811287048098,-1.35819223269721,-1.35826733393959,-1.35833831937931,-1.35840533359876,-1.35846852039408,-1.35852802258125,-1.35858398180625,-1.35863653835969,-1.35868583099631,-1.35873199675969,-1.35877517081254,-1.35881548627317,-1.35885307405831,-1.35888806273262,-1.35892057836532,-1.35895074439411,-1.35897868149702,-1.35900450747234,-1.3590283371271,-1.35905028217431,-1.35907045113924,-1.35908894927488,-1.35910587848678,-1.35912133726762,-1.3591354206413,-1.35914822011678,-1.35915982365164,-1.35917031562559,-1.35917977682373,-1.35918828442963,-1.35919591202811,-1.35920272961768,-1.35920880363255,-1.35921419697394,-1.35921896905043,-1.35922317582716,-1.35922686988369,-1.35923010048014,-1.35923291363135,-1.3592353521885,-1.3592374559279,-1.35923926164641,-1.35924080326305,-1.35924211192638,-1.35924321612684,-1.35924414181366,-1.35924491251551,-1.35924554946456,-1.35924607172313,-1.35924649631241,-1.3592468383423,-1.35924711114189,-1.35924732638969,-1.35924749424302,-1.35924762346593,-1.35924772155458,-1.35924779485974,-1.35924784870534,-1.35924788750274,-1.35924791485987,-1.35924793368489,-1.35924794628351,-1.35924795444994,-1.3592479595506,-1.3592479626005
0.278255823714829,0.277412996172052,0.276556999694758,0.275688045424416,0.274806353538394,0.27391215308515,0.273005681810439,0.272087185974757,0.271156920162252,0.270215147081319,0.269262137357141,0.268298169316425,0.267323528764603,0.266338508755807,0.265343409355894,0.264338537398801,0.263324206236559,0.26230073548326,0.261268450753318,0.260227683394306,0.259178770214728,0.258122053207042,0.257057879266312,0.255986599904787,0.254908570962794,0.253824152316274,0.252733707581368,0.251637603816385,0.250536211221514,0.249429902836624,0.248319054237532,0.247204043231076,0.246085249549346,0.244963054543437,0.243837840877082,0.242709992220528,0.241579892944968,0.240447927817894,0.239314481699711,0.238179939241948,0.237044684587362,0.235909101072272,0.234773570931448,0.233638475005865,0.232504192453632,0.231371100464386,0.230239573977418,0.229109985403857,0.227982704353197,0.226858097364428,0.225736527642007,0.224618354796931,0.223503934593144,0.222393618699507,0.221287754447545,0.2201866845952,0.219090747096785,0.218000274879332,0.216915595625498,0.215837031563204,0.214764899262158,0.213699509437406,0.212641166760067,0.211590169675354,0.210546810228005,0.209511373895232,0.208484139427269,0.2074653786956,0.206455356548948,0.205454330677066,0.204462551482411,0.203480261959718,0.202507697583498,0.201545086203478,0.200592647948013,0.199650595135457,0.19871913219348,0.197798455586299,0.196888753749788,0.195990207034415,0.195102987655962,0.194227259653933,0.193363178857625,0.192510892859741,0.191670540997475,0.190842254340959,0.190026155688975,0.189222359571809,0.188430972261134,0.187652091786818,0.186885807960519,0.186132202405935,0.185391348595568,0.184663311893802,0.183948149606182,0.183245911034699,0.182556637538948,0.181880362602965,0.181217111907583,0.18056690340814,0.179929747417345,0.179305646693112,0.178694596531159,0.178096584862221,0.177511592353673,0.176939592515369,0.176380551809509,0.175834429764318,0.175301179091369,0.17478074580634,0.174273069353023,0.173778082730385,0.173295712622482,0.172825879531039,0.172368497910517,0.171923476305472,0.171490717490031,0.171070118609282,0.170661571322378,0.17026496194718,0.169880171606242,0.169507076373971,0.169145547424783,0.168795451182068,0.168456649467821,0.168128999652754,0.167812354806751,0.167506563849489,0.167211471701096,0.166926919432682,0.166652744416604,0.166388780476312,0.166134858035682,0.165890804267668,0.165656443242181,0.165431596073033,0.165216081063845,0.165009713852811,0.1648123075562,0.16462367291053,0.164443618413287,0.1642719504621,0.164108473492295,0.163952990112769,0.163805301240074,0.163665206230669,0.163532503011267,0.163406988207221,0.1632884572689,0.163176704595994,0.163071523659721,0.162972707122874,0.162880046957689,0.162793334561496,0.162712360870118,0.162636916469018,0.162566791702179,0.162501776778687,0.162441661877026,0.162386237247075,0.16233529330981,0.162288620754719,0.162246010634923,0.162207254460019,0.162172144286634,0.162140472806742,0.162112033433744,0.162086620386352,0.162064028770293,0.162044054657849,0.16202649516527,0.162011148528109,0.161997814174511,0.161986292796483,0.161976386419195,0.161967898468341,0.161960633835606,0.161954398942284,0.161949001801102,0.161944252076261,0.161939961141779,0.161935942138139,0.161932010027327,0.161927981646281,0.161923675758821,0.161918913106111,0.161913516455674,0.161907310649039,0.161900122648047,0.161891781579866,0.161882118780783,0.161870967838799,0.161858164635095,0.161843547384394,0.161826956674276,0.161808235503477,0.161787229319208,0.16176378605354,0.161737756158902,0.161708992642722,0.161677351101247,0.161642689752584,0.161604869468983,0.161563753808388,0.161519209045298,0.161471104200959,0.161419311072921,0.16136370426398,0.161304161210509,0.161240562210197,0.161172790449218,0.161100732028848,0.161024275991526,0.160943314346399,0.16085774209435,0.160767457252521,0.160672360878342,0.160572357093058,0.160467353104742,0.160357259230817,0.160241988920056,0.16012145877408,0.159995588568319,0.159864301272454,0.159727523070328,0.15958518337932,0.159437214869145,0.159283553480082,0.159124138440602,0.158958912284372,0.158787820866629,0.158610813379907,0.158427842369078,0.15823886374567,0.158043836801442,0.157842724221194,0.157635492094792,0.15742210992838,0.15720255065473,0.156976790642695,0.156744809705767,0.156506591109692,0.156262121579108,0.156011391303175,0.155754393940166,0.155491126620982,0.155221589951541,0.154945788013991,0.154663728366738,0.15437542204325,0.154080883549615,0.15378013086083,0.153473185415764,0.153160072110777,0.152840819291956,0.152515458745929,0.152184025689225,0.151846558756144,0.151503099985101,0.151153694803414,0.1507983920105,0.150437243759465,0.150070305537069,0.14969763614202,0.149319297661588,0.148935355446522,0.148545878084232,0.148150937370217,0.147750608277707,0.147344968925505,0.146934100544022,0.146518087439491,0.146097016956351,0.145670979437799,0.14524006818449,0.144804379411384,0.14436401220272,0.143919068465125,0.14346965287886,0.143015872847221,0.142557838444073,0.142095662359547,0.141629459843894,0.141159348649487,0.140685448971018,0.140207883383868,0.139726776780713,0.139242256306369,0.138754451290892,0.138263493180967,0.137769515469609,0.1372726536242,0.136773045012872,0.136270828829287,0.13576614601585,0.135259139185414,0.134749952541481,0.134238731796957,0.133725624091491,0.133210777907464,0.132694342984671,0.132176470233746,0.131657311648384,0.131137020216418,0.13061574982982,0.130093655193651,0.129570891734048,0.129047615505298,0.128523983096058,0.12800015153481,0.127476278194594,0.126952520697107,0.12642903681622,0.125905984381014,0.12538352117839,0.124861804855331,0.124340992820902,0.123821242148048,0.123302709475272,0.122785550908277,0.122269921921659,0.121755977260748,0.121243870843656,0.120733755663631,0.120225783691798,0.119720105780368,0.119216871566391,0.118716229376135,0.118218326130179,0.117723307249296,0.117231316561205,0.116742496208275,0.116256986556275,0.11577492610426,0.115296451395684,0.114821696930808,0.114350795080484,0.113883876001381,0.113421067552771,0.112962495214916,0.112508282009167,0.112058548419841,0.111613412317959,0.111172988886925,0.110737390550218,0.110306726901155,0.109881104634793,0.109460627482032,0.109045396146001,0.108635508240769,0.108231058232462,0.107832137382849,0.107438833695439,0.107051231864129,0.106669413224456,0.106293455707522,0.105923433796621,0.105559418486639,0.105201477246255,0.104849673983,0.104504069011183,0.104164719022714,0.103831677060864,0.103504992496967,0.103184711010113,0.102870874569839,0.102563521421836,0.102262686076697,0.101968399301713,0.101680688115711,0.10139957578696,0.101125081834117,0.100857222030245,0.100596008409872,0.100341449279099,0.10009354922874,0.0998523091504657,0.099617726255961,0.0993897940990513,0.0991685026007942,0.0989538380774899,0.0987457832715829,0.0985443173854175,0.098349416117816,0.0981610517034423,0.097979192954911,0.0978038053075927,0.0976348508670603,0.0974722884591306,0.0973160736824431,0.0971661589635151,0.0970224936142064,0.0968850238915327,0.0967536930597638,0.0966284414547411,0.0965092065503461,0.0963959230270462,0.0962885228424497,0.096186935303797,0.0960910871423069,0.0960009025892918,0.0959163034539577,0.0958372092027972,0.0957635370404941,0.0956952019922605,0.0956321169875164,0.0955741929448184,0.0955213388579467,0.0954734618830622,0.095430467426842,0.095392259235501,0.0953587394846039,0.0953298088695779,0.0953053666968351,0.0952853109754085,0.0952695385090117,0.0952579449884235,0.0952504250840992,0.09524687253892,0.0952471802609777,0.0952512404163023,0.0952589445214369,0.0952701835357682,0.0952848479535206,0.0953028278953193,0.0953240131992351,0.0953482935112279,0.0953755583748981,0.0954056973204585,0.0954385999528421,0.0954741560388634,0.0955122555933525,0.0955527889641827,0.0955956469161184,0.0956407207134047,0.0956879022010208,0.0957370838845266,0.0957881590084284,0.0958410216329991,0.0958955667094882,0.0959516901536546,0.0960092889175643,0.096068261059596,0.096128505812597,0.0961899236501389,0.0962524163508204,0.0963158870605656,0.0963802403528812,0.0964453822870348,0.0965112204641078,0.0965776640808859,0.0966446239815599,0.0967120127072078,0.0967797445430225,0.0968477355632573,0.0969159036738654,0.0969841686528109,0.0970524521880424,0.0971206779131145,0.0971887714404411,0.0972566603921737,0.0973242744287063,0.0973915452748066,0.0974584067433752,0.0975247947568337,0.0975906473661498,0.0976559047675052,0.0977205093166194,0.0977844055407416,0.0978475401483213,0.0979098620363789,0.0979713222955992,0.0980318742131637,0.0980914732733479,0.0981500771559122,0.0982076457323234,0.0982641410598415,0.0983195273735097,0.0983737710760755,0.0984268407258765,0.0984787070227266,0.0985293427918486,0.0985787229659084,0.0986268245651996,0.0986736266760249,0.0987191104273213,0.0987632589655789,0.0988060574281085,0.0988474929147132,0.0988875544578067,0.0989262329910324,0.0989635213164441,0.0989994140703099,0.0990339076875904,0.0990670003651515,0.099098692023774,0.0991289842690157,0.0991578803509874,0.0991853851231042,0.0992115049998721,0.0992362479137795,0.0992596232713582,0.0992816419084711,0.0993023160448891,0.0993216592382191,0.0993396863372491,0.0993564134347704,0.0993718578199372,0.0993860379302284,0.0993989733030722,0.0994106845271859,0.0994211931936951,0.0994305218470952,0.0994386939361119,0.0994457337645147,0.0994516664419421,0.0994565178348013,0.0994603145173053,0.0994630837226886,0.0994648532946551,0.0994656516391075,0.0994655076762141,0.0994644507928671,0.0994625107955751,0.0994597178638366,0.0994561025040405,0.099451695503941,0.0994465278877432,0.0994406308718438,0.0994340358212718,0.0994267742068654,0.0994188775632197,0.0994103774474448,0.0994013053987717,0.0993916928990336,0.0993815713340443,0.0993709719559095,0.0993599258463005,0.0993484638807186,0.0993366166937734,0.0993244146454996,0.099311887788736,0.0992990658375817,0.0992859781369514,0.0992726536332466,0.0992591208461519,0.0992454078415668,0.0992315422056852,0.0992175510202319,0.0992034608388709,0.0991892976647876,0.0991750869294499,0.099160853472548,0.0991466215231169,0.0991324146818451,0.0991182559045716,0.099104167486972,0.0990901710504195,0.0990762875290082,0.099062537157739,0.0990489394618637,0.0990355132473716,0.0990222765926064,0.0990092468410048,0.0989964405949404,0.0989838737106598,0.0989715612942894,0.0989595176988974,0.0989477565225999,0.0989362906076942,0.0989251320407987,0.0989142921539759,0.0989037815268209,0.0988936099895005,0.0988837866267149,0.0988743197825545,0.0988652170662258,0.0988564853586202,0.0988481308197021,0.0988401588966877,0.0988325743329891,0.0988253811779019,0.0988185827970029,0.0988121818832262,0.0988061804685938,0.0988005799365794,0.0987953810350715,0.0987905838899062,0.0987861880189354,0.0987821923465971,0.0987785952189648,0.0987753944192533,0.098772587183744,0.0987701702181082,0.0987681397140994,0.0987664913665758,0.0987652203908254,0.0987643215401605,0.0987637891237537,0.0987636170246844,0.098763798718176,0.098764327289993,0.0987651954549639,0.0987663955756055,0.0987679196808203,0.0987697594846455,0.0987719064050287,0.0987743515825974,0.0987770858994002,0.098780099997598,0.0987833842980781,0.0987869290189662,0.0987907241940242,0.0987947596909071,0.0987990252292583,0.0988035103986131,0.0988082046760962,0.0988130974438954,0.0988181780064894,0.0988234356076054,0.0988288594468909,0.0988344386962937,0.0988401625161382,0.098846020070876,0.0988520005445018,0.0988580931556181,0.098864287172136,0.098870571925598,0.0988769368251047,0.0988833713708331,0.098889865167143,0.0988964079352683,0.0989029895255789,0.0989095999294112,0.0989162292904559,0.0989228679157015,0.0989295062859262,0.0989361350657338,0.0989427451131238,0.098949327488593,0.0989558734637657,0.0989623745295497,0.098968822403813,0.0989752090385814,0.0989815266267646,0.0989877676084027,0.0989939246764331,0.0989999907819855,0.0990059591392022,0.0990118232295895,0.0990175768059086,0.0990232138956115,0.0990287288038256,0.0990341161158905,0.0990393706994555,0.0990444877061463,0.0990494625727976,0.0990542910222597,0.0990589690637921,0.0990634929930529,0.0990678593916926,0.0990720651265531,0.0990761073484736,0.0990799834907195,0.0990836912670522,0.0990872286694447,0.0990905939654488,0.0990937856952327,0.0990968026682952,0.0990996439598646,0.0991023089069979,0.0991047971044009,0.0991071083999777,0.0991092428901158,0.0991112009147197,0.0991129830520137,0.0991145901131181,0.0991160231364136,0.0991172833817043,0.0991183723241905,0.0991192916482608,0.0991200432411168,0.0991206291862468,0.0991210517567604,0.0991213134085906,0.0991214167735755,0.0991213646524323,0.0991211600076307,0.0991208059561753,0.0991203057623163,0.0991196628301976,0.0991188806964433,0.0991179630227014,0.0991169135881597,0.0991157362820482,0.0991144350961341,0.0991130141172166,0.0991114775196359,0.0991098295578059,0.0991080745587849,0.0991062169148952,0.0991042610764043,0.0991022115442796,0.0991000728630251,0.0990978496135984,0.0990955464064136,0.0990931678744436,0.0990907186664347,0.0990882034402329,0.0990856268562349,0.0990829935709648,0.0990803082307836,0.0990775754657333,0.0990747998835267,0.0990719860636871,0.0990691385518426,0.0990662618541738,0.0990633604320207,0.0990604386966529,0.0990575010042118,0.099054551650832,0.0990515948679365,0.0990486348176988,0.0990456755886789,0.0990427211916361,0.0990397755555285,0.0990368425237038,0.0990339258502851,0.0990310291967445,0.0990281561286587,0.0990253101126569,0.0990224945135612,0.0990197125917183,0.0990169675005281,0.0990142622841706,0.0990115998755266,0.0990089830942911,0.0990064146452818,0.0990038971169416,0.0990014329800256,0.0989990245864729,0.0989966741684611,0.0989943838376426,0.0989921555845618,0.0989899912782456,0.0989878926659701,0.0989858613731999,0.0989838989036873,0.0989820066397318,0.0989801858425945,0.0989784376530742,0.0989767630922343,0.0989751630622782,0.0989736383475759,0.0989721896158349,0.098970817419409,0.0989695221967346,0.0989683042738924,0.0989671638662897,0.0989661010804616,0.098965115915985,0.0989642082674966,0.0989633779268054,0.0989626245850975,0.0989619478352376,0.0989613471741617,0.0989608220053556,0.0989603716414157,0.0989599953066914,0.0989596921400025,0.0989594611974228,0.0989593014551151,0.0989592118122139,0.0989591910937536,0.0989592380536399,0.0989593513776652,0.098959529686566,0.0989597715391221,0.0989600754352868,0.0989604398193368,0.0989608630830418,0.0989613435688525,0.0989618795730959,0.0989624693491692,0.0989631111107346,0.098963803034906,0.0989645432654273,0.0989653299158448,0.0989661610726621,0.0989670347984758,0.0989679491350814,0.0989689021065533,0.0989698917222962,0.0989709159800595,0.0989719728689101,0.0989730603721552,0.0989741764702185,0.0989753191434688,0.0989764863749965,0.098977676153327,0.0989788864750685,0.0989801153475003,0.0989813607911012,0.0989826208420101,0.0989838935544139,0.0989851770028602,0.0989864692845003,0.0989877685212593,0.0989890728619333,0.0989903804842127,0.0989916895966343,0.0989929984404581,0.0989943052914642,0.0989956084616654,0.0989969063009377,0.0989981971985692,0.0989994795847229,0.0990007519318139,0.0990020127558063,0.0990032606174273,0.0990044941232999,0.0990057119269905,0.099006912729976,0.0990080952825318,0.0990092583845394,0.0990104008862072,0.0990115216887064,0.0990126197447208,0.0990136940589152,0.0990147436883267,0.0990157677426814,0.0990167653846416,0.0990177358299798,0.0990186783476781,0.0990195922599511,0.099020476942192,0.0990213318228413,0.0990221563831766,0.0990229501570259,0.0990237127304121,0.0990244437411289,0.0990251428782541,0.0990258098816021,0.0990264445411143,0.09902704669619,0.0990276162349601,0.0990281530935059,0.0990286572550277,0.0990291287489637,0.0990295676500658,0.09902997407743,0.0990303481934813,0.0990306902029065,0.0990310003515415,0.0990312789252264,0.0990315262486218,0.0990317426839871,0.0990319286299211,0.0990320845200723,0.0990322108218224,0.09903230803494,0.0990323766902058,0.0990324173480147,0.0990324305969594,0.0990324170523963,0.0990323773549956,0.0990323121692743,0.0990322221821203,0.0990321081013184,0.0990319706540739,0.0990318105855399,0.0990316286573421,0.0990314256460989,0.0990312023419406,0.0990309595470308,0.0990306980741059,0.099030418745027,0.0990301223893402,0.099029809842844,0.0990294819461655,0.099029139543355,0.099028783480495,0.0990284146043212,0.0990280337608608,0.0990276417940899,0.0990272395446171,0.0990268278483919,0.099026407535429,0.0990259794285553,0.0990255443421875,0.0990251030811348,0.0990246564394223,0.0990242051991448,0.0990237501293584,0.0990232919850087,0.0990228315058973,0.0990223694156868,0.0990219064209431,0.0990214432102148,0.099020980453147,0.0990205187996298,0.0990200588789899,0.0990196012992338,0.0990191466463401,0.0990186954836083,0.099018248351056,0.099017805764859,0.0990173682168391,0.0990169361739984,0.0990165100781039,0.0990160903453254,0.0990156773659268,0.099015271504008,0.099014873097297,0.0990144824569965,0.0990140998676763,0.0990137255872066,0.0990133598467328,0.0990130028507002,0.0990126547769355,0.0990123157767778,0.0990119859752511,0.0990116654712769,0.0990113543379238,0.0990110526226998,0.0990107603478803,0.0990104775108721,0.0990102040846164,0.0990099400180331,0.0990096852365061,0.0990094396424086,0.0990092031156665,0.0990089755143619,0.0990087566753663,0.0990085464150003,0.0990083445297182,0.0990081507968224,0.0990079649752113,0.0990077868061597,0.099007616014128,0.0990074523075993,0.0990072953799422,0.0990071449102985,0.0990070005644949,0.0990068619959811,0.0990067288467931,0.0990066007485368,0.0990064773233906,0.0990063581851182,0.0990062429400935,0.0990061311883393,0.0990060225245761,0.0990059165392698,0.0990058128196735,0.0990057109508691,0.0990056105168172,0.0990055111014194,0.0990054122895943,0.0990053136683611,0.0990052148279232,0.0990051153627534,0.0990050148726765,0.0990049129639458,0.0990048092503099,0.0990047033540703,0.0990045949071217,0.0990044835519688,0.0990043689427187,0.0990042507460485,0.0990041286421461,0.0990040023256233,0.0990038715064006,0.0990037359105667,0.0990035952812112,0.099003449379233,0.0990032979841237,0.0990031408947205,0.0990029779299323,0.099002808929441,0.0990026337543761,0.0990024522879559,0.0990022644360978,0.099002070127994,0.0990018693166501,0.0990016619793895,0.0990014481183137,0.0990012277607122,0.0990010009594178,0.0990007677931102,0.0990005283665717,0.0990002828108907,0.0990000312836107,0.0989997739688336,0.0989995110772827,0.0989992428463228,0.0989989695399303,0.098998691448613,0.098998408889285,0.0989981222050911,0.0989978317651758,0.0989975379644001,0.0989972412230093,0.0989969419862484,0.0989966407239174,0.0989963379298655,0.0989960341214289,0.0989957298388194,0.0989954256444574,0.098995122122251,0.0989948198768259,0.0989945195327154,0.0989942217335063,0.0989939271409395,0.098993636433964,0.0989933503077543,0.098993069472684,0.0989927946532579,0.0989925265870038,0.0989922660233196,0.0989920137222722,0.0989917704533544,0.098991536994202,0.0989913141292753,0.098991102648502,0.0989909033458814,0.0989907170180555,0.0989905444628494,0.0989903864777837,0.098990243858554,0.0989901173974842,0.0989900078819637,0.0989899160928663,0.0989898428029499,0.0989897887752319,0.098989754761343,0.0989897414998633,0.0989897497146433,0.0989897801131075,0.0989898333845445,0.0989899101983825,0.0989900112024553,0.0989901370212672,0.0989902882542576,0.0989904654740716,0.0989906692248366,0.098990900020454,0.0989911583429052,0.098991444640573,0.0989917593265747,0.0989921027771114,0.0989924753298403,0.098992877282268,0.0989933088901686,0.0989937703660297,0.098994261877527,0.0989947835460334,0.0989953354451595,0.0989959175993264,0.0989965299823728,0.0989971725161925,0.0989978450694054,0.0989985474560671,0.0989992794344227,0.099000040705708,0.0990008309130022,0.0990016496401314,0.0990024964106242,0.0990033706867223,0.0990042718684488,0.0990051992927362,0.0990061522326158,0.0990071298964682,0.099008131427341,0.0990091559023401,0.0990102023320924,0.0990112696602789,0.0990123567632401,0.0990134624496614,0.0990145854603372,0.0990157244680083,0.0990168780772787,0.0990180448246211,0.0990192231784679,0.099020411539377,0.099021608240274,0.0990228115467716,0.0990240196575652,0.099025230704903,0.0990264427551298,0.0990276538093127,0.0990288618039505,0.0990300646117698,0.0990312600426045,0.0990324458443541,0.0990336197040211,0.0990347792488198,0.0990359220473644,0.0990370456109307,0.0990381473947965,0.0990392247996618,0.0990402751731451,0.0990412958113534,0.0990422839605315,0.0990432368187875,0.0990441515378915,0.0990450252251564,0.0990458549453929,0.099046637722933,0.0990473705437257,0.0990480503575001,0.0990486740799864,0.0990492385951965,0.0990497407577627,0.0990501773953321,0.0990505453110123,0.0990508412858673,0.0990510620814633,0.0990512044424664,0.0990512650992818,0.0990512407707323,0.099051128166781,0.0990509239912957,0.0990506249448424,0.0990502277275075,0.0990497290417462,0.0990491255952539,0.0990484141038536,0.09904759129439,0.0990466539076367,0.0990455987012181,0.0990444224525463,0.0990431219617625,0.0990416940546819,0.0990401355857386,0.0990384434409255,0.099036614540728,0.0990346458430448,0.0990325343460952,0.0990302770913142,0.09902787116623,0.0990253137073172,0.0990226019028219,0.0990197329955577,0.0990167042856679,0.0990135131333494,0.0990101569615368,0.0990066332585447,0.0990029395806618,0.0989990735546934,0.0989950328804452,0.0989908153331497,0.0989864187658359,0.09898184111164,0.0989770803860509,0.0989721346890819,0.0989670022073678,0.0989616812161864,0.0989561700814036,0.0989504672613462,0.0989445713085917,0.0989384808716689,0.0989321946966692,0.0989257116287643,0.0989190306136305,0.0989121506987826,0.098905071034818,0.0988977908765733,0.0988903095841924,0.0988826266240924,0.0988747415698274,0.098866654102857,0.0988583640132158,0.0988498712000826,0.0988411756722493,0.0988322775484954,0.0988231770578696,0.0988138745398733,0.098804370444539,0.0987946653324106,0.0987847598744206,0.0987746548516662,0.0987643511550782,0.0987538497849895,0.0987431518506021,0.0987322585693561,0.0987211712661984,0.0987098913727546,0.0986984204263983,0.0986867600692222,0.0986749120469103,0.0986628782075127,0.0986506605001294,0.0986382609735126,0.0986256817745846,0.0986129251468693,0.0985999934288371,0.0985868890521646,0.0985736145399163,0.0985601725046535,0.0985465656464658,0.0985327967509267,0.0985188686869835,0.0985047844047867,0.098490546933454,0.098476159378768,0.0984616249208058,0.0984469468115025,0.0984321283721619,0.0984171729909172,0.0984020841201419,0.0983868652738168,0.0983715200248579,0.0983560520024046,0.0983404648890699,0.0983247624181476,0.098308948370789,0.0982930265731514,0.0982770008935177,0.098260875239393,0.0982446535545894,0.0982283398162908,0.098211938032101,0.0981954522370824,0.098178886490794,0.0981622448743283,0.0981455314873486,0.0981287504451237,0.0981119058755573,0.0980950019162179,0.0980780427113692,0.098061032409003,0.0980439751578766,0.0980268751045653,0.0980097363905414,0.0979925631492803,0.0979753595033931,0.0979581295617848,0.0979408774168385,0.0979236071416271,0.0979063227871621,0.0978890283796766,0.0978717279179411,0.0978544253706206,0.0978371246736792,0.0978198297278356,0.0978025443960614,0.0977852725011251,0.0977680178231839,0.097750784097435,0.0977335750118338,0.0977163942048785,0.0976992452634586,0.0976821317207654,0.097665057054257,0.0976480246836779,0.0976310379691326,0.097614100209217,0.0975972146392107,0.0975803844293279,0.0975636126830326,0.0975469024354194,0.0975302566516567,0.0975136782254997,0.0974971699778735,0.0974807346555231,0.0974643749297339,0.0974480933951227,0.0974318925684982,0.097415774887791,0.097399742711052,0.0973837983155189,0.0973679438967526,0.097352181567847,0.0973365133587098,0.0973209412154167,0.0973054669996361,0.0972900924881234,0.0972748193722869,0.0972596492578324,0.0972445836644822,0.0972296240257716,0.0972147716889182,0.0972000279147649,0.0971853938777916,0.0971708706661874,0.0971564592819815,0.0971421606412398,0.0971279755743275,0.0971139048262405,0.0970999490569985,0.0970861088420956,0.0970723846730089,0.0970587769577669,0.0970452860215794,0.0970319121075263,0.0970186553773086,0.0970055159120588,0.0969924937132104,0.0969795887034249,0.096966800727574,0.0969541295537754,0.0969415748744773,0.0969291363075883,0.0969168133976574,0.096904605617097,0.0968925123674479,0.0968805329806894,0.0968686667205956,0.0968569127841351,0.0968452703029116,0.0968337383446425,0.0968223159146663,0.0968110019574777,0.0967997953582952,0.0967886949446565,0.0967776994880354,0.0967668077054878,0.0967560182613291,0.0967453297688395,0.0967347407919914,0.0967242498471903,0.0967138554050312,0.0967035558920727,0.0966933496926326,0.0966832351506054,0.096673210571299,0.0966632742232851,0.0966534243402603,0.0966436591229193,0.0966339767408366,0.0966243753343569,0.0966148530164884,0.0966054078748059,0.0965960379733651,0.0965867413546244,0.0965775160413723,0.0965683600386566,0.0965592713357016,0.0965502479078102,0.0965412877182501,0.0965323887201301,0.0965235488582659,0.0965147660710368,0.0965060382922305,0.0964973634528758,0.096488739483063,0.0964801643137437,0.0964716358785171,0.096463152115398,0.096454710968567,0.0964463103901013,0.0964379483416829,0.0964296227962741,0.0964213317397648,0.0964130731725993,0.0964048451113828,0.0963966455904624,0.0963884726634775,0.0963803244048748,0.0963721989113944,0.0963640943035227,0.0963560087269171,0.0963479403537983,0.0963398873843123,0.0963318480478578,0.096323820604385,0.0963158033456676,0.0963077945965413,0.0962997927160982,0.0962917960988399,0.0962838031757909,0.0962758124155728,0.0962678223254373,0.0962598314522523,0.0962518383834447,0.0962438417478956,0.0962358402167861,0.0962278325043949,0.0962198173688469,0.0962117936128162,0.0962037600841873,0.0961957156766754,0.0961876593304019,0.0961795900324199,0.0961715068171913,0.096163408767015,0.0961552950124069,0.0961471647324312,0.0961390171549886,0.096130851557055,0.0961226672648713,0.0961144636540801,0.0961062401498129,0.0960979962267269,0.0960897314089895,0.0960814452702119,0.0960731374333332,0.0960648075704598,0.0960564554026603,0.0960480806997187,0.0960396832798499,0.0960312630093759,0.0960228198023602,0.0960143536202014,0.0960058644711818,0.0959973524099774,0.0959888175371301,0.0959802599984795,0.0959716799845598,0.0959630777299625,0.095954453512662,0.0959458076533039,0.0959371405144594,0.0959284524998428,0.0959197440534939,0.0959110156589286,0.0959022678382604,0.0958935011512973,0.0958847161946134,0.0958759136005945,0.0958670940364603,0.0958582582032639,0.0958494068348774,0.0958405406969567,0.0958316605858882,0.0958227673277232,0.0958138617770882,0.0958049448160773,0.0957960173531292,0.0957870803218926,0.0957781346800826,0.0957691814083315,0.095760221509037,0.0957512560052142,0.0957422859393519,0.0957333123722678,0.0957243363819598,0.095715359062458,0.0957063815226888,0.0956974048853534,0.0956884302858178,0.0956794588710152,0.0956704917983565,0.0956615302346551,0.0956525753550653,0.095643628342032,0.0956346903842592,0.0956257626757011,0.0956168464145742,0.0956079428023871,0.0955990530429866,0.0955901783416265,0.0955813199040589,0.0955724789356479,0.0955636566405069,0.0955548542206643,0.09554607287525,0.0955373137997075,0.0955285781850345,0.0955198672170488,0.0955111820756834,0.0955025239343095,0.0954938939590919,0.0954852933083806,0.095476723132133,0.0954681845713652,0.0954596787576372,0.0954512068125702,0.0954427698473954,0.0954343689625284,0.0954260052471636,0.0954176797788949,0.0954093936233646,0.0954011478339432,0.0953929434514302,0.0953847815037759,0.0953766630058204,0.0953685889590572,0.0953605603514151,0.0953525781570595,0.0953446433362111,0.0953367568349816,0.0953289195852246,0.0953211325043948,0.0953133964954152,0.0953057124465551,0.0952980812313222,0.0952905037083663,0.0952829807213942,0.0952755130990947,0.0952681016550775,0.0952607471878164,0.0952534504805963,0.0952462123014659,0.0952390334031991,0.0952319145232676,0.0952248563838145,0.0952178596916357,0.0952109251381705,0.0952040533995004,0.0951972451363524,0.0951905009941005,0.0951838216027621,0.095177207576997,0.0951706595161077,0.0951641780040439,0.095157763609403,0.0951514168854277,0.0951451383699875,0.0951389285855442,0.0951327880391078,0.0951267172221905,0.0951207166107565,0.0951147866651696,0.0951089278301277,0.0951031405345866,0.0950974251916814,0.0950917821986464,0.0950862119367306,0.0950807147711043,0.0950752910507649,0.0950699411084402,0.095064665260488,0.0950594638067937,0.0950543370306677,0.0950492851987411,0.0950443085608597,0.0950394073499797,0.095034581782062,0.0950298320559656,0.0950251583533397,0.09502056083852,0.0950160396584253,0.0950115949424576,0.0950072268024032,0.0950029353323344,0.0949987206085079,0.0949945826892689,0.0949905216149633,0.0949865374078559,0.0949826300720532,0.0949787995934358,0.0949750459396002,0.0949713690598043,0.0949677688849201,0.0949642453273979,0.0949607982812372,0.0949574276219576,0.0949541332065726,0.0949509148735661,0.0949477724428764,0.0949447057158921,0.0949417144754616,0.0949387984859189,0.0949359574931263,0.0949331912245266,0.0949304993892104,0.0949278816780049,0.0949253377635794,0.0949228673005676,0.0949204699257063,0.0949181452579846,0.0949158928987932,0.0949137124320775,0.0949116034244964,0.0949095654255936,0.0949075979679808,0.0949057005675338,0.0949038727235988,0.094902113919203,0.0949004236212672,0.0948988012808235,0.0948972463332439,0.0948957581984848,0.0948943362813483,0.0948929799717554,0.0948916886450237,0.0948904616621505,0.0948892983701027,0.0948881981021153,0.094887160177996,0.0948861839044334,0.0948852685753073,0.0948844134719987,0.0948836178637029,0.0948828810077447,0.0948822021498924,0.0948815805246724,0.0948810153556786,0.0948805058558833,0.0948800512279478,0.0948796506645283,0.0948793033485753,0.094879008453628,0.0948787651441043,0.0948785725755866,0.094878429895101,0.0948783362413866,0.0948782907451582,0.0948782925293699,0.0948783407094773,0.0948784343936926,0.0948785726832405,0.0948787546726099,0.0948789794497973,0.0948792460965427,0.0948795536885543,0.0948799012957198,0.0948802879823086,0.0948807128071718,0.0948811748239333,0.0948816730811665,0.0948822066225609,0.0948827744870791,0.094883375709112,0.0948840093186301,0.0948846743413257,0.0948853697987442,0.0948860947084057,0.0948868480839188,0.0948876289350862,0.0948884362680032,0.0948892690851477,0.0948901263854618,0.0948910071644215,0.0948919104140973,0.0948928351232058,0.0948937802771539,0.0948947448580783,0.0948957278448771,0.0948967282132401,0.0948977449356843,0.0948987769815861,0.0948998233172106,0.0949008829057317,0.0949019547072503,0.0949030376788172,0.0949041307744566,0.0949052329451889,0.0949063431390557,0.094907460301144,0.094908583373613,0.0949097112957259,0.0949108430038895,0.094911977431708,0.0949131135100445,0.0949142501670883,0.0949153863284329,0.0949165209171699,0.0949176528540022,0.094918781057374,0.0949199044436097,0.0949210219270638,0.0949221324202781,0.0949232348341543,0.0949243280781473,0.0949254110604827,0.0949264826883883,0.0949275418683378,0.0949285875063077,0.0949296185080463,0.0949306337793549,0.0949316322263831,0.0949326127559418,0.0949335742758281,0.094934515695168,0.0949354359247807,0.0949363338775652,0.0949372084689011,0.0949380586170656,0.0949388832436742,0.0949396812741459,0.0949404516381862,0.094941193270284,0.0949419051102238,0.094942586103618,0.094943235202457,0.09494385136568,0.0949444335597669,0.0949449807593466,0.0949454919478201,0.0949459661179863,0.0949464022726771,0.0949467994254011,0.0949471566009998,0.0949474728363219,0.0949477471809175,0.0949479786977449,0.0949481664638842,0.0949483095712492,0.0949484071272973,0.0949484582557407,0.0949484620972586,0.094948417810206,0.0949483245713274,0.0949481815764756,0.0949479880413319,0.0949477432021205,0.094947446316318,0.094947096663362,0.0949466935453599,0.0949462362877971,0.0949457242402407,0.0949451567770384,0.0949445332980082,0.0949438532291237,0.0949431160231901,0.0949423211605056,0.0949414681495064,0.0949405565273948,0.0949395858607495,0.0949385557461179,0.0949374658105784,0.0949363157122686,0.0949351051408772,0.0949338338181035,0.0949325014980921,0.0949311079678448,0.094929653047598,0.0949281365911679,0.0949265584862659,0.0949249186547804,0.094923217053028,0.0949214536719784,0.0949196285374472,0.0949177417102437,0.0949157932862711,0.0949137833965856,0.0949117122074123,0.0949095799201184,0.0949073867711382,0.0949051330318417,0.0949028190083531,0.0949004450413282,0.0948980115056887,0.0948955188103111,0.0948929673976756,0.0948903577434717,0.0948876903561603,0.0948849657764888,0.0948821845769575,0.0948793473612276,0.0948764547634662,0.0948735074476403,0.0948705061067666,0.0948674514621168,0.0948643442623766,0.0948611852827609,0.0948579753240903,0.0948547152118201,0.0948514057950135,0.0948480479452696,0.0948446425556099,0.0948411905393275,0.0948376928288023,0.0948341503742838,0.0948305641426478,0.0948269351161275,0.0948232642910086,0.0948195526762828,0.0948158012922637,0.0948120111691712,0.0948081833456895,0.0948043188675012,0.0948004187857986,0.0947964841557713,0.0947925160350705,0.0947885154822546,0.0947844835552221,0.0947804213096311,0.0947763297973058,0.0947722100646364,0.0947680631509725,0.0947638900870143,0.094759691893206,0.0947554695781431,0.0947512241369948,0.0947469565499399,0.0947426677806051,0.0947383587745094,0.0947340304575232,0.0947296837343418,0.0947253194869772,0.0947209385732797,0.0947165418254833,0.0947121300487739,0.0947077040198792,0.0947032644856792,0.0946988121618454,0.094694347731508,0.0946898718439544,0.0946853851133596,0.0946808881175516,0.0946763813968189,0.0946718654527615,0.0946673407471909,0.0946628077010828,0.0946582666935877,0.0946537180610928,0.094649162096329,0.094644599047528,0.0946400291176425,0.0946354524636349,0.0946308691958296,0.0946262793773262,0.0946216830234776,0.0946170801014366,0.0946124705297646,0.0946078541781009,0.094603230866896,0.0945986003672158,0.0945939624006163,0.094589316639089,0.0945846627050752,0.094580000171543,0.0945753285621308,0.0945706473513585,0.0945659559649137,0.0945612537800189,0.0945565401258739,0.0945518142841693,0.0945470754896694,0.0945423229308632,0.0945375557506897,0.0945327730473448,0.0945279738751613,0.0945231572455596,0.0945183221280736,0.0945134674514527,0.0945085921048384,0.0945036949390099,0.0944987747676961,0.0944938303689543,0.0944888604866193,0.0944838638318242,0.0944788390845846,0.0944737848954384,0.0944686998871487,0.0944635826564695,0.0944584317759696,0.0944532457959138,0.0944480232461969,0.0944427626383227,0.0944374624674254,0.0944321212143317,0.0944267373476638,0.0944213093259832,0.0944158355999675,0.0944103146146188,0.0944047448114999,0.0943991246309983,0.0943934525146196,0.0943877269072994,0.0943819462597293,0.0943761090307015,0.0943702136894662,0.0943642587180984,0.0943582426138692,0.0943521638916123,0.094346021086084,0.0943398127543224,0.0943335374779985,0.0943271938657524,0.0943207805555035,0.0943142962167349,0.0943077395527547,0.0943011093029255,0.0942944042448544,0.0942876231965392,0.0942807650184738,0.0942738286157082,0.0942668129398539,0.0942597169910269,0.0942525398197219,0.0942452805286174,0.0942379382743132,0.094230512268995,0.0942230017820248,0.0942154061414512,0.094207724735432,0.0941999570135734,0.0941921024881797,0.0941841607354132,0.0941761313963584,0.0941680141779775,0.0941598088539577,0.0941515152654572,0.0941431333217391,0.0941346630006887,0.094126104349209,0.0941174574834922,0.0941087225891611,0.0940998999212767,0.0940909898042097,0.094081992631377,0.0940729088648434,0.0940637390347887,0.094054483738831,0.0940451436412029,0.0940357194717757,0.094026212024932,0.0940166221582904,0.0940069507912864,0.093997198903608,0.0939873675334743,0.0939774577757644,0.093967470780004,0.0939574077482198,0.0939472699326511,0.0939370586333082,0.0939267751953786,0.0939164210064835,0.0939059974937849,0.0938955061209432,0.0938849483849245,0.093874325812663,0.0938636399575814,0.093852892395972,0.0938420847232325,0.093831218549966,0.0938202954979591,0.0938093171960376,0.0937982852757993,0.0937872013672186,0.0937760670941228,0.0937648840695461,0.0937536538909716,0.0937423781354656,0.0937310583547075,0.0937196960699117,0.0937082927666545,0.093696849889613,0.0936853688372174,0.0936738509562219,0.0936622975361912,0.0936507098039163,0.0936390889177634,0.0936274359619623,0.0936157519408436,0.0936040377730308,0.0935922942855919,0.0935805222081577,0.0935687221670165,0.0935568946791833,0.0935450401464512,0.0935331588494377,0.0935212509416218,0.0935093164433816,0.0934973552360414,0.0934853670559339,0.0934733514884896,0.093461307962358,0.0934492357435581,0.0934371339296701,0.0934250014440799,0.093412837030284,0.0934006392462549,0.093388406458883,0.0933761368385041,0.0933638283535211,0.0933514787651204,0.0933390856220896,0.0933266462557382,0.0933141577749273,0.0933016170612172,0.093289020764143,0.0932763652966249,0.0932636468305152,0.0932508612922954,0.0932380043589251,0.0932250714538463,0.093212057743149,0.0931989581319033,0.0931857672606607,0.0931724795021364,0.0931590889580823,0.0931455894563539,0.0931319745481736,0.0931182375055895,0.0931043713191373,0.0930903686957075,0.0930762220566195,0.0930619235359107,0.0930474649788488,0.0930328379406603,0.0930180336854798,0.0930030431855341,0.0929878571205631,0.0929724658774668,0.0929568595501846,0.0929410279398137,0.0929249605549619,0.0929086466123309,0.092892075037538,0.0928752344661707,0.0928581132450808,0.092840699433917,0.0928229808068937,0.0928049448547957,0.0927865787872181,0.0927678695350431,0.0927488037531519,0.0927293678233712,0.0927095478576535,0.0926893297014928,0.0926686989375748,0.0926476408896581,0.0926261406266814,0.092604182967091,0.0925817524833857,0.0925588335068776,0.0925354101326649,0.0925114662248102,0.0924869854217177,0.0924619511417018,0.0924363465887452,0.0924101547584423,0.0923833584441321,0.0923559402432141,0.0923278825636412,0.0922991676305815,0.0922697774932402,0.0922396940318379,0.0922088989647312,0.0921773738556744,0.0921451001212236,0.0921120590382819,0.0920782317517795,0.0920435992824836,0.092008142534925,0.0919718423054313,0.0919346792902661,0.0918966340938669,0.0918576872371782,0.0918178191660696,0.0917770102598316,0.0917352408397389,0.0916924911776783,0.0916487415048353,0.0916039720204421,0.091558162900576,0.0915112943070014,0.0914633463960479,0.0914142993275162,0.0913641332736003,0.0913128284278157,0.0912603650139321,0.0912067232949058,0.0911518835818095,0.091095826242756,0.0910385317118058,0.0909799804978503,0.0909201531934658,0.0908590304837322,0.0907965931550079,0.0907328221036598,0.0906676983447419,0.0906012030206214,0.0905333174095485,0.0904640229341604,0.0903933011699151,0.0903211338534474,0.0902475028908377,0.0901723903657918,0.0900957785477356,0.0900176498998229,0.089937987086846,0.0898567729830509,0.0897739906798565,0.0896896234934777,0.089603654972443,0.0895160689050016,0.0894268493264095,0.0893359805260912,0.0892434470546733,0.0891492337308886,0.0890533256483477,0.0889557081821764,0.0888563669955146,0.0887552880458724,0.088652457591343,0.0885478621966781,0.088441488739223,0.0883333244147026,0.0882233567428569,0.0881115735729277,0.0879979630889963,0.0878825138151737,0.0877652146206365,0.0876460547245072,0.0875250237005784,0.0874021114818795,0.0872773083650886,0.087150605014787,0.0870219924675442,0.0868914621358314,0.0867590058117638,0.086624615670672,0.0864882842745072,0.0863500045750748,0.0862097699170923,0.0860675740410716,0.0859234110860227,0.0857772755919759,0.0856291625023225,0.085479067165968,0.0853269853393104,0.0851729131880345,0.085016847288718,0.0848587846302507,0.0846987226150653,0.0845366590601776,0.0843725921980338,0.0842065206771633,0.0840384435626323,0.0838683603362987,0.0836962708968721,0.0835221755597806,0.0833460750568411,0.083167970535733,0.0829878635592698,0.0828057561044674,0.0826216505614106,0.0824355497319113,0.082247456827961,0.0820573754699752,0.0818653096848342,0.081671263903714,0.0814752429597116,0.0812772520852629,0.0810772969093514,0.0808753834545051,0.0806715181335852,0.0804657077463681,0.0802579594759127,0.0800482808847233,0.0798366799107128,0.0796231648629683,0.0794077444173158,0.0791904276116793,0.0789712238412447,0.0787501428534234,0.0785271947426188,0.0783023899448025,0.0780757392319082,0.0778472537060441,0.0776169447935216,0.0773848242386926,0.0771509040975968,0.0769151967314185,0.0766777147997565,0.0764384712537097,0.076197479328781,0.0759547525376031,0.075710304662493,0.075464149747836,0.075216302092301,0.0749667762408854,0.0747155869767984,0.0744627493131912,0.0742082784847333,0.0739521899390355,0.0736944993279268,0.073435222498587,0.0731743754845391,0.0729119744965089,0.072648035913157,0.0723825762716831,0.0721156122583135,0.0718471606986758,0.0715772385480686,0.0713058628816307,0.0710330508844148,0.0707588198413699,0.0704831871272296,0.070206170196321,0.0699277865722998,0.0696480538378203,0.0693669896241462,0.0690846116007101,0.0688009374646219,0.0685159849301384,0.0682297717181055,0.0679423155453834,0.0676536341142568,0.0673637451018379,0.0670726661494678,0.0667804148521253,0.0664870087478453,0.0661924653071567,0.0658968019225527,0.0656000358980049,0.0653021844385331,0.0650032646398358,0.0647032934779886,0.0644022877992141,0.0641002643097381,0.063797239565739,0.0634932299634021,0.0631882517290872,0.0628823209096185,0.0625754533627062,0.0622676647475132,0.0619589705153768,0.0616493859006925,0.0613389259119723,0.0610276053230841,0.0607154386646804,0.0604024402158274,0.0600886239958423,0.0597740037563475,0.0594585929735495,0.0591424048407513,0.0588254522610989,0.0585077478405804,0.0581893038812886,0.0578701323749545,0.0575502449967543,0.0572296530994016,0.0569083677075324,0.0565863995123906,0.0562637588668235,0.0559404557805925,0.0556164999159988,0.0552919005838373,0.0549666667396877,0.0546408069805562,0.0543143295418641,0.0539872422947917,0.0536595527439821,0.0533312680256119,0.0530023949058291,0.0526729397795593,0.052342908669683,0.0520123072265901,0.0516811407281201,0.0513494140798859,0.0510171318159816,0.0506842981000708,0.0503509167268557,0.0500169911239296,0.0496825243540145,0.0493475191175786,0.0490119777558328,0.0486759022541047,0.0483392942455846,0.0480021550154367,0.0476644855052736,0.0473262863179886,0.0469875577229411,0.0466482996614893,0.046308511752862,0.0459681933003569,0.0456273432978606,0.0452859604366824,0.0449440431126903,0.0446015894337353,0.044258597227355,0.0439150640487407,0.0435709871889583,0.043226363683407,0.0428811903205011,0.0425354636505609,0.042189179994896,0.041842335455068,0.0414949259223145,0.041146947087122,0.0407983944489219,0.0404492633258958,0.0400995488648713,0.0397492460512857,0.0393983497191945,0.0390468545613048,0.038694755139009,0.0383420458923995,0.0379887211502404,0.0376347751398791,0.0372802019970735,0.0369249957757081,0.0365691504573772,0.036212659960807,0.0358555181510925,0.0354977188487235,0.0351392558383772,0.0347801228774534,0.0344203137043269,0.0340598220462918,0.0336986416271709,0.0333367661745685,0.0329741894267431,0.0326109051390763,0.0322469070901118,0.0318821890871373,0.0315167449712844,0.0311505686221247,0.0307836539617402,0.0304159949582483,0.03004758562876,0.0296784200417525,0.0293084923188337,0.0289377966358771,0.0285663272235075,0.0281940783669244,0.0278210444050443,0.0274472197289451,0.0270725987795963,0.0266971760448612,0.0263209460557575,0.025943903381963,0.0255660426265541,0.0251873584199664,0.0248078454131697,0.0244274982700498,0.0240463116589875,0.0236642802436311,0.0232813986728579,0.0228976615699232,0.0225130635207955,0.0221275990616795,0.0217412626657297,0.0213540487289552,0.0209659515553223,0.0205769653410583,0.0201870841581683,0.0197963019371733,0.0194046124490822,0.0190120092866111,0.0186184858446619,0.018224035300078,0.0178286505906937,0.0174323243936982,0.0170350491033363,0.0166368168079673,0.0162376192665074,0.0158374478842807,0.0154362936883075,0.0150341473020601,0.0146309989197165,0.0142268382799467,0.0138216546392615,0.0134154367449618,0.0130081728077236,0.0125998504738586,0.0121904567972914,0.0117799782112968,0.0113684005000408,0.0109557087699691,0.0105418874210901,0.0101269201181987,0.00971078976209016,0.0092934784608167,0.00887496750103473,0.00845523731949634,0.00803426747473718,0.00761203661901473,0.00718852247055159,0.00676370178613976,0.0063375503341632,0.00591004286809662,0.00548115310053801,0.00505085367783283,0.00461911615534881,0.00418591097346112,0.00375120743430716,0.00331497367937067,0.00287717666795499,0.00243778215660521,0.00199675467953919,0.00155405753014686,0.00110965274361708,0.000663501080751285,0.0002155620130224,-0.000234206291062615,-0.000685846978239282,-0.00113940452134446,-0.00159492472870175,-0.00205245475197849,-0.0025120430924606,-0.00297373960569251,-0.00343759550443081,-0.00390366335986141,-0.00437199710103164,-0.00484265201245028,-0.00531568472980987,-0.00579115323378766,-0.00626911684188301,-0.0067496361982515,-0.00723277326149789,-0.00771859129039251,-0.00820715482747776,-0.0086985296805338,-0.00919278290187408,-0.00968998276544417,-0.0101901987416997,-0.0106935014702422,-0.011199962730195,-0.0117096554083028,-0.0122226534647429,-0.0127390318966381,-0.0132588666992627,-0.0137822348249396,-0.0143092141396278,-0.0148398833772029,-0.0153743220914391,-0.0159126106056989,-0.0164548299603426,-0.0170010618578752,-0.0175513886058488,-0.0181058930575455,-0.0186646585504663,-0.019227768842654,-0.0197953080468829,-0.0203673605627512,-0.020944011006717,-0.021525344140122,-0.022111444795249,-0.0227023977994652,-0.0232982878975026,-0.0238991996719358,-0.0245052174619182,-0.0251164252802421,-0.0257329067287884,-0.0263547449124359,-0.0269820223515061,-0.0276148208928221,-0.0282532216194648,-0.0288973047593048,-0.0295471495923989,-0.0302028343573388,-0.0308644361566481,-0.0315320308613203,-0.0322056930145975,-0.0328854957350869,-0.0335715106193167,-0.0342638076438377,-0.0349624550669743,-0.0356675193303382,-0.0363790649602152,-0.0370971544689348,-0.0378218482563374,-0.0385532045114592,-0.0392912791145523,-0.0400361255395597,-0.040787794757162,-0.0415463351385125,-0.0423117923597844,-0.0430842093076497,-0.0438636259858123,-0.0446500794227178,-0.0454436035805599,-0.0462442292657097,-0.0470519840406866,-0.0478668921377924,-0.0486889743745279,-0.0495182480709097,-0.0503547269688081,-0.0511984211534206,-0.052049336976996,-0.0529074769849275,-0.053772839844329,-0.0546454202752019,-0.0555252089843034,-0.056412192601818,-0.0573063536209415,-0.0582076703404807,-0.0591161168105663,-0.0600316627815658,-0.0609542736562886,-0.0618839104455726,-0.0628205297273358,-0.0637640836091704,-0.0647145196945591,-0.065671781052785,-0.0666358061926051,-0.0676065290397531,-0.0685838789183272,-0.0695677805361145,-0.0705581539739063,-0.0715549146788499,-0.0725579734618818,-0.0735672364992713,-0.0745826053383008,-0.0756039769071039,-0.0766312435286776,-0.0776642929390878,-0.0787030083098797,-0.0797472682746878,-0.080796946960044,-0.081851914020375,-0.082912034677169,-0.0839771697622947,-0.0850471757654488,-0.0861219048856957,-0.0872012050870587,-0.0882849201581161,-0.0893728897755524,-0.0904649495716133,-0.0915609312054011,-0.0926606624379398,-0.0937639672109504,-0.0948706657292574,-0.0959805745467451,-0.0970935066557749,-0.0982092715799675,-0.0993276754702516,-0.100448521204078,-0.101571608487697,-0.102696733961393,-0.103823691307555,-0.104952271361471,-0.106082262224719,-0.107213449381026,-0.10834561581447,-0.109478542129888,-0.110612006675345,-0.11174578566651,-0.112879653312801,-0.11401338194516,-0.115146742145292,-0.116279502876261,-0.11741143161426,-0.11854229448142,-0.11967185637947,-0.120799881124097,-0.121926131579858,-0.123050369795487,-0.124172357139453,-0.125291854435598,-0.1264086220987,-0.127522420269822,-0.128633008951268,-0.129740148140996,-0.130843597966333,-0.131943118816829,-0.133038471476099,-0.134129417252486,-0.135215718108428,-0.136297136788364,-0.137373436945039,-0.138444383264063,-0.139509741586579,-0.140569279029931,-0.141622764106175,-0.142669966838328,-0.143710658874229,-0.144744613597897,-0.145771606238252,-0.146791413975104,-0.147803816042303,-0.148808593827946,-0.149805530971526,-0.15079441345796,-0.151775029708406,-0.152747170667779,-0.153710629888872,-0.15466520361302,-0.15561069084724,-0.15654689343781,-0.157473616140218,-0.158390666685435,-0.159297855842461,-0.160194997477122,-0.161081908607089,-0.161958409453092,-0.162824323486307,-0.163679477471895,-0.164523701508675,-0.165356829064926,-0.166178697010347,-0.166989145644174,-0.16778801871947,-0.168575163463613,-0.169350430595006,-0.170113674336047,-0.170864752422383,-0.171603526108522,-0.17232986016984,-0.173043622901041,-0.173744686111157,-0.174432925115107,-0.175108218721908,-0.175770449219594,-0.176419502356919,-0.177055267321945,-0.177677636717602,-0.178286506534308,-0.178881776119746,-0.179463348145892,-0.180031128573404,-0.180585026613478,-0.181124954687277,-0.181650828383036,-0.182162566411003,-0.182660090556287,-0.183143325629783,-0.183612199417257,-0.184066642626734,-0.184506588834309,-0.184931974428508,-0.185342738553332,-0.185738823050114,-0.186120172398316,-0.186486733655423,-0.186838456396046,-0.187175292650373,-0.187497196842098,-0.187804125725966,-0.18809603832508,-0.188372895868083,-0.188634661726388,-0.188881301351553,-0.189112782212951,-0.189329073735856,-0.189530147240091,-0.189715975879368,-0.189886534581442,-0.190041799989206,-0.190181750402835,-0.190306365723134,-0.19041562739618,-0.190509518359392,-0.190588022989134,-0.190651127049954,-0.190698817645568,-0.19073108317169,-0.190747913270829,-0.190749298789137,-0.190735231735422,-0.190705705242402,-0.190660713530305,-0.190600251872891,-0.190524316565987,-0.190432904898594,-0.190326015126634,-0.190203646449412,-0.190065798988867,-0.189912473771657,-0.189743672714125,-0.189559398610198,-0.189359655122281,-0.189144446775167,-0.188913778952977,-0.188667657899183,-0.188406090719736,-0.18812908538931,-0.187836650760676,-0.187528796577207,-0.187205533488523,-0.186866873069274,-0.186512827841045,-0.186143411297376,-0.185758637931874,-0.185358523269373,-0.18494308390013,-0.184512337517024,-0.184066302955711,-0.18360500023768,-0.183128450616172,-0.182636676624912,-0.182129702129582,-0.18160755238196,-0.181070254076675,-0.180517835410491,-0.17995032614404,-0.179367757665925,-0.178770163059058,-0.178157577169183,-0.177530036675457,-0.176887580162995,-0.176230248197271,-0.175558083400248,-0.174871130528128,-0.174169436550605,-0.173453050731486,-0.172722024710556,-0.171976412586566,-0.171216271001203,-0.170441659223913,-0.169652639237428,-0.168849275823857,-0.168031636651179,-0.167199792359986,-0.166353816650333,-0.165493786368499,-0.164619781593534,-0.163731885723422,-0.162830185560703,-0.16191477139739,-0.160985737099034,-0.16004318018776,-0.159087201924135,-0.158117907387682,-0.157135405555898,-0.156139809381577,-0.155131235868315,-0.154109806143995,-0.153075645532124,-0.152028883620817,-0.150969654329299,-0.149898095971745,-0.148814351318332,-0.147718567653332,-0.146610896830104,-0.145491495322808,-0.144360524274724,-0.14321814954301,-0.142064541739761,-0.140899876269223,-0.139724333361013,-0.138538098099234,-0.13734136044735,-0.136134315268675,-0.134917162342382,-0.1336901063749,-0.1324533570066,-0.131207128813672,-0.129951641305079,-0.1286871189145,-0.127413790987184,-0.12613189176161,-0.124841660345886,-0.123543340688809,-0.1222371815455,-0.120923436437566,-0.119602363607715,-0.118274225968806,-0.116939291047274,-0.115597830920889,-0.114250122150828,-0.112896445708036,-0.111537086893877,-0.110172335255055,-0.10880248449281,-0.107427832366362,-0.106048680590638,-0.104665334728275,-0.103278104075948,-0.101887301545044,-0.10049324353672,-0.0990962498114114,-0.0976966433528268,-0.0962947502264925,-0.0948908994328999,-0.0934854227553324,-0.0920786546024536,-0.0906709318457425,-0.0892625936518634,-0.087853981310077,-0.0864454380547931,-0.0850373088833797,-0.0836299403693424,-0.0822236804709952,-0.0808188783357551,-0.0794158841002017,-0.0780150486860463,-0.0766167235921606,-0.0752212606828083,-0.073829011972235,-0.0724403294057816,-0.0710555646376934,-0.069675068805802,-0.0682991923032519,-0.0669282845474575,-0.0655626937464763,-0.0642027666629856,-0.0628488483760559,-0.0615012820409238,-0.0601604086469685,-0.0588265667741001,-0.0575000923477706,-0.0561813183928234,-0.0548705747863979,-0.0535681880101129,-0.0522744809017462,-0.0509897724066344,-0.0497143773290217,-0.0484486060835903,-0.047192764447403,-0.0459471533124871,-0.0447120684392966,-0.0434878002112876,-0.0422746333908451,-0.0410728468767994,-0.0398827134637738,-0.0387044996036037,-0.037538465169065,-0.0363848632201542,-0.0352439397731613,-0.0341159335727751,-0.0330010758674619,-0.0318995901883562,-0.030811692131903,-0.0297375891464878,-0.0286774803232921,-0.0276315561916078,-0.0265999985188424,-0.0255829801154501,-0.0245806646450185,-0.023593206439737,-0.0226207503214738,-0.0216634314286853,-0.0207213750493759,-0.0197946964603247,-0.0188835007727927,-0.0179878827849181,-0.017107926841008,-0.0162437066979257,-0.0153952853987753,-0.014562715154074,-0.013746037230606,-0.0129452818481378,-0.0121604680841778,-0.0113916037869505,-0.0106386854967567,-0.00990169837588193,-0.00918061614721126,-0.0084754010417017,-0.00778600375485673,-0.00711236341234312,-0.00645440754488132,-0.00581205207253428,-0.00518520129851309,-0.00457374791261029,-0.00397757300436388,-0.00339654608604806,-0.00283052512557871,-0.00227935658941351,-0.00174287549551827,-0.00122090547646285,-0.000713258852701095,-0.000219736716080854,0.000259870976378832,0.000725785298415513,0.00117823824013735,0.00161747258331409,0.00204374176634536,0.00245730973891622,0.00285845080635977,0.00324744946375647,0.0036246002198098,0.00399020741054866,0.00434458500291724,0.00468805638832247,0.0050209541662197,0.00534361991782815,0.00565640397007827,0.00595966514990439,0.00625377052900684,0.00653909515921709,0.00681602179861064,0.00708494062852407,0.00734624896164276,0.0076003509413371,0.00784765723243581,0.0080885847036358,0.00832355610175785,0.00855299971806837,0.0087773490468981,0.00899704243679944,0.0092125227344934,0.00942423692186918,0.00963263574630904,0.00983817334462003,0.0100413068608643,0.0102424960583882,0.0104422029263622,0.0106408912811505,0.0108390263628431,0.0110370744272843,0.0112355023339448,0.0114347771299921,0.0116353656309216,0.0118377339981195,0.0120423473137347,0.0122496691532451,0.0124601611561101,0.0126742825949073,0.0128924899433586,0.0131152364436534,0.0133429716734858,0.0135761411132241,0.0138151857136375,0.0140605414646068,0.0143126389652506,0.0145719029959021,0.0148387520923735,0.0151135981229462,0.0153968458685303,0.0156888926064325,0.0159901276981781,0.0163009321818292,0.0166216783692408,0.0169527294486967,0.0172944390933668,0.0176471510760238,0.0180111988904539,0.0183869053799932,0.0187745823736214,0.0191745303300357,0.0195870379901284,0.0200123820382801,0.020450826772881,0.0209026237864801,0.0213680116559598,0.0218472156431246,0.0223404474060828,0.0228479047217942,0.0233697712201433,0.023906216129894,0.0244573940368665,0.0250234446546707,0.0256044926083155,0.0262006472310058,0.0268120023744205,0.0274386362327591,0.0280806111808229,0.0287379736263894,0.0294107538771279,0.0300989660222843,0.0308026078293477,0.0315216606558993,0.032256089376829,0.033005842327089,0.0337708512601331,0.0345510313221805,0.0353462810424258,0.036156482339295,0.0369815005428301,0.037821184433269,0.038675366295868,0.0395438619920011,0.0404264710465518,0.0413229767515943,0.0422331462863369,0.0431567308532881,0.0440934658305835,0.0450430709403949,0.0460052504333243,0.0469796932886713,0.0479660734304381,0.0489640499589216,0.0499732673977186,0.0509933559559609,0.0520239318055716,0.0530645973733172,0.0541149416474115,0.0551745404984112,0.0562429570141311,0.0573197418482835,0.0584044335825256,0.0594965591016028,0.0605956339812396,0.0617011628884186,0.0628126399936718,0.0639295493950016,0.0650513655530289,0.0661775537369531,0.0673075704808936,0.0684408640501666,0.0695768749170421,0.0707150362455144,0.0718547743846078,0.0729955093697344,0.0741366554316084,0.0752776215122086,0.0764178117872621,0.0775566261947173,0.0786934609686737,0.0798277091782237,0.0809587612706642,0.0820860056185186,0.0832088290698103,0.0843266175010191,0.085438756372155,0.0865446312833738,0.0876436285325518,0.0887351356732425,0.0898185420724455,0.0908932394676152,0.0919586225223199,0.0930140893799736,0.0940590422150663,0.0950928877813141,0.0961150379561524,0.097124910281008,0.0981219284967843,0.0991055230739967,0.100075131737012,0.101030199981848,0.101970181586989,0.102894539116677,0.103802744416163,0.104694279098401,0.105568635021688,0.106425314757745,0.107263832049752,0.10808371225986,0.108884492805727,0.109665723585609,0.110426967391586,0.111167800310491,0.111887812112144,0.112586606624505,0.113263802095351,0.113919031540115,0.114551943075513,0.115162200238634,0.115749482291164,0.11631348450847,0.116853918453236,0.117370512233404,0.117863010744156,0.118331175893705,0.1187747868127,0.11919364004704,0.119587549733945,0.119956347761099,0.120299883908747,0.120618025974602,0.120910659881478,0.121177689767551,0.121419038059178,0.121634645526257,0.121824471320083,0.121988492993727,0.122126706504948,0.122239126201663,0.122325784790021,0.122386733285161,0.122422040944748,0.122431795185407,0.122416101482174,0.122375083251112,0.122308881715267,0.122217655754128,0.122101581736808,0.121960853339164,0.121795681345097,0.12160629343228,0.12139293394259,0.121155863637512,0.120895359438813,0.120611714154816,0.120305236192615,0.119976249256555,0.119625092033357,0.119252117864225,0.118857694404333,0.118442203270093,0.118006039674618,0.117549612051796,0.117073341669378,0.11657766223155,0.116063019471421,0.115529870733909,0.114978684549472,0.114409940199178,0.113824127271569,0.113221745211826,0.112603302863727,0.111969318004915,0.111320316875966,0.110656833703791,0.109979410219866,0.109288595173815,0.108584943842845,0.107869017537559,0.107141383104668,0.106402612427126,0.105653281922218,0.104893972038131,0.104125266749502,0.103347753052479,0.102562020459783,0.101768660496315,0.100968266195799,0.100161431598975,0.099348751253819,0.0985308197183094,0.0977082310662064,0.0968815783963469,0.0960514533459133,0.0952184456081463,0.0943831424549559,0.0935461282648789,0.0927079840568207,0.0918692870300179,0.0910306101106427,0.0901925215054584,0.089355584262923,0.0885203558421314,0.0876873876899748,0.0868572248268916,0.0860304054415656,0.0852074604949122,0.0843889133336852,0.0835752793140208,0.0827670654352272,0.0819647699841119,0.0811688821901165,0.0803798818915212,0.0795982392129696,0.0788244142545546,0.078058856792683,0.0773020059929204,0.07655429013501,0.0758161263502363,0.0750879203712999,0.0743700662948481,0.0736629463567978,0.0729669307205702,0.0722823772783375,0.0716096314653784,0.0709490260876154,0.0703008811623926,0.069665503772539,0.0690431879337433,0.0684342144752625,0.067838850933964,0.0672573514616793,0.0666899567458453,0.0661368939433937,0.0655983766278339,0.0650746047494677,0.0645657646086545,0.0640720288420296,0.0635935564215643,0.0631304926663514,0.062682969266987,0.0622511043224025,0.0618350023889845,0.0614347545418234,0.0610504384479141,0.0606821184511128,0.0603298456686538,0.059993658099018,0.0596735807409253,0.0593696257232238,0.0590817924454295,0.058810067728669,0.0585544259767717,0.0583148293472441,0.0580912279318559,0.057883559946556,0.0576917519304319,0.0575157189534188,0.0573553648324593,0.0572105823558028,0.0570812535151297,0.0569672497451812,0.0568684321705725,0.0567846518594644,0.0567157500837691,0.0566615585855501,0.0566218998492778,0.0565965873796008,0.056585425984295,0.0565882120620417,0.056604733894688,0.0566347719436448,0.0566780991500804,0.0567344812385621,0.0568036770237951,0.056885438720112,0.0569795122533635,0.0570856375748676,0.057203548977078,0.057332975410629,0.0574736408024117,0.057625264374343,0.0577875609624957,0.0579602413362612,0.0581430125172131,0.0583355780973518,0.0585376385564134,0.0587488915779264,0.0589690323636989,0.0591977539464323,0.0594347475001707,0.05967970264829,0.0599323077687407,0.0601922502962646,0.0604592170213078,0.0607328943853638,0.0610129687724845,0.0612991267967061,0.0615910555851435,0.0618884430565111,0.062190978194839,0.0624983513181614,0.0628102543419637,0.06312638103718,0.06344642728254,0.0637700913110745,0.064097073950597,0.0644270788579878,0.0647598127471125,0.0650949856102219,0.0654323109326831,0.0657715059009031,0.0661122916033211,0.0664543932243536,0.0667975402311859,0.0671414665533077,0.0674859107546944,0.0678306161985474,0.0681753312045236,0.0685198091983918,0.0688638088540565,0.0692070942279067,0.0695494348854532,0.0698906060202183,0.0702303885648574,0.0705685692945111,0.0709049409223829,0.071239302187538,0.0715714579349425,0.0719012191877671,0.0722284032119903,0.0725528335733378,0.0728743401866018,0.0731927593573945,0.0735079338163996,0.0738197127462007,0.0741279518007687,0.0744325131176858,0.0747332653232051,0.0750300835302518,0.0753228493294702,0.0756114507734375,0.0758957823541606,0.0761757449739814,0.076451245910021,0.0767221987723036,0.0769885234557013,0.0772501460858494,0.0775069989591898,0.0777590204772982,0.0780061550756535,0.0782483531470208,0.0784855709596231,0.0787177705702777,0.0789449197326798,0.0791669918010134,0.079383965629078,0.0795958254651198,0.0798025608425505,0.0800041664667464,0.080200642098131,0.0803919924317404,0.080578226973467,0.0807593599131803,0.0809354099949345,0.0811064003844687,0.0812723585342026,0.0814333160459239,0.0815893085313694,0.0817403754709081,0.0818865600705269,0.0820279091173161,0.0821644728336624,0.0822963047303477,0.0824234614587512,0.0825460026623557,0.0826639908277472,0.082777491135311,0.0828865713098192,0.0829913014710948,0.0830917539849374,0.083188003314494,0.0832801258722611,0.0833681998728895,0.0834523051869658,0.0835325231959377,0.083608936648354,0.0836816295175765,0.0837506868611264,0.083816194681819,0.0838782397908389,0.0839369096728962,0.0839922923536001,0.0840444762691853,0.0840935501387178,0.0841396028389018,0.0841827232816116,0.084223000294262,0.084260522503119,0.0842953782196541,0.084327655330042,0.0843574411878958,0.0843848225103264,0.084409885277402,0.0844327146350814,0.0844533948016881,0.0844720089779849,0.0844886392609106,0.0845033665610321,0.0845162705237558,0.0845274294543299,0.0845369202466711,0.0845448183160473,0.0845511975356405,0.084556130177013,0.0845596868544854,0.0845619364734203,0.0845629461824039,0.0845627813293291,0.0845615054213745,0.084559180088862,0.0845558650529669,0.084551618097254,0.0845464950430115,0.0845405497283439,0.0845338339909711,0.0845263976546833,0.0845182885194031,0.0845095523548037,0.0845002328974262,0.0844903718512275,0.0844800088914864,0.0844691816719971,0.0844579258354788,0.0844462750271186,0.0844342609111667,0.0844219131905039,0.0844092596290926,0.0843963260772172,0.0843831364994138,0.0843697130049907,0.0843560758810415,0.0843422436278552,0.0843282329966163,0.0843140590292929,0.0842997351006066,0.084285272961976,0.0842706827873239,0.0842559732206284,0.0842411514251056,0.08422622313392,0.0842111927023064,0.0841960631609959,0.0841808362708312,0.0841655125784569,0.0841500914729731,0.0841345712434443,0.0841189491371509,0.0841032214184657,0.0840873834282499,0.0840714296436545,0.0840553537382236,0.0840391486421923,0.0840228066028736,0.0840063192450322,0.0839896776311437,0.0839728723214398,0.0839558934336358,0.0839387307022506,0.0839213735374267,0.0839038110831635,0.0838860322748707,0.083868025896155,0.0838497806347582,0.0838312851375701,0.0838125280646336,0.0837934981420703,0.0837741842138478,0.0837545752923085,0.0837346606073957,0.0837144296545274,0.0836938722410611,0.083672978531293,0.0836517390899312,0.0836301449239937,0.0836081875230853,0.083585858898011,0.0835631516176843,0.0835400588442927,0.083516574366689,0.0834926926319743,0.0834684087752456,0.0834437186474894,0.0834186188416038,0.0833931067165324,0.0833671804194915,0.0833408389062804,0.0833140819596679,0.08328691020585,0.083259325128976,0.0832313290837466,0.0832029253060855,0.0831741179218946,0.0831449119539054,0.0831153133266485,0.0830853288695556,0.0830549663182139,0.0830242343137954,0.0829931424006852,0.0829617010223288,0.0829299215153274,0.0828978161018103,0.0828653978801169,0.0828326808138248,0.082799679719159,0.082766410250819,0.0827328888862688,0.0826991329085337,0.0826651603875481,0.0826309901601,0.0825966418084232,0.082562135637487,0.0825274926510269,0.082492734526361,0.0824578835880417,0.0824229627803965,0.0823879956390189,0.082353006261259,0.0823180192757663,0.0822830598111434,0.0822481534637688,0.0822133262648504,0.082178604646768,0.0821440154087694,0.0821095856820745,0.0820753428944346,0.0820413147341993,0.0820075291139505,0.0819740141337605,0.0819407980441258,0.0819079092086432,0.0818753760664888,0.0818432270947538,0.0818114907706841,0.0817801955338807,0.0817493697485174,0.0817190416656211,0.0816892393854727,0.0816599908201855,0.0816313236565104,0.0816032653189128,0.081575842932977,0.0815490832891866,0.0815230128071216,0.0814976575001204,0.0814730429404437,0.0814491942249812,0.0814261359415389,0.0814038921357439,0.0813824862786072,0.0813619412347919,0.081342279231619,0.0813235218288424,0.0813056898892236,0.0812888035499385,0.0812728821948529,0.0812579444276957,0.0812440080461488,0.0812310900168827,0.0812192064515638,0.0812083725838647,0.0811986027474992,0.0811899103552956,0.0811823078793258,0.0811758068321006,0.0811704177488562,0.0811661501709434,0.0811630126303255,0.0811610126351994,0.0811601566567517,0.0811604501170609,0.0811618973781596,0.0811645017322554,0.081168265393118,0.0811731894886305,0.0811792740545086,0.0811865180291811,0.0811949192498296,0.0812044744495927,0.0812151792559313,0.0812270281901536,0.0812400146680877,0.0812541310018943,0.0812693684030141,0.0812857169862382,0.0813031657748923,0.0813217027071237,0.0813413146432799,0.0813619873743602,0.0813837056315199,0.0814064530966125,0.0814302124137609,0.081454965201944,0.0814806920685811,0.0815073726240979,0.0815349854974551,0.0815635083526191,0.0815929179059511,0.081623189944483,0.0816542993450531,0.081686220094283,0.0817189253093722,0.0817523872596877,0.0817865773891291,0.0818214663392378,0.0818570239730213,0.081893219399465,0.0819300209987069,0.0819673964478478,0.0820053127473706,0.082043736248141,0.0820826326789622,0.0821219671746526,0.0821617043046212,0.0822018081019061,0.0822422420926406,0.0822829693259197,0.0823239524040356,0.0823651535130566,0.082406534453719,0.082448056672597,0.0824896812935163,0.0825313691491897,0.082573080813046,0.0826147766312127,0.0826564167546269,0.082697961171242,0.0827393697383006,0.0827806022146366,0.0828216182929859,0.082862377632277,0.0829028398898679,0.0829429647536939,0.0829827119742984,0.0830220413967262,0.0830609129922475,0.0830992868898871,0.0831371234077341,0.0831743830839994,0.0832110267077983,0.0832470153496308,0.0832823103915263,0.0833168735568205,0.0833506669395458,0.0833836530334065,0.0834157947603102,0.0834470554984347,0.0834773991098028,0.0835067899673471,0.0835351929814384,0.0835625736258616,0.083588897963217,0.0836141326697169,0.0836382450593607,0.0836612031074703,0.0836829754735603,0.0837035315235246,0.0837228413511256,0.0837408757987676,0.0837576064775388,0.0837730057864993,0.083787046931201,0.0837997039414266,0.0838109516881313,0.0838207658995699,0.0838291231765922,0.0838360010070978,0.0838413777796384,0.0838452327961585,0.08384754628386,0.0838482994061891,0.0838474742729336,0.0838450539494234,0.083841022464826,0.0838353648195279,0.0838280669916032,0.0838191159423642,0.0838084996209877,0.0837962069682157,0.083782227919124,0.0837665534049561,0.0837491753540243,0.0837300866916783,0.0837092813393336,0.0836867542125602,0.0836625012182275,0.08363651925072,0.0836088061872294,0.0835793608821253,0.0835481831604184,0.0835152738103229,0.0834806345749229,0.0834442681429407,0.0834061781386168,0.083366369110716,0.0833248465206639,0.0832816167298258,0.0832366869859412,0.0831900654087274,0.0831417609746631,0.0830917835009696,0.0830401436288034,0.0829868528056739,0.0829319232671012,0.0828753680175383,0.0828172008105755,0.0827574361284459,0.0826960891608485,0.0826331757831077,0.0825687125336923,0.0825027165911157,0.0824352057502359,0.0823661983979765,0.0822957134884906,0.08222377051779,0.0821503894978643,0.0820755909303124,0.0819993957795143,0.0819218254453746,0.0818429017356597,0.0817626468379451,0.0816810832911966,0.0815982339570236,0.081514121990629,0.0814287708114763,0.0813422040737116,0.0812544456363672,0.0811655195333713,0.0810754499433889,0.0809842611595329,0.0808919775589771,0.0807986235725041,0.0807042236540132,0.0806088022500191,0.0805123837691683,0.0804149925518041,0.0803166528396083,0.0802173887453453,0.0801172242227417,0.0800161830365315,0.0799142887326965,0.0798115646089324,0.0797080336853686,0.0796037186755746,0.0794986419578807,0.0793928255470406,0.0792862910662584,0.0791790597196038,0.079071152264847,0.0789625889867443,0.0788533896708004,0.0787435735775344,0.0786331594172782,0.0785221653255242,0.0784106088388522,0.0782985068714605,0.0781858756923229,0.0780727309029927,0.0779590874160793,0.0778449594344242,0.0777303604310007,0.0776153031295516,0.0774997994859817,0.0773838606705227,0.0772674970506891,0.0771507181750449,0.0770335327577923,0.0769159486642053,0.0767979728969237,0.0766796115831239,0.0765608699625777,0.0764417523766055,0.0763222622579343,0.0762024021214734,0.0760821735560204,0.0759615772169029,0.0758406128195651,0.0757192791341019,0.0755975739807443,0.0754754942263055,0.0753530357815883,0.0752301935997539,0.0751069616756432,0.0749833330460454,0.0748592997909174,0.0747348530355581,0.0746099829537369,0.0744846787717696,0.0743589287735342,0.0742327203064165,0.0741060397881778,0.0739788727147373,0.0738512036688655,0.0737230163297773,0.0735942934836129,0.0734650170347945,0.0733351680182448,0.0732047266124486,0.0730736721533488,0.0729419831490634,0.0728096372954046,0.0726766114921827,0.0725428818602808,0.0724084237594795,0.0722732118070135,0.0721372198968433,0.0720004212196175,0.0718627882832985,0.0717242929344281,0.0715849063800228,0.0714445992100809,0.0713033414206676,0.0711611024375532,0.071017851140379,0.0708735558873262,0.0707281845402621,0.0705817044903411,0.0704340826840323,0.070285285649546,0.0701352795236408,0.0699840300787877,0.0698315027506663,0.0696776626659595,0.0695224746704194,0.0693659033571742,0.0692079130952502,0.069048468058284,0.0688875322533921,0.0687250695501779,0.0685610437098526,0.0683954184144446,0.0682281572960642,0.0680592239661869,0.0678885820449319,0.067716195190316,0.0675420271274564,0.0673660416776944,0.067188202787611,0.067008474557907,0.0668268212721261,0.0666432074251976,0.0664575977517774,0.0662699572543687,0.0660802512311912,0.0658884453037745,0.0656945054442545,0.0654983980023509,0.0653000897320016,0.0650995478176345,0.0648967399000592,0.0646916341019573,0.0644841990529526,0.064274403914241,0.0640622184027631,0.0638476128149038,0.0636305580497073,0.0634110256315867,0.0631889877325031,0.0629644171936001,0.0627372875462793,0.0625075730327016,0.0622752486257017,0.0620402900480986,0.0618026737913965,0.0615623771338681,0.0613193781580121,0.0610736557673738,0.060825189702713,0.0605739605575108,0.0603199497928068,0.0600631397513634,0.0598035136711507,0.0595410556981418,0.0592757508984098,0.0590075852695175,0.0587365457511957,0.0584626202353134,0.0581857975751394,0.0579060675938914,0.0576234210925675,0.0573378498570589,0.0570493466645478,0.0567579052891854,0.0564635205070479,0.0561661881003758,0.0558659048611017,0.0555626685936731,0.05525647811717,0.0549473332667252,0.0546352348942539,0.0543201848684958,0.0540021860743728,0.053681242411664,0.0533573587930074,0.0530305411412374,0.0527007963860667,0.0523681324601211,0.0520325582943352,0.0516940838127175,0.0513527199264954,0.0510084785276521,0.0506613724818701,0.0503114156208928,0.049958622734316,0.0496030095608199,0.0492445927788557,0.0488833899967907,0.048519419742527,0.0481527014526067,0.0477832554608193,0.0474111029863242,0.0470362661212994,0.0466587678181325,0.0462786318761646,0.0458958829280043,0.0455105464254267,0.0451226486248725,0.0447322165725648,0.0443392780892597,0.0439438617546458,0.0435459968914065,0.0431457135489596,0.0427430424868863,0.0423380151580652,0.0419306636915274,0.0415210208750463,0.0411091201374774,0.0406949955308631,0.0402786817123189,0.0398602139257157,0.039439627983173,0.0390169602463755,0.0385922476077316,0.0381655274713859,0.0377368377341037,0.0373062167660366,0.0368737033913861,0.0364393368689805,0.036003156872777,0.0355652034723058,0.0351255171130647,0.0346841385968818,0.0342411090622594,0.033796469964712,0.0333502630571076,0.0329025303700253,0.0324533141921401,0.0320026570506474,0.0315506016917418,0.0310971910611591,0.0306424682847926,0.0301864766493958,0.0297292595833838,0.029270860637746,0.0288113234670771,0.0283506918107334,0.0278890094741287,0.0274263203101787,0.0269626682009014,0.0264980970391823,0.0260326507107152,0.0255663730761248,0.0250993079532793,0.0246314990998025,0.0241629901957925,0.0236938248267539,0.0232240464667515,0.0227536984617898,0.0222828240134264,0.021811466162627,0.0213396677738673,0.0208674715194878,0.0203949198643055,0.0199220550504872,0.0194489190826886,0.0189755537134645,0.018502000428955,0.0180283004348503,0.0175544946426359,0.0170806236561238,0.0166067277582717,0.0161328468982933,0.0156590206790606,0.015185288344799,0.0147116887690796,0.0142382604431067,0.0137650414643049,0.0132920695252047,0.0128193819026281,0.0123470154471736,0.0118750065730024,0.0114033912479249,0.0109322049837843,0.0104614828271398,0.0099912593502432,0.00952156864231177,0.00905244430109173,0.00858391942471308,0.00811602660383189,0.00764879791405792,0.00718226490866433,0.00671645861157643,0.00625140951063575,0.00578714755113601,0.00532370212962773,0.00486110208798677,0.00439937570774283,0.0039385507046628,0.00347865422358431,0.0030197128334945,0.00256175252284924,0.00210479869512713,0.00164887616461296,0.00119400915240458,0.000740221282637514,0.000287535578921755,-0.000164025539015334,-0.000614440258485805,-0.00106368737680389,-0.00151174630406084,-0.00195859706571809,-0.00240422030502495,-0.00284859728526719,-0.00329170989185286,-0.00373354063424134,-0.0041740726477219,-0.0046132896950478,-0.00505117616793247,-0.00548771708841335,-0.00592289811008983,-0.00635670551924047,-0.00678912623582539,-0.00722014781437965,-0.00764975844480279,-0.00807794695304906,-0.00850470280172301,-0.00893001609058542,-0.00935387755697402,-0.00977627857614303,-0.0101972111615248,-0.0106166679649181,-0.011034642276607,-0.0114511280254138,-0.0118661197786881,-0.0122796127422345,-0.0126916027601838,-0.0131020863148077,-0.0135110605262803,-0.0139185231523867,-0.01432447258818,-0.0147289078655877,-0.0151318286529651,-0.0155332352545985,-0.0159331286101561,-0.016331510294088,-0.0167283825149729,-0.0171237481148137,-0.0175176105682779,-0.0179099739818808,-0.0183008430931096,-0.0186902232694852,-0.0190781205075585,-0.0194645414318373,-0.019849493293639,-0.0202329839698645,-0.0206150219616898,-0.0209956163931713,-0.0213747770097589,-0.0217525141767116,-0.0221288388774104,-0.0225037627115629,-0.0228772978932931,-0.0232494572491094,-0.0236202542157467,-0.0239897028378722,-0.0243578177656504,-0.0247246142521591,-0.0250901081506475,-0.0254543159116318,-0.025817254579817,-0.0261789417908405,-0.0265393957678272,-0.0268986353177479,-0.0272566798275705,-0.0276135492601988,-0.0279692641501882,-0.0283238455992313,-0.0286773152714053,-0.0290296953881749,-0.0293810087231427,-0.0297312785965358,-0.0300805288694237,-0.0304287839376574,-0.0307760687255244,-0.0311224086791099,-0.0314678297593573,-0.0318123584348205,-0.0321560216740995,-0.0324988469379567,-0.0328408621711049,-0.0331820957936624,-0.0335225766922718,-0.0338623342108758,-0.0342013981411462,-0.0345397987125591,-0.0348775665821127,-0.0352147328236819,-0.0355513289170084,-0.0358873867363237,-0.036222938538601,-0.0365580169514339,-0.0368926549605388,-0.0372268858968812,-0.0375607434234256,-0.0378942615215095,-0.0382274744768403,-0.0385604168651192,-0.0388931235372952,-0.039225629604451,-0.0395579704223211,-0.0398901815754459,-0.0402222988609663,-0.0405543582720663,-0.0408863959810683,-0.041218448322183,-0.0415505517739249,-0.0418827429412015,-0.0422150585370844,-0.0425475353642676,-0.0428802102962272,-0.0432131202580898,-0.0435463022072215,-0.0438797931135458,-0.0442136299396077,-0.0445478496203922,-0.0448824890429069,-0.0452175850255443,-0.0455531742972372,-0.0458892934764246,-0.0462259790498422,-0.0465632673511534,-0.046901194539439,-0.0472397965775624,-0.0475791092104261,-0.0479191679431382,-0.0482600080191088,-0.0486016643980938,-0.0489441717342024,-0.0492875643538908,-0.0496318762339558,-0.0499771409795558,-0.0503233918022808,-0.0506706614982872,-0.0510189824265169,-0.0513683864870243,-0.0517189050994356,-0.0520705691815664,-0.0524234091282169,-0.0527774547901673,-0.0531327354533924,-0.0534892798185155,-0.0538471159805221,-0.0542062714087573,-0.054566772927227,-0.0549286466952274,-0.0552919181883248,-0.0556566121797077,-0.0560227527219323,-0.0563903631290882,-0.0567594659594099,-0.0571300829983542,-0.057502235242163,-0.057875942881937,-0.0582512252882377,-0.0586281009962387,-0.0590065876914433,-0.059386702195988,-0.0597684604555511,-0.0601518775268817,-0.0605369675659689,-0.0609237438168688,-0.0613122186012065,-0.0617024033083765,-0.0620943083864549,-0.0624879433338379,-0.0628833166916171,-0.0632804360367076,-0.0636793079757414,-0.0640799381397368,-0.0644823311795604,-0.0648864907621936,-0.0652924195678114,-0.0657001192876819,-0.0661095906228945,-0.0665208332839288,-0.0669338459910704,-0.0673486264756759,-0.067765171482293,-0.06818347677164,-0.0686035371244456,-0.0690253463461552,-0.0694488972725033,-0.0698741817759526,-0.0703011907729982,-0.0707299142323333,-0.0711603411838675,-0.0715924597285919,-0.0720262570492852,-0.0724617194220532,-0.0728988322286949,-0.0733375799698915,-0.073777946279209,-0.07421991393791,-0.0746634648905633,-0.0751085802614325,-0.0755552403716277,-0.0760034247570117,-0.0764531121868479,-0.0769042806831646,-0.0773569075408242,-0.0778109693482799,-0.0782664420090028,-0.0787233007635607,-0.0791815202123222,-0.0796410743387614,-0.0801019365333372,-0.0805640796179259,-0.0810274758707882,-0.0814920970520396,-0.081957914429602,-0.0824248988056069,-0.082893020543223,-0.0833622495938821,-0.0838325555248734,-0.0843039075472816,-0.0847762745442424,-0.0852496250994777,-0.0857239275260839,-0.0861991498955393,-0.0866752600669035,-0.087152225716174,-0.0876300143657684,-0.0881085934141046,-0.0885879301652459,-0.0890679918585713,-0.0895487456984359,-0.0900301588837882,-0.0905121986377091,-0.0909948322368419,-0.0914780270406852,-0.0919617505207088,-0.0924459702892585,-0.0929306541282238,-0.0934157700174343,-0.0939012861627555,-0.0943871710238484,-0.0948733933415601,-0.0953599221649085,-0.0958467268776286,-0.0963337772242584,-0.0968210433357371,-0.097308495754484,-0.0977961054589186,-0.0982838438873933,-0.0987716829615081,-0.09925959510878,-0.0997475532846423,-0.100235530993744,-0.100723502310529,-0.101211441899072,-0.101699325032143,-0.102187127609484,-0.102674826175268,-0.103162397934717,-0.103649820769866,-0.104137073254432,-0.104624134667793,-0.105110985008038,-0.105597605004084,-0.106083976126809,-0.106570080599214,-0.107055901405586,-0.107541422299665,-0.108026627811795,-0.108511503255054,-0.108996034730359,-0.109480209130524,-0.109964014143273,-0.110447438253197,-0.110930470742656,-0.111413101691595,-0.111895321976313,-0.112377123267146,-0.112858498025097,-0.113339439497384,-0.113819941711931,-0.114299999470785,-0.114779608342472,-0.115258764653291,-0.115737465477549,-0.116215708626753,-0.116693492637782,-0.117170816760036,-0.117647680941582,-0.118124085814291,-0.118600032677995,-0.119075523483677,-0.119550560815698,-0.120025147873073,-0.120499288449827,-0.120972986914461,-0.12144624818852,-0.121919077724301,-0.122391481481737,-0.122863465904473,-0.123335037895164,-0.123806204790009,-0.124276974332563,-0.124747354646825,-0.125217354209653,-0.125686981822499,-0.126156246582501,-0.126625157852971,-0.127093725233298,-0.127561958528322,-0.128029867717183,-0.128497462921709,-0.128964754374365,-0.129431752385787,-0.129898467311944,-0.130364909520963,-0.130831089359649,-0.13129701711973,-0.131762703003886,-0.132228157091576,-0.132693389304712,-0.13315840937321,-0.133623226800484,-0.134087850828908,-0.134552290405261,-0.135016554146233,-0.135480650304013,-0.135944586732008,-0.136408370850728,-0.136872009613877,-0.137335509474701,-0.137798876352626,-0.138262115600229,-0.138725231970568,-0.139188229584929,-0.139651111901029,-0.14011388168173,-0.140576540964269,-0.141039091030089,-0.141501532375269,-0.141963864681638,-0.142426086788603,-0.142888196665716,-0.143350191386019,-0.143812067100211,-0.144273819011689,-0.144735441352493,-0.145196927360186,-0.145658269255699,-0.146119458222175,-0.14658048438486,-0.147041336792054,-0.147502003397193,-0.147962471042064,-0.148422725441217,-0.148882751167579,-0.1493425316393,-0.149802049107852,-0.150261284647403,-0.150720218145522,-0.151178828295221,-0.151637092588356,-0.152094987310403,-0.152552487536649,-0.15300956712981,-0.153466198739095,-0.153922353800757,-0.154378002540131,-0.154833113975168,-0.155287655921456,-0.155741594998758,-0.156194896639049,-0.156647525096093,-0.157099443456554,-0.157550613652653,-0.158000996476359,-0.158450551595119,-0.158899237569121,-0.159347011870082,-0.159793830901564,-0.160239650020773,-0.160684423561871,-0.161128104860782,-0.161570646281485,-0.162011999243779,-0.162452114252485,-0.162890940928084,-0.163328428038759,-0.163764523533823,-0.164199174578517,-0.164632327590144,-0.165063928275498,-0.16549392166955,-0.165922252175364,-0.166348863605206,-0.166773699222814,-0.167196701786803,-0.167617813595159,-0.168036976530775,-0.168454132107978,-0.168869221520016,-0.169282185687469,-0.169692965307522,-0.170101500904046,-0.170507732878431,-0.170911601561137,-0.17131304726389,-0.171712010332474,-0.172108431200059,-0.172502250440999,-0.172893408825027,-0.173281847371817,-0.173667507405836,-0.174050330611439,-0.17443025908813,-0.174807235405924,-0.175181202660759,-0.175552104529862,-0.175919885327022,-0.176284490057695,-0.176645864473874,-0.177003955128669,-0.177358709430497,-0.177710075696811,-0.178058003207326,-0.178402442256654,-0.178743344206325,-0.179080661536089,-0.179414347894433,-0.179744358148225,-0.180070648431434,-0.180393176192836,-0.180711900242671,-0.181026780798159,-0.181337779527837,-0.181644859594625,-0.181947985697589,-0.1822471241123,-0.182542242729753,-0.18283331109377,-0.183120300436835,-0.183403183714292,-0.183681935636862,-0.183956532701438,-0.184226953220107,-0.18449317734735,-0.18475518710537,-0.185012966407505,-0.185266501079669,-0.185515778879798,-0.185760789515238,-0.186001524658067,-0.186237977958291,-0.186470145054915,-0.186698023584838,-0.186921613189553,-0.187140915519635,-0.187355934236986,-0.187566675014803,-0.187773145535282,-0.187975355485027,-0.1881733165482,-0.188367042397373,-0.188556548682102,-0.188741853015218,-0.188922974956823,-0.189099935996039,-0.189272759530504,-0.189441470843654,-0.189606097079804,-0.189766667217035,-0.189923212037913,-0.190075764098072,-0.19022435769272,-0.190369028821075,-0.190509815148805,-0.190646755968487,-0.190779892158158,-0.190909266137988,-0.191034921825172,-0.191156904587068,-0.191275261192665,-0.191390039762418,-0.191501289716557,-0.191609061721919,-0.191713407637385,-0.191814380457996,-0.191912034257817,-0.192006424131643,-0.192097606135641,-0.192185637227,-0.192270575202679,-0.192352478637352,-0.192431406820662,-0.192507419693869,-0.192580577785992,-0.192650942149518,-0.19271857429581,-0.192783536130312,-0.19284588988765,-0.192905698066733,-0.192963023365948,-0.193017928618562,-0.193070476728436,-0.193120730606154,-0.193168753105652,-0.19321460696148,-0.193258354726753,-0.193300058711938,-0.19333978092455,-0.193377583009859,-0.193413526192728,-0.193447671220658,-0.19348007830816,-0.193510807082527,-0.193539916531108,-0.193567464950169,-0.193593509895429,-0.19361810813434,-0.193641315600194,-0.19366318734813,-0.193683777513117,-0.193703139269963,-0.19372132479543,-0.193738385232507,-0.193754370656915,-0.19376933004589,-0.193783311249285,-0.193796360963014,-0.193808524704871,-0.19381984679274,-0.193830370325247,-0.193840137164861,-0.193849187923492,-0.193857561950562,-0.193865297323565,-0.193872430841086,-0.193878998018286,-0.193885033084851,-0.193890568985346,-0.193895637381958,-0.193900268659562,-0.193904491933096,-0.193908335057197,-0.193911824638068,-0.193914986047502,-0.193917843439002,-0.193920419765927,-0.193922736801571,-0.193924815161108,-0.193926674325326,-0.193928332666037,-0.193929807473069,-0.193931114982755,-0.193932270407817,-0.193933287968524,-0.193934180925007,-0.193934961610609,-0.193935641466161,-0.193936231075059,-0.193936740199006,-0.193937177814295,-0.19393755214849,-0.193937870717379,-0.193938140362079,-0.193938367286155,-0.193938557092625,-0.193938714820697,-0.193938844982141,-0.19393895159717,-0.193939038229702,-0.193939108021888,-0.193939163727773,-0.193939207745993,-0.1939392421514,-0.193939268725522,-0.193939288985751,-0.193939304213178,-0.193939315478985,-0.19393932366935,-0.193939329508785,-0.193939333581872,-0.193939336353379,-0.193939338186707,-0.193939339360662,-0.193939340084533,-0.193939340511491
0.105552046814259,0.105111844617636,0.104662666575521,0.104204546990565,0.103737524670281,0.103261642892138,0.102776949364541,0.102283496183727,0.101781339786688,0.101270540900184,0.100751164485944,0.100223279682139,0.0996869597412358,0.0991422819643328,0.0985893276320886,0.0980281819323463,0.0974589338845735,0.0968816762612441,0.0962965055062866,0.0957035216507295,0.0951028282256762,0.0944945321727477,0.0938787437521282,0.0932555764483639,0.0926251468740669,0.0919875746716712,0.0913429824133868,0.0906914954994965,0.0900332420551465,0.0893683528257901,0.0886969610714392,0.0880192024598803,0.0873352149590116,0.086645138728466,0.085949116010668,0.0852472910214763,0.0845398098405703,0.0838268203017401,0.0831084718832337,0.082384915598312,0.0816563038861623,0.0809227905033198,0.0801845304157446,0.0794416796917003,0.0786943953955701,0.0779428354827571,0.0771871586958048,0.0764275244618744,0.0756640927917036,0.074897024180173,0.0741264795085982,0.0733526199488675,0.0725756068695336,0.0717956017439722,0.0710127660607152,0.070227261236059,0.0694392485290437,0.0686488889588936,0.0678563432249967,0.0670617716295044,0.0662653340026289,0.0654671896307071,0.0646674971870911,0.0638664146659266,0.0630640993188726,0.0622607075948098,0.0614563950825749,0.0606513164567573,0.0598456254265859,0.0590394746879287,0.0582330158784238,0.0574263995357546,0.05661977505907,0.0558132906735501,0.0550070933981125,0.0542013290162437,0.0533961420499381,0.0525916757367194,0.0517880720097122,0.0509854714807272,0.0501840134263207,0.0493838357767778,0.0485850751079662,0.0477878666360008,0.0469923442146597,0.046198640335478,0.0454068861304444,0.0446172113772223,0.0438297445068103,0.043044612613557,0.0422619414674393,0.0414818555285027,0.0407044779633619,0.0399299306636543,0.0391583342663366,0.0383898081757141,0.0376244705870892,0.0368624385119109,0.0361038278043068,0.0353487531888693,0.0345973282895734,0.0338496656596962,0.033105876812612,0.0323660722533285,0.0316303615106353,0.0308988531697299,0.0301716549051903,0.0294488735141589,0.0287306149496065,0.0280169843535441,0.0273080860900492,0.0266040237779795,0.0259049003232439,0.0252108179505065,0.0245218782341987,0.0238381821287199,0.0231598299977131,0.0224869216423043,0.021819556328205,0.0211578328115792,0.0205018493635874,0.0198517037935276,0.0192074934705061,0.0185693153435871,0.0179372659603818,0.0173114414840642,0.0166919377088209,0.016078850073777,0.0154722736754775,0.0148723032790541,0.0142790333282694,0.0136925579547106,0.013112970986513,0.0125403659571271,0.0119748361148337,0.0114164744339563,0.0108653736290656,0.0103216261739385,0.00978532432769403,0.00925656017147131,0.00873542566036876,0.00822201269735897,0.0077164132388704,0.00721871944626408,0.00672902390449335,0.00624741994048319,0.00577400209215816,0.00530886681000359,0.00485211352687909,0.00440384632896701,0.00396417664373596,0.00353322772290843,0.00311114245776922,0.00269809777072996,0.00229433299967462,0.00190021102321572,0.00151636609611707,0.00114412356062795,0.000787008517355261,0.000458649468555455,0.000249299053466824,0.000394046048326672,0.00068598851441479,0.000994627132946476,0.0013011395729447,0.00160112438516769,0.00189303342689949,0.00217616856202246,0.00245015627381678,0.00271476956921908,0.00296985631587577,0.00321530664881654,0.0034510367281979,0.0036769800597424,0.00389308260093068,0.00409929988837842,0.00429559530403706,0.00448193901343225,0.00465830731704405,0.00482468226538959,0.00498105144861108,0.00512740790585176,0.00526375012014768,0.00539008207709591,0.00550641337349636,0.00561275936736588,0.00570914136426793,0.0057955868374295,0.00587212968102668,0.00593881049756385,0.00599567692161674,0.006042783983476,0.00608019451750541,0.00610797962139311,0.00612621917399275,0.00613500242119421,0.00613442864130434,0.00612460790384269,0.0061056619385635,0.00607772513502249,0.00604094569725812,0.00599548698332708,0.00594152906573179,0.0058792705564549,0.00580893074967287,0.00573075214660174,0.00564500344072394,0.0055519830582667,0.00545202336864432,0.0053454957029248,0.00523281634525763,0.00511445369208235,0.00499093680527657,0.00486286561482077,0.00473092304756461,0.00459588935966412,0.00445865891149761,0.00432025951335593,0.00418187423848526,0.00404486517522353,0.00391079787630409,0.00378146415161714,0.00365889925461441,0.00354538745419697,0.00344344774786965,0.00335578981546253,0.00328523062211259,0.00323456619741313,0.00320640246405081,0.00320296288598768,0.00322590481545839,0.00327618331669173,0.00335399454194782,0.00345881064215478,0.00358949319162167,0.00374445378503179,0.00392182565970594,0.00411961753873109,0.00433583382114803,0.00456855730916334,0.00481599855215458,0.00507651936382569,0.00534863844110567,0.00563102579774352,0.00592249102043296,0.00622196875498053,0.00652850356342818,0.00684123538767718,0.00715938625366387,0.00748224847444989,0.00780917439019433,0.0081395675635068,0.00847287529174857,0.00880858227786519,0.00914620530195919,0.00948528874699504,0.00982540084780724,0.0101661305495721,0.0105070848782987,0.0108478867408242,0.0111881730849302,0.0115275933614993,0.011865808240218,0.0122024885383858,0.0125373143291148,0.0128699742007921,0.013200164644318,0.0135275895484678,0.013851959786913,0.0141729928830676,0.0144904127411131,0.0148039494333741,0.0151133390357221,0.0154183235039469,0.0157186505850834,0.0160140737585624,0.0163043522027925,0.0165892507833985,0.0168685400598671,0.0171419963077904,0.0174094015542727,0.0176705436243864,0.0179252161968327,0.0181732188671954,0.0184143572173758,0.0186484428899652,0.018875293666461,0.0190947335483592,0.0193065928402688,0.0195107082342886,0.0197069228949734,0.0198950865442895,0.0200750555460275,0.020246692989194,0.0204098687699605,0.0205644596717909,0.0207103494434103,0.0208474288743186,0.0209755958675874,0.0210947555097104,0.0212048201373065,0.0213057094005027,0.0213973503228518,0.021479677357661,0.0215526324406352,0.0216161650387588,0.0216702321953638,0.0217147985713519,0.0217498364825645,0.0217753259333121,0.0217912546460994,0.0217976180876019,0.0217944194909803,0.021781669874638,0.0217593880575523,0.0217276006713338,0.0216863421692001,0.0216356548320771,0.0215755887720745,0.0215062019336115,0.0214275600925082,0.0213397368533915,0.0212428136458088,0.0211368797194881,0.0210220321392303,0.0208983757799773,0.0207660233226527,0.0206250952514402,0.0204757198532336,0.0203180332200699,0.0201521792554416,0.0199783096854795,0.0197965840761009,0.0196071698573315,0.01941024235614,0.0192059848392637,0.0189945885676627,0.018776252864408,0.0185511851980044,0.0183196012833561,0.0180817252028221,0.0178377895500624,0.0175880355996582,0.0173327135057952,0.01707208253364,0.0168064113273968,0.0165359782194239,0.0162610715852036,0.0159819902493911,0.0156990439486139,0.0154125538571438,0.0151228531819842,0.0148302878343114,0.0145352171845134,0.0142380149082638,0.0139390699310657,0.013638787478422,0.0133375902381171,0.0130359196398742,0.0127342372556971,0.0124330263212398,0.012132793374277,0.0118340700003506,0.0115374146674818,0.0112434146208783,0.0109526877941896,0.0106658846753642,0.0103836900418352,0.0101068244510208,0.00983604533762627,0.00957214752918757,0.00931596294673958,0.00906835921082229,0.0088302368284892,0.0086025246012241,0.00838617287620315,0.00818214427652111,0.00799140160434487,0.00781489272924513,0.00765353246389941,0.00750818169474337,0.00737962436614467,0.00726854328482642,0.00717549606754234,0.00710089283363019,0.00704497737379866,0.00700781344845377,0.00698927755657504,0.00698905899053503,0.00700666732425255,0.00704144677928898,0.00709259629390226,0.00715919368160612,0.00724022206289148,0.00733459678864434,0.00744119130353725,0.00755886075239838,0.00768646253649951,0.00782287341523539,0.00796700307773258,0.00811780435674207,0.008274280420573,0.00843548936717117,0.00860054667346465,0.00876862594005301,0.00893895833192499,0.00911083106280469,0.00928358521316213,0.00945661311596196,0.00962935549341301,0.00980129848402292,0.00997197066261,0.0101409401262673,0.0103078116958851,0.0104722242648203,0.0106338483127348,0.0107923835926458,0.0109475569920883,0.0110991205643311,0.0112468497223075,0.0113905415858702,0.0115300134718557,0.0116651015159646,0.0117956594154491,0.0119215572818957,0.0120426805938878,0.0121589292399548,0.0122702166428971,0.0123764689572891,0.0124776243326646,0.0125736322355717,0.0126644528243318,0.012750056370943,0.0128304227251315,0.012905540816065,0.0129754081877181,0.0130400305643024,0.0130994214425617,0.0131536017080791,0.0132025992730578,0.0132464487333154,0.0132851910424874,0.0133188732016565,0.0133475479628261,0.01337127354484,0.0133901133605066,0.0134041357538333,0.0134134137464029,0.0134180247920371,0.0134180505389961,0.0134135765990553,0.0134046923228811,0.0133914905811972,0.0133740675513006,0.0133525225085437,0.0133269576224477,0.0132974777571631,0.0132641902760318,0.0132272048500421,0.0131866332700011,0.013142589262275,0.0130951883079753,0.0130445474654917,0.0129907851962907,0.0129340211939213,0.0128743762161811,0.0128119719204106,0.0127469307018963,0.0126793755353739,0.0126094298196311,0.0125372172252183,0.0124628615452792,0.0123864865495229,0.0123082158413623,0.0122281727182474,0.0121464800352262,0.0120632600717664,0.0119786344018753,0.0118927237675539,0.0118056479556261,0.0117175256779809,0.0116284744552664,0.0115386105040737,0.011448048627649,0.0113569021101741,0.0112652826146481,0.0111733000844093,0.0110810626483267,0.0109886765296964,0.0108962459588715,0.0108038730896538,0.0107116579194763,0.0106196982133987,0.0105280894319409,0.0104369246627755,0.0103462945562982,0.0102562872650919,0.0101669883872988,0.0100784809139124,0.00999084517999839,0.0099041588198521,0.00981849672609633,0.00973393101272231,0.00965053098207169,0.00956836309575548,0.0094874909495017,0.00940797525192085,0.00932987380717473,0.0092532415015299,0.00917813029377271,0.00910458920945833,0.00903266433896178,0.0089623988392934,0.00889383293963706,0.00882700395056263,0.00876194627685771,0.00869869143391854,0.00863726806763281,0.0085777019776815,0.0085200161441802,0.00846423075757349,0.00841036325168918,0.00835842833985287,0.00830843805395724,0.00826040178637427,0.00821432633459254,0.00817021594845641,0.00812807237987914,0.00808789493489726,0.00804968052792982,0.00801342373810321,0.0079791168674997,0.00794675000118563,0.00791631106887425,0.00788778590807826,0.00786115832860803,0.00783641017827186,0.00781352140963701,0.00779247014771341,0.00777323275842551,0.0077557839177412,0.00774009668133173,0.00772614255464084,0.00771389156324704,0.00770331232340817,0.00769437211268303,0.00768703694053076,0.00768127161879453,0.00767703983198146,0.00767430420725672,0.00767302638407503,0.00767316708337799,0.00767468617629109,0.00767754275225805,0.00768169518655452,0.00768710120712681,0.00769371796070501,0.00770150207814231,0.0077104097389354,0.00772039673488317,0.00773141853284285,0.00774343033654478,0.00775638714742837,0.00777024382446263,0.00778495514291591,0.00780047585204023,0.00781676073163659,0.00783376464746773,0.00785144260548602,0.00786974980484438,0.00788864168965852,0.00790807399948941,0.00792800281851592,0.00794838462336743,0.00796917632958717,0.00799033533669776,0.00801181957184165,0.00803358753197009,0.00805559832455586,0.00807781170680529,0.00810018812334686,0.00812268874237519,0.00814527549023121,0.00816791108440093,0.00819055906491678,0.00821318382414725,0.00823575063496266,0.00825822567726711,0.00828057606288849,0.00830276985882055,0.00832477610881294,0.00834656485330685,0.00836810714771632,0.00838937507905872,0.00841034178093883,0.00843098144689377,0.00845126934210788,0.00847118181350847,0.00849069629825552,0.00850979133064111,0.00852844654741595,0.00854664269156257,0.00856436161453641,0.008581586276998,0.00859830074806124,0.00861449020308458,0.00863014092003309,0.00864524027444187,0.00865977673301221,0.00867373984587329,0.00868712023754339,0.00869990959662538,0.00871210066427397,0.00872368722147268,0.00873466407515988,0.00874502704324369,0.00875477293854659,0.0087638995517214,0.00877240563318058,0.00878029087408172,0.00878755588641293,0.00879420218222229,0.00880023215203602,0.0088056490425102,0.00881045693336103,0.00881466071361929,0.00881826605725493,0.0088212793982174,0.00882370790493701,0.00882555945433219,0.00882684260536827,0.00882756657221336,0.00882774119703671,0.00882737692249481,0.00882648476394871,0.0088250762814564,0.00882316355158348,0.00882075913907501,0.00881787606843064,0.00881452779542519,0.00881072817861479,0.00880649145086856,0.00880183219096524,0.00879676529529414,0.00879130594969804,0.00878546960149448,0.00877927193171148,0.00877272882757211,0.00876585635526168,0.00875867073301027,0.00875118830452242,0.00874342551278467,0.00873539887428071,0.00872712495364216,0.00871862033876228,0.00870990161639851,0.00870098534828823,0.00869188804780136,0.00868262615715257,0.00867321602519375,0.00866367388580645,0.00865401583691294,0.00864425782012263,0.00863441560102948,0.00862450475017499,0.00861454062469024,0.00860453835062977,0.00859451280600798,0.00858447860454793,0.00857445008015069,0.00856444127209215,0.00855446591095381,0.00854453740529225,0.00853466882905046,0.00852487290971304,0.00851516201720694,0.00850554815354773,0.00849604294322978,0.00848665762435845,0.00847740304052171,0.00846828963339698,0.0084593274360872,0.00845052606717992,0.00844189472552257,0.00843344218570628,0.00842517679424913,0.00841710646646918,0.00840923868403681,0.00840158049319499,0.00839413850363585,0.0083869188880211,0.00837992738213346,0.00837316928564489,0.00836664946348697,0.0083603723478084,0.00835434194050371,0.00834856181629689,0.00834303512636405,0.00833776460247869,0.0083327525616625,0.00832800091132375,0.00832351115486559,0.00831928439774657,0.00831532135397562,0.00831162235302296,0.00830818734712857,0.0083050159189895,0.00830210728980723,0.00829946032767588,0.00829707355629241,0.00829494516396991,0.00829307301293559,0.00829145464889487,0.00829008731084272,0.00828896794110385,0.00828809319558354,0.00828745945421059,0.0082870628315538,0.00828689918759353,0.00828696413863029,0.00828725306831325,0.00828776113877116,0.00828848330182837,0.00828941431028895,0.00829054872927253,0.00829188094758501,0.00829340518910823,0.00829511552419243,0.008297005881036,0.00829907005703707,0.00830130173010261,0.00830369446990046,0.00830624174904018,0.00830893695416894,0.00831177339696952,0.00831474432504712,0.00831784293269221,0.00832106237150692,0.0083243957608829,0.00832783619831953,0.00833137676957171,0.00833501055861696,0.00833873065743133,0.00834253017556476,0.00834640224950685,0.00835034005183434,0.00835433680013173,0.00835838576567655,0.00836248028188214,0.00836661375249131,0.00837077965951395,0.00837497157090267,0.00837918314796082,0.00838340815247804,0.00838764045358897,0.00839187403435107,0.00839610299803775,0.00840032157414345,0.00840452412409777,0.00840870514668581,0.00841285928317324,0.00841698132213449,0.00842106620398246,0.00842510902519865,0.00842910504226352,0.00843304967528796,0.00843693851134619,0.00844076730751098,0.00844453199359244,0.00844822867458212,0.00845185363280434,0.00845540332977714,0.00845887440778595,0.00846226369117319,0.00846556818734751,0.00846878508751604,0.00847191176714369,0.00847494578614388,0.00847788488880498,0.00848072700345801,0.00848347024189104,0.0084861128985155,0.00848865344929036,0.00849109055040954,0.00849342303675877,0.00849564992014841,0.00849777038732897,0.00849978379779601,0.0085016896813912,0.0085034877357067,0.00850517782330043,0.00850675996873,0.00850823435541284,0.00850960132231995,0.00851086136051066,0.00851201510951666,0.00851306335358307,0.00851400701777432,0.00851484716395245,0.00851558498663597,0.00851622180874758,0.00851675907725865,0.00851719835873838,0.00851754133481594,0.00851778979756325,0.00851794564480633,0.00851801087537324,0.00851798758428673,0.0085178779579091,0.00851768426904689,0.00851740887202329,0.00851705419772557,0.00851662274863515,0.0085161170938476,0.00851553986408958,0.00851489374673951,0.00851418148085884,0.00851340585224071,0.00851256968848288,0.00851167585409089,0.00851072724561769,0.00850972678684583,0.0085086774240185,0.00850758212112496,0.00850644385524562,0.00850526561196199,0.00850405038083735,0.00850280115097343,0.00850152090664733,0.00850021262303366,0.00849887926201599,0.0084975237680916,0.0084961490643735,0.00849475804869312,0.00849335358980716,0.00849193852371195,0.00849051565006855,0.0084890877287415,0.00848765747645387,0.00848622756356038,0.00848480061094097,0.0084833791870166,0.00848196580488915,0.00848056291960685,0.00847917292555658,0.00847779815398465,0.00847644087064717,0.00847510327359062,0.00847378749106282,0.00847249557955482,0.008471229521974,0.00846999122594803,0.00846878252225969,0.00846760516341231,0.00846646082232542,0.00846535109115992,0.00846427748027222,0.00846324141729594,0.00846224424635015,0.00846128722737317,0.00846037153558024,0.00845949826104382,0.00845866840839538,0.0084578828966469,0.00845714255912966,0.00845644814354862,0.00845580031214962,0.00845519964199764,0.0084546466253639,0.00845414167021935,0.00845368510083212,0.00845327715846623,0.00845291800217916,0.00845260770971594,0.00845234627849683,0.00845213362669587,0.00845196959440713,0.00845185394489553,0.00845178636592959,0.00845176647119356,0.00845179380177514,0.00845186782772585,0.00845198794969092,0.00845215350060597,0.00845236374745694,0.00845261789310026,0.00845291507814009,0.00845325438285915,0.0084536348292,0.00845405538279379,0.00845451495503293,0.00845501240518425,0.00845554654253936,0.00845611612859917,0.00845671987928951,0.00845735646720436,0.00845802452387347,0.00845872264205087,0.00845944937802122,0.0084602032539216,0.00846098276007544,0.00846178635733553,0.00846261247943291,0.00846345953532871,0.00846432591156579,0.00846520997461731,0.00846611007322985,0.00846702454075807,0.00846795169748756,0.00846888985294346,0.00846983730818196,0.00847079235806186,0.00847175329349361,0.00847271840366356,0.00847368597823099,0.00847465430949552,0.00847562169453269,0.00847658643729584,0.00847754685068246,0.00847850125856292,0.0084794479977691,0.00848038542004051,0.00848131189392621,0.00848222580664085,0.00848312556587348,0.00848400960154781,0.00848487636753216,0.0084857243432977,0.00848655203552384,0.00848735797964953,0.008488140741369,0.0084888989180709,0.00848963114022002,0.00849033607268089,0.00849101241598239,0.00849165890752253,0.008492274322713,0.00849285747606313,0.0084934072222024,0.00849392245684165,0.00849440211767254,0.00849484518520491,0.00849525068354233,0.00849561768109594,0.00849594529123706,0.00849623267288892,0.00849647903105804,0.00849668361730536,0.00849684573015782,0.0084969647154612,0.00849703996667514,0.00849707092511086,0.0084970570801121,0.00849699796918037,0.00849689317804563,0.00849674234068346,0.00849654513927953,0.00849630130414269,0.00849601061356791,0.00849567289365018,0.00849528801805141,0.00849485590772174,0.00849437653057654,0.00849384990113024,0.00849327608008882,0.00849265517390245,0.00849198733428023,0.00849127275766853,0.00849051168469463,0.00848970439957723,0.00848885122950583,0.00848795254399035,0.00848700875418294,0.00848602031217375,0.00848498771026228,0.00848391148020597,0.00848279219244734,0.00848163045532147,0.00848042691424604,0.00847918225089554,0.00847789718236119,0.00847657246029812,0.00847520887006126,0.00847380722983088,0.00847236838972886,0.00847089323092743,0.00846938266475162,0.00846783763177673,0.00846625910092168,0.00846464806853894,0.00846300555750213,0.00846133261629222,0.00845963031808312,0.00845789975982781,0.00845614206134602,0.00845435836441362,0.00845254983185365,0.00845071764662945,0.0084488630109401,0.00844698714531862,0.00844509128773283,0.00844317669268938,0.00844124463034083,0.00843929638559576,0.00843733325723188,0.00843535655701181,0.00843336760880097,0.00843136774768741,0.00842935831910294,0.00842734067794583,0.00842531618770418,0.00842328621957977,0.00842125215161204,0.00841921536780207,0.00841717725723518,0.00841513921320158,0.00841310263231419,0.00841106891362343,0.00840903945772873,0.00840701566588563,0.00840499893910824,0.00840299067726704,0.00840099227818158,0.00839900513670743,0.00839703064381685,0.00839507018567295,0.0083931251426972,0.00839119688863002,0.00838928678958492,0.00838739620309615,0.00838552647715975,0.00838367894926805,0.00838185494543819,0.00838005577923518,0.00837828275079037,0.00837653714581634,0.00837482023461888,0.00837313327110725,0.00837147749180313,0.00836985411484935,0.00836826433901989,0.00836670934273302,0.00836519028306899,0.00836370829479412,0.00836226448939301,0.00836085995411056,0.00835949575100619,0.00835817291602263,0.00835689245807148,0.0083556553581373,0.00835446256840244,0.00835331501139561,0.00835221357916668,0.00835115913249056,0.00835015250010268,0.00834919447796843,0.00834828582858953,0.0083474272803502,0.00834661952690581,0.00834586322661608,0.00834515900202543,0.00834450743939283,0.00834390908827446,0.00834336446116125,0.00834287403317389,0.00834243824181713,0.0083420574867953,0.00834173212989077,0.00834146249490679,0.00834124886767653,0.00834109149613963,0.00834099059048755,0.0083409463233784,0.00834095883022229,0.00834102820953714,0.00834115452337485,0.00834133779781817,0.00834157802354847,0.00834187515648374,0.00834222911848589,0.00834263979813559,0.00834310705157311,0.00834363070340381,0.00834421054766567,0.00834484634885656,0.0083455378430183,0.00834628473887474,0.0083470867190208,0.00834794344115843,0.00834885453937574,0.00834981962546553,0.00835083829027795,0.00835191010510299,0.00835303462307815,0.0083542113806162,0.00835543989884794,0.00835671968507404,0.0083580502342204,0.0083594310302916,0.00836086154781689,0.00836234125328216,0.00836386960654237,0.00836544606220877,0.00836707007100405,0.00836874108107935,0.00837045853928684,0.00837222189240231,0.00837403058829205,0.00837588407701854,0.00837778181187922,0.00837972325037368,0.00838170785509444,0.00838373509453601,0.00838580444381761,0.00838791538531488,0.00839006740919697,0.00839226001386567,0.00839449270629363,0.00839676500225861,0.00839907642647084,0.00840142651259186,0.00840381480314312,0.00840624084930385,0.00840870421059717,0.00841120445446422,0.00841374115572706,0.00841631389594138,0.00841892226264017,0.0084215658484705,0.00842424425022571,0.00842695706777575,0.00842970390289868,0.00843248435801758,0.00843529803484735,0.00843814453295648,0.00844102344824874,0.00844393437137117,0.00844687688605483,0.0084498505673954,0.00845285498008111,0.00845588967657511,0.00845895419526008,0.00846204805855299,0.00846517077099861,0.00846832181735056,0.00847150066064883,0.00847470674030317,0.00847793947019183,0.00848119823678482,0.00848448239730111,0.00848779127790944,0.00849112417198209,0.00849448033841077,0.00849785899999339,0.00850125934190089,0.00850468051023341,0.00850812161067348,0.00851158170724448,0.00851505982118289,0.00851855492993253,0.00852206596626795,0.00852559181755409,0.00852913132514846,0.00853268328395114,0.00853624644210788,0.00853981950087082,0.00854340111462171,0.0085469898910609,0.00855058439156467,0.00855418313171354,0.00855778458199277,0.00856138716866535,0.0085649892748174,0.00856858924157584,0.00857218536949701,0.00857577592012447,0.00857935911771321,0.00858293315111775,0.00858649617583988,0.00859004631623115,0.00859358166784497,0.00859710029993274,0.00860060025807826,0.00860407956696327,0.00860753623325602,0.00861096824861523,0.00861437359280031,0.00861775023687885,0.00862109614652171,0.00862440928537514,0.00862768761849978,0.00863092911586658,0.0086341317558996,0.0086372935290546,0.00864041244142205,0.00864348651834307,0.0086465138080274,0.00864949238516247,0.0086524203545024,0.00865529585442572,0.00865811706045083,0.00866088218869798,0.00866358949928687,0.00866623729965905,0.00866882394781495,0.00867134785545573,0.00867380749102035,0.00867620138260873,0.00867852812078217,0.00868078636123285,0.00868297482731444,0.00868509231242632,0.00868713768224437,0.00868910987679178,0.00869100791234403,0.00869283088316267,0.00869457796305374,0.00869624840674699,0.00869784155109235,0.00869935681607081,0.00870079370561711,0.0087021518082531,0.00870343079753104,0.00870463043228588,0.0087057505566961,0.00870679110015451,0.00870775207695016,0.00870863358576301,0.00870943580897479,0.00871015901179898,0.00871080354123338,0.00871136982484041,0.00871185836935975,0.00871226975915792,0.00871260465452034,0.00871286378979174,0.00871304797137241,0.00871315807557666,0.00871319504636069,0.00871315989292816,0.00871305368722045,0.0087128775612998,0.00871263270463365,0.00871232036128824,0.00871194182704053,0.00871149844641749,0.0087109916096715,0.00871042274970053,0.00870979333892188,0.00870910488610864,0.00870835893319778,0.00870755705207834,0.00870670084136888,0.00870579192319295,0.00870483193996084,0.00870382255116646,0.00870276543020712,0.00870166226123401,0.00870051473604064,0.00869932455099674,0.00869809340403512,0.00869682299169823,0.00869551500625112,0.00869417113286729,0.00869279304689325,0.00869138241119776,0.0086899408736101,0.00868847006445219,0.00868697159416882,0.00868544705105936,0.00868389799911413,0.00868232597595873,0.00868073249090939,0.00867911902314242,0.00867748701997928,0.00867583789528897,0.00867417302800892,0.00867249376078564,0.00867080139873459,0.00866909720831905,0.00866738241634762,0.00866565820909037,0.00866392573151295,0.00866218608662674,0.00866044033495365,0.00865868949410352,0.00865693453846223,0.00865517639898808,0.00865341596311402,0.00865165407475308,0.00864989153440437,0.00864812909935628,0.00864636748398368,0.0086446073601346,0.00864284935760235,0.00864109406467922,0.00863934202878836,0.00863759375718979,0.00863584971775596,0.008634110339813,0.00863237601504335,0.00863064709844539,0.00862892390934577,0.00862720673246064,0.0086254958190016,0.00862379138782219,0.00862209362660075,0.00862040269305449,0.00861871871618136,0.00861704179752598,0.00861537201246493,0.00861370941150702,0.00861205402160524,0.00861040584747742,0.00860876487293153,0.00860713106219246,0.00860550436122677,0.00860388469906262,0.00860227198910178,0.00860066613042073,0.0085990670090578,0.00859747449928385,0.00859588846485371,0.00859430876023679,0.00859273523182485,0.00859116771911468,0.00858960605586379,0.00858805007121676,0.00858649959080066,0.00858495443778808,0.00858341443392647,0.00858187940053242,0.00858034915944942,0.00857882353396859,0.00857730234971138,0.00857578543547358,0.00857427262402988,0.00857276375289819,0.00857125866506358,0.00856975720966176,0.0085682592426224,0.0085667646272715,0.00856527323489296,0.00856378494524907,0.00856229964706078,0.00856081723844769,0.00855933762732733,0.00855786073177349,0.00855638648033524,0.00855491481231704,0.00855344567802103,0.0085519790389515,0.00855051486798194,0.00854905314948603,0.00854759387943306,0.00854613706544789,0.00854468272683595,0.00854323089457426,0.00854178161126948,0.00854033493108423,0.00853889091963294,0.00853744965384871,0.00853601122182158,0.00853457572260954,0.00853314326602323,0.00853171397238571,0.008530287972268,0.00852886540620156,0.00852744642436854,0.00852603118627141,0.00852461986038268,0.00852321262377551,0.00852180966173723,0.00852041116736679,0.00851901734115762,0.00851762839056663,0.00851624452957029,0.00851486597820902,0.00851349296212125,0.00851212571206821,0.00851076446345035,0.00850940945581678,0.00850806093236893,0.00850671913945912,0.00850538432608629,0.00850405674338949,0.00850273664413951,0.0085014242822309,0.00850011991217527,0.00849882378859669,0.00849753616573014,0.00849625729692331,0.00849498743414289,0.00849372682748618,0.00849247572469906,0.00849123437070159,0.00849000300712159,0.00848878187183712,0.00848757119852856,0.00848637121624152,0.00848518214896143,0.00848400421520039,0.00848283762759609,0.00848168259252334,0.00848053930971899,0.00847940797192072,0.00847828876452062,0.00847718186523385,0.00847608744378251,0.00847500566159479,0.00847393667151963,0.0084728806175576,0.00847183763460839,0.00847080784823507,0.00846979137444518,0.00846878831948929,0.00846779877967701,0.00846682284120999,0.00846586058003224,0.00846491206169754,0.00846397734125371,0.00846305646314334,0.00846214946112111,0.00846125635818738,0.00846037716653737,0.00845951188752611,0.00845866051164909,0.00845782301853899,0.00845699937697797,0.00845618954492504,0.00845539346955807,0.0084546110873302,0.00845384232404031,0.00845308709491695,0.00845234530471491,0.00845161684782452,0.00845090160839317,0.00845019946045833,0.00844951026809226,0.00844883388555725,0.00844817015747079,0.00844751891897988,0.00844687999594505,0.00844625320513351,0.00844563835442106,0.00844503524300199,0.00844444366160631,0.00844386339272388,0.00844329421083524,0.00844273588264832,0.00844218816734072,0.00844165081680737,0.00844112357591336,0.00844060618275131,0.00844009836890268,0.0084395998597027,0.00843911037450908,0.00843862962697351,0.00843815732531546,0.00843769317259781,0.00843723686700391,0.00843678810211682,0.00843634656720069,0.00843591194748331,0.00843548392443983,0.00843506217607689,0.00843464637721706,0.00843423619978338,0.00843383131308383,0.00843343138409562,0.00843303607774923,0.00843264505721189,0.00843225798417021,0.00843187451911159,0.00843149432160414,0.0084311170505746,0.00843074236458437,0.00843036992210365,0.00842999938178377,0.00842963040272771,0.00842926264475811,0.00842889576868272,0.00842852943655718,0.00842816331194548,0.00842779706017758,0.00842743034860477,0.00842706284685305,0.00842669422707421,0.00842632416419459,0.00842595233616078,0.00842557842418227,0.00842520211297117,0.00842482309097938,0.0084244410506332,0.00842405568856587,0.00842366670584751,0.00842327380821293,0.0084228767062877,0.00842247511581207,0.00842206875786261,0.00842165735907172,0.00842124065184511,0.00842081837457717,0.00842039027186459,0.00841995609471805,0.00841951560077226,0.00841906855449442,0.00841861472739116,0.00841815389821409,0.00841768585316364,0.00841721038609136,0.0084167272987009,0.00841623640074706,0.00841573751023286,0.0084152304536044,0.00841471506594377,0.00841419119115966,0.00841365868217531,0.00841311740111339,0.0084125672194776,0.00841200801833082,0.00841143968846938,0.00841086213059324,0.00841027525547177,0.0084096789841052,0.00840907324788193,0.00840845798873099,0.0084078331592688,0.00840719872294018,0.00840655465415326,0.00840590093840735,0.0084052375724135,0.00840456456420715,0.00840388193325282,0.00840318971054042,0.00840248793867214,0.00840177667193959,0.00840105597639146,0.00840032592989075,0.0083995866221609,0.00839883815482047,0.00839808064140574,0.00839731420738038,0.00839653899013163,0.00839575513895289,0.00839496281501176,0.00839416219130375,0.00839335345259105,0.00839253679532603,0.00839171242755882,0.00839088056882868,0.00839004145003903,0.00838919531331607,0.0083883424118507,0.00838748300972344,0.00838661738171178,0.00838574581308025,0.00838486859935284,0.00838398604606801,0.00838309846851625,0.00838220619146074,0.00838130954884082,0.00838040888345811,0.00837950454664574,0.0083785968979214,0.00837768630462465,0.00837677314153898,0.00837585779049854,0.00837494063997984,0.00837402208467913,0.00837310252507595,0.00837218236698349,0.00837126202108658,0.00837034190246829,0.00836942243012566,0.00836850402647511,0.0083675871168483,0.00836667212897926,0.00836575949248459,0.00836484963833754,0.00836394299833696,0.00836304000457267,0.00836214108888847,0.00836124668234386,0.00836035721467533,0.00835947311375829,0.00835859480507045,0.00835772271115866,0.0083568572511106,0.00835599884003234,0.00835514788853279,0.00835430480221599,0.00835346998118237,0.00835264381954098,0.00835182670493382,0.00835101901807345,0.00835022113229455,0.00834943341312043,0.00834865621784542,0.00834788989513393,0.00834713478463736,0.00834639121663014,0.00834565951166565,0.00834493998025267,0.00834423292255327,0.00834353862810262,0.00834285737555111,0.00834218943242968,0.00834153505493896,0.00834089448776243,0.00834026796390403,0.00833965570455057,0.00833905791895922,0.00833847480437049,0.00833790654594686,0.00833735331673678,0.00833681527766387,0.0083362925775415,0.00833578535311268,0.00833529372911495,0.00833481781836986,0.00833435772189611,0.00833391352904621,0.00833348531766601,0.00833307315427613,0.00833267709427486,0.00833229718216212,0.00833193345178375,0.00833158592659484,0.00833125461994152,0.00833093953536019,0.00833064066689309,0.00833035799941887,0.00833009150899741,0.00832984116322828,0.00832960692162095,0.00832938873597626,0.00832918655077747,0.00832900030359012,0.00832882992546929,0.00832867534137338,0.00832853647058278,0.00832841322712197,0.00832830552018397,0.00832821325455621,0.00832813633104657,0.00832807464690876,0.00832802809626607,0.0083279965705321,0.00832797995882752,0.00832797814839134,0.00832799102498626,0.00832801847329709,0.00832806037732126,0.00832811662074951,0.00832818708733617,0.00832827166125832,0.0083283702274628,0.00832848267200031,0.00832860888234633,0.00832874874770829,0.00832890215931821,0.00832906901070969,0.00832924919797935,0.00832944262003213,0.0083296491788104,0.00832986877950628,0.00833010133075725,0.00833034674482482,0.00833060493775583,0.00833087582952611,0.00833115934416644,0.00833145540987085,0.00833176395908719,0.00833208492859026,0.00833241825953774,0.0083327638975094,0.00833312179253004,0.00833349189907634,0.00833387417606804,0.00833426858684362,0.00833467509912109,0.00833509368494417,0.00833552432061411,0.00833596698660823,0.0083364216674852,0.00833688835177799,0.00833736703187485,0.00833785770388915,0.0083383603675188,0.00833887502589559,0.00833940168542518,0.0083399403556183,0.00834049104891409,0.00834105378049601,0.00834162856810043,0.00834221543181922,0.00834281439389687,0.00834342547852311,0.00834404871162131,0.00834468412063276,0.00834533173429748,0.00834599158243233,0.00834666369570679,0.00834734810541692,0.00834804484325755,0.00834875394109345,0.00834947543073018,0.00835020934368487,0.00835095571095754,0.00835171456280326,0.0083524859285052,0.00835326983614896,0.00835406631239852,0.00835487538227391,0.00835569706893072,0.00835653139344109,0.00835737837457585,0.00835823802858838,0.00835911036900025,0.00835999540638843,0.00836089314817466,0.00836180359841654,0.00836272675759991,0.00836366262243255,0.00836461118563971,0.00836557243576104,0.00836654635694904,0.00836753292876901,0.00836853212600015,0.0083695439184375,0.00837056827069511,0.00837160514201007,0.00837265448604729,0.00837371625070519,0.00837479037792247,0.00837587680348628,0.00837697545684149,0.00837808626090151,0.00837920913186072,0.00838034397900867,0.00838149070454596,0.0083826492034017,0.0083838193630527,0.00838500106334471,0.0083861941763158,0.0083873985660226,0.00838861408836995,0.00838984059094498,0.00839107791285569,0.00839232588457372,0.00839358432778215,0.00839485305522871,0.00839613187058552,0.00839742056831597,0.00839871893354885,0.00840002674196071,0.00840134375966671,0.00840266974312152,0.00840400443903093,0.00840534758427522,0.00840669890584427,0.00840805812078517,0.00840942493616333,0.0084107990490377,0.00841218014645062,0.00841356790543372,0.00841496199303098,0.00841636206633982,0.00841776777257076,0.00841917874912656,0.00842059462370166,0.00842201501440272,0.00842343952989113,0.00842486776954763,0.0084262993236591,0.00842773377362838,0.00842917069220777,0.00843060964375698,0.00843205018452593,0.00843349186296252,0.00843493422004567,0.00843637678964397,0.00843781909890006,0.00843926066864047,0.00844070101381103,0.00844213964393787,0.00844357606361394,0.00844500977301052,0.00844644026841344,0.00844786704278296,0.00844928958633715,0.00845070738715776,0.00845211993181813,0.00845352670603223,0.00845492719532413,0.00845632088571671,0.00845770726443846,0.00845908582064736,0.00846045604617094,0.00846181743626088,0.00846316949036079,0.00846451171288488,0.00846584361400648,0.00846716471045494,0.00846847452631918,0.00846977259385558,0.00847105845429829,0.00847233165866992,0.00847359176859034,0.00847483835708168,0.00847607100936755,0.00847728932366471,0.00847849291196538,0.00847968140080825,0.00848085443203596,0.00848201166353735,0.00848315276997165,0.00848427744347222,0.00848538539432768,0.0084864763516385,0.00848755006394724,0.00848860629984021,0.00848964484851892,0.00849066552034011,0.00849166814732264,0.00849265258361907,0.00849361870594957,0.00849456641399769,0.00849549563076663,0.00849640630289482,0.0084972984009298,0.00849817191955916,0.00849902687779691,0.00849986331912467,0.00850068131158679,0.00850148094783943,0.00850226234515254,0.00850302564536441,0.00850377101478872,0.00850449864407436,0.00850520874801818,0.0085059015653311,0.00850657735835789,0.00850723641275038,0.00850787903709507,0.00850850556249667,0.00850911634211828,0.00850971175068001,0.00851029218391752,0.00851085805800205,0.0085114098089233,0.00851194789183663,0.00851247278037648,0.00851298496593795,0.00851348495692803,0.00851397327798914,0.00851445046919798,0.0085149170852415,0.00851537369457282,0.00851582087855,0.00851625923055982,0.00851668935512949,0.00851711186702975,0.00851752739037214,0.00851793655770296,0.00851834000909692,0.00851873839125347,0.00851913235659866,0.00851952256239488,0.00851990966986253,0.00852029434331675,0.00852067724932173,0.00852105905586536,0.00852144043155756,0.00852182204485558,0.00852220456331871,0.00852258865289547,0.00852297497724554,0.00852336419709928,0.00852375696965682,0.00852415394802795,0.0085245557807148,0.00852496311113929,0.00852537657721755,0.00852579681098351,0.00852622443826286,0.00852666007839822,0.00852710434402696,0.00852755784091282,0.00852802116783151,0.00852849491651116,0.00852897967162782,0.00852947601085658,0.00852998450497775,0.0085305057180374,0.00853104020756166,0.00853158852482458,0.00853215121516821,0.00853272881837361,0.00853332186908219,0.00853393089726592,0.00853455642874442,0.0085351989857465,0.00853585908751449,0.00853653725094925,0.00853723399129302,0.00853794982284782,0.00853868525972739,0.00853944081663943,0.00854021700969522,0.00854101435724361,0.00854183338072684,0.00854267460555518,0.0085435385619976,0.00854442578608553,0.00854533682052694,0.00854627221562795,0.00854723253021904,0.00854821833258327,0.00854923020138446,0.00855026872659266,0.0085513345104052,0.00855242816816091,0.0085535503292462,0.00855470163799078,0.00855588275455242,0.00855709435579018,0.00855833713612616,0.00855961180839601,0.00856091910468841,0.00856225977717396,0.00856363459892423,0.00856504436472224,0.00856648989186715,0.00856797202097513,0.00856949161677977,0.00857104956893597,0.00857264679283187,0.00857428423041308,0.00857596285102429,0.00857768365227337,0.00857944766092454,0.00858125593382762,0.00858310955889064,0.00858500965610326,0.00858695737861972,0.00858895391391098,0.00859100048499603,0.00859309835176221,0.00859524881238472,0.00859745320485559,0.00859971290863334,0.00860202934642523,0.00860440398611412,0.0086068383428432,0.00860933398127068,0.00861189251800751,0.0086145156242515,0.00861720502863167,0.0086199625202757,0.00862278995211356,0.00862568924443017,0.00862866238867964,0.00863171145157361,0.00863483857945623,0.00863804600297732,0.0086413360420755,0.00864471111128298,0.00864817372536287,0.00865172650528887,0.00865537218457652,0.00865911361597399,0.00866295377851941,0.00866689578497012,0.00867094288960916,0.00867509849643241,0.0086793661677194,0.00868374963298895,0.00868825279833888,0.00869287975616728,0.00869763479527117,0.00870252241131739,0.00870754731767831,0.00871271445662283,0.0087180290108511,0.00872349641535912,0.00872912236961757,0.0087349128500467,0.00874087412276668,0.00874701275660083,0.00875333563630573,0.00875984997599997,0.00876656333276057,0.00877348362035412,0.00878061912306575,0.00878797850958647,0.00879557084691774,0.00880340561424853,0.00881149271675724,0.00881984249928782,0.00882846575984755,0.00883737376287049,0.00884657825218804,0.00885609146364484,0.00886592613729539,0.00887609552911495,0.00888661342215643,0.00889749413708214,0.00890875254199744,0.00892040406151141,0.00893246468494756,0.00894495097362664,0.00895788006714324,0.00897126968855573,0.00898513814840884,0.00899950434750863,0.0090143877783698,0.00902980852525626,0.00904578726273688,0.00906234525267968,0.00907950433961083,0.00909728694436795,0.00911571605598048,0.00913481522171317,0.00915460853521401,0.0091751206227126,0.00919637662722134,0.00921840219069897,0.00924122343414265,0.00926486693558368,0.00928935970597035,0.00931472916293031,0.00934100310241488,0.00936820966823785,0.0093963773195325,0.00942553479616173,0.00945571108212767,0.00948693536703939,0.00951923700570972,0.00955264547596349,0.00958719033475262,0.00962290117268649,0.00965980756709651,0.00969793903376498,0.00973732497746007,0.00977799464142876,0.00981997705601014,0.00986330098654037,0.00990799488072761,0.00995408681568158,0.0100016044447892,0.0100505749446316,0.0101010249621428,0.0101529805622082,0.0102064671759055,0.010261509549584,0.0103181316949808,0.0103763568405634,0.010436207384286,0.0104977048479383,0.0105608698332566,0.0106257219799578,0.0106922799258435,0.0107605612691151,0.0108305825330223,0.0109023591329571,0.0109759053460859,0.0110512342836034,0.0111283578656718,0.0112072867990975,0.0112880305577787,0.0113705973659441,0.0114549941841853,0.0115412266982733,0.0116292993107341,0.0117192151351467,0.0118109759931119,0.0119045824138292,0.0120000336362084,0.0120973276134312,0.0121964610198736,0.0122974292602871,0.0124002264811337,0.0125048455839618,0.0126112782407077,0.0127195149108013,0.0128295448599551,0.0129413561805111,0.0130549358132235,0.0131702695703512,0.0132873421599387,0.0134061372111667,0.013526637300651,0.0136488239795792,0.0137726778015714,0.0138981783511582,0.014025304272775,0.0141540333001743,0.0142843422861668,0.0144162072326027,0.0145496033205116,0.0146845049403263,0.0148208857221202,0.0149587185657938,0.0150979756711499,0.015238628567802,0.015380648144867,0.0155240046803984,0.0156686678705181,0.0158146068582124,0.0159617902617606,0.0161101862027666,0.0162597623337701,0.0164104858654191,0.0165623235931887,0.0167152419236312,0.0168692069001476,0.0170241842282705,0.0171801393004564,0.0173370372203799,0.0174948428267292,0.0176535207165044,0.017813035267818,0.0179733506622016,0.0181344309064226,0.0182962398538152,0.0184587412251318,0.0186218986289207,0.018785675581437,0.0189500355260977,0.0191149418524878,0.0192803579149266,0.0194462470506044,0.0196125725972956,0.0197792979106604,0.0199463863811441,0.0201138014504836,0.0202815066278294,0.0204494655054943,0.0206176417743378,0.0207859992387959,0.0209545018315674,0.0211231136279638,0.0212917988599306,0.0214605219297503,0.0216292474234346,0.0217979401238159,0.0219665650233451,0.0221350873366041,0.0223034725125435,0.0224716862464515,0.0226396944916614,0.0228074634710036,0.0229749596880108,0.0231421499378826,0.0233090013182141,0.0234754812394966,0.023641557435399,0.023807197972832,0.0239723712618066,0.0241370460650886,0.0243011915076572,0.0244647770859716,0.0246277726770503,0.024790148547368,0.0249518753615763,0.025112924191052,0.0252732665222794,0.0254328742650691,0.0255917197606166,0.0257497757894049,0.0259070155789559,0.0260634128114329,0.0262189416310992,0.0263735766516336,0.0265272929633044,0.0266800661400048,0.0268318722461518,0.0269826878434529,0.0271324899975433,0.0272812562844948,0.0274289647971979,0.027575594151619,0.0277211234929336,0.0278655325015373,0.0280088013989354,0.0281509109535138,0.0282918424861886,0.0284315778759381,0.0285700995652133,0.0287073905652293,0.0288434344611364,0.0289782154170681,0.0291117181810645,0.0292439280898691,0.0293748310735983,0.0295044136602869,0.0296326629803054,0.0297595667706506,0.0298851133791071,0.030009291768279,0.0301320915194904,0.0302535028365535,0.0303735165494009,0.0304921241175777,0.030609317633594,0.0307250898261342,0.0308394340631195,0.0309523443546223,0.0310638153556297,0.0311738423686516,0.0312824213461663,0.0313895488929033,0.0314952222679616,0.0315994393867626,0.0317021988228304,0.0318034998093963,0.0319033422408225,0.0320017266738442,0.0320986543286267,0.0321941270896338,0.0322881475063027,0.0323807187935245,0.0324718448319234,0.0325615301679336,0.0326497800136676,0.0327366002465749,0.0328219974088845,0.0329059787068318,0.0329885520096663,0.0330697258484311,0.0331495094145152,0.0332279125579765,0.033304945785634,0.0333806202589259,0.0334549477915313,0.033527940846753,0.0335996125346567,0.0336699766089646,0.0337390474637024,0.0338068401295997,0.0338733702702418,0.0339386541779691,0.0340027087695267,0.0340655515814632,0.0341272007652802,0.0341876750823294,0.0342469938984624,0.034305177178434,0.0343622454800573,0.0344182199481155,0.0344731223080336,0.034526974859313,0.0345798004687334,0.034631622563318,0.0346824651230682,0.0347323526734731,0.0347813102777969,0.034829363529151,0.0348765385423572,0.0349228619456045,0.0349683608719079,0.0350130629503765,0.0350569962972983,0.0351001895070517,0.0351426716428549,0.0351844722273581,0.0352256212330897,0.0352661490727667,0.0353060865894809,0.035345465046774,0.035384316118611,0.035422671879261,0.0354605647931026,0.035498027704364,0.0355350938268128,0.0355717967334095,0.0356081703459371,0.0356442489246212,0.0356800670577547,0.0357156596513382,0.0357510619187508,0.0357863093704633,0.0358214378038058,0.0358564832928034,0.0358914821780961,0.0359264710569561,0.0359614867734135,0.0359965664085048,0.0360317472706503,0.036067066886174,0.0361025629899744,0.0361382735163583,0.03617423659004,0.0362104905173138,0.0362470737774052,0.036284025014007,0.036321383027007,0.0363591867644067,0.0363974753144305,0.0364362878978255,0.0364756638603495,0.0365156426654447,0.0365562638870912,0.0365975672028371,0.0366395923869946,0.0366823793039922,0.0367259679018691,0.0367703982058993,0.0368157103123348,0.0368619443822517,0.0369091406354856,0.0369573393446364,0.0370065808291201,0.0370569054492495,0.0371083536003208,0.0371609657066828,0.037214782215764,0.0372698435920335,0.0373261903108695,0.0373838628523128,0.0374429016946779,0.0375033473080005,0.0375652401472993,0.0376286206456257,0.0376935292068738,0.0377600061983287,0.0378280919429321,0.0378978267112428,0.0379692507130762,0.0380424040888055,0.0381173269003124,0.0381940591215698,0.038272640628843,0.0383531111905021,0.0384355104564456,0.0385198779471346,0.0386062530422355,0.0386946749688786,0.038785182789538,0.0388778153895437,0.0389726114642428,0.0390696095058251,0.0391688477898383,0.0392703643614121,0.0393741970212243,0.0394803833112416,0.0395889605002723,0.0396999655693683,0.039813435197118,0.039929405744878,0.0400479132419862,0.0401689933710089,0.040292681453073,0.0404190124333376,0.0405480208666551,0.0406797409034817,0.0408142062760952,0.0409514502851759,0.0410915057868049,0.041234405179935,0.0413801803943887,0.0415288628794342,0.0416804835929918,0.0418350729915156,0.0419926610205945,0.0421532771063173,0.0423169501474341,0.0424837085083469,0.0426535800129544,0.042826591939371,0.0430027710155355,0.0431821434157201,0.0433647347579432,0.0435505701022764,0.0437396739500364,0.043932070243845,0.0441277823685253,0.0443268331528021,0.0445292448717656,0.0447350392500462,0.0449442374656453,0.0451568601543557,0.045372927414701,0.0455924588133133,0.045815473390661,0.0460419896670302,0.0462720256486621,0.0465055988339405,0.0467427262195202,0.0469834243062812,0.0472277091049906,0.0474755961415475,0.0477271004616861,0.0479822366350099,0.0482410187582321,0.0485034604574954,0.0487695748896384,0.0490393747422823,0.0493128722326106,0.0495900791047199,0.0498710066254228,0.0501556655783908,0.0504440662565325,0.0507362184525103,0.051032131447299,0.0513318139967057,0.0516352743157757,0.0519425200610174,0.0522535583103922,0.052568395541025,0.0528870376046082,0.0532094897004798,0.0535357563463753,0.0538658413468595,0.0541997477594688,0.0545374778586,0.0548790330972045,0.055224414066353,0.0555736204527552,0.0559266509943352,0.0562835034339797,0.0566441744715863,0.0570086597145545,0.0573769536268797,0.0577490494770253,0.0581249392847582,0.0585046137671449,0.0588880622839219,0.0592752727824681,0.0596662317426193,0.0600609241215758,0.060459333299153,0.0608614410236377,0.0612672273585153,0.061676670630342,0.0620897473780405,0.0625064323038975,0.0629266982265472,0.0633505160362229,0.0637778546525554,0.0642086809851977,0.0646429598975466,0.0650806541738287,0.0655217244898113,0.0659661293873966,0.066413825253348,0.0668647663023857,0.0673189045648752,0.0677761898793146,0.068236569889819,0.0686999900487764,0.069166393624837,0.0696357217163778,0.0701079132705722,0.0705829051081711,0.0710606319540786,0.0715410264737892,0.0720240193157305,0.0725095391595324,0.072997512770228,0.073487865058363,0.073980519145964,0.0744753964382915,0.0749724167012836,0.0754714981445796,0.0759725575099854,0.0764755101652148,0.0769802702027289,0.0774867505434721,0.0779948630452751,0.0785045186156747,0.0790156273288841,0.0795280985466308,0.0800418410425563,0.0805567631298583,0.0810727727918324,0.0815897778149614,0.0821076859241792,0.0826264049199218,0.0831458428165724,0.0836659079818918,0.0841865092770162,0.0847075561966014,0.0852289590086749,0.0857506288937577,0.0862724780828074,0.0867944199935352,0.087316369364644,0.0878382423875379,0.0883599568350504,0.0888814321867462,0.0894025897503619,0.0899233527789464,0.0904436465832762,0.0909633986391242,0.0914825386889704,0.0920009988377564,0.0925187136423046,0.093035620194029,0.0935516581945847,0.0940667700241188,0.0945809008018081,0.0950939984383897,0.0956060136804125,0.0961169001459582,0.0966266143516124,0.0971351157304941,0.0976423666411778,0.0981483323673706,0.0986529811082383,0.0991562839592962,0.0996582148838183,0.100158750674755,0.100657870907176,0.101155557881282,0.101651796556087,0.102146574473883,0.102639881675655,0.103131710607629,0.10362205601918,0.104110914852358,0.104598286123324,0.105084170796022,0.105568571648445,0.10605149313189,0.106532941223624,0.107012923273431,0.107491447844506,0.10796852454923,0.108444163880332,0.108918377038025,0.109391175753668,0.109862572110588,0.110332578362648,0.110801206751233,0.111268469321261,0.111734377736916,0.112198943097727,0.11266217575569,0.113124085134108,0.11358467954879,0.11404396603231,0.11450195016197,0.114958635892118,0.115414025391462,0.115868118885985,0.116320914508075,0.116772408152458,0.117222593339493,0.117671461086362,0.118118999786658,0.118565195098852,0.119010029844067,0.119453483913575,0.119895534186366,0.120336154457124,0.120775315374898,0.121212984392724,0.121649125728407,0.122083700336624,0.122516665892468,0.12294797678651,0.123377584131425,0.123805435780166,0.124231476355655,0.12465564729189,0.125077886886344,0.12549813036346,0.125916309949049,0.126332354955303,0.126746191876184,0.127157744492838,0.127566933988687,0.127973679073827,0.128377896118302,0.128779499293813,0.129178400723405,0.129574510638636,0.129967737543714,0.130357988386077,0.130745168732878,0.131129182952832,0.131509934402864,0.131887325618974,0.132261258510742,0.132631634558892,0.132998355015333,0.133361321105073,0.133720434229446,0.134075596170047,0.134426709292809,0.134773676751646,0.135116402691124,0.135454792447584,0.135788752748181,0.136118191907327,0.136443020020025,0.136763149151605,0.137078493523359,0.137388969693656,0.137694496734055,0.137994996400011,0.138290393295752,0.138580615032941,0.138865592382759,0.139145259421051,0.139419553666213,0.139688416209495,0.139951791837427,0.140209629146091,0.140461880646988,0.140708502864285,0.140949456423234,0.141184706129562,0.141414221039663,0.14163797452142,0.141855944305541,0.142068112527264,0.142274465758342,0.142474995029225,0.14266969584136,0.142858568169573,0.143041616454483,0.143218849584961,0.143390280870594,0.143555928004206,0.143715813014419,0.14386996220833,0.144018406104362,0.144161179355353,0.144298320661966,0.144429872676537,0.144555881897464,0.144676398554275,0.144791476483538,0.144901172995746,0.145005548733371,0.145104667520257,0.145198596202565,0.145287404481493,0.145371164737983,0.145449951849668,0.145523843000308,0.145592917482,0.145657256490418,0.145716942913398,0.145772061113178,0.145822696702618,0.145868936315748,0.145910867373016,0.14594857784158,0.145982155991068,0.146011690145162,0.146037268429434,0.146058978515858,0.146076907364453,0.146091140962508,0.146101764061862,0.146108859914723,0.14611251000851,0.146112793800209,0.146109788450791,0.146103568560197,0.146094205903437,0.14608176916834,0.146066323695536,0.146047931221219,0.146026649623247,0.14600253267113,0.145975629780487,0.145945985772554,0.145913640639339,0.145878629314992,0.145840981453947,0.145800721216424,0.145757867061828,0.145712431550612,0.145664421155141,0.145613836080128,0.145560670093136,0.145504910365674,0.14544653732538,0.145385524519753,0.145321838491906,0.145255438668734,0.145186277261946,0.145114299182331,0.145039441967639,0.144961635724393,0.144880803083936,0.144796859172982,0.144709711598947,0.144619260450266,0.144525398311892,0.144428010296114,0.144326974088801,0.144222160011142,0.144113431096945,0.144000643185488,0.143883645029893,0.14376227842099,0.143636378326553,0.143505773045797,0.143370284378964,0.1432297278118,0.143083912714717,0.142932642556355,0.142775715131255,0.142612922801326,0.142444052750768,0.142268887254078,0.14208720395674,0.141898776168163,0.1417033731664,0.141500760514189,0.14129070038581,0.141072951904245,0.140847271488136,0.140613413207972,0.140371129150984,0.140120169794154,0.139860284384765,0.139591221327888,0.139312728580212,0.139024554049595,0.138726445999758,0.138418153459513,0.138099426635896,0.137770017330598,0.13742967935907,0.137078168971689,0.136715245276393,0.136340670662157,0.135954211222734,0.135555637180059,0.135144723306719,0.134721249346918,0.13428500043534,0.133835767513367,0.133373347742078,0.132897544911492,0.132408169845539,0.131905040802216,0.131387983868444,0.130856833349099,0.130311432149744,0.129751632152586,0.129177294585196,0.128588290381549,0.127984500534935,0.127365816442335,0.126732140239831,0.126083385128668,0.125419475691586,0.124740348199046,0.124045950904988,0.123336244331773,0.12261120154401,0.121870808410906,0.121115063856865,0.120343980100017,0.119557582878397,0.118755911663525,0.117939019861126,0.117106974998742,0.116259858900001,0.115397767845333,0.114520812718919,0.113629119141696,0.112722827590216,0.111802093501191,0.110867087361567,0.109917994783967,0.10895501656739,0.107978368743006,0.106988282604957,0.10598500472605,0.104968796958259,0.103939936417944,0.102898715455727,0.101845441610955,0.100780437550709,0.0997040409933061,0.0986166046162954,0.0975184959488981,0.0964100972489107,0.0952918053640637,0.0941640315778516,0.0930272014398583,0.0918817545806186,0.0907281445110633,0.0895668384065998,0.0883983168758909,0.0872230737144211,0.08604161564294,0.084854462030883,0.0836621446048859,0.0824652071425166,0.0812642051513555,0.0800597055335737,0.0788522862361607,0.0776425358869661,0.0764310534167384,0.0752184476673491,0.0740053369863964,0.0727923488084013,0.0715801192228144,0.0703692925290623,0.0691605207788715,0.067954463306119,0.066751786244462,0.0655531620330076,0.0643592689102893,0.0631707903968287,0.0619884147665582,0.0608128345073927,0.0596447457712369,0.0584848478137116,0.0573338424238907,0.0561924333443363,0.0550613256817173,0.0539412253082925,0.0528328382545338,0.0517368700931596,0.0506540253148345,0.0495850066957881,0.0485305146575901,0.0474912466193118,0.046467896342292,0.0454611532677193,0.0444717018472347,0.0435002208667609,0.0425473827637647,0.0416138529381741,0.0407002890571992,0.039807340354338,0.038935646922907,0.0380858390045093,0.0372585362729544,0.0364543471142728,0.035673867903625,0.0349176822801014,0.0341863604206374,0.0334804583145313,0.0328005170403578,0.0321470620473989,0.0315206024440603,0.0309216302961117,0.0303506199379429,0.0298080273003666,0.0292942892587826,0.0288098230057257,0.0283550254519254,0.0279302726599682,0.0275359193144581,0.0271722982321889,0.0268397199152538,0.0265384721492264,0.0262688196475658,0.0260310037422495,0.0258252421193763,0.0256517285971572,0.0255106329424148,0.0254021007205228,0.0253262531727156,0.0252831871139767,0.0252729748443208,0.0252956640662802,0.0253512778017953,0.0254398143024915,0.0255612469484391,0.0257155241318883,0.0259025691240292,0.0261222799244787,0.0263745290948012,0.0266591635788662,0.0269760045141183,0.0273248470388459,0.0277054601012425,0.028117586276434,0.0285609415977312,0.0290352154081674,0.0295400702379561,0.0300751417128997,0.0306400384980579,0.0312343422801886,0.0318576077916694,0.0325093628778202,0.0331891086088146,0.0338963194367093,0.0346304433975578,0.0353909023581047,0.0361770923061885,0.0369883836837002,0.0378241217607406,0.0386836270494945,0.0395661957562642,0.0404711002700939,0.0413975896864211,0.0423448903642328,0.0433122065152678,0.0442987208238713,0.0453035950961822,0.0463259709374082,0.0473649704560125,0.0484196969937054,0.0494892358801859,0.0505726552116304,0.0516690066519576,0.0527773262559422,0.0538966353132671,0.0550259412126217,0.0561642383249608,0.0573105089050443,0.0584637240103728,0.059622844436637,0.0607868216687772,0.0619545988467381,0.0631251117449915,0.0642972897648854,0.0654700569388535,0.0666423329455059,0.0678130341345988,0.0689810745608638,0.0701453670256644,0.0713048241254262,0.0724583593057687,0.0736048879202514,0.0747433282926324,0.0758726027815269,0.0769916388463425,0.0780993701133595,0.0791947374408126,0.0802766899818286,0.0813441862440655,0.0823961951449031,0.0834316970610342,0.0844496848713023,0.0854491649916407,0.0864291584009776,0.0873887016569769,0.0883268479004915,0.0892426678476154,0.0901352507682431,0.0910037054500586,0.0918471611468974,0.092664768510435,0.0934557005041813,0.0942191532987938,0.0949543471477381,0.0956605272423624,0.0963369645454761,0.0969829566025536,0.0975978283297288,0.0981809327777724,0.0987316518712816,0.0992493971223581,0.0997336103180874,0.100183764181183,0.100599363003197,0.100979943249746,0.101325074137254,0.101634358180738,0.101907431712263,0.102143965369706,0.10234366455555,0.102506269865473,0.102631557486574,0.102719339565101,0.102769464543654,0.102781817467855,0.102756320262569,0.102692931977856,0.102591649004856,0.102452505261905,0.102275572351237,0.102060959686708,0.101808814593058,0.101519322377304,0.101192706372931,0.100829227957655,0.10042918654558,0.09999291955468,0.0995208023506237,0.0990132481680287,0.0984707080103364,0.0978936705295823,0.0972826618874238,0.0966382455988822,0.0959610223603463,0.0952516298634653,0.094510742596647,0.0937390716359624,0.0929373644273296,0.0921064045619172,0.0912470115467684,0.0903600405726975,0.0894463822815281,0.0885069625347619,0.0875427421857579,0.08655471685746,0.0855439167276298,0.0845114063234249,0.0834582843269658,0.0823856833932923,0.0812947699817783,0.0801867442016536,0.0790628396717341,0.0779243233937822,0.0767724956380671,0.075608689838659,0.0744342724947186,0.0732506430725081,0.0720592339010101,0.070861510051843,0.0696589691915577,0.0684531413913416,0.067245588875583,0.0660379056866116,0.0648317172381677,0.0636286797247518,0.0624304793479052,0.0612388313137106,0.0600554785483809,0.0588821900708314,0.0577207589527325,0.0565729997879618,0.0554407455849629,0.054325843987729,0.0532301527245575,0.0521555341791929,0.0511038489774229,0.0500769484847538,0.0490766661187714,0.048104807394558,0.0471631386444776,0.0462533743860314,0.0453771633542855,0.0445360732690052,0.0437315744707574,0.0429650226334636,0.0422376408405508,0.0415505013939021,0.0409045078037999,0.0403003774773553,0.0397386256751594,0.0392195513336752,0.038743225347687,0.038309481868246,0.0379179130951156,0.0375678679303652,0.0372584547168983,0.0369885481213111,0.0367568000463249,0.0365616542873315,0.0364013644935124,0.0362740148680291,0.0361775429524525,0.0361097637925498,0.0360683947762748,0.0360510804670121,0.0360554168194146,0.0360789742532399,0.0361193191633174,0.0361740335523222,0.0362407325796314,0.0363170799180842,0.0364008008966746,0.0364896934786145,0.0365816371799547,0.03667460007444,0.0367666440568352,0.0368559285514566,0.0369407128572308,0.0370193573174469,0.0370903234935028,0.0371521735091859,0.0372035687168868,0.0372432678208373,0.0372701245759386,0.0372830851646717,0.0372811853394402,0.0372635474037681,0.037229377093239,0.0371779604059537,0.0371086604225964,0.0370209141478533,0.0369142293978362,0.036788181752191,0.0366424115846151,0.0364766211814317,0.0362905719545551,0.0360840817525276,0.0358570222712172,0.0356093165641367,0.0353409366511131,0.0350519012231292,0.0347422734405149,0.034412158821256,0.0340617032159494,0.0336910908658423,0.0333005425404243,0.0328903137511716,0.0324606930382534,0.0320120003272918,0.0315445853536046,0.0310588261517718,0.0305551276088279,0.0300339200799114,0.0294956580657982,0.0289408189524259,0.0283699018133,0.0277834262765849,0.0271819314597531,0.0265659749759534,0.0259361320178111,0.0252929945262697,0.0246371704544485,0.0239692831394485,0.0232899707987985,0.0225998861730401,0.0218996963421817,0.0211900827518917,0.0204717414960436,0.0197453839165504,0.0190117376007023,0.0182715478824367,0.0175255799900027,0.0167746220325606,0.0160194890886748,0.0152610287598903,0.0145001286971174,0.0137377268188054,0.0129748252531371,0.0122125095079305,0.0114519750925897,0.0106945649355661,0.00994182270618284,0.00919556997616294,0.00845801973862157,0.00773194628801985,0.00702094366025809,0.00632982421806175,0.00566523749755069,0.00503662232950304,0.00445760769562437,0.00394781530523566,0.00353432275736707,0.0032503274484855,0.00312691671420377,0.00317810066480309,0.00339117168239864,0.00373383634458915,0.00416979805160327,0.00466876445746802,0.00520867229034167,0.00577429111990293,0.00635521644641512,0.00694426141459732,0.00753635625518129,0.00812783412254371,0.00871597334101928,0.00929870232013718,0.00987440668157079,0.0104418009992411,0.0109998419280201,0.0115476682806587,0.0120845589582926,0.0126099029162597,0.0131231773803595,0.013623931809757,0.0141117759228574,0.0145863706360461,0.0150474211178655,0.0154946713979003,0.0159279001308276,0.0163469172273964,0.0167515611419616,0.0171416966613555,0.017517213079403,0.0178780226700272,0.0182240593928614,0.0185552777807835,0.0188716519703638,0.0191731748449278,0.0194598572665429,0.0197317273783019,0.0199888299621681,0.0202312258406797,0.0204589913131748,0.0206722176190578,0.0208710104221021,0.0210554893109522,0.0212257873119248,0.0213820504109618,0.0215244370821986,0.0216531178211037,0.0217682746805464,0.0218701008084803,0.0219587999862017,0.0220345861663663,0.0220976830101329,0.0221483234229543,0.0221867490886674,0.0222132100016402,0.0222279639968221,0.0222312762776222,0.0222234189416035,0.0222046705040342,0.0221753154193898,0.02213564360094,0.0220859499385869,0.0220265338151612,0.021957698621407,0.0218797512699176,0.0217930017083106,0.0216977624319519,0.0215943479965672,0.0214830745311029,0.021364259251229,0.0212382199738981,0.0211052746334078,0.0209657407994429,0.0208199351976052,0.020668173232976,0.0205107685172917,0.0203480324003557,0.0201802735063489,0.020007797275749,0.0198309055136153,0.0196498959450466,0.0194650617786714,0.0192766912790858,0.0190850673492088,0.0188904671235852,0.0186931615737222,0.0184934151266014,0.0182914852975678,0.0180876223388464,0.0178820689049946,0.0176750597366393,0.0174668213638899,0.0172575718308519,0.0170475204426901,0.0168368675367079,0.016625804278912,0.0164145124875245,0.0162031644848786,0.0159919229791002,0.0157809409769226,0.0155703617289071,0.0153603187082546,0.0151509356242857,0.0149423264715427,0.0147345956153232,0.0145278379142968,0.0143221388806826,0.0141175748782781,0.0139142133584287,0.0137121131338168,0.0135113246897385,0.0133118905323143,0.0131138455728671,0.0129172175474866,0.0127220274705961,0.0125282901211473,0.0123360145598947,0.0121452046760431,0.0119558597614312,0.0117679751103065,0.0115815426426709,0.011396551549128,0.0112129889551466,0.0110308406026726,0.0108500915470681,0.0106707268674314,0.0104927323884596,0.0103160954121401,0.0101408054577071,0.00996685500845665,0.00979424026418067,0.00962296189814329,0.00945302581766565,0.00928444392750471,0.00911723489528433,0.00895142491824864,0.00878704849053545,0.00862414916998518,0.00846278034317932,0.00830300598690783,0.00814490142355676,0.00798855406694313,0.007834064153853,0.00768154545490591,0.00753112595631991,0.00738294850163079,0.00723717137937506,0.00709396883914049,0.00695353151420362,0.00681606672422898,0.00668179862627299,0.00655096817676192,0.00642383286144348,0.00630066614491899,0.00618175658677401,0.00606740656823702,0.00595793057258606,0.00585365296522107,0.00575490522655609,0.00566202260378098,0.00557534016703831,0.00549518828219929,0.00542188754607618,0.00535574326950881,0.00529703963708818,0.00524603371587143,0.0052029495247417,0.00516797240583195,0.00514124395443253,0.00512285775972906,0.00511285618313331,0.00511122835408298,0.00511790949820543,0.00513278163565905,0.00515567560624584,0.00518637430119133,0.00522461691724277,0.0052701040028766,0.00532250304205531,0.00538145431823832,0.00544657681768901,0.0055174739621218,0.00559373900108675,0.00567495993889757,0.00576072391478829,0.00585062099487692,0.00594424736822328,0.00604120796576712,0.00614111854014319,0.00624360725688116,0.00634831585429928,0.00645490043164981,0.006563031923927,0.00667239631825636,0.0067826946618328,0.00689364290566828,0.00700497162246964,0.00711642563116504,0.00722776355517143,0.00733875733658438,0.00744919172413924,0.00755886374905106,0.00766758219966752,0.00777516710321975,0.00788144922077691,0.00798626955974121,0.00808947890680343,0.00819093738316027,0.00829051402292553,0.00838808637500082,0.00848354012817345,0.00857676875884415,0.00866767320052896,0.00875616153410586,0.00884214869767077,0.00892555621480992,0.00900631194007776,0.00908434982047976,0.00915960967179094,0.00923203696858716,0.00930158264692185,0.00936820291864263,0.0094318590964073,0.00949251742852559,0.00955014894281818,0.0096047292987495,0.00965623864715162,0.00970466149691545,0.00974998658808106,0.00979220677081056,0.00983131888977534,0.00986732367353373,0.00990022562851475,0.00993003293726119,0.00995675736061993,0.00998041414359629,0.0100010219246181,0.0100186026479788,0.0100331814792505,0.0100447867234779,0.010053449745979,0.010059204895594,0.0100620894302346,0.0100621434445961,0.0100594097999024,0.0100539340555608,0.0100457644026059,0.0100349515988185,0.0100215489054006,0.0100056120250917,0.00998719904160704,0.00996637036027413,0.00994318864973906,0.00991771878460616,0.00989002778886934,0.00986018477998159,0.00982826091339795,0.00979432932741646,0.00975846508812696,0.00972074513426259,0.0096812482217329,0.00964005486760014,0.00959724729324149,0.00955290936642056,0.00950712654197213,0.00945998580078379,0.00941157558673809,0.00936198574125703,0.00931130743506946,0.00925963309680127,0.00920705633796937,0.0091536718739422,0.00909957544041451,0.00904486370493039,0.00898963417298018,0.00893398508818996,0.00887801532612248,0.00882182428121561,0.0087655117463964,0.0087091777849301,0.00865292259409393,0.00859684636030657,0.00854104910539647,0.00848563052375579,0.00843068981020522,0.00837632547848667,0.00832263517040597,0.00826971545576862,0.00821766162338644,0.00816656746358119,0.00811652504277241,0.00806762447090949,0.00801995366269016,0.00797359809369535,0.00792864055276019,0.00788516089209159,0.0078432357768274,0.00780293843590609,0.00776433841627497,0.00772750134260117,0.00769248868476054,0.00765935753545894,0.00762816040038217,0.0075989450032709,0.00757175410827353,0.00754662536183882,0.00752359115627023,0.00750267851687739,0.00748390901442788,0.00746729870432731,0.0074528580936444,0.00744059213675515,0.00743050026001358,0.00742257641547621,0.00741680916332226,0.00741318178222891,0.00741167240659195,0.00741225418913711,0.00741489548715206,0.00741956007029125,0.00742620734767135,0.00743479261178929,0.00744526729665781,0.00745757924746897,0.00747167299906097,0.00748749006047827,0.00750496920297501,0.00752404674891199,0.00754465685913445,0.00756673181658421,0.00759020230408954,0.007614997674484,0.00764104621142568,0.00766827537951438,0.00769661206253104,0.00772598278884791,0.00775631394327343,0.00778753196480074,0.00781956352992018,0.00785233572133189,0.00788577618205405,0.00791981325506499,0.00795437610874081,0.00798939484845681,0.00802480061481109,0.00806052566900265,0.00809650346595566,0.00813266871582709,0.00816895743456729,0.00820530698422424,0.0082416561036933,0.00827794493061812,0.00831411501514465,0.00835010932621876,0.0083858722511029,0.0084213495887677,0.00845648853779246,0.00849123767938247,0.00852554695608372,0.0085593676467483,0.00859265233827451,0.0086253548946164,0.00865743042352907,0.00868883524148696,0.00871952683718377,0.00874946383399599,0.00877860595176557,0.00880691396823133,0.00883434968041398,0.00886087586623699,0.00888645624664226,0.00891105544843755,0.00893463896809295,0.00895717313668444,0.00897862508616313,0.00899896271711189,0.00901815466813276,0.00903617028699352,0.00905297960364506,0.00906855330520631,0.00908286271300017,0.00909587976171073,0.00910757698071877,0.00911792747766056,0.00912690492424184,0.0091344835443284,0.00914063810432367,0.00914534390583384,0.009148576780611,0.0091503130877541,0.00915052971313918,0.0091492040710416,0.00914631410790466,0.00914183830820105,0.00913575570232526,0.00912804587644808,0.00911868898425905,0.00910766576051549,0.00909495753631148,0.00908054625597404,0.00906441449548894,0.00904654548235501,0.00902692311676059,0.00900553199397263,0.0089823574278244,0.00895738547518583,0.00893060296129825,0.0089019975058528,0.00887155754969035,0.0088392723819997,0.00880513216789005,0.00876912797621277,0.0087312518075081,0.00869149662195278,0.00864985636718478,0.00860632600588299,0.0085609015429809,0.00851358005239461,0.00846435970314784,0.00841323978477852,0.00836022073191521,0.00830530414791384,0.0082484928274484,0.0081897907779529,0.00812920323981545,0.00806673670522955,0.00800239893561201,0.00793619897750099,0.00786814717685227,0.00779825519165627,0.00772653600280321,0.00765300392312862,0.00757767460457622,0.00750056504342104,0.00742169358350022,0.00734107991740395,0.00725874508558542,0.00717471147335404,0.00708900280572134,0.00700164414007488,0.00691266185666026,0.00682208364685725,0.00672993849924175,0.0066362566834306,0.00654106973171235,0.00644441041847179,0.00634631273742218,0.0062468118766649,0.00614594419160058,0.00604374717572141,0.00594025942931991,0.00583552062615473,0.00572957147811925,0.00562245369796407,0.00551420996012996,0.00540488385975257,0.00529451986990553,0.00518316329715377,0.00507086023549454,0.0049576575187692,0.00484360267163441,0.00472874385918809,0.00461312983535205,0.0044968098901206,0.00437983379579283,0.00426225175231528,0.00414411433187323,0.00402547242288168,0.00390637717354344,0.00378687993516179,0.0036670322054199,0.00354688557187028,0.00342649165591886,0.00330590205764073,0.003185168301836,0.00306434178582753,0.00294347372963024,0.0028226151292952,0.00270181671447211,0.0025811289115719,0.00246060181439038,0.0023402851647447,0.00222022834668515,0.00210048039934953,0.00198109005580818,0.00186210581877585,0.00174357608964792,0.00162554937636927,0.00150807462073317,0.001391201711663,0.00127498229728041,0.00115947109437405,0.00104472806068126,0.000930822137726212,0.000817838021192068,0.000705889187351606,0.000595145009141831,0.000485893278340213,0.000378705482466775,0.000274964933754243,0.000179071932837383,0.000110424071296735,0.000123944593602266,0.000202325611062507,0.000297093572680913,0.000395841754597631,0.00049552852518701,0.000595119994925181,0.000694172694493252,0.000792463935926192,0.000889868822059828,0.000986311632570054,0.00108174403416388,0.00117613433686293,0.00126946178642238,0.00136171334533561,0.00145288178645413,0.00154296451725988,0.00163196282961079,0.00171988140688538,0.00180672799198565,0.00189251315868294,0.00197725015092327,0.00206095476769305,0.00214364527889655,0.00222534236256944,0.00230606905685101,0.00238585072214783,0.00246471501025172,0.00254269183806877,0.00261981336422593,0.00269611396724258,0.00277163022424868,0.00284640088943786,0.00292046687159047,0.00299387121010701,0.00306665904906775,0.00313887760888995,0.00321057615519473,0.00328180596452701,0.00335262028659642,0.00342307430272859,0.00349322508023526,0.00356313152243048,0.0036328543140397,0.00370245586176993,0.003772000229833,0.00384155307024108,0.00391118154772322,0.00398095425914625,0.00405094114736094,0.00412121340943544,0.00419184339928366,0.00426290452474414,0.00433447113921653,0.00440661842801601,0.00447942228966179,0.00455295921237214,0.00462730614609436,0.00470254037045348,0.00477873935905699,0.00485598064064394,0.00493434165761406,0.00501389962251385,0.00509473137309306,0.00517691322657386,0.00526052083379779,0.00534562903392935,0.00543231171040093,0.00552064164878001,0.0056106903972287,0.00570252813020402,0.00579622351601867,0.00589184358884596,0.00598945362570844,0.00608911702893954,0.00619089521455154,0.00629484750688377,0.00640103103984233,0.0065095006649774,0.00662030886657905,0.00673350568390769,0.00684913864061188,0.00696725268132504,0.00708789011537449,0.00721109056748242,0.0073368909352903,0.00746532535349554,0.00759642516435163,0.00773021889425124,0.00786673223608668,0.00800598803706222,0.0081480062916192,0.0082928041391267,0.00844039586598664,0.00859079291180369,0.00874400387927505,0.00890003454746617,0.00905888788815084,0.00922056408490963,0.00938506055469717,0.00955237197160814,0.00972249029259267,0.00989540478489312,0.0100711020549957,0.0102495660789109,0.0104307782336181,0.0106147173295323,0.0108013596438667,0.0109906789547877,0.0111826465762716,0.0113772313935936,0.0115743998993903,0.0117741162302542,0.0119763422038305,0.012181037356397,0.0123881589809181,0.0125976621655715,0.0128094998327526,0.0130236227785687,0.013239979712841,0.0134585172996322,0.0136791801983249,0.0139019111052762,0.0141266507960722,0.014353338168412,0.0145819102856447,0.0148123024209879,0.0150444481024507,0.0152782791584837,0.0155137257643771,0.015750716489425,0.0159891783448705,0.0162290368326453,0.0164702159949107,0.0167126384644093,0.0169562255156287,0.0172008971167772,0.0174465719825679,0.0176931676278042,0.0179406004217573,0.0181887856433203,0.0184376375369276,0.0186870693692142,0.0189369934863956,0.019187321372338,0.0194379637072924,0.0196888304272633,0.0199398307839764,0.0201908734054106,0.0204418663568565,0.0206927172024606,0.0209433330672125,0.0211936206993307,0.0214434865330019,0.0216928367514274,0.0219415773501268,0.0221896142004512,0.0224368531132527,0.0226831999026591,0.0229285604498998,0.0231728407671319,0.0234159470612089,0.023657785797339,0.0238982637625758,0.0241372881290878,0.0243747665171519,0.0246106070578174,0.0248447184551865,0.0250770100482563,0.0253073918722681,0.0255357747195095,0.0257620701995173,0.0259861907986284,0.0262080499388273,0.0264275620358397,0.0266446425564208,0.0268592080747911,0.0270711763281716,0.0272804662713716,0.0274869981303856,0.0276906934549512,0.027891475170025,0.0280892676261327,0.0282839966485554,0.0284755895853129,0.0286639753539076,0.028849084486793,0.0290308491755311,0.0292092033136068,0.0293840825378653,0.0295554242685447,0.029723167747873,0.0298872540772046,0.0300476262526707,0.0302042291993191,0.030357009803722,0.0305059169450308,0.0306509015244605,0.030791916493186,0.0309289168786351,0.0310618598091647,0.0311907045371064,0.0313154124601707,0.0314359471412016,0.0315522743262764,0.0316643619611424,0.0317721802059883,0.0318757014485469,0.0319749003155302,0.0320697536823953,0.0321602406814451,0.0322463427082673,0.0323280434265177,0.0324053287710551,0.0324781869494368,0.0325466084417852,0.0326105859990377,0.0326701146395924,0.0327251916443635,0.0327758165502628,0.0328219911421219,0.0328637194430772,0.0329010077034381,0.0329338643880552,0.0329623001622121,0.0329863278760628,0.0330059625476427,0.0330212213444794,0.0330321235638301,0.0330386906115732,0.0330409459797839,0.0330389152230221,0.0330326259333672,0.0330221077142323,0.0330073921529892,0.0329885127924387,0.0329655051011606,0.0329384064427815,0.0329072560441949,0.0328720949627724,0.0328329660526043,0.0327899139298093,0.032742984936956,0.0326922271066283,0.0326376901241792,0.032579425289711,0.0325174854793267,0.0324519251056928,0.0323828000779559,0.0323101677610551,0.0322340869344715,0.0321546177504573,0.0320718216917849,0.0319857615290579,0.0318965012776248,0.0318041061541375,0.0317086425327962,0.031610177901324,0.0315087808167138,0.0314045208607862,0.0312974685955978,0.0311876955187462,0.0310752740186109,0.0309602773295713,0.0308427794872365,0.0307228552837276,0.0306005802230482,0.0304760304765814,0.030349282838747,0.0302204146828555,0.0300895039171914,0.0299566289413596,0.0298218686029252,0.029685302154378,0.0295470092104521,0.029407069705828,0.0292655638532471,0.0291225721020609,0.0289781750972408,0.0288324536388715,0.0286854886421505,0.028537361097916,0.0283881520337222,0.028237942475479,0.0280868134096724,0.0279348457461802,0.027782120281694,0.0276287176637616,0.027474718355461,0.0273202026007153,0.0271652503902561,0.0270099414282376,0.0268543550995098,0.0266985704375527,0.026542666093075,0.0263867203032753,0.0262308108617658,0.0260750150891538,0.02591940980428,0.0257640712961092,0.0256090752962686,0.0254544969522265,0.0253004108011031,0.0251468907441049,0.0249940100215696,0.0248418411886152,0.0246904560913774,0.0245399258438276,0.0243903208051566,0.0242417105577127,0.0240941638854765,0.0239477487530604,0.023802532285218,0.0236585807468506,0.0235159595234952,0.0233747331022785,0.0232349650533207,0.0230967180115772,0.0229600536591046,0.0228250327077354,0.0226917148821446,0.0225601589032953,0.0224304224722508,0.0223025622543417,0.0221766338636754,0.0220526918479753,0.0219307896737425,0.0218109797117272,0.0216933132227026,0.0215778403435294,0.0214646100735054,0.0213536702609924,0.0212450675903163,0.021138847568936,0.0210350545148757,0.0209337315444197,0.0208349205600643,0.0207386622387281,0.0206449960202224,0.0205539600959805,0.0204655913980501,0.0203799255883517,0.0202969970482035,0.0202168388681185,0.0201394828378762,0.0200649594368749,0.0199932978247697,0.019924525832405,0.0198586699530447,0.0197957553339081,0.0197358057680187,0.0196788436863749,0.0196248901504478,0.019573964845017,0.0195260860713505,0.0194812707407381,0.0194395343683852,0.0194008910676752,0.0193653535448076,0.0193329330938197,0.0193036395919986,0.0192774814956938,0.0192544658365361,0.0192345982180719,0.0192178828128201,0.0192043223597602,0.0191939181622598,0.0191866700864502,0.0191825765600601,0.0191816345717131,0.0191838396707024,0.0191891859672498,0.0191976661332626,0.0192092714035945,0.0192239915778248,0.0192418150225638,0.0192627286743005,0.0192867180428035,0.0193137672150896,0.0193438588599732,0.0193769742332123,0.0194130931832681,0.0194521941576923,0.019494254210159,0.019539249008159,0.0195871528413742,0.0196379386307489,0.0196915779382777,0.0197480409775266,0.0198072966249084,0.0198693124317295,0.0199340546370271,0.0200014881812154,0.0200715767205593,0.0201442826424943,0.0202195670818087,0.020297389937704,0.0203777098917493,0.0204604844267461,0.0205456698465148,0.0206332212966174,0.0207230927860261,0.0208152372097491,0.0209096063724213,0.0210061510128646,0.0211048208296252,0.021205564507488,0.0213083297449729,0.0214130632828099,0.021519710933394,0.0216282176112122,0.0217385273642391,0.0218505834062898,0.021964328150319,0.0220797032426505,0.0221966495981232,0.0223151074361378,0.0224350163175823,0.0225563151826162,0.0226789423892884,0.0228028357529659,0.0229279325865426,0.023054169741396,0.0231814836490596,0.0233098103635749,0.0234390856044909,0.0235692448004712,0.0237002231334703,0.0238319555834379,0.0239643769735058,0.0240974220156159,0.0242310253565415,0.0243651216242525,0.0244996454745767,0.0246345316381078,0.0247697149673091,0.0249051304837603,0.0250407134254949,0.0251763992943745,0.0253121239034455,0.0254478234242211,0.0255834344338334,0.0257188939619967,0.0258541395377254,0.0259891092357525,0.026123741722587,0.0262579763021564,0.0263917529609736,0.0265250124127718,0.0266576961425494,0.0267897464499687,0.0269211064920503,0.027051720325106,0.0271815329458556,0.0273104903316711,0.0274385394798935,0.0275656284461683,0.0276917063817461,0.0278167235696997,0.0279406314600085,0.0280633827034609,0.0281849311843266,0.0283052320517496,0.028424241749819,0.0285419180462737,0.0286582200598002,0.028773108285884,0.0288865446211739,0.0289984923863226,0.0291089163472712,0.0292177827349452,0.0293250592633327,0.0294307151459147,0.0295347211104254,0.029637049411919,0.0297376738441232,0.0298365697490605,0.0299337140249211,0.0300290851321743,0.0301226630979098,0.0302144295184,0.0303043675598774,0.0303924619575252,0.0304786990126842,0.0305630665882786,0.0306455541024693,0.0307261525205405,0.0308048543450328,0.030881653604137,0.0309565458383694,0.031029528085547,0.0311005988640877,0.0311697581546622,0.0312370073802237,0.0313023493844486,0.031365788408621,0.0314273300669997,0.0314869813207074,0.0315447504501849,0.0316006470262521,0.0316546818798245,0.0317068670703314,0.031757215852891,0.0318057426442939,0.0318524629878488,0.0318973935171496,0.0319405519188183,0.0319819568942879,0.0320216281206862,0.0320595862108844,0.0320958526727748,0.0321304498678413,0.0321634009690883,0.0321947299184002,0.0322244613833956,0.0322526207138459,0.0322792338977244,0.0323043275169565,0.0323279287029378,0.0323500650918896,0.0323707647801188,0.0323900562792525,0.0324079684715117,0.0324245305650926,0.0324397720497209,0.0324537226524435,0.0324664122937185,0.0324778710438676,0.0324881290799517,0.0324972166431269,0.0325051639965347,0.0325120013837812,0.0325177589880592,0.032522466891966,0.0325261550380633,0.0325288531902258,0.0325305908958249,0.0325313974487856,0.0325313018535547,0.0325303327900196,0.03252851857941,0.0325258871512169,0.0325224660111531,0.0325182822101839,0.0325133623146518,0.0325077323775175,0.0325014179107319,0.032494443858758,0.0324868345732551,0.0324786137889405,0.0324698046006378,0.0324604294415193,0.0324505100625506,0.032440067513138,0.0324291221229851,0.0324176934851571,0.0324058004403521,0.0323934610623782,0.032380692644833,0.0323675116889818,0.0323539338928286,0.0323399741413766,0.0323256464980702,0.0323109641974122,0.0322959396387469,0.0322805843811993,0.0322649091397676,0.0322489237825568,0.0322326373291503,0.0322160579501077,0.0321991929675852,0.0321820488570726,0.0321646312502374,0.0321469449388704,0.0321289938799289,0.0321107812016692,0.0320923092108646,0.0320735794011063,0.0320545924621837,0.0320353482905417,0.0320158460008122,0.0319960839384171,0.0319760596932402,0.03195577011437,0.0319352113259135,0.0319143787438783,0.0318932670941263,0.0318718704314005,0.0318501821594268,0.0318281950520894,0.031805901275684,0.0317832924122461,0.0317603594839536,0.0317370929786011,0.0317134828761454,0.0316895186763187,0.0316651894273017,0.0316404837554555,0.0316153898961043,0.0315898957253573,0.031563988792964,0.0315376563561883,0.031510885414685,0.0314836627463638,0.0314559749442169,0.0314278084540934,0.0313991496133943,0.0313699846906558,0.0313402999259906,0.0313100815723534,0.0312793159375925,0.0312479894272481,0.0312160885880516,0.0311836001520771,0.0311505110814965,0.0311168086138801,0.0310824803079831,0.0310475140899547,0.0310118982999025,0.0309756217387387,0.0309386737152365,0.0309010440932149,0.0308627233387708,0.0308237025674701,0.0307839735914081,0.0307435289660464,0.0307023620367265,0.030660466984761,0.0306178388729946,0.0305744736907264,0.0305303683978803,0.0304855209683101,0.0304399304321191,0.0303935969168754,0.030346521687598,0.0302987071853878,0.0302501570645757,0.0302008762282565,0.0301508708620742,0.030100148466126,0.0300487178848505,0.0299965893347623,0.0299437744298979,0.0298902862048343,0.0298361391351453,0.0297813491551599,0.0297259336728863,0.0296699115819688,0.0296133032705434,0.0295561306268647,0.0294984170415755,0.0294401874064981,0.0293814681098286,0.0293222870276221,0.0292626735114562,0.0292026583721742,0.0291422738596122,0.0290815536382219,0.0290205327585108,0.0289592476242284,0.0288977359552415,0.0288360367460477,0.0287741902198938,0.0287122377784765,0.0286502219472161,0.0285881863161074,0.0285261754761689,0.0284642349515274,0.0284024111271961,0.0283407511726163,0.0282793029610582,0.0282181149849911,0.0281572362675564,0.0280967162702956,0.0280366047973083,0.0279769518960391,0.0279178077549135,0.0278592225980656,0.0278012465774186,0.0277439296624087,0.0276873215276596,0.0276314714389383,0.0275764281377418,0.0275222397248868,0.0274689535434874,0.0274166160617302,0.0273652727558685,0.0273149679938712,0.0272657449201732,0.027217645341987,0.0271707096176361,0.0271249765473816,0.0270804832672121,0.0270372651460683,0.0269953556869665,0.026954786432482,0.0269155868750419,0.0268777843724655,0.0268414040691732,0.0268064688234603,0.0267729991412132,0.0267410131164192,0.026710526378791,0.0266815520487965,0.0266541007003473,0.0266281803313667,0.0266037963424165,0.0265809515235236,0.026559646049303,0.0265398774824325,0.0265216407854931,0.0265049283411396,0.0264897299805286,0.026476033019882,0.0264638223050283,0.0264530802637166,0.0264437869654596,0.0264359201886243,0.02642945549445,0.0264243663076447,0.0264206240031821,0.0264181979988887,0.0264170558533869,0.0264171633689399,0.0264184846987232,0.0264209824580348,0.0264246178389412,0.026429350727853,0.0264351398255154,0.0264419427688984,0.0264497162544728,0.0264584161623642,0.0264679976808837,0.0264784154309396,0.026489623589853,0.0265015760141108,0.0265142263606128,0.026527528205987,0.0265414351635672,0.0265559009976479,0.0265708797346539,0.0265863257708885,0.026602193976552,0.0266184397957448,0.0266350193421989,0.0266518894905058,0.0266690079626353,0.0266863334095656,0.0267038254878755,0.0267214449311701,0.0267391536162372,0.0267569146238577,0.0267746922942207,0.0267924522769129,0.0268101615754777,0.0268277885865561,0.0268453031336461,0.0268626764955357,0.0268798814294854,0.026896892189253,0.0269136845380689,0.026930235756679,0.0269465246465927,0.0269625315286811,0.0269782382372845,0.0269936281100017,0.0270086859733447,0.0270233981244496,0.0270377523090393,0.0270517376958373,0.0270653448476416,0.0270785656892745,0.0270913934726213,0.0271038227389807,0.027115849278943,0.0271274700900184,0.0271386833322357,0.0271494882819303,0.0271598852839397,0.0271698757024192,0.0271794618704914,0.0271886470389413,0.0271974353241602,0.0272058316555383,0.0272138417225003,0.0272214719213745,0.0272287293022707,0.0272356215161447,0.0272421567622183,0.0272483437359151,0.0272541915774638,0.0272597098213124,0.0272649083464945,0.0272697973280723,0.027274387189777,0.0272786885579592,0.0272827122169513,0.0272864690659404,0.0272899700774334,0.0272932262573915,0.0272962486071054,0.0272990480868723,0.0273016355815269,0.0273040218678713,0.0273062175840445,0.0273082332008638,0.0273100789951647,0.0273117650251538,0.0273133011077883,0.0273146967981819,0.0273159613710348,0.0273171038040806,0.0273181327635353,0.0273190565915305,0.027319883295504,0.027320620539515,0.0273212756374518,0.0273218555480831,0.0273223668719089,0.0273228158497591,0.0273232083630837,0.0273235499358679,0.0273238457381048,0.02732410059075,0.0273243189720799,0.0273245050253733,0.0273246625678324,0.0273247951006512,0.0273249058201385,0.0273249976297936,0.0273250731532288,0.027325134747833,0.0273251845190634,0.0273252243352532,0.0273252558428181,0.0273252804817405,0.0273252995012134,0.0273253139753203,0.027325324818632,0.0273253328015982,0.0273253385656116,0.0273253426376292,0.027325345444237,0.0273253473250539,0.0273253485453764,0.0273253493079724,0.0273253497639466
