1.7609822955128425,1.5760981485573606,0.4788089671341538,1.0117246194098897,-0.4405316089998818,-0.7001596766470795,1.6370794062076934,0.8256624646912876,0.43122349951800043,1.1158547863596864,0.5917178159371451
3.0741839391813337,2.4342719522700995,1.6741531650488382,1.43807000015338,-0.5489534784680821,-1.406695423467424,3.322450004027852,1.411870901152723,0.6207094718448912,1.5304296670816004,0.9935590573511957
3.8200166540850713,3.181024763348559,3.1579787841543787,1.6698255972396052,-0.6397166217371444,-3.002290253414429,4.159502208406145,0.7696342873254074,1.2506727407578069,2.2347317745578708,1.4935974560378797
4.52592039602768,3.724062421574355,3.7308123094728978,1.992977910302689,-0.8452082581524518,-3.4311210630814823,4.110368097222272,0.7982976298782164,1.6502159918520385,3.3655404977899153,1.7844973863156786
5.050445763419471,3.573198860356762,3.9105505877398405,1.985346985777817,-1.5449746530412811,-3.9723727190766795,4.5489118579789025,0.3799726417048484,1.6305677167726884,3.6350331977379877,2.400852854957113
4.930945495596507,3.4912520513503766,4.305319557605107,2.142233516884936,-1.490627117556663,-3.4066045443123247,4.897831823706702,0.5679335243603372,1.3444529546677408,3.958891851825638,2.4434608277281544
5.162462512334739,3.2789952090039156,4.423047224582107,2.0068614587417932,-1.3094464240082082,-3.857275174276001,5.354505375061859,0.4723797765795342,1.320236752519366,3.7127343315723307,2.2442567049404896
5.576141444862024,2.927963292208585,5.102462933387825,2.35428177490571,-1.2159690330604955,-3.7556169061055775,4.921926575456277,0.7089648630684555,1.468138023421406,4.03537316925673,2.3348892145086464
5.919617743799746,3.025862087808756,5.4435431691557845,3.083444231633767,-1.4411635784254,-2.865854098562295,4.748888187311859,0.7571927885040892,1.6022823053383428,3.9641351951631774,2.95386194423041
5.345423693915525,2.7975107235997774,5.009444466642074,3.215878604580954,-2.062097612521581,-3.2613257088562886,5.29680241729398,1.1410686723863266,1.387960985137981,4.085536576843994,3.7987811711633874
4.7531441860732375,2.241809787545097,4.421141397512229,3.070022387131948,-2.723983125347064,-3.9510640683743197,5.414713339534853,1.3869174618041444,1.2274069937050747,4.169597556363009,3.909603138108157
4.319445682708274,1.7562825197485936,4.075950558864081,2.4744243135463653,-2.777332492423564,-4.52567331172078,5.79621743908959,1.4284616384156672,0.8657835911358784,4.1810499601846765,4.1953130461308925
3.7660284011449985,1.5531608675525481,3.3819353763294577,1.8826962821671762,-2.811122241764194,-5.1235759192704995,6.912128648310358,1.1338011871752212,-0.003934569049040104,4.014668767250407,4.686471797953734
3.3718383627804203,0.7770760676684606,2.618854620567889,1.5172710618085437,-2.8021662840948847,-4.671273074348235,7.483261345875714,0.7834588697807132,-0.5952748242163944,4.462129628342637,3.8164755473944876
1.895284559284188,1.9411219353695695,0.23809019335514958,1.8250923580207554,-3.8427636823197426,-1.68403977074441,7.86168241100059,-0.4849941151044239,-0.4316034732713781,5.738284569260051,2.128702293598061
0.9710991287616921,2.3068800252075015,-0.4971495224169753,2.324568234496319,-3.6533726178049637,-0.579427049145284,8.603659267455464,-1.0034572860897442,-1.082951917806025,5.430895895958932,0.5901612259237559
0.3979356497639315,3.425180906887951,-0.3973152564689957,2.959930100786021,-3.0085883791667296,-0.1799403023955768,9.294746710812543,-1.557621532437949,-1.5756577776992986,4.691100740584094,-0.8572951542644734
0.5547535356976585,3.1547635865229884,-2.439771039618316,3.13156576233364,-2.3545958977693653,-0.7370034697082609,9.922905443130594,-1.674664095586416,-2.631109701252384,4.327607940080585,-2.247106128455214
0.4730817485295644,4.634727272578841,-3.1888857728577564,4.031865153306548,-1.6045571974047665,-0.7939570277822603,8.825513213059635,-1.6766134178680796,-3.4931437952379794,3.942005477574371,-3.2051438022366563
0.27562163082535185,4.703002739980843,-5.162848553022837,4.184850436501086,-1.4218036627790795,-0.9641535105818306,9.064653697297501,-1.611421008087087,-3.7700488381073947,2.8103272174084992,-3.585484278720781
0.402686296576926,4.21101636967445,-5.144175732388905,4.261468582931846,-0.9068028054061477,-1.101939399390336,8.525988294510505,-1.8130483040939123,-4.6404098532573,1.4869927707139377,-4.351666335547894
0.6890800236796095,3.445577877854708,-6.038888859792869,4.084086540025098,-0.2304417096839022,-1.3748269374880469,8.04527162857403,-1.7758028570312865,-5.717508249424038,-0.1218416642556803,-4.220201220142531
0.8252753396113162,3.03054108744609,-6.560450587029728,4.041572937505645,0.08702802572793811,-1.1109827878465879,6.987650771189861,-2.429119045146109,-6.353563079986511,-1.2368726816889062,-4.1494894518321
0.9386315914106664,2.410140651955814,-5.926913681557234,3.9115612821819656,0.6147266402285447,-2.327205570833918,6.570695801847236,-2.8182299645546007,-6.465484926374711,-2.8911229711920035,-3.6813108775856898
0.652082710335026,2.3613782611424865,-5.157270870461955,3.8476293821031486,1.511620063073646,-3.1638637356585977,5.831266289266924,-2.7864765587614,-6.114551058940478,-3.556319806906859,-2.9434507724550714
0.7442956329949635,1.8186930979737903,-3.9483654601303293,3.625568735040988,2.3633720930273805,-3.4987539555120737,5.86373668192744,-1.868235582497432,-5.308696819882703,-4.267210486089713,-2.2714237797632624
0.6055485603991282,1.3287713876678384,-3.15165700828026,3.065290619285493,2.929460762370555,-3.816517273652198,5.923701122019394,-1.0522190730478016,-4.913942278487557,-4.749599668814589,-1.8599585559765952
0.0945014246941478,0.32023247611017025,-2.755913018332796,2.636481195164671,3.590641046333586,-4.711603977072867,5.965308267469647,-0.33556574353680285,-4.566749766141234,-4.513146761932784,-1.7933935687961489
-0.35057099305751027,0.02334958824358485,-2.438142961062903,2.1543913745532137,4.254924997386978,-5.60867157242551,5.147303668095535,0.07479792205510666,-3.5962485628595564,-3.404408828188533,-1.7081279870729809
-0.8427860077784671,0.6057096994067037,-1.7142143650925865,1.978969994137533,4.480255602619026,-4.652228996416833,3.803128643907938,0.5431963730771812,-2.9004801669233555,-2.523257256436704,-1.8325379969465678
-0.9499830070537109,0.9197107846382186,-1.4502881920370814,1.7447490736710853,4.420764526399399,-4.015344957757371,3.5346242380694557,0.891732820468778,-2.2007079268142853,-2.1826086833422123,-1.4533990434754243
-0.5692487807003436,0.7797794999336262,-0.9109049966807302,1.8451975827268408,4.2181324514742995,-2.9890000890555832,3.1915001660192424,1.4787732930435569,-1.1000392700366182,-1.6005436939759479,-1.6995741421483612
-0.013835053527038302,0.41620648776361424,-0.030001645007596944,1.9562023191124327,3.4319494262229493,-2.130103225300257,2.9319485987387344,1.1183826071936576,-0.6812432738073432,-1.02823318703679,-1.6935538192872872
0.5946534754319086,-0.4482308778109543,0.3307910396987883,1.9536607782422206,2.6111217592186025,-1.7871554821607218,2.693518339253561,0.7472599960962782,0.22597497363706737,-0.7552614439684444,-1.6072397305146695
0.8034789588660802,-1.4856966715484428,0.2754804612438905,1.8264394894226437,2.067576514758061,-2.016933046255078,2.627049729923019,0.7546309599172432,1.50333923730186,-0.8518298757216373,-1.0369536990661834
0.23373131103979986,-3.242293812977623,0.7500078907928769,1.054820423960897,2.304089508446574,-2.0989325255246998,2.9630826989039236,0.6643702275980989,3.0374431662835937,-1.4828124438669028,-0.5697720052829809
-1.2856276822347947,-3.767702622964962,-0.24260333853356375,-0.6683273518849172,2.608780766443676,-3.3980729807845886,3.6440109007023582,0.7241993425346419,4.130856323397703,-1.32730413238979,1.1756351588728473
-3.067949275589663,-2.0104102712102336,-0.8184302148824434,-2.0234480204461827,3.096578768661661,-5.722540028423478,4.400854909056151,0.5880521561604537,4.129842130450671,-0.8859323473591769,2.738970418869745
-3.404468333863112,-1.1880717897611661,-0.8345198982050744,-2.319593971500797,3.5357962760912773,-6.367940980492796,3.5613762148919967,0.6410995952760605,2.3685913477811047,1.1010055677796409,2.41719762318974
-2.2103766563296876,-0.8151890927000434,0.08549433126708728,-2.1946379815572357,3.5399429674468497,-4.400314712133755,2.7622534076538865,0.22577880718424415,1.4107931436977479,2.0700336816063447,1.4486091883063732
-1.7755221957570713,-0.7521880015275602,0.2585504618359992,-1.7559794972819434,3.7839683951002883,-2.098835650803342,1.974058155140161,-0.4941876531307434,1.2638564695988594,3.0726149106771943,0.925034503581408
-1.1843280530558098,-1.5147584012815112,0.7300357226103498,-1.3897098076103973,3.827963601371968,-1.3325930721364978,1.134648355813511,-1.333849359074477,1.6729870000616955,3.2093041816352708,0.32596797307184555
-1.356106523360334,-2.3303457160312893,-0.5314349347393109,-0.8888402535542177,3.41123936971342,-1.7828611026403385,0.7567263559020821,-1.9957231407469163,2.4767484722649784,3.424863768988358,0.08676897001739003
-1.765775345582872,-1.1266321563330937,-0.1201930512894056,-0.06511789471286594,3.566191641760397,-1.5969232305524375,-0.02821217185200997,-2.059776047303889,2.950013598273623,3.5529090876028633,0.4047090998088968
-1.8818116209681048,-0.14659002440968255,-0.31197189782893875,0.47350800941066484,3.519775628670929,-1.4356452739844787,-0.20924148515427787,-2.3884218415890484,2.6810562685842765,3.9661166628476945,1.5967418389363233
-1.4505214319527127,0.7029986127723242,-0.5620800105917445,0.7397731019834346,3.1943621432689486,-0.48985373839300106,0.12553943249866584,-2.191120186251193,2.11169293882131,3.9345695823931988,2.4463114220669038
-0.5244744864114312,-0.8939040070867743,0.07685008684499645,0.5234955741764933,3.201802371550491,-0.4671104191258675,0.5663261172836005,-1.9339710625410005,1.9843017755512824,3.3948543347381954,2.771645390848584
-0.14628995812064483,-2.7020662272853255,0.4743250637657901,0.40274208541422835,3.0917997906223773,-1.5374438967328472,1.85794589420821,-1.7301556533008662,1.9881947330149135,2.599864484123399,2.408780464762893
-0.8499992295384788,-3.5412200813684183,0.2705037013534849,0.5432565688742852,3.903028402952423,-2.6332078717068077,2.6711574735368937,-1.523676041570888,2.1247628367430975,1.6200555788800441,2.573981313479688
-2.0989889753522175,-3.7791415527269545,-0.3674277011227276,0.01857108171355204,4.272229862295735,-4.628356070743102,3.1520601597872138,-1.1174330814053224,1.9727456835369368,1.335563636819813,2.8227730665443134
-2.644764009156409,-3.139200260461698,-0.7441188542087753,-0.38434359260217466,4.491084198624323,-5.599311388749668,2.4942545266620857,-0.6285141519702513,1.2908981339533443,2.4657615592001307,2.5237467712108597
-2.1173143915260852,-2.549412905562537,-0.4467562663626337,-0.8311439641674878,4.366072228511712,-4.04121862693878,2.0203069791969264,-0.45818177687834094,1.3308677154851174,3.017867766753201,2.427264096945781
-2.536567367592526,-2.9124252889176563,-0.36506527971063674,-0.9497924294447346,4.2771986438212535,-3.230871680345703,1.4454434997901195,-0.8118427196759246,1.290525173394434,3.4999912923050425,2.5561242944210223
-2.2599936619566803,-2.5149653888391645,-0.2218375118524767,-0.8233116328178021,4.367807969537182,-1.6438442692675324,0.5366668933649771,-0.5007340964016782,1.109810846122717,3.8551001747311164,3.0748184258268814
-1.0938820765296273,-1.8235032718577702,0.43719262425277533,-0.6216958349698223,3.9702382492449413,0.06415362432314187,-0.6290585944111202,0.02625982085044165,1.3151983719903033,4.23753520454436,2.853357676663778
0.13753463412569203,-1.8986762888386106,0.9423776516070257,-0.4446432544776922,3.131987832665695,1.7474616668596752,-0.4897483755745248,0.5279280576468981,1.9073618280326856,3.9572508436513556,2.3305072617646116
1.049417830627583,-2.951798671617359,1.322180510363768,-0.28205753699846814,2.8491555760524956,0.7549201027011838,0.019132579956423368,0.43026438918975224,2.1523663138898503,3.435607305121146,1.7472511017391827
0.798119850242087,-2.6477801191879866,1.2817492271550894,-0.3121915746228645,2.9569388829379433,-0.2897651098540109,0.3083640870583026,-0.2805732037087715,2.6120018207291347,2.6301117478256195,1.7526521181560555
0.23111220318052125,-2.2059789642721648,1.4555921416599045,-0.4908968266144642,3.1748441805849628,-1.6594971692975864,0.5534419914207019,-0.7539353574953553,3.106247056038821,2.2469136536608625,2.0801442209446233
-0.027350300066828204,-1.3015752463772654,1.0149485418048296,-0.7143012311344354,2.6659530726221057,-2.2248555285464566,0.44886022078795573,-0.9188060282438985,3.7123779561539476,2.2437962486104452,2.335439033487247
0.2632089228964488,-0.40846963541699194,-0.2675427941318454,-0.8378381148280589,1.9105610172924705,-0.771327155587124,0.7147911700616758,-0.6214531798235537,4.31690050174182,3.4022463241408603,2.701062263080624
0.36883816360104993,-0.26088255861658394,-2.4779753742778308,-0.18026863656427736,-0.010006942233010241,1.7767543651805744,1.5025572064959565,0.08353872416435493,4.271870296327917,4.733669263650978,2.439041747928415
0.19416309643820817,-0.5496230061062206,-4.153768047099126,0.7669523811389376,-1.5433087160184618,3.2289741484233905,3.2977278000983627,0.6969504254597679,3.430879083326409,5.358521277772835,2.311951731327142
0.30431037409089645,-1.532955306109777,-1.7900710339348396,1.694755696359292,-1.120686443419026,1.7428029275993897,4.31703166134707,0.03094248730205451,1.5860956442733367,5.041756716827571,1.4722174556332324
0.3923016041729084,-1.7096545851594915,0.04655401554024752,2.1926127089303424,-1.153420798377982,0.7666822447773711,4.543252517352125,-0.5108972460223871,0.9244597388446629,5.156581431755585,0.8950906746752749
0.1265141029360387,-1.4128282552197167,1.1111969803496677,2.0712121653870064,-0.2517335840141881,-0.1530851710289183,4.344156328616768,-1.2392755405212719,0.35056193192399626,5.383855296903942,0.8010965008036212
0.660316303895647,-0.5622103461569347,1.6474009187836467,2.457339173683967,-0.5016986074741387,-0.07378452102676758,3.769747193694411,-1.3986136518838261,0.3607993446369525,5.70893040520902,0.5952669796494391
1.5929395691125752,-0.6208379608330374,1.9664944365763493,2.74325662577062,-0.7985232831274441,0.22744774190290784,3.568304552982064,-1.4727932861407673,0.4650736637903852,4.906452278238527,0.8671540002358347
1.996972768592563,-0.5362268009973525,1.3325215591180837,3.0704116054450448,-1.436588551685496,0.4044292861920411,3.7753940083859443,-1.6009712089433987,0.404008556345549,4.4586839638313,0.7216975912856268
2.3833168178608726,-0.7519488940085273,1.850019220722334,3.1743329561375666,-1.8612661580530265,0.7746324551811401,3.878243950525974,-1.4659712291003204,1.013010682767144,4.099455443454782,0.35229927410258033
2.2493490417131072,-1.0352772417225053,2.1041543607012883,3.0571060819540326,-2.608581809763358,-0.024058176851107005,4.388488337809164,-1.8946080272620032,1.1758666585230575,3.930742071982415,0.1396218177813573
1.2115259529286533,-1.8719764035323772,1.7549454882526536,2.823227909739367,-2.7394852080527263,-0.7305309823282264,4.791726333059174,-2.5254868549720157,2.1705915813845227,5.271436601332159,-0.630399783577837
-1.0532541025850868,-1.7740942961733734,1.9638174330624174,3.4860896663577328,-2.098491676288087,-0.9927212450733984,5.067936776276884,-3.4709105872853785,3.1106815105783108,6.6505347325825435,-0.4699909340794517
-2.8946436332977608,-0.6506821004606942,3.0680560436781166,3.992607334630578,-1.8743539177484903,-1.2223610084688972,4.650983330675117,-4.443209880539083,3.374052678905924,6.869834052475044,0.3901673206565279
-3.312974007597293,0.5560259638550974,2.800139685103686,3.9918609591144016,-2.121215381625086,-0.7045248520463976,4.640222085091066,-4.735906167647805,3.6608788288070597,6.595676589052556,-0.15101088810524566
-3.435201914267841,0.8239549377189556,3.7114836398073954,4.1158297576674325,-1.352699933713292,-1.8433380458974427,4.882712981642759,-4.959572324131945,3.410067011761775,4.906582067043738,0.9901561335140922
-3.48537219765501,1.4227010208635675,4.313677025746499,3.7646405272320744,-0.5838071402056457,-1.5301986332851794,5.101640979404776,-4.779673714970935,3.1229176488464514,4.770316339343669,1.3790718869859937
-2.243909678601005,-1.0033296035399186,4.712303439154594,3.4060691783636843,-0.43989976251453344,-0.4539293898817015,5.170303853576457,-4.638231922686491,3.5332488458745295,4.197328263020925,1.2284559705716573
-2.055930159377769,-1.763508039209655,2.559576801254683,1.3443084224699993,0.972482507735162,-1.462411955075921,5.329830659564926,-4.191919652092868,5.239825404084126,1.1366485557807486,3.0626401567610477
-1.9972625642996078,-2.7941092067758313,0.9742235848234881,-0.5088947851588119,2.0333521810867676,-3.523198876092575,5.404688965710205,-3.2719557103878287,5.762403302800315,0.13213812058515817,3.985925573715686
-3.6209323679925767,-2.673372173982453,-1.8341777158856203,-1.4752967013446447,3.215495975408467,-5.64598263796956,5.502963056137281,-3.0192427094089185,4.793291372984928,1.45223096071408,4.890849332417879
-4.326781120851983,-1.5503486159080921,-2.168053374394506,-1.3589931519935887,4.067201032952293,-6.145987217885877,3.746511621310083,-3.328407950700184,3.021452440860563,3.4379726656378953,4.412165637738826
-3.8870253350769564,-0.03116134558653777,-1.5434488570432219,-0.9548043428068317,4.3470993219322205,-4.541460418924292,2.124131536057928,-3.2350117428976755,0.7464436439476676,4.516404765482205,3.412937571292957
-2.491514608095026,-0.7024179370669914,-0.2448282675139689,-0.08698056567608711,4.422981793906416,-0.9873780514407876,1.1024888774631174,-1.7662228696788103,0.12355862932473036,4.064446091530855,1.9292168737268103
-1.4747978990985045,-1.3121563306272397,0.21791186898987897,0.5511759258566635,4.17684475425603,1.0035369609702385,1.1206903666301717,-0.7237191789590014,0.6017906039270859,3.384501639215167,1.4704745160324306
-0.775834719269253,-2.9673836290209805,0.6116049420954986,0.9808675874459951,4.337997779553261,0.6847108816709127,0.7330630044226414,-0.21534209465368848,1.8308929821049456,2.9957769851683116,0.15929687242004847
-1.2058545000115737,-3.63834500822431,-0.06294973127027784,1.3157634250959198,4.612518152677491,-0.6935832203568686,1.0392757067965488,0.5716161237153798,3.625655283631816,1.8561631234242526,0.7183193252635762
-2.8711848857029736,-3.349914118985613,-1.400655889640475,1.594568084316314,4.460032614106203,-2.7206947903737086,1.3764654641135334,1.3220080610523794,4.576279958352311,1.4021390419033517,1.3973765465600914
-4.320053900408137,-1.9751294765223426,-2.990892588206287,1.6464104559729593,4.217542438539956,-3.8923617878567285,1.4546576073817923,1.4794897220191663,4.4225876004835,1.8976747526856443,2.6933531777379156
-3.767952125152325,-0.6520172360937542,-2.0827561543830546,1.0756721242216511,4.247793988181954,-2.7031397845140153,0.2442579451969302,1.4195418679056688,3.76204681545991,2.9734817430474325,3.17107860175614
-2.0745641309032408,0.13621047741369152,-1.7040827178434395,0.5216876954749976,4.081394292221301,0.14379451272041685,-0.12708029805835497,1.7621818444784667,3.636563443600915,3.2311018215236853,3.149869620498947
-0.2056496240550869,-0.3410968895159213,-2.910003305368016,0.09723824141853582,2.1671971948036175,3.688651223881612,0.5364717972630622,2.0377216349565748,3.6217408094418015,4.366896099594123,2.7246500003686407
1.1587207800977646,-1.9933569297445743,-4.507637776537073,0.2932870795358965,0.21160980392762574,4.689362412018215,2.760088380028571,1.7667095074286048,3.0654151780206176,5.848232461710272,2.6389891050588514
1.658150046661365,-3.269616591223245,-3.754564660566669,1.0778077806991249,-0.7942096400497634,3.8823514275863102,4.115478882799135,0.5931046815984211,1.6140907371833983,6.571870978024647,1.3009014888256667
1.407830048840217,-3.7167921850934107,-0.8217192724358806,2.2059271623700685,-0.922838175063331,2.1206038494084307,3.546743303795143,-1.4085588855472166,0.7886609144170631,7.075635490538215,0.38087810099674924
1.0740125027138592,-2.9550108249995803,0.986446186712645,2.9830335090238833,-0.4051444303381042,1.4301571976303242,3.372311998592464,-2.679621299707741,0.8591993348204949,6.578332129568492,0.7383261336378515
0.7063716476511097,-1.9830361870148023,2.7842450660064664,3.092565231650962,0.255589741267516,-0.27988524819825444,2.6418461358473966,-3.029789559796991,1.1218034792091207,5.382312799386376,1.3084724638469085
1.2747309994203506,-0.15000139778301014,4.025852205741935,3.095938066852945,0.7704115794671961,0.07823249314989607,2.1251279399690595,-2.178592811224694,0.9179372920893036,3.578330217296271,2.3368681321287053
2.333136632500829,0.27092622987784,3.4755583810549924,3.0230080859306483,0.30153481670972493,0.5070336558789479,2.4525051609862176,-1.5379707689108257,0.658397758639807,2.9075041496815874,2.870611409838309
2.822697801894501,0.5406719219758036,2.8842412835876954,2.5205878303593536,-0.4491399735866716,0.16006755710018888,2.637707515530578,-1.0693894279789689,0.8128077868137248,2.1691511870762463,3.314865875624246
2.889647367639701,0.19004761046120033,2.545213459547804,2.1301582137292243,-1.029893913400156,-0.0018621991975549257,2.6556780515698435,-0.7684841676286922,0.11565139604145344,1.1218145514750564,3.1213285447334416
2.5040063558882326,-0.13493171460995496,2.785039764774006,1.812371245659986,-0.930662643851318,-0.6911451088730732,3.1241347786128717,-0.6392875254875221,-0.6804999751182621,0.23298643217645987,3.3055594882603465
2.524369482448509,-0.46070631686373487,2.952762822585745,1.3361300044012494,-0.46763530919410357,-0.8459379964261622,3.089247461291185,-0.23034356853169635,-0.887322434644413,0.1064584661438579,2.929352671421684
2.5641717704137266,-0.09446445383131286,2.271867652231408,0.8764101056805756,-0.9463401303646553,0.5702271594999196,3.273285457418468,-0.34121109015595213,-0.7369555548352048,-0.38537545440767706,3.26241036632676
3.19387498080516,-1.4900696897036387,1.172701735013276,0.62798658855639,-2.563277676323888,1.6492122106808336,3.4114538739715203,-0.8442916674286212,-1.1563423188488358,0.6981478006502433,2.0477739770056163
2.9348360028690514,-2.6305082065828795,0.9079624609370561,0.567594512154203,-3.5196936010559896,1.031055736623349,3.5445436079314017,-1.5754117480233258,-0.4438371031126101,1.7240352400183143,1.3084592345871373
1.4704805774810266,-3.4624420221845966,0.12849957857772742,0.8426755540942199,-4.116587671706872,0.23162162687290844,3.476667060235266,-2.982230470113649,0.5402359170991682,3.849816529522834,0.7239987854464953
-0.5634306566419129,-3.8695379641368746,1.2313454386513494,1.2959066650481867,-2.5850447472671245,-0.06764486935325364,3.390701052859539,-3.872293998313282,1.811215301192409,4.2150841809483595,0.433029063232925
-2.6081546227453223,-2.9206200424916036,1.7374714154215027,1.1967902325960948,-0.6773410953042027,0.20736807857804218,3.1104435831287502,-4.649757508696049,3.360298171862321,4.299509934423922,0.4784930129510725
-3.6719903720257596,-0.14508413294256706,2.378603529968125,1.2957719848018279,0.25527207339462576,0.6288822067348302,1.6514441945697858,-6.06389348723449,4.461357582425619,5.078480447749731,0.7752796224288387
-3.465235524910149,-0.4224995473219225,1.7263162038717683,0.9023064014040574,0.41254237059358223,1.4688950240648917,1.8074896456386116,-7.241565590938503,5.472304520523121,4.429891124657311,1.807380067643233
-3.245608505840015,0.00957008765125078,0.7240911556471403,-0.06211846081930628,1.5269434048067168,0.8510208132663613,1.6268202007571226,-7.998142271063312,5.4627590625753255,3.2637567218276016,4.221148114896941
-2.0895323286220324,1.8294215315093894,-0.5082876559140217,-0.7221375036415367,2.8359914707730445,0.6020239183726701,1.0725543179609414,-7.468205010843157,4.266305304094763,3.423980413975065,6.359278649062999
-0.12180548489857435,2.387337027437389,-0.8872485830028024,-0.8689441175244643,4.003595053647027,1.7386393397200357,0.7687358971757281,-5.84550432577384,3.2293829259897153,3.8206050650660233,4.939780435096793
1.350712255545158,1.8706540980040876,-1.4522855169964242,-0.7147405470421895,4.271931252062151,2.397274939149481,0.42294617683048175,-4.995246967253656,2.359209918485459,3.6207776980949578,4.019171440792958
2.325747975369314,1.040637372739453,-1.0438849352600448,-0.6312138650882735,4.184161137634054,1.3880185795977016,0.11888013365697181,-4.314534686292673,2.28201371245361,3.4933326821857413,3.323411032222035
3.0421411852170674,0.40624371478799737,-0.5975365434850519,-0.8557782699297928,3.97900136424092,0.9404578235072649,0.10183716072947813,-3.8401534222289024,1.722235949103338,3.100625265035938,3.0132722659947975
3.147483392064546,0.2585276342912072,-0.1026214772675268,-0.8648939450640084,3.5973959691310426,1.1299157201133427,-0.3714574268671429,-3.396121871838471,1.7781786731196538,2.8872725267078763,2.774843146416471
3.1267999282922077,0.28626983724006594,-0.19210822654150683,-0.6325780010905179,3.0997914853470236,1.572077716058045,-0.9110772831796372,-2.998701655000719,1.7885802905504853,2.657273783403745,2.910926026745312
3.52687895144223,-0.42525685115196654,-0.7398756527762083,-0.5971101736744289,1.9013127152714493,2.4533737256688384,-0.20254740149661254,-2.678939674216644,1.4528265115975545,2.2430400426693002,3.0679976233758284
3.6455328805303413,-1.2924921135371286,-0.892041954630153,-0.5155037585083504,1.2606351645007816,2.4842831357741098,0.6100607282758217,-2.508878750785524,0.9361257903549997,2.091641461641793,3.040075690945396
3.2390359664927333,-2.484408051543323,-1.5722118594832049,-0.049269496779502264,-0.18954732568952026,2.638089655131006,1.0958708540638784,-2.6016566896079203,1.0662979224471798,2.892960827227646,2.168656269547135
1.9429341499199584,-4.249085293543244,0.3757465416841178,0.5064465555179707,-0.4133189075061475,1.4915404608454863,1.0406575408838217,-3.35784291779743,1.4098601347310442,3.312728039637442,1.516268730026186
-0.27992845569797975,-5.418568970510179,1.1155597372790027,0.571511790954693,0.7600201256052749,-0.2874459032778275,1.2884250538362327,-4.0924398780473155,2.5779203152881585,3.3819158486217646,1.7347969983875888
-2.0108501614788583,-5.005610203618908,1.4797176098755056,0.2811374792899739,2.316320954677809,-0.48874122598308356,0.5250549041031505,-4.599476003611576,4.167223753421383,3.3076422035691913,2.39122909510343
-3.3977199196803607,-1.5861154953989618,0.8499859141624974,0.5134123739248718,3.2505786987400507,-0.5923684165562042,-0.7132133387514105,-4.869196887590849,4.879563570099173,3.905013153979091,3.578089050328573
-2.7200242699000863,1.7010112824009465,0.6416108938298737,0.44945739704766047,3.4740022780700617,0.47172752120963557,-0.7583469390336768,-3.9739854198784252,4.740218476101934,2.62882738948155,4.610941864595242
-0.5872656369134088,0.47956292958238,0.2294318883081936,-0.03294393239156826,2.713891171309611,2.0131122627810285,-0.6123309541126125,-2.7084517368994594,3.776691595908722,2.0672725233402662,4.275075860947095
0.7573438069222298,-1.4871891616983688,-0.904245339861503,0.17382725688551334,1.0893100367412094,2.184883930465662,-0.06820119647330414,-1.6156055625942958,3.410843584985934,1.3691499593685705,4.497890060308809
0.7991895575634466,-1.9617977148434789,-1.4365950293530751,-0.000886023354899193,0.10862043125139215,1.630423407721082,1.4242987474769644,-0.402140210998437,2.135731831555845,0.5013266939747337,5.152796014281596
0.1359857819994711,-4.116095084124223,-0.4524325909617535,-0.4440730456378307,0.5929571691307063,-1.5837783710481739,2.8325983372578487,0.6634937783752263,1.7614497776872062,-0.20466200680780533,3.4790226824440875
-1.0264596482391815,-4.98451278703406,-0.4013681998993267,-0.9006315659229762,1.2551685263520675,-3.6642414298605686,3.2713969602325794,1.5011229895697853,2.6723691222794166,-0.38824717055574753,3.52862921889027
-3.305569184884166,-6.175881330042645,-2.0141537730077537,-1.2552351656823737,2.070478031189391,-5.95717262170203,4.454646610089789,1.3558026799107668,3.5573621335017442,0.2447840342495784,3.1977631018791657
-6.383607183493606,-2.690782550028307,-3.7709256038717798,-1.7078241549174953,2.5560101988169537,-7.509718407494556,4.301969028983767,0.2689020789129728,2.9325068953071076,2.487422818903143,4.119283807125918
-5.7211062701415365,-0.99773434895244,-2.5475597280206506,-2.0258489851050876,2.749877899915593,-3.442532004799159,3.1438690028286267,0.0664313789297637,1.04040257863248,3.623565369770643,2.925553030163002
-3.7695717929461248,0.3708900594420034,-2.597727817463837,-2.045583596899683,1.995938350536877,1.0734909787774296,1.9577556697871148,0.4324480454387946,-0.00794526335301654,4.166869015704205,2.221949904010546
-2.058262246193165,-0.7657451571233903,-1.5568104936874851,-1.653435850558717,1.5015934577577688,2.383622043383258,1.5770510461325498,0.8891054377598339,-0.08482848224183219,4.077821535582596,1.2994859487875539
-1.0657092444351786,-1.0198403886231382,-0.5666292433394243,-1.4032917032315966,1.3043996689400394,1.9680012292999345,1.8821043161309612,1.0240592354744367,0.0911594811264269,3.551628262772649,1.3777110430159358
-0.29013552352065053,-1.445322439645238,0.5617061335636604,-0.9897364148757088,0.38868585790292853,1.6384632273084294,2.149357800997638,0.8013228325683945,-0.11326360256842746,3.35898620130264,1.399110634546252
-0.7330682177584781,-0.9616081160140615,0.473883143397287,-0.253026472835516,-1.3393128817641589,1.6633604705694618,3.01697514164612,0.40386439389821627,-0.6224860956031695,4.007793534933187,2.2074746900582145
-0.9555266091480294,-0.5078219587782871,-0.42547407509553437,0.6441685131656252,-2.4526504316574265,2.06924204002032,4.547192414563294,0.6072665710538652,-1.596394190911908,4.412714511662031,2.165206403452107
-0.16203966984377627,-1.5560984529315478,0.5803588494870471,1.7019513591760442,-2.8494208445034177,3.026934338082263,4.868281852017631,0.6010179046131054,-2.1809246325229323,5.005899569021241,0.5064492634673552
0.049856779315363364,-1.9486608788670066,1.5268672577363753,2.5871727250256353,-3.002653056125144,2.224180889769285,5.6618230197443555,0.09148850098739048,-2.142348809463752,4.654481693782351,-0.7605880416084221
-0.0596072495804143,-1.4878462528809968,2.1472491002041294,3.4640837496586445,-3.1595229031831895,1.3690251029338658,5.797401980178848,-0.8121552594247771,-2.2609673817520406,4.272145810092003,-0.9197745950153623
-0.19261797867607933,-1.683241207629079,1.2082045474379888,4.015203402097919,-3.2108293532461745,0.48469942422734547,5.558877817946216,-1.209413102727913,-1.347191850678667,4.12939826593807,-1.2374604572507313
-0.4199884855468363,-2.9507599583497437,0.7487820138023034,4.691130764132762,-3.164972277630535,0.2554726198908861,5.425289562296531,-1.5349042000640323,-0.05949694518911014,4.020146713773239,-1.0969284576632647
-1.2725149544622831,-4.631236592463922,-0.04253914780406287,5.35184744231886,-2.551211575268835,-0.8099900720605846,5.486750185261803,-2.7028672218292873,1.314353850394581,3.9028792666551837,-0.7108835067826593
-3.829409984330165,-5.327741351364036,0.21196461912265052,5.424018969854794,-1.1687248768215497,-2.8873583303066725,4.6221858921634995,-3.362268949494589,3.3380772749335903,4.299846062172593,0.36227180307227624
-6.232307820779345,-1.6801108373796394,0.5599122452573226,5.884982059374889,0.2439591402541641,-3.151086476901195,3.0845634423345945,-3.878689070530301,3.856379737900591,5.426352277512198,1.6112740867505355
-5.931543245117348,1.5422912053889934,1.3569465657470836,6.465284447665583,0.870667968468831,-0.9105451819997479,2.6363676624584214,-3.1127120336297844,3.0773345060863466,4.177054553248151,3.1156085668323135
-3.801635790511364,1.4565143955754514,1.196864552167893,6.510262305355662,0.5188138614234079,2.0946849715341465,4.286780818895081,-1.7866242716939025,1.8667605680095807,2.2708313933226845,2.9065547077630542
-1.8970546954322112,0.44170162376778105,-0.01987106390035598,5.309230211038698,-0.301605691396577,2.2960286790429,6.941619526305808,-0.7472849968542655,0.5016455794140775,1.2463681659447854,1.3968648671002966
-0.6502546128980209,-0.8668801867314669,0.5765230001653806,4.697763616806704,-1.1436579028057974,1.2820028020989973,7.506873042539032,-0.6980949591615078,-0.3801940360658155,2.1692386282520104,-1.6362742528798608
-0.38777736104807714,-0.4097992308652837,1.736223807294134,5.5658388132402665,-1.265463323070929,0.8807596486530034,6.11645901860357,-1.2983711524625174,0.13592859198228247,1.6750664223889542,-2.7863755981422793
-0.29832578141372695,0.5346633590184428,2.392358639340208,6.359129555961837,-1.4094419473211846,-0.25875978938686806,5.586745262601261,-1.4902273394668502,0.9498508093590148,0.4857820200689238,-2.6432005047844114
-0.879892295945649,1.239965331485854,1.3444151523203465,6.55562434005433,-1.3109782110497368,-1.3228494931790604,6.181204987718775,-1.0368937087271421,1.7637871372177079,-0.7601024240463984,-1.7274371337238188
-1.1723505441766093,0.6789345931025935,0.8925635878499532,3.583794943331201,-0.0005042866968216764,-2.6549391444340804,7.756751825402809,0.8670915109069968,2.8136537597516202,-3.9937516097694585,1.1066100573623243
-0.9634470109048281,0.6552484526595579,0.8674766996364627,1.6855593340627015,0.9916399553618463,-3.774071859485189,8.327128625568838,2.6648944230454292,0.6495679257885651,-3.456388670677478,1.6223694454378474
-0.7762628596364243,0.5299350421224878,0.9659051743464063,0.7069631832290719,1.3279576207081842,-3.395584041840203,8.78309200446723,3.357735040049753,-1.3445537299222705,-2.4375566798521806,0.6641971644944318
-0.7115427840446847,2.1147494749529487,0.59280604325132,0.5147762195918641,0.9820300150826358,-2.3024770974143105,8.517704653232862,2.5908005976759703,-3.133612768541169,-1.0017307300396157,0.12216444681584582
0.0319006702175193,2.3758753300224997,-0.8416957799610962,0.3745736521393909,-0.14826485424313773,-1.0600483041900075,9.237371055369298,1.9650567154404408,-4.294851425433875,-0.11923149134296196,-1.3820069450559547
-0.017121174777047,2.3693753317858013,-2.0761192745418895,0.9448080300633416,0.3393101148900506,-0.7811391344313101,8.501976545387928,1.226773045165268,-4.345427022179472,0.946552049627593,-3.375824827345489
-0.21249890844458597,2.597304453501251,-1.4919447372842976,2.3957864226755596,1.1452964452288623,-1.174926802640871,7.746812811189175,0.1497967318065122,-3.9043280980322277,0.38997057236393795,-3.7039051448771207
0.3876487614238954,2.3443641933886625,-0.9823412250093689,3.3087692391476575,2.295943014254481,-0.9969802236613724,6.470462050110267,0.5614093626282647,-2.9392768941333003,-1.2515235781716723,-4.458675846471541
0.9900329173238104,1.7090603117831555,-0.4522932234183892,3.512820493393983,2.739023697751664,-1.4050676584712074,6.038211786698235,1.0246921197563101,-1.7715285792522102,-2.576162596829133,-4.606921095565072
0.9359119356979131,1.427353481254063,-0.4382912656178566,3.6838874326239663,2.861674763151693,-1.4922945196294723,5.5634096997961375,0.8142726412702301,-0.8190672094817222,-3.3208186651040412,-3.359937870863717
1.144129843174965,1.9315477759452442,-1.2571389091843734,3.1785472186304067,2.8037707023977223,-0.7012401839526795,5.519286361538921,1.0022415798560709,0.163905456385941,-4.761848588313425,-1.1920610010644013
1.6428644356003206,1.36943287164436,-0.5878243053172848,2.4503400746157458,2.347628514075039,-0.4542828838028588,5.465297405948485,0.7686885108885047,-0.36105363295946874,-4.045160327823954,-1.7931870901786118
1.8455489098738005,1.9597139375603723,0.009040547539797439,2.0617388574447495,1.7097838752965093,-0.7938147440755934,4.737955121694278,0.33154678330105636,-0.4337912672037765,-3.4418264528329603,-1.959540476825147
2.2183901189402433,2.877817060475186,-1.082463009193443,1.6846944719591466,0.48728280247371825,0.3353102789427481,5.208271140185156,0.07984861549554434,0.04015120628433233,-3.827034216354876,-1.8422325576482166
2.364784150029985,2.887168062354661,-1.8496721746165914,1.526363821916246,0.22845888841774142,-0.3317492101499746,5.7298893956081765,-0.09255120332791145,-0.2663248925759454,-3.2114089679434046,-1.73298545607965
2.4765062203716104,3.6326692858566014,-1.8241728718569885,1.2028442756186202,-0.42980314614925796,-0.8780146361766554,5.74187910021019,-0.5683088790128799,-0.9446496905900332,-2.5421856752232435,-1.7888297882574302
3.1918632943126664,3.614727249748002,-1.6234366603372614,0.8713771609592211,-1.5731851755691701,-1.1222090278233354,5.947000245934131,-0.911364380440236,-1.2062926680830974,-1.6872607697891966,-2.7634818072253444
3.518195466211339,2.3084692569150373,-2.7081031133056266,1.164509357442591,-3.0445597789628405,-1.4957550082307374,7.501733184548052,-2.0536999125840985,-1.1599634949905209,0.19536853631461365,-3.0745075750232593
2.208520611403856,-1.0490281183537022,-3.634394009279702,1.3414322082017893,-4.262719795226439,-3.2078812287843994,8.727993118290167,-3.052373021529309,-1.2611779423907061,1.4356850867296167,-3.3704140811080956
-0.15072749369277139,-2.1274696544238507,-2.1605846679020893,2.3303199646202444,-3.6389842742791565,-2.3979576368237296,7.193350874599734,-3.130266317818933,-0.9353815020053441,3.1142894926885587,-3.8637057300000803
-2.057127337119644,-1.870189467080753,-0.20992298773856533,3.8457742264789783,-2.6926905123533795,-1.5929676196103666,5.397225971203984,-3.417327032301324,-0.3762410013933839,5.001751518343545,-4.240450483551191
-3.469347367578707,-1.4677150312540932,1.2309126299809834,4.520238515932701,-1.4570152283712814,-1.6585520435147705,4.558609789487497,-3.298259908286556,0.47480547155035513,4.625343514339505,-4.2581614428396755
-4.596644187100027,-1.0683533039669206,1.3612499309297958,4.926941593156807,0.05082830282242068,-1.9970696455188874,3.439521915323117,-3.237374941619383,1.3352696917357323,3.5535113593154133,-3.2147512458047767
-5.296838144164812,0.5829599168544982,1.3132076670740327,4.903640027205601,2.1275054112203646,-2.626293018440227,3.192561717662491,-3.2412602373939094,1.8686513309791601,2.6358415336828536,-2.3314807432101277
-4.562133377578897,2.336843376921786,0.8825261582747245,4.682842984012107,3.5257914680782,-0.9515754499644679,2.890995761838617,-2.1901275392133415,2.6515062029205803,1.7911013212382054,-1.8700265940327196
-3.229369513561182,2.8928751057094306,-0.02767516592510566,4.330044753720249,3.6019204032825325,1.3461186465577737,3.245950911197608,-0.8347781555392342,3.514678492708948,1.3715981081539128,-1.2545417416567908
-1.7152974153988823,2.5652411674205777,-1.467627605021103,3.881351231333499,2.8431633631316915,2.204017299109172,4.186636248056866,0.390723925093811,3.753291152681738,0.46446615466822627,-1.5404056073141439
