-2.33677719503924,-2.33645823053839,-2.3361334624939,-2.33580292864185,-2.33546666910093,-2.33512472630514,-2.33477714493348,-2.33442397183678,-2.33406525596166,-2.33370104827194,-2.33333140166757,-2.33295637090102,-2.33257601249136,-2.33219038463588,-2.33179954711958,-2.33140356122307,-2.33100248962844,-2.33059639632329,-2.33018534650324,-2.3297694064731,-2.32934864354653,-2.3289231259447,-2.3284929226938,-2.32805810352182,-2.327618738755,-2.32717489921363,-2.32672665610773,-2.32627408093289,-2.32581724536644,-2.32535622116401,-2.32489108005657,-2.32442189364822,-2.32394873331455,-2.32347167010196,-2.32299077462834,-2.32250611698499,-2.32201776664005,-2.32152579234331,-2.32103026203274,-2.32053124274233,-2.32002880051157,-2.31952300029686,-2.31901390588493,-2.31850157980861,-2.31798608326508,-2.31746747603687,-2.31694581641555,-2.31642116112802,-2.31589356526551,-2.31536308221564,-2.31482976359754,-2.31429365920005,-2.31375481692332,-2.31321328272358,-2.31266910056131,-2.31212231235299,-2.3115729579263,-2.31102107497893,-2.31046669904107,-2.30990986344159,-2.30935059927786,-2.3087889353895,-2.30822489833583,-2.30765851237716,-2.30708979945986,-2.30651877920557,-2.30594546890446,-2.30536988351222,-2.30479203565101,-2.30421193561424,-2.30362959137564,-2.30304500860221,-2.30245819067093,-2.30186913868917,-2.30127785151913,-2.3006843258062,-2.3000885560111,-2.29949053444543,-2.29889025131073,-2.29828769474117,-2.29768285084979,-2.2970757037779,-2.29646623574753,-2.29585442711686,-2.2952402564385,-2.29462370052073,-2.29400473449141,-2.29338333186449,-2.29275946460879,-2.29213310321913,-2.29150421678978,-2.29087277308993,-2.29023873864103,-2.28960207879601,-2.28896275782017,-2.28832073897384,-2.28767598459677,-2.28702845619393,-2.28637811452244,-2.2857249196796,-2.28506883119196,-2.28440980810541,-2.28374780907604,-2.2830827924615,-2.28241471641264,-2.28174353896518,-2.28106921813107,-2.28039171198968,-2.2797109787787,-2.27902697698458,-2.27833966543221,-2.27764900337388,-2.27695495057741,-2.27625746741315,-2.27555651493984,-2.27485205498921,-2.27414405024947,-2.27343246434721,-2.27271726192755,-2.27199840873234,-2.27127587167665,-2.27054961892321,-2.26981961995473,-2.26908584564386,-2.2683482683207,-2.26760686183777,-2.26686160163202,-2.2661124647842,-2.26535943007519,-2.26460247803937,-2.26384159101507,-2.26307675319186,-2.26230795065486,-2.26153517142554,-2.26075840549947,-2.25997764488051,-2.25919288361158,-2.25840411780213,-2.25761134565212,-2.25681456747277,-2.25601378570383,-2.25520900492719,-2.25440023187685,-2.25358747544538,-2.25277074668704,-2.25195005881748,-2.25112542721009,-2.25029686938924,-2.2494644050202,-2.24862805589591,-2.2477878459202,-2.24694380108777,-2.24609594946058,-2.2452443211411,-2.24438894824254,-2.24352986485603,-2.24266710701491,-2.24180071265601,-2.24093072157807,-2.24005717539725,-2.23918011749994,-2.23829959299301,-2.23741564865147,-2.23652833286388,-2.23563769557519,-2.2347437882272,-2.23384666369701,-2.23294637623334,-2.23204298139097,-2.23113653596326,-2.23022709791321,-2.22931472630309,-2.22839948122289,-2.2274814237174,-2.22656061571221,-2.22563711993848,-2.22471099985689,-2.22378231958065,-2.22285114379773,-2.22191753769258,-2.22098156686748,-2.22004329726383,-2.21910279508341,-2.21816012670969,-2.21721535862939,-2.21626855735461,-2.21531978934562,-2.21436912093445,-2.2134166182494,-2.21246234714069,-2.21150637310725,-2.21054876122466,-2.20958957607454,-2.20862888167548,-2.20766674141552,-2.20670321798675,-2.20573837332189,-2.204772268533,-2.20380496385237,-2.20283651857554,-2.20186699100685,-2.20089643840756,-2.19992491694675,-2.19895248165477,-2.19797918637954,-2.19700508374573,-2.19603022511701,-2.19505466056129,-2.19407843881926,-2.19310160727619,-2.19212421193676,-2.19114629740318,-2.19016790685646,-2.18918908204158,-2.18820986325651,-2.18723028934493,-2.18625039769269,-2.18527022422801,-2.18428980342555,-2.18330916831421,-2.18232835048878,-2.18134738012538,-2.1803662860007,-2.17938509551501,-2.17840383471892,-2.17742252834395,-2.17644119983698,-2.17545987139822,-2.17447856402249,-2.17349729754394,-2.17251609068412,-2.17153496110343,-2.17055392545583,-2.16957299944668,-2.16859219789402,-2.16761153479302,-2.16663102338351,-2.16565067622076,-2.16467050524922,-2.16369052187925,-2.16271073706663,-2.1617311613948,-2.16075180515964,-2.15977267845675,-2.15879379127099,-2.15781515356805,-2.1568367753882,-2.15585866694195,-2.15488083870765,-2.15390330153065,-2.15292606672391,-2.15194914617014,-2.150972552425,-2.1499962988214,-2.1490203995748,-2.14804486988924,-2.14706972606388,-2.14609498559968,-2.14512066730653,-2.14414679141042,-2.14317337966068,-2.14220045543725,-2.14122804385751,-2.14025617188251,-2.13928486842223,-2.13831416443988,-2.13734409305503,-2.13637468964551,-2.13540599194752,-2.13443804015422,-2.13347087701245,-2.13250454791751,-2.13153910100575,-2.13057458724479,-2.12961106052135,-2.12864857772653,-2.12768719883822,-2.12672698700043,-2.12576800859941,-2.1248103333362,-2.12385403429584,-2.12289918801266,-2.12194587453188,-2.1209941774671,-2.12004418405402,-2.11909598519994,-2.11814967552887,-2.11720535342239,-2.11626312105616,-2.11532308443178,-2.11438535340401,-2.11345004170299,-2.11251726695154,-2.11158715067741,-2.11065981832038,-2.10973539923424,-2.10881402668323,-2.10789583783304,-2.10698097373661,-2.10606957931469,-2.10516180333077,-2.10425779836077,-2.1033577207573,-2.10246173060836,-2.1015699916907,-2.10068267141761,-2.09979994078135,-2.0989219742901,-2.09804894989965,-2.0971810489397,-2.09631845603488,-2.09546135902059,-2.09460994885352,-2.09376441951706,-2.09292496792144,-2.09209179379871,-2.09126509959263,-2.09044509034357,-2.08963197356837,-2.08882595913533,-2.08802725913446,-2.0872360877435,-2.08645266108974,-2.08567719710766,-2.08490991539266,-2.08415103705098,-2.08340078454595,-2.08265938154049,-2.08192705273604,-2.08120402370796,-2.08049052073793,-2.07978677064337,-2.07909300060409,-2.0784094379863,-2.07773631016443,-2.07707384434047,-2.07642226736132,-2.07578180553427,-2.07515268444066,-2.07453512874815,-2.07392936202188,-2.07333560653444,-2.07275408307496,-2.07218501075759,-2.07162860682939,-2.07108508647804,-2.07055466263938,-2.07003754580512,-2.06953394383115,-2.06904406174636,-2.06856810156234,-2.06810626208396,-2.06765873872151,-2.06722572330442,-2.06680740389685,-2.06640396461501,-2.0660155854467,-2.06564244207309,-2.06528470569311,-2.06494254285057,-2.06461611526438,-2.06430557966201,-2.06401108761638,-2.06373278538634,-2.06347081376095,-2.06322530790784,-2.06299639722557,-2.06278420520045,-2.06258884926795,-2.06241044067871,-2.06224908436963,-2.06210487883979,-2.0619779160316,-2.06186828121702,-2.06177605288931,-2.06170130266013,-2.06164409516258,-2.06160448796003,-2.06158253146098,-2.06157826883999,-2.06159173596475,-2.06162296132935,-2.06167196599404,-2.06173876353143,-2.06182335997908,-2.06192575379868,-2.06204593584191,-2.06218388932311,-2.06233958979889,-2.06251300515458,-2.06270409559766,-2.06291281365817,-2.06313910419625,-2.06338290441671,-2.06364414389049,-2.06392274458335,-2.06421862089185,-2.06453167968664,-2.06486182036276,-2.06520893489713,-2.06557290791308,-2.06595361675214,-2.06635093155305,-2.06676471533775,-2.06719482410437,-2.06764110692697,-2.06810340606231,-2.06858155706324,-2.06907538889891,-2.06958472408145,-2.07010937879911,-2.07064916305571,-2.07120388081626,-2.07177333015886,-2.07235730343269,-2.07295558742198,-2.07356796351573,-2.07419420788331,-2.07483409165563,-2.07548738111179,-2.07615383787098,-2.0768332190896,-2.07752527766315,-2.07822976243313,-2.07894641839835,-2.07967498693084,-2.08041520599595,-2.08116681037667,-2.08192953190191,-2.08270309967864,-2.08348724032766,-2.08428167822232,-2.08508613573034,-2.08590033345847,-2.08672399049964,-2.0875568246826,-2.08839855282357,-2.08924889098008,-2.0901075547064,-2.09097425931053,-2.09184872011227,-2.0927306527021,-2.09361977320075,-2.0945157985193,-2.09541844661964,-2.09632743677474,-2.09724248982849,-2.0981633284548,-2.09908967741573,-2.10002126381855,-2.10095781737112,-2.10189907063548,-2.10284475927939,-2.10379462232553,-2.10474840239807,-2.10570584596634,-2.10666670358554,-2.10763073013426,-2.10859768504853,-2.10956733255209,-2.11053944188258,-2.11151378751328,-2.11249014937039,-2.11346831304552,-2.11444807000334,-2.11542921778364,-2.1164115601979,-2.1173949075202,-2.11837907667213,-2.11936389140169,-2.12034918245562,-2.12133478774517,-2.12232055250525,-2.12330632944641,-2.12429197889981,-2.12527736895471,-2.12626237558857,-2.12724688278956,-2.12823078267138,-2.12921397558006,-2.13019637019265,-2.13117788360769,-2.13215844142738,-2.13313797783145,-2.13411643564275,-2.1350937663844,-2.13606993032851,-2.13704489653581,-2.13801864288627,-2.13899115610081,-2.13996243175408,-2.14093247427827,-2.1419012969581,-2.14286892191713,-2.14383538009532,-2.14480071121782,-2.14576496375502,-2.14672819487375,-2.14769047037962,-2.1486518646506,-2.14961246056214,-2.15057234940383,-2.15153163078774,-2.15249041254842,-2.15344881063475,-2.1544069489938,-2.15536495944687,-2.15632298155781,-2.15728116249403,-2.15823965688009,-2.15919862664377,-2.16015824085504,-2.16111867555795,-2.16208011359554,-2.16304274442824,-2.16400676394587,-2.16497237427367,-2.16593978357248,-2.16690920583309,-2.16788086066494,-2.16885497307951,-2.16983177326871,-2.17081149637844,-2.17179438227764,-2.17278067532312,-2.17377062412054,-2.17476448128169,-2.17576250317851,-2.17676494969424,-2.1777720839718,-2.17878417215969,-2.17980148315558,-2.18082428834778,-2.18185286135488,-2.18288747776364,-2.18392841486568,-2.18497595139305,-2.18603036725319,-2.18709194326342,-2.18816096088547,-2.18923770196017,-2.19032244844223,-2.19141548213566,-2.19251708443023,-2.19362753603926,-2.19474711673917,-2.19587610511066,-2.19701477828213,-2.19816341167513,-2.1993222787524,-2.20049165076857,-2.20167179652399,-2.20286298212174,-2.20406547072805,-2.20527952233632,-2.2065053935349,-2.20774333727903,-2.20899360266724,-2.2102564347223,-2.21153207417665,-2.21282075726227,-2.21412271550539,-2.21543817552619,-2.21676735884357,-2.21811048168518,-2.21946775480292,-2.22083938329424,-2.22222556642921,-2.22362649748365,-2.22504236357843,-2.22647334552512,-2.22791961767781,-2.22938134779129,-2.23085869688553,-2.23235181911687,-2.23386086165572,-2.23538596457104,-2.23692726072137,-2.23848487565248,-2.2400589275017,-2.24164952690874,-2.24325677693316,-2.24488077297855,-2.24652160272357,-2.24817934605967,-2.2498540750355,-2.25154585380801,-2.2532547386002,-2.25498077766532,-2.25672401125762,-2.25848447160953,-2.26026218291577,-2.26205716132398,-2.26386941493181,-2.26569894379021,-2.26754573991269,-2.26940978729061,-2.27129106191426,-2.27318953179974,-2.27510515702149,-2.27703788975059,-2.27898767429854,-2.28095444716614,-2.28293813709755,-2.28493866513937,-2.28695594470451,-2.28898988164114,-2.29104037430626,-2.29310731364383,-2.29519058326736,-2.29729005954698,-2.29940561170042,-2.30153710188808,-2.30368438531164,-2.30584731031619,-2.3080257184959,-2.31021944480288,-2.31242831765906,-2.31465215907102,-2.31689078474753,-2.31914400421978,-2.3214116209641,-2.32369343252695,-2.32598923065207,-2.3282988014094,-2.33062192532606,-2.33295837751916,-2.33530792783029,-2.33767034096113,-2.34004537661028,-2.34243278961095,-2.34483233006945,-2.34724374350432,-2.3496667709858,-2.35210114927586,-2.35454661096832,-2.35700288462904,-2.3594696949358,-2.36194676281788,-2.3644338055954,-2.36693053711832,-2.36943666790511,-2.37195190528058,-2.37447595351267,-2.37700851394818,-2.37954928514705,-2.38209796301551,-2.38465424093775,-2.38721780990661,-2.38978835865268,-2.39236557377178,-2.39494913985081,-2.39753873959192,-2.4001340539351,-2.40273476217895,-2.40534054209953,-2.40795107006762,-2.41056602116438,-2.41318506929539,-2.41580788730305,-2.41843414707707,-2.42106351966285,-2.423695675368,-2.42633028386655,-2.42896701430089,-2.43160553538158,-2.43424551548481,-2.43688662274776,-2.43952852516187,-2.4421708906639,-2.44481338722477,-2.44745568293612,-2.45009744609493,-2.45273834528592,-2.4553780494622,-2.45801622802363,-2.46065255089324,-2.46328668859161,-2.46591831230939,-2.46854709397812,-2.47117270633911,-2.47379482301046,-2.47641311855236,-2.47902726853063,-2.48163694957874,-2.48424183945817,-2.48684161711754,-2.48943596275027,-2.49202455785079,-2.49460708526946,-2.497183229266,-2.49975267556174,-2.5023151113906,-2.50487022554911,-2.50741770844552,-2.50995725214801,-2.51248855043223,-2.51501129882811,-2.51752519466611,-2.520029937123,-2.52252522726721,-2.52501076810374,-2.52748626461848,-2.52995142382205,-2.53240595479318,-2.53484956872188,-2.53728197895257,-2.53970290102722,-2.54211205272855,-2.54450915412301,-2.5468939276039,-2.54926609793464,-2.55162539229236,-2.55397154031187,-2.55630427412969,-2.55862332842832,-2.56092844048105,-2.56321935019721,-2.56549580016796,-2.56775753571262,-2.57000430492562,-2.57223585872383,-2.57445195089457,-2.57665233814416,-2.57883678014707,-2.58100503959542,-2.58315688224891,-2.58529207698531,-2.58741039585135,-2.58951161411428,-2.59159551031394,-2.59366186631549,-2.59571046736255,-2.59774110213092,-2.59975356278301,-2.60174764502295,-2.60372314815219,-2.60567987512563,-2.6076176326084,-2.60953623103339,-2.61143548465938,-2.61331521162986,-2.61517523403219,-2.61701537795714,-2.61883547355871,-2.62063535511433,-2.62241486108539,-2.6241738341782,-2.62591212140503,-2.62762957414548,-2.6293260482078,-2.63100140389015,-2.63265550604171,-2.63428822412382,-2.63589943227104,-2.63748900935208,-2.63905683903045,-2.6406028098249,-2.6421268151695,-2.64362875347338,-2.64510852817985,-2.64656604782488,-2.64800122609466,-2.6494139818825,-2.65080423934492,-2.65217192795695,-2.65351698256682,-2.65483934344963,-2.65613895636001,-2.65741577258359,-2.65866974898723,-2.65990084806806,-2.66110903800121,-2.66229429268598,-2.66345659179037,-2.66459592079419,-2.66571227103053,-2.66680563972545,-2.66787603003587,-2.6689234510853,-2.66994791799778,-2.6709494519297,-2.67192808009939,-2.67288383581458,-2.6738167584974,-2.67472689370692,-2.67561429315917,-2.67647901474469,-2.67732112254345,-2.67814068683709,-2.67893778411888,-2.67971249710117,-2.68046491472023,-2.68119513213791,-2.68190325074044,-2.68258937813402,-2.683253628137,-2.68389612076917,-2.68451698223781,-2.68511634492078,-2.68569434734619,-2.68625113416894,-2.68678685614389,-2.68730167009566,-2.68779573888475,-2.6882692313702,-2.68872232236865,-2.68915519261002,-2.68956802868982,-2.6899610230178,-2.69033437376311,-2.69068828479599,-2.69102296562577,-2.69133863133531,-2.69163550251183,-2.69191380517395,-2.69217377069505,-2.69241563572304,-2.69263964209663,-2.69284603675815,-2.69303507166276,-2.69320700368391,-2.6933620945155,-2.69350061057064,-2.69362282287698,-2.69372900696867,-2.69381944277482,-2.69389441450475,-2.69395421053018,-2.69399912326408,-2.69402944903632,-2.69404548796622,-2.69404754383206,-2.69403592393756,-2.69401093897552,-2.69397290288855,-2.69392213272702,-2.69385894850443,-2.69378367304994,-2.69369663185853,-2.69359815293849,-2.69348856665667,-2.69336820558128,-2.69323740432275,-2.69309649937251,-2.69294582894016,-2.69278573278865,-2.69261655206759,-2.69243862914488,-2.69225230743682,-2.69205793123722,-2.69185584554551,-2.69164639589371,-2.69142992817236,-2.69120678845593,-2.6909773228276,-2.69074187720349,-2.69050079715645,-2.69025442773986,-2.69000311331134,-2.68974719735642,-2.68948702231256,-2.68922292939388,-2.68895525841654,-2.68868434762507,-2.68841053351945,-2.68813415068316,-2.6878555316124,-2.68757500654715,-2.68729290330382,-2.68700954710945,-2.6867252604377,-2.68644036284658,-2.68615517081833,-2.68586999760137,-2.68558515305442,-2.68530094349313,-2.68501767153939,-2.68473563597315,-2.68445513158697,-2.68417644904354,-2.68389987473623,-2.68362569065287,-2.68335417424292,-2.68308559828804,-2.68282023077636,-2.68255833478054,-2.68230016833986,-2.68204598434617,-2.68179603043391,-2.68155054887439,-2.68130977647418,-2.68107394447779,-2.68084327847464,-2.68061799831041,-2.68039831800298,-2.68018444566257,-2.67997658341664,-2.67977492733944,-2.67957966738642,-2.67939098733361,-2.6792090647222,-2.67903407080836,-2.67886617051821,-2.67870552240779,-2.67855227862791,-2.67840658489421,-2.67826858046232,-2.67813839810809,-2.67801616411285,-2.67790199825371,-2.677796013799,-2.67769831750876,-2.67760900964016,-2.6775281839579,-2.67745592774924,-2.67739232184396,-2.6773374406391,-2.67729135212874,-2.67725411793872,-2.67722579336613,-2.67720642742365,-2.67719606288863,-2.67719473635674,-2.67720247830014,-2.67721931313013,-2.67724525926432,-2.67728032919808,-2.67732452958042,-2.67737786129405,-2.67744031953967,-2.67751189392415,-2.67759256855271,-2.67768232212482,-2.67778112803374,-2.67788895446966,-2.67800576452604,-2.67813151630906,-2.67826616305008,-2.6784096532211,-2.67856193065283,-2.67872293465551,-2.67889260014231,-2.67907085775533,-2.67925763399397,-2.67945285134527,-2.67965642841612,-2.67986828006716,-2.68008831754844,-2.6803164486365,-2.68055257777283,-2.68079660620331,-2.6810484321186,-2.68130795079534,-2.68157505473813,-2.68184963382185,-2.68213157543429,-2.6824207646187,-2.68271708421627,-2.68302041500839,-2.68333063585824,-2.68364762385173,-2.68397125443773,-2.68430140156732,-2.68463793783208,-2.68498073460111,-2.68532966215697,-2.68568458982987,-2.68604538613045,-2.68641191888085,-2.68678405534392,-2.68716166235029,-2.68754460642318,-2.6879327539007,-2.6883259710556,-2.68872412421252,-2.68912707986286,-2.6895347047768,-2.68994686611235,-2.69036343152108,-2.69078426925086,-2.6912092482456,-2.69163823824202,-2.69207110986343,-2.69250773471022,-2.69294798544699,-2.69339173588627,-2.69383886106868,-2.69428923733943,-2.69474274242136,-2.69519925548453,-2.69565865721218,-2.69612082986312,-2.69658565733037,-2.69705302519639,-2.6975228207846,-2.69799493320724,-2.69846925340944,-2.69894567420952,-2.69942409033555,-2.69990439845815,-2.70038649721985,-2.70087028726081,-2.7013556712411,-2.70184255385931,-2.70233084186785,-2.70282044408482,-2.70331127140254,-2.70380323679298,-2.70429625530989,-2.70479024408798,-2.70528512233894,-2.70578081134422,-2.70627723444477,-2.70677431702768,-2.70727198651004,-2.70777017231992,-2.70826880587476,-2.70876782055739,-2.70926715168994,-2.70976673650567,-2.71026651411864,-2.71076642549129,-2.71126641339996,-2.71176642239856,-2.71226639878047,-2.71276629053921,-2.71326604732749,-2.71376562041481,-2.71426496264366,-2.71476402838453,-2.71526277349024,-2.71576115524926,-2.71625913233819,-2.71675666477344,-2.71725371386211,-2.71775024215237,-2.71824621338327,-2.71874159243389,-2.71923634527232,-2.71973043890452,-2.72022384132335,-2.72071652145775,-2.72120844912229,-2.72169959496682,-2.72218993042629,-2.72267942767092,-2.72316805955693,-2.72365579957776,-2.72414262181611,-2.72462850089683,-2.72511341194103,-2.72559733052136,-2.72608023261857,-2.72656209457914,-2.72704289307426,-2.72752260506001,-2.72800120773861,-2.72847867852082,-2.72895499498966,-2.72943013486556,-2.72990407597292,-2.73037679620824,-2.7308482735098,-2.73131848582897,-2.73178741110324,-2.73225502723081,-2.73272131204673,-2.73318624330062,-2.73364979863598,-2.73411195557133,-2.73457269148314,-2.73503198359059,-2.73548980894207,-2.7359461444036,-2.73640096664886,-2.736854252151,-2.73730597717613,-2.7377561177784,-2.73820464979686,-2.73865154885428,-2.73909679035754,-2.73954034949985,-2.73998220126463,-2.74042232043087,-2.74086068158016,-2.74129725910534,-2.74173202722078,-2.74216495997404,-2.74259603125923,-2.74302521483167,-2.74345248432422,-2.7438778132651,-2.74430117509677,-2.74472254319597,-2.745141890895,-2.74555919150415,-2.74597441833546,-2.74638754472741,-2.74679854407071,-2.74720738983506,-2.74761405559684,-2.74801851506745,-2.74842074212231,-2.74882071083058,-2.74921839548524,-2.749613770634,-2.75000681111091,-2.75039749206861,-2.75078578901091,-2.75117167782535,-2.7515551348158,-2.75193613673496,-2.75231466081663,-2.75269068480808,-2.75306418700247,-2.7534351462715,-2.75380354209788,-2.75416935460744,-2.75453256460068,-2.75489315358414,-2.75525110380119,-2.75560639826227,-2.75595902077445,-2.75630895597049,-2.75665618933743,-2.75700070724459,-2.75734249697101,-2.75768154673214,-2.75801784570594,-2.75835138405825,-2.75868215296747,-2.75901014464836,-2.75933535237488,-2.7596577705017,-2.75997739448482,-2.76029422090092,-2.76060824746574,-2.76091947305136,-2.76122789770237,-2.76153352265084,-2.76183635033027,-2.76213638438845,-2.76243362969911,-2.76272809237256,-2.7630197797652,-2.76330870048785,-2.76359486441264,-2.76387828267858,-2.7641589676958,-2.76443693314842,-2.76471219399585,-2.76498476647282,-2.7652546680882,-2.76552191762232,-2.76578653512305,-2.76604854190037,-2.76630796051967,-2.76656481479371,-2.76681912977317,-2.76707093173564,-2.76732024817299,-2.76756710777741,-2.76781154042627,-2.76805357716551,-2.76829325019181,-2.76853059283357,-2.76876563953098,-2.768998425815,-2.76922898828509,-2.76945736458576,-2.76968359338199,-2.76990771433354,-2.77012976806852,-2.770349796156,-2.77056784107776,-2.77078394619897,-2.77099815573812,-2.77121051473626,-2.77142106902525,-2.77162986519515,-2.77183695056079,-2.77204237312742,-2.77224618155587,-2.77244842512706,-2.77264915370582,-2.77284841770399,-2.77304626804293,-2.77324275611546,-2.77343793374733,-2.77363185315832,-2.77382456692311,-2.77401612793204,-2.77420658935142,-2.77439600458399,-2.77458442722908,-2.77477191104268,-2.77495850989736,-2.77514427774183,-2.77532926856041,-2.77551353633239,-2.77569713499156,-2.77588011838564,-2.77606254023568,-2.7762444540952,-2.77642591330919,-2.77660697097266,-2.77678767988925,-2.77696809253004,-2.7771482609925,-2.77732823695934,-2.7775080716576,-2.77768781581803,-2.77786751963459,-2.77804723272432,-2.77822700408717,-2.77840688206612,-2.77858691430793,-2.77876714772459,-2.77894762845524,-2.77912840182838,-2.77930951232439,-2.77949100353839,-2.77967291814372,-2.77985529785581,-2.78003818339673,-2.78022161445993,-2.78040562967553,-2.7805902665759,-2.78077556156164,-2.78096154986791,-2.78114826553104,-2.78133574135557,-2.78152400888188,-2.7817130983543,-2.78190303868964,-2.78209385744623,-2.78228558079365,-2.78247823348314,-2.78267183881844,-2.78286641862723,-2.78306199323333,-2.7832585814294,-2.78345620045009,-2.78365486594562,-2.78385459195595,-2.78405539088546,-2.78425727347817,-2.78446024879327,-2.7846643241811,-2.78486950525958,-2.78507579589088,-2.78528319815855,-2.78549171234512,-2.78570133691011,-2.78591206846866,-2.78612390177094,-2.78633682968196,-2.78655084316191,-2.7867659312472,-2.78698208103203,-2.78719927765066,-2.78741750426027,-2.78763674202458,-2.78785697009791,-2.78807816560987,-2.78830030365063,-2.7885233572568,-2.78874729739779,-2.78897209296262,-2.78919771074725,-2.7894241154427,-2.78965126962377,-2.78987913373835,-2.79010766609706,-2.79033682286324,-2.79056655804335,-2.79079682347784,-2.79102756883243,-2.79125874159008,-2.79149028704347,-2.79172214828801,-2.79195426621539,-2.79218657950791,-2.79241902463347,-2.79265153584129,-2.79288404515823,-2.7931164823858,-2.79334877509784,-2.79358084863862,-2.79381262612166,-2.79404402842891,-2.79427497421049,-2.79450537988518,-2.79473515964137,-2.79496422543857,-2.79519248700957,-2.79541985186318,-2.79564622528753,-2.79587151035365,-2.79609560791953,-2.7963184166348,-2.7965398329459,-2.79675975110183,-2.79697806316044,-2.79719465899537,-2.79740942630347,-2.79762225061281,-2.79783301529151,-2.79804160155733,-2.79824788848819,-2.79845175303337,-2.79865307002527,-2.79885171219185,-2.79904755016985,-2.79924045251858,-2.79943028573447,-2.79961691426624,-2.79980020053107,-2.79998000493154,-2.80015618587364,-2.8003285997855,-2.80049710113712,-2.80066154246123,-2.80082177437528,-2.80097764560453,-2.80112900300617,-2.80127569159443,-2.80141755456665,-2.80155443333058,-2.80168616753282,-2.80181259508861,-2.80193355221267,-2.80204887345128,-2.80215839171535,-2.80226193831474,-2.80235934299393,-2.80245043396887,-2.80253503796511,-2.8026129802573,-2.80268408471023,-2.8027481738212,-2.80280506876366,-2.80285458943232,-2.80289655448953,-2.80293078141274,-2.80295708654323,-2.80297528513605,-2.80298519141135,-2.80298661860686,-2.80297937903164,-2.80296328412111,-2.80293814449335,-2.80290377000668,-2.80285996981824,-2.80280655244368,-2.8027433258179,-2.80267009735669,-2.8025866740198,-2.80249286237519,-2.80238846866456,-2.80227329887022,-2.80214715878319,-2.80200985407238,-2.80186119035503,-2.801700973268,-2.80152900853987,-2.80134510206407,-2.80114905997282,-2.80094068871205,-2.80071979511696,-2.80048618648844,-2.80023967067017,-2.79998005612629,-2.79970715201957,-2.79942076828997,-2.79912071573372,-2.79880680608289,-2.79847885208535,-2.79813666758517,-2.79778006760337,-2.79740886841899,-2.7970228876504,-2.79662194433669,-2.79620585901902,-2.79577445382208,-2.79532755253556,-2.79486498069568,-2.79438656566661,-2.79389213672194,-2.79338152512595,-2.7928545642147,-2.79231108947686,-2.79175093863412,-2.79117395172118,-2.79057997116504,-2.78996884186389,-2.78934041126528,-2.78869452944364,-2.78803104917709,-2.78734982602367,-2.78665071839661,-2.78593358763853,-2.78519829809446,-2.78444471718363,-2.78367271547014,-2.78288216673231,-2.78207294803066,-2.7812449397745,-2.78039802578709,-2.77953209336953,-2.7786470333633,-2.7777427402114,-2.77681911201802,-2.77587605060679,-2.77491346157754,-2.77393125436136,-2.772929342274,-2.77190764256735,-2.77086607647879,-2.76980456927845,-2.76872305031463,-2.76762145305714,-2.7664997151388,-2.76535777839476,-2.76419558889992,-2.76301309700413,-2.76181025736519,-2.76058702897957,-2.75934337521101,-2.75807926381682,-2.75679466697201,-2.75548956129123,-2.75416392784856,-2.75281775219501,-2.75145102437372,-2.75006373893293,-2.7486558949367,-2.74722749597324,-2.74577855016104,-2.74430907015241,-2.74281907313456,-2.74130858082849,-2.73977761948573,-2.7382262198829,-2.73665441731433,-2.73506225158258,-2.73344976698684,-2.73181701230916,-2.73016404079844,-2.72849091015208,-2.72679768249514,-2.7250844243573,-2.72335120664755,-2.72159810462704,-2.71982519787978,-2.71803257028127,-2.71622030996517,-2.71438850928801,-2.71253726479199,-2.71066667716586,-2.70877685120411,-2.70686789576438,-2.70493992372316,-2.70299305192988,-2.70102740115926,-2.69904309606208,-2.69704026511452,-2.69501904056581,-2.69297955838438,-2.69092195820259,-2.68884638326023,-2.68675298034663,-2.68464189974185,-2.68251329515662,-2.68036732367133,-2.67820414567403,-2.67602392479719,-2.67382682785355,-2.67161302477083,-2.66938268852566,-2.66713599507686,-2.66487312329816,-2.6625942549101,-2.66029957441149,-2.65798926901037,-2.6556635285547,-2.65332254546275,-2.65096651465337,-2.64859563347601,-2.64621010164038,-2.64381012114586,-2.64139589621086,-2.63896763320207,-2.6365255405637,-2.63406982874682,-2.63160071013913,-2.62911839899496,-2.62662311136552,-2.62411506502944,-2.62159447942374,-2.619061575575,-2.61651657603088,-2.6139597047922,-2.61139118724575,-2.608811250098,-2.60622012130961,-2.60361803003072,-2.60100520653713,-2.5983818821675,-2.59574828926147,-2.59310466109863,-2.59045123183832,-2.58778823646053,-2.58511591070777,-2.58243449102807,-2.57974421451928,-2.57704531887447,-2.57433804232857,-2.57162262360634,-2.56889930187174,-2.56616831667842,-2.56342990792161,-2.56068431579129,-2.55793178072681,-2.55517254337263,-2.55240684453545,-2.54963492514258,-2.54685702620178,-2.54407338876249,-2.54128425387846,-2.53848986257201,-2.53569045579984,-2.53288627442052,-2.53007755916324,-2.52726455059798,-2.52444748910682,-2.5216266148567,-2.51880216777361,-2.51597438751798,-2.51314351346148,-2.51030978466512,-2.50747343985846,-2.50463471741976,-2.50179385535733,-2.49895109129208,-2.4961066624414,-2.49326080560409,-2.49041375714656,-2.48756575298981,-2.48471702859732,-2.48186781896362,-2.47901835860374,-2.4761688815434,-2.47331962130983,-2.47047081092359,-2.46762268289108,-2.46477546919785,-2.46192940130231,-2.45908471013012,-2.45624162606899,-2.45340037896404,-2.45056119811375,-2.44772431226642,-2.44488994961719,-2.44205833780519,-2.43922970391056,-2.43640427445149,-2.43358227538124,-2.43076393208522,-2.42794946937794,-2.42513911149971,-2.42233308211322,-2.41953160429944,-2.41673490055312,-2.41394319277767,-2.41115670227943,-2.40837564976146,-2.40560025531685,-2.40283073842149,-2.40006731792616,-2.39731021204787,-2.39455963836038,-2.39181581378359,-2.38907895457192,-2.38634927630153,-2.38362699385636,-2.38091232141296,-2.37820547242401,-2.37550665960052,-2.3728160948925,-2.37013398946826,-2.36746055369244,-2.36479599710268,-2.36214052838523,-2.35949435534919,-2.3568576848993,-2.35423072300708,-2.35161367468029,-2.34900674393066,-2.3464101337399,-2.34382404602385,-2.34124868159493,-2.33868424012281,-2.33613092009334,-2.33358891876581,-2.33105843212831,-2.32853965485139,-2.32603278024003,-2.32353800018367,-2.32105550510462,-2.31858548390449,-2.31612812390908,-2.31368361081137,-2.31125212861288,-2.30883385956329,-2.30642898409858,-2.30403768077756,-2.30166012621708,-2.29929649502557,-2.29694695973511,-2.29461169073184,-2.29229085618485,-2.28998462197367,-2.2876931516145,-2.28541660618549,-2.28315514425081,-2.2809089217838,-2.27867809208905,-2.2764628057236,-2.27426321041719,-2.27207945099175,-2.2699116692801,-2.2677600040439,-2.26562459089058,-2.26350556218984,-2.26140304698982,-2.25931717093338,-2.25724805617434,-2.25519582129402,-2.25316058121808,-2.25114244713353,-2.24914152640611,-2.24715792249795,-2.24519173488583,-2.24324305897988,-2.24131198604318,-2.23939860311236,-2.23750299291928,-2.2356252338138,-2.23376539968767,-2.23192355990001,-2.23009977920434,-2.22829411767712,-2.22650663064819,-2.22473736863297,-2.22298637726666,-2.22125369724036,-2.21953936423943,-2.21784340888438,-2.21616585667431,-2.21450672793295,-2.21286603775718,-2.21124379596824,-2.209640007066,-2.20805467018617,-2.20648777906077,-2.20493932198164,-2.20340928176755,-2.20189763573468,-2.20040435567069,-2.19892940781212,-2.19747275282534,-2.19603434579112,-2.19461413619295,-2.19321206790951,-2.19182807921113,-2.19046210276029,-2.18911406561651,-2.18778388924539,-2.18647148953189,-2.185176776798,-2.18389965582488,-2.18264002587959,-2.18139778074606,-2.1801728087606,-2.17896499285191,-2.17777421058558,-2.17660033421296,-2.17544323072442,-2.17430276190719,-2.17317878440783,-2.17207114979926,-2.1709797046526,-2.16990429061368,-2.16884474448413,-2.16780089830705,-2.16677257945723,-2.16575961073582,-2.16476181046931,-2.16377899261302,-2.16281096685919,-2.16185753874973,-2.16091850979357,-2.15999367758833,-2.15908283594657,-2.15818577502621,-2.15730228146523,-2.15643213852013,-2.15557512620849,-2.15473102145536,-2.15389959824349,-2.15308062776726,-2.15227387859043,-2.15147911680745,-2.15069610620833,-2.14992460844654,-2.14916438320979,-2.14841518839378,-2.14767678027883,-2.14694891370916,-2.14623134227475,-2.14552381849554,-2.14482609400802,-2.14413791975398,-2.14345904617114,-2.14278922338556,-2.1421282014057,-2.14147573031777,-2.14083156048227,-2.14019544273135,-2.1395671285671,-2.13894637036057,-2.13833292155143,-2.1377265368478,-2.13712697242626,-2.13653398613184,-2.13594733767753,-2.13536678884329,-2.13479210367438,-2.13422304867896,-2.13365939302462,-2.13310090873378,-2.13254737087758,-2.13199855776813,-2.13145425114914,-2.13091423638441,-2.13037830264435,-2.12984624308985,-2.12931785505364,-2.12879294021886,-2.12827130479439,-2.12775275968698,-2.1272371206698,-2.12672420854736,-2.12621384931685,-2.12570587432555,-2.12520012042431,-2.12469643011663,-2.12419465170332,-2.12369463942247,-2.12319625358483,-2.12269936070414,-2.12220383362242,-2.12170955162995,-2.12121640057982,-2.12072427299682,-2.12023306818051,-2.11974269230249,-2.1192530584977,-2.11876408694963,-2.1182757049693,-2.11778784706787,-2.11730045502292,-2.11681347793821,-2.11632687229675,-2.11584060200743,-2.11535463844499,-2.11486896048331,-2.11438355452189,-2.11389841450549,-2.11341354193698,-2.11292894588337,-2.11244464297499,-2.11196065739761,-2.11147702087764,-2.11099377266015,-2.11051095947998,-2.11002863552586,-2.10954686239763,-2.10906570905654,-2.10858525176875,-2.10810557404196,-2.10762676655516,-2.10714892708179,-2.10667216040601,-2.10619657823251,-2.10572229908984,-2.10524944822731,-2.10477815750573,-2.10430856528209,-2.10384081628828,-2.10337506150368,-2.10291145802188,-2.10245016891197,-2.10199136307414,-2.10153521508979,-2.10108190506624,-2.10063161847629,-2.10018454599251,-2.09974088331672,-2.09930083100483,-2.09886459428714,-2.09843238288452,-2.09800441082054,-2.09758089622969,-2.09716206116212,-2.09674813138487,-2.09633933617986,-2.09593590813881,-2.09553808295543,-2.09514609921508,-2.09476019818214,-2.09438062358509,-2.09400762139954,-2.09364143962941,-2.09328232808645,-2.09293053816879,-2.09258632263844,-2.09224993539804,-2.09192163126713,-2.09160166575802,-2.09129029485149,-2.0909877747725,-2.09069436176592,-2.09041031187283,-2.09013588070747,-2.08987132323519,-2.08961689355167,-2.08937284466375,-2.08913942827178,-2.08891689455387,-2.08870549195219,-2.08850546696156,-2.0883170639202,-2.08814052480285,-2.08797608901653,-2.08782399319901,-2.08768447102051,-2.08755775298854,-2.08744406625611,-2.08734363443335,-2.08725667740293,-2.08718341113952,-2.08712404753348,-2.08707879421882,-2.08704785440531,-2.08703142671493,-2.08702970502277,-2.08704287830251,-2.08707113047673,-2.08711464027219,-2.08717358108011,-2.08724812082161,-2.08733842181815,-2.08744464066736,-2.08756692812424,-2.08770542898789,-2.08786028199363,-2.08803161971044,-2.08821956844385,-2.08842424814437,-2.08864577232165,-2.08888424796415,-2.08913977546455,-2.08941244855055,-2.08970235422129,-2.09000957268931,-2.09033417732802,-2.09067623462459,-2.09103580413852,-2.0914129384658,-2.0918076832087,-2.09222007695118,-2.09265015123974,-2.09309793056963,-2.09356343237631,-2.09404666703227,-2.09454763784921,-2.09506634108536,-2.09560276595799,-2.09615689466096,-2.09672870238711,-2.0973181573554,-2.09792522084284,-2.09854984722116,-2.09919198399816,-2.09985157186372,-2.10052854474046,-2.10122282983883,-2.10193434771638,-2.10266301234128,-2.10340873115962,-2.10417140516687,-2.10495092898323,-2.10574719093316,-2.10656007312871,-2.10738945155647,-2.10823519616796,-2.10909717097346,-2.10997523413893,-2.110869238086,-2.11177902959472,-2.11270444990935,-2.11364533484705,-2.11460151490905,-2.11557281539442,-2.11655905651621,-2.11756005351995,-2.11857561680427,-2.1196055520436,-2.12064966031277,-2.1217077382134,-2.12277957800195,-2.1238649677194,-2.12496369132242,-2.12607552881615,-2.1272002563881,-2.12833764654294,-2.12948746823818,-2.13064948702076,-2.1318234651645,-2.13300916180813,-2.13420633309391,-2.13541473230662,-2.13663411001315,-2.13786421420257,-2.13910479042633,-2.14035558193874,-2.14161632983739,-2.14288677320346,-2.14416664924179,-2.14545569342068,-2.14675363961141,-2.14806022022737,-2.14937516636272,-2.15069820793044,-2.15202907379977,-2.15336749193274,-2.15471318951995,-2.15606589311527,-2.15742532876965,-2.1587912221639,-2.16016329874047,-2.1615412838338,-2.16292490279961,-2.16431388114296,-2.1657079446449,-2.16710681948792,-2.16851023237974,-2.16991791067535,-2.17132958249728,-2.1727449768541,-2.17416382375743,-2.17558585433731,-2.17701080095605,-2.17843839732034,-2.17986837859171,-2.18130048149495,-2.18273444442451,-2.1841700075489,-2.18560691291331,-2.18704490454021,-2.18848372852799,-2.18992313314753,-2.19136286893667,-2.19280268879255,-2.194242348062,-2.19568160462977,-2.19712021900481,-2.19855795440438,-2.19999457683596,-2.20142985517692,-2.20286356125195,-2.20429546990819,-2.20572535908817,-2.20715300990064,-2.20857820668951,-2.21000073710048,-2.21142039214531,-2.21283696626361,-2.21425025738218,-2.21566006697183,-2.21706620010188,-2.21846846549245,-2.21986667556468,-2.22126064648872,-2.22265019822948,-2.22403515459023,-2.22541534325423,-2.22679059582428,-2.22816074785991,-2.22952563891244,-2.23088511255777,-2.23223901642716,-2.23358720223574,-2.23492952580889,-2.2362658471065,-2.23759603024492,-2.23891994351691,-2.24023745940944,-2.24154845461966,-2.24285281006845,-2.24415041091186,-2.24544114655046,-2.24672491063675,-2.2480016010802,-2.24927112005003,-2.25053337397563,-2.25178827354491,-2.25303573370046,-2.25427567363373,-2.2555080167772,-2.25673269079478,-2.25794962757003,-2.25915876319267,-2.26036003794338,-2.26155339627692,-2.26273878680344,-2.26391616226786,-2.26508547952726,-2.26624669952665,-2.26739978727286,-2.26854471180702,-2.26968144617533,-2.27080996739801,-2.27193025643654,-2.27304229815937,-2.27414608130615,-2.27524159845024,-2.2763288459599,-2.27740782395818,-2.27847853628172,-2.27954099043824,-2.28059519756254,-2.28164117237109,-2.28267893311504,-2.28370850153178,-2.28472990279499,-2.28574316546362,-2.28674832142995,-2.28774540586645,-2.28873445717153,-2.28971551691392,-2.29068862977585,-2.29165384349516,-2.29261120880612,-2.29356077937943,-2.29450261176128,-2.29543676531171,-2.29636330214215,-2.29728228705214,-2.29819378746506,-2.2990978733631,-2.29999461722145,-2.30088409394149,-2.30176638078336,-2.30264155729806,-2.30350970525912,-2.30437090859382,-2.30522525331388,-2.30607282744538,-2.30691372095796,-2.30774802569323,-2.30857583529287,-2.30939724512615,-2.31021235221726,-2.31102125517218,-2.31182405410508,-2.31262085056441,-2.31341174745855,-2.31419684898164,-2.31497626053925,-2.3157500886741,-2.3165184409916,-2.317281426085,-2.3180391534606,-2.31879173346303,-2.31953927720034,-2.32028189646912,-2.32101970367954,-2.32175281178077,-2.32248133418686,-2.32320538470281,-2.32392507745091,-2.32464052679696,-2.3253518472768,-2.32605915352317,-2.3267625601931,-2.32746218189571,-2.32815813312026,-2.32885052816439,-2.32953948106277,-2.33022510551597,-2.3309075148197,-2.33158682179472,-2.33226313871708,-2.33293657724879,-2.33360724836908,-2.33427526230609,-2.33494072846925,-2.33560375538194,-2.336264450615,-2.33692292072101,-2.3375792711691,-2.33823360628021,-2.33888602916323,-2.33953664165169,-2.34018554424141,-2.34083283602893,-2.34147861465098,-2.34212297622479,-2.34276601528924,-2.34340782474695,-2.34404849580703,-2.3446881179287,-2.34532677876575,-2.34596456411221,-2.34660155784896,-2.34723784189167,-2.34787349613998,-2.34850859842783,-2.34914322447522,-2.34977744784091,-2.35041133987651,-2.3510449696822,-2.35167840406372,-2.35231170749077,-2.3529449420567,-2.35357816743973,-2.35421144086541,-2.3548448170707,-2.35547834826935,-2.35611208411858,-2.35674607168745,-2.35738035542686,-2.35801497714107,-2.35864997596099,-2.35928538831925,-2.35992124792718,-2.3605575857535,-2.36119443000509,-2.36183180610953,-2.3624697366995,-2.36310824159895,-2.3637473378111,-2.3643870395081,-2.3650273580225,-2.36566830184039,-2.36630987659674,-2.36695208507275,-2.36759492719521,-2.36823840003773,-2.36888249782396,-2.36952721193319,-2.37017253090799,-2.37081844046387,-2.37146492350107,-2.37211196011848,-2.37275952762944,-2.37340760057971,-2.37405615076752,-2.3747051472658,-2.37535455644621,-2.37600434200531,-2.3766544649928,-2.37730488384173,-2.37795555440092,-2.37860642996925,-2.37925746133247,-2.37990859680243,-2.38055978225874,-2.38121096119263,-2.38186207475324,-2.38251306179642,-2.38316385893589,-2.3838144005965,-2.38446461906966,-2.38511444457117,-2.38576380530121,-2.38641262750643,-2.38706083554433,-2.38770835194958,-2.38835509750241,-2.38900099129898,-2.38964595082363,-2.39028989202302,-2.39093272938196,-2.39157437600111,-2.39221474367669,-2.39285374298227,-2.3934912833527,-2.39412727317008,-2.39476161985175,-2.39539422994002,-2.39602500919353,-2.39665386267974,-2.39728069486878,-2.39790540972885,-2.39852791082322,-2.39914810140862,-2.39976588453524,-2.400381163148,-2.40099384018897,-2.4016038187011,-2.40221100193301,-2.40281529344467,-2.40341659721375,-2.40401481774272,-2.40460986016701,-2.4052016303639,-2.40579003506214,-2.40637498195227,-2.40695637979732,-2.40753413854403,-2.40810816943429,-2.40867838511657,-2.40924469975702,-2.40980702915026,-2.41036529082992,-2.4109194041786,-2.41146929053705,-2.41201487331267,-2.41255607808725,-2.41309283272387,-2.41362506747244,-2.41415271507404,-2.41467571086391,-2.41519399287323,-2.41570750192948,-2.41621618175512,-2.41671997906464,-2.41721884365968,-2.41771272852219,-2.4182015899055,-2.41868538742326,-2.41916408413619,-2.41963764663653,-2.42010604512976,-2.42056925351345,-2.42102724945341,-2.42148001445723,-2.42192753394497,-2.42236979731678,-2.42280679801741,-2.42323853359733,-2.42366500577028,-2.42408622046713,-2.42450218788598,-2.42491292253853,-2.42531844329266,-2.42571877341137,-2.42611394058743,-2.42650397697388,-2.42688891920969,-2.42726880844116,-2.42764369033881,-2.4280136151098,-2.42837863750581,-2.42873881682623,-2.42909421691688,-2.42944490616408,-2.42979095748403,-2.4301324483077,-2.43046946056072,-2.43080208063848,-2.43113039937601,-2.43145451201277,-2.43177451815233,-2.43209052171681,-2.43240263089621,-2.43271095809281,-2.43301561986063,-2.43331673684014,-2.43361443368783,-2.43390883900065,-2.43420008523551,-2.43448830862394,-2.43477364908202,-2.43505625011546,-2.4353362587199,-2.43561382527659,-2.43588910344338,-2.43616225004119,-2.4364334249357,-2.43670279091481,-2.43697051356165,-2.43723676112344,-2.4375017043762,-2.43776551648559,-2.43802837286376,-2.43829045102248,-2.43855193042233,-2.43881299231846,-2.43907381960298,-2.439334596644,-2.43959550912167,-2.43985674386151,-2.44011848866495,-2.44038093213715,-2.44064426351236,-2.44090867247676,-2.44117434898906,-2.44144148309903,-2.44171026476441,-2.44198088366646,-2.44225352902395,-2.44252838940601,-2.44280565254389,-2.44308550514188,-2.44336813268756,-2.44365371926186,-2.44394244734902,-2.4442344976469,-2.4445300488775,-2.44482927759788,-2.44513235801202,-2.44543946178377,-2.44575075785132,-2.44606641224309,-2.4463865878953,-2.44671144447165,-2.44704113818551,-2.44737582162432,-2.44771564357678,-2.44806074886293,-2.4484112781672,-2.44876736787434,-2.449129149909,-2.4494967515789,-2.44987029542194,-2.45024989905761,-2.45063567504288,-2.45102773073253,-2.45142616814414,-2.45183108382786,-2.45224256874125,-2.45266070812923,-2.45308558140938,-2.45351726206287,-2.45395581753123,-2.45440130911901,-2.45485379190227,-2.45531331464327,-2.45577991971173,-2.45625364301275,-2.45673451392141,-2.45722255522395,-2.45771778306601,-2.45822020690762,-2.45872982948497,-2.4592466467792,-2.45977064799224,-2.46030181552992,-2.46084012499228,-2.46138554517111,-2.4619380380548,-2.46249755884055,-2.46306405595397,-2.46363747107613,-2.46421773917811,-2.46480478856299,-2.46539854091513,-2.46599891135673,-2.46660580851151,-2.46721913457562,-2.46783878539581,-2.46846465055456,-2.46909661346202,-2.46973455145446,-2.47037833589944,-2.47102783230764,-2.47168290045141,-2.47234339448971,-2.47300916309934,-2.47368004961241,-2.47435589215952,-2.47503652381897,-2.47572177277136,-2.47641146245971,-2.47710541175493,-2.47780343512624,-2.47850534281633,-2.47921094102099,-2.47992003207319,-2.48063241463149,-2.48134788387262,-2.48206623168813,-2.48278724688461,-2.4835107153874,-2.4842364204477,-2.48496414285251,-2.48569366113731,-2.48642475180079,-2.48715718952163,-2.4878907473771,-2.48862519706328,-2.48936030911674,-2.49009585313752,-2.49083159801295,-2.49156731214217,-2.49230276366094,-2.49303772066657,-2.49377195144254,-2.49450522468282,-2.49523730971569,-2.49596797672684,-2.49669699698111,-2.49742414304295,-2.49814918899514,-2.49887191065555,-2.4995920857918,-2.50030949433358,-2.5010239185824,-2.50173514341879,-2.50244295650647,-2.50314714849329,-2.50384751320876,-2.50454384785794,-2.50523595321131,-2.50592363379051,-2.50660669804997,-2.50728495855429,-2.50795823215103,-2.50862634013858,-2.50928910842874,-2.5099463677043,-2.51059795357142,-2.51124370670656,-2.51188347299801,-2.51251710368188,-2.51314445547237,-2.51376539068618,-2.51437977736088,-2.51498748936741,-2.51558840651663,-2.51618241465975,-2.51676940578274,-2.51734927809453,-2.51792193610891,-2.51848729071999,-2.51904525927126,-2.51959576561813,-2.52013874018418,-2.52067412001088,-2.52120184880107,-2.52172187695609,-2.52223416160674,-2.52273866663831,-2.52323536270963,-2.52372422726619,-2.52420524454717,-2.5246784055864,-2.5251437082077,-2.5256011570145,-2.52605076337369,-2.52649254539348,-2.52692652789559,-2.52735274238206,-2.52777122699699,-2.52818202648329,-2.52858519213437,-2.52898078174074,-2.52936885953178,-2.52974949611279,-2.53012276839757,-2.53048875953643,-2.53084755883949,-2.53119926169608,-2.53154396949009,-2.53188178951145,-2.53221283486392,-2.53253722436949,-2.53285508246961,-2.53316653912322,-2.53347172970209,-2.53377079488322,-2.53406388053873,-2.53435113762324,-2.53463272205923,-2.53490879462045,-2.53517952081358,-2.53544507075817,-2.53570561906471,-2.53596134471154,-2.53621243092034,-2.53645906503058,-2.53670143837264,-2.53693974613992,-2.53717418726018,-2.5374049642662,-2.53763228316619,-2.5378563533137,-2.53807738727739,-2.53829560071073,-2.53851121222164,-2.53872444324221,-2.53893551789879,-2.53914466288204,-2.5393521073173,-2.53955808263542,-2.539762822444,-2.539966562399,-2.54016954007735,-2.54037199485025,-2.54057416775789,-2.54077630138498,-2.54097863973736,-2.54118142811959,-2.5413849130136,-2.54158934195853,-2.54179496343163,-2.54200202673038,-2.54221078185589,-2.54242147939725,-2.5426343704171,-2.5428497063385,-2.54306773883327,-2.54328871971192,-2.54351290081477,-2.54374053390442,-2.54397187055931,-2.54420716206853,-2.54444665932767,-2.54469061273593,-2.54493927209461,-2.54519288650666,-2.54545170427713,-2.54571597281463,-2.54598593853405,-2.5462618467606,-2.5465439416348,-2.54683246601845,-2.54712766140141,-2.54742976780914,-2.54773902371116,-2.54805566593019,-2.54837992955205,-2.54871204783605,-2.54905225212633,-2.54940077176376,-2.54975783399831,-2.55012366390201,-2.55049848428225,-2.55088251559567,-2.55127597586219,-2.55167908057946,-2.55209204263783,-2.55251507223532,-2.55294837679293,-2.55339216086994,-2.55384662607946,-2.55431197100395,-2.55478839111065,-2.55527607866687,-2.55577522265548,-2.55628600869026,-2.55680861893122,-2.55734323199956,-2.55789002289228,-2.55844916289667,-2.55902081950461,-2.55960515632668,-2.56020233300603,-2.56081250513191,-2.56143582415293,-2.56207243729026,-2.56272248745069,-2.56338611313948,-2.56406344837287,-2.56475462259053,-2.56545976056772,-2.56617898232736,-2.56691240305181,-2.56766013299489,-2.56842227739383,-2.56919893638132,-2.56999020489738,-2.57079617260157,-2.57161692378539,-2.57245253728499,-2.57330308639425,-2.57416863877849,-2.57504925638878,-2.57594499537672,-2.5768559060099,-2.57778203258832,-2.57872341336187,-2.57968008044888,-2.58065205975576,-2.58163937089792,-2.58264202712177,-2.58366003522813,-2.58469339549734,-2.58574210161623,-2.58680614060674,-2.58788549275654,-2.5889801315515,-2.59009002361012,-2.59121512861991,-2.59235539927593,-2.59351078122161,-2.5946812129919,-2.59586662595897,-2.59706694428068,-2.59828208485208,-2.59951195725979,-2.60075646373941,-2.60201549913611,-2.60328895086842,-2.60457669889578,-2.60587861568962,-2.60719456620841,-2.60852440787645,-2.60986799056649,-2.61122515658635,-2.61259574066983,-2.61397956997206,-2.61537646406925,-2.61678623496285,-2.6182086870884,-2.61964361732904,-2.62109081503396,-2.62255006204181,-2.62402113270933,-2.62550379394509,-2.62699780524854,-2.62850291875456,-2.63001887928326,-2.63154542439529,-2.63308228445266,-2.63462918268515,-2.63618583526214,-2.63775195137007,-2.63932723329569,-2.64091137651507,-2.64250406978825,-2.64410499525973,-2.64571382856467,-2.64733023894096,-2.64895388934718,-2.65058443658658,-2.65222153143679,-2.6538648187854,-2.65551393777111,-2.65716852193045,-2.65882819934999,-2.66049259282417,-2.66216132001859,-2.66383399363866,-2.66551022160369,-2.66718960722611,-2.66887174939577,-2.67055624276933,-2.67224267796468,-2.6739306417601,-2.67561971729818,-2.6773094842946,-2.6789995192515,-2.68068939567528,-2.68237868429883,-2.68406695330791,-2.68575376857184,-2.68743869387781,-2.68912129116876,-2.69080112078438,-2.69247774170528,-2.69415071180021,-2.69581958807605,-2.69748392693062,-2.69914328440816,-2.70079721645725,-2.70244527919084,-2.70408702914815,-2.70572202355825,-2.7073498206054,-2.70896997969566,-2.71058206172447,-2.71218562934499,-2.7137802472373,-2.7153654823781,-2.71694090431075,-2.71850608541526,-2.72006060117776,-2.72160403045931,-2.72313595576384,-2.72465596350495,-2.72616364427138,-2.72765859309087,-2.7291404096922,-2.73060869876516,-2.73206307021811,-2.7335031394331,-2.73492852751798,-2.73633886155533,-2.73773377484782,-2.73911290716021,-2.7404759049576,-2.74182242163959,-2.74315211777035,-2.74446466130434,-2.74575972780742,-2.747037000673,-2.74829617133312,-2.74953693946401,-2.75075901318594,-2.75196210925712,-2.75314595326175,-2.75431027979176,-2.75545483262205,-2.75657936487929,-2.7576836392043,-2.75876742790786,-2.75983051311942,-2.76087268692891,-2.76189375152111,-2.76289351930274,-2.76387181302185,-2.76482846587952,-2.76576332163394,-2.76667623469628,-2.7675670702187,-2.76843570417428,-2.76928202342877,-2.7701059258038,-2.77090732013182,-2.77168612630252,-2.77244227530041,-2.77317570923366,-2.77388638135401,-2.77457425606817,-2.77523930894006,-2.77588152668424,-2.77650090714999,-2.77709745929644,-2.77767120315878,-2.77822216980565,-2.77875040128794,-2.77925595057894,-2.7797388815063,-2.78019926867545,-2.78063719738451,-2.78105276353066,-2.78144607350802,-2.78181724409743,-2.78216640234832,-2.78249368545257,-2.78279924061028,-2.78308322488781,-2.78334580506818,-2.78358715749399,-2.78380746790283,-2.78400693125536,-2.7841857515564,-2.78434414166921,-2.78448232312278,-2.78460052591239,-2.78469898829339,-2.78477795656853,-2.78483768486935,-2.78487843493176,-2.78490047586588,-2.78490408392038,-2.78488954224167,-2.78485714062816,-2.78480717527968,-2.78473994854246,-2.78465576864985,-2.78455494945891,-2.78443781018308,-2.78430467512121,-2.78415587338362,-2.78399173861544,-2.78381260871747,-2.78361882556478,-2.78341073472311,-2.7831886851635,-2.78295302897516,-2.78270412107687,-2.78244231892703,-2.7821679822331,-2.78188147266053,-2.78158315354165,-2.78127338958469,-2.78095254658299,-2.78062099112471,-2.78027909030349,-2.7799272114301,-2.77956572174547,-2.77919498813533,-2.77881537684664,-2.7784272532063,-2.77803098134204,-2.77762692390611,-2.77721544180171,-2.77679689391254,-2.77637163683555,-2.77594002461755,-2.77550240849591,-2.77505913664348,-2.7746105539182,-2.77415700161747,-2.77369881723746,-2.77323633423765,-2.7727698818105,-2.77229978465675,-2.77182636276625,-2.77134993120473,-2.77087079990673,-2.77038927347499,-2.76990565098667,-2.76942022580647,-2.76893328540686,-2.76844511119496,-2.76795597834678,-2.76746615564885,-2.76697590534705,-2.76648548300285,-2.76599513735723,-2.76550511020248,-2.76501563626178,-2.76452694307668,-2.7640392509028,-2.76355277261361,-2.76306771361235,-2.76258427175226,-2.76210263726517,-2.76162299269852,-2.76114551286065,-2.76067036477433,-2.76019770763879,-2.75972769280009,-2.75926046372998,-2.75879615601298,-2.75833489734169,-2.75787680752059,-2.75742199847837,-2.75697057428865,-2.75652263119851,-2.75607825766477,-2.75563753439798,-2.75520053441431,-2.75476732309513,-2.75433795825415,-2.75391249021189,-2.75349096187746,-2.75307340883753,-2.75265985945238,-2.75225033495866,-2.75184484957866,-2.75144341063632,-2.75104601867952,-2.75065266760861,-2.75026334481072,-2.74987803129998,-2.74949670186336,-2.74911932521216,-2.74874586413852,-2.74837627567742,-2.7480105112735,-2.74764851695272,-2.74729023349852,-2.74693559663207,-2.74658453719655,-2.74623698134526,-2.74589285073336,-2.74555206271299,-2.74521453053151,-2.74488016353264,-2.74454886736028,-2.74422054416453,-2.74389509280993,-2.74357240908568,-2.74325238591757,-2.74293491358141,-2.74261987991772,-2.74230717054701,-2.7419966690856,-2.74168825736168,-2.74138181563143,-2.74107722279509,-2.74077435661284,-2.74047309392019,-2.74017331084269,-2.73987488300963,-2.73957768576659,-2.73928159438636,-2.73898648427836,-2.73869223119591,-2.73839871144151,-2.73810580206959,-2.73781338108671,-2.73752132764899,-2.73722952225642,-2.73693784694419,-2.73664618547047,-2.73635442350069,-2.73606244878782,-2.73577015134874,-2.73547742363663,-2.73518416070899,-2.73489026039111,-2.73459562343468,-2.73430015367149,-2.73400375816221,-2.73370634734012,-2.73340783514957,-2.73310813917937,-2.73280718079088,-2.73250488524051,-2.73220118179636,-2.73189600384922,-2.73158928901787,-2.73128097924831,-2.73097102090671,-2.73065936486618,-2.73034596658747,-2.73003078619354,-2.72971378853775,-2.72939494326595,-2.72907422487227,-2.72875161274833,-2.72842709122591,-2.72810064961309,-2.72777228222372,-2.72744198840047,-2.72710977253158,-2.726775644061,-2.72643961749202,-2.72610171238453,-2.72576195334618,-2.72542037001696,-2.72507699704773,-2.72473187407271,-2.7243850456759,-2.72403656135127,-2.72368647545709,-2.72333484716448,-2.72298174040028,-2.7226272237843,-2.72227137056109,-2.72191425852619,-2.72155596994719,-2.7211965914794,-2.72083621407625,-2.72047493289482,-2.72011284719645,-2.71975006024255,-2.71938667918582,-2.71902281495685,-2.71865858214636,-2.71829409888342,-2.71792948670964,-2.71756487044968,-2.71720037807785,-2.71683614058084,-2.716472291817,-2.71610896837248,-2.71574630941443,-2.71538445654123,-2.71502355363005,-2.71466374668229,-2.71430518366676,-2.71394801436115,-2.71359239019158,-2.71323846407054,-2.71288639023338,-2.7125363240735,-2.7121884219763,-2.71184284115203,-2.71149973946783,-2.71115927527906,-2.71082160726037,-2.71048689423653,-2.71015529501347,-2.70982696820983,-2.7095020720889,-2.70918076439084,-2.70886320216566,-2.70854954160713,-2.70823993788769,-2.70793454499439,-2.70763351556596,-2.70733700073135,-2.70704514994996,-2.70675811085406,-2.70647602909346,-2.70619904818235,-2.70592730934856,-2.70566095138551,-2.70540011050687,-2.70514492020391,-2.70489551110568,-2.70465201084218,-2.70441454391075,-2.7041832315456,-2.70395819159094,-2.70373953837785,-2.70352738260513,-2.70332183122412,-2.70312298732767,-2.70293095004306,-2.70274581442942,-2.70256767137959,-2.70239660752643,-2.70223270515366,-2.70207604211114,-2.70192669173474,-2.70178472277072,-2.70165019930496,-2.70152318069714,-2.70140372151961,-2.70129187150108,-2.70118767547534,-2.70109117333479,-2.70100239998875,-2.70092138532675,-2.70084815418696,-2.70078272632932,-2.70072511641386,-2.70067533398384,-2.70063338345377,-2.70059926410228,-2.70057297007001,-2.70055449036249,-2.70054380885788,-2.70054090431952,-2.70054575041315,-2.70055831572865,-2.70057856380639,-2.70060645316829,-2.70064193735346,-2.70068496495828,-2.70073547968076,-2.70079342036955,-2.70085872107734,-2.70093131111861,-2.70101111513166,-2.70109805314493,-2.7011920406474,-2.70129298866287,-2.70140080382789,-2.70151538847341,-2.70163664071011,-2.7017644545172,-2.70189871983482,-2.70203932265963,-2.70218614514365,-2.70233906569605,-2.70249795908799,-2.70266269656001,-2.70283314593194,-2.70300917171536,-2.7031906352285,-2.70337739471342,-2.70356930545519,-2.70376621990328,-2.70396798779479,-2.7041744562797,-2.7043854700479,-2.70460087145801,-2.70482050066749,-2.7050441957641,-2.70527179289832,-2.70550312641672,-2.70573802899623,-2.70597633177896,-2.70621786450762,-2.70646245566149,-2.70670993259258,-2.70696012166211,-2.70721284837706,-2.70746793752661,-2.7077252133183,-2.70798449951423,-2.7082456195669,-2.70850839675456,-2.70877265431586,-2.70903821558346,-2.70930490411677,-2.70957254383365,-2.70984095914098,-2.71010997506391,-2.71037941737375,-2.7106491127143,-2.71091888872659,-2.71118857417198,-2.71145799905372,-2.71172699473678,-2.71199539406553,-2.71226303147885,-2.7125297431229,-2.71279536696159,-2.71305974288463,-2.71332271281294,-2.71358412080142,-2.71384381313904,-2.71410163844602,-2.71435744776851,-2.71461109467043,-2.7148624353225,-2.7151113285882,-2.71535763610692,-2.71560122237421,-2.71584195481901,-2.71607970387792,-2.71631434306628,-2.7165457490462,-2.71677380169161,-2.71699838415013,-2.71721938290163,-2.7174366878134,-2.71765019219209,-2.71785979283274,-2.71806539006449,-2.71826688779313,-2.71846419354036,-2.71865721847987,-2.71884587747013,-2.71903008908398,-2.71920977563493,-2.71938486320037,-2.71955528164156,-2.71972096462036,-2.71988184961285,-2.72003787791983,-2.72018899467415,-2.72033514884494,-2.7204762932386,-2.72061238449697,-2.72074338309257,-2.72086925332092,-2.72098996329022,-2.72110548490816,-2.72121579386632,-2.72132086962195,-2.72142069537711,-2.72151525805506,-2.72160454827415,-2.7216885603191,-2.72176729210969,-2.72184074516684,-2.72190892457608,-2.72197183894874,-2.72202950038087,-2.72208192441015,-2.72212912997073,-2.72217113934611,-2.72220797812012,-2.72223967512615,-2.72226626239461,-2.72228777509869,-2.7223042514986,-2.72231573288434,-2.72232226351711,-2.72232389056917,-2.72232066406224,-2.72231263680456,-2.72229986432696,-2.72228240481758,-2.72226031905556,-2.7222336703439,-2.72220252444183,-2.72216694949638,-2.72212701597338,-2.72208279658795,-2.72203436623438,-2.72198180191552,-2.72192518267155,-2.72186458950821,-2.72180010532465,-2.72173181484121,-2.72165980452711,-2.72158416252794,-2.72150497859311,-2.72142234400325,-2.72133635149762,-2.72124709520155,-2.7211546705539,-2.72105917423482,-2.72096070409383,-2.7208593590783,-2.72075523916219,-2.72064844527523,-2.7205390792325,-2.72042724366468,-2.72031304194892,-2.72019657814,-2.72007795690205,-2.71995728344078,-2.71983466343646,-2.71971020297784,-2.71958400849698,-2.71945618670491,-2.71932684452828,-2.71919608904695,-2.71906402743255,-2.71893076688824,-2.71879641458934,-2.71866107762502,-2.71852486294107,-2.71838787728385,-2.71825022714513,-2.71811201870806,-2.71797335779418,-2.71783434981173,-2.71769509970523,-2.71755571190613,-2.71741629028469,-2.71727693810301,-2.7171377579692,-2.71699885179232,-2.71686032073846,-2.71672226518807,-2.71658478469464,-2.71644797794477,-2.71631194271947,-2.71617677585665,-2.71604257321471,-2.71590942963727,-2.71577743891919,-2.715646693774,-2.71551728580249,-2.71538930546241,-2.71526284203922,-2.71513798361797,-2.71501481705626,-2.7148934279582,-2.71477390064947,-2.71465631815361,-2.71454076216914,-2.7144273130477,-2.71431604977315,-2.71420704994168,-2.71410038974266,-2.71399614393996,-2.71389438585409,-2.71379518734541,-2.71369861879815,-2.71360474910548,-2.71351364565524,-2.71342537431638,-2.71333999942631,-2.71325758377906,-2.71317818861394,-2.71310187360484,-2.71302869684999,-2.71295871486224,-2.71289198255999,-2.71282855325861,-2.71276847866219,-2.71271180885581,-2.71265859229833,-2.71260887581558,-2.71256270459394,-2.71252012217431,-2.7124811704467,-2.71244588964503,-2.7124143183424,-2.71238649344695,-2.7123624501985,-2.71234222216537,-2.71232584124157,-2.71231333764437,-2.7123047399121,-2.71230007490221,-2.71229936778954,-2.71230264206492,-2.71230991953418,-2.71232122031724,-2.71233656284726,-2.7123559638699,-2.71237943844264,-2.71240699993405,-2.71243866002309,-2.71247442869883,-2.71251431426039,-2.71255832331743,-2.71260646079085,-2.71265872991366,-2.71271513223217,-2.71277566760757,-2.71284033421759,-2.71290912855842,-2.71298204544671,-2.71305907802172,-2.71314021774804,-2.71322545441838,-2.71331477615689,-2.71340816942289,-2.71350561901522,-2.71360710807687,-2.7137126180999,-2.71382212893039,-2.71393561877366,-2.71405306419968,-2.71417444014893,-2.71429971993856,-2.71442887526881,-2.71456187622969,-2.71469869130788,-2.71483928739405,-2.71498362979077,-2.71513168222073,-2.71528340683541,-2.71543876422439,-2.71559771342491,-2.71576021193189,-2.71592621570855,-2.71609567919757,-2.71626855533272,-2.7164447955511,-2.71662434980572,-2.71680716657863,-2.71699319289462,-2.71718237433552,-2.71737465505504,-2.71756997779408,-2.71776828389656,-2.71796951332603,-2.71817360468276,-2.71838049522169,-2.71859012087096,-2.71880241625121,-2.71901731469547,-2.7192347482699,-2.71945464779516,-2.71967694286869,-2.71990156188755,-2.72012843207219,-2.72035747949099,-2.72058862908579,-2.72082180469794,-2.72105692909525,-2.72129392399958,-2.72153271011529,-2.72177320715839,-2.72201533388621,-2.72225900812767,-2.72250414681406,-2.7227506660104,-2.72299848094741,-2.72324750605407,-2.72349765499067,-2.72374884068248,-2.72400097535423,-2.72425397056557,-2.72450773724753,-2.72476218573988,-2.72501722582935,-2.72527276678857,-2.72552871741568,-2.72578498607463,-2.72604148073612,-2.72629810901937,-2.72655477823422,-2.72681139542398,-2.72706786740892,-2.72732410083042,-2.72758000219553,-2.72783547792218,-2.72809043438489,-2.72834477796117,-2.72859841507846,-2.72885125226133,-2.7291031961791,-2.72935415369394,-2.72960403190965,-2.7298527382209,-2.73010018036291,-2.73034626646155,-2.73059090508362,-2.73083400528714,-2.73107547667162,-2.73131522942826,-2.73155317438996,-2.73178922308126,-2.73202328776801,-2.73225528150711,-2.73248511819604,-2.73271271262215,-2.7329379805116,-2.73316083857794,-2.7333812045706,-2.73359899732301,-2.73381413680032,-2.7340265441465,-2.73423614173109,-2.73444285319523,-2.73464660349711,-2.73484731895676,-2.73504492730032,-2.73523935770348,-2.73543054083414,-2.73561840889414,-2.73580289566005,-2.7359839365232,-2.73616146852876,-2.73633543041365,-2.73650576264321,-2.73667240744698,-2.73683530885362,-2.73699441272466,-2.73714966678719,-2.73730102066495,-2.73744842590793,-2.73759183602036,-2.73773120648726,-2.73786649479946,-2.73799766047703,-2.73812466509092,-2.73824747228285,-2.73836604778346,-2.73848035942892,-2.73859037717576,-2.73869607311374,-2.73879742147696,-2.73889439865302,-2.73898698319015,-2.73907515580251,-2.73915889937379,-2.73923819895872,-2.73931304178276,-2.73938341723981,-2.73944931688802,-2.73951073444345,-2.7395676657717,-2.73962010887743,-2.73966806389171,-2.73971153305743,-2.73975052071254,-2.7397850332713,-2.73981507920338,-2.73984066901071,-2.73986181520244,-2.73987853226781,-2.73989083664698,-2.73989874670014,-2.73990228267452,-2.73990146666923,-2.73989632259798,-2.73988687614979,-2.73987315474771,-2.73985518750558,-2.73983300518285,-2.73980664013771,-2.73977612627836,-2.73974149901237,-2.73970279519427,-2.73966005307154,-2.73961331222903,-2.73956261353172,-2.73950799906591,-2.73944951207901,-2.73938719691774,-2.7393210989651,-2.73925126457612,-2.73917774101245,-2.73910057637571,-2.73901981953929,-2.73893552007903,-2.73884772820291,-2.73875649467987,-2.73866187076797,-2.73856390814185,-2.73846265881962,-2.73835817508935,-2.73825050943506,-2.73813971446244,-2.73802584282425,-2.73790894714553,-2.73778907994879,-2.73766629357927,-2.73754064013043,-2.73741217137004,-2.73728093866675,-2.73714699291706,-2.73701038447283,-2.73687116306913,-2.73672937775293,-2.73658507681272,-2.73643830770922,-2.73628911700705,-2.73613755030744,-2.73598365218206,-2.73582746610798,-2.73566903440385,-2.73550839816753,-2.73534559721519,-2.73518067002194,-2.73501365366391,-2.734844583762,-2.73467349442722,-2.73450041820787,-2.73432538603838,-2.73414842719032,-2.73396956922538,-2.73378883795045,-2.73360625737458,-2.73342184966809,-2.73323563512389,-2.73304763212092,-2.73285785708991,-2.73266632448144,-2.7324730467363,-2.73227803425842,-2.73208129539017,-2.73188283639008,-2.73168266141317,-2.7314807724936,-2.73127716953007,-2.73107185027352,-2.73086481031765,-2.73065604309198,-2.7304455398575,-2.73023328970496,-2.73001927955578,-2.72980349416565,-2.72958591613057,-2.72936652589539,-2.72914530176486,-2.72892221991734,-2.72869725442085,-2.72847037725136,-2.72824155831362,-2.72801076546462,-2.72777796453947,-2.72754311937961,-2.72730619186314,-2.72706714193714,-2.72682592765209,-2.72658250519811,-2.72633682894306,-2.72608885147257,-2.725838523632,-2.7255857945703,-2.72533061178533,-2.72507292117065,-2.72481266706364,-2.72454979229517,-2.72428423824083,-2.72401594487347,-2.72374485081696,-2.72347089340059,-2.72319400871409,-2.72291413166307,-2.72263119602538,-2.72234513450802,-2.72205587880495,-2.72176335965541,-2.72146750690284,-2.72116824955387,-2.72086551583782,-2.72055923326638,-2.72024932869322,-2.71993572837346,-2.71961835802304,-2.71929714287807,-2.71897200775401,-2.7186428771041,-2.71830967507697,-2.71797232557325,-2.71763075230156,-2.71728487883349,-2.71693462865796,-2.71657992523456,-2.7162206920461,-2.71585685264979,-2.71548833072727,-2.71511505013329,-2.71473693494289,-2.71435390949742,-2.71396589844924,-2.71357282680501,-2.71317461996732,-2.7127712037748,-2.71236250454057,-2.71194844908875,-2.71152896478887,-2.71110397958827,-2.71067342204239,-2.71023722134326,-2.70979530734615,-2.70934761059431,-2.7088940623416,-2.70843459457304,-2.70796914002323,-2.70749763219286,-2.70702000536332,-2.70653619460957,-2.70604613581092,-2.70554976565966,-2.70504702166766,-2.70453784217117,-2.70402216633368,-2.70349993414711,-2.70297108643111,-2.7024355648303,-2.70189331180961,-2.70134427064802,-2.70078838543057,-2.70022560103872,-2.69965586313902,-2.69907911817032,-2.6984953133293,-2.69790439655476,-2.69730631651042,-2.69670102256659,-2.69608846478059,-2.69546859387577,-2.6948413612193,-2.69420671879881,-2.69356461919802,-2.69291501557138,-2.69225786161788,-2.69159311155425,-2.69092072008747,-2.69024064238655,-2.68955283405373,-2.68885725109521,-2.68815384989126,-2.68744258716608,-2.68672341995758,-2.68599630558713,-2.68526120162966,-2.68451806588405,-2.68376685634401,-2.6830075311693,-2.68224004865743,-2.68146436721583,-2.68068044533449,-2.67988824155945,-2.67908771446693,-2.67827882263844,-2.67746152463706,-2.6766357789851,-2.67580154414298,-2.6749587784894,-2.67410744030259,-2.67324748774261,-2.67237887883529,-2.67150157145762,-2.6706155233248,-2.66972069197909,-2.66881703478033,-2.66790450889818,-2.66698307130609,-2.66605267877716,-2.66511328788211,-2.66416485498907,-2.66320733626535,-2.66224068768146,-2.66126486501715,-2.66027982386947,-2.65928551966286,-2.65828190766159,-2.65726894298439,-2.65624658062142,-2.65521477545366,-2.65417348227444,-2.65312265581341,-2.6520622507628,-2.65099222180609,-2.64991252364905,-2.64882311105312,-2.64772393887092,-2.64661496208407,-2.64549613584335,-2.64436741551121,-2.64322875670634,-2.64208011535025,-2.6409214477158,-2.63975271047773,-2.63857386076518,-2.63738485621598,-2.63618565503284,-2.63497621604153,-2.63375649875078,-2.63252646341386,-2.63128607109172,-2.63003528371802,-2.62877406416547,-2.62750237631345,-2.62622018511671,-2.62492745667515,-2.62362415830455,-2.62231025860825,-2.62098572754995,-2.61965053652722,-2.61830465844551,-2.61694806779263,-2.61558074071359,-2.61420265508583,-2.61281379059462,-2.61141412880867,-2.61000365325538,-2.60858234949588,-2.60715020519977,-2.60570721021969,-2.60425335666526,-2.60278863897648,-2.60131305399659,-2.59982660104403,-2.59832928198328,-2.59682110129467,-2.59530206614288,-2.59377218644416,-2.59223147493209,-2.59067994722189,-2.58911762187278,-2.58754452044847,-2.58596066757539,-2.58436609099878,-2.5827608216367,-2.58114489363172,-2.57951834440039,-2.57788121468043,-2.57623354857539,-2.57457539359682,-2.57290680070373,-2.57122782433902,-2.56953852246304,-2.56783895658435,-2.56612919178772,-2.56440929675918,-2.56267934380797,-2.56093940888537,-2.5591895716002,-2.55742991523113,-2.55566052673557,-2.55388149675514,-2.55209291961774,-2.55029489333615,-2.54848751960326,-2.54667090378408,-2.5448451549045,-2.54301038563665,-2.54116671228082,-2.53931425474411,-2.53745313651591,-2.53558348464034,-2.53370542968522,-2.53181910570778,-2.52992465021685,-2.52802220413165,-2.5261119117373,-2.52419392063691,-2.52226838170054,-2.52033544901092,-2.51839527980626,-2.51644803441989,-2.51449387621717,-2.51253297152965,-2.51056548958652,-2.50859160244302,-2.5066114849062,-2.50462531445798,-2.50263327117559,-2.50063553764937,-2.49863229889766,-2.4966237422793,-2.49461005740373,-2.49259143603915,-2.49056807201868,-2.48854016114453,-2.48650790109007,-2.48447149130024,-2.48243113288993,-2.48038702854067,-2.47833938239562,-2.47628839995311,-2.47423428795895,-2.47217725429715,-2.47011750787954,-2.46805525853419,-2.4659907168932,-2.46392409427957,-2.46185560259326,-2.45978545419668,-2.4577138617998,-2.45564103834499,-2.45356719689153,-2.45149255050014,-2.44941731211756,-2.44734169446149,-2.44526590990602,-2.44319017036761,-2.44111468719168,-2.43903967103967,-2.43696533177682,-2.43489187836073,-2.43281951873083,-2.43074845969845,-2.42867890683802,-2.42661106437926,-2.42454513510071,-2.42248132022461,-2.4204198193135,-2.41836083016827,-2.4163045487277,-2.41425116896941,-2.41220088281248,-2.41015388002193,-2.40811034811504,-2.40607047226988,-2.40403443523569,-2.40200241724545,-2.39997459593049,-2.39795114623736,-2.39593224034719,-2.39391804759733,-2.3919087344055,-2.38990446419675,-2.38790539733294,-2.38591169104492,-2.38392349936735,-2.38194097307641,-2.37996425963054,-2.37799350311398,-2.37602884418341,-2.37407042001763,-2.37211836427035,-2.37017280702599,-2.36823387475856,-2.36630169029372,-2.36437637277406,-2.36245803762778,-2.36054679654076,-2.35864275743181,-2.35674602443083,-2.35485669786014,-2.352974874219,-2.3511006461713,-2.34923410253632,-2.3473753282826,-2.34552440452504,-2.34368140852509,-2.34184641369372,-2.34001948959749,-2.33820070196738,-2.33639011271072,-2.33458777992608,-2.33279375792116,-2.33100809723378,-2.32923084465563,-2.32746204325867,-2.32570173242418,-2.32394994787442,-2.32220672170712,-2.3204720824326,-2.31874605501323,-2.31702866090541,-2.31531991810367,-2.3136198411872,-2.31192844136857,-2.31024572654487,-2.30857170135084,-2.30690636721444,-2.30524972241442,-2.30360176214011,-2.30196247855312,-2.30033186085093,-2.29870989533204,-2.29709656546289,-2.2954918519463,-2.29389573279115,-2.29230818338371,-2.29072917656019,-2.28915868268067,-2.28759666970409,-2.2860431032644,-2.28449794674772,-2.28296116137056,-2.28143270625886,-2.27991253852805,-2.27840061336385,-2.2768968841038,-2.27540130231906,-2.27391381789656,-2.2724343791212,-2.27096293275828,-2.26949942413612,-2.26804379722867,-2.2665959947381,-2.26515595817682,-2.26372362794913,-2.26229894343237,-2.26088184305744,-2.25947226438872,-2.25807014420344,-2.25667541857034,-2.25528802292771,-2.25390789216044,-2.25253496067638,-2.25116916248171,-2.24981043125535,-2.24845870042215,-2.24711390322481,-2.24577597279467,-2.24444484222157,-2.24312044462242,-2.24180271320847,-2.24049158135103,-2.23918698264574,-2.23788885097489,-2.23659712056814,-2.23531172606149,-2.23403260255479,-2.2327596856676,-2.23149291159312,-2.23023221715054,-2.22897753983574,-2.22772881787031,-2.22648599024889,-2.22524899678474,-2.22401777815354,-2.22279227593519,-2.22157243265354,-2.22035819181423,-2.21914949794067,-2.2179462966083,-2.21674853447689,-2.21555615932073,-2.21436912005662,-2.21318736676977,-2.21201085073785,-2.21083952445307,-2.20967334164249,-2.2085122572864,-2.2073562276345,-2.20620521022003,-2.20505916387202,-2.20391804872549,-2.20278182622942,-2.20165045915269,-2.2005239115881,-2.19940214895469,-2.19828513799832,-2.19717284679049,-2.19606524472529,-2.19496230251474,-2.19386399218222,-2.19277028705424,-2.19168116175026,-2.19059659217078,-2.18951655548375,-2.18844103010926,-2.18736999570272,-2.1863034331364,-2.18524132447944,-2.18418365297618,-2.18313040302319,-2.18208156014497,-2.18103711096849,-2.17999704319648,-2.17896134557955,-2.17793000788732,-2.17690302087839,-2.17588037626932,-2.17486206670266,-2.17384808571396,-2.17283842769773,-2.17183308787269,-2.17083206224624,-2.16983534757837,-2.16884294134494,-2.16785484170043,-2.16687104744015,-2.16589155796208,-2.16491637322825,-2.16394549372571,-2.16297892042699,-2.16201665475042,-2.16105869852012,-2.16010505392598,-2.15915572348334,-2.15821070999292,-2.15727001650075,-2.15633364625842,-2.15540160268335,-2.15447388931923,-2.15355050979666,-2.15263146779389,-2.15171676699776,-2.15080641106478,-2.14990040358251,-2.14899874803112,-2.14810144774546,-2.14720850587796,-2.14631992536233,-2.14543570887812,-2.14455585881593,-2.14368037724315,-2.14280926587021,-2.14194252601759,-2.14108015858377,-2.14022216401393,-2.13936854226931,-2.13851929279747,-2.13767441450355,-2.13683390572263,-2.13599776419298,-2.13516598703028,-2.13433857070282,-2.13351551100785,-2.13269680304906,-2.13188244121523,-2.13107241915974,-2.13026672978147,-2.12946536520689,-2.12866831677346,-2.12787557501425,-2.12708712964373,-2.1263029695446,-2.12552308275588,-2.12474745646195,-2.12397607698276,-2.1232089297649,-2.1224459993737,-2.12168726948636,-2.12093272288624,-2.12018234145835,-2.11943610618593,-2.11869399714831,-2.11795599351979,-2.11722207356956,-2.11649221466267,-2.11576639326224,-2.11504458493273,-2.11432676434445,-2.11361290527912,-2.11290298063648,-2.1121969624421,-2.11149482185608,-2.11079652918278,-2.11010205388152,-2.1094113645784,-2.10872442907906,-2.10804121438274,-2.10736168669743,-2.10668581145597,-2.10601355333303,-2.10534487626304,-2.10467974345884,-2.10401811743106,-2.1033599600083,-2.10270523235786,-2.10205389500714,-2.10140590786552,-2.10076123024691,-2.10011982089276,-2.0994816379957,-2.0988466392236,-2.09821478174407,-2.09758602224945,-2.09696031698191,-2.09633762175883,-2.09571789199826,-2.09510108274477,-2.09448714869558,-2.09387604422713,-2.09326772342195,-2.0926621400958,-2.09205924782464,-2.09145899997161,-2.090861349714,-2.09026625007022,-2.08967365392666,-2.08908351406442,-2.08849578318601,-2.08791041394204,-2.08732735895772,-2.08674657085901,-2.08616800229822,-2.08559160597923,-2.08501733468239,-2.08444514128911,-2.0838749788062,-2.08330680038994,-2.08274055936952,-2.08217620926993,-2.08161370383444,-2.08105299704637,-2.08049404315034,-2.07993679667281,-2.07938121244227,-2.07882724560874,-2.07827485166269,-2.07772398645331,-2.07717460620619,-2.07662666754047,-2.07608012748529,-2.07553494349544,-2.07499107346623,-2.07444847574765,-2.07390710915804,-2.07336693299696,-2.07282790705718,-2.07228999163602,-2.07175314754594,-2.07121733612442,-2.07068251924299,-2.07014865931558,-2.06961571930593,-2.0690836627343,-2.06855245368342,-2.06802205680385,-2.06749243731866,-2.06696356102752,-2.06643539431018,-2.06590790412923,-2.06538105803242,-2.06485482415414,-2.06432917121607,-2.06380406852717,-2.06327948598297,-2.06275539406416,-2.06223176383436,-2.06170856693731,-2.06118577559332,-2.06066336259543,-2.0601413013049,-2.05961956564626,-2.05909813010173,-2.05857696970496,-2.05805606003443,-2.05753537720632,-2.05701489786674,-2.05649459918362,-2.05597445883796,-2.05545445501472,-2.05493456639312,-2.05441477213657,-2.05389505188189,-2.05337538572797,-2.05285575422397,-2.0523361383571,-2.05181651954015,-2.05129687959863,-2.05077720075774,-2.05025746562894,-2.04973765719631,-2.04921775880293,-2.04869775413714,-2.04817762721862,-2.04765736238447,-2.04713694427509,-2.04661635782027,-2.04609558822487,-2.04557462095448,-2.04505344172083,-2.04453203646706,-2.04401039135267,-2.04348849273853,-2.0429663271721,-2.04244388137289,-2.04192114221796,-2.0413980967277,-2.04087473205164,-2.04035103545436,-2.03982699430179,-2.03930259604775,-2.03877782822087,-2.03825267841165,-2.03772713426,-2.03720118344311,-2.03667481366371,-2.03614801263838,-2.03562076808638,-2.03509306771872,-2.03456489922737,-2.03403625027474,-2.03350710848366,-2.03297746142769,-2.03244729662181,-2.0319166015136,-2.03138536347485,-2.03085356979336,-2.03032120766518,-2.0297882641871,-2.02925472634949,-2.02872058102961,-2.02818581498526,-2.02765041484868,-2.02711436712095,-2.02657765816669,-2.02604027420927,-2.02550220132648,-2.0249634254469,-2.02442393234677,-2.02388370764744,-2.02334273681341,-2.02280100515099,-2.02225849780755,-2.02171519977125,-2.02117109587124,-2.02062617077838,-2.02008040900639,-2.01953379491362,-2.018986312705,-2.01843794643455,-2.0178886800085,-2.01733849718893,-2.01678738159807,-2.01623531672302,-2.01568228592094,-2.01512827242477,-2.01457325934966,-2.01401722970006,-2.01346016637736,-2.0129020521882,-2.01234286985332,-2.01178260201689,-2.01122123125626,-2.0106587400921,-2.01009511099883,-2.00953032641563,-2.00896436875804,-2.00839722043028,-2.00782886383807,-2.00725928140217,-2.00668845557243,-2.00611636884224,-2.0055430037632,-2.00496834296001,-2.00439236914589,-2.00381506513822,-2.00323641387451,-2.00265639842834,-2.0020750020255,-2.00149220806045,-2.00090800011321,-2.0003223619666,-1.99973527762383,-1.99914673132644,-1.99855670757264,-1.99796519113577,-1.997372167083,-1.99677762079408,-1.99618153798034,-1.99558390470372,-1.99498470739598,-1.99438393287812,-1.99378156837982,-1.99317760155903,-1.99257202052143,-1.99196481383993,-1.99135597057406,-1.99074548028915,-1.99013333307527,-1.98951951956594,-1.98890403095647,-1.98828685902216,-1.98766799613633,-1.98704743528807,-1.98642517010005,-1.98580119484598,-1.98517550446805,-1.98454809459406,-1.98391896155453,-1.9832881023997,-1.98265551491657,-1.98202119764577,-1.98138514989834,-1.98074737177222,-1.98010786416847,-1.9794666288073,-1.97882366824394,-1.97817898588428,-1.97753258600032,-1.97688447374527,-1.97623465516851,-1.97558313723047,-1.9749299278174,-1.97427503575601,-1.97361847082791,-1.97296024378384,-1.97230036635736,-1.97163885127837,-1.9709757122862,-1.97031096414239,-1.96964462264327,-1.968976704632,-1.96830722801038,-1.96763621175009,-1.96696367590355,-1.96628964161438,-1.96561413112763,-1.96493716779971,-1.96425877610826,-1.96357898166147,-1.96289781120704,-1.96221529264076,-1.9615314550148,-1.96084632854571,-1.96015994462198,-1.95947233581135,-1.95878353586781,-1.95809357973831,-1.95740250356908,-1.95671034471161,-1.95601714172823,-1.95532293439731,-1.95462776371798,-1.95393167191436,-1.95323470243961,-1.95253689997973,-1.95183831045701,-1.95113898103323,-1.95043896011218,-1.94973829734182,-1.94903704361587,-1.94833525107512,-1.94763297310841,-1.94693026435342,-1.94622718069701,-1.94552377927523,-1.94482011847302,-1.94411625792334,-1.94341225850616,-1.94270818234714,-1.94200409281617,-1.94130005452582,-1.94059613332939,-1.93989239631877,-1.93918891182184,-1.93848574939978,-1.93778297984395,-1.93708067517264,-1.9363789086273,-1.93567775466824,-1.93497728896987,-1.93427758841552,-1.93357873109179,-1.93288079628269,-1.93218386446338,-1.93148801729363,-1.93079333761087,-1.93009990942293,-1.92940781790044,-1.92871714936894,-1.92802799130063,-1.92734043230584,-1.92665456212393,-1.92597047161392,-1.92528825274452,-1.92460799858376,-1.92392980328809,-1.92325376209086,-1.92257997129025,-1.92190852823674,-1.92123953131986,-1.92057307995436,-1.91990927456585,-1.9192482165761,-1.91859000838791,-1.91793475336949,-1.9172825558381,-1.91663352104307,-1.91598775514821,-1.91534536521381,-1.91470645917793,-1.91407114583713,-1.91343953482635,-1.91281173659816,-1.9121878624014,-1.91156802425907,-1.91095233494547,-1.91034090796275,-1.90973385751654,-1.90913129849093,-1.90853334642271,-1.90794011747483,-1.90735172840907,-1.90676829655803,-1.90618993979631,-1.90561677651093,-1.905048925571,-1.90448650629659,-1.90392963842691,-1.90337844208757,-1.90283303775715,-1.90229354623311,-1.90176008859691,-1.90123278617852,-1.90071176052015,-1.90019713333904,-1.89968902648925,-1.89918756192281,-1.8986928616501,-1.89820504769965,-1.89772424207722,-1.89725056672405,-1.89678414347442,-1.89632509401221,-1.89587353982673,-1.89542960216765,-1.89499340199925,-1.89456505995374,-1.89414469628416,-1.89373243081687,-1.89332838290369,-1.89293267137348,-1.89254541448312,-1.8921667298678,-1.89179673449049,-1.89143554459083,-1.89108327563314,-1.89074004225386,-1.89040595820832,-1.89008113631685,-1.88976568841016,-1.88945972527384,-1.88916335659222,-1.8888766908916,-1.8885998354829,-1.88833289640395,-1.88807597836148,-1.88782918467273,-1.88759261720673,-1.88736637632512,-1.88715056082272,-1.88694526786775,-1.88675059294174,-1.88656662977958,-1.88639347030934,-1.88623120459215,-1.88607992076188,-1.88593970496496,-1.88581064130008,-1.88569281175797,-1.88558629616113,-1.88549117210378,-1.88540751489201,-1.88533539748406,-1.8852748904309,-1.88522606181715,-1.88518897720244,-1.88516369956327,-1.88515028923532,-1.88514880385628,-1.88515929830922,-1.88518182466657,-1.88521643213476,-1.88526316699967,-1.88532207257289,-1.88539318913874,-1.88547655390229,-1.88557220093801,-1.88568016113944,-1.88580046216989,-1.88593312841424,-1.88607818093189,-1.886235637411,-1.88640551212382,-1.88658781588339,-1.88678255600147,-1.8869897362479,-1.88720935681129,-1.88744141426093,-1.8876859015103,-1.88794280778176,-1.88821211857297,-1.88849381562482,-1.88878787689087,-1.88909427650854,-1.88941298477193,-1.88974396810658,-1.89008718904582,-1.89044260620876,-1.89081017428019,-1.89118984399247,-1.89158156210932,-1.89198527141166,-1.89240091068535,-1.89282841471091,-1.89326771425528,-1.89371873606556,-1.89418140286509,-1.89465563335163,-1.89514134219809,-1.8956384400556,-1.89614683355909,-1.89666642533505,-1.89719711401165,-1.89773879423117,-1.89829135666486,-1.89885468803017,-1.89942867111049,-1.90001318477714,-1.9006081040137,-1.90121329994289,-1.90182863985576,-1.90245398724336,-1.90308920183067,-1.90373413961281,-1.90438865289341,-1.90505259032555,-1.90572579695507,-1.90640811426652,-1.90709938023142,-1.90779942935889,-1.90850809274872,-1.9092251981465,-1.90995057000126,-1.91068402952532,-1.91142539475653,-1.91217448062279,-1.91293109900885,-1.91369505882516,-1.91446616607887,-1.91524422394696,-1.91602903285144,-1.91682039053663,-1.91761809214834,-1.91842193031516,-1.91923169523157,-1.92004717474277,-1.92086815443138,-1.92169441770574,-1.92252574588998,-1.92336191831557,-1.92420271241437,-1.92504790381328,-1.92589726643021,-1.92675057257145,-1.92760759303062,-1.92846809718872,-1.92933185311553,-1.93019862767204,-1.93106818661388,-1.93194029469579,-1.93281471577705,-1.93369121292781,-1.93456954853621,-1.9354494844163,-1.93633078191662,-1.93721320202913,-1.93809650549864,-1.93898045293257,-1.93986480491091,-1.94074932209625,-1.94163376534406,-1.9425178958132,-1.94340147507653,-1.94428426523128,-1.94516602900923,-1.94604652988633,-1.94692553219174,-1.94780280121653,-1.94867810332173,-1.94955120604582,-1.95042187821155,-1.95128989003214,-1.95215501321655,-1.95301702107397,-1.95387568861725,-1.95473079266525,-1.95558211194417,-1.95642942718756,-1.95727252123518,-1.95811117913039,-1.95894518821607,-1.95977433822918,-1.96059842139371,-1.96141723251226,-1.96223056905592,-1.96303823125267,-1.9638400221739,-1.96463574781906,-1.96542521719836,-1.96620824241347,-1.96698463873604,-1.96775422468429,-1.96851682209735,-1.96927225620759,-1.97002035571058,-1.9707609528327,-1.97149388339639,-1.97221898688292,-1.97293610649287,-1.97364508920427,-1.97434578582821,-1.97503805106213,-1.97572174354063,-1.97639672588366,-1.97706286474235,-1.97772003084212,-1.97836809902313,-1.97900694827798,-1.97963646178678,-1.98025652694966,-1.98086703541658,-1.98146788311433,-1.98205897027086,-1.98264020143672,-1.98321148550392,-1.98377273572206,-1.98432386971175,-1.98486480947526,-1.98539548140444,-1.98591581628573,-1.98642574930231,-1.98692522003356,-1.98741417245147,-1.98789255491431,-1.98836032015736,-1.98881742528113,-1.98926383173681,-1.98969950530924,-1.99012441609737,-1.9905385384924,-1.99094185115361,-1.9913343369818,-1.99171598309061,-1.99208678077526,-1.99244672547912,-1.99279581675791,-1.9931340582415,-1.99346145759336,-1.99377802646812,-1.99408378046719,-1.99437873909276,-1.99466292569981,-1.99493636744613,-1.99519909524045,-1.99545114368878,-1.99569255103895,-1.99592335912347,-1.99614361330081,-1.99635336239534,-1.99655265863576,-1.99674155759236,-1.99692011811295,-1.99708840225739,-1.99724647523096,-1.99739440531678,-1.99753226380737,-1.9976601249354,-1.99777806580365,-1.99788616631408,-1.99798450909607,-1.99807317943379,-1.99815226519311,-1.99822185674805,-1.9982820469068,-1.99833293083753,-1.99837460599399,-1.9984071720409,-1.99843073077913,-1.99844538607083,-1.99845124376456,-1.9984484116205,-1.99843699923555,-1.99841711796862,-1.99838888086601,-1.99835240258697,-1.99830779932952,-1.99825518875666,-1.99819468992313,-1.9981264232026,-1.99805051021546,-1.99796707375722,-1.99787623772751,-1.99777812705977,-1.99767286765173,-1.99756058629666,-1.99744141061562,-1.99731546899077,-1.99718289049963,-1.99704380485079,-1.99689834232062,-1.99674663369125,-1.99658881018993,-1.99642500342944,-1.99625534534981,-1.99607996816138,-1.99589900428944,-1.99571258632043,-1.99552084694942,-1.9953239189288,-1.99512193501842,-1.99491502793729,-1.99470333031676,-1.994486974655,-1.9942660932731,-1.99404081827278,-1.9938112814957,-1.9935776144841,-1.99333994844291,-1.9930984142035,-1.99285314218893,-1.99260426238084,-1.99235190428771,-1.99209619691466,-1.9918372687348,-1.99157524766208,-1.99131026102561,-1.99104243554538,-1.9907718973094,-1.99049877175247,-1.99022318363664,-1.98994525703286,-1.989665115304,-1.98938288108915,-1.98909867628931,-1.9888126220542,-1.98852483877021,-1.98823544604981,-1.98794456272216,-1.987652306825,-1.98735879559767,-1.98706414547518,-1.98676847208347,-1.98647189023551,-1.98617451392868,-1.98587645634317,-1.98557782984153,-1.9852787459691,-1.98497931545545,-1.98467964821673,-1.98437985335884,-1.98408003918161,-1.9837803131837,-1.98348078206839,-1.98318155175024,-1.98288272736249,-1.98258441326513,-1.98228671305363,-1.9819897295685,-1.9816935649053,-1.98139832042521,-1.98110409676588,-1.98081099385287,-1.98051911091147,-1.98022854647894,-1.97993939841688,-1.97965176392362,-1.97936573954678,-1.9790814211959,-1.97879890415509,-1.97851828309572,-1.97823965208903,-1.97796310461887,-1.97768873359454,-1.97741663136337,-1.97714688972329,-1.97687959993503,-1.9766148527341,-1.97635273834237,-1.97609334647924,-1.97583676637244,-1.97558308676839,-1.97533239594217,-1.97508478170674,-1.97484033142143,-1.97459913199983,-1.97436126991705,-1.97412683121649,-1.97389590151568,-1.97366856601144,-1.97344490948403,-1.9732250163004,-1.97300897041668,-1.97279685537993,-1.97258875432923,-1.97238474999576,-1.97218492470183,-1.97198936035907,-1.97179813846615,-1.97161134010557,-1.97142904593955,-1.97125133620466,-1.97107829070545,-1.97090998880704,-1.97074650942651,-1.9705879310233,-1.97043433158852,-1.97028578863324,-1.97014237917554,-1.97000417972644,-1.96987126627478,-1.96974371427103,-1.96962159861017,-1.96950499361358,-1.96939397300991,-1.96928860991479,-1.96918897680938,-1.96909514551773,-1.9690071871828,-1.96892517224144,-1.96884917039819,-1.96877925059831,-1.96871548099969,-1.96865792894365,-1.96860666092481,-1.96856174256001,-1.96852323855636,-1.9684912126784,-1.96846572771439,-1.96844684544188,-1.96843462659244,-1.96842913081549,-1.96843041664134,-1.9684385414435,-1.9684535614002,-1.96847553145518,-1.9685045052779,-1.9685405352231,-1.96858367228993,-1.9686339660803,-1.96869146475668,-1.9687562149995,-1.96882826196412,-1.9689076492373,-1.96899441879346,-1.96908861095065,-1.96919026432621,-1.9692994157923,-1.96941610043145,-1.9695403514922,-1.96967220034456,-1.96981167643539,-1.96995880724371,-1.97011361823622,-1.970276132823,-1.9704463723134,-1.97062435587207,-1.97081010047545,-1.97100362086843,-1.97120492952167,-1.97141403658954,-1.97163094986872,-1.97185567475727,-1.97208821421464,-1.97232856872226,-1.97257673624493,-1.97283271219312,-1.97309648938631,-1.97336805801726,-1.9736474056172,-1.97393451702221,-1.97422937434069,-1.97453195692198,-1.9748422413265,-1.97516020129719,-1.97548580773215,-1.9758190286587,-1.97615982920883,-1.97650817159625,-1.9768640150949,-1.97722731601909,-1.9775980277054,-1.97797610049618,-1.97836148172484,-1.97875411570281,-1.97915394370866,-1.97956090397904,-1.97997493170174,-1.98039595901077,-1.98082391498349,-1.98125872563988,-1.98170031394388,-1.98214859980683,-1.98260350009291,-1.98306492862672,-1.98353279620301,-1.98400701059866,-1.98448747658668,-1.98497409595243,-1.98546676751203,-1.98596538713304,-1.9864698477572,-1.98698003942521,-1.98749584930357,-1.98801716171353,-1.98854385816205,-1.98907581737502,-1.98961291533256,-1.9901550253065,-1.99070201790007,-1.99125376108959,-1.9918101202684,-1.9923709582929,-1.99293613553082,-1.9935055099114,-1.99407893697758,-1.9946562699402,-1.99523735973395,-1.99582205507528,-1.99641020252222,-1.99700164653601,-1.99759622954481,-1.99819379200926,-1.99879417248959,-1.99939720771426,-2.00000273265002,-2.00061058057339,-2.00122058314354,-2.0018325704765,-2.00244637122053,-2.00306181263264,-2.00367872065625,-2.00429692000009,-2.00491623421824,-2.00553648579091,-2.00615749620609,-2.00677908604182,-2.00740107504915,-2.00802328223561,-2.00864552594915,-2.00926762396245,-2.00988939355753,-2.0105106516106,-2.01113121467716,-2.01175089907721,-2.0123695209803,-2.01298689649032,-2.01360284172994,-2.01421717292481,-2.01482970648749,-2.01544025910096,-2.01604864780168,-2.01665469006192,-2.01725820387151,-2.01785900781863,-2.01845692116996,-2.01905176394983,-2.01964335701865,-2.02023152215026,-2.02081608210796,-2.02139686071919,-2.02197368294878,-2.02254637497068,-2.0231147642381,-2.02367867955217,-2.02423795112873,-2.02479241066354,-2.02534189139553,-2.02588622816826,-2.02642525748943,-2.02695881758841,-2.02748674847168,-2.0280088919763,-2.02852509182134,-2.02903519365678,-2.02953904511014,-2.03003649583056,-2.03052739753048,-2.0310116040248,-2.03148897126758,-2.03195935738618,-2.03242262271297,-2.03287862981416,-2.03332724351613,-2.03376833092895,-2.03420176146706,-2.03462740686749,-2.03504514120524,-2.03545484090607,-2.03585638475667,-2.03624965391234,-2.03663453190205,-2.03701090463092,-2.03737866038003,-2.03773768980355,-2.03808788592332,-2.03842914412078,-2.03876136212634,-2.03908444000637,-2.03939828014777,-2.03970278724024,-2.03999786825626,-2.04028343242869,-2.04055939122628,-2.04082565832695,-2.04108214958903,-2.04132878302072,-2.0415654787475,-2.04179215897787,-2.0420087479674,-2.0422151719811,-2.04241135925411,-2.04259723995075,-2.04277274612206,-2.04293781166197,-2.04309237226202,-2.0432363653649,-2.04336973011697,-2.04349240731994,-2.04360433938175,-2.04370547026668,-2.04379574544491,-2.04387511184142,-2.04394351778451,-2.04400091295395,-2.04404724832884,-2.0440824761352,-2.04410654979368,-2.04411942386733,-2.04412105400956,-2.0441113969121,-2.04409041025328,-2.04405805264686,-2.04401428359146,-2.04395906342089,-2.04389235325526,-2.04381411495301,-2.04372431106414,-2.04362290478454,-2.04350985991174,-2.04338514080214,-2.04324871232984,-2.04310053984718,-2.042940589147,-2.0427688264268,-2.04258521825463,-2.04238973153711,-2.04218233348966,-2.04196299160886,-2.04173167364709,-2.04148834758965,-2.04123298163429,-2.04096554417325,-2.04068600377771,-2.04039432918482,-2.04009048928756,-2.03977445312737,-2.03944618988976,-2.03910566890282,-2.03875285963872,-2.038387731718,-2.03801025491692,-2.0376203991779,-2.03721813462311,-2.03680343157119,-2.03637626055714,-2.03593659235538,-2.03548439800597,-2.03501964884389,-2.03454231653163,-2.0340523730948,-2.03354979096088,-2.03303454300119,-2.03250660257601,-2.03196594358278,-2.03141254050717,-2.03084636847702,-2.03026740331914,-2.02967562161894,-2.02907100078286,-2.02845351910349,-2.02782315582728,-2.02717989122485,-2.02652370666374,-2.02585458468348,-2.025172509073,-2.02447746495026,-2.02376943884397,-2.02304841877721,-2.02231439435296,-2.0215673568415,-2.02080729926947,-2.02003421651055,-2.01924810537759,-2.0184489647161,-2.01763679549891,-2.01681160092192,-2.01597338650082,-2.01512216016878,-2.0142579323747,-2.01338071618198,-2.01249052736777,-2.0115873845224,-2.01067130914913,-2.00974232576379,-2.00880046199452,-2.00784574868106,-2.00687821997365,-2.00589791343148,-2.00490487012025,-2.00389913470878,-2.0028807555644,-2.00184978484709,-2.00080627860191,-1.99975029684975,-1.99868190367624,-1.99760116731854,-1.99650816025004,-1.99540295926265,-1.99428564554668,-1.99315630476809,-1.99201502714301,-1.99086190750941,-1.98969704539601,-1.98852054508814,-1.98733251569032,-1.9861330711855,-1.98492233049072,-1.98370041750924,-1.9824674611789,-1.98122359551667,-1.97996895965897,-1.97870369789795,-1.97742795971304,-1.97614189979811,-1.97484567808401,-1.97353945975644,-1.97222341526882,-1.97089772034999,-1.96956255600669,-1.96821810852101,-1.96686456944245,-1.96550213557482,-1.96413100895773,-1.96275139684262,-1.96136351166346,-1.95996757100192,-1.95856379754717,-1.95715241904995,-1.95573366827114,-1.95430778292488,-1.95287500561592,-1.95143558377132,-1.94998976956659,-1.94853781984633,-1.94707999603918,-1.94561656406717,-1.94414779424924,-1.94267396119925,-1.94119534371825,-1.93971222468143,-1.93822489091959,-1.93673363309534,-1.93523874557392,-1.93374052628896,-1.93223927660319,-1.93073530116409,-1.92922890775446,-1.92772040713807,-1.92621011290047,-1.92469834128511,-1.92318541102472,-1.92167164316826,-1.92015736090336,-1.91864288937482,-1.91712855549939,-1.91561468777699,-1.91410161609831,-1.91258967154858,-1.9110791862078,-1.90957049294775,-1.90806392522576,-1.90655981687559,-1.90505850189566,-1.90356031423491,-1.90206558757651,-1.90057465511951,-1.89908784935852,-1.89760550186168,-1.89612794304741,-1.89465550195996,-1.89318850604398,-1.89172728091824,-1.89027215014872,-1.88882343502115,-1.88738145431331,-1.88594652406739,-1.88451895736266,-1.88309906408871,-1.88168715071927,-1.880283520087,-1.87888847115945,-1.87750229881663,-1.87612529363009,-1.87475774164392,-1.87339992415774,-1.87205211751207,-1.87071459287616,-1.86938761603878,-1.86807144720199,-1.86676634077836,-1.86547254519167,-1.86419030268132,-1.8629198491105,-1.86166141377855,-1.86041521923756,-1.85918148111347,-1.8579604079318,-1.85675220094849,-1.85555705398574,-1.85437515327305,-1.85320667729363,-1.85205179663631,-1.85091067385346,-1.84978346332459,-1.8486703111261,-1.84757135490721,-1.84648672377244,-1.84541653817068,-1.84436090979106,-1.84331994146592,-1.84229372708066,-1.84128235149076,-1.840285890446,-1.83930441052214,-1.83833796905991,-1.8373866141115,-1.83645038439459,-1.8355293092541,-1.83462340863175,-1.83373269304353,-1.83285716356504,-1.83199681182484,-1.83115162000568,-1.83032156085377,-1.82950659769582,-1.82870668446437,-1.82792176573117,-1.82715177674884,-1.82639664350055,-1.82565628275782,-1.82493060214649,-1.82421950022051,-1.82352286654378,-1.82284058177981,-1.82217251778908,-1.82151853773446,-1.82087849619417,-1.82025223928249,-1.81963960477783,-1.81904042225825,-1.81845451324417,-1.81788169134824,-1.81732176243211,-1.81677452477022,-1.81623976922035,-1.81571727940087,-1.81520683187467,-1.81470819633939,-1.81422113582392,-1.8137454068908,-1.81328075984451,-1.81282693894534,-1.81238368262894,-1.81195072373142,-1.81152778971957,-1.81111460292626,-1.81071088079056,-1.81031633610235,-1.809930677251,-1.80955360847808,-1.80918483013381,-1.80882403893698,-1.80847092823827,-1.80812518828644,-1.80778650649736,-1.80745456772566,-1.80712905453864,-1.80680964749209,-1.80649602540778,-1.80618786565224,-1.8058848444169,-1.80558663699937,-1.80529291808569,-1.80500336203313,-1.80471764315319,-1.80443543599437,-1.80415641562476,-1.80388025791385,-1.80360663981335,-1.80333523963663,-1.80306573733676,-1.80279781478281,-1.80253115603442,-1.80226544761406,-1.80200037877693,-1.80173564177838,-1.80147093213839,-1.80120594890312,-1.80094039490302,-1.80067397700723,-1.8004064063741,-1.80013739869714,-1.79986667444643,-1.79959395910506,-1.79931898340048,-1.7990414835308,-1.79876120138571,-1.79847788476204,-1.79819128757355,-1.79790117005458,-1.79760729895746,-1.79730944774345,-1.79700739676724,-1.79670093345442,-1.79638985247222,-1.79607395589322,-1.79575305335199,-1.79542696219434,-1.79509550761936,-1.79475852281376,-1.79441584907852,-1.79406733594771,-1.79371284129929,-1.79335223145817,-1.79298538129134,-1.7926121742949,-1.79223250267273,-1.79184626740703,-1.7914533783204,-1.7910537541297,-1.79064732249115,-1.79023402003696,-1.78981379240329,-1.78938659424987,-1.78895238927075,-1.7885111501967,-1.78806285878906,-1.78760750582533,-1.78714509107615,-1.7866756232741,-1.78619912007422,-1.78571560800642,-1.78522512241981,-1.78472770741901,-1.78422341579261,-1.78371230893376,-1.78319445675303,-1.78266993758367,-1.78213883807949,-1.7816012531055,-1.78105728562135,-1.78050704655777,-1.77995065468614,-1.77938823648133,-1.77881992597808,-1.77824586462083,-1.77766620110746,-1.77708109122692,-1.77649069769108,-1.77589518996097,-1.77529474406788,-1.77468954242933,-1.77407977366024,-1.77346563237938,-1.77284731901158,-1.77222503958548,-1.77159900552678,-1.77096943344749,-1.77033654493157,-1.7697005663171,-1.76906172847521,-1.76842026658629,-1.76777641991355,-1.76713043157422,-1.7664825483085,-1.7658330202469,-1.76518210067602,-1.76453004580306,-1.76387711451912,-1.76322356816162,-1.76256967027599,-1.76191568637698,-1.76126188370984,-1.76060853101166,-1.75995589827314,-1.75930425650105,-1.75865387748139,-1.75800503354349,-1.75735799732543,-1.75671304154141,-1.75607043875103,-1.75543046113073,-1.75479338024754,-1.75415946683546,-1.75352899057456,-1.75290221987314,-1.75227942165312,-1.75166086113903,-1.75104680165074,-1.75043750440007,-1.74983322829152,-1.74923422972724,-1.74864076241641,-1.74805307718905,-1.7474714218146,-1.74689604082549,-1.74632717534601,-1.74576506292635,-1.74520993738215,-1.74466202863935,-1.74412156258476,-1.74358876092229,-1.74306384103519,-1.74254701585411,-1.74203849373135,-1.74153847832134,-1.74104716846739,-1.74056475809509,-1.7400914361123,-1.7396273863158,-1.73917278730464,-1.73872781240019,-1.73829262957287,-1.73786740137562,-1.73745228488431,-1.73704743164511,-1.73665298762879,-1.73626909319201,-1.73589588304542,-1.73553348622884,-1.73518202609339,-1.73484162029075,-1.73451238076913,-1.73419441377592,-1.73388781986703,-1.7335926939229,-1.73330912517116,-1.73303719721593,-1.73277698807365,-1.73252857021532,-1.732292010615,-1.73206737080453,-1.73185470693416,-1.73165406983909,-1.73146550511191,-1.73128905318102,-1.7311247493948,-1.73097262411151,-1.73083270279447,-1.73070500611262,-1.73058955004621,-1.73048634599755,-1.73039540090657,-1.73031671737111,-1.73025029377172,-1.73019612440077,-1.73015419959582,-1.73012450587711,-1.7301070260888,-1.73010173954381,-1.73010862217213,-1.73012764667236,-1.73015878266647,-1.73020199685725,-1.73025725318839,-1.73032451300654,-1.73040373522575,-1.7304948764937,-1.73059789135973,-1.73071273244438,-1.73083935061034,-1.73097769513463,-1.7311277138818,-1.73128935347793,-1.73146255948531,-1.73164727657736,-1.73184344871357,-1.73205101931416,-1.73226993143448,-1.73250012793878,-1.73274155167329,-1.73299414563849,-1.73325785316022,-1.73353261805957,-1.73381838482142,-1.73411509876148,-1.73442270619163,-1.73474115458341,-1.73507039272933,-1.73541037090162,-1.73576104100846,-1.73612235674767,-1.73649427375784,-1.73687674976634,-1.73726974473436,-1.73767322099843,-1.73808714340849,-1.73851147946241,-1.73894619943684,-1.73939127651434,-1.73984668690668,-1.74031240997399,-1.74078842833952,-1.74127472799998,-1.74177129843138,-1.74227813269027,-1.74279522751073,-1.74332258339669,-1.74386020470986,-1.74440809975288,-1.74496628084765,-1.74553476440876,-1.74611357101218,-1.74670272545908,-1.74730225683487,-1.74791219856332,-1.74853258845569,-1.74916346875485,-1.74980488617446,-1.750456891933,-1.7511195417828,-1.75179289603397,-1.75247701957323,-1.75317198187785,-1.75387785702444,-1.75459472369264,-1.75532266516389,-1.75606176931508,-1.75681212860729,-1.75757384006969,-1.75834700527868,-1.75913173033219,-1.75992812581914,-1.76073630678415,-1.76155639268736,-1.76238850735984,-1.76323277895434,-1.7640893398916,-1.76495832680204,-1.76583988046299,-1.76673414573155,-1.76764127147331,-1.76856141048698,-1.76949471942518,-1.77044135871117,-1.77140149245184,-1.77237528834684,-1.77336291759412,-1.77436455479195,-1.7753803778373,-1.77641056782111,-1.77745530892027,-1.77851478828622,-1.77958919593042,-1.78067872460686,-1.78178356969176,-1.78290392906029,-1.78404000296078,-1.78519199388624,-1.78636010644356,-1.78754454722026,-1.78874552464924,-1.78996324887144,-1.79119793159688,-1.79244978596387,-1.79371902639657,-1.79500586846095,-1.79631052871926,-1.797633224583,-1.79897417416452,-1.8003335961274,-1.80171170953539,-1.80310873370024,-1.80452488802879,-1.80596039186913,-1.80741546435628,-1.80889032425739,-1.81038518981652,-1.81190027859897,-1.81343580733542,-1.81499199176574,-1.81656904648291,-1.8181671847768,-1.81978661847826,-1.82142755780331,-1.82309021119759,-1.82477478518122,-1.82648148419423,-1.82821051044292,-1.82996206374709,-1.83173634138851,-1.83353353796033,-1.83535384521755,-1.8371974519287,-1.83906454372889,-1.84095530297442,-1.84286990859905,-1.84480853597182,-1.84677135675665,-1.84875853877394,-1.85077024586408,-1.85280663775312,-1.85486786992047,-1.85695409346906,-1.85906545499784,-1.86120209647699,-1.86336415512546,-1.86555176329112,-1.86776504833363,-1.87000413251012,-1.87226913286387,-1.87456016111622,-1.87687732356168,-1.87922072096609,-1.88159044846794,-1.88398659548289,-1.88640924561168,-1.88885847655158,-1.89133436001149,-1.8938369616309,-1.89636634090277,-1.89892255110015,-1.90150563920662,-1.90411564585054,-1.90675260524318,-1.90941654512102,-1.912107486692,-1.91482544458604,-1.91757042680979,-1.92034243470586,-1.92314146291614,-1.925967499349,-1.92882052515073,-1.93170051468144,-1.93460743549543,-1.93754124832598,-1.94050190707454,-1.94348935880437,-1.94650354373863,-1.94954439526309,-1.95261183993318,-1.95570579748548,-1.95882618085369,-1.96197289618896,-1.96514584288474,-1.96834491360608,-1.97156999432332,-1.97482096435029,-1.97809769638691,-1.98140005656636,-1.98472790450633,-1.98808109336474,-1.99145946989941,-1.99486287453193,-1.9982911414153,-2.00174409850559,-2.00522156763763,-2.00872336460433,-2.01224929923998,-2.01579917550716,-2.01937279158711,-2.0229699399737,-2.02659040757076,-2.03023397579288,-2.03390042066964,-2.03758951295311,-2.04130101822842,-2.04503469702723,-2.04879030494404,-2.05256759275535,-2.05636630654133,-2.0601861878099,-2.0640269736232,-2.06788839672618,-2.07177018567734,-2.07567206498115,-2.0795937552225,-2.08353497320278,-2.08749543207759,-2.09147484149561,-2.09547290773878,-2.09948933386359,-2.10352381984349,-2.10757606271223,-2.11164575670834,-2.11573259342015,-2.11983626193126,-2.12395644896629,-2.12809283903679,-2.13224511458738,-2.13641295614191,-2.14059604244923,-2.14479405062874,-2.14900665631542,-2.15323353380412,-2.15747435619303,-2.16172879552629,-2.16599652293557,-2.17027720878042,-2.17457052278742,-2.17887613418785,-2.18319371185378,-2.18752292443235,-2.19186344047825,-2.19621492858416,-2.20057705750954,-2.20494949630726,-2.20933191444781,-2.21372398194105,-2.21812536945546,-2.22253574843485,-2.22695479121232,-2.23138217112157,-2.23581756260542,-2.24026064132155,-2.24471108424537,-2.24916856976983,-2.2536327778023,-2.2581033898586,-2.26258008915414,-2.26706256069211,-2.27155049134847,-2.27604356995387,-2.28054148737225,-2.28504393657658,-2.28955061272166,-2.29406121321407,-2.29857543777929,-2.30309298852537,-2.30761357000336,-2.31213688926443,-2.31666265591377,-2.32119058216117,-2.32572038286862,-2.33025177559448,-2.33478448063445,-2.33931822105945,-2.34385272275041,-2.34838771443,-2.35292292769147,-2.3574580970246,-2.36199295983879,-2.36652725648326,-2.37106073026429,-2.37559312745954,-2.38012419732941,-2.38465369212549,-2.38918136709615,-2.39370698048933,-2.39823029355265,-2.40275107053108,-2.40726907866197,-2.41178408816767,-2.41629587224575,-2.42080420705692,-2.42530887171042,-2.42980964824735,-2.43430632162199,-2.43879867968086,-2.44328651313954,-2.44776961555766,-2.45224778331203,-2.45672081556801,-2.46118851424903,-2.46565068400442,-2.47010713217552,-2.47455766876035,-2.47900210637647,-2.48344026022256,-2.48787194803865,-2.49229699006495,-2.49671520899937,-2.50112642995351,-2.50553048040732,-2.50992719016258,-2.51431639129499,-2.51869791810508,-2.52307160706826,-2.52743729678403,-2.5317948279244,-2.53614404318139,-2.54048478721389,-2.54481690659384,-2.54914024975177,-2.55345466692188,-2.55776001008678,-2.56205613292206,-2.56634289074033,-2.57062014043479,-2.57488774042231,-2.57914555058639,-2.58339343221993,-2.58763124796803,-2.59185886177068,-2.59607613880563,-2.60028294543144,-2.60447914913063,-2.60866461845314,-2.61283922295979,-2.617002833166,-2.62115532048528,-2.62529655717276,-2.62942641626903,-2.63354477154433,-2.6376514974432,-2.64174646902967,-2.64582956193299,-2.64990065229421,-2.6539596167134,-2.65800633219762,-2.66204067610954,-2.66606252611671,-2.67007176014129,-2.67406825631058,-2.67805189290817,-2.68202254832583,-2.68598010101608,-2.68992442944569,-2.6938554120501,-2.69777292718899,-2.70167685310296,-2.70556706787164,-2.70944344937321,-2.71330587524519,-2.71715422284645,-2.72098836922044,-2.72480819105958,-2.72861356467077,-2.73240436594222,-2.73618047031179,-2.73994175273692,-2.74368808766605,-2.74741934901191,-2.75113541012632,-2.75483614377653,-2.75852142212328,-2.76219111670035,-2.76584509839583,-2.76948323743493,-2.77310540336461,-2.77671146504004,-2.78030129061279,-2.78387474752107,-2.78743170248181,-2.79097202148477,-2.79449556978861,-2.79800221191898,-2.80149181166849,-2.80496423209838,-2.80841933554213,-2.81185698361118,-2.81527703720266,-2.8186793565089,-2.8220638010289,-2.82543022958142,-2.82877850032024,-2.83210847075143,-2.83541999775247,-2.83871293759307,-2.84198714595775,-2.84524247797047,-2.84847878822117,-2.8516959307941,-2.85489375929813,-2.85807212689873,-2.86123088635157,-2.86436989003721,-2.86748898999739,-2.87058803797262,-2.87366688544134,-2.8767253836606,-2.87976338370803,-2.88278073652513,-2.88577729296198,-2.88875290382348,-2.89170741991711,-2.89464069210192,-2.89755257133881,-2.90044290874184,-2.90331155563092,-2.90615836358543,-2.90898318449878,-2.91178587063361,-2.91456627467779,-2.91732424980115,-2.92005964971266,-2.92277232871815,-2.92546214177842,-2.92812894456782,-2.93077259353336,-2.9333929459543,-2.93598986000187,-2.93856319479909,-2.94111281048048,-2.94363856825179,-2.94614033044954,-2.94861796060007,-2.95107132347823,-2.95350028516559,-2.95590471310827,-2.95828447617465,-2.96063944471254,-2.96296949060608,-2.96527448733247,-2.96755431001803,-2.96980883549351,-2.97203794234837,-2.97424151098417,-2.97641942366684,-2.97857156457797,-2.98069781986495,-2.98279807768977,-2.98487222827664,-2.98692016395837,-2.98894177922136,-2.99093697074945,-2.99290563746654,-2.99484768057773,-2.99676300360892,-2.99865151244515,-3.00051311536747,-3.00234772308835,-3.00415524878571,-3.00593560813515,-3.0076887193406,-3.00941450316321,-3.01111288294844,-3.01278378465156,-3.01442713686138,-3.01604287082221,-3.01763092045384,-3.01919122236995,-3.02072371589471,-3.02222834307745,-3.02370504870542,-3.02515378031469,-3.02657448819907,-3.02796712541717,-3.02933164779736,-3.03066801394088,-3.03197618522314,-3.0332561257929,-3.03450780256961,-3.0357311852389,-3.03692624624605,-3.03809296078766,-3.03923130680163,-3.04034126495542,-3.0414228186327,-3.0424759539184,-3.04350065958225,-3.04449692706088,-3.0454647504386,-3.04640412642676,-3.04731505434185,-3.0481975360823,-3.0490515761041,-3.049877181395,-3.05067436144778,-3.05144312823245,-3.05218349616765,-3.05289548209103,-3.05357910522887,-3.05423438716492,-3.05486135180875,-3.05546002536359,-3.0560304362938,-3.05657261529193,-3.05708659524516,-3.05757241120156,-3.05803010033631,-3.05845970191771,-3.05886125727319,-3.05923480975544,-3.05958040470881,-3.05989808943588,-3.06018791316434,-3.06044992701391,-3.06068418396372,-3.06089073882025,-3.06106964818572,-3.06122097042685,-3.0613447656441,-3.06144109564158,-3.06151002389794,-3.06155161553808,-3.06156593730584,-3.06155305753791,-3.06151304613888,-3.06144597455762,-3.0613519157649,-3.06123094423241,-3.06108313591308,-3.06090856822297,-3.06070732002491,-3.06047947161378,-3.06022510470354,-3.05994430241618,-3.05963714927214,-3.05930373118245,-3.05894413544256,-3.05855845072834,-3.05814676709389,-3.05770917597126,-3.05724577017185,-3.05675664388977,-3.05624189270692,-3.05570161359984,-3.05513590494849,-3.05454486654688,-3.05392859961559,-3.05328720681613,-3.05262079226726,-3.05192946156325,-3.05121332179366,-3.05047248156478,-3.04970705102278,-3.0489171418785,-3.04810286743411,-3.04726434261144,-3.04640168398223,-3.0455150098,-3.04460444003331,-3.0436700964005,-3.04271210240567,-3.04173058337588,-3.04072566649932,-3.03969748086481,-3.0386461575025,-3.03757182942578,-3.0364746316743,-3.03535470135804,-3.03421217770246,-3.03304720209468,-3.03185991813007,-3.03065047165924,-3.02941901083552,-3.02816568616294,-3.02689065054439,-3.02559405932991,-3.02427607036483,-3.02293684403792,-3.02157654332954,-3.02019533385986,-3.01879338393686,-3.01737086460432,-3.01592794968942,-3.01446481584998,-3.01298164262128,-3.0114786124622,-3.0099559108002,-3.0084137260751,-3.00685224978144,-3.00527167650966,-3.00367220398589,-3.00205403311042,-3.00041736799469,-2.99876241599694,-2.99708938775651,-2.99539849722673,-2.99368996170567,-2.99196400186481,-2.99022084177548,-2.98846070893328,-2.98668383428053,-2.98489045222622,-2.98308080066357,-2.9812551209849,-2.97941365809395,-2.9775566604155,-2.97568437990222,-2.97379707203866,-2.97189499584244,-2.96997841386252,-2.96804759217421,-2.96610280037107,-2.96414431155339,-2.96217240231344,-2.96018735271742,-2.95818944628413,-2.95617896996019,-2.954156214092,-2.95212147239413,-2.95007504191408,-2.94801722299366,-2.94594831922675,-2.94386863741333,-2.94177848750975,-2.93967818257508,-2.93756803871384,-2.93544837501521,-2.93331951348876,-2.9311817789965,-2.9290354991811,-2.92688100439027,-2.92471862759744,-2.9225487043187,-2.92037157252625,-2.91818757255849,-2.91599704702673,-2.91380034071837,-2.91159780049662,-2.90938977519683,-2.90717661551902,-2.90495867391683,-2.90273630448312,-2.90050986283214,-2.8982797059786,-2.89604619221369,-2.89380968097807,-2.8915705327318,-2.88932910882155,-2.88708577134524,-2.88484088301426,-2.88259480701307,-2.88034790685643,-2.87810054624418,-2.87585308891386,-2.87360589849106,-2.87135933833774,-2.86911377139848,-2.86686956004516,-2.86462706592001,-2.86238664977737,-2.86014867132407,-2.85791348905856,-2.8556814601088,-2.85345294006915,-2.85122828283641,-2.8490078404451,-2.84679196290226,-2.84458099802175,-2.84237529125792,-2.84017518553884,-2.83798102109919,-2.83579313531321,-2.83361186252809,-2.83143753389755,-2.82927047721588,-2.82711101675261,-2.82495947308801,-2.82281616294967,-2.82068139904981,-2.81855548992341,-2.81643873976761,-2.81433144828265,-2.81223391051414,-2.81014641669699,-2.80806925210112,-2.80600269687897,-2.80394702591512,-2.80190250867838,-2.79986940907626,-2.79784798531194,-2.79583848974361,-2.79384116874637,-2.79185626257689,-2.78988400524114,-2.78792462436527,-2.78597834106985,-2.7840453698473,-2.78212591844265,-2.78022018773766,-2.77832837163861,-2.77645065696768,-2.77458722335806,-2.77273824315333,-2.77090388131108,-2.76908429531082,-2.76727963506619,-2.7654900428417,-2.76371565317388,-2.76195659279702,-2.76021298057347,-2.75848492742838,-2.75677253628918,-2.75507590202985,-2.7533951114201,-2.75173024307932,-2.75008136743553,-2.74844854668902,-2.74683183478126,-2.74523127736883,-2.74364691180279,-2.74207876711311,-2.7405268639982,-2.73899121481946,-2.73747182360111,-2.73596868603527,-2.73448178949234,-2.73301111303683,-2.73155662744854,-2.73011829524895,-2.72869607073304,-2.72728990000653,-2.72589972102844,-2.72452546365898,-2.72316704971292,-2.7218243930183,-2.7204973994804,-2.71918596715131,-2.71788998630467,-2.71660933951561,-2.7153439017457,-2.71409354043254,-2.71285811558407,-2.71163747987772,-2.71043147876456,-2.7092399505788,-2.70806272665226,-2.70689963143355,-2.70575048261193,-2.70461509124577,-2.70349326189559,-2.70238479276154,-2.70128947582532,-2.70020709699659,-2.69913743626357,-2.69808026784802,-2.69703536036456,-2.69600247698408,-2.69498137560138,-2.69397180900649,-2.69297352505985,-2.69198626687121,-2.6910097729817,-2.69004377754926,-2.68908801053743,-2.68814219790705,-2.68720606181096,-2.6862793207914,-2.68536168998006,-2.68445288130087,-2.68355260367479,-2.68266056322697,-2.68177646349607,-2.68090000564571,-2.68003088867767,-2.67916880964677,-2.67831346387703,-2.67746454517924,-2.6766217460699,-2.67578475799121,-2.67495327153208,-2.6741269766497,-2.67330556289121,-2.67248871961553,-2.67167613621522,-2.67086750233813,-2.670062508109,-2.66926084435055,-2.66846220280377,-2.66766627634746,-2.66687275921685,-2.6660813472211,-2.66529173795932,-2.66450363103492,-2.66371672826794,-2.66293073390558,-2.66214535483078,-2.66136030076859,-2.66057528449008,-2.65979002201371,-2.65900423280383,-2.65821763996633,-2.65742997044101,-2.65664095519071,-2.65585032938702,-2.65505783259232,-2.6542632089379,-2.65346620729795,-2.65266658145954,-2.65186409028831,-2.65105849788964,-2.65024957376529,-2.649437092965,-2.64862083623287,-2.64780059014844,-2.64697614726243,-2.64614730622707,-2.64531387192089,-2.64447565556763,-2.64363247484883,-2.6427841540104,-2.64193052396311,-2.6410714223766,-2.64020669376702,-2.63933618957774,-2.63845976825351,-2.63757729530756,-2.63668864338184,-2.63579369230034,-2.63489232911541,-2.63398444814695,-2.63306995101461,-2.63214874666271,-2.63122075137793,-2.63028588879972,-2.62934408992334,-2.62839529309528,-2.62743944400099,-2.62647649564506,-2.62550640832402,-2.62452914959155,-2.62354469421636,-2.6225530241325,-2.62155412838226,-2.62054800305154,-2.61953465119772,-2.61851408277036,-2.61748631452489,-2.61645136992919,-2.61540927906302,-2.61436007851032,-2.61330381124424,-2.61224052650508,-2.61117027967122,-2.61009313212326,-2.60900915110134,-2.60791840955573,-2.60682098599075,-2.60571696430222,-2.60460643360862,-2.60348948807604,-2.60236622673729,-2.60123675330551,-2.60010117598213,-2.59895960725905,-2.5978121637154,-2.59665896580907,-2.59550013766304,-2.59433580684684,-2.59316610415332,-2.59199116337093,-2.59081112105219,-2.5896261162782,-2.5884362904195,-2.5872417868936,-2.58604275091931,-2.58483932926815,-2.58363167001345,-2.58241992227725,-2.5812042359753,-2.57998476156043,-2.5787616497643,-2.57753505133789,-2.57630511679114,-2.57507199613235,-2.57383583860765,-2.57259679244055,-2.57135500457211,-2.57011062040183,-2.56886378353009,-2.56761463550205,-2.5663633155536,-2.5651099603594,-2.56385470378352,-2.56259767663271,-2.56133900641314,-2.56007881709055,-2.55881722885405,-2.55755435788381,-2.55629031612297,-2.55502521105441,-2.55375914548281,-2.55249221732236,-2.55122451939035,-2.54995613920685,-2.54868715880088,-2.54741765452355,-2.54614769686874,-2.54487735030153,-2.54360667309433,-2.54233571717115,-2.54106452795991,-2.53979314425366,-2.53852159808063,-2.53724991458363,-2.53597811190871,-2.53470620110364,-2.53343418602635,-2.53216206326372,-2.53088982206078,-2.52961744426081,-2.52834490425647,-2.52707216895195,-2.52579919773614,-2.52452594246698,-2.52325234746753,-2.52197834953372,-2.52070387795415,-2.51942885454158,-2.51815319367614,-2.51687680236059,-2.51559958028764,-2.51432141991962,-2.5130422065806,-2.51176181856096,-2.51048012723421,-2.50919699718624,-2.50791228635689,-2.50662584619385,-2.50533752181898,-2.50404715220681,-2.50275457037514,-2.50145960358768,-2.50016207356843,-2.49886179672746,-2.49755858439806,-2.49625224308506,-2.49494257472418,-2.49362937695262,-2.49231244339053,-2.49099156393304,-2.48966652505256,-2.48833711011096,-2.48700309968138,-2.48566427187918,-2.48432040270161,-2.48297126637614,-2.48161663571709,-2.48025628249027,-2.47888997778481,-2.47751749239199,-2.47613859719029,-2.47475306353632,-2.47336066366105,-2.47196117107123,-2.47055436095499,-2.46914001059182,-2.46771789976614,-2.46628781118399,-2.46484953089201,-2.4634028486982,-2.46194755859398,-2.46048345917678,-2.4590103540727,-2.45752805235846,-2.4560363689821,-2.45453512518188,-2.45302414890267,-2.45150327520919,-2.44997234669577,-2.44843121389161,-2.44687973566063,-2.44531777959574,-2.44374522240674,-2.44216195030133,-2.44056785935872,-2.43896285589499,-2.43734685681959,-2.43571978998247,-2.43408159451074,-2.43243222113476,-2.43077163250293,-2.42909980348443,-2.4274167214594,-2.42572238659596,-2.42401681211374,-2.4223000245329,-2.42057206390835,-2.41883298404815,-2.41708285271598,-2.41532175181718,-2.41354977756817,-2.41176704064846,-2.40997366633498,-2.40816979461806,-2.40635558029923,-2.40453119307011,-2.40269681757212,-2.40085265343657,-2.39899891530492,-2.39713583282877,-2.3952636506491,-2.39338262835469,-2.39149304041965,-2.38959517612018,-2.38768933943015,-2.38577584889536,-2.38385503748632,-2.38192725242964,-2.37999285501777,-2.3780522203973,-2.37610573733587,-2.37415380796796,-2.37219684751941,-2.37023528401112,-2.36826955794162,-2.36630012194879,-2.36432744045098,-2.36235198926818,-2.36037425522364,-2.35839473572595,-2.35641393833227,-2.3544323802934,-2.35245058808088,-2.35046909689661,-2.34848845016512,-2.34650919900965,-2.3445319017123,-2.34255712315902,-2.34058543427001,-2.33861741141633,-2.33665363582313,-2.33469469296049,-2.33274117192263,-2.33079366479616,-2.32885276601833,-2.3269190717264,-2.32499317909876,-2.32307568568882,-2.32116718875243,-2.31926828456992,-2.31737956776391,-2.31550163061369,-2.31363506236768,-2.31178044855472,-2.30993837029518,-2.308109403613,-2.30629411874975,-2.30449307948181,-2.30270684244153,-2.30093595644366,-2.29918096181787,-2.29744238974881,-2.2957207616249,-2.29401658839646,-2.29233036994447,-2.29066259446104,-2.28901373784284,-2.28738426309831,-2.28577461976995,-2.28418524337251,-2.28261655484826,-2.28106896004031,-2.27954284918501,-2.27803859642424,-2.27655655933893,-2.27509707850444,-2.27366047706884,-2.27224706035508,-2.27085711548761,-2.26949091104439,-2.26814869673507,-2.26683070310607,-2.26553714127308,-2.26426820268157,-2.26302405889614,-2.26180486141919,-2.26061074153952,-2.25944181021098,-2.25829815796167,-2.25717985483406,-2.25608695035625,-2.25501947354444,-2.25397743293704,-2.25296081666043,-2.25196959252642,-2.25100370816128,-2.25006309116619,-2.24914764930915,-2.24825727074836,-2.24739182428643,-2.24655115965512,-2.24573510783027,-2.24494348137625,-2.24417607481952,-2.24343266505078,-2.24271301175518,-2.24201685786966,-2.24134393006686,-2.24069393926426,-2.24006658115799,-2.23946153678006,-2.23887847307824,-2.2383170435175,-2.23777688870175,-2.23725763701453,-2.2367589052773,-2.23628029942426,-2.23582141519232,-2.23538183882499,-2.23496114778889,-2.23455891150127,-2.23417469206706,-2.23380804502366,-2.23345852009218,-2.23312566193337,-2.23280901090678,-2.23250810383114,-2.23222247474431,-2.2319516556611,-2.23169517732726,-2.23145256996788,-2.23122336402844,-2.23100709090652,-2.23080328367275,-2.23061147777911,-2.23043121175338,-2.23026202787803,-2.23010347285183,-2.22995509843285,-2.22981646206097,-2.22968712745844,-2.22956666520711,-2.22945465330132,-2.2293506776745,-2.22925433269856,-2.22916522165459,-2.22908295717411,-2.22900716164954,-2.22893746761314,-2.22887351808354,-2.22881496687901,-2.22876147889698,-2.22871273035899,-2.22866840902067,-2.22862821434642,-2.22859185764863,-2.22855906219142,-2.2285295632588,-2.22850310818715,-2.22847945636249,-2.22845837918281,-2.22843965998617,-2.22842309394517,-2.22840848792869,-2.22839566033204,-2.22838444087606,-2.22837467037679,-2.22836620048686,-2.22835889340998,-2.22835262159042,-2.22834726737894,-2.22834272267721,-2.22833888856268,-2.22833567489602,-2.22833299991338,-2.22833078980565,-2.22832897828726,-2.22832750615677,-2.22832632085154,-2.22832537599923,-2.2283246309686,-2.22832405042245,-2.22832360387501,-2.22832326525679,-2.22832301248916,-2.22832282707132,-2.22832269368209,-2.22832259979906,-2.22832253533713,-2.22832249230834,-2.2283224645046,-2.22832244720518,-2.22832243691009
-0.311813014806883,-0.311806712494169,-0.311803935316663,-0.311804800982695,-0.311809426460164,-0.311817927860112,-0.311830420320199,-0.311847017888272,-0.311867833406178,-0.311892978393993,-0.311922562934773,-0.311956695559972,-0.311995483135669,-0.312039030749799,-0.312087441600489,-0.312140816885677,-0.312199255694146,-0.31226285489814,-0.312331709047699,-0.312405910266902,-0.312485548152152,-0.312570709672641,-0.312661479073147,-0.31275793777929,-0.312860164305417,-0.312968234165207,-0.313082219785149,-0.313202190420995,-0.313328212077317,-0.313460347430272,-0.313598655753709,-0.313743192848737,-0.313894010976881,-0.314051158796897,-0.314214681305372,-0.31438461978117,-0.314561011733855,-0.31474389085621,-0.314933286980893,-0.315129226041294,-0.315331730036685,-0.315540817001722,-0.315756500980339,-0.31597879200411,-0.316207696075114,-0.316443215153325,-0.316685347148586,-0.31693408591716,-0.317189421262924,-0.317451338943205,-0.3177198206793,-0.317994844171669,-0.318276383119821,-0.31856440724683,-0.318858882328509,-0.31915977022719,-0.319467028930092,-0.319780612592246,-0.320100471583921,-0.320426552542483,-0.320758798428622,-0.321097148586902,-0.32144153881056,-0.321791901410507,-0.322148165288431,-0.322510256013924,-0.322878095905522,-0.32325160411558,-0.323630696718849,-0.324015286804642,-0.324405284572496,-0.3248005974312,-0.325201130101081,-0.325606784719412,-0.32601746094879,-0.326433056088328,-0.326853465187535,-0.327278581162738,-0.327708294915896,-0.328142495455659,-0.328581070020483,-0.329023904203673,-0.329470882080179,-0.329921886334955,-0.330376798392718,-0.330835498548926,-0.331297866101771,-0.331763779485032,-0.332233116401651,-0.332705753957853,-0.333181568797598,-0.333660437237185,-0.33414223539981,-0.334626839349933,-0.335114125227263,-0.33560396938015,-0.336096248498182,-0.336590839743836,-0.337087620882982,-0.33758647041411,-0.338087267696068,-0.338589893074108,-0.339094228004088,-0.339600155174669,-0.340107558627334,-0.340616323874032,-0.341126338012316,-0.341637489837792,-0.342149669953741,-0.342662770877753,-0.343176687145204,-0.343691315409453,-0.34420655453865,-0.344722305709011,-0.345238472494418,-0.345754960952216,-0.346271679705078,-0.34678854001882,-0.347305455876068,-0.347822344045698,-0.348339124147908,-0.34885571871486,-0.349372053246754,-0.349888056263274,-0.350403659350327,-0.350918797201987,-0.351433407657597,-0.351947431733981,-0.352460813652723,-0.352973500862453,-0.353485444056114,-0.353996597183177,-0.354506917456753,-0.35501636535561,-0.355524904621096,-0.356032502248983,-0.356539128476231,-0.357044756762679,-0.357549363767664,-0.358052929321582,-0.358555436392414,-0.359056871047213,-0.359557222408618,-0.360056482606482,-0.360554646724646,-0.361051712742947,-0.361547681474524,-0.362042556498534,-0.362536344088323,-0.363029053135157,-0.363520695067582,-0.364011283766518,-0.36450083547619,-0.36498936871104,-0.365476904158738,-0.365963464579441,-0.366449074701457,-0.366933761113427,-0.367417552153165,-0.367900477793298,-0.368382569523847,-0.368863860231949,-0.369344384078834,-0.369824176374227,-0.370303273448326,-0.370781712521569,-0.371259531572366,-0.371736769202964,-0.372213464503617,-0.372689656915242,-0.373165386090753,-0.373640691755265,-0.374115613565336,-0.374590190967467,-0.375064463056022,-0.375538468430805,-0.37601224505442,-0.376485830109634,-0.37695925985695,-0.377432569492602,-0.377905793007136,-0.378378963044803,-0.378852110763961,-0.379325265698707,-0.379798455621944,-0.380271706410069,-0.3807450419095,-0.381218483805222,-0.381692051491496,-0.382165761944943,-0.382639629600206,-0.383113666228371,-0.383587880818303,-0.384062279461079,-0.384536865237703,-0.385011638110276,-0.385486594816799,-0.385961728769734,-0.38643702995853,-0.386912484856253,-0.387388076330452,-0.387863783558409,-0.388339581946878,-0.388815443056488,-0.389291334530915,-0.389767220030938,-0.390243059173486,-0.390718807475762,-0.391194416304599,-0.391669832831144,-0.392144999990951,-0.392619856449569,-0.393094336573673,-0.393568370407813,-0.394041883656869,-0.394514797674218,-0.394987029455703,-0.395458491639438,-0.395929092511478,-0.396398736017372,-0.396867321779625,-0.397334745121065,-0.397800897094148,-0.398265664516178,-0.398728930010443,-0.399190572053232,-0.399650465026681,-0.400108479277399,-0.400564481180841,-0.401018333211375,-0.401469894017999,-0.401919018505633,-0.402365557921872,-0.402809359949155,-0.403250268802227,-0.40368812533079,-0.404122767127251,-0.404554028639449,-0.404981741288221,-0.405405733589661,-0.405825831281963,-0.406241857456683,-0.406653632694269,-0.407060975203688,-0.407463700965993,-0.407861623881622,-0.408254555921273,-0.408642307280173,-0.409024686535593,-0.409401500807405,-0.409772555921464,-0.410137656575613,-0.410496606508095,-0.410849208668134,-0.411195265388482,-0.411534578559675,-0.411866949805771,-0.412192180661376,-0.412510072749734,-0.412820427961637,-0.41312304863489,-0.413417737734068,-0.41370429903031,-0.413982537280893,-0.414252258408333,-0.414513269678765,-0.414765379879365,-0.415008399494575,-0.4152421408809,-0.415466418439977,-0.41568104878969,-0.415885850933065,-0.416080646424684,-0.416265259534371,-0.416439517407905,-0.416603250224493,-0.416756291350817,-0.416898477491398,-0.417029648835043,-0.417149649197138,-0.417258326157523,-0.417355531193756,-0.417441119809549,-0.417514951658202,-0.417576890660875,-0.417626805119424,-0.417664567823617,-0.417690056152507,-0.417703152169817,-0.417703742713167,-0.417691719476943,-0.417666979088703,-0.417629423178921,-0.41757895844389,-0.417515496701642,-0.417438954940785,-0.417349255362123,-0.417246325412966,-0.417130097814032,-0.417000510578841,-0.416857507025559,-0.416701035781196,-0.416531050778115,-0.416347511242835,-0.416150381677101,-0.415939631831178,-0.415715236669327,-0.415477176327472,-0.415225436063038,-0.414960006196999,-0.414680882048191,-0.41438806385988,-0.414081556718638,-0.413761370465624,-0.413427519600327,-0.413080023176854,-0.412718904692864,-0.412344191971259,-0.411955917034746,-0.411554115973398,-0.411138828805358,-0.410710099330846,-0.41026797497961,-0.409812506652002,-0.409343748553855,-0.408861758025374,-0.408366595364257,-0.407858323643247,-0.40733700852235,-0.406802718055942,-0.406255522494994,-0.405695494084653,-0.405122706857447,-0.404537236422357,-0.403939159750016,-0.403328554954339,-0.402705501070871,-0.402070077832159,-0.401422365440453,-0.400762444338062,-0.400090394975689,-0.399406297579094,-0.398710231914359,-0.39800227705211,-0.397282511130997,-0.396551011120755,-0.395807852585162,-0.395053109445252,-0.394286853743124,-0.393509155406708,-0.392720082015837,-0.39191969856995,-0.391108067257793,-0.390285247229434,-0.389451294370881,-0.388606261081666,-0.387750196055757,-0.386883144066136,-0.386005145753379,-0.385116237418572,-0.384216450820886,-0.383305812980132,-0.38238434598462,-0.381452066804652,-0.380508987111927,-0.379555113105166,-0.378590445342197,-0.377614978578838,-0.37662870161485,-0.375631597147238,-0.374623641631164,-0.373604805148728,-0.37257505128584,-0.371534337017432,-0.370482612601233,-0.369419821480317,-0.368345900194623,-0.367260778301681,-0.366164378306735,-0.365056615602426,-0.363937398418196,-0.362806627779547,-0.361664197477277,-0.360509994046838,-0.359343896757949,-0.358165777614569,-0.35697550136531,-0.355772925524365,-0.354557900403014,-0.353330269151747,-0.352089867813032,-0.350836525384767,-0.349570063894467,-0.348290298484141,-0.346997037505874,-0.345690082628092,-0.344369228952461,-0.343034265141383,-0.341684973555988,-0.340321130404547,-0.338942505901214,-0.337548864434988,-0.336139964748809,-0.334715560128685,-0.333275398602669,-0.331819223149528,-0.330346771916935,-0.328857778448984,-0.327351971922833,-0.325829077394288,-0.324288816052104,-0.322730905480814,-0.321155059931779,-0.319560990602265,-0.317948405922245,-0.3163170118487,-0.314666512167168,-0.312996608800213,-0.311307002122526,-0.309597391282358,-0.307867474528962,-0.306116949545707,-0.304345513788503,-0.302552864829225,-0.300738700703811,-0.298902720264636,-0.297044623536809,-0.295164112077999,-0.29326088934143,-0.29133466104167,-0.28938513552282,-0.287412024128742,-0.285415041574932,-0.283393906321622,-0.281348340947737,-0.27927807252531,-0.277182832993937,-0.275062359534862,-0.272916394944295,-0.270744688005532,-0.268546993859491,-0.266323074373216,-0.264072698505979,-0.261795642672563,-0.25949169110331,-0.257160636200562,-0.254802278891055,-0.252416428973881,-0.250002905463608,-0.2475615369282,-0.245092161821316,-0.2425946288086,-0.240068797087567,-0.237514536700713,-0.234931728841488,-0.232320266152798,-0.229680053017669,-0.227011005841715,-0.224313053327074,-0.221586136737479,-0.218830210154127,-0.216045240722034,-0.213231208886574,-0.210388108619886,-0.207515947636876,-0.204614747600542,-0.20168454431635,-0.198725387915424,-0.195737343026305,-0.192720488935037,-0.18967491973338,-0.186600744454937,-0.183498087198989,-0.18036708724185,-0.177207899135572,-0.174020692793859,-0.17080565356504,-0.167562982291986,-0.164292895358849,-0.160995624724548,-0.157671417942879,-0.154320538169186,-0.150943264153518,-0.147539890220233,-0.144110726234022,-0.140656097552309,-0.137176344964054,-0.133671824614962,-0.130142907919139,-0.126589981457242,-0.12301344686115,-0.119413720685257,-0.115791234264447,-0.112146433558867,-0.108479778985602,-0.104791745237373,-0.101082821088417,-0.0973535091877061,-0.0936043258396622,-0.0898358007725536,-0.0860484768947655,-0.0822429100391447,-0.0784196686956459,-0.0745793337325146,-0.070722498106253,-0.0668497665606231,-0.0629617553149475,-0.0590590917419863,-0.0551424140356761,-0.0512123708690254,-0.0472696210424798,-0.0433148331230796,-0.0393486850747385,-0.0353718638799758,-0.0313850651534422,-0.0273889927475935,-0.0233843583508748,-0.0193718810787821,-0.0153522870581736,-0.0113263090052115,-0.00729468579731815,-0.00325816203953759,0.000782512374302242,0.00482658270522859,0.00887328981716048,0.0129218706289366,0.0169715585699253,0.021021584038804,0.0250711748650964,0.0291195567730513,0.0331659538474449,0.0372095890008892,0.0412496844422296,0.0452854621456172,0.0493161443198355,0.0533409538774653,0.0573591149034744,0.0613698531228262,0.065372396366694,0.0693659750368704,0.0733498225679692,0.0773231758870245,0.0812852758700938,0.0852353677954717,0.0891727017931281,0.0930965332899882,0.0970061234506856,0.100900739613417,0.104779655720529,0.108642152743481,0.112487519101832,0.11631505107593,0.120124053212931,0.123913838725848,0.127683729885295,0.13143305840362,0.135161165811108,0.13886740382399,0.142551134703949,0.146211731608881,0.149848578934611,0.153461072647333,0.157048620606508,0.160610642878013,0.164146572037315,0.167655853462427,0.171137945616454,0.174592320319514,0.178018463009882,0.181415872994157,0.184784063686304,0.188122562835425,0.191430912742118,0.194708670463293,0.197955408005315,0.201170712505381,0.20435418640104,0.20750544758776,0.210624129564455,0.213709881566928,0.216762368689161,0.219781271992447,0.222766288602317,0.225717131793278,0.22863353106132,0.231515232184227,0.234361997269699,0.237173604791304,0.23994984961232,0.242690542997534,0.245395512613004,0.24806460251387,0.250697673120284,0.253294601181562,0.255855279728671,0.258379618015147,0.260867541446575,0.263318991498736,0.265733925624566,0.268112317150097,0.270454155159524,0.272759444369599,0.275028204993519,0.277260472594473,0.27945629792908,0.281615746780903,0.283738899784247,0.28582585223845,0.287876713912924,0.289891608843129,0.291870675117748,0.293814064657289,0.295721942984367,0.297594488985907,0.299431894667517,0.301234364900329,0.303002117160554,0.304735381262014,0.30643439908194,0.308099424280294,0.309730722012903,0.311328568638722,0.312893251421498,0.314425068226166,0.315924327210244,0.317391346510515,0.318826453925299,0.320229986592654,0.321602290664827,0.32294372097925,0.324254640726399,0.325535421114803,0.32678644103351,0.328008086712303,0.329200751379995,0.330364834921061,0.331500743530945,0.332608889370348,0.333689690218838,0.33474356912803,0.335770954074649,0.336772277613772,0.33774797653248,0.33869849150421,0.339624266744106,0.340525749665653,0.341403390538849,0.342257642150199,0.343088959464804,0.343897799290807,0.344684619946446,0.345449880929976,0.346194042592726,0.346917565815505,0.347620911688612,0.348304541195671,0.348968914901511,0.349614492644314,0.350241733232208,0.350851094144553,0.351443031238083,0.352017998458114,0.352576447555008,0.35311882780608,0.353645585743129,0.354157164885737,0.35465400548045,0.355136544246029,0.35560521412489,0.356060444040857,0.356502658663346,0.356932278178138,0.35734971806483,0.35775538888109,0.358149696053815,0.35853303967728,0.358905814318358,0.359268408828878,0.359621206165206,0.359964583215101,0.360298910631928,0.360624552676265,0.360941867064931,0.361251204827448,0.361552910169981,0.361847320346767,0.362134765539055,0.362415568741571,0.362690045656488,0.362958504594893,0.363221246385736,0.363478564292244,0.363730743935771,0.363978063227071,0.364220792304976,0.364459193482417,0.364693521199749,0.364924021985316,0.365150934423175,0.365374489127906,0.365594908726423,0.36581240784671,0.366027193113397,0.366239463150135,0.366449408588664,0.366657212084471,0.366863048338928,0.367067084127803,0.367269478336045,0.367470381998736,0.36766993834812,0.367868282866581,0.368065543345444,0.36826183994948,0.368457285286959,0.368651984485153,0.368846035271143,0.369039528057791,0.369232546034766,0.369425165264449,0.369617454782592,0.369809476703568,0.370001286330091,0.370192932267274,0.370384456540865,0.370575894719467,0.370767276040628,0.370958623540627,0.371149954187828,0.371341279019455,0.371532603281622,0.371723926572432,0.371915242988014,0.372106541271323,0.372297804963567,0.372489012558095,0.372680137656633,0.372871149127681,0.373062011266914,0.373252683959431,0.373443122843688,0.373633279476991,0.373823101502338,0.37401253281647,0.374201513738963,0.374389981182237,0.37457786882236,0.374765107270489,0.374951624244794,0.375137344742728,0.375322191213516,0.375506083730682,0.375688940164457,0.375870676353938,0.376051206278879,0.376230442230951,0.376408294984353,0.376584673965635,0.376759487422578,0.376932642592024,0.377104045866521,0.377273602959673,0.377441219070023,0.377606799043326,0.377770247533106,0.377931469159413,0.378090368665653,0.378246851073369,0.378400821834884,0.378552186983734,0.37870085328276,0.378846728369766,0.378989720900621,0.379129740689749,0.379266698847889,0.379400507917022,0.379531082002402,0.379658336901574,0.379782190230323,0.379902561545474,0.380019372464499,0.380132546781842,0.380242010581873,0.380347692348442,0.380449523070965,0.380547436346974,0.380641368481072,0.380731258580222,0.380817048645338,0.380898683659144,0.380976111670274,0.381049283873528,0.381118154686232,0.3811826818207,0.381242826352749,0.381298552786279,0.381349829113879,0.381396626873456,0.381438921200866,0.381476690878504,0.381509918379845,0.381538589909918,0.381562695441712,0.38158222874851,0.381597187432152,0.381607572947256,0.381613390621401,0.38161464967127,0.381611363214772,0.381603548279118,0.381591225804873,0.381574420646035,0.381553161566194,0.38152748123077,0.381497416195348,0.381463006890132,0.381424297600533,0.381381336443955,0.381334175342796,0.381282869993726,0.381227479833247,0.381168067999595,0.38110470129101,0.381037450120457,0.380966388466829,0.380891593822707,0.38081314713875,0.380731132764764,0.380645638387505,0.380556754965246,0.380464576659185,0.380369200761751,0.380270727621882,0.380169260567329,0.380064905824071,0.379957772432945,0.379847972163582,0.379735619425746,0.379620831178127,0.379503726834649,0.37938442816835,0.379263059212917,0.37913974616195,0.37901461726608,0.37888780272802,0.378759434595657,0.378629646653226,0.378498574310703,0.378366354491507,0.378233125518625,0.378099026999246,0.377964199707956,0.377828785468616,0.377692927034994,0.377556767970255,0.37742045252541,0.377284125516801,0.377147932202732,0.377012018159325,0.37687652915572,0.376741611028705,0.376607409556895,0.376474070334589,0.376341738645375,0.376210559335594,0.37608067668777,0.375952234294088,0.375825374930037,0.375700240428303,0.375576971553014,0.375455707874426,0.375336587644153,0.375219747671012,0.375105323197603,0.374993447777703,0.374884253154575,0.374777869140334,0.374674423496434,0.37457404181538,0.374476847403731,0.374382961166509,0.374292501493106,0.37420558414476,0.374122322143714,0.374042825664165,0.373967201925096,0.373895555085054,0.373827986138997,0.373764592817269,0.37370546948677,0.373650707054396,0.37360039287286,0.373554610648927,0.373513440354177,0.373476958138362,0.373445236245453,0.373418342932413,0.373396342390791,0.373379294671194,0.373367255610695,0.373360276763254,0.373358405333238,0.373361684112086,0.373370151418143,0.373383841039714,0.373402782181425,0.373426999413965,0.373456512627219,0.373491336986852,0.373531482894407,0.373576955950955,0.373627756924336,0.373683881720005,0.373745321355547,0.373812061938906,0.373884084650315,0.373961365727974,0.37404387645748,0.374131583165044,0.374224447214518,0.374322425008234,0.374425467991653,0.374533522661849,0.374646530579836,0.374764428386712,0.374887147823643,0.375014615755682,0.375146754199413,0.375283480354447,0.375424706638738,0.375570340727691,0.375720285597038,0.37587443956944,0.376032696364808,0.376194945154329,0.376361070618199,0.376530953007017,0.376704468206793,0.376881487807486,0.377061879175046,0.377245505526899,0.377432226010835,0.377621895787229,0.377814366114546,0.378009484438092,0.378207094481938,0.378407036343954,0.37860914659384,0.378813258374125,0.379019201504058,0.379226802586272,0.379435885116147,0.379646269593781,0.379857773638457,0.380070212105496,0.380283397205392,0.380497138625185,0.380711243651968,0.380925517298424,0.381139762430285,0.381353779895616,0.381567368655797,0.381780325918135,0.381992447269992,0.382203526814286,0.382413357306245,0.38262173029129,0.382828436243928,0.383033264707545,0.383236004434943,0.383436443529532,0.383634369587035,0.383829569837572,0.384021831287961,0.384210940864135,0.38439668555351,0.384578852547179,0.384757229381816,0.384931604081169,0.385101765296988,0.385267502449242,0.385428605865512,0.385584866919475,0.385736078168331,0.385882033489018,0.386022528213102,0.38615735926021,0.386286325269846,0.386409226731458,0.386525866112652,0.386636047985438,0.386739579150388,0.386836268758595,0.386925928431336,0.387008372377315,0.387083417507297,0.387150883546027,0.387210593141352,0.387262371970419,0.387306048842873,0.38734145580094,0.387368428216342,0.387386804883931,0.387396428111971,0.387397143808987,0.387388801567064,0.387371254741561,0.387344360527134,0.387307980030007,0.387261978336417,0.387206224577153,0.387140591988169,0.387064957967219,0.386979204126456,0.38688321634094,0.386776884793034,0.386660104012634,0.386532772913204,0.386394794823601,0.386246077515663,0.386086533227568,0.385916078682987,0.385734635105993,0.385542128231713,0.385338488312745,0.385123650121344,0.384897552947408,0.384660140592236,0.384411361358138,0.384151168033904,0.383879517876146,0.383596372586573,0.383301698285264,0.382995465479969,0.38267764903147,0.382348228115102,0.382007186178498,0.381654510895633,0.381290194117245,0.380914231817697,0.380526624038322,0.380127374827332,0.379716492176427,0.379293987954172,0.378859877836273,0.378414181232799,0.377956921212494,0.377488124424243,0.377007821015797,0.376516044549894,0.376012831917897,0.375498223251069,0.374972261829579,0.374434993989354,0.373886469026911,0.373326739102317,0.372755859140367,0.372173886730105,0.37158088202278,0.370976907628399,0.370362028511013,0.369736311882878,0.369099827097589,0.368452645542327,0.367794840529367,0.367126487186989,0.366447662349965,0.365758444449731,0.365058913404378,0.364349150508573,0.363629238323529,0.362899260567175,0.36215930200464,0.361409448339166,0.360649786103571,0.359880402552388,0.359101385554795,0.358312823488422,0.357514805134175,0.356707419572204,0.355890756079133,0.355064904026634,0.354229952781427,0.35338599160682,0.352533109565884,0.351671395426373,0.350800937567451,0.349921823888319,0.349034141718825,0.348137977732119,0.34723341785944,0.346320547207119,0.345399449975872,0.344470209382448,0.343532907583675,0.342587625602955,0.341634443259288,0.340673439098853,0.339704690329199,0.338728272756074,0.337744260722938,0.336752727053201,0.335753742995213,0.334747378170034,0.333733700521967,0.332712776271901,0.331684669873464,0.330649443972018,0.329607159366509,0.328557874974169,0.327501647798076,0.326438532897542,0.325368583361337,0.324291850283728,0.323208382743334,0.322118227784764,0.321021430402998,0.319918033530515,0.318808078027146,0.317691602672649,0.316568644161942,0.315439237102955,0.314303414017052,0.313161205341998,0.31201263943741,0.310857742592641,0.30969653903703,0.308529050952475,0.307355298488299,0.30617529977835,0.30498907096029,0.303796626197017,0.302597977700138,0.301393135755427,0.30018210875023,0.298964903202785,0.297741523793404,0.296511973397448,0.295276253120007,0.294034362332181,0.292786298708859,0.291532058267969,0.290271635411136,0.289005022965706,0.287732212228085,0.286453193008336,0.285167953675933,0.28387648120659,0.282578761230127,0.281274778079285,0.279964514839462,0.278647953399256,0.277325074501758,0.275995857796545,0.274660281892309,0.273318324410044,0.271969962036729,0.270615170579451,0.269253925019929,0.267886199569372,0.266511967723578,0.265131202318212,0.263743875584233,0.262349959203409,0.260949424363871,0.259542241815624,0.258128381925958,0.256707814734726,0.255280510009474,0.253846437300361,0.252405565994804,0.250957865371793,0.249503304655874,0.248041853070749,0.246573479892463,0.245098154502157,0.243615846438337,0.242126525448611,0.240630161540865,0.239126725033856,0.237616186607197,0.236098517350696,0.234573688813048,0.233041673049846,0.231502442670893,0.229955970886789,0.228402231554743,0.2268411992236,0.225272849178057,0.223697157482079,0.222114101021505,0.220523657545822,0.218925805709112,0.217320525110138,0.215707796331558,0.214087600978263,0.212459921714861,0.210824742302265,0.209182047633376,0.207531823767888,0.2058740579662,0.204208738722471,0.202535855796793,0.20085540024647,0.199167364456408,0.197471742168614,0.195768528510821,0.194057720024223,0.192339314690324,0.190613311956899,0.188879712763072,0.187138519563523,0.185389736351813,0.183633368682827,0.181869423694388,0.180097910128029,0.178318838348925,0.17653222036498,0.17473806984506,0.172936402136382,0.171127234281046,0.169310585031751,0.167486474866669,0.165654926003515,0.16381596241278,0.161969609830155,0.160115895768138,0.158254849526841,0.156386502203967,0.154510886703986,0.152628037746523,0.150737991873944,0.148840787458151,0.146936464706578,0.145025065667378,0.143106634233796,0.141181216147729,0.139248859002475,0.13730961224466,0.135363527175345,0.133410656950329,0.131451056579626,0.12948478292611,0.127511894703358,0.12553245247266,0.123546518639229,0.121554157447582,0.119555434976116,0.117550419130841,0.115539179638302,0.113521788037647,0.111498317671872,0.109468843678223,0.107433442977766,0.105392194264113,0.103345177991307,0.101292476360846,0.0992341733078588,0.0971703544864087,0.0951011072539512,0.0930265206549297,0.090946685403518,0.0888616938655025,0.0867716400393029,0.0846766195361288,0.082576729559274,0.0804720688825459,0.0783627378278283,0.0762488382417894,0.0741304734717374,0.0720077483406198,0.0698807691211727,0.0677496435092214,0.0656144805961423,0.0634753908405025,0.0613324860388782,0.0591858792958569,0.0570356849932365,0.0548820187584361,0.0527249974321224,0.0505647390350636,0.0484013627342256,0.0462349888081274,0.0440657386114685,0.0418937345390429,0.0397190999889586,0.0375419593251764,0.0353624378393889,0.0331806617122561,0.0309967579740163,0.0288108544644971,0.0266230797925454,0.0244335632949002,0.0222424349945324,0.0200498255584791,0.0178558662551968,0.0156606889114591,0.0134644258688252,0.0112672099397071,0.00906917436306492,0.00687045275975934,0.00467117908759019,0.00247148759605311,0.000271512780845196,-0.0019286106618474,-0.00412874788124749,-0.0063287639180372,-0.00852852375052688,-0.0107278923409077,-0.0129267346815535,-0.015124915841338,-0.0173223010119311,-0.0195187555540391,-0.0217141450435517,-0.0239083353175612,-0.0261011925202131,-0.0282925831483521,-0.0304823740969264,-0.0326704327041138,-0.0348566267961325,-0.0370408247316943,-0.039222895446065,-0.0414027084946956,-0.0435801340963868,-0.0457550431759514,-0.0479273074063342,-0.0500967992501505,-0.0522633920006114,-0.0544269598217981,-0.0565873777882503,-0.0587445219238326,-0.060898269239844,-0.0630484977723371,-0.0651950866186108,-0.0673379159728425,-0.069476867160824,-0.0716118226737669,-0.0737426662011502,-0.0758692826625726,-0.0779915582385786,-0.080109380400431,-0.0822226379387978,-0.0843312209913157,-0.0864350210690005,-0.0885339310814839,-0.0906278453610527,-0.0927166596854651,-0.0948002712995142,-0.0968785789353084,-0.0989514828312466,-0.101018884749671,-0.103080687993172,-0.10513679741953,-0.107187119455259,-0.109231562107747,-0.111270034975953,-0.113302449259665,-0.115328717767282,-0.117348754922132,-0.1193624767673,-0.121369800968954,-0.123370646818171,-0.125364935231244,-0.127352588748453,-0.129333531531316,-0.131307689358308,-0.133274989619039,-0.135235361306891,-0.13718873501011,-0.139135042901366,-0.14107421872577,-0.143006197787332,-0.144930916933875,-0.146848314540392,-0.148758330490877,-0.150660906158612,-0.15255598438496,-0.154443509456626,-0.156323427081425,-0.158195684362542,-0.160060229771312,-0.161917013118541,-0.16376598552437,-0.165607099386721,-0.167440308348329,-0.169265567262404,-0.171082832156927,-0.172892060197613,-0.17469320964956,-0.176486239837609,-0.178271111105451,-0.180047784773504,-0.181816223095628,-0.183576389214698,-0.185328247117075,-0.187071761586007,-0.188806898154002,-0.190533623054222,-0.192251903170937,-0.193961705989078,-0.195662999542929,-0.197355752364022,-0.199039933428287,-0.200715512102477,-0.202382458089946,-0.204040741375823,-0.205690332171656,-0.207331200859572,-0.208963317936028,-0.210586653955192,-0.212201179472021,-0.213806864985093,-0.215403680879278,-0.216991597368304,-0.218570584437294,-0.220140611785333,-0.22170164876812,-0.223253664340768,-0.224796627000853,-0.226330504731787,-0.227855264946599,-0.229370874432219,-0.230877299294329,-0.232374504902838,-0.233862455838074,-0.235341115837763,-0.236810447744883,-0.238270413456474,-0.239720973873516,-0.241162088851918,-0.242593717154683,-0.244015816405363,-0.245428343042875,-0.246831252277779,-0.24822449805007,-0.249608032988578,-0.250981808372055,-0.25234577409206,-0.25369987861768,-0.255044068962171,-0.25637829065161,-0.257702487695639,-0.259016602560368,-0.260320576143511,-0.261614347751826,-0.262897855080914,-0.264171034197471,-0.265433819524026,-0.266686143826257,-0.267927938202946,-0.269159132078617,-0.270379653198961,-0.271589427629067,-0.272788379754515,-0.273976432285339,-0.275153506262937,-0.276319521069953,-0.277474394443212,-0.278618042489728,-0.279750379705844,-0.280871318999487,-0.28198077171559,-0.283078647664709,-0.284164855154853,-0.285239301026557,-0.286301890691201,-0.287352528172585,-0.288391116151797,-0.289417556015353,-0.290431747906609,-0.291433590780426,-0.292422982461073,-0.293399819703357,-0.294363998256975,-0.295315412934049,-0.296253957679795,-0.297179525646328,-0.298092009269567,-0.298991300349194,-0.299877290131658,-0.300749869396173,-0.301608928543662,-0.302454357688567,-0.303286046753443,-0.304103885566281,-0.304907763960512,-0.305697571877604,-0.306473199472186,-0.307234537219601,-0.307981476025797,-0.30871390733951,-0.309431723266609,-0.310134816686485,-0.310823081370388,-0.311496412101636,-0.312154704797596,-0.312797856633333,-0.313425766166796,-0.314038333465443,-0.314635460234161,-0.315217049944377,-0.315783007964227,-0.316333241689631,-0.316867660676186,-0.317386176771731,-0.317888704249469,-0.318375159941507,-0.318845463372708,-0.319299536894678,-0.319737305819775,-0.320158698554964,-0.320563646735405,-0.320952085357595,-0.321323952911932,-0.321679191514565,-0.322017747038414,-0.322339569243169,-0.322644611904145,-0.322932832939844,-0.323204194538068,-0.323458663280426,-0.323696210265115,-0.323916811227841,-0.324120446660736,-0.324307101929129,-0.324476767386043,-0.324629438484253,-0.324765115885769,-0.324883805568624,-0.324985518930827,-0.325070272891387,-0.325138089988252,-0.32518899847307,-0.325223032402626,-0.32524023172683,-0.325240642373125,-0.325224316327243,-0.325191311710166,-0.325141692851189,-0.325075530356978,-0.324992901176515,-0.324893888661829,-0.324778582624395,-0.324647079387147,-0.324499481831998,-0.324335899442826,-0.324156448343822,-0.32396125133311,-0.323750437911543,-0.32352414430664,-0.323282513491592,-0.323025695199277,-0.322753845931244,-0.322467128961627,-0.322165714335958,-0.321849778864822,-0.321519506112336,-0.321175086379375,-0.320816716681563,-0.320444600721983,-0.320058948858551,-0.319659978066074,-0.319247911892992,-0.31882298041278,-0.31838542017001,-0.317935474121059,-0.317473391569455,-0.316999428095921,-0.316513845483105,-0.316016911635002,-0.315508900491094,-0.314990091935269,-0.314460771699548,-0.313921231262666,-0.313371767743557,-0.312812683789732,-0.312244287460627,-0.311666892105953,-0.31108081623913,-0.310486383405863,-0.309883922047915,-0.309273765362159,-0.308656251154946,-0.308031721691912,-0.307400523543278,-0.306763007424757,-0.306119528034118,-0.305470443883508,-0.304816117127646,-0.304156913387989,-0.303493201572943,-0.302825353694227,-0.302153744679495,-0.301478752181331,-0.30080075638272,-0.300120139799097,-0.299437287077112,-0.29875258479023,-0.298066421231295,-0.297379186202202,-0.296691270800785,-0.296003067205044,-0.295314968454878,-0.294627368231444,-0.293940660634263,-0.293255239956239,-0.292571500456738,-0.291889836132853,-0.291210640489008,-0.290534306305045,-0.289861225402935,-0.289191788412259,-0.288526384534624,-0.287865401307161,-0.287209224365234,-0.286558237204552,-0.285912820942851,-0.285273354081335,-0.284640212266012,-0.284013768049076,-0.283394390650504,-0.28278244572003,-0.282178295099623,-0.281582296586651,-0.280994803697906,-0.280416165434643,-0.27984672604879,-0.279286824810472,-0.278736795777048,-0.278196967563823,-0.27766766311658,-0.277149199486092,-0.276641887604814,-0.276146032065887,-0.275661930904624,-0.275189875382673,-0.27473014977501,-0.274283031159946,-0.273848789212283,-0.273427685999757,-0.273019975782924,-0.272625904818645,-0.27224571116731,-0.271879624504006,-0.271527865933745,-0.271190647810894,-0.27086817356298,-0.270560637519018,-0.270268224742531,-0.26999111086939,-0.269729461950629,-0.269483434300347,-0.269253174348831,-0.269038818501029,-0.268840493000513,-0.268658313799067,-0.26849238643204,-0.268342805899606,-0.268209656554047,-0.26809301199316,-0.267992934959914,-0.267909477248428,-0.267842679616377,-0.267792571703939,-0.267759171959428,-0.267742487571673,-0.267742514409274,-0.267759236966769,-0.267792628317811,-0.267842650075432,-0.267909252359468,-0.267992373771237,-0.268091941375518,-0.268207870689894,-0.26834006568152,-0.268488418771355,-0.268652810845895,-0.268833111276438,-0.269029177945928,-0.269240857283432,-0.269467984306248,-0.26971038266967,-0.269967864724408,-0.270240231581687,-0.270527273185986,-0.270828768395462,-0.271144485070054,-0.271474180167217,-0.271817599845278,-0.272174479574393,-0.272544544255074,-0.272927508344224,-0.273323075988623,-0.273730941165821,-0.274150787832392,-0.274582290079492,-0.275025112295659,-0.275478909336778,-0.275943326703127,-0.276418000723426,-0.276902558745789,-0.277396619335447,-0.277899792479167,-0.2784116797962,-0.278931874755662,-0.279459962900234,-0.279995522076029,-0.280538122668525,-0.281087327844428,-0.281642693799293,-0.282203770010738,-0.282770099497101,-0.283341219081365,-0.283916659660172,-0.284495946477762,-0.285078599404654,-0.285664133220897,-0.286252057903687,-0.286841878919151,-0.287433097518082,-0.288025211035447,-0.288617713193432,-0.289210094407833,-0.289801842097549,-0.290392440996983,-0.290981373471116,-0.291568119833021,-0.292152158663585,-0.292732967133208,-0.293310021325236,-0.293882796560871,-0.294450767725327,-0.295013409595015,-0.295570197165466,-0.296120605979728,-0.29666411245702,-0.297200194221401,-0.297728330430199,-0.298248002101935,-0.298758692443491,-0.29925988717624,-0.299751074860905,-0.300231747220861,-0.300701399463657,-0.301159530600501,-0.301605643763443,-0.302039246520018,-0.302459851185059,-0.302866975129478,-0.303260141085757,-0.303638877449918,-0.304002718579676,-0.30435120508854,-0.304683884135658,-0.305000309711213,-0.305300042917109,-0.305582652242773,-0.305847713835825,-0.30609481176739,-0.306323538291823,-0.306533494100646,-0.306724288570499,-0.306895540004912,-0.307046875869736,-0.307177933022065,-0.307288357932441,-0.307377806900175,-0.307445946261585,-0.307492452591003,-0.307517012894359,-0.307519324795224,-0.307499096713207,-0.307456048034579,-0.307389909274953,-0.307300422233938,-0.307187340141633,-0.307050427796877,-0.306889461697135,-0.306704230159972,-0.306494533436009,-0.306260183813336,-0.30600100571332,-0.305716835777763,-0.305407522947349,-0.305072928531308,-0.304712926268302,-0.304327402378499,-0.303916255606854,-0.303479397257554,-0.303016751219639,-0.302528253983827,-0.302013854650557,-0.301473514929298,-0.300907209129138,-0.300314924140734,-0.299696659409672,-0.299052426901317,-0.298382251057181,-0.297686168742915,-0.296964229187995,-0.296216493917187,-0.295443036673931,-0.294643943335729,-0.293819311821671,-0.292969251992234,-0.29209388554148,-0.291193345881778,-0.290267778021183,-0.28931733843365,-0.288342194922238,-0.287342526475461,-0.286318523116942,-0.285270385748539,-0.284198325987121,-0.283102565995183,-0.281983338305493,-0.280840885639954,-0.279675460722856,-0.278487326088712,-0.277276753884898,-0.27604402566928,-0.274789432203043,-0.273513273238938,-0.272215857305142,-0.270897501484925,-0.269558531192353,-0.268199279944255,-0.266820089128653,-0.265421307769868,-0.26400329229054,-0.262566406270785,-0.261111020204702,-0.259637511254437,-0.258146263002025,-0.256637665199223,-0.25511211351554,-0.253570009284685,-0.252011759249644,-0.250437775306593,-0.248848474247865,-0.247244277504172,-0.245625610886287,-0.243992904326366,-0.242346591619122,-0.240687110163035,-0.239014900701819,-0.237330407066307,-0.235634075916938,-0.23392635648705,-0.232207700327139,-0.230478561050268,-0.228739394078774,-0.226990656392448,-0.225232806278372,-0.223466303082577,-0.221691606963639,-0.219909178648384,-0.218119479189802,-0.216322969727355,-0.214520111249814,-0.212711364360763,-0.210897189046888,-0.209078044449145,-0.207254388636937,-0.205426678385405,-0.203595368955928,-0.201760913879946,-0.199923764746189,-0.198084370991421,-0.196243179694788,-0.194400635375842,-0.192557179796321,-0.190713251765765,-0.188869286951034,-0.187025717689802,-0.185182972808066,-0.183341477441734,-0.181501652862334,-0.179663916306892,-0.177828680812039,-0.175996355052391,-0.174167343183252,-0.172342044687671,-0.170520854227859,-0.168704161501014,-0.166892351099561,-0.165085802375832,-0.163284889311193,-0.161489980389654,-0.159701438475953,-0.157919620698131,-0.156144878334578,-0.154377556705573,-0.152617995069304,-0.150866526522394,-0.149123477904903,-0.147389169709812,-0.145663915996979,-0.143948024311557,-0.142241795606853,-0.140545524171598,-0.138859497561627,-0.137183996535944,-0.135519294997155,-0.133865659936244,-0.132223351381678,-0.130592622352797,-0.128973718817496,-0.127366879654123,-0.125772336617597,-0.124190314309705,-0.122621030153546,-0.121064694372089,-0.119521509970821,-0.117991672724438,-0.116475371167554,-0.114972786589375,-0.113484093032273,-0.11200945729427,-0.110549038935346,-0.109102990287559,-0.107671456468932,-0.10625457540105,-0.104852477830316,-0.103465287352826,-0.102093120442829,-0.10073608648471,-0.0993942878084665,-0.0980678197286235,-0.096756770586526,-0.0954612217959618,-0.0941812478920641,-0.0929169165834443,-0.0916682888074976,-0.0904354187888301,-0.0892183541007538,-0.0880171357297874,-0.0868317981431041,-0.0856623693588738,-0.0845088710194494,-0.0833713184673385,-0.0822497208238976,-0.0811440810706888,-0.0800543961334414,-0.0789806569685546,-0.0779228486520788,-0.0768809504711088,-0.0758549360175238,-0.0748447732840075,-0.0738504247622808,-0.0728718475434825,-0.0719089934206367,-0.0709618089931408,-0.0700302357732094,-0.0691142102942041,-0.068213664220779,-0.0673285244607706,-0.0664587132787673,-0.0656041484112917,-0.0647647431835242,-0.0639404066274921,-0.0631310436016507,-0.0623365549117894,-0.0615568374331958,-0.0607917842340059,-0.0600412846996632,-0.0593052246584107,-0.0585834865077473,-0.0578759493417669,-0.0571824890793124,-0.0565029785928688,-0.0558372878381111,-0.0551852839840367,-0.0545468315436098,-0.0539217925048426,-0.0533100264622357,-0.0527113907485041,-0.0521257405665164,-0.0515529291213763,-0.050992807752575,-0.0504452260661351,-0.0499100320666677,-0.0493870722892693,-0.0488761919311854,-0.0483772349831662,-0.0478900443604379,-0.0474144620332155,-0.046950329156686,-0.0464974862003862,-0.0460557730769028,-0.045625029269821,-0.0452050939608503,-0.0447958061560534,-0.0443970048111088,-0.044008528955538,-0.0436302178158321,-0.0432619109374081,-0.0429034483053252,-0.0425546704636924,-0.0422154186336997,-0.0418855348302081,-0.0415648619768359,-0.0412532440194761,-0.0409505260381814,-0.0406565543573529,-0.0403711766541661,-0.0400942420651757,-0.03982560129104,-0.03956510669931,-0.0393126124252282,-0.0390679744704792,-0.0388310507998363,-0.0386017014356494,-0.0383797885501253,-0.0381651765553448,-0.0379577321909706,-0.0377573246095963,-0.0375638254596931,-0.0373771089661086,-0.0371970520080748,-0.0370235341946823,-0.0368564379377812,-0.0366956485222676,-0.0365410541737222,-0.0363925461233642,-0.0362500186702909,-0.0361133692409705,-0.0359824984459515,-0.0358573101337607,-0.0357377114419655,-0.0356236128453738,-0.035514928201355,-0.0354115747922585,-0.0353134733649097,-0.0352205481671637,-0.0351327269815012,-0.0350499411556482,-0.0349721256302111,-0.0348992189633171,-0.034831163352252,-0.0347679046520886,-0.0347093923912995,-0.0346555797843537,-0.0346064237412948,-0.0345618848743004,-0.0345219275012236,-0.0344865196461231,-0.0344556330367878,-0.0344292430992644,-0.0344073289493928,-0.0343898733813616,-0.0343768628532993,-0.0343682874699151,-0.0343641409622057,-0.0343644206642444,-0.0343691274870736,-0.0343782658897235,-0.0343918438473766,-0.034409872816704,-0.0344323676983982,-0.0344593467969315,-0.0344908317775718,-0.0345268476206854,-0.0345674225733569,-0.0346125880983603,-0.0346623788205188,-0.0347168324704926,-0.0347759898260303,-0.0348398946507245,-0.0349085936303131,-0.0349821363065694,-0.0350605750088232,-0.0351439647831596,-0.035232363319344,-0.0353258308755217,-0.0354244302007398,-0.0355282264553382,-0.0356372871292647,-0.0357516819583663,-0.0358714828387162,-0.0359967637390262,-0.0361276006112015,-0.0362640712990962,-0.0364062554455293,-0.0365542343976212,-0.0367080911105129,-0.0368679100495272,-0.037033777090839,-0.0372057794207163,-0.0373840054333997,-0.0375685446276845,-0.0377594875022738,-0.0379569254499718,-0.0381609506507829,-0.0383716559639898,-0.0385891348192838,-0.0388134811070203,-0.0390447890676678,-0.0392831531805269,-0.0395286680517932,-0.0397814283020419,-0.0400415284532061,-0.040309062815122,-0.0405841253717202,-0.0408668096669383,-0.0411572086904348,-0.0414554147631798,-0.041761519423008,-0.0420756133102151,-0.04239778605328,-0.042728126154789,-0.0430667208776423,-0.0434136561316203,-0.0437690163603952,-0.0441328844290716,-0.0445053415123329,-0.0448864669832797,-0.0452763383030383,-0.0456750309112263,-0.0460826181173529,-0.0464991709932383,-0.0469247582665297,-0.0473594462153948,-0.047803298564469,-0.0482563763821385,-0.0487187379792384,-0.0491904388092454,-0.0496715313700406,-0.0501620651073197,-0.0506620863197298,-0.0511716380658101,-0.0516907600728083,-0.0522194886474479,-0.0527578565887155,-0.0533058931027442,-0.0538636237198633,-0.0544310702138862,-0.0550082505237017,-0.0555951786772373,-0.0561918647178608,-0.0567983146332809,-0.057414530287015,-0.0580405093524827,-0.0586762452497791,-0.059321727085189,-0.059976939593494,-0.0606418630831236,-0.0613164733842007,-0.0620007417995312,-0.0626946350585893,-0.0633981152745456,-0.0641111399043754,-0.0648336617120875,-0.0655656287351094,-0.0663069842538684,-0.0670576667646037,-0.067817609955438,-0.0685867426857304,-0.0693649889687347,-0.0701522679575868,-0.0709484939346413,-0.0717535763041751,-0.0725674195884751,-0.0733899234273189,-0.0742209825808488,-0.0750604869358461,-0.0759083215154071,-0.0767643664920137,-0.0776284972039936,-0.0785005841753638,-0.0793804931390449,-0.0802680850634353,-0.0811632161823342,-0.0820657380281904,-0.0829754974686517,-0.0838923367463884,-0.0848160935221634,-0.0857466009211181,-0.086683687582236,-0.0876271777109528,-0.0885768911348635,-0.0895326433624812,-0.0904942456449938,-0.0914615050409656,-0.0924342244839281,-0.0934122028528033,-0.0943952350451018,-0.0953831120528342,-0.0963756210410774,-0.0973725454291185,-0.0983736649741003,-0.0993787558570886,-0.100387590771483,-0.101399939013698,-0.102415566576023,-0.103434236241591,-0.10445570768135,-0.105479737552945,-0.106506079601439,-0.107534484761752,-0.108564701262736,-0.109596474732797,-0.110629548306948,-0.111663662735199,-0.112698556492177,-0.113733965887856,-0.11476962517929,-0.115805266683251,-0.116840620889667,-0.11787541657574,-0.118909380920646,-0.119942239620673,-0.120973717004696,-0.122003536149861,-0.123031418997382,-0.124057086468332,-0.125080258579322,-0.126100654557921,-0.127117992957738,-0.128131991773009,-0.129142368552596,-0.130148840513276,-0.131151124652206,-0.132148937858471,-0.133141997023564,-0.134130019150701,-0.135112721462862,-0.136089821509456,-0.137061037271484,-0.138026087265092,-0.138984690643423,-0.139936567296646,-0.140881437950078,-0.141819024260267,-0.142749048908965,-0.143671235694903,-0.144585309623259,-0.145490996992736,-0.146388025480139,-0.147276124222389,-0.148155023895915,-0.149024456793319,-0.149884156897267,-0.150733859951506,-0.151573303528958,-0.152402227096836,-0.153220372078688,-0.154027481913353,-0.154823302110737,-0.155607580304384,-0.156380066300774,-0.157140512125327,-0.157888672065066,-0.158624302707925,-0.159347162978668,-0.160057014171397,-0.16075361997863,-0.161436746516942,-0.162106162349161,-0.162761638503123,-0.16340294848697,-0.164029868301022,-0.164642176446226,-0.165239653929212,-0.165822084263963,-0.166389253470167,-0.166940950068254,-0.16747696507118,-0.167997091972986,-0.16850112673417,-0.168988867763934,-0.169460115899376,-0.169914674381669,-0.170352348829317,-0.170772947208539,-0.171176279800868,-0.171562159168052,-0.17193040011435,-0.172280819646292,-0.172613236930017,-0.172927473246277,-0.173223351943228,-0.173500698387098,-0.173759339910847,-0.173999105760926,-0.174219827042261,-0.174421336661573,-0.174603469269189,-0.174766061199446,-0.174908950409845,-0.175031976419055,-0.175134980243917,-0.175217804335596,-0.175280292515027,-0.175322289907806,-0.175343642878675,-0.17534419896573,-0.175323806814536,-0.17528231611227,-0.175219577522078,-0.175135442617806,-0.175029763819247,-0.174902394328068,-0.174753188064588,-0.174581999605511,-0.174388684122802,-0.174173097323839,-0.173935095392984,-0.17367453493476,-0.173391272918746,-0.173085166626364,-0.172756073599696,-0.172403851592495,-0.172028358523529,-0.171629452432404,-0.171206991438001,-0.170760833699652,-0.170290837381203,-0.169796860618081,-0.169278761487489,-0.168736397981855,-0.168169627985628,-0.167578309255579,-0.166962299404682,-0.166321455889692,-0.16565563600251,-0.164964696865439,-0.164248495430395,-0.163506888482147,-0.162739732645667,-0.161946884397668,-0.161128200082405,-0.160283535931791,-0.159412748089879,-0.158515692641754,-0.157592225646866,-0.156642203176849,-0.155665481357816,-0.154661916417185,-0.153631364735017,-0.152573682899867,-0.151488727769128,-0.150376356533851,-0.149236426788018,-0.148068796602232,-0.146873324601808,-0.145649870049227,-0.144398292930902,-0.143118454048192,-0.141810215112616,-0.140473438845179,-0.139107989079747,-0.137713730870345,-0.136290530602314,-0.134838256107212,-0.13335677678136,-0.131845963707906,-0.13030568978229,-0.128735829840981,-0.12713626079336,-0.125506861756595,-0.123847514193366,-0.122158102052273,-0.120438511910768,-0.118688633120432,-0.116908357954431,-0.115097581756992,-0.113256203094703,-0.111384123909455,-0.109481249672832,-0.107547489541741,-0.105582756515102,-0.103586967591376,-0.101560043926734,-0.0995019109936469,-0.0974124987396884,-0.0952917417463245,-0.0931395793874901,-0.0909559559877272,-0.0887408209796631,-0.0864941290606004,-0.0842158403479978,-0.0819059205336212,-0.0795643410361513,-0.0771910791520233,-0.074786118204271,-0.0723494476891469,-0.0698810634202964,-0.0673809676702639,-0.0648491693091161,-0.0622856839399769,-0.0596905340312571,-0.0570637490453715,-0.0544053655637403,-0.0517154274078735,-0.04899398575634,-0.0462410992574295,-0.0434568341373104,-0.0406412643035061,-0.037794471443512,-0.0349165451183813,-0.0320075828511167,-0.0290676902097094,-0.0260969808846688,-0.0230955767609005,-0.0200636079837935,-0.0170012130193872,-0.0139085387084954,-0.0107857403146701,-0.00763298156589864,-0.00445043468993483,-0.00123828044317776,0.00200329186698312,0.00527408436642777,0.00857389060523316,0.0119024955553214,0.0152596756148718,0.0186451986195304,0.0220588238604407,0.0255003021091129,0.0289693756491386,0.0324657783147445,0.0359892355361731,0.0395394643918641,0.0431161736673988,0.0467190639211663,0.0503478275566977,0.0540021489016047,0.0576817042930524,0.0613861621696875,0.0651151831699344,0.068868420236549,0.0726455187273211,0.0764461165318123,0.0802698441940111,0.084116325040771,0.0879851753158847,0.0918760043196384,0.0957884145536973,0.0997220018711569,0.103676355631578,0.107651058860824,0.11164568841551,0.115659815151893,0.119693004098995,0.12374481463578,0.127814800672145,0.131902510833535,0.136007488648943,0.140129272742076,0.144267397025459,0.148421390897244,0.1525907794405,0.156775083624753,0.160973820509557,0.165186503449843,0.16941264230283,0.173651743636257,0.177903310937689,0.182166844824638,0.18644184325529,0.190727801739576,0.195024213550343,0.199330569934406,0.203646360323213,0.207971072542908,0.212304193023538,0.216645207007196,0.220993598754854,0.225348851751687,0.229710448910622,0.234077872773936,0.238450605712665,0.242828130123659,0.247209928624068,0.251595484243085,0.255984280610721,0.260375802143459,0.264769534226621,0.269164963393272,0.273561577499505,0.27795886589593,0.282356319595204,0.2867534314355,0.29114969623975,0.295544610970555,0.299937674880665,0.30432838965891,0.308716259571488,0.313100791598491,0.317481495565568,0.3218578842707,0.326229473606007,0.330595782674532,0.334956333901896,0.339310653142833,0.343658269782593,0.347998716833188,0.352331531024474,0.356656252890062,0.360972426848059,0.365279601276615,0.369577328584298,0.373865165275343,0.378142672009817,0.382409413658743,0.386664959354193,0.390908882534426,0.395140760984152,0.399360176869987,0.403566716771197,0.407759971705767,0.411939537151931,0.416105013065249,0.420256003891371,0.424392118574607,0.42851297056241,0.432618177805852,0.436707362756273,0.440780152358211,0.444836178038768,0.448875075693552,0.452896485669363,0.456900052743779,0.460885426101842,0.464852259310019,0.46880021028755,0.472728941275391,0.476638118802944,0.480527413652707,0.484396500822993,0.488245059488927,0.492072772961937,0.495879328647881,0.499664418004002,0.50342773649491,0.507168983547763,0.510887862506854,0.514584080587759,0.51825734883125,0.521907382057159,0.525533898818331,0.529136621354873,0.532715275548885,0.536269590879846,0.539799300380828,0.543304140595718,0.546783851537593,0.550238176648423,0.553666862760252,0.557069660058024,0.560446322044187,0.563796605505204,0.567120270480151,0.570417080231518,0.573686801218381,0.576929203072069,0.580144058574449,0.583331143638916,0.586490237294216,0.589621121671204,0.592723581992609,0.595797406565894,0.598842386779255,0.601858317100885,0.6048449950816,0.607802221360918,0.610729799676631,0.613627536877908,0.616495242941999,0.619332730994612,0.62213981733398,0.624916321458647,0.627662066099023,0.630376877252687,0.633060584223451,0.635713019664182,0.638334019623311,0.640923423595011,0.643481074573105,0.646006819108622,0.648500507370978,0.650961993212764,0.653391134238045,0.655787791874125,0.658151831446657,0.660483122258012,0.662781537668859,0.665046955182875,0.667279256534493,0.66947832777959,0.671644059389085,0.673776346345312,0.675875088240965,0.677940189380459,0.679971558883643,0.681969110791741,0.683932764175304,0.685862443244052,0.687758077458425,0.689619601642671,0.691446956099315,0.693240086724773,0.694998945126,0.696723488738048,0.698413680942355,0.70006949118552,0.701690895098366,0.703277874615062,0.704830418092141,0.706348520427274,0.707832183177579,0.709281414677268,0.710696230154508,0.712076651847236,0.713422709117725,0.714734438565681,0.716011884139707,0.717255097246916,0.718464136860422,0.719639069624535,0.720779969957455,0.721886920151283,0.722960010469132,0.72399933923912,0.725005012945063,0.725977146313681,0.726915862398082,0.727821292657351,0.728693577032108,0.729532864015864,0.730339310721966,0.73111308294583,0.731854355222313,0.732563310878085,0.733240142078875,0.733885049871417,0.734498244219894,0.735079944036708,0.735630377207475,0.73614978061008,0.736638400127638,0.737096490655263,0.737524316100551,0.737922149377662,0.738290272394832,0.738628976035251,0.738938560131147,0.739219333431021,0.73947161355994,0.739695726972846,0.739892008900805,0.740060803290141,0.740202462734331,0.740317348398638,0.74040582993748,0.740468285404542,0.740505101155612,0.740516671744146,0.740503399809523,0.740465695957969,0.740403978636181,0.740318673997701,0.740210215762071,0.740079045066808,0.739925610312235,0.739750366999249,0.739553777560066,0.739336311182024,0.739098443624571,0.738840657029554,0.738563439724883,0.73826728602162,0.737952696004629,0.737620175316905,0.737270234937781,0.736903390955112,0.736520164331572,0.736121080665266,0.73570666994478,0.735277466298858,0.734834007740921,0.734376835908595,0.733906495798399,0.733423535495779,0.732928505900726,0.732421960449182,0.73190445483043,0.731376546700669,0.730838795393003,0.730291761624133,0.72973600719801,0.729172094706695,0.728600587228671,0.728022048024888,0.72743704023277,0.726846126558481,0.726249868967656,0.725648828374896,0.725043564332284,0.724434634717193,0.723822595419679,0.723208000029766,0.722591399524928,0.72197334195799,0.721354372145721,0.720735031358383,0.720115857010516,0.719497382353254,0.71888013616848,0.71826464246509,0.717651420177662,0.717040982867804,0.716433838428456,0.715830488791443,0.715231429638565,0.714637150116482,0.714048132555701,0.713464852193883,0.712887776903779,0.712317366926004,0.711754074606822,0.711198344141224,0.710650611321613,0.710111303292336,0.70958083831032,0.709059625511967,0.708548064686616,0.708046546056787,0.707555450065406,0.707075147170297,0.706605997646122,0.706148351393942,0.705702547758591,0.705268915354032,0.704847771896886,0.704439424048329,0.704044167264484,0.703662285655449,0.703294051853134,0.702939726887971,0.702599560074674,0.702273788907179,0.701962638962917,0.701666323816531,0.701385044963151,0.701118991751346,0.700868341325762,0.700633258579447,0.700413896115892,0.700210394220891,0.700022880844239,0.699851471591327,0.699696269724622,0.699557366175071,0.699434839563416,0.699328756231399,0.699239170282843,0.699166123634598,0.699109646077304,0.69906975534589,0.69904645719973,0.699039745512453,0.699049602371314,0.699075998186079,0.699118891807253,0.69917823065355,0.699253950848527,0.699345977366286,0.699454224186059,0.699578594455517,0.699718980662617,0.699875264815833,0.700047318632669,0.70023500373628,0.700438171859987,0.700656665059538,0.700890315932874,0.701138947847106,0.701402375172528,0.701680403523462,0.701972830005698,0.702279443470295,0.702600024773516,0.702934347042636,0.703282175947342,0.703643269976455,0.70401738071964,0.704404253153855,0.704803625934261,0.705215231689345,0.705638797319937,0.706074044301868,0.706520688991972,0.706978442937087,0.707447013185743,0.707926102602226,0.70841541018268,0.708914631372945,0.709423458387816,0.70994158053144,0.710468684518517,0.71100445479603,0.711548573865145,0.71210072260295,0.712660580583685,0.71322782639918,0.713802137978215,0.714383192904468,0.714970668732741,0.715564243303162,0.716163595053024,0.716768403325925,0.717378348677948,0.717993113180579,0.718612380720085,0.719235837293017,0.719863171297581,0.720494073820627,0.721128238919939,0.721765363901578,0.722405149591971,0.723047300604485,0.723691525600174,0.724337537542462,0.724985053945532,0.72563379711618,0.726283494388881,0.726933878353889,0.727584687078157,0.728235664318887,0.728886559729451,0.729537129057558,0.730187134335539,0.730836344062592,0.731484533378815,0.732131484230794,0.732776985528639,0.733420833294348,0.734062830801361,0.734702788705206,0.735340525165135,0.735975865956645,0.736608644574845,0.737238702328549,0.737865888425031,0.738490060045403,0.739111082410619,0.739728828838065,0.740343180788714,0.740954027904823,0.741561268038164,0.742164807268814,0.742764559914522,0.743360448530676,0.743952403900879,0.744540365018228,0.74512427905734,0.745704101337272,0.74627979527541,0.746851332332435,0.747418691948472,0.747981861470549,0.748540836071445,0.74909561866004,0.749646219783329,0.750192657520283,0.750734957367732,0.7512731521184,0.751807281731212,0.752337393194071,0.752863540379309,0.753385783892013,0.753904190911434,0.754418835025731,0.754929796060259,0.755437159899629,0.755941018303761,0.756441468718165,0.756938614078762,0.757432562611441,0.757923427626575,0.758411327308766,0.75889638450208,0.759378726491015,0.759858484777447,0.760335794853795,0.760810795972667,0.761283630913268,0.761754445744928,0.762223389588005,0.76269061437243,0.763156274594202,0.763620527070145,0.764083530691175,0.764545446174347,0.76500643581393,0.765466663231814,0.765926293127524,0.766385491028129,0.766844423038365,0.767303255591224,0.7677621551993,0.768221288207172,0.768680820545075,0.769140917484058,0.769601743392971,0.770063461497529,0.770526233641742,0.770990220051952,0.771455579103725,0.771922467091781,0.772391038003274,0.772861443294611,0.773333831672111,0.773808348876719,0.774285137472994,0.774764336642574,0.775246081982378,0.775730505307744,0.776217734460651,0.776707893123196,0.777201100636551,0.777697471825609,0.778197116829527,0.778700140938293,0.779206644435391,0.779716722446716,0.780230464795924,0.780747955866351,0.781269274469684,0.781794493721468,0.782323680923515,0.782856897453259,0.783394198660256,0.783935633769919,0.784481245794577,0.785031071451857,0.785585141090496,0.786143478623598,0.786706101469383,0.787273020499501,0.787844239995037,0.788419757610177,0.788999564343498,0.789583644516905,0.790171975762234,0.790764529015443,0.791361268518338,0.791962151827856,0.792567129832922,0.793176146778811,0.793789140298928,0.794406041453951,0.795026774778281,0.795651258333726,0.796279403770337,0.796911116394365,0.79754629524322,0.798184833167372,0.798826616919067,0.799471527247701,0.800119439001765,0.800770221237206,0.801423737332037,0.802079845107046,0.802738396952414,0.803399239960136,0.804062216062136,0.8047271621739,0.805393910343404,0.806062287905184,0.80673211763941,0.807403217935733,0.808075402961764,0.808748482835955,0.809422263804674,0.810096548423271,0.810771135740905,0.811445821488978,0.812120398272988,0.812794655767579,0.81346838091454,0.81414135812359,0.814813369475747,0.815484194929057,0.816153612526453,0.816821398605499,0.817487328009713,0.818151174301297,0.8188127099751,0.819471706673565,0.820127935402443,0.820781166747065,0.821431171088959,0.822077718822556,0.822720580571688,0.82335952740569,0.823994331054869,0.824624764125165,0.825250600311781,0.825871614611489,0.826487583533426,0.827098285308216,0.827703500095147,0.828303010187258,0.828896600214092,0.8294840573419,0.830065171471039,0.830639735430395,0.831207545168639,0.831768399942192,0.832322102499735,0.832868459263033,0.833407280503898,0.833938380517117,0.834461577789212,0.834976695162888,0.835483559996925,0.83598200432138,0.836471864988034,0.83695298381588,0.837425207731491,0.837888388904169,0.838342384875822,0.838787058685504,0.839222278988498,0.839647920169836,0.840063862452118,0.840469991997557,0.840866201004171,0.841252387796018,0.841628456907408,0.841994319161042,0.842349891740001,0.842695098253428,0.843029868795924,0.843354140000629,0.843667855086072,0.843970963896782,0.844263422937598,0.844545195401596,0.844816251191679,0.845076566935796,0.84532612599578,0.845564918469749,0.84579294118822,0.84601019770399,0.846216698275765,0.846412459845483,0.846597506009353,0.846771866982792,0.846935579559352,0.84708868706366,0.847231239298377,0.847363292485298,0.847484909200683,0.847596158304976,0.847697114866941,0.847787860082322,0.847868481187094,0.847939071365396,0.847999729652248,0.848050560831229,0.848091675327299,0.848123189094839,0.84814522350097,0.84815790520437,0.848161366029748,0.848155742838059,0.84814117739254,0.84811781622091,0.848085810473885,0.848045315780105,0.847996492097649,0.847939503562269,0.847874518332522,0.847801708431932,0.847721249588322,0.84763332107051,0.847538105522498,0.847435788795315,0.847326559776733,0.847210610219047,0.847088134565065,0.846959329772441,0.846824395136555,0.846683532112101,0.846536944133711,0.846384836435772,0.846227415871541,0.846064890731768,0.845897470563032,0.845725365985984,0.845548788513622,0.845367950369722,0.845183064307573,0.84499434342925,0.844802001005712,0.844606250297786,0.844407304378138,0.844205375954378,0.844000677193504,0.843793419547924,0.843583813583252,0.843372068807963,0.843158393505038,0.842942994565745,0.842726077325709,0.842507845403357,0.842288500540971,0.842068242448459,0.84184726864992,0.841625774333132,0.841403952202057,0.841181992332427,0.840960082030493,0.840738405694999,0.840517144682597,0.840296477176885,0.840076578061159,0.839857618794922,0.83963976729417,0.839423187815473,0.839208040844011,0.838994482985625,0.838782666862989,0.838572741015926,0.838364849805922,0.838159133324881,0.837955727308167,0.837754763051967,0.837556367335032,0.837360662344845,0.837167765608285,0.836977789926775,0.836790843315947,0.836607028949854,0.836426445109726,0.836249185137309,0.836075337392715,0.835904985216729,0.835738206897548,0.835575075641951,0.835415659550809,0.835260021598981,0.835108219619616,0.834960306292896,0.834816329139105,0.834676330515934,0.834540347619975,0.834408412492391,0.83428055202879,0.834156787993182,0.834037137035859,0.833921610715117,0.833810215522816,0.833702952913702,0.833599819338432,0.833500806280296,0.833405900295519,0.833315083057117,0.833228331402205,0.833145617382614,0.8330669083187,0.832992166856294,0.832921351026751,0.832854414309988,0.832791305700354,0.832731969775233,0.832676346766276,0.832624372633133,0.832575979139618,0.83253109393225,0.832489640621086,0.832451538862766,0.832416704445701,0.832385049377314,0.832356481973203,0.832330906948019,0.832308225507961,0.832288335444815,0.8322711312314,0.832256504118324,0.832244342231974,0.832234530673677,0.83222695161986,0.832221484423128,0.832218005714211,0.832216389504796,0.832216507291073,0.832218228157821,0.832221418882856,0.832225944041813,0.832231666113165,0.83223844558335,0.832246141051937,0.832254609336702,0.832263705578529,0.832273283346103,0.832283194740288,0.832293290498031,0.832303420095796,0.832313431852441,0.832323173031417,0.83233248994224,0.832341228041202,0.832349232031293,0.832356345961197,0.832362413323253,0.832367277150367,0.832370780111791,0.832372764607718,0.832373072862594,0.832371547017191,0.832368029219372,0.832362361713535,0.832354386928666,0.832343947564911,0.832330886678638,0.832315047766038,0.832296274845132,0.832274412536086,0.832249306139785,0.832220801714642,0.832188746151695,0.832152987247947,0.832113373777901,0.832069755563243,0.832021983540682,0.831969909828029,0.831913387788474,0.83185227209302,0.831786418781062,0.831715685319159,0.831639930657968,0.831559015287248,0.831472801288943,0.83138115238831,0.831283934003115,0.83118101329094,0.831072259194634,0.830957542485949,0.830836735807393,0.830709713712169,0.830576352702318,0.830436531265157,0.830290129907967,0.830137031191001,0.829977119758824,0.829810282370043,0.829636407925404,0.829455387494228,0.829267114339158,0.829071483939321,0.82886839401195,0.828657744532446,0.828439437752909,0.828213378219161,0.827979472786372,0.827737630633308,0.827487763275197,0.827229784575156,0.826963610754298,0.826689160400618,0.82640635447671,0.826115116326344,0.82581537167983,0.825507048658214,0.825190077776364,0.824864391944987,0.824529926471626,0.824186619060754,0.823834409812979,0.823473241223381,0.823103058178952,0.822723807955178,0.822335440211797,0.821937906987766,0.821531162695527,0.821115164114636,0.820689870384769,0.820255242998126,0.819811245791198,0.819357844935945,0.81889500893045,0.818422708589073,0.817940917032154,0.81744960967535,0.816948764218648,0.81643836063499,0.815918381158572,0.815388810272807,0.814849634697986,0.814300843378654,0.813742427470725,0.813174380328369,0.812596697490672,0.812009376668083,0.811412417728612,0.810805822683826,0.810189595674656,0.809563742956998,0.808928272887144,0.808283195907098,0.807628524529791,0.806964273324181,0.806290458900258,0.80560709989395,0.8049142169519,0.804211832716116,0.803499971808463,0.802778660814993,0.80204792827015,0.801307804640837,0.800558322310331,0.799799515562031,0.79903142056302,0.798254075347449,0.797467519799755,0.796671795637728,0.795866946395428,0.795053017405895,0.794230055783678,0.793398110407187,0.7925572319008,0.791707472616689,0.790848886616422,0.789981529652325,0.789105459148574,0.788220734181947,0.787327415462203,0.786425565312073,0.785515247646814,0.784596527953325,0.783669473268831,0.782734152159137,0.781790634696369,0.780838992436147,0.779879298394151,0.778911627022069,0.777936054182963,0.776952657126107,0.775961514461187,0.774962706131803,0.773956313388226,0.772942418759405,0.771921106024263,0.770892460182274,0.769856567423247,0.768813515096302,0.767763391678035,0.766706286739793,0.765642290914099,0.764571495860211,0.763493994228817,0.762409879625837,0.761319246575308,0.760222190481305,0.759118807588889,0.7580091949441,0.756893450352938,0.755771672339347,0.754643960102185,0.753510413471243,0.752371132862341,0.751226219231451,0.750075774027844,0.748919899146203,0.747758696877718,0.746592269860123,0.745420721026721,0.744244153554448,0.743062670811007,0.741876376301113,0.740685373611785,0.739489766356701,0.738289658119634,0.737085152396999,0.735876352539554,0.734663361693276,0.733446282739458,0.732225218234017,0.731000270346123,0.729771540796194,0.728539130793327,0.727303140972147,0.726063671328984,0.724820821157448,0.723574688983514,0.722325372500175,0.721072968501642,0.719817572817179,0.7185592802446,0.717298184483563,0.716034378068643,0.714767952302235,0.71349899718739,0.712227601360694,0.71095385202517,0.70967783488324,0.708399634069805,0.707119332085546,0.705837009730526,0.704552746038159,0.703266618209585,0.70197870154853,0.7006890693967,0.6993977930698,0.69810494179427,0.696810582644775,0.695514780482589,0.694217597894961,0.692919095135549,0.691619330065964,0.69031835809844,0.689016232139706,0.687713002536131,0.686408717020292,0.685103420659079,0.683797155803328,0.682489962039048,0.681181876140317,0.679872932023902,0.678563160705639,0.677252590258698,0.675941245773854,0.674629149321788,0.673316319917476,0.672002773486701,0.670688522834757,0.6693735776174,0.668057944314125,0.66674162620379,0.665424623342693,0.664106932545081,0.662788547366182,0.661469458087832,0.660149651706738,0.658829111925441,0.657507819145994,0.656185750466388,0.654862879679754,0.653539177276402,0.652214610448707,0.650889143098841,0.649562735849381,0.648235346056774,0.646906927827768,0.645577432038851,0.644246806358735,0.64291499527385,0.641581940116855,0.640247579098138,0.638911847340262,0.637574676915349,0.63623599688544,0.634895733345799,0.633553809471185,0.632210145565105,0.630864659112011,0.629517264832305,0.628167874740231,0.626816398204637,0.625462742012528,0.624106810435385,0.622748505298263,0.621387726051574,0.620024369845458,0.61865833160669,0.617289504118081,0.615917778100316,0.614543042296151,0.613165183556904,0.611784086931181,0.610399635755799,0.609011711748831,0.607620195104607,0.606224964590645,0.6048258976464,0.603422870483733,0.602015758188971,0.600604434826535,0.59918877354401,0.597768646678552,0.596343925864525,0.59491448214226,0.593480186067865,0.592040907823896,0.590596517330804,0.589146884359086,0.587691878641982,0.586231369988622,0.584765228397523,0.58329332417034,0.581815528025798,0.58033171121365,0.578841745628508,0.577345503923369,0.575842859622777,0.574333687235551,0.572817862366913,0.571295261829879,0.569765763755864,0.568229247704348,0.566685594771495,0.565134687697623,0.563576410973434,0.562010650944918,0.560437295916787,0.558856236254338,0.557267364483662,0.555670575390113,0.554065766114885,0.552452836249618,0.550831687928922,0.549202225920681,0.547564357714082,0.545917993605345,0.544263046781067,0.54259943339908,0.54092707266676,0.539245886916732,0.537555801679912,0.535856745755861,0.534148651280401,0.532431453790384,0.53070509228556,0.528969509287468,0.527224650895336,0.525470466838901,0.523706910528099,0.521933939099601,0.520151513460179,0.518359598326878,0.516558162263995,0.514747177716831,0.512926621042224,0.511096472535845,0.509256716456263,0.507407341045793,0.505548338548112,0.503679705222675,0.501801441355909,0.499913551269272,0.498016043324169,0.496108929923719,0.494192227511418,0.492265956566675,0.490330141597263,0.488384811128764,0.486429997691033,0.484465737801807,0.482492071947461,0.480509044560998,0.478516703997309,0.476515102505705,0.474504296199809,0.472484345024871,0.470455312722617,0.468417266793684,0.466370278457711,0.464314422611143,0.462249777782829,0.460176426087472,0.458094453177035,0.456003948190182,0.453905003699838,0.451797715658961,0.449682183344595,0.447558509300275,0.445426799276895,0.443287162172095,0.441139709968269,0.438984557669246,0.436821823235734,0.434651627519603,0.432474094197146,0.430289349701409,0.428097523153643,0.42589874629398,0.423693153411373,0.421480881272926,0.419262069052662,0.417036858259802,0.414805392666673,0.412567818236302,0.410324283049754,0.408074937233324,0.405819932885627,0.403559424004649,0.401293566414872,0.399022517694541,0.396746437103113,0.394465485508958,0.392179825317379,0.389889620399,0.387595036018568,0.385296238764249,0.382993396477472,0.38068667818337,0.378376254021878,0.376062295179514,0.373744973821868,0.371424463026848,0.369100936718703,0.366774569602876,0.3644455371017,0.362114015290968,0.359780180837438,0.357444210937299,0.355106283255602,0.352766575866708,0.350425267195745,0.348082535961147,0.345738561118244,0.343393521803925,0.341047597282365,0.338700966891819,0.336353809992492,0.334006305915488,0.331658633912784,0.329310973108275,0.326963502449825,0.324616400662344,0.322269846201848,0.319924017210547,0.317579091472945,0.315235246372925,0.31289265885176,0.310551505367009,0.308211961852319,0.305874203678108,0.303538405613111,0.301204741786748,0.29887338565231,0.296544509950892,0.29421828667605,0.291894887039147,0.289574481435355,0.287257239410263,0.284943329627045,0.282632919834198,0.280326176833754,0.278023266449971,0.275724353498438,0.273429601755567,0.271139173928449,0.268853231625054,0.266571935324742,0.264295444349054,0.262023916832722,0.259757509694846,0.257496378610215,0.255240677980758,0.252990560907073,0.250746179159997,0.248507683152207,0.246275221909763,0.244048943043601,0.241828992720928,0.239615515636532,0.237408654983982,0.235208552426649,0.233015348068542,0.230829180424948,0.22865018639288,0.226478501221309,0.224314258481175,0.222157590035152,0.220008626007156,0.217867494751595,0.215734322822316,0.213609234941256,0.211492353966797,0.209383800861836,0.207283694661579,0.205192152441099,0.203109289282603,0.201035218242466,0.198970050317991,0.196913894413971,0.19486685730902,0.192829043621723,0.1908005557766,0.188781493969922,0.1867719561354,0.184772037909778,0.182781832598368,0.180801431140551,0.178830922075264,0.176870391506514,0.17491992306895,0.172979597893557,0.171049494573487,0.16912968913008,0.167220254979108,0.165321262897297,0.163432780989168,0.161554874654239,0.159687606554632,0.157831036583124,0.155985221831688,0.154150216560603,0.152326072168162,0.150512837161055,0.148710557125455,0.146919274698876,0.145139029542846,0.143369858316453,0.141611794650816,0.139864869124519,0.138129109240058,0.136404539401375,0.134691180892529,0.132989051857553,0.131298167281537,0.129618538973003,0.12795017554762,0.126293082413301,0.124647261756752,0.123012712531508,0.121389430447514,0.119777407962283,0.118176634273668,0.116587095314288,0.115008773747661,0.113441648966088,0.111885697090318,0.110340890971045,0.10880720019225,0.107284591076424,0.105773026691713,0.10427246686099,0.102782868172907,0.101304183994924,0.0998363644883424,0.0983793566253522,0.0969331042081286,0.0954975478899797,0.0940726251985655,0.0926582705611894,0.0912544153321707,0.0898609878223014,0.0884779133303869,0.0871051141768673,0.085742509739522,0.0843900164912566,0.08304754803996,0.0817150151704177,0.080392325888267,0.0790793854659852,0.0777760964908872,0.0764823589151118,0.0751980701075692,0.0739231249078288,0.0726574156819092,0.0714008323799427,0.0701532625956852,0.068914591627834,0.0676847025431151,0.0664634762410992,0.0652507915207027,0.0640465251483236,0.0628505519275713,0.0616627447705471,0.0604829747706251,0.0593111112766828,0.0581470219687228,0.0569905729348277,0.055841628749386,0.0547000525525388,0.0535657061307844,0.0524384499986877,0.0513181434816293,0.0502046447995271,0.0490978111514626,0.0479974988011416,0.0469035631631221,0.0458158588897459,0.0447342399586976,0.0436585597611195,0.0425886711902124,0.0415244267302522,0.0404656785459521,0.0394122785720917,0.0383640786033428,0.0373209303842157,0.0362826856990549,0.035249196462007,0.0342203148068879,0.0331958931768733,0.0321757844139388,0.0311598418479791,0.0301479193855315,0.0291398715980271,0.0281355538095005,0.0271348221836873,0.0261375338104346,0.0251435467913512,0.024152720324626,0.0231649147889464,0.0221799918264463,0.0211978144246148,0.0202182469970974,0.0192411554633234,0.0182664073268962,0.0172938717526814,0.0163234196425309,0.0153549237095792,0.0143882585510548,0.0134233007195454,0.0124599287926634,0.0114980234410541,0.0105374674946928,0.00957814600742002,0.00861994631966066,0.00766275811928031,0.00670647350052905,0.00575098702102725,0.00479619575674959,0.00384199935496565,0.00288830008509661,0.00193500288744951,0.000982015419792901,2.92481017404495e-05,-0.000923385843089847,-0.00187597034717109,-0.00282858646144565,-0.00378131232001206,-0.00473422310714462,-0.00568739102666718,-0.00664088527370076,-0.00759477200880312,-0.0085491143345155,-0.00950397227432946,-0.0104594027540849,-0.0114154595858084,-0.0123721934539989,-0.0133296519043649,-0.0142878793350141,-0.0152469169900966,-0.0162068029559004,-0.0171675721593931,-0.0181292563692051,-0.0190918841990461,-0.0200554811135434,-0.0210200694364886,-0.021985668361479,-0.022952293964936,-0.0239199592214844,-0.0248886740216689,-0.0258584451919837,-0.0268292765171911,-0.0278011687649008,-0.0287741197123848,-0.0297481241755927,-0.0307231740403401,-0.0316992582956353,-0.0326763630691059,-0.0336544716644872,-0.034633564601132,-0.0356136196554985,-0.0365946119045755,-0.0375765137711997,-0.0385592950712192,-0.0395429230624572,-0.0405273624954263,-0.0415125756657444,-0.0424985224681963,-0.0434851604523941,-0.0444724448799824,-0.0454603287833317,-0.0464487630256625,-0.0474376963625469,-0.0484270755047284,-0.0494168451822005,-0.050406948209488,-0.0513973255520658,-0.0523879163938491,-0.053378658205694,-0.0543694868148465,-0.0553603364752738,-0.0563511399388154,-0.0573418285270914,-0.0583323322041007,-0.0593225796494384,-0.0603124983320632,-0.0613020145845551,-0.0622910536777983,-0.0632795398960166,-0.0642673966120996,-0.0652545463631491,-0.0662409109261788,-0.0672264113938991,-0.0682109682505234,-0.0691945014475341,-0.0701769304793421,-0.0711581744587645,-0.0721381521922596,-0.0731167822548543,-0.0740939830646962,-0.0750696729571749,-0.0760437702585448,-0.0770161933589834,-0.0779868607850278,-0.0789556912713303,-0.0799226038316743,-0.0808875178291886,-0.0818503530457039,-0.0828110297502033,-0.0837694687663089,-0.0847255915387468,-0.0856793201987326,-0.086630577628226,-0.0875792875230039,-0.0885253744544994,-0.0894687639303663,-0.0904093824537242,-0.09134715758104,-0.0922820179786051,-0.0932138934775672,-0.0941427151274677,-0.0950684152482513,-0.0959909274807119,-0.0969101868353405,-0.0978261297395342,-0.0987386940831417,-0.0996478192623183,-0.100553446221663,-0.101455517494605,-0.102353977242016,-0.103248771289034,-0.104139847160067,-0.105027154111967,-0.105910643165362,-0.10679026713414,-0.10766598065305,-0.108537740203421,-0.109405504136981,-0.110269232697779,-0.111128888042195,-0.111984434257026,-0.112835837375654,-0.113683065392309,-0.114526088274422,-0.115364877973065,-0.116199408431493,-0.117029655591796,-0.117855597399678,-0.118677213807367,-0.11949448677469,-0.120307400268304,-0.12111594025912,-0.121920094717929,-0.122719853609279,-0.123515208883608,-0.124306154467655,-0.125092686253196,-0.125874802084097,-0.126652501741748,-0.127425786928884,-0.128194661251848,-0.128959130201304,-0.129719201131454,-0.130474883237787,-0.13122618753343,-0.131973126824116,-0.132715715681823,-0.133453970417132,-0.134187909050345,-0.134917551281403,-0.135642918458666,-0.136364033546581,-0.137080921092312,-0.137793607191352,-0.138502119452203,-0.139206486960153,-0.139906740240203,-0.140602911219194,-0.141295033187169,-0.141983140758037,-0.142667269829574,-0.143347457542832,-0.144023742241006,-0.144696163427828,-0.14536476172552,-0.146029578832385,-0.146690657480053,-0.14734804139046,-0.148001775232619,-0.14865190457922,-0.149298475863122,-0.149941536333766,-0.150581134013586,-0.151217317654447,-0.151850136694186,-0.152479641213272,-0.153105881891648,-0.153728909965801,-0.154348777186092,-0.154965535774431,-0.155579238382309,-0.156189938049251,-0.156797688161711,-0.157402542412471,-0.158004554760562,-0.158603779391769,-0.159200270679737,-0.159794083147728,-0.160385271431072,-0.160973890240341,-0.161559994325281,-0.162143638439529,-0.162724877306137,-0.163303765583953,-0.163880357834867,-0.164454708491924,-0.165026871828348,-0.165596901927487,-0.166164852653745,-0.166730777624471,-0.167294730182869,-0.167856763371911,-0.168416929909284,-0.168975282163375,-0.169531872130274,-0.170086751411858,-0.170639971194916,-0.171191582231332,-0.171741634819315,-0.17229017878571,-0.172837263469386,-0.173382937705716,-0.173927249812136,-0.174470247574771,-0.175011978236119,-0.175552488483811,-0.176091824440433,-0.176630031654397,-0.177167155091833,-0.17770323912949,-0.178238327548642,-0.178772463529985,-0.179305689649521,-0.179838047875405,-0.180369579565754,-0.180900325467382,-0.181430325715465,-0.181959619834084,-0.182488246737628,-0.183016244733036,-0.183543651522844,-0.184070504209037,-0.184596839297657,-0.185122692704131,-0.185648099759287,-0.186173095216049,-0.18669771325678,-0.187221987501257,-0.187745951015232,-0.188269636319541,-0.188793075399747,-0.189316299716293,-0.189839340215108,-0.190362227338645,-0.190884991037345,-0.191407660781469,-0.19193026557328,-0.192452833959539,-0.192975394044284,-0.193497973501865,-0.194020599590216,-0.194543299164313,-0.195066098689804,-0.195589024256778,-0.196112101593642,-0.196635356081058,-0.197158812765936,-0.197682496375439,-0.198206431330953,-0.19873064176201,-0.199255151520122,-0.199779984192526,-0.2003051631158,-0.200830711389327,-0.201356651888607,-0.201883007278363,-0.202409800025441,-0.20293705241147,-0.203464786545273,-0.203993024375004,-0.204521787699998,-0.205051098182311,-0.20558097735791,-0.206111446647535,-0.206642527367208,-0.207174240738378,-0.207706607897696,-0.208239649906411,-0.208773387759372,-0.209307842393619,-0.209843034696567,-0.210378985513735,-0.210915715656036,-0.211453245906619,-0.211991597027281,-0.212530789764422,-0.213070844854558,-0.213611783029381,-0.214153625020403,-0.214696391563199,-0.215240103401194,-0.215784781289007,-0.216330445995333,-0.216877118305412,-0.21742481902307,-0.217973568972347,-0.218523388998713,-0.219074299969899,-0.219626322776332,-0.220179478331188,-0.220733787570093,-0.221289271450499,-0.221845950950732,-0.222403847068695,-0.222962980820253,-0.223523373237304,-0.224085045365568,-0.224648018262101,-0.22521231299253,-0.225777950628041,-0.226344952242141,-0.226913338907199,-0.227483131690761,-0.22805435165165,-0.228627019835896,-0.229201157272478,-0.229776784968897,-0.230353923906623,-0.23093259503645,-0.231512819273773,-0.232094617493766,-0.232678010526474,-0.233263019151819,-0.233849664094553,-0.234437966019174,-0.235027945524816,-0.23561962314011,-0.236213019318027,-0.236808154430756,-0.237405048764622,-0.238003722515031,-0.238604195781462,-0.239206488562488,-0.239810620750844,-0.240416612128546,-0.241024482362098,-0.241634250997767,-0.24224593745696,-0.242859561031663,-0.243475140879985,-0.244092696021779,-0.24471224533435,-0.245333807548267,-0.245957401243298,-0.24658304484448,-0.247210756618308,-0.247840554669018,-0.248472456934975,-0.249106481185155,-0.249742645015737,-0.25038096584679,-0.251021460919041,-0.251664147290709,-0.252309041834427,-0.252956161234227,-0.253605521982602,-0.254257140377626,-0.25491103252012,-0.255567214310849,-0.256225701447768,-0.256886509423277,-0.257549653521483,-0.258215148815464,-0.25888301016453,-0.25955325221148,-0.260225889379815,-0.260900935870912,-0.261578405661153,-0.262258312498977,-0.262940669901865,-0.26362549115325,-0.264312789299347,-0.265002577145869,-0.265694867254604,-0.266389671939846,-0.267087003264651,-0.267786873036928,-0.268489292805341,-0.269194273855017,-0.269901827203065,-0.270611963593854,-0.271324693494037,-0.272040027087316,-0.272757974268946,-0.273478544639969,-0.274201747501183,-0.274927591846791,-0.27565608635776,-0.27638723939488,-0.277121058991508,-0.277857552845993,-0.278596728313787,-0.27933859239923,-0.280083151747009,-0.280830412633268,-0.281580380956342,-0.282333062227116,-0.283088461559027,-0.283846583657676,-0.284607432810086,-0.285371012873595,-0.286137327264392,-0.286906378945707,-0.287678170415645,-0.288452703694687,-0.289229980312814,-0.290010001296272,-0.290792767153978,-0.291578277863615,-0.292366532857418,-0.293157531007653,-0.293951270611789,-0.294747749377345,-0.295546964406428,-0.296348912179984,-0.297153588541773,-0.297960988682067,-0.298771107121136,-0.29958393769252,-0.300399473526137,-0.301217707031229,-0.302038629879185,-0.302862232986265,-0.303688506496269,-0.304517439763126,-0.305349021333441,-0.306183238929058,-0.307020079429625,-0.30785952885521,-0.308701572349017,-0.309546194160223,-0.310393377626945,-0.311243105159334,-0.312095358222902,-0.312950117322112,-0.313807361984271,-0.31466707074377,-0.315529221126688,-0.316393789635785,-0.317260751735913,-0.31813008183989,-0.319001753294905,-0.319875738369469,-0.320752008240975,-0.321630532983911,-0.322511281558716,-0.323394221801327,-0.324279320413465,-0.325166542953681,-0.326055853829235,-0.326947216288841,-0.327840592416308,-0.328735943125134,-0.329633228154085,-0.33053240606381,-0.331433434234525,-0.332336268864793,-0.333240864971408,-0.334147176390467,-0.335055155779625,-0.335964754621586,-0.336875923228861,-0.337788610749814,-0.338702765176016,-0.339618333350961,-0.340535260980182,-0.341453492642798,-0.34237297180448,-0.343293640831866,-0.34421544100846,-0.345138312552039,-0.346062194633589,-0.346987025397771,-0.347912741984921,-0.348839280554605,-0.349766576310759,-0.350694563528421,-0.351623175582048,-0.352552344975419,-0.353482003373125,-0.354412081633661,-0.355342509844126,-0.3562732173565,-0.35720413282552,-0.358135184248111,-0.359066299004411,-0.359997403900351,-0.360928425211792,-0.361859288730201,-0.362789919809838,-0.363720243416444,-0.364650184177407,-0.365579666433362,-0.366508614291218,-0.367436951678569,-0.368364602399472,-0.36929149019156,-0.370217538784448,-0.371142671959378,-0.372066813610058,-0.37298988780465,-0.373911818848908,-0.374832531350405,-0.375751950283799,-0.376670001057099,-0.37758660957886,-0.378501702326244,-0.379415206413874,-0.380327049663434,-0.381237160673945,-0.382145468892666,-0.383051904686547,-0.38395639941419,-0.38485888549826,-0.385759296498258,-0.386657567183567,-0.387553633606719,-0.388447433176784,-0.389338904732822,-0.390227988617274,-0.391114626749253,-0.39199876269765,-0.392880341753986,-0.39375931100492,-0.394635619404353,-0.395509217845082,-0.396380059229926,-0.39724809854222,-0.398113292915577,-0.398975601702818,-0.399834986544,-0.400691411433444,-0.401544842785702,-0.402395249500375,-0.40324260302572,-0.404086877420959,-0.404928049417245,-0.40576609847719,-0.406601006852877,-0.407432759642264,-0.408261344843924,-0.409086753410025,-0.40990897929752,-0.410728019517457,-0.411543874182349,-0.412356546551508,-0.41316604307429,-0.413972373431181,-0.414775550572679,-0.415575590755916,-0.416372513578913,-0.417166342012363,-0.417957102428886,-0.418744824629685,-0.41952954186857,-0.420311290873323,-0.421090111864351,-0.421866048570563,-0.422639148242405,-0.42340946166201,-0.424177043150445,-0.42494195057203,-0.425704245335633,-0.426463992392924,-0.427221260233614,-0.427976120877627,-0.428728649864188,-0.429478926237819,-0.430227032531183,-0.430973054744725,-0.431717082323122,-0.432459208128584,-0.433199528410984,-0.433938142774785,-0.434675154142718,-0.435410668716273,-0.436144795932998,-0.436877648420591,-0.437609341947872,-0.438339995372649,-0.439069730586495,-0.439798672456412,-0.44052694876344,-0.441254690138247,-0.441982029993717,-0.442709104454567,-0.443436052284002,-0.444163014807447,-0.444890135833372,-0.445617561571283,-0.446345440546932,-0.447073923514792,-0.44780316336782,-0.448533315044584,-0.449264535433861,-0.44999698327679,-0.450730819066683,-0.451466204946489,-0.452203304603969,-0.452942283164623,-0.453683307082442,-0.454426544028552,-0.455172162777841,-0.455920333093697,-0.456671225610954,-0.457425011717123,-0.458181863431971,-0.458941953285573,-0.459705454194931,-0.460472539339214,-0.461243382033708,-0.462018155602561,-0.462797033250424,-0.463580187933176,-0.464367792227799,-0.465160018201471,-0.465957037280023,-0.466759020115812,-0.467566136455132,-0.468378555005276,-0.469196443301315,-0.470019967572746,-0.470849292610124,-0.471684581631746,-0.472525996150534,-0.47337369584122,-0.474227838407914,-0.475088579452135,-0.475956072341483,-0.476830468079078,-0.477711915173862,-0.478600559511858,-0.479496544228493,-0.480400009582101,-0.4813110928287,-0.482229928098165,-0.483156646271855,-0.484091374861767,-0.485034237891309,-0.485985355777902,-0.486944845217477,-0.487912819071011,-0.488889386253157,-0.489874651623102,-0.49086871587771,-0.491871675447101,-0.492883622392772,-0.493904644308314,-0.494934824222815,-0.495974240507019,-0.497022966782328,-0.498081071832739,-0.499148619519845,-0.500225668700991,-0.501312273150617,-0.502408481484895,-0.503514337089733,-0.504629878052189,-0.505755137095396,-0.50689014151705,-0.508034913131516,-0.509189468215653,-0.510353817458415,-0.511527965914252,-0.512711912960371,-0.51390565225793,-0.515109171717184,-0.516322453466555,-0.517545473825707,-0.5187782032827,-0.520020606475263,-0.52127264217619,-0.522534263282845,-0.52380541681085,-0.525086043891889,-0.526376079775704,-0.527675453836288,-0.528984089582332,-0.530301904671874,-0.531628810931141,-0.532964714377575,-0.534309515247054,-0.535663108025299,-0.537025381483437,-0.538396218717667,-0.53977549719305,-0.541163088791394,-0.542558859863198,-0.543962671283617,-0.545374378512383,-0.546793831657673,-0.54822087554387,-0.549655349783172,-0.551097088851045,-0.552545922165461,-0.554001674169876,-0.555464164419877,-0.556933207673422,-0.558408613984582,-0.559890188800674,-0.561377733062776,-0.562871043309511,-0.564369911784004,-0.565874126543879,-0.567383471574232,-0.568897726903526,-0.570416668722313,-0.571940069504654,-0.573467698132143,-0.574999320020469,-0.576534697248408,-0.578073588689098,-0.579615750143486,-0.581160934475867,-0.582708891751393,-0.584259369375468,-0.58581211223496,-0.587366862841148,-0.588923361474255,-0.590481346329409,-0.592040553663934,-0.593600717945825,-0.595161572003261,-0.596722847175034,-0.598284273461734,-0.599845579677589,-0.601406493602857,-0.602966742136618,-0.604526051449848,-0.606084147138711,-0.607640754377976,-0.60919559807436,-0.610748403019653,-0.61229889404354,-0.613846796165967,-0.61539183474889,-0.616933735647267,-0.61847222535914,-0.620007031174766,-0.6215378813246,-0.623064505126053,-0.624586633128827,-0.626103997258764,-0.627616330960109,-0.629123369336006,-0.630624849287138,-0.63212050964841,-0.633610091323577,-0.635093337417694,-0.636569993367303,-0.638039807068236,-0.639502529000958,-0.64095791235338,-0.642405713141029,-0.643845690324434,-0.645277605923657,-0.646701225129814,-0.648116316413515,-0.649522651630121,-0.650920006121803,-0.652308158816303,-0.653686892322306,-0.655055993021374,-0.656415251156389,-0.657764460916388,-0.659103420517738,-0.660431932281577,-0.661749802707453,-0.663056842543118,-0.664352866850436,-0.665637695067404,-0.666911151066295,-0.668173063207921,-0.669423264391928,-0.670661592103067,-0.67188788845344,-0.673102000220683,-0.674303778882112,-0.675493080644805,-0.676669766471638,-0.677833702103259,-0.678984758076028,-0.680122809735989,-0.681247737248798,-0.68235942560557,-0.683457764624715,-0.684542648949824,-0.685613978043602,-0.686671656177851,-0.68771559241955,-0.688745700613097,-0.689761899358778,-0.690764111987489,-0.691752266531778,-0.69272629569323,-0.693686136806244,-0.694631731798298,-0.695563027146804,-0.696479973832667,-0.697382527290635,-0.698270647356522,-0.699144298211372,-0.700003448322629,-0.700848070382435,-0.701678141243086,-0.702493641849754,-0.703294557170597,-0.704080876124417,-0.70485259150597,-0.705609699908992,-0.706352201647048,-0.707080100672305,-0.707793404492323,-0.70849212408498,-0.709176273811719,-0.709845871329221,-0.71050093749963,-0.711141496299448,-0.711767574727291,-0.712379202710616,-0.712976413011495,-0.71355924113158,-0.714127725216374,-0.714681905958902,-0.715221826502912,-0.715747532345758,-0.71625907124111,-0.716756493101614,-0.717239849901656,-0.717709195580356,-0.718164585944961,-0.718606078574738,-0.719033732725464,-0.719447609234625,-0.719847770427448,-0.720234280023983,-0.720607203047303,-0.720966605732917,-0.721312555439477,-0.721645120560934,-0.721964370440257,-0.722270375284767,-0.722563206083175,-0.722842934524421,-0.723109632918478,-0.723363374119162,-0.723604231449058,-0.723832278626708,-0.724047589696142,-0.724250238958804,-0.724440300907997,-0.724617850165889,-0.724782961423166,-0.724935709381401,-0.725076168698114,-0.725204413934579,-0.725320519506449,-0.725424559637255,-0.725516608314848,-0.725596739250859,-0.725665025843196,-0.725721541141567,-0.725766357816124,-0.725799548129275,-0.725821183910657,-0.725831336535195,-0.725830076904251,-0.725817475429896,-0.725793602022381,-0.725758526080703,-0.725712316486288,-0.725655041599795,-0.72558676926107,-0.725507566792184,-0.725417501003518,-0.725316638202867,-0.725205044207509,-0.725082784359211,-0.724949923542094,-0.724806526203259,-0.724652656376107,-0.724488377706346,-0.724313753480605,-0.724128846657559,-0.723933719901496,-0.723728435618289,-0.72351305599366,-0.72328764303369,-0.723052258607414,-0.722806964491382,-0.722551822416162,-0.72228689411463,-0.722012241371953,-0.721727926077121,-0.721434010275929,-0.721130556225311,-0.72081762644885,-0.72049528379339,-0.720163591486615,-0.719822613195556,-0.719472413085865,-0.719113055881722,-0.718744606926214,-0.718367132242057,-0.717980698592563,-0.71758537354273,-0.717181225520341,-0.716768323876997,-0.716346738948972,-0.715916542117678,-0.715477805869555,-0.71503060385527,-0.714575010948118,-0.714111103301563,-0.713638958405814,-0.713158655143283,-0.712670273842786,-0.712173896332336,-0.71166960599039,-0.711157487795413,-0.71063762837361,-0.710110116044771,-0.709575040866147,-0.709032494674241,-0.708482571124377,-0.707925365727933,-0.70736097588715,-0.706789500927431,-0.706211042127026,-0.705625702744021,-0.705033588040525,-0.704434805303998,-0.703829463865599,-0.703217675115418,-0.7025995525145,-0.701975211603625,-0.701344770008765,-0.700708347443187,-0.700066065706084,-0.699418048677659,-0.698764422310655,-0.69810531461828,-0.697440855658433,-0.696771177514244,-0.696096414270878,-0.695416701988554,-0.694732178671804,-0.694042984234977,-0.693349260463956,-0.692651150974025,-0.691948801163843,-0.691242358165539,-0.690531970790976,-0.689817789474176,-0.68909996620987,-0.688378654488204,-0.687654009225666,-0.686926186692311,-0.686195344435286,-0.685461641198623,-0.684725236839315,-0.68398629223975,-0.683244969216537,-0.682501430425792,-0.681755839264985,-0.681008359771372,-0.680259156517059,-0.679508394500823,-0.678756239036695,-0.678002855639394,-0.677248409906771,-0.676493067399355,-0.675736993517142,-0.674980353373699,-0.674223311667639,-0.673466032551604,-0.672708679498821,-0.671951415167409,-0.671194401262504,-0.67043779839634,-0.66968176594636,-0.668926461911541,-0.668172042767005,-0.667418663317051,-0.66666647654674,-0.665915633472149,-0.665166282989464,-0.664418571723048,-0.663672643872664,-0.662928641059977,-0.662186702174444,-0.661446963218763,-0.660709557154009,-0.659974613744593,-0.659242259403234,-0.658512617036115,-0.657785805888382,-0.657061941390116,-0.656341135002921,-0.655623494067269,-0.654909121650803,-0.654198116397809,-0.653490572380018,-0.652786578948917,-0.652086220589672,-0.651389576776823,-0.650696721831911,-0.6500077247832,-0.649322649227666,-0.648641553195438,-0.64796448901681,-0.647291503191974,-0.646622636263636,-0.645957922692668,-0.645297390736992,-0.644641062333827,-0.643988952985459,-0.643341071648705,-0.642697420628191,-0.642057995473643,-0.641422784881282,-0.640791770599467,-0.640164927338755,-0.639542222686458,-0.638923617025899,-0.638309063460507,-0.637698507742887,-0.637091888208959,-0.636489135717232,-0.635890173593323,-0.635294917579821,-0.634703275791635,-0.634115148676968,-0.633530428984017,-0.632949001733468,-0.632370744196868,-0.631795525881044,-0.631223208518651,-0.630653646064892,-0.630086684700526,-0.629522162841158,-0.628959911152827,-0.628399752573939,-0.627841502343649,-0.627284968036733,-0.62672994960497,-0.626176239425084,-0.625623622353246,-0.625071875786173,-0.624520769728842,-0.623970066868817,-0.623419522657183,-0.622868885396082,-0.62231789633283,-0.621766289760615,-0.621213793125762,-0.620660127141474,-0.620105005907965,-0.619548137038955,-0.618989221794503,-0.618427955220099,-0.617864026291964,-0.617297118068486,-0.616726907847737,-0.616153067330958,-0.615575262791932,-0.614993155252127,-0.614406400661467,-0.613814650084628,-0.613217549892719,-0.612614741960226,-0.612005863867093,-0.611390549105851,-0.61076842729363,-0.61013912438888,-0.60950226291261,-0.608857462174008,-0.608204338500251,-0.607542505470367,-0.606871574152957,-0.606191153347563,-0.605500849829529,-0.604800268598179,-0.604089013128056,-0.603366685623036,-0.602632887273083,-0.601887218513412,-0.601129279285826,-0.600358669302005,-0.599574988308494,-0.598777836353119,-0.597966814052603,-0.597141522861194,-0.596301565340099,-0.595446545427487,-0.594576068708806,-0.593689742687187,-0.59278717705361,-0.591867983956515,-0.590931778270646,-0.589978177864862,-0.589006803868756,-0.58801728093778,-0.587009237516635,-0.5859823061006,-0.584936123494589,-0.583870331069685,-0.582784575016956,-0.581678506598317,-0.580551782394221,-0.579404064547891,-0.578235021005896,-0.577044325754835,-0.575831659053842,-0.57459670766267,-0.573339165065103,-0.572058731687482,-0.570755115112167,-0.569428030285636,-0.568077199721024,-0.566702353694866,-0.565303230437891,-0.563879576319695,-0.562431146027063,-0.560957702735733,-0.559459018275442,-0.557934873288095,-0.556385057378905,-0.554809369260389,-0.553207616889049,-0.551579617594542,-0.549925198201228,-0.54824419514197,-0.546536454564046,-0.544801832427052,-0.543040194592734,-0.541251416906653,-0.539435385271591,-0.537591995712661,-0.535721154434044,-0.53382277786728,-0.53189679271112,-0.529943135962832,-0.52796175494094,-0.525952607299405,-0.523915661033276,-0.521850894475763,-0.519758296286747,-0.517637865432746,-0.515489611158408,-0.513313552949552,-0.511109720487811,-0.508878153596911,-0.506618902180683,-0.504332026152882,-0.502017595358967,-0.499675689489928,-0.497306397988268,-0.494909819946275,-0.492486063996686,-0.490035248195897,-0.48755749989988,-0.485052955632981,-0.482521760949767,-0.47996407029009,-0.477380046827587,-0.474769862311839,-0.472133696904361,-0.469471739008607,-0.466784185094258,-0.464071239515987,-0.461333114326899,-0.4585700290869,-0.455782210666216,-0.452969893044274,-0.450133317104281,-0.447272730423791,-0.444388387061506,-0.44148054734056,-0.438549477628575,-0.43559545011476,-0.43261874258435,-0.429619638190672,-0.426598425225117,-0.423555396885283,-0.42049085104155,-0.417405090002425,-0.414298420278916,-0.411171152348242,-0.40802360041719,-0.404856082185425,-0.401668918609104,-0.398462433665071,-0.395236954115909,-0.391992809276153,-0.388730330779931,-0.385449852350358,-0.382151709570947,-0.378836239659334,-0.375503781243544,-0.372154674141096,-0.368789259141254,-0.365407877790697,-0.362010872182877,-0.358598584751294,-0.355171358066947,-0.351729534640188,-0.348273456727206,-0.344803466141386,-0.341319904069769,-0.337823110894853,-0.334313426021921,-0.330791187712114,-0.327256732921448,-0.323710397145975,-0.320152514273232,-0.316583416440177,-0.313003433897769,-0.309412894882347,-0.305812125493897,-0.302201449581358,-0.298581188635097,-0.294951661686682,-0.291313185216041,-0.287666073066104,-0.284010636365005,-0.280347183455896,-0.276676019834423,-0.272997448093908,-0.269311767878254,-0.26561927584263,-0.261920265621944,-0.258215027807078,-0.254503849928886,-0.25078701644994,-0.247064808763977,-0.243337505202984,-0.23960538105187,-0.235868708570654,-0.232127757024089,-0.228382792718628,-0.224634079046631,-0.220881876537708,-0.217126442917088,-0.213368033170877,-0.209606899618076,-0.205843291989191,-0.202077457511288,-0.198309640999285,-0.194540084953323,-0.19076902966201,-0.18699671331137,-0.18322337209925,-0.179449240354981,-0.175674550664054,-0.171899533997584,-0.16812441984631,-0.164349436358901,-0.160574810484289,-0.156800768117811,-0.153027534250862,-0.149255333123789,-0.145484388381754,-0.141714923233281,-0.137947160611187,-0.134181323335626,-0.130417634278944,-0.126656316532022,-0.12289759357184,-0.119141689429906,-0.115388828861284,-0.111639237513867,-0.107893142097615,-0.104150770553425,-0.100412352221335,-0.0966781180077257,-0.0929483005512194,-0.0892231343869734,-0.085502856109044,-0.0817877045305154,-0.0780779208410868,-0.0743737487618106,-0.0706754346966825,-0.0669832278807836,-0.0632973805246806,-0.0596181479547984,-0.0559457887494735,-0.0522805648704062,-0.0486227417892361,-0.0449725886089723,-0.0413303781800127,-0.0376963872104933,-0.034070896370718,-0.0304541903914256,-0.0268465581556599,-0.0232482927840172,-0.0196596917130468,-0.0160810567665975,-0.0125126942199047,-0.00895491485623158,-0.00540803401587684,-0.00187237163737901,0.00165174770924824,0.00516399479740218,0.00866403572704156,0.012151531916233,0.0156261401012143,0.0190875123450844,0.0225352960552188,0.0259691340094963,0.0293886643914143,0.0327935208341548,0.0361833324736569,0.0395577240107314,0.0429163157822462,0.0462587238413983,0.0495845600470749,0.0528934321622958,0.0561849439617163,0.0594586953481521,0.0627142824780815,0.0659512978960672,0.0691693306780288,0.0723679665832827,0.0755467882152527,0.0787053751907436,0.081843304317661,0.0849601497810522,0.0880554833373303,0.0911288745165273,0.0941798908324109,0.0972080980002902,0.100213060162325,0.103194340120147,0.106151499574568,0.109084099372177,0.111991699758573,0.114873860638018,0.117730141839267,0.120560103387313,0.123363305780777,0.126139310274686,0.128887679168323,0.131607976097897,0.134299766333723,0.136962617081612,0.139596097788162,0.142199780449655,0.144773239924213,0.147316054246917,0.14982780494752,0.152308077370435,0.154756460996622,0.157172549767062,0.159555942407458,0.161906242753808,0.164223060078499,0.166506009416545,0.168754711891619,0.170968795041527,0.173147893142747,0.175291647533687,0.177399706936302,0.179471727775698,0.181507374497366,0.183506319881652,0.185468245355123,0.187392841298453,0.189279807350492,0.191128852708159,0.192939696421814,0.194712067685755,0.1964457061235,0.198140362067529,0.199795796833147,0.201411782986158,0.202988104604,0.204524557530046,0.206020949620771,0.20747710098547,0.208892844218242,0.210268024621933,0.211602500423754,0.212896142982305,0.214148836985785,0.215360480641115,0.216530985853743,0.217660278397855,0.218748298076792,0.219794998873434,0.22080034909036,0.221764331479587,0.222686943361682,0.223568196734065,0.224408118368381,0.225206749896765,0.225964147886862,0.226680383905479,0.227355544570737,0.227989731592614,0.228583061801789,0.229135667166698,0.229647694798725,0.23011930694548,0.230550680972105,0.230942009330589,0.23129349951704,0.231605374016939,0.231877870238364,0.232111240433181,0.232305751606248,0.232461685412654,0.23257933804307,0.232659020097246,0.232701056445763,0.232705786080089,0.232673561951059,0.232604750795856,0.232499732953639,0.232358902169948,0.232182665390019,0.231971442541187,0.231725666304555,0.231445781876105,0.231132246717429,0.230785530296294,0.230406113817223,0.229994489942318,0.229551162502553,0.229076646199746,0.2285714662995,0.228036158315336,0.227471267684316,0.226877349434408,0.226254967843914,0.225604696093215,0.224927115909155,0.224222817202366,0.22349239769785,0.222736462559146,0.221955624006402,0.221150500928712,0.220321718491039,0.219469907736061,0.218595705181302,0.217699752411919,0.216782695669481,0.21584518543712,0.214887876021418,0.213911425131381,0.212916493454849,0.211903744232758,0.210873842831631,0.209827456314671,0.208765253011849,0.207687902089342,0.206596073118699,0.205490435646132,0.204371658762339,0.203240410673216,0.202097358271868,0.200943166712286,0.199778498985072,0.198604015495586,0.197420373644902,0.196228227413951,0.195028226951215,0.193821018164353,0.192607242316096,0.191387535624782,0.190162528869876,0.188932847002828,0.187699108763606,0.186461926303257,0.185221904812808,0.183979642158872,0.182735728526246,0.181490746067829,0.180245268562156,0.178999861078878,0.177755079652443,0.176511470964283,0.175269572033767,0.17402990991819,0.172793001422067,0.171559352815953,0.170329459565056,0.16910380606789,0.167882865405185,0.166667099099282,0.16545695688419,0.16425287648653,0.16305528341751,0.161864590776111,0.160681199063614,0.159505496009637,0.158337856409803,0.157178641975187,0.156028201193651,0.154886869203177,0.153754967677297,0.152632804722694,0.151520674789039,0.150418858591112,0.149327623043254,0.148247221206186,0.147177892246219,0.146119861406865,0.145073339992835,0.144038525366432,0.143015600956287,0.142004736278409,0.141006086969511,0.140019794832536,0.139045987894315,0.138084780475268,0.137136273271057,0.136200553446061,0.135277694738593,0.134367757577704,0.13347078921144,0.132586823846374,0.131715882798274,0.130857974653717,0.130013095442482,0.129181228820513,0.128362346263262,0.127556407269184,0.126763359573178,0.125983139369728,0.125215671545514,0.124460869921244,0.123718637502449,0.12298886673898,0.122271439792901,0.121566228814516,0.120873096226237,0.120191895013989,0.119522469025861,0.11886465327768,0.118218274265201,0.117583150282575,0.116959091746778,0.116345901527662,0.115743375283317,0.115151301800374,0.114569463338906,0.113997635981566,0.113435589986637,0.11288309014463,0.112339896138088,0.111805762904231,0.111280441000082,0.110763676969708,0.11025521371321,0.109754790857098,0.109262145125702,0.108777010713245,0.108299119656223,0.107828202205727,0.107363987199344,0.106906202432261,0.106454575027227,0.106008831803001,0.105568699640941,0.105133905849393,0.104704178525525,0.104279246914254,0.103858841763933,0.103442695678458,0.103030543465471,0.102622122480334,0.102217172965544,0.101815438385292,0.10141666575483,0.101020605964379,0.100627014097244,0.10023564974188,0.0998462772976003,0.0994586662736676,0.0990725915815084,0.0986878338197788,0.0983041795520323,0.0979214215767469,0.0975393591894717,0.0971577984368688,0.096776552362441,0.0963954412437382,0.0960142928208353,0.0956329425158894,0.0952512336436056,0.0948690176124465,0.0944861541164239,0.0941025113173211,0.0937179660172101,0.0933324038211392,0.0929457192898673,0.0925578160825395,0.092168607089211,0.0917780145531373,0.0913859701827554,0.0909924152532918,0.0905973006979467,0.090200587188611,0.0898022452060973,0.0894022550998606,0.0890006071371998,0.088597301541938,0.0881923485225989,0.0877857682901102,0.087377591065069,0.0869678570746224,0.0865566165390156,0.0861439296478746,0.0857298665262992,0.085314507190861,0.0848979414956121,0.084480269068206,0.0840615992362506,0.0836420509440198,0.0832217526596654,0.082800842273087,0.0823794669846141,0.0819577831846633,0.0815359563245428,0.0811141607785931,0.0806925796978533,0.0802714048554599,0.0798508364839849,0.0794310831049285,0.0790123613505781,0.0785948957784737,0.0781789186787146,0.077764669874355,0.0773523965151317,0.0769423528647756,0.0765348000821712,0.0761300059966297,0.0757282448775342,0.0753297971986341,0.0749349493972609,0.0745439936287544,0.0741572275163796,0.073774953897028,0.0733974805629988,0.0730251200001479,0.0726581891226958,0.0722970090049884,0.0719419046105009,0.0715932045183806,0.0712512406478258,0.0709163479805949,0.0705888642819429,0.0702691298202803,0.0699574870858476,0.0696542805086917,0.0693598561762384,0.0690745615507531,0.0687987451869845,0.0685327564502786,0.0682769452354353,0.0680316616865835,0.0677972559183447,0.067574077738553,0.0673624763728047,0.067162800191098,0.0669753964368131,0.0668006109582848,0.0666387879432163,0.0664902696561673,0.0663553961793481,0.0662345051569456,0.0661279315432062,0.0660360073544941,0.0659590614255361,0.0658974191700475,0.0658514023459391,0.0658213288252964,0.0658075123693099,0.0658102624083238,0.0658298838271693,0.0658666767559448,0.0659209363663889,0.0659929526739853,0.0660830103459356,0.0661913885151336,0.0663183606002609,0.0664641941321077,0.066629150586222,0.0668134852219811,0.0670174469281763,0.0672412780751888,0.0674852143738262,0.0677494847408838,0.0680343111714776,0.0683399086182031,0.0686664848771531,0.0690142404808275,0.0693833685979574,0.0697740549402654,0.070186477676163,0.0706208073513764,0.0710772068165021,0.0715558311614775,0.0720568276569502,0.0725803357025117,0.073126486781765,0.0736954044241828,0.0742872041737085,0.0749019935640411,0.0755398721005379,0.0762009312486611,0.0768852544288958,0.0775929170180633,0.0783239863569488,0.0790785217641488,0.0798565745560384,0.0806581880727563,0.0814833977100997,0.0823322309572169,0.0832047074399747,0.0841008389698782,0.0850206295984191,0.0859640756767232,0.0869311659203643,0.0879218814792009,0.0889361960120924,0.0899740757663566,0.0910354796618168,0.0921203593792883,0.0932286594533479,0.0943603173692239,0.0955152636636492,0.0966934220295242,0.0978947094242315,0.0991190361814353,0.100366306126192,0.101636416693204,0.102929259048041,0.104244718211157,0.105582673184545,0.106942997080837,0.108325557254704,0.109730215436372,0.11115682786709,0.112605245436355,0.114075313820747,0.115566873624175,0.117079760519378,0.118613805390505,0.120168834476607,0.121744669515872,0.123341127890418,0.124958022771504,0.126595163264973,0.128252354556766,0.129929398058343,0.131626091551862,0.133342229334947,0.13507760236492,0.13683199840231,0.138605202153528,0.140396995412535,0.142207157201358,0.144035463909326,0.145881689430864,0.147745605301743,0.149626980833624,0.151525583246794,0.153441177800967,0.155373527924028,0.157322395338619,0.159287540186433,0.161268721150141,0.163265695572797,0.165278219574663,0.167306048167354,0.169348935365209,0.171406634293814,0.173478897295591,0.175565476032358,0.17766612158481,0.17978058454885,0.181908615128729,0.184049963226921,0.186204378530668,0.188371610595165,0.190551408923322,0.192743523042073,0.194947702575207,0.197163697312684,0.19939125727641,0.201630132782466,0.203880074499785,0.206140833505264,0.208412161335295,0.210693810033753,0.212985532196401,0.215287081011758,0.217598210298444,0.219918674539018,0.22224822891034,0.224586629310458,0.226933632382087,0.229288995532714,0.231652476951355,0.234023835622032,0.236402831334042,0.23878922468907,0.241182777105201,0.243583250817888,0.245990408877979,0.248404015146858,0.250823834288773,0.253249631760464,0.255681173798138,0.258118227401915,0.260560560317825,0.263007941017457,0.265460138675369,0.267916923144351,0.270378064928673,0.272843335155424,0.275312505544047,0.277785348374166,0.280261636451815,0.282741143074176,0.285223641992963,0.287708907376605,0.29019671377135,0.292686836061368,0.295179049427996,0.297673129308246,0.300168851352724,0.302665991383105,0.305164325349317,0.307663629286541,0.310163679272117,0.312664251382551,0.315165121650741,0.317666066023552,0.320166860319867,0.322667280189268,0.325167101071503,0.327666098156842,0.330164046347461,0.332660720219956,0.335155893989148,0.337649341473276,0.340140836060709,0.342630150678294,0.345117057761457,0.347601329226186,0.350082736443007,0.352561050213106,0.355036040746659,0.35750747764349,0.359975129876154,0.362438765775557,0.364898153019215,0.367353058622263,0.369803248931281,0.372248489621048,0.374688545694313,0.377123181484651,0.379552160662478,0.381975246244312,0.38439220060536,0.386802785495479,0.389206762058548,0.391603890855336,0.393993931889928,0.396376644639782,0.398751788089431,0.40111912076788,0.40347840078969,0.405829385899804,0.408171833522135,0.410505500811931,0.412830144711923,0.415145522012253,0.417451389414181,0.419747503597515,0.422033621291784,0.424309499351118,0.426574894832853,0.428829565079812,0.4310732678062,0.433305761187111,0.435526803951579,0.437736155479141,0.439933575899886,0.442118826197888,0.444291668317943,0.446451865275496,0.448599181269699,0.450733381799549,0.452854233783014,0.454961505679005,0.457054967612107,0.459134391499982,0.461199551183316,0.46325022255819,0.465286183710768,0.467307215054201,0.469313099467611,0.471303622437,0.473278572197892,0.475237739879563,0.477180919650725,0.479107908866522,0.481018508216693,0.482912521874745,0.484789757647982,0.486650027128275,0.488493145843382,0.490318933408671,0.492127213679055,0.493917814900889,0.495690569863653,0.497445316051304,0.499181895793135,0.500900156413917,0.502599950383134,0.504281135463124,0.505943574855912,0.507587137348601,0.509211697457148,0.510817135568277,0.512403338079348,0.513970197535999,0.515517612767382,0.517045489018815,0.518553738081652,0.520042278420183,0.521511035295415,0.522959940885538,0.524388934402904,0.525797962207372,0.527186977915786,0.52855594250749,0.52990482442565,0.531233599674171,0.532542251910092,0.533830772531323,0.53509916075966,0.536347423718894,0.537575576507892,0.538783642268469,0.539971652247931,0.541139645856159,0.542287670717119,0.543415782714637,0.544524046032326,0.545612533187551,0.546681325059386,0.547730510910426,0.548760188402381,0.549770463605427,0.550761451001272,0.551733273479881,0.552686062329817,0.553619957222117,0.55453510618768,0.555431665588073,0.556309800079725,0.557169682571517,0.558011494175745,0.558835424152472,0.559641669847252,0.560430436622267,0.561201937780886,0.561956394485646,0.562694035669719,0.563415097941888,0.564119825485125,0.564808469948839,0.565481290334837,0.566138552877098,0.566780530915409,0.567407504762959,0.568019761567986,0.568617595169595,0.569201305947889,0.569771200668529,0.570327592321819,0.570870799956463,0.571401148508138,0.571918968623022,0.572424596476475,0.57291837358699,0.573400646625566,0.573871767220691,0.574332091759134,0.5747819811827,0.575221800781144,0.575651919981416,0.576072712133447,0.576484554292715,0.576887826999796,0.577282914057084,0.577670202302873,0.578050081382974,0.578422943520005,0.578789183280611,0.579149197340947,0.579503384250579,0.579852144195026,0.580195878757146,0.580534990677588,0.580869883614555,0.581200961903146,0.581528630314483,0.581853293814815,0.582175357324821,0.582495225479405,0.582813302388233,0.58312999139717,0.583445694850836,0.583760813856489,0.584075748049481,0.58439089536053,0.584706651784965,0.585023411154165,0.585341564909417,0.585661501878372,0.585983608054305,0.586308266378313,0.586635856524695,0.586966754689686,0.587301333383676,0.587639961227048,0.587983002749873,0.588330818195614,0.588683763329013,0.589042189248319,0.589406442202016,0.589776863410204,0.590153788890736,0.590537549290233,0.590928469720126,0.591326869597925,0.591733062493829,0.592147355982718,0.59257005150163,0.593001444212808,0.593441822872405,0.593891469704937,0.594350660283546,0.594819663416171,0.595298741037663,0.595788148107921,0.596288132516142,0.596798934991153,0.597320789017857,0.597853920759809,0.598398548987983,0.598954885015722,0.599523132639919,0.600103488088406,0.600696139973528,0.601301269251848,0.601919049189924,0.602549645336145,0.603193215498556,0.603849909728691,0.604519870311344,0.605203231760243,0.605900120819524,0.606610656470988,0.607334949947087,0.608073104749515,0.608825216673303,0.609591373836315,0.610371656714135,0.611166138180263,0.61197488355151,0.612797950638512,0.613635389801285,0.614487244009675,0.615353548908574,0.616234332887803,0.617129617156568,0.618039415822341,0.618963735974054,0.619902577769481,0.620855934526687,0.621823792819385,0.622806132576068,0.623802927182775,0.624814143589353,0.625839742419077,0.626879678081461,0.627933898888079,0.629002347171282,0.630084959405667,0.631181666332161,0.632292393084646,0.633417059318906,0.634555579343758,0.635707862254233,0.636873812066698,0.638053327855755,0.639246303892741,0.64045262978567,0.641672190620505,0.642904867103619,0.644150535705273,0.645409068803941,0.646680334831348,0.647964198418051,0.649260520539418,0.650569158661904,0.6518899668895,0.65322279611024,0.654567494142652,0.655923905881992,0.657291873446186,0.658671236321331,0.660061831506613,0.661463493658502,0.662876055234118,0.664299346633694,0.665733196341967,0.667177431068389,0.668631875886063,0.670096354369256,0.671570688729417,0.67305469994966,0.674548207917589,0.676051031556301,0.677562988953468,0.679083897488414,0.680613573957051,0.682151834694577,0.683698495695911,0.685253372733768,0.686816281474326,0.688387037590347,0.68996545687166,0.691551355332994,0.693144549319056,0.694744855606803,0.69635209150487,0.697966074950144,0.699586624601414,0.70121355993003,0.702846701307584,0.704485870090595,0.70613088870215,0.707781580710438,0.709437770904165,0.711099285364812,0.712765951535686,0.714437598287721,0.716114055982023,0.717795156529116,0.719480733444813,0.721170621902746,0.722864658783546,0.724562682720642,0.726264534142702,0.72797005531281,0.729679090364396,0.731391485333929,0.733107088190326,0.734825748861103,0.736547319255287,0.73827165328309,0.739998606872376,0.741728037981969,0.74345980661183,0.745193774810117,0.746929806677167,0.748667768366456,0.750407528082571,0.752148956076221,0.75389192463631,0.755636308079129,0.757381982734761,0.75912882693067,0.760876720972588,0.762625547122773,0.764375189575703,0.766125534431244,0.767876469665309,0.769627885098092,0.771379672359971,0.7731317248552,0.77488393772344,0.776636207799192,0.778388433569108,0.780140515127331,0.781892354128985,0.783643853741899,0.785394918596631,0.787145454734845,0.788895369556107,0.790644571763189,0.792392971305952,0.794140479323903,0.795887008087477,0.797632470938076,0.799376782226975,0.801119857253244,0.802861612200819,0.80460196407483,0.806340830637284,0.808078130342178,0.80981378227009,0.811547706062351,0.813279821854839,0.815010050211487,0.816738312057617,0.818464528613227,0.820188621326281,0.821910511806086,0.823630121756768,0.82534737291096,0.827062186963763,0.828774485507017,0.830484189963978,0.832191221524617,0.833895501081611,0.835596949167025,0.837295485889686,0.838991030873386,0.840683503196082,0.842372821330181,0.844058903083969,0.845741665544248,0.847421025020264,0.849096896989013,0.850769196042052,0.852437835833881,0.854102729031956,0.855763787268334,0.857420921093032,0.859074039929084,0.860723052029466,0.86236786443598,0.864008382940062,0.865644512045608,0.867276154933906,0.868903213430778,0.870525587975987,0.872143177594976,0.873755879873034,0.875363590931916,0.876966205408891,0.878563616438194,0.880155715634933,0.881742393081498,0.883323537316582,0.8848990353269,0.886468772541578,0.888032632829202,0.889590498497594,0.891142250296339,0.892687767422023,0.894226927526203,0.89575960672615,0.897285679618487,0.898805019295768,0.900317497365891,0.90182298397431,0.903321347829062,0.904812456228628,0.90629617509254,0.907772368994728,0.909240901199544,0.910701633700511,0.912154427261828,0.913599141462612,0.915035634743745,0.916463764457288,0.917883386918527,0.919294357460582,0.920696530491527,0.922089759553973,0.923473897387129,0.924848795991274,0.926214306694554,0.927570280222007,0.928916566766713,0.930253016063048,0.931579477461993,0.932895800008413,0.934201832520231,0.935497423669393,0.936782422064591,0.938056676335691,0.939320035219853,0.94057234764927,0.941813462840413,0.943043230384666,0.944261500340243,0.945468123325335,0.946662950612482,0.947845834224088,0.94901662702898,0.950175182839835,0.951321356511377,0.952455004039225,0.953575982659331,0.954684150947901,0.955779368921696,0.956861498138704,0.957930401799068,0.95898594484614,0.960027994067559,0.96105641819626,0.962071088011375,0.963071876438933,0.964058658652222,0.965031312171727,0.965989716964582,0.966933755543404,0.967863313064487,0.96877827742524,0.969678539360686,0.970563992538941,0.971434533655601,0.972290062526971,0.973130482182016,0.973955698952928,0.974765622564161,0.975560166219854,0.976339246689639,0.977102784392767,0.977850703480508,0.978582931916685,0.979299401556226,0.980000048221635,0.980684811777291,0.981353636201538,0.982006469656596,0.98264326455619,0.983263977630812,0.983868569990521,0.984457007185179,0.985029259262128,0.985585300821179,0.986125111066867,0.986648673857933,0.987155977753977,0.987647016059207,0.988121786863256,0.988580293079056,0.989022542477748,0.989448547720587,0.989858326387807,0.990251901004445,0.990629299063005,0.990990553042922,0.99133570042678,0.991664783713266,0.99197785042689,0.992274953124416,0.992556149397974,0.992821501874881,0.993071078214201,0.993304951099973,0.993523198231075,0.993725902307781,0.993913151015035,0.994085037002361,0.994241657860379,0.994383116093947,0.994509519092012,0.994620979094201,0.994717613154113,0.994799543099288,0.994866895487918,0.994919801562297,0.994958397198949,0.994982822855546,0.994993223514721,0.994989748624852,0.994972552037768,0.994941791943392,0.994897630801379,0.994840235269757,0.994769776130702,0.994686428213503,0.994590370314605,0.994481785114881,0.994360859094211,0.99422778244351,0.994082748974233,0.99392595602541,0.99375760436824,0.993577898108295,0.99338704458545,0.993185254271571,0.992972740666102,0.992749720189659,0.992516412075654,0.992273038259942,0.992019823268592,0.991756994103787,0.991484780127858,0.991203412945641,0.990913126285303,0.990614155877672,0.990306739334118,0.989991116023056,0.989667526945124,0.989336214607176,0.988997422895141,0.988651396945795,0.988298383017513,0.987938628360133,0.987572381083947,0.987199890027922,0.986821404627197,0.986437174779941,0.986047450713674,0.985652482851192,0.985252521676295,0.984847817599289,0.984438620822304,0.984025181204553,0.983607748127597,0.983186570360645,0.982761895925933,0.982333971964244,0.981903044600599,0.981469358810198,0.981033158284731,0.980594685299127,0.980154180578812,0.979711883167562,0.979268030296014,0.978822857250817,0.978376597244457,0.977929481285814,0.977481738051582,0.977033593758574,0.976585272036916,0.976136993804178,0.975688977140616,0.975241437165608,0.974794585915285,0.974348632221412,0.973903781591585,0.973460236090832,0.973018194224695,0.972577850823802,0.972139396930022,0.971703019684309,0.971268902216196,0.970837223535041,0.970408158423056,0.969981877330124,0.969558546270485,0.969138326721295,0.968721375523138,0.968307844782543,0.967897881776576,0.967491628859507,0.967089223371611,0.966690797550195,0.966296478442812,0.96590638782273,0.965520642106661,0.965139352274771,0.964762623792979,0.964390556537575,0.964023244722154,0.963660776826916,0.963303235530426,0.962950697643947,0.962603234048354,0.962260909633697,0.961923783241479,0.961591907609581,0.961265329319784,0.960944088748037,0.960628220017493,0.960317750954334,0.960012703046382,0.959713091404583,0.95941892472741,0.959130205268143,0.958846928805081,0.958569084614791,0.958296655448394,0.958029617510858,0.957767940443309,0.9575115873085,0.957260514579507,0.957014672131702,0.956774003237967,0.956538444567116,0.956307926185547,0.956082371562199,0.955861697576933,0.955645814532379,0.955434626169215,0.955228029684913,0.955025915755973,0.954828168563659,0.954634665823284,0.954445278817147,0.954259872431163,0.954078305195177,0.953900429326954,0.953726090779845,0.953555129294134,0.953387378452203,0.95322266573754,0.953060812597571,0.952901634510378,0.952744941055375,0.952590535987947,0.952438217318033,0.95228777739275,0.952139002983026,0.951991675374208,0.951845570460693,0.951700458844692,0.95155610593911,0.951412272074453,0.951268712609876,0.951125178048445,0.950981414156572,0.950837162087629,0.95069215850979,0.950546135737968,0.95039882186983,0.950249940925861,0.950099212993527,0.949946354375504,0.949791077742025,0.949633092287341,0.949472103890251,0.949307815278667,0.949139926198141,0.948968133584288,0.948792131739135,0.948611612511343,0.948426265480211,0.948235778143342,0.948039836107966,0.947838123285939,0.947630322092331,0.947416113647547,0.947195177982774,0.946967194248665,0.94673184092723,0.946488796046922,0.946237737400923,0.945978342768432,0.945710290138843,0.945433257938717,0.945146925261438,0.944850972099471,0.944545079579177,0.94422893019801,0.943902208063994,0.943564599137364,0.943215791474188,0.942855475471837,0.942483344116155,0.942099093230169,0.941702421724087,0.941293031846523,0.940870629436819,0.940434924178229,0.939985629851768,0.939522464590556,0.939045151134442,0.938553417084787,0.938046995159202,0.937525623445948,0.936989045657766,0.936437011384987,0.935869276347717,0.935285602646794,0.934685759013367,0.93406952105688,0.933436671511258,0.93278700047914,0.932120305673793,0.931436392658439,0.930735075082769,0.930016174916404,0.92927952267903,0.928524957666988,0.927752328176064,0.926961491720221,0.926152315246047,0.925324675342643,0.92447845844676,0.923613561042908,0.92272988985819,0.921827362051534,0.920905905397138,0.919965458461921,0.919005970776609,0.918027403000288,0.917029727078186,0.916012926392389,0.914976995905163,0.913921942294652,0.912847784082712,0.911754551754652,0.910642287870627,0.909511047168462,0.908360896657647,0.907191915704283,0.90600419610679,0.904797842162167,0.903572970722642,0.902329711242481,0.90106820581474,0.899788609197745,0.898491088831161,0.897175824841434,0.895843010036432,0.894492849889127,0.893125562510174,0.891741378609257,0.890340541444998,0.888923306763374,0.887489942724608,0.886040729818414,0.884575960767458,0.883095940418919,0.881600985624109,0.880091425106097,0.878567599315333,0.877029860273248,0.875478571403749,0.873914107352636,0.872336853795013,0.870747207230639,0.869145574767233,0.867532373891817,0.86590803223018,0.864272987294577,0.862627686219864,0.860972585488185,0.859308150642355,0.857634855988026,0.85595318428487,0.854263626426962,0.85256668111253,0.850862854503304,0.849152659873724,0.847436617250214,0.84571525304076,0.843989099655148,0.842258695116156,0.840524582661988,0.838787310340215,0.837047430593553,0.83530549983784,0.833562078032657,0.831817728245009,0.830073016206408,0.828328509863731,0.826584778924343,0.824842394396022,0.823101928122128,0.821363952312475,0.819629039070416,0.817897759916558,0.816170685309605,0.81444838416482,0.812731423370701,0.81102036730441,0.8093157773465,0.807618211395518,0.805928223383037,0.804246362789717,0.802573174163013,0.800909196637105,0.799254963455597,0.797611001497535,0.795977830807355,0.794355964129349,0.792745906447345,0.791148154530184,0.789563196483581,0.787991511309022,0.786433568470322,0.784889827468443,0.78336073742512,0.78184673667592,0.780348252373257,0.778865700100071,0.777399483494758,0.775949993887932,0.774517609951537,0.773102697360856,0.771705608469984,0.770326682001265,0.768966242749229,0.76762460129949,0.766302053763109,0.764998881526857,0.763715351019836,0.762451713496895,0.761208204839192,0.759985045372284,0.758782439702149,0.757600576569488,0.756439628722592,0.755299752809071,0.754181089286814,0.753083762354376,0.752007879901035,0.75095353347664,0.749920798281412,0.748909733175868,0.747920380710996,0.746952767178754,0.746006902682959,0.745082781230528,0.744180380842983,0.743299663688108,0.742440576231702,0.741603049409291,0.740786998817651,0.739992324925979,0.73921891330644,0.738466634883871,0.737735346204343,0.737024889722195,0.736335094105159,0.735665774557203,0.735016733158651,0.734387759223066,0.733778629670375,0.733189109415696,0.732618951773284,0.732067898874973,0.731535682102537,0.7310220225333,0.730526631398262,0.730049210551979,0.729589452953411,0.729147043156978,0.72872165781299,0.728312966176611,0.727920630624447,0.72754430717789,0.727183646032329,0.726838292091235,0.726507885504163,0.726192062207673,0.725890454468213,0.725602691425994,0.725328399638862,0.72506720362504,0.724818726403721,0.724582590032495,0.724358416140513,0.724145826456444,0.72394444333015,0.723753890247076,0.723573792334314,0.723403776857307,0.723243473706174,0.723092515870646,0.722950539902713,0.722817186366088,0.722692100271543,0.722574931497227,0.722465335193143,0.722362972168902,0.722267509263945,0.722178619699496,0.722095983411544,0.722019287364155,0.721948225842437,0.721882500724613,0.72182182173268,0.721765906661115,0.721714481583208,0.721667281034656,0.721624048174165,0.721584534920793,0.721548502067874,0.721515719373414,0.721485965626918,0.721459028692703,0.721434705529753,0.721412802188303,0.721393133783391,0.721375524445742,0.721359807250476,0.721345824124063,0.721333425730036,0.721322471334099,0.721312828649362,0.721304373662503,0.721296990441793,0.721290570927955,0.72128501470883,0.721280228778967,0.721276127285268,0.721272631259897,0.721269668341838,0.721267172488476,0.721265083678591,0.721263347608181,0.721261915380631,0.721260743192794,0.721259792018554,0.721259027291469,0.721258418588101,0.721257939313646,0.721257566391453,0.72125727995807,0.721257063065436,0.721256901391722,0.721256782962272,0.721256697882156,0.721256638081597,0.721256597075509,0.721256569738282,0.721256552094846,0.721256541128849,0.721256534608627
0.0288652672929433,0.0288872249620321,0.0289093220934194,0.0289316792891301,0.0289544208320576,0.0289776744076008,0.0290015708045832,0.029026243595781,0.0290518287985338,0.0290784645160613,0.0291062905602711,0.0291354480570033,0.0291660790348377,0.0291983259987637,0.0292323314901912,0.0292682376349601,0.0293061856811809,0.029346315528905,0.0293887652537889,0.0294336706270596,0.0294811646342315,0.0295313769951433,0.0295844336879861,0.0296404564800744,0.0296995624681614,0.0297618636311301,0.0298274663978938,0.0298964712333098,0.0299689722448449,0.0300450568126433,0.0301248052455218,0.0302082904652604,0.0302955777213828,0.030386724338405,0.0304817794972989,0.0305807840526589,0.0306837703867917,0.0307907623016596,0.0309017749493086,0.0310168148011111,0.0311358796558418,0.0312589586863097,0.0313860325239676,0.0315170733806364,0.0316520452062067,0.0317909038809301,0.0319335974406778,0.0320800663333385,0.0322302437043409,0.0323840557091341,0.0325414218503214,0.0327022553370411,0.0328664634641145,0.0330339480084315,0.0332046056400197,0.0333783283452411,0.0335550038595881,0.0337345161075991,0.0339167456474667,0.0341015701179959,0.0342888646856616,0.0344785024896222,0.0346703550826552,0.0348642928661071,0.0350601855170748,0.0352579024061626,0.0354573130042926,0.0356582872771752,0.0358606960661795,0.0360644114544709,0.0362693071174062,0.036475258656298,0.0366821439147744,0.0368898432770724,0.0370982399477083,0.0373072202120644,0.0375166736775235,0.0377264934948692,0.0379365765597536,0.0381468236941128,0.0383571398074748,0.0385674340381783,0.0387776198745739,0.0389876152563462,0.0391973426561442,0.0394067291417618,0.0396157064191574,0.0398242108566459,0.0400321834906404,0.0402395700133618,0.0404463207429754,0.0406523905766525,0.0408577389270882,0.0410623296430439,0.0412661309145216,0.0414691151632091,0.0416712589188696,0.0418725426823764,0.0420729507761318,0.042272471182636,0.0424710953720059,0.0426688181192609,0.0428656373122243,0.0430615537509112,0.0432565709392996,0.0434506948704,0.0436439338055602,0.0438362980489583,0.0440277997182503,0.0442184525123498,0.0444082714773218,0.0445972727713759,0.0447854734299427,0.0449728911318222,0.0451595439673786,0.0453454502097447,0.0455306280899762,0.0457150955770854,0.0458988701638542,0.0460819686592976,0.0462644069886155,0.0464462000014299,0.0466273612890646,0.046807903011577,0.0469878357352056,0.0471671682808357,0.0473459075840327,0.0475240585671329,0.0477016240238207,0.0478786045165504,0.0480549982871056,0.0482308011805234,0.0484060065825392,0.0485806053706392,0.0487545858787344,0.0489279338754018,0.0491006325555702,0.0492726625454591,0.0494440019205178,0.0496146262360409,0.0497845085700794,0.0499536195782067,0.0501219275596476,0.0502893985342203,0.0504559963295004,0.0506216826775725,0.050786417320691,0.0509501581251374,0.0511128612025378,0.0512744810378774,0.051434970623425,0.0515942815977667,0.0517523643891367,0.0519091683622309,0.052064641967687,0.0522187328934192,0.0523713882170024,0.0525225545583084,0.0526721782316176,0.0528202053964466,0.0529665822063552,0.0531112549550266,0.0532541702189492,0.0533952749960585,0.0535345168397351,0.0536718439875939,0.0538072054845409,0.0539405512996204,0.0540718324362128,0.0542010010351941,0.0543280104707148,0.0544528154383091,0.0545753720350929,0.0546956378318601,0.0548135719369361,0.054929135051696,0.0550422895177067,0.0551529993555032,0.055261230295059,0.0553669497980677,0.0554701270721891,0.0555707330774618,0.0556687405251297,0.055764123869171,0.0558568592908608,0.05594692467674,0.0560342995903965,0.0561189652385045,0.0562009044315967,0.0562801015400807,0.0563565424460332,0.0564302144913329,0.0565011064227078,0.0565692083342937,0.056634511608318,0.0566970088545296,0.0567566938490037,0.0568135614729626,0.0568676076522501,0.0569188292980879,0.0569672242497368,0.057012791219674,0.0570555297418906,0.0570954401238899,0.0571325234029452,0.0571667813071481,0.0571982162217486,0.0572268311612583,0.057252629747753,0.0572756161957735,0.0572957953041753,0.0573131724552392,0.0573277536213045,0.0573395453791406,0.0573485549322134,0.0573547901409496,0.0573582595610469,0.0573589724898256,0.0573569390205531,0.0573521701046178,0.0573446776213662,0.05733447445536,0.0573215745807422,0.0573059931523478,0.0572877466031336,0.057266852747444,0.0572433308895681,0.0572172019369971,0.0571884885177244,0.0571572151008885,0.0571234081200032,0.0570870960979759,0.0570483097730713,0.0570070822249389,0.0569634489997756,0.0569174482336702,0.0568691207731445,0.0568185102918885,0.0567656634026548,0.0567106297632603,0.0566534621756324,0.0565942166768328,0.056532952620995,0.0564697327511107,0.0564046232596203,0.0563376938367786,0.0562690177057823,0.0561986716436825,0.0561267359871405,0.0560532946221312,0.0559784349567487,0.0559022478763309,0.0558248276801852,0.0557462719992743,0.0556666816942919,0.0555861607336595,0.0555048160510721,0.0554227573823197,0.0553400970812301,0.0552569499147018,0.0551734328369178,0.0550896647429715,0.0550057662022762,0.0549218591722809,0.0548380666931664,0.0547545125643503,0.0546713210037926,0.054588616291258,0.0545065223968548,0.0544251625963327,0.0543446590747823,0.0542651325205395,0.0541867017112528,0.0541094830942288,0.0540335903633073,0.0539591340346462,0.0538862210239126,0.0538149542274901,0.0537454321103927,0.0536777483036576,0.0536119912140446,0.0535482436489028,0.0534865824590811,0.0534270782027498,0.0533697948329639,0.0533147894117478,0.0532621118534011,0.0532118046996261,0.0531639029289494,0.0531184338027648,0.0530754167501443,0.0530348632933748,0.052996777015967,0.0529611535746612,0.0529279807567102,0.0528972385834596,0.0528688994609834,0.0528429283782647,0.0528192831531284,0.052797914725861,0.052778767500171,0.0527617797308701,0.0527468839573873,0.0527340074819697,0.052723072891174,0.0527139986190194,0.0527066995499433,0.0527010876595011,0.052697072690559,0.052694562862557,0.052693465611258,0.0526936883562598,0.052695139293431,0.0526977282093142,0.0527013673144584,0.0527059720925639,0.0527114621622515,0.0527177621482141,0.0527248025584633,0.0527325206643527,0.052740861380024,0.0527497781378974,0.0527592337568024,0.0527692012993108,0.052779664914814,0.0527906206648601,0.0528020773272356,0.0528140571752361,0.0528265967285327,0.0528397474719915,0.0528535765387485,0.0528681673537829,0.0528836202341735,0.052900052942158,0.0529176011870486,0.0529364190720008,0.0529566794815784,0.0529785744060073,0.0530023151979789,0.0530281327578568,0.0530562776431482,0.0530870200981398,0.0531206499996754,0.0531574767151742,0.0531978288691695,0.0532420540148693,0.0532905182075382,0.0533436054768641,0.053401717195925,0.0534652713448961,0.0535347016682538,0.0536104567249365,0.0536929988317247,0.0537828029009846,0.0538803551748913,0.0539861518592974,0.0541006976615423,0.0542245042376706,0.0543580885557538,0.0545019711832422,0.0546566745075232,0.054822720900075,0.0550006308357726,0.0551909209799789,0.0553941022570278,0.0556106779145366,0.0558411415986518,0.0560859754558004,0.0563456482767682,0.056620613698945,0.0569113084823435,0.0572181508745152,0.0575415390787387,0.0578818498388652,0.0582394371529793,0.0586146311265942,0.0590077369744649,0.0594190341783173,0.0598487758058931,0.0602971879947192,0.0607644696020103,0.0612507920200978,0.0617562991548168,0.0622811075624165,0.0628253067388177,0.0633889595534571,0.0639721028185451,0.0645747479833715,0.0651968819423022,0.0658384679443445,0.0664994465916169,0.0671797369137316,0.0678792375049725,0.0685978277112402,0.0693353688539773,0.0700917054786961,0.0708666666162863,0.0716600670459234,0.0724717085491392,0.0733013811454448,0.0741488643007452,0.0750139281006735,0.0758963343818686,0.0767958378151127,0.0777121869351168,0.0786451251125882,0.0795943914650221,0.0805597217034134,0.081540848912801,0.0825375042652057,0.0835494176641189,0.0845763183202583,0.0856179352587978,0.0866739977587282,0.0877442357253999,0.0888283799976392,0.0899261625911302,0.0910373168800208,0.0921615777189287,0.0932986815077176,0.0944483662015634,0.0956103712689692,0.0967844376004968,0.0979703073710688,0.0991677238587656,0.100376431223089,0.101596174245696,0.102826698036629,0.104067747709074,0.105319068025698,0.106580403019567,0.107851495592668,0.109132087095003,0.110421916887209,0.111720721889618,0.113028236120606,0.114344190227066,0.115668311009737,0.117000320946105,0.118339937713478,0.119686873714801,0.12104083560969,0.122401523853088,0.123768632243847,0.125141847485472,0.126520848761157,0.127905307325151,0.129294886112373,0.130689239368091,0.132088012299386,0.133490840750008,0.13489735090012,0.136307158992309,0.137719871085135,0.139135082835373,0.140552379310012,0.141971334828903,0.143391512838879,0.144812465820006,0.146233735224545,0.147654851449067,0.149075333840048,0.150494690733198,0.151912419526638,0.153328006787942,0.154740928394961,0.15615064971023,0.157556625788681,0.158958301618298,0.160355112393257,0.161746483819007,0.163131832448653,0.164510566049949,0.165882084002132,0.167245777721733,0.168601031116479,0.169947221066307,0.171283717930491,0.172609886079809,0.173925084452668,0.175228667134034,0.176519983956003,0.17779838111881,0.179063201831014,0.180313786967613,0.181549475744826,0.182769606410235,0.183973516947005,0.185160545790853,0.186330032558448,0.187481318785932,0.188613748676241,0.189726669853937,0.190819434126246,0.191891398248989,0.192941924696133,0.1939703824317,0.194976147682776,0.195958604712372,0.196917146590929,0.197851175965281,0.198760105823889,0.199643360257222,0.200500375212153,0.201330599239288,0.202133494232142,0.202908536157129,0.203655215773338,0.204373039341154,0.205061529318765,0.205720225045668,0.206348683412271,0.206946479514758,0.207513207294404,0.208048480160538,0.208551931596405,0.209023215747231,0.2094620079898,0.209868005482908,0.210240927698057,0.210580516929818,0.210886538785303,0.211158782652233,0.211397062145107,0.21160121552902,0.211771106120694,0.211906622666318,0.21200767969583,0.2120742178533,0.212106204203101,0.212103632511567,0.212066523503851,0.211994925095719,0.211888912600061,0.211748588907875,0.211574084643554,0.211365558294279,0.211123196313354,0.210847213197319,0.210537851536695,0.210195382040205,0.209820103532339,0.209412342924107,0.208972455156823,0.208500823118784,0.207997857534655,0.207463996827415,0.206899706952677,0.206305481205172,0.205681839997193,0.20502933060877,0.204348526909288,0.20364002905026,0.202904463128936,0.202142480822401,0.201354758991751,0.200541999255917,0.199704927534637,0.198844293560066,0.197960870356453,0.197055453687247,0.196128861468959,0.19518193315105,0.194215529061061,0.193230529714183,0.192227835086381,0.191208363850122,0.190173052571777,0.189122854869669,0.188058740531748,0.186981694591824,0.185892716363281,0.18479281842918,0.18368302558768,0.182564373751707,0.181437908801868,0.180304685391621,0.179165765703843,0.178022218158,0.176875116067284,0.175725536245217,0.174574557561444,0.173423259446619,0.172272720346542,0.171124016126038,0.169978218423362,0.168836392956318,0.167699597781649,0.166568881509763,0.165445281477308,0.164329821880694,0.163223511874162,0.162127343636673,0.161042290412457,0.159969304530753,0.15890931541092,0.157863227559785,0.156831918568788,0.155816237119099,0.154817001003553,0.15383499517485,0.152870969830045,0.151925638541796,0.150999676447322,0.15009371850631,0.149208357839258,0.14834414415785,0.147501582298932,0.146681130873531,0.145883201042049,0.145108155426314,0.144356307168592,0.143627919146873,0.142923203354864,0.142242320454078,0.141585379504219,0.140952437876789,0.140343501355405,0.139758524424867,0.139197410749432,0.13866001383917,0.13814613790167,0.137655538874779,0.137187925634509,0.136742961370746,0.136320265121977,0.135919413458974,0.135539942306173,0.135181348888494,0.134843093790459,0.134524603113798,0.134225270719203,0.133944460537545,0.13368150893571,0.133435727122244,0.133206403578156,0.132992806498574,0.132794186231446,0.132609777700049,0.132438802796852,0.132280472737031,0.132133990360878,0.131998552375273,0.13187335152541,0.131757578688977,0.131650424886004,0.131551083198654,0.131458750596205,0.131372629661489,0.131291930215951,0.13121587084143,0.131143680297525,0.131074598834254,0.131007879400364,0.13094278874833,0.130878608437645,0.130814635738514,0.130750184438515,0.13068458555517,0.13061718795769,0.130547358901423,0.130474484478738,0.130397969990246,0.130317240240386,0.130231739761462,0.130140932970277,0.1300443042615,0.129941358041857,0.129831618709235,0.129714630580665,0.129589957773105,0.129457184040799,0.129315912572894,0.129165765754862,0.129006384897143,0.128837429934294,0.128658579097749,0.128469528565202,0.128269992089446,0.128059700609364,0.127838401845613,0.127605859883407,0.127361854744649,0.127106181951553,0.126838652083731,0.126559090330615,0.126267336040941,0.125963242270925,0.125646675332631,0.125317514343933,0.124975650781371,0.124620988037085,0.124253440980941,0.12387293552884,0.123479408218122,0.123072805790914,0.122653084786178,0.122220211141142,0.121774159802728,0.121314914349522,0.120842466624797,0.120356816380997,0.119857970936063,0.11934594484189,0.118820759565199,0.118282443181015,0.117731030078939,0.117166560682346,0.116589081180575,0.115998643274139,0.115395303932978,0.114779125167707,0.114150173813809,0.113508521328665,0.112854243601291,0.112187420774629,0.111508137080204,0.110816480684944,0.110112543549921,0.109396421300771,0.108668213109511,0.107928021587477,0.107175952689051,0.106412115625859,0.105636622791076,0.104849589693504,0.104051134901038,0.103241379993134,0.102420449521891,0.10158847098131,0.100745574784353,0.0998918942473547,0.0990275655813842,0.0981527278901274,0.0972675231738511,0.0963720963390047,0.0954665952130287,0.0945511705639288,0.0936259761241731,0.0926911686184752,0.0917469077950286,0.0907933564597644,0.0898306805132004,0.0888590489894598,0.0878786340970449,0.0868896112609522,0.0858921591657213,0.0848864597990187,0.0838726984953768,0.0828510639797145,0.081821748410277,0.0807849474206437,0.0797408601604527,0.0786896893345006,0.0776316412398949,0.076566925800959,0.0754957566015925,0.0744183509148011,0.0733349297291307,0.0722457177717488,0.0711509435279325,0.0700508392567406,0.0689456410026699,0.0678355886031054,0.0667209256913902,0.0656018996953596,0.0644787618312085,0.0633517670925728,0.0622211742347219,0.0610872457537784,0.0599502478609093,0.0588104504514557,0.0576681270689886,0.0565235548643114,0.0553770145494511,0.0542287903467143,0.053079169932913,0.0519284443789003,0.0507769080845981,0.0496248587097487,0.0484725971006741,0.0473204272133779,0.0461686560334031,0.0450175934929333,0.0438675523857231,0.0427188482805554,0.041571799434055,0.0404267267038518,0.039283953463282,0.0381438055190546,0.037006611033608,0.0358727004542531,0.0347424064516527,0.0336160638707646,0.0324940096981112,0.0313765830501736,0.030264125188912,0.0291569795719745,0.0280554919471944,0.0269600105036663,0.0258708860952634,0.0247884725572613,0.023713127143256,0.0226452111184883,0.0215850905580767,0.0205331374160418,0.0194897309557365,0.0184552596679675,0.01743012385535,0.016414739139268,0.0154095412638442,0.0144149927538742,0.013431592272178,0.0124598879886849,0.0115004970490848,0.0105541345568446,0.00962165782334769,0.00870413592357719,0.00780296274546741,0.00692004792530666,0.00605815384273963,0.0052215208537155,0.00441709273616728,0.00365705413988061,0.00296428424939973,0.00238358608537835,0.00199722525782487,0.00190791275191479,0.00213673907719607,0.00258761179912629,0.00315602695373217,0.00378022432819156,0.00442885420454589,0.00508575952372127,0.00574208480509922,0.00639263882754053,0.00703418382379406,0.00766458699354456,0.0082823749534715,0.00888648702196624,0.00947613201465384,0.0100507016261701,0.0106097161240825,0.0111527892192667,0.0116796047117227,0.0121899005889544,0.0126834579694295,0.0131600932723997,0.0136196525828708,0.0140620075392927,0.0144870522961632,0.0148947012575651,0.015284887371677,0.0156575608389146,0.0160126881288064,0.0163502512299319,0.0166702470776818,0.016972687119086,0.017257596984346,0.0175250162422775,0.0177749982224231,0.0180076098907399,0.0182229317688771,0.0184210578894337,0.0186020957814111,0.0187661664814972,0.0189134045679385,0.0190439582146621,0.0191579892640341,0.0192556733172477,0.0193371998418359,0.01940277229624,0.0194526082717377,0.0194869396523731,0.0195060127938312,0.0195100887224738,0.0194994433560129,0.0194743677475358,0.019435168354819,0.0193821673370783,0.0193157028814845,0.0192361295619492,0.019143818732818,0.0190391589602124,0.0189225564938128,0.0187944357818599,0.0186552400320509,0.0185054318208047,0.0183454937530145,0.0181759291738827,0.0179972629336654,0.0178100422051082,0.0176148373519495,0.0174122428450177,0.0172028782200616,0.0169873890684174,0.0167664480478038,0.0165407558958105,0.0163110424228588,0.0160780674544282,0.0158426216840189,0.0156055273885672,0.0153676389468145,0.0151298430884963,0.0148930587883881,0.0146582367046116,0.014426358045863,0.0141984327383998,0.0139754967521548,0.0137586084381518,0.0135488437288601,0.0133472900620284,0.0131550389099085,0.0129731768325428,0.0128027750283399,0.012644877428673,0.0125004874749792,0.0123705538234329,0.0122559553371423,0.0121574858390973,0.0120758391981149,0.0120115953905918,0.01196520820933,0.0119369952664781,0.0119271308557215,0.011935642101795,0.0119624086437612,0.0120071658900068,0.0120695116697269,0.0121489159108186,0.0122447328175742,0.0123562149171885,0.0124825282977687,0.0126227683702005,0.0127759755432334,0.0129411502926429,0.0131172672168802,0.0133032877895327,0.0134981716319105,0.0137008862290789,0.013910415094978,0.0141257644551772,0.0143459685598279,0.0145700937665631,0.0147972415463053,0.0150265505673051,0.0152571980072385,0.0154884002324589,0.0157194129697022,0.0159495310803289,0.0161780880317923,0.0164044551462488,0.0166280406926069,0.0168482888761171,0.017064678768941,0.0172767232159975,0.0174839677426778,0.0176859894846206,0.0178823961544966,0.018072825056514,0.0182569421559701,0.0184344412085127,0.0186050429517016,0.0187684943598837,0.0189245679622087,0.0190730612227421,0.0192137959810109,0.0193466179509001,0.0194713962755433,0.0195880231356934,0.0196964134089815,0.0197965043774525,0.019888255480789,0.019971648112673,0.0200466854577856,0.0201133923669858,0.0201718152682395,0.020222022110869,0.0202641023406742,0.020298166903405,0.0203243482739575,0.020342800508498,0.0203536993164967,0.0203572421493631,0.0203536483020097,0.0203431590232298,0.0203260376302494,0.0203025696221915,0.0202730627864739,0.020237847291351,0.020197275756896,0.0201517232957039,0.020101587513497,0.0200472884586193,0.0199892685081592,0.019927992177137,0.0198639458358919,0.0197976373195242,0.0197295954120591,0.0196603691869643,0.0195905271848472,0.0195206564086879,0.0194513611169105,0.0193832613951049,0.0193169914883756,0.0192531978782566,0.0191925370909994,0.0191356732279146,0.0190832752133948,0.0190360137622983,0.0189945580755004,0.0189595722805319,0.0189317116431402,0.0189116185850691,0.0188999185530116,0.0188972157931155,0.0189040890941195,0.0189210875696294,0.0189487265556727,0.0189874837029975,0.0190377953441833,0.0191000532132279,0.0191746015897281,0.0192617349311596,0.0193616960453618,0.0194746748416016,0.0196008076831719,0.0197401773481337,0.0198928135883515,0.0200586942612227,0.0202377469942151,0.0204298513301338,0.0206348412914194,0.0208525082950039,0.0210826043454107,0.0213248454327924,0.0215789150641985,0.0218444678602004,0.0221211331546236,0.0224085185420757,0.0227062133257337,0.0230137918260249,0.0233308165190097,0.0236568409811354,0.0239914126243292,0.0243340752119679,0.024684371151989,0.025041843568252,0.0254060381552277,0.0257765048242152,0.0261527991516358,0.026534483641606,0.0269211288160515,0.0273123141461731,0.0277076288392055,0.0281066724942174,0.0285090556402457,0.0289144001694209,0.0293223396769724,0.0297325197191516,0.0301445979992215,0.0305582444907551,0.030973141506602,0.0313889837210148,0.0318054781516165,0.0322223441071216,0.0326393131060153,0.0330561287707455,0.0334725467013926,0.0338883343322448,0.0343032707742326,0.0347171466457503,0.0351297638940144,0.0355409356087757,0.0359504858299138,0.0363582493501892,0.0367640715142111,0.0371678080144871,0.0375693246852596,0.037968497294695,0.0383652113358759,0.0387593618169444,0.039150853050666,0.0395395984436148,0.0399255202851233,0.0403085495360927,0.0406886256177262,0.0410656962002205,0.0414397169914226,0.0418106515254475,0.0421784709512405,0.0425431538210601,0.0429046858788555,0.0432630598485107,0.0436182752219304,0.0439703380469457,0.0443192607150249,0.0446650617487775,0.0450077655892534,0.0453474023830404,0.0456840077691793,0.0460176226659205,0.0463482930573556,0.046676069779973,0.0470010083091992,0.0473231685459933,0.0476426146035721,0.0479594145943565,0.0482736404172339,0.0485853675452461,0.0488946748138194,0.0492016442096658,0.0495063606604889,0.0498089118256357,0.0501093878878447,0.0504078813462505,0.0507044868108073,0.0509993007983041,0.051292421530145,0.0515839487320796,0.0518739834360667,0.052162627784453,0.0524499848366581,0.0527361583785551,0.0530212527347373,0.0533053725838617,0.0535886227772611,0.0538711081610068,0.0541529334016153,0.054434202815581,0.0547150202029191,0.0549954886848931,0.0552757105460952,0.0555557870810393,0.0558358184454187,0.0561159035121727,0.0563961397325002,0.0566766230019519,0.0569574475317231,0.0572387057252488,0.0575204880601975,0.0578028829759486,0.058085976766632,0.0583698534797927,0.0586545948207265,0.0589402800625204,0.059226985961821,0.059514786680336,0.059803753712065,0.0600939558162452,0.0603854589559776,0.060678326242494,0.0609726178850074,0.0612683911460749,0.061565700302386,0.0618645966108838,0.0621651282801093,0.0624673404466531,0.0627712751565876,0.0630769713517468,0.0633844648607049,0.0636937883942999,0.0640049715455391,0.0643180407937212,0.0646330195126055,0.0649499279824447,0.0652687834056963,0.0655895999262304,0.0659123886518437,0.0662371576798899,0.0665639121258312,0.0668926541545179,0.0672233830139957,0.0675560950716525,0.0678907838525148,0.0682274400795076,0.0685660517154903,0.0689066040068893,0.06924907952875,0.0695934582310321,0.0699397174859804,0.0702878321364122,0.0706377745447646,0.070989514642752,0.0713430199814928,0.071698255781977,0.0720551849857508,0.0724137683056917,0.0727739642767642,0.0731357293066485,0.0734990177261404,0.0738637818392368,0.0742299719728233,0.0745975365258957,0.0749664220182464,0.0753365731385524,0.0757079327918114,0.0760804421460841,0.0764540406785024,0.0768286662205093,0.0772042550023076,0.0775807416964963,0.0779580594608793,0.0783361399804392,0.078714913508483,0.0790943089069613,0.0794742536859747,0.0798546740424795,0.0802354948982079,0.0806166399368231,0.0809980316403397,0.0813795913248388,0.0817612391755087,0.0821428942810482,0.0825244746674695,0.0829058973313443,0.0832870782725337,0.0836679325264527,0.084048374195918,0.0844283164826297,0.084807671718336,0.0851863513957351,0.0855642661991687,0.0859413260351651,0.086317440062878,0.0866925167244706,0.0870664637755049,0.0874391883153817,0.0878105968178863,0.0881805951618925,0.0885490886622725,0.0889159821010664,0.0892811797589591,0.0896445854471124,0.0900061025393943,0.090365634005052,0.0907230824418773,0.0910783501099054,0.0914313389656749,0.0917819506970798,0.0921300867588513,0.0924756484087053,0.0928185367441777,0.0931586527401844,0.0934958972873391,0.0938301712310461,0.0941613754113847,0.0944894107038031,0.0948141780606368,0.0951355785534594,0.0954535134162838,0.0957678840896219,0.0960785922654074,0.0963855399327917,0.0966886294248117,0.0969877634659221,0.0972828452203829,0.097573778341499,0.0978604670217082,0.0981428160435045,0.0984207308311819,0.0986941175033895,0.0989628829264868,0.0992269347686891,0.0994861815549812,0.0997405327227775,0.0999898986783025,0.100234190853676,0.100473321764679,0.10070720506918,0.100935755626171,0.10115888955541,0.101376524297624,0.101588578675264,0.101794972953772,0.101995628903347,0.102190469861184,0.102379420794148,0.102562408361865,0.102739360980197,0.102910208885078,0.10307488419669,0.103233320983943,0.103385455329234,0.103531225393463,0.103670571481284,0.103803436106566,0.103929764058061,0.104049502465226,0.104162600864215,0.104269011264009,0.104368688212673,0.104461588863716,0.104547673042548,0.104626903312996,0.104699245043889,0.104764666475706,0.104823138787267,0.104874636162475,0.10491913585711,0.104956618265646,0.104987066988128,0.105010468897075,0.105026814204412,0.10503609652843,0.105038312960781,0.10503346413349,0.105021554286,0.105002591332235,0.104976586927692,0.104943556536545,0.104903519498775,0.104856499097296,0.104802522625116,0.104741621452498,0.104673831094133,0.104599191276287,0.104517746003915,0.104429543627727,0.104334636911186,0.104233083097404,0.10412494397592,0.104010285949323,0.103889180099675,0.103761702254658,0.103627933053406,0.103487958011944,0.10334186758817,0.103189757246303,0.103031727520683,0.102867884078832,0.102698337783649,0.102523204754613,0.102342606427838,0.102156669614836,0.101965526559804,0.101769314995254,0.101568178195777,0.101362265029705,0.101151730008423,0.100936733333074,0.100717440938358,0.100494024533132,0.100266661637465,0.1000355356158,0.09980083570583,0.0995627570427046,0.099321500678114,0.0990772735938182,0.0988302887091321,0.0985807648818554,0.0983289269021178,0.0980750054785814,0.0978192372164158,0.0975618645864342,0.0973031358847683,0.0970433051824136,0.0967826322639704,0.0965213825548942,0.0962598270365483,0.0959982421483401,0.0957369096762016,0.0954761166266733,0.0952161550858478,0.0949573220624351,0.0946999193142204,0.0944442531571939,0.0941906342566615,0.0939393773996681,0.0936908012480973,0.0934452280718541,0.0932029834616,0.0929643960205692,0.0927297970350638,0.0924995201233057,0.0922739008624226,0.0920532763934377,0.0918379850042522,0.0916283656907314,0.0914247576961415,0.0912275000293179,0.0910369309621056,0.090853387506778,0.0906772048743152,0.0905087159145851,0.0903482505396595,0.0901961351316708,0.0900526919367993,0.0899182384471762,0.0897930867726685,0.0896775430046897,0.0895719065743557,0.0894764696074643,0.0893915162789215,0.0893173221693797,0.0892541536269606,0.0892022671370364,0.0891619087031212,0.0891333132419701,0.0891167039960091,0.0891122919662177,0.0891202753685621,0.0891408391170007,0.0891741543359978,0.0892203779053588,0.089279652040045,0.0893521039074507,0.0894378452844122,0.0895369722559902,0.0896495649578121,0.0897756873634851,0.0899153871182973,0.0900686954201268,0.0902356269481605,0.0904161798397116,0.0906103357151011,0.0908180597502483,0.0910393007963027,0.0912739915453616,0.0915220487410329,0.0917833734323252,0.0920578512691027,0.0923453528371198,0.0926457340304428,0.0929588364588865,0.0932844878879567,0.093622502708663,0.0939726824344714,0.094334816222599,0.0947086814168148,0.0950940441089056,0.09549065971598,0.0958982735708191,0.0963166215225318,0.0967454305448592,0.0971844193495605,0.0976332990024282,0.0980917735396004,0.0985595405819733,0.0990362919456486,0.0995217142464979,0.100015489497078,0.100517295694271,0.101026807396196,0.101543696287052,0.102067631728759,0.102598281298324,0.103135311310066,0.10367838732193,0.104227174625244,0.104781338717405,0.105340545757051,0.105904463001437,0.106472759225772,0.1070451051244,0.107621173693737,0.108200640597,0.108783184510782,0.10936848745359,0.109956235096508,0.11054611705618,0.111137827170357,0.11173106375626,0.112325529852052,0.112920933441728,0.113516987663715,0.114113411003508,0.114709927470675,0.115306266760553,0.115902164400951,0.1164973618842,0.117091606784865,0.117684652863437,0.11827626015633,0.118866195052475,0.119454230356803,0.120040145340912,0.120623725781179,0.121204763984588,0.121783058802532,0.122358415632828,0.122930646410215,0.123499569585555,0.124065010093997,0.12462679931233,0.12518477500574,0.125738781264205,0.126288668428727,0.126834293007656,0.127375517583313,0.12791221070918,0.128444246797857,0.128971506000025,0.129493874074663,0.130011242250745,0.130523507080683,0.13103057028577,0.131532338593893,0.132028723569799,0.132519641438216,0.133005012900136,0.133484762942563,0.133958820642071,0.134427118962528,0.134889594547301,0.135346187506345,0.135796841198548,0.136241502009738,0.136680119126757,0.137112644308052,0.137539031651217,0.137959237357956,0.138373219496925,0.138780937764931,0.139182353247,0.139577428175788,0.139966125690879,0.140348409598468,0.140724244131961,0.141093593714054,0.141456422720811,0.141812695248275,0.142162374882193,0.142505424471399,0.142841805905388,0.143171479896618,0.143494405768081,0.143810541246666,0.144119842262856,0.144422262757271,0.144717754494565,0.145006266885186,0.145287746815466,0.145562138486534,0.145829383262499,0.146089419528316,0.146342182557744,0.146587604391812,0.146825613728131,0.147056135821428,0.147279092395601,0.147494401567607,0.147701977783454,0.147901731766517,0.148093570478387,0.148277397092414,0.148453110980093,0.14862060771042,0.148779779062264,0.148930513049819,0.149072693961151,0.14920620240983,0.149330915399614,0.149446706402101,0.149553445447257,0.149650999226655,0.149739231209278,0.149818001769689,0.149887168328369,0.149946585503976,0.149996105277251,0.15003557716626,0.150064848412681,0.150083764178782,0.150092167754742,0.150089900775935,0.150076803449762,0.150052714791644,0.150017472869688,0.149970915057641,0.149912878295652,0.149843199358406,0.149761715130137,0.149668262886047,0.149562680579631,0.149444807135415,0.149314482746595,0.149171549177096,0.149015850067548,0.148847231244683,0.14866554103365,0.148470630572744,0.148262354130055,0.148040569421551,0.147805137930138,0.147555925225189,0.147292801282081,0.147015640801282,0.146724323526506,0.146418734561501,0.146098764685046,0.145764310663714,0.145415275561963,0.145051569049135,0.144673107702978,0.144279815309274,0.143871623157195,0.143448470330028,0.143010303990899,0.142557079663155,0.14208876150505,0.141605322578385,0.141106745110796,0.140593020751367,0.140064150819263,0.139520146545067,0.138961029304524,0.138386830844419,0.137797593500276,0.137193370405634,0.13657422569259,0.13594023468335,0.135291484072507,0.134628072099764,0.13395010871285,0.133257715720324,0.132551026934026,0.131830188300889,0.131095358023841,0.130346706671492,0.129584417276352,0.128808685421235,0.128019719313561,0.127217739847212,0.126402980651617,0.125575688127697,0.12473612147028,0.123884552676601,0.123021266540478,0.122146560631734,0.121260745260405,0.120364143425235,0.11945709074593,0.118539935378597,0.117613037913794,0.116676771256552,0.115731520487701,0.1147776827058,0.113815666848914,0.112845893495434,0.111868794643084,0.110884813465212,0.109894404043412,0.108898031075471,0.10789616955759,0.106889304439753,0.105877930253084,0.104862550707996,0.103843678261864,0.102821833654904,0.101797545412925,0.100771349315549,0.0997437878285131,0.0987154094986285,0.0976867683099581,0.096658422999796,0.0956309363330569,0.0946048743337302,0.0935808054721147,0.0925592998066443,0.0915409280792345,0.0905262607632256,0.0895158670631833,0.0885103138660384,0.0875101646433156,0.0865159783045083,0.085528308002011,0.0845476998884332,0.0835746918275797,0.0826098120608889,0.0816535778316789,0.0807064939701755,0.0797690514429651,0.078841725871224,0.077924976022834,0.0770192422842962,0.0761249451191767,0.075242483520661,0.0743722334666484,0.0735145463866409,0.0726697476504976,0.0718381350898935,0.0710199775640239,0.0702155135817086,0.0694249499925838,0.068648460760445,0.0678861858320352,0.0671382301146562,0.0664046625758778,0.0656855154783163,0.0649807837619408,0.0642904245856418,0.0636143570388533,0.0629524620328643,0.0623045823801034,0.0616705230681598,0.0610500517336092,0.0604428993388846,0.0598487610535066,0.0592672973389984,0.0586981352348034,0.0581408698405359,0.0575950659879615,0.0570602600942852,0.0565359621866369,0.0560216580861462,0.0555168117387131,0.0550208676785301,0.0545332536096121,0.0540533830900669,0.0535806583036006,0.0531144729027793,0.0526542149088661,0.0521992696536005,0.0517490227490768,0.0513028630728797,0.0508601857568292,0.0504203951690289,0.0499829078803927,0.0495471556083989,0.0491125881324653,0.0486786761770128,0.0482449142599727,0.0478108235061636,0.047375954426597,0.0469398896663374,0.0465022467250178,0.0460626806554832,0.045620886747262,0.0451766032026544,0.0447296138141222,0.0442797506523658,0.0438268967749156,0.0433709889652326,0.0429120205121307,0.0424500440387529,0.0419851743892611,0.041517591579773,0.0410475438177393,0.040575350590795,0.0401014058219722,0.039626181082842,0.0391502288494545,0.0386741857776454,0.0381987759641295,0.0377248141475617,0.0372532087891892,0.0367849649556635,0.0363211869069142,0.0358630802697576,0.0354119536533311,0.0349692195360223,0.0345363942261826,0.0341150966719235,0.0337070458706399,0.0333140566091615,0.0329380332539044,0.0325809613110156,0.032244896493739,0.0319319510726918,0.0316442773487409,0.0313840481809656,0.0311534346251119,0.0309545808893831,0.030789576988958,0.0306604296684296,0.0305690323480406,0.0305171350170951,0.0305063151260627,0.0305379505980505,0.0306131960745477,0.0307329634206153,0.0308979073413303,0.0311084167151744,0.0313646119518575,0.0316663483596917,0.0320132251921878,0.0324045997646218,0.0328396058128053,0.0333171751232214,0.0338360614010626,0.034394865355977,0.0349920600624622,0.0356260157761079,0.03629502353991,0.0369973170792307,0.0377310926449664,0.038494526611203,0.0392857907591264,0.0401030652799197,0.0409445496053855,0.0418084712277926,0.0426930927029377,0.0435967170462425,0.0445176917345769,0.0454544115198826,0.0464053202475817,0.0473689118556985,0.0483437307115419,0.0493283714231585,0.0503214782435994,0.0513217441680306,0.0523279098072531,0.0533387621064984,0.0543531329654682,0.0553698978044473,0.0563879741118385,0.0574063200004845,0.0584239327934908,0.0594398476547897,0.0604531362752363,0.0614629056214246,0.0624682967515469,0.0634684837003534,0.064462672433521,0.0654500998703999,0.0664300329731069,0.0674017678991982,0.0683646292146488,0.0693179691635223,0.0702611669905238,0.0711936283125361,0.0721147845352393,0.0730240923109581,0.0739210330339843,0.0748051123697564,0.0756758598144457,0.0765328282816714,0.0773755937132477,0.0782037547110492,0.0790169321872655,0.0798147690305086,0.0805969297854154,0.0813631003435682,0.0821129876437208,0.0828463193794867,0.0835628437127876,0.0842623289915156,0.0849445634700008,0.0856093550309976,0.0862565309080256,0.0868859374070171,0.0874974396263319,0.0880909211742974,0.0886662838835188,0.0892234475212954,0.0897623494955653,0.0902829445558692,0.090785204488893,0.0912691178082103,0.0917346894379116,0.0921819403898679,0.0926109074344269,0.0930216427643873,0.0934142136521382,0.0937887020999003,0.0941452044830454,0.0944838311864949,0.0948047062342279,0.095107966911964,0.0953937633831163,0.0956622582981406,0.0959136263974347,0.096148054107964,0.0963657391338098,0.0965668900408531,0.0967517258358262,0.0969204755399764,0.0970733777576143,0.0972106802398288,0.0973326394436606,0.097439520087051,0.0975315946998875,0.0976091431714926,0.0976724522949106,0.0977218153083612,0.0977575314342377,0.0977799054160353,0.0977892470536091,0.0977858707371675,0.0977700949804268,0.0977422419533682,0.0977026370150421,0.0976516082468796,0.0975894859869871,0.0975166023659025,0.0974332908443017,0.0973398857531594,0.097236721836881,0.0971241337999423,0.0970024558575717,0.0968720212910339,0.0967331620080675,0.0965862081090427,0.0964314874594208,0.0962693252690925,0.0961000436791863,0.0959239613569391,0.0957413930992256,0.0955526494453481,0.0953580362996931,0.0951578545648555,0.0949523997858308,0.0947419618058725,0.0945268244346051,0.0943072651289802,0.0940835546876498,0.09385595695931,0.0936247285655612,0.0933901186388119,0.0931523685757203,0.0929117118066619,0.0926683735816807,0.0924225707733416,0.092174511696868,0.091924395947924,0.0916724142583617,0.0914187483702183,0.0911635709281962,0.0909070453908169,0.0906493259603945,0.0903905575319259,0.090130875660943,0.0898704065503103,0.0896092670559065,0.0893475647110699,0.0890853977696437,0.0888228552674004,0.0885600171015662,0.0882969541281196,0.0880337282764821,0.0877703926811586,0.0875069918298428,0.0872435617274681,0.0869801300756236,0.0867167164666988,0.0864533325920939,0.0861899824638015,0.0859266626486222,0.0856633625142501,0.0854000644864348,0.0851367443164033,0.0848733713577022,0.0846099088516059,0.0843463142202263,0.0840825393664488,0.0838185309798184,0.0835542308475055,0.0832895761694773,0.0830244998770034,0.0827589309536368,0.0824927947578274,0.0822260133463498,0.0819585057977296,0.0816901885348872,0.0814209756462421,0.0811507792045463,0.0808795095827506,0.0806070757662323,0.0803333856607424,0.080058346395468,0.0797818646206481,0.0795038467992206,0.0792241994920005,0.0789428296359259,0.0786596448149443,0.0783745535231522,0.0780874654198421,0.0777982915761463,0.0775069447129909,0.0772133394301112,0.0769173924259202,0.0766190227080469,0.0763181517943948,0.0760147039045984,0.0757086061417862,0.0753997886645875,0.0750881848493434,0.0747737314425073,0.0744563687032444,0.0741360405362595,0.0738126946149024,0.073486282494624,0.0731567597168717,0.0728240859035235,0.0724882248419711,0.0721491445609885,0.0718068173975268,0.0714612200545915,0.0711123336503651,0.0707601437587477,0.0704046404414983,0.070045818272165,0.0696836763520095,0.0693182183181276,0.0689494523439708,0.0685773911324873,0.0682020519020974,0.0678234563657266,0.0674416307031232,0.0670566055266913,0.0666684158410752,0.0662771009967281,0.0658827046377086,0.0654852746439495,0.0650848630682392,0.0646815260681654,0.064275323833276,0.0638663205077085,0.0634545841085422,0.0630401864401337,0.0626232030047056,0.0622037129094513,0.0617817987704248,0.06135754661349,0.0609310457726063,0.0605023887857391,0.0600716712886802,0.0596389919070725,0.0592044521469363,0.0587681562840014,0.0583302112521575,0.0578907265313353,0.0574498140351362,0.0570075879985306,0.0565641648659525,0.0561196631801251,0.0556742034719633,0.0552279081518997,0.0547809014029887,0.0543333090761516,0.0538852585879222,0.0534368788210581,0.052988300028391,0.0525396537402879,0.0520910726760974,0.051642690659958,0.0511946425413429,0.0507470641207203,0.0503000920807065,0.049853863923084,0.0494085179120447,0.0489641930240157,0.0485210289044124,0.0480791658316536,0.047638744688759,0.0471999069428348,0.0467627946327266,0.0463275503650947,0.0458943173191377,0.0454632392601632,0.0450344605621614,0.0446081262394937,0.0441843819877629,0.0437633742338798,0.0433452501952833,0.0429301579482036,0.0425182465047876,0.0421096658988203,0.0417045672797009,0.0413031030142314,0.0409054267956754,0.0405116937594288,0.0401220606045269,0.0397366857200856,0.0393557293156395,0.0389793535541997,0.0386077226866999,0.0382410031863388,0.0378793638811598,0.0375229760830418,0.0371720137110969,0.0368266534072939,0.0364870746419548,0.036153459806593,0.0358259942913977,0.0355048665445082,0.0351902681100724,0.0348823936419522,0.0345814408898341,0.0342876106544179,0.034001106708313,0.0337221356792657,0.0334509068923875,0.0331876321681479,0.0329325255730522,0.0326858031201482,0.0324476824168004,0.0322183822575451,0.0319981221602989,0.0317871218447358,0.0315856006522785,0.031393776907863,0.031211867224428,0.0310400857519471,0.0308786433737499,0.0307277468538504,0.0305875979400055,0.0304583924282438,0.0303403191956021,0.0302335592087633,0.0301382845171748,0.030054657240019,0.0299828285570689,0.0299229377139703,0.0298751110528088,0.029839461078951,0.0298160855750544,0.0298050667728199,0.0298064705925068,0.0298203459594609,0.0298467242059225,0.0298856185651973,0.0299370237639436,0.0300009157168592,0.0300772513264965,0.0301659683893281,0.0302669856075862,0.0303802027048309,0.030505500641727,0.0306427419271402,0.0307917710184464,0.0309524148039111,0.0311244831591438,0.0313077695689999,0.0315020518058691,0.0317070926550683,0.0319226406780261,0.0321484310040961,0.0323841861421525,0.0326296168035738,0.0328844227287867,0.0331482935102055,0.0334209094051252,0.0337019421328927,0.0339910556514622,0.0342879069092243,0.0345921465687631,0.0349034196999268,0.0352213664402861,0.0355456226216978,0.0358758203622588,0.036211588623452,0.0365525537327365,0.0368983398722258,0.0372485695344208,0.0376028639462288,0.0379608434627113,0.0383221279321703,0.0386863370342913,0.0390530905931373,0.0394220088668238,0.0397927128157137,0.04016482435095,0.0405379665651115,0.0409117639467117,0.0412858425801955,0.0416598303330006,0.0420333570311596,0.0424060546248225,0.0427775573449853,0.0431475018526057,0.0435155273811913,0.043881275873845,0.044244392115657,0.0446045238622438,0.0449613219651419,0.045314440494684,0.0456635368608982,0.0460082719329046,0.0463483101572052,0.0466833196752049,0.0470129724402373,0.0473369443343198,0.0476549152848085,0.0479665693810783,0.0482715949913131,0.0485696848794491,0.0488605363222805,0.049143851226706,0.0494193362470667,0.0496867029024984,0.0499456676942025,0.050195952222519,0.0504372833036688,0.0506693930860184,0.0508920191657015,0.051104904701421,0.0513077985282523,0.0515004552702568,0.0516826354517066,0.0518541056067148,0.0520146383870701,0.052164012668062,0.0523020136520864,0.0524284329698181,0.0525430687787375,0.0526457258587973,0.0527362157050186,0.0528143566168132,0.0528799737838292,0.0529328993681233,0.0529729725824614,0.053000039764558,0.0530139544470644,0.0530145774231307,0.0530017768073722,0.0529754280920814,0.0529354141985311,0.0528816255232252,0.0528139599789563,0.0527323230305487,0.0526366277251731,0.0525267947171331,0.0524027522870408,0.0522644363553095,0.052111790489905,0.0519447659083162,0.0517633214737223,0.0515674236853541,0.0513570466630627,0.0511321721261357,0.0508927893664213,0.0506388952158502,0.050370494008471,0.050087597537147,0.0497902250050952,0.049478402972484,0.0491521652983482,0.0488115530781321,0.0484566145772142,0.0480874051608227,0.0477039872208099,0.0473064300998229,0.0468948100134857,0.0464692099712916,0.0460297196970013,0.0455764355494592,0.0451094604448583,0.0446289037816356,0.0441348813693433,0.0436275153630254,0.0431069342048458,0.0425732725749698,0.0420266713539928,0.0414672775995525,0.040895244540157,0.0403107315897318,0.0397139043869422,0.0391049348640019,0.0384840013504575,0.0378512887183607,0.0372069885763518,0.0365512995215127,0.0358844274594529,0.0352065860050298,0.0345179969784768,0.033818891014602,0.0331095083062605,0.0323900995076634,0.031660926828471,0.0309222653563217,0.0301744046538092,0.0294176506864042,0.0286523281510321,0.0278787832917539,0.0270973873102794,0.0263085405062716,0.0255126773173784,0.024710272474111,0.0239018485432884,0.0230879852101279,0.0222693307489563,0.0214466162636188,0.0206206734511239,0.0197924568691182,0.0189630719862848,0.0181338106853621,0.0173061963945395,0.0164820416667868,0.0156635218191683,0.0148532691618226,0.0140544932813633,0.0132711335046043,0.0125080493919779,0.0117712525299393,0.0110681754380942,0.010407956754568,0.00980168997781028,0.00926253072207202,0.00880548909641229,0.00844668164716315,0.00820185953025503,0.00808426655387239,0.00810231253828487,0.00825791815694098,0.00854628645353846,0.00895719488831575,0.00947717113793581,0.0100916815366502,0.0107867536256816,0.0115498913685504,0.0123704203112726,0.0132394773312651,0.0141498243418488,0.0150956010920615,0.0160720785346854,0.0170754397579324,0.0181025965873796,0.0191510409560939,0.0202187265807895,0.0213039756184966,0.0224054052974224,0.023521870254251,0.0246524171155099,0.0257962485891184,0.0269526949395002,0.0281211912048389,0.02930125889372,0.0304924911900864,0.0316945409186043,0.0329071106928033,0.0341299447982388,0.0353628224621507,0.0366055522371103,0.0378579672845733,0.0391199213893588,0.0403912855710329,0.0416719451854038,0.042961797430633,0.0442607491892029,0.0455687151501976,0.0468856161668391,0.0482113778125749,0.0495459291056942,0.0508892013778182,0.0522411272659403,0.0536016398111993,0.0549706716504215,0.05634815428879,0.0577340174439085,0.059128188453081,0.0605305917369158,0.0619411483134186,0.063359775357613,0.0647863858024588,0.0662208879774407,0.067663185281706,0.0691131758890482,0.0705707524823772,0.072035802015621,0.0735082055012344,0.0749878378217086,0.0764745675636399,0.0779682568730579,0.0794687613308331,0.0809759298470967,0.0824896045736953,0.0840096208337801,0.0855358070676896,0.0870679847943334,0.0886059685873329,0.0901495660652224,0.091698577895042,0.0932527978086823,0.0948120126313658,0.096376002321681,0.0979445400226049,0.0995173921229748,0.101094318328883,0.102675071744498,0.104259398961837,0.105847040159015,0.107437729206526,0.109031193781116,0.11062715548683,0.112225329982828,0.113825427117579,0.11542715106905,0.117030200490526,0.11863426866173,0.120239043644904,0.121844208445526,0.123449441177366,0.125054415231584,0.126658799449612,0.128262258299527,0.129864452055695,0.131465036981449,0.133063665514567,0.134659986455346,0.136253645157057,0.13784428371861,0.139431541179247,0.141015053715096,0.142594454837436,0.144169375592499,0.145739444762692,0.147304289069094,0.1488635333751,0.150416800891109,0.151963713380124,0.153503891364164,0.155036954331383,0.156562520943804,0.15808020924556,0.159589636871572,0.161090421256561,0.162582179844306,0.164064530297064,0.165537090705049,0.16699947979591,0.168451317144111,0.169892223380148,0.171321820399474,0.172739731571042,0.174145581945369,0.175538998462022,0.176919610156433,0.178287048365949,0.179640946934989,0.180980942419205,0.182306674288515,0.183617785128917,0.184913920842959,0.186194730848713,0.187459868277134,0.188708990167643,0.189941757661792,0.191157836194873,0.192356895685316,0.193538610721712,0.194702660747316,0.195848730241856,0.196976508900478,0.198085691809651,0.199175979619872,0.200247078714987,0.201298701377968,0.202330565952958,0.203342397003412,0.204333925466164,0.205304888801228,0.206255031137178,0.207184103411925,0.208091863508698,0.208978076387101,0.209842514209035,0.210684956459337,0.211505190060951,0.212303009484502,0.213078216852099,0.213830622035202,0.21456004274645,0.215266304625313,0.215949241317395,0.216608694547318,0.217244514185063,0.217856558305639,0.218444693242024,0.219008793631269,0.219548742453716,0.220064431065266,0.220555759222659,0.221022635101713,0.221464975308466,0.221882704883218,0.222275757297457,0.222644074443682,0.222987606618175,0.223306312496741,0.223600159103415,0.223869121772215,0.224113184101984,0.224332337904431,0.224526583145427,0.224695927879687,0.224840388178934,0.224959988053686,0.225054759368786,0.225124741752824,0.225169982501632,0.225190536476018,0.225186465993951,0.225157840717345,0.225104737533694,0.225027240432748,0.224925440378483,0.224799435176631,0.224649329337996,0.22447523393782,0.224277266471483,0.224055550706823,0.223810216533359,0.223541399808691,0.223249242202423,0.222933891037897,0.222595499132067,0.222234224633823,0.2218502308611,0.221443686137113,0.221014763626028,0.220563641168443,0.220090501117001,0.219595530172495,0.219078919220804,0.21854086317103,0.217981560795183,0.217401214569746,0.216800030519462,0.21617821806372,0.215535989865909,0.214873561686062,0.214191152237145,0.213488983045345,0.212767278314699,0.212026264796386,0.211266171663023,0.210487230388338,0.20968967463252,0.208873740133557,0.208039664604854,0.207187687639448,0.206318050621129,0.205430996642758,0.204526770432069,0.203605618285209,0.202667788008265,0.201713528867074,0.200743091545536,0.199756728112694,0.198754691998776,0.197737237980411,0.196704622175228,0.195657102046021,0.194594936414661,0.193518385485929,0.192427710881446,0.191323175683832,0.190205044491261,0.189073583482506,0.187929060492591,0.186771745099135,0.18560190871944,0.184419824718436,0.183225768527515,0.182020017774331,0.180802852423566,0.179574554928678,0.178335410394602,0.17708570675141,0.175825734938896,0.174555789102049,0.173276166797328,0.171987169209651,0.170689101379982,0.169382272443415,0.16806699587758,0.166743589761181,0.165412377042486,0.164073685817505,0.162727849617631,0.161375207706427,0.160016105385271,0.158650894307477,0.157279932800486,0.155903586195651,0.15452222716511,0.153136236065178,0.151746001285624,0.150351919604136,0.148954396545174,0.147553846742356,0.146150694303396,0.144745373176541,0.143338327517309,0.141930012054216,0.140520892452047,0.139111445671004,0.137702160319966,0.136293537001838,0.134886088648847,0.133480340845339,0.132076832135433,0.130676114312587,0.129278752687851,0.127885326333262,0.126496428296527,0.125112665782749,0.123734660298569,0.122363047753711,0.120998478514504,0.119641617403494,0.118293143638848,0.116953750706754,0.115624146159603,0.114305051332238,0.11299720096814,0.111701342746988,0.110418236704671,0.10914865453652,0.10789337877427,0.106653201827082,0.105428924876939,0.10422135661881,0.103031311836251,0.101859609803543,0.10070707250616,0.0995745226722706,0.0984627816091929,0.0973726668402315,0.0963049895391739,0.0952605517619,0.0942401434771033,0.0932445394010319,0.0922744956444188,0.0913307461833628,0.0904139991697857,0.0895249331012115,0.0886641928738945,0.0878323857476825,0.0870300772553148,0.0862577870930284,0.0855159850332149,0.0848050869033053,0.0841254506778973,0.0834773727332423,0.0828610843144167,0.0822767482657012,0.0817244560737964,0.0812042252714323,0.0807159972456463,0.0802596354905395,0.0798349243387202,0.0794415681990432,0.0790791913207857,0.0787473380962615,0.0784454739053058,0.0781729864962893,0.0779291878896336,0.0777133167814358,0.0775245414170328,0.0773619628973721,0.0772246188750727,0.0771114875922272,0.0770214922083651,0.076953505364671,0.0769063539295053,0.0768788238704505,0.076869665199438,0.0768775969398509,0.0769013120677126,0.0769394823830013,0.0769907632715897,0.0770537983231475,0.077127223775377,0.0772096727600403,0.0772997793312557,0.0773961822613441,0.0774975285940406,0.0776024769490708,0.0777097005758562,0.0778178901574531,0.0779257563687027,0.0780320321949994,0.0781354750200711,0.0782348684927476,0.0783290241838958,0.0784167830455606,0.0784970166849043,0.0785686284657929,0.0786305544509291,0.0786817641972839,0.0787212614172475,0.0787480845174848,0.0787613070269441,0.0787600379248597,0.0787434218789254,0.0787106394031178,0.0786609069439458,0.0785934769031937,0.0785076376045356,0.0784027132107321,0.0782780635974709,0.0781330841892992,0.0779672057625145,0.0777798942193426,0.0775706503372248,0.0773390094965795,0.0770845413899757,0.0768068497152805,0.0765055718549918,0.0761803785436576,0.0758309735249939,0.0754570932000717,0.0750585062677279,0.0746350133581749,0.0741864466606145,0.0737126695455206,0.0732135761821442,0.0726890911517,0.0721391690566193,0.0715637941261987,0.0709629798189459,0.0703367684218921,0.0696852306471403,0.0690084652259294,0.0683065985005298,0.0675797840143219,0.0668282021004773,0.0660520594697413,0.0652515887979114,0.0644270483137292,0.0635787213880436,0.0627069161252774,0.0618119649584387,0.0608942242491575,0.0599540738945133,0.0589919169427452,0.0580081792203475,0.0570033089735308,0.0559777765275987,0.0549320739684699,0.0538667148514021,0.0527822339429749,0.0516791870036067,0.0505581506193687,0.04941972209369,0.0482645194118152,0.0470931812936942,0.0459063673545002,0.04470475839641,0.0434890568608855,0.0422599874778467,0.0410182981572798,0.0397647611806493,0.038500174764848,0.0372253650915378,0.0359411889212942,0.0346485369473001,0.0333483380907556,0.0320415650043559,0.0307292411379121,0.029412449841234,0.0280923461481382,0.0267701721231547,0.0254472769910732,0.0241251437570427,0.0228054247350571,0.0214899894483758,0.0201809899214776,0.0188809507196833,0.0175928946238101,0.0163205201729632,0.0150684553431085,0.0138426234136294,0.0126507733297248,0.0115032459731742,0.010414059532327,0.0094023662193336,0.00849416195525143,0.00772361695529712,0.00713231915047514,0.00676354430038261,0.00664990493476254,0.00679928959239703,0.007190220123564,0.00778125084797749,0.00852582429398612,0.00938254917559171,0.0103187839119572,0.0113102283693358,0.0123391811043235,0.0133927657184397,0.014461524279125,0.0155384011704567,0.0166180358597145,0.0176962764166691,0.018769844547342,0.0198361032102461,0.0208928936494909,0.0219384196971518,0.0229711645799725,0.0239898303359243,0.0249932931510248,0.0259805700447622,0.0269507937433511,0.0279031935293431,0.0288370805018953,0.0297518361263209,0.0306469032607647,0.031521779065471,0.0323760093549553,0.0332091840647254,0.034020933585075,0.0348109257737814,0.0355788635034455,0.0363244826320013,0.037047550309615,0.037747863553941,0.0384252480400444,0.0390795570623555,0.0397106706345956,0.0403184947003156,0.0409029604319615,0.0414640236005511,0.0420016640013656,0.0425158849237163,0.0430067126549863,0.0434741960108768,0.0439184058852021,0.0443394348137287,0.0447373965474952,0.0451124256318337,0.0454646769879635,0.045794325494573,0.0461015655672572,0.0463866107340627,0.0466496932057127,0.0468910634393582,0.0471109896949351,0.0473097575834082,0.047487669606357,0.047645044686506,0.0477822176889365,0.0478995389328267,0.0479973736936666,0.0480761016959773,0.0481361165966412,0.0481778254590175,0.0482016482180751,0.0482080171368318,0.0481973762544351,0.0481701808262627,0.0481268967564621,0.0480680000233785,0.0479939760983469,0.04790531935835,0.0478025324930726,0.0476861259069017,0.0475566171164397,0.0474145301441177,0.0472603949085063,0.0470947466119331,0.0469181251260271,0.0467310743758174,0.0465341417230261,0.0463278773491991,0.0461128336393227,0.0458895645665767,0.0456586250788705,0.0454205704878102,0.0451759558607452,0.0449253354165357,0.0446692619256852,0.0444082861154705,0.044142956080697,0.0438738167006977,0.0436014090631892,0.0433262698955901,0.0430489310043961,0.042769918723198,0.0424897533699116,0.0422089487137757,0.0419280114526617,0.0416474407012204,0.0413677274903754,0.0410893542786599,0.0408127944758738,0.0405385119795209,0.0402669607244686,0.0399985842462504,0.0397338152584194,0.0394730752443359,0.0392167740637548,0.0389653095745559,0.0387190672699442,0.0384784199314229,0.0382437272978265,0.0380153357506722,0.0377935780160762,0.0375787728834612,0.0373712249412625,0.0371712243298172,0.0369790465116079,0.0367949520590078,0.0366191864596599,0.0364519799396036,0.0362935473042456,0.0361440877972556,0.0360037849774482,0.0358728066136974,0.0357513045979095,0.0356394148760692,0.0355372573973566,0.0354449360813176,0.0353625388030539,0.0352901373963753,0.035227787674845,0.0351755294706316,0.0351333866910613,0.0351013673927471,0.0350794638731515,0.0350676527794196,0.0350658952343035,0.035074136978977,0.0350923085325223,0.0351203253678463,0.0351580881037679,0.0352054827129924,0.0352623807456744,0.0353286395682468,0.0354041026171806,0.035488599667313,0.0355819471143668,0.0356839482712657,0.0357943936778351,0.0359130614234621,0.0360397174822689,0.036174116060344,0.0363159999545596,0.0364651009224963,0.0366211400629819,0.0367838282067451,0.036952866316675,0.0371279458971674,0.0373087494120347,0.03749495071045,0.0376862154603955,0.0378822015890802,0.038082559729785,0.038286933674596,0.0384949608324822,0.0387062726921728,0.0389204952892933,0.0391372496772167,0.0393561524010866,0.0395768159744785,0.0397988493581611,0.0400218584404207,0.0402454465184173,0.0404692147800451,0.0406927627857721,0.040915688949938,0.0411375910209968,0.0413580665601951,0.0415767134181816,0.0417931302090503,0.0420069167813253,0.0422176746854062,0.0424250076369941,0.0426285219760284,0.0428278271206723,0.0430225360158907,0.0432122655761768,0.0433966371219902,0.0435752768094824,0.0437478160530926,0.0439138919406084,0.0440731476402998,0.0442252327997416,0.0443698039359493,0.0445065248164689,0.0446350668310675,0.0447551093536863,0.0448663400943367,0.0449684554406257,0.0450611607886171,0.0451441708627435,0.0452172100244998,0.0452800125696624,0.045332323013795,0.0453738963658175,0.0454044983894282,0.0454239058521878,0.0454319067620884,0.0454283005914425,0.0454128984879458,0.04538552347278,0.0453460106256405,0.0452942072565911,0.0452299730646687,0.0451531802831756,0.0450637138116148,0.0449614713342391,0.0448463634252036,0.0447183136403234,0.044577258595466,0.0444231480316209,0.0442559448667085,0.0440756252342076,0.0438821785086996,0.0436756073184462,0.043455927545141,0.0432231683109877,0.0429773719532859,0.0427185939867216,0.0424469030535829,0.0421623808621493,0.0418651221135174,0.0415552344171519,0.0412328381954717,0.040898066577813,0.0405510652841324,0.0401919924988428,0.0398210187351992,0.039438326690688,0.0390441110939047,0.038638578543442,0.0382219473393494,0.0377944473077647,0.0373563196193601,0.0369078166022963,0.0364492015504327,0.0359807485275959,0.035502742168772,0.0350154774791623,0.0345192596321193,0.0340144037670705,0.0335012347886337,0.0329800871682363,0.0324513047496709,0.0319152405601657,0.031372256628701,0.0308227238134761,0.0302670216406374,0.0297055381566012,0.0291386697965661,0.0285668212721024,0.0279904054810443,0.0274098434432861,0.0268255642665259,0.0262380051464942,0.0256476114067698,0.0250548365839293,0.0244601425645188,0.0238639997811678,0.0232668874761183,0.0226692940415109,0.0220717174469829,0.0214746657664834,0.0208786578177165,0.0202842239292748,0.0196919068523173,0.0191022628355438,0.0185158628841791,0.0179332942256031,0.0173551620060246,0.0167820912439587,0.0162147290669176,0.0156537472571633,0.0150998451299241,0.0145537527621447,0.0140162345802566,0.0134880932997408,0.0129701741848724,0.0124633695606919,0.0119686234567335,0.011486936188286,0.0110193685802149,0.0105670454048776,0.0101311574349865,0.0097129613037817,0.00931377612572343,0.00893497558182873,0.0085779739564013,0.00824420449614081,0.00793508855031679,0.00765199436921186,0.00739618531499305,0.00716875865120268,0.00697057797501389,0.00680220448917235,0.0066638341948541,0.00655524908059048,0.00647578989089898,0.0064243558191013,0.00639943277684807,0.00639914759942293,0.00642134177511228,0.00646365599226552,0.00652361639935226,0.00659871476606211,0.00668647707490793,0.00678451770347179,0.00689057867229594,0.00700255510593384,0.00711850902086406,0.00723667392140095,0.0073554526322588,0.0074734105016933,0.00758926571189918,0.00770187802620994,0.00781023693715151,0.00791344987742838,0.00801073092093075,0.00810139022654385,0.00818482435361676,0.00826050749346256,0.0083279836063113,0.00838685941952163,0.00843679822415555,0.0084775143984163,0.0085087685844384,0.00853036344702166,0.0085421399474137,0.00854397407101983,0.0085357739542136,0.00851747736176845,0.00848904947255728,0.00845048093693158,0.00840178617453794,0.00834300188625666,0.00827418575849543,0.00819541534230498,0.00810678709378454,0.00800841556611246,0.00790043274739106,0.00778298754247113,0.00765624540118841,0.00752038810020699,0.00737561369118511,0.00722213663459849,0.00706018814672343,0.00689001679760483,0.00671188941114364,0.00652609233588172,0.00633293317824681,0.00613274312121659,0.00592587999379612,0.00571273231500711,0.00549372461693938,0.00526932446448913,0.00504005174873449,0.00480649105676778,0.00456930824225866,0.00432927277868956,0.00408728812523164,0.00384443323848094,0.00360201957913487,0.00336166948031101,0.00312542331616765,0.0028958836328297,0.00267640178076702,0.00247130073668362,0.00228609515642639,0.00212760016150485,0.0020037120210957,0.00192256741895677,0.00189094901657428,0.00191238314679065,0.00198599625461203,0.00210694570935276,0.00226808322871319,0.0024617585582842,0.0026810009589622,0.00291999594134088,0.00317411239498332,0.00343973529646826,0.00371405398596018,0.00399487020622321,0.00428044418073827,0.00456937789587424,0.00486052884385531,0.00515294692200118,0.00544582834438138,0.00573848186828827,0.00603030389556108,0.00632075997885658,0.00660937097268656,0.00689570257562351,0.00717935736786269,0.00745996870033792,0.00773719596942207,0.00801072093731232,0.00828024484812796,0.00854548615436002,0.00880617871509523,0.00906207036158104,0.00931292175081894,0.00955850544650396,0.00979860518055465,0.0100330152589686,0.0102615400837026,0.0104839937683631,0.0107001998301827,0.0109099909443934,0.01111320874995,0.0113097036977883,0.0114993349345769,0.0116819702163255,0.0118574858473511,0.012025766641019,0.012186705899424,0.0123402054097945,0.0124861754559117,0.0126245348432691,0.0127552109370623,0.0128781397124148,0.012993265816516,0.0131005426425956,0.0131999324158708,0.0132914062918076,0.0133749444672228,0.0134505363049293,0.0135181804727969,0.0135778850982668,0.0136296679395188,0.0136735565746536,0.0137095886104136,0.0137378119121278,0.0137582848567316,0.0137710766108791,0.0137762674363272,0.0137739490249361,0.0137642248657848,0.0137472106470557,0.0137230346954724,0.0136918384561985,0.0136537770161859,0.0136090196740121,0.0135577505592364,0.0135001693042219,0.0134364917711975,0.0133669508370313,0.0132917972377349,0.013211300474064,0.0131257497786814,0.0130354551441531,0.0129407484094717,0.0128419844007889,0.0127395421194879,0.0126338259675576,0.0125252669963313,0.0124143241599338,0.0123014855491456,0.012187269574776,0.0120722260619936,0.0119569372084156,0.0118420183492049,0.0117281184621862,0.0116159203354452,0.0115061403095782,0.0113995274975204,0.0112968623777702,0.0111989546531649,0.0111066402687523,0.011020777490465,0.0109422419630265,0.0108719206923557,0.0108107049357519,0.0107594820325252,0.0107191262674368,0.0106904889267261,0.010674387777274,0.0106715962676032,0.0106828328077223,0.0107087505256506,0.0107499279148098,0.0108068607732516,0.0108799557908469,0.0109695260658106,0.0110757887329376,0.0111988647716742,0.0113387809437192,0.0114954736987603,0.0116687947933867,0.0118585182996559,0.0120643486401318,0.012285929275618,0.012522851687251,0.0127746643307247,0.0130408812906751,0.013320990420981,0.0136144608159936,0.0139207495137613,0.0142393073818894,0.0145695841778925,0.0149110328081057,0.0152631128326598,0.0156252932795711,0.0159970548398574,0.0163778915190938,0.0167673118202799,0.0171648395294666,0.0175700141702862,0.0179823911871459,0.018401541909993,0.0188270533466761,0.0192585278423337,0.0196955826391222,0.0201378493640512,0.0205849734677883,0.0210366136330096,0.0214924411671993,0.0219521393916813,0.0224154030360435,0.0228819376449416,0.0233514590024847,0.0238236925779416,0.0242983729953411,0.024775243528593,0.0252540556230255,0.0257345684436504,0.0262165484500284,0.0266997689972756,0.0271840099625026,0.0276690573958074,0.0281547031948263,0.0286407448017716,0.0291269849218526,0.0296132312619537,0.0300992962884575,0.030584997003124,0.0310701547359682,0.0315545949541227,0.0320381470857183,0.0325206443578661,0.0330019236478741,0.0334818253468847,0.0339601932351679,0.034436874368355,0.0349117189739411,0.0353845803574349,0.035855314817569,0.0363237815700333,0.036789842679229,0.0372533629975786,0.0377142101119552,0.0381722542968284,0.0386273684737462,0.0390794281767992,0.0395283115237383,0.0399738991924431,0.0404160744024522,0.0408547229012894,0.0412897329553302,0.0417209953449676,0.0421484033638529,0.0425718528219945,0.0429912420525105,0.0434064719218367,0.0438174458432082,0.044224069793232,0.0446262523313752,0.0450239046221986,0.0454169404601768,0.0458052762969437,0.0461888312708042,0.0465675272383585,0.0469412888080858,0.0473100433757405,0.0476737211614134,0.0480322552481098,0.0483855816216969,0.0487336392120758,0.049076369935435,0.0494137187374339,0.0497456336371688,0.0500720657717746,0.0503929694415164,0.0507083021552224,0.0510180246759092,0.051322101066451,0.0516204987351376,0.0519131884809728,0.0522001445385633,0.0524813446224461,0.0527567699706969,0.0530264053876677,0.0532902392857011,0.0535482637256627,0.0538004744561327,0.054046870951105,0.0542874564460412,0.0545222379721296,0.0547512263885961,0.0549744364129114,0.0551918866487383,0.0554035996114677,0.0556096017511953,0.0558099234729859,0.0560045991542838,0.0561936671593204,0.0563771698503831,0.0565551535958069,0.056727668774552,0.0568947697772343,0.05705651500348,0.0572129668554846,0.0573641917276637,0.0575102599922799,0.0576512459809325,0.0577872279618102,0.057918288112611,0.0580445124890441,0.0581659909888404,0.0582828173112021,0.0583950889116315,0.0585029069520763,0.0586063762463511,0.0587056052008014,0.0588007057501855,0.0588917932887637,0.0589789865965961,0.0590624077610591,0.0591421820936063,0.059218438041804,0.0592913070967006,0.0593609236955907,0.0594274251202498,0.0594909513907336,0.05955164515485,0.0596096515734277,0.0596651182015123,0.0597181948656385,0.059769033537353,0.0598177882031634,0.0598646147311087,0.0599096707341648,0.0599531154307068,0.0599951095022697,0.0600358149488537,0.0600753949420438,0.0601140136762168,0.0601518362181264,0.060189028355162,0.0602257564425885,0.0602621872500854,0.0602984878079063,0.0603348252529868,0.0603713666753291,0.0604082789650007,0.0604457286600845,0.0604838817959177,0.0605229037559519,0.0605629591245602,0.060604211542111,0.0606468235626205,0.0606909565142852,0.0607367703631775,0.0607844235803753,0.0608340730127886,0.0608858737579311,0.06093997904286,0.0609965401074743,0.0610557060923432,0.0611176239312165,0.061182438248346,0.0612502912607114,0.0613213226852234,0.0613956696509479,0.0614734666163596,0.0615548452916064,0.0616399345657455,0.0617288604388788,0.0618217459590728,0.0619187111639267,0.0620198730266345,0.0621253454063633,0.062235239002737,0.0623496613141891,0.0624687165999397,0.0625925058453314,0.0627211267302403,0.062854673600261,0.0629932374403589,0.0631369058506824,0.0632857630242235,0.0634398897260071,0.0635993632734919,0.0637642575178697,0.0639346428259556,0.064110586062376,0.0642921505717834,0.064479396160831,0.0646723790796615,0.0648711520026957,0.0650757640085304,0.0652862605587743,0.0655026834756778,0.0657250709184487,0.0659534573581798,0.0661878735513382,0.0664283465117935,0.0666748994814019,0.0669275518992005,0.0671863193692993,0.0674512136275806,0.0677222425073527,0.0679994099041243,0.0682827157396994,0.0685721559258224,0.0688677223276314,0.0691694027271956,0.0694771807874331,0.0697910360167198,0.0701109437345122,0.070436875038328,0.0707687967724301,0.0711066714985666,0.0714504574691289,0.0718001086030838,0.0721555744650354,0.0725168002477604,0.0728837267585605,0.0732562904097592,0.0736344232136619,0.0740180527822795,0.0744071023320959,0.074801490694139,0.0752011323295907,0.0756059373511562,0.0760158115503793,0.0764306564310678,0.0768503692489642,0.0772748430577685,0.0777039667615876,0.0781376251738625,0.0785756990827929,0.0790180653232474,0.0794645968551297,0.0799151628481468,0.0803696287728889,0.0808278564981013,0.0812897043940061,0.081755027441503,0.0822236773470667,0.0826955026631279,0.0831703489137014,0.0836480587250113,0.0841284719608555,0.0846114258624227,0.0850967551922698,0.0855842923821474,0.0860738676843478,0.0865653093262471,0.087058443667712,0.0875530953610329,0.0880490875130358,0.0885462418490301,0.0890443788782472,0.089543318060421,0.0900428779731651,0.0905428764798041,0.0910431308973241,0.0915434581641087,0.0920436750071441,0.0925435981083838,0.093043044269964,0.0935418305779685,0.0940397745644615,0.0945366943675171,0.0950324088889805,0.0955267379497085,0.0960195024420477,0.0965105244793321,0.0969996275421853,0.0974866366214286,0.0979713783574114,0.0984536811756004,0.0989333754182733,0.0994102934721811,0.0998842698920505,0.100355141519816,0.100822747599484,0.101286929887544,0.10174753275886,0.102204403307999,0.102657391445931,0.103106349992088,0.103551134761746,0.10399160464873,0.104427621703453,0.104859051206299,0.105285761736374,0.105707625235675,0.10612451706871,0.106536316077652,0.106942904633069,0.107344168680327,0.107739997781726,0.108130285154488,0.10851492770467,0.108893826057116,0.109266884581551,0.10963401141494,0.109995118480215,0.110350121501526,0.110698940016119,0.111041497382982,0.111377720788396,0.111707541248528,0.112030893609217,0.112347716543096,0.112657952544171,0.112961547920021,0.113258452781745,0.113548621031801,0.113832010349886,0.11410858217699,0.114378301697771,0.114641137821382,0.114897063160898,0.11514605401146,0.115388090327289,0.115623155697683,0.115851237322139,0.116072325984705,0.116286416027694,0.116493505324867,0.116693595254195,0.11688669067029,0.117072799876625,0.117251934597615,0.117424109950656,0.117589344418187,0.117747659819879,0.117899081285008,0.118043637225095,0.118181359306858,0.118312282425531,0.1184364446786,0.118553887339976,0.118664654834651,0.118768794713837,0.118866357630599,0.118957397316013,0.119041970555812,0.119120137167544,0.1191919599782,0.119257504802316,0.119316840420475,0.119370038558192,0.119417173865135,0.119458323894618,0.119493569083309,0.119522992731078,0.119546680980907,0.119564722798758,0.119577209953295,0.119584236995376,0.119585901237165,0.119582302730778,0.119573544246303,0.119559731249078,0.119540971876063,0.119517376911172,0.119489059759383,0.119456136419487,0.11941872545527,0.119376947965003,0.119330927549007,0.119280790275137,0.119226664641962,0.119168681539448,0.119106974206955,0.119041678188317,0.118972931283829,0.118900873498899,0.118825646989174,0.118747396001924,0.118666266813484,0.118582407662518,0.118495968678927,0.118407101808169,0.118315960730823,0.118222700777205,0.118127478836832,0.11803045326258,0.117931783769353,0.117831631327122,0.117730158048192,0.117627527068563,0.117523902423279,0.117419448915659,0.117314331980339,0.117208717540079,0.117102771856277,0.116996661373204,0.116890552555961,0.11678461172219,0.116679004867625,0.116573897485572,0.116469454380458,0.116365839475591,0.116263215615327,0.116161744361862,0.116061585786918,0.115962898258596,0.115865838223739,0.115770559986163,0.115677215481146,0.11558595404662,0.115496922191539,0.115410263361912,0.115326117705042,0.115244621832525,0.115165908582611,0.115090106782553,0.115017341011585,0.114947731365197,0.114881393221427,0.114818437009865,0.114758967984134,0.114703085998561,0.114650885289811,0.114602454264239,0.11455787529173,0.114517224506787,0.114480571617624,0.11444797972402,0.114419505144658,0.114395197254664,0.114375098334046,0.1143592434277,0.114347660217607,0.11434036890783,0.114337382122866,0.114338704819878,0.114344334215296,0.114354259726197,0.114368462926851,0.114386917520744,0.114409589328354,0.114436436290878,0.114467408490059,0.114502448184216,0.114541489860479,0.114584460303227,0.114631278678617,0.114681856635071,0.114736098419501,0.114793901009015,0.114855154257772,0.114919741058629,0.114987537519129,0.115058413151352,0.115132231075115,0.115208848233953,0.115288115623269,0.115369878530025,0.115453976783298,0.115540245014994,0.115628512930017,0.115718605585133,0.115810343675791,0.115903543830094,0.115998018909165,0.116093578313088,0.116190028291658,0.116287172259133,0.116384811112195,0.116482743550348,0.116580766397981,0.11667867492734,0.116776263181666,0.116873324297778,0.116969650827377,0.11706503505641,0.117159269321827,0.117252146325094,0.117343459441862,0.117433003027198,0.117520572715839,0.117605965716935,0.117688981102783,0.117769420091091,0.11784708632032,0.117921786117713,0.117993328759631,0.118061526723834,0.118126195933394,0.118187155991934,0.118244230409936,0.118297246821856,0.118346037193869,0.11839043802202,0.118430290520626,0.118465440800779,0.118495740038821,0.118521044634717,0.118541216360235,0.118556122496889,0.118565635963595,0.118569635434026,0.118568005443647,0.118560636486468,0.118547425101537,0.11852827394923,0.118503091877395,0.118471793977436,0.118434301630413,0.118390542543266,0.118340450775268,0.118283966754845,0.118221037286904,0.118151615550801,0.118075661089107,0.117993139787322,0.117904023844735,0.117808291736577,0.117705928167679,0.117596924017813,0.117481276278944,0.117358987984584,0.117230068131477,0.117094531593819,0.116952399030239,0.116803696783773,0.116648456775091,0.116486716389205,0.116318518355923,0.116143910624291,0.115962946231279,0.115775683164981,0.115582184222584,0.115382516863398,0.115176753057217,0.114964969128293,0.114747245595212,0.11452366700694,0.114294321775339,0.114059302004435,0.113818703316755,0.11357262467701,0.113321168213435,0.113064439037082,0.112802545059383,0.112535596808274,0.112263707243208,0.111986991569371,0.111705567051391,0.111419552826849,0.111129069719891,0.110834240055253,0.110535187472995,0.110232036744255,0.109924913588317,0.109613944491297,0.109299256526721,0.10898097717831,0.108659234165239,0.108334155270146,0.108005868170196,0.107674500271435,0.107340178546707,0.107003029377386,0.106663178399169,0.106320750352164,0.105975868935514,0.10562865666676,0.105279234746151,0.104927722926088,0.104574239385881,0.104218900612004,0.103861821283995,0.103503114166159,0.103142890005193,0.102781257433873,0.102418322880885,0.102054190486891,0.101688962026913,0.101322736839082,0.100955611759803,0.100587681065342,0.100219036419856,0.0998497668298502,0.0994799586050567,0.09910969532569,0.0987390578160317,0.0983681241242691,0.0979969695084939,0.097625666428761,0.0972542845450849,0.0968828907212425,0.0965115490342397,0.0961403207892845,0.0957692645400906,0.0953984361143248,0.095027888643996,0.0946576726005781,0.0942878358346498,0.093918423619827,0.0935494787007493,0.093181041344871,0.092813149397805,0.0924458383419649,0.0920791413582469,0.0917130893904838,0.0913477112124027,0.0909830334968189,0.0906190808867995,0.0902558760685243,0.0898934398455671,0.0895317912143361,0.0891709474404122,0.088810924135527,0.0884517353349294,0.0880933935748921,0.0877359099701137,0.0873792942907814,0.0870235550390738,0.086668699524886,0.0863147339405736,0.0859616634345233,0.0856094921833613,0.0852582234626328,0.0849078597157866,0.0845584026213037,0.0842098531578376,0.0838622116672496,0.0835154779154268,0.0831696511507788,0.0828247301603221,0.0824807133232797,0.0821375986621431,0.0817953838911494,0.0814540664621365,0.0811136436077607,0.0807741123820626,0.0804354696983828,0.0800977123646395,0.0797608371159907,0.0794248406449208,0.0790897196288061,0.0787554707550155,0.0784220907436118,0.0780895763677302,0.0777579244717134,0.0774271319870938,0.0770971959465139,0.0767681134956885,0.0764398819035269,0.0761124985705285,0.0757859610355635,0.0754602669811631,0.0751354142374469,0.0748114007848138,0.0744882247555257,0.0741658844343075,0.0738443782580948,0.0735237048150565,0.0732038628430186,0.0728848512274187,0.0725666689989093,0.0722493153307278,0.0719327895359459,0.0716170910647128,0.0713022195016107,0.0709881745632261,0.0706749560960354,0.0703625640746905,0.0700509986007951,0.0697402599022447,0.0694303483332054,0.0691212643747951,0.0688130086365228,0.06850558185854,0.0681989849147504,0.0678932188168152,0.0675882847190792,0.0672841839244385,0.0669809178911649,0.0666784882406847,0.0663768967663128,0.0660761454429274,0.0657762364375724,0.0654771721209632,0.0651789550798677,0.064881588130325,0.0645850743316552,0.0642894170012059,0.0639946197297841,0.0637006863977089,0.0634076211914258,0.0631154286206077,0.0628241135356657,0.0625336811455962,0.0622441370360866,0.0619554871877975,0.0616677379947339,0.0613808962826147,0.061094969327153,0.060809964872153,0.0605258911473316,0.0602427568857701,0.0599605713409083,0.0596793443029914,0.059399086114881,0.0591198076871447,0.0588415205123424,0.058564236678424,0.0582879688811563,0.0580127304354918,0.0577385352858055,0.057465398014931,0.0571933338519319,0.0569223586785442,0.0566524890342278,0.0563837421197818,0.0561161357994718,0.0558496886016295,0.0555844197176859,0.0553203489996053,0.055057496955692,0.0547958847447534,0.0545355341685997,0.0542764676628716,0.0540187082861909,0.053762279707638,0.0535072061925659,0.0532535125867611,0.0530012242989709,0.0527503672818215,0.0525009680111585,0.0522530534638472,0.0520066510940744,0.0517617888081981,0.0515184949381968,0.0512767982137709,0.0510367277331572,0.0507983129327187,0.0505615835553781,0.0503265696179652,0.0500933013775516,0.0498618092968507,0.0496321240087665,0.0494042762801764,0.0491782969750367,0.0489542170168987,0.0487320673509238,0.0485118789054887,0.0482936825534767,0.0480775090733469,0.0478633891100778,0.0476513531360783,0.0474414314121546,0.0472336539486267,0.0470280504666896,0.0468246503601125,0.046623482657364,0.046424575984253,0.0462279585271709,0.0460336579970219,0.0458417015939212,0.045652115972739,0.0454649272095661,0.0452801607691722,0.0450978414735303,0.0449179934714666,0.0447406402094973,0.0445658044039067,0.0443935080141217,0.0442237722174286,0.0440566173850762,0.0438920630598,0.043730127934808,0.0435708298342571,0.0434141856952439,0.0432602115513284,0.0431089225176073,0.0429603327773477,0.0428144555701872,0.042671303181898,0.042530886935714,0.0423932171852116,0.0422583033087319,0.0421261537053283,0.041996775792216,0.0418701760037021,0.0417463597915696,0.0416253316268834,0.0415070950031844,0.041391652441037,0.0412790054938936,0.041169154755231,0.041062099866914,0.0409578395287449,0.0408563715091559,0.0407576926569925,0.0406617989143342,0.0405686853303051,0.0404783460758206,0.040390774459219,0.0403059629427318,0.0402239031597365,0.0401445859327409,0.0400680012920503,0.0399941384950666,0.0399229860461712,0.0398545317171399,0.0397887625680422,0.0397256649685758,0.0396652246197901,0.0396074265761561,0.0395522552679414,0.039499694523848,0.0394497275938755,0.0394023371723686,0.0393575054212112,0.0393152139931332,0.0392754440550948,0.0392381763117152,0.0392033910287196,0.0391710680563781,0.0391411868529086,0.0391137265078177,0.0390886657651489,0.0390659830466208,0.0390456564746309,0.0390276638951079,0.0390119829001916,0.0389985908507198,0.0389874648985063,0.0389785820083943,0.0389719189800689,0.0389674524696119,0.0389651590107827,0.0389650150360149,0.0389669968971163,0.0389710808856609,0.0389772432530581,0.0389854602302867,0.0389957080472848,0.039007962951984,0.0390222012289788,0.0390383992178207,0.0390565333309273,0.0390765800710962,0.039098516048614,0.0391223179979526,0.0391479627940434,0.0391754274681218,0.0392046892231298,0.0392357254486675,0.0392685137354872,0.0393030318895202,0.0393392579454294,0.0393771701796789,0.0394167471231141,0.0394579675730431,0.0395008106048129,0.0395452555828736,0.0395912821713197,0.0396388703439014,0.0396880003934976,0.0397386529410447,0.0397908089439128,0.0398444497037205,0.0398995568735841,0.0399561124647952,0.0400140988529188,0.0400734987833046,0.040134295376007,0.0401964721301022,0.0402600129273991,0.0403249020355379,0.0403911241104715,0.0404586641983236,0.0405275077366197,0.0405976405548857,0.0406690488746069,0.0407417193085438,0.0408156388594029,0.040890794917855,0.0409671752598976,0.0410447680435562,0.0411235618049204,0.0412035454535139,0.0412847082669952,0.0413670398851858,0.0414505303034238,0.04153516986524,0.0416209492543535,0.0417078594859859,0.0417958918974915,0.0418850381383097,0.0419752901592378,0.0420666402010248,0.042159080782286,0.042252604686742,0.0423472049497866,0.0424428748443827,0.0425396078662952,0.042637397718663,0.0427362382959191,0.0428361236670679,0.0429370480583228,0.0430390058351109,0.043141991483452,0.0432459995907261,0.0433510248258384,0.0434570619187945,0.0435641056396952,0.0436721507771703,0.0437811921162659,0.0438912244158031,0.0440022423852236,0.0441142406609427,0.0442272137822311,0.0443411561666443,0.0444560620850208,0.0445719256360685,0.0446887407205628,0.044806501015185,0.0449251999460327,0.0450448306618267,0.0451653860068474,0.0452868584936278,0.0454092402754351,0.0455325231185731,0.0456566983745428,0.0457817569520947,0.0459076892892091,0.0460344853250442,0.0461621344718879,0.0462906255871492,0.0464199469454291,0.0465500862107139,0.0466810304087314,0.0468127658995128,0.0469452783502071,0.0470785527081927,0.0472125731745313,0.0473473231778054,0.0474827853483825,0.0476189414931569,0.0477557725708126,0.0478932586676577,0.048031378974078,0.0481701117616579,0.0483094343610171,0.0484493231404087,0.0485897534851266,0.0487306997777734,0.0488721353794354,0.0490140326118109,0.049156362740338,0.0492990959583644,0.0494422013724056,0.049585646988534,0.0497293996999462,0.0498734252757536,0.0500176883510372,0.0501621524182107,0.0503067798197312,0.0504515317421989,0.0505963682118788,0.0507412480916827,0.0508861290796464,0.0510309677089303,0.0511757193493795,0.0513203382106715,0.0514647773470785,0.0516089886638691,0.0517529229253728,0.051896529764727,0.0520397576953259,0.0521825541239881,0.0523248653658576,0.0524666366610439,0.0526078121930126,0.0527483351087279,0.0528881475405542,0.053027190629918,0.053165404552722,0.0533027285465068,0.0534391009393515,0.0535744591805035,0.0537087398727192,0.0538418788062968,0.0539738109947846,0.0541044707123341,0.0542337915326738,0.0543617063696701,0.0544881475194422,0.0546130467039942,0.0547363351163266,0.0548579434669823,0.0549778020319779,0.0550958407020725,0.0552119890333192,0.0553261762988487,0.0554383315418225,0.0555483836294975,0.0556562613083376,0.0557618932601081,0.0558652081588816,0.0559661347288818,0.0560646018030898,0.0561605383825333,0.0562538736961788,0.0563445372613466,0.0564324589445689,0.0565175690228065,0.0565997982449353,0.056679077893417,0.0567553398460648,0.0568285166378141,0.056898541522408,0.0569653485339072,0.0570288725479319,0.0570890493425401,0.0571458156586469,0.0571991092598968,0.0572488689918932,0.0572950348406964,0.0573375479904962,0.0573763508803677,0.0574113872600225,0.0574426022444715,0.0574699423675173,0.0574933556339926,0.0575127915706656,0.0575282012757322,0.0575395374668232,0.0575467545274594,0.0575498085518893,0.0575486573882503,0.0575432606799939,0.05753357990552,0.0575195784159715,0.0575012214711414,0.0574784762734557,0.0574513120000013,0.0574196998325768,0.0573836129857528,0.0573430267329282,0.0572979184303819,0.0572482675393254,0.0571940556459705,0.0571352664796265,0.0570718859288576,0.0570039020557403,0.0569313051082695,0.0568540875309732,0.056772243973807,0.0566857712994079,0.0565946685887934,0.0564989371456062,0.0563985804990113,0.0562936044053695,0.0561840168488214,0.0560698280409283,0.0559510504195263,0.055827698646965,0.0556997896079078,0.0555673424068924,0.0554303783658569,0.0552889210218513,0.055142996125168,0.0549926316381327,0.0548378577348098,0.0546787068018906,0.0545152134410455,0.0543474144730298,0.0541753489438468,0.0539990581332864,0.0538185855661644,0.0536339770265981,0.0534452805756651,0.0532525465728017,0.0530558277013066,0.0528551789983276,0.0526506578897154,0.0524423242301376,0.0522302403488468,0.0520144711015024,0.0517950839284492,0.0515721489198622,0.0513457388881667,0.0511159294481447,0.0508827991051351,0.050646429351729,0.0504069047733519,0.0501643131631187,0.0499187456463366,0.0496702968150144,0.0494190648727181,0.0491651517900894,0.0489086634713191,0.0486497099318317,0.0483884054874062,0.0481248689549101,0.0478592238647745,0.0475915986852868,0.0473221270587068,0.0470509480491424,0.0467782064020364,0.0465040528150184,0.0462286442197753,0.0459521440744719,0.0456747226661229,0.045396557422167,0.0451178332303313,0.0448387427656933,0.0445594868236477,0.0442802746572623,0.0440013243172687,0.0437228629926683,0.0434451273496522,0.0431683638662242,0.0428928291595884,0.0426187903030049,0.042346525128446,0.0420763225109936,0.0418084826305061,0.0415433172056574,0.0412811496950277,0.04102231545949,0.0407671618797188,0.0405160484222342,0.0402693466470212,0.0400274401494222,0.0397907244287189,0.039559606675615,0.0393345054707177,0.0391158503861165,0.0389040814822955,0.0386996486929098,0.0385030110904413,0.0383146360264323,0.038134998140904,0.0379645782367108,0.0378038620159855,0.0376533386774876,0.0375134993755896,0.0373848355437927,0.0372678370880539,0.0371629904577786,0.0370707766050485,0.036991668845451,0.0369261306366881,0.0368746132938776,0.0368375536630373,0.0368153717765468,0.0368084685163428,0.0368172233121039,0.0368419919026496,0.0368831041891227,0.0369408622082134,0.0370155382526644,0.0371073731645822,0.0372165748246818,0.0373433168575643,0.0374877375695542,0.037649939131615,0.0378299870155198,0.0380279096869533,0.0382436985546638,0.0384773081703564,0.0387286566698304,0.0389976264420503,0.0392840650094985,0.0395877861003695,0.0399085708910023,0.0402461693954034,0.0406003019778107,0.0409706609639654,0.0413569123270387,0.0417586974249419,0.0421756347669802,0.0426073217893763,0.0430533366210463,0.0435132398230428,0.0439865760872349,0.0444728758819782,0.0449716570347,0.0454824262434209,0.0460046805112103,0.0465379084994068,0.0470815917970952,0.0476352061058047,0.0481982223396823,0.0487701076424994,0.0493503263237543,0.0499383407168819,0.0505336119631625,0.0511356007253492,0.0517437678353348,0.052357574880366,0.0529764847324026,0.0535999620252215,0.0542274735838025,0.0548584888104117,0.0554924800316359,0.0561289228104192,0.0567672962269275,0.0574070831318324,0.0580477703753592,0.058688849015184,0.0593298145060157,0.0599701668734494,0.0606094108744379,0.0612470561464919,0.0618826173475069,0.0625156142879085,0.0631455720566124,0.0637720211421036,0.0643944975497746,0.0650125429165114,0.0656257046233694,0.0662335359070468,0.066835595970748,0.0674314500949321,0.0680206697483343,0.0686028326995636,0.0691775231295024,0.0697443317446597,0.0703028558915712,0.0708526996722819,0.0713934740608943,0.0719247970211321,0.0724462936248285,0.0729575961712141,0.0734583443068509,0.0739481851460354,0.0744267733914779,0.0748937714550464,0.0753488495783483,0.0757916859529111,0.0762219668397192,0.0766393866878474,0.0770436482519372,0.0774344627082575,0.0778115497690855,0.0781746377951476,0.078523463905854,0.0788577740870651,0.0791773232961421,0.0794818755640295,0.0797712040941229,0.0800450913576801,0.0803033291855316,0.0805457188558593,0.0807720711778247,0.0809822065708366,0.0811759551392529,0.0813531567423146,0.0815136610591234,0.0816573276484796,0.0817840260034108,0.0818936356002214,0.0819860459419124,0.0820611565958241,0.0821188772253629,0.0821591276156846,0.0821818376932265,0.0821869475389819,0.0821744073954216,0.0821441776669721,0.0820962289139704,0.0820305418400321,0.0819471072727774,0.0818459261378707,0.0817270094263366,0.0815903781551279,0.0814360633209269,0.0812641058471809,0.0810745565243799,0.0808674759435983,0.0806429344233184,0.0804010119295737,0.0801417979894628,0.0798653915980954,0.0795719011190403,0.0792614441783512,0.0789341475522549,0.0785901470485995,0.0782295873821699,0.0778526220439942,0.0774594131647656,0.0770501313725193,0.0766249556447137,0.0761840731548688,0.0757276791139326,0.0752559766065562,0.0747691764224666,0.0742674968831401,0.0737511636639896,0.0732204096122864,0.0726754745610495,0.0721166051391492,0.0715440545778783,0.0709580825142574,0.0703589547913533,0.069746943255901,0.0691223255535309,0.0684853849219149,0.0678364099821703,0.067175694528867,0.066503537318998,0.0658202418602929,0.0651261161992704,0.0644214727094442,0.0637066278801207,0.0629819021062425,0.0622476194797614,0.0615041075830491,0.0607516972848867,0.0599907225395997,0.0592215201899423,0.0584444297743762,0.0576597933394262,0.0568679552578452,0.0560692620533742,0.0552640622329472,0.0544527061272518,0.0536355457406362,0.0528129346114354,0.0519852276838854,0.0511527811929013,0.0503159525631199,0.0494751003237415,0.0486305840408637,0.0477827642691845,0.0469320025251431,0.0460786612838012,0.0452231040020321,0.0443656951708907,0.0435068004003858,0.0426467865402697,0.0417860218409173,0.0409248761588782,0.040063721212291,0.0392029308920386,0.0383428816353209,0.0374839528692262,0.0366265275329394,0.0357709926884342,0.0349177402308932,0.0340671677117063,0.0332196792887457,0.0323756868207271,0.0315356111248983,0.0306998834200736,0.0298689469801916,0.029043259027144,0.0282232928956384,0.0274095405073131,0.0266025151962171,0.0258027549330247,0.025010826000855,0.0242273271810713,0.0234528945125657,0.0226882066921751,0.0219339911860859,0.0211910311209939,0.0204601730173411,0.019742335412289,0.0190385183931449,0.0183498140172128,0.0176774175241506,0.0170226391424625,0.0163869161412529,0.0157718245687978,0.0151790898379324,0.0146105949553014,0.0140683847473878,0.0135546639306164,0.013071786358674,0.0126222323601182,0.012208570919545,0.0118334037866437,0.0114992896853126,0.011208648863852,0.0109636513274519,0.0107660959414307,0.01061729145644,0.0105179532589361,0.0104681300783159,0.0104671722070721,0.0105137471702502,0.010605901464752,0.0107411599305761,0.0109166493886264,0.0111292314303454,0.0113756305911158,0.0116525476120578,0.0119567517871502,0.012285150382454,0.0126348361376534,0.0130031157223571,0.0133875228513991,0.0137858198454566,0.0141959910526656,0.0146162309652207,0.0150449292369411,0.0154806542284357,0.0159221362192704,0.0163682510421541,0.0168180046055059,0.0172705185628955,0.0177250172439578,0.0181808158658719,0.0186373099842554,0.0190939661069814,0.0195503133761345,0.0200059362163353,0.0204604678478714,0.0209135845676424,0.0213650007079019,0.0218144641908966,0.0222617526059234,0.0227066697435553,0.023149042529527,0.0235887183078769,0.0240255624293435,0.0244594561067227,0.0248902945039198,0.0253179850298521,0.0257424458122017,0.0261636043293656,0.02658139618185,0.026995763986862,0.0274066563820211,0.0278140271259841,0.0282178342853934,0.028618039498948,0.0290146073106037,0.0294075045649461,0.0297966998586787,0.0301821630429424,0.0305638647718523,0.0309417760932104,0.0313158680778609,0.0316861114845835,0.0320524764577974,0.0324149322556721,0.0327734470065237,0.0331279874916168,0.0334785189527068,0.033825004922834,0.0341674070790456,0.0345056851158562,0.0348397966383747,0.0351696970741271,0.0354953396026947,0.035816675102362,0.03613365211303,0.0364462168147137,0.0367543130209899,0.0370578821867999,0.0373568634300457,0.0376511935664551,0.0379408071572119,0.0382256365688724,0.0385056120451011,0.0387806617897851,0.0390507120610946,0.039315687276067,0.0395755101253013,0.0398301016973594,0.0400793816124741,0.0403232681651739,0.0405616784754405,0.0407945286480166,0.0410217339394861,0.0412432089327523,0.0414588677185443,0.0416686240835868,0.0418723917050667,0.0420700843510356,0.0422616160863857,0.0424469014840472,0.0426258558410527,0.0427983953991185,0.0429644375693985,0.0431239011610651,0.0432767066133779,0.0434227762309049,0.0435620344215608,0.0436944079371371,0.0438198261159944,0.0439382211275955,0.0440495282185554,0.0441536859598881,0.0442506364951394,0.0443403257890916,0.0444227038767295,0.0444977251121609,0.0445653484171825,0.044625537529188,0.0446782612481146,0.0447234936821235,0.044761214491711,0.0447914091319441,0.0448140690925124,0.0448291921352906,0.0448367825290957,0.0448368512813187,0.044829416366106,0.044814502948758,0.0447921436060005,0.0447623785417733,0.0447252557981698,0.0446808314611475,0.0446291698606109,0.0445703437644519,0.0445044345661062,0.0444315324651614,0.0443517366405255,0.0442651554156371,0.0441719064151654,0.0440721167126117,0.0439659229681826,0.0438534715562633,0.0437349186817664,0.0436104304845887,0.0434801831313486,0.0433443628935214,0.0432031662110291,0.0430567997402753,0.0429054803855507,0.0427494353126687,0.0425889019436212,0.0424241279309687,0.0422553711106061,0.0420828994314768,0.0419069908607356,0.0417279332627968,0.0415460242506415,0.041361571007712,0.0411748900786712,0.0409863071272859,0.0407961566596788,0.0406047817111977,0.0404125334951822,0.0402197710119588,0.0400268606164864,0.0398341755431985,0.0396420953867407,0.03945100553751,0.0392612965711484,0.0390733635914498,0.0388876055264866,0.0387044243781725,0.0385242244259471,0.0383474113857956,0.0381743915263974,0.0380055707448387,0.0378413536050075,0.0376821423425188,0.0375283358407761,0.0373803285835664,0.0372385095903741,0.0371032613413888,0.0369749586999386,0.0368539678408029,0.0367406451935106,0.036635336410283,0.0365383753687439,0.0364500832198341,0.0363707674915396,0.0363007212590391,0.0362402223916885,0.0361895328868889,0.0361488983002986,0.0361185472810742,0.036098691219851,0.0360895240160177,0.0360912219695184,0.0361039438009517,0.0361278308021612,0.0361630071178516,0.0362095801570682,0.0362676411316614,0.0363372657171809,0.0364185148300273,0.0365114355131781,0.0366160619214219,0.0367324163958121,0.0368605106160074,0.0370003468183255,0.0371519190666954,0.0373152145632642,0.0374902149851923,0.0376768978341505,0.0378752377851979,0.0380852080220688,0.0383067815463856,0.0385399324489465,0.038784637131987,0.0390408754721508,0.0393086319148154,0.0395878964913821,0.0398786657521284,0.0401809436082383,0.0404947420776333,0.0408200819302343,0.0411569932292656,0.0415055157661694,0.0418656993876187,0.0422376042140051,0.0426213007496158,0.0430168698855216,0.0434244027969511,0.0438440007376398,0.0442757747343072,0.0447198451850455,0.0451763413659788,0.0456454008510894,0.0461271688505931,0.0466217974736913,0.0471294449219195,0.0476502746196576,0.0481844542886639,0.0487321549737376,0.0492935500267982,0.0498688140568009,0.050458121852982,0.0510616472889462,0.051679562215064,0.0523120353465511,0.0529592311544384,0.0536213087664276,0.0542984208843626,0.0549907127247288,0.0556983209882242,0.0564213728640483,0.0571599850741109,0.0579142629618904,0.0586842996301728,0.059470175131394,0.0602719557137799,0.0610896931259493,0.0619234239821183,0.062773169189522,0.0636389334391628,0.0645207047605078,0.0654184541403031,0.0663321352052313,0.0672616839677377,0.0682070186339809,0.0691680394725274,0.0701446287421087,0.0711366506765108,0.0721439515244339,0.0731663596419799,0.0742036856352822,0.0752557225506649,0.0763222461096467,0.0774030149860521,0.078497771122474,0.0796062400833201,0.0807281314417121,0.0818631391975333,0.0830109422239868,0.0841712047400996,0.0853435768066913,0.0865276948434204,0.0877231821646209,0.0889296495317498,0.0901466957203739,0.0913739080997381,0.0926108632230567,0.0938571274267885,0.095112257437269,0.0963758009831796,0.0976472974124205,0.0989262783120588,0.10021226813011,0.101504784798001,0.102803340352639,0.104107441557093,0.105416590518965,0.106730285305595,0.108048020555283,0.109369288083799,0.110693577485465,0.112020376728179,0.11334917274177,0.114679451999085,0.116010701089293,0.117342407282873,0.118674059087847,0.120005146796753,0.121335163023943,0.122663603232795,0.123989966252451,0.125313754783704,0.126634475893663,0.127951641498836,0.129264768836291,0.130573380922559,0.131877006999966,0.133175182970088,0.13446745181403,0.135753363999247,0.13703247787264,0.138304360039633,0.139568585729006,0.140824739143209,0.142072413793941,0.143311212822762,0.144540749306538,0.145760646547496,0.146970538347699,0.148170069267738,0.149358894869465,0.150536681942599,0.151703108715075,0.152857865046998,0.154000652608111,0.155131185038648,0.156249188093493,0.15735439976955,0.158446570416268,0.159525462829259,0.16059085232698,0.161642526810471,0.16268028680616,0.163703945491754,0.164713328705234,0.165708274937003,0.166688635305252,0.167654273514627,0.168605065798286,0.169540900843489,0.170461679700846,0.171367315677373,0.172257734213526,0.173132872744394,0.173992680545249,0.174837118561668,0.175666159224476,0.176479786249763,0.177277994424225,0.17806078937614,0.178828187332252,0.179580214860916,0.180316908601843,0.181038314982789,0.181744489923529,0.182435498527512,0.183111414761596,0.183772321124313,0.18441830830306,0.185049474820671,0.185665926671805,0.186267776949659,0.186855145463477,0.187428158347371,0.187986947660957,0.188531650982346,0.189062410994019,0.189579375062153,0.190082694809934,0.190572525685445,0.19104902652471,0.191512359110491,0.191962687727488,0.192400178714524,0.19282500001435,0.1932373207217,0.193637310630226,0.194025139778961,0.194400977998959,0.194764994460757,0.19511735722337,0.195458232785456,0.195787785639357,0.196106177828656,0.196413568509968,0.196710113519622,0.196995964945935,0.19727127070777,0.19753617414003,0.19779081358678,0.198035322002632,0.198269826563094,0.198494448284524,0.198709301654357,0.198914494272214,0.199110126502569,0.199296291139556,0.19947307308455,0.199640549037114,0.199798787199881,0.19994784699795,0.200087778813322,0.200218623734915,0.200340413324681,0.200453169400312,0.200556903834998,0.200651618374689,0.20073730447328,0.200813943146086,0.200881504841988,0.20093994933458,0.200989225632601,0.201029271909929,0.201060015455387,0.201081372642544,0.201093248919715,0.201095538820298,0.201088125993574,0.201070883256033,0.201043672663267,0.201006345602454,0.200958742905388,0.200900694981997,0.200832021974267,0.200752533930429,0.200662030999276,0.200560303644393,0.200447132878091,0.200322290514746,0.200185539443248,0.200036633918249,0.199875319869838,0.199701335231269,0.199514410284328,0.199314268021891,0.199100624527205,0.198873189369379,0.198631666014577,0.198375752252332,0.198105140636434,0.197819518939796,0.197518570622681,0.197201975313691,0.19686940930283,0.196520546046004,0.196155056680246,0.195772610549008,0.195372875736793,0.194955519612444,0.194520209380359,0.194066612638885,0.193594397945185,0.193103235385795,0.19259279715216,0.19206275812037,0.191512796434385,0.190942594091983,0.19035183753268,0.189740218226896,0.189107433265617,0.188453185949806,0.18777718637884,0.187079152037283,0.186358808379269,0.185615889409823,0.184850138262415,0.184061307772109,0.183249161043633,0.182413472013741,0.181554026007248,0.180670620286135,0.179763064591163,0.178831181675417,0.177874807829264,0.176893793396219,0.175888003279243,0.174857317437031,0.173801631369857,0.172720856594594,0.17161492110858,0.170483769841992,0.169327365098469,0.16814568698376,0.166938733822212,0.165706522560961,0.164449089161725,0.163166488980181,0.161858797132932,0.160526108852154,0.159168539828074,0.157786226539496,0.156379326572674,0.154948018928905,0.153492504321311,0.152013005461372,0.150509767335857,0.148983057474936,0.147433166212344,0.145860406938617,0.14426511634853,0.14264765468408,0.141008405974479,0.139347778274822,0.137666203905298,0.135964139693026,0.134242067218826,0.132500493071537,0.130739949112745,0.128960992755165,0.127164207258237,0.125350202044906,0.12351961304402,0.121673103063231,0.119811362197873,0.117935108281861,0.116045087387367,0.114142074380743,0.112226873543026,0.110300319264251,0.10836327682185,0.106416643254537,0.104461348344329,0.102498355720758,0.100528664102842,0.0985533086960594,0.0965733627634282,0.094589939391754,0.0926041934762459,0.090617323948962,0.0886305762789307,0.0866452452742442,0.0846626782188617,0.0826842783791962,0.0807115089176574,0.0787458972519622,0.0767890398999259,0.0748426078492145,0.072908352489643,0.0709881121413503,0.069083819204633,0.0671975079451665,0.0653313229102243,0.0634875279453462,0.0616685157442556,0.0598768178146956,0.0581151146757263,0.0563862460138802,0.0546932204121543,0.0530392241229752,0.0514276281807225,0.0498619929398809,0.0483460688839576,0.0468837922866917,0.0454792740389547,0.044136779713153,0.0428606987693749,0.0416555007798013,0.0405256767428278,0.0394756640682584,0.0385097547253881,0.0376319874090637,0.0368460263785094,0.036155031738017,0.035561528105851,0.035067280482684,0.0346731872381167,0.0343792000707395,0.0341842793165006,0.0340863901171139,0.034082541080683,0.0341688628092431,0.034340719786447,0.0345928462781381,0.0349194955016283,0.0353145914264676,0.0357718739311784,0.0362850302141837,0.0368478078507587,0.0374541072790326,0.0380980535012726,0.0387740482655301,0.0394768049343099,0.0402013687194291,0.0409431250727695,0.0416977988849339,0.0424614468585581,0.0432304450688186,0.0440014733557816,0.0447714978464254,0.0455377525972664,0.046297721089152,0.0470491180943449,0.0477898722687711,0.0485181096934834,0.0492321384926653,0.0499304345847199,0.0506116285726704,0.0512744937455501,0.051917935139829,0.0525409795961162,0.0531427667389875,0.0537225408049316,0.0542796432436978,0.0548135060207074,0.0553236455518909,0.0558096572067694,0.0562712103204288,0.0567080436599575,0.0571199612957483,0.0575068288326821,0.0578685699605652,0.0582051632872215,0.0585166394213416,0.0588030782755519,0.0590646065632041,0.0593013954651383,0.0595136584451199,0.0597016491948418,0.0598656596913393,0.0600060183514114,0.0601230882691954,0.0602172655244118,0.0602889775500229,0.0603386815491275,0.0603668629518783,0.0603740339040689,0.0603607317798102,0.0603275177114064,0.0602749751301632,0.0602037083124334,0.0601143409257257,0.0600075145701775,0.0598838873111537,0.0597441321991736,0.0595889357737876,0.0594189965484452,0.0592350234738036,0.0590377343773542,0.0588278543776793,0.0586061142721087,0.0583732488970188,0.0581299954605268,0.0578770918478601,0.0576152749002573,0.057345278668853,0.0570678326456264,0.0567836599741623,0.0564934756436729,0.0561979846704525,0.0558978802716838,0.0555938420372766,0.0552865341061877,0.0549766033544377,0.0546646776027741,0.0543513638526494,0.0540372465598522,0.0537228859557264,0.0534088164264401,0.0530955449611927,0.0527835496805537,0.0524732784563063,0.0521651476341937,0.0518595408708352,0.0515568080957765,0.0512572646091484,0.0509611903247398,0.0506688291674365,0.0503803886329419,0.0500960395164876,0.0498159158158826,0.0495401148127554,0.0492686973342257,0.0490016881955517,0.0487390768225377,0.0484808180507231,0.0482268330966182,0.0479770106945324,0.0477312083909018,0.0474892539865007,0.0472509471155457,0.0470160609494867,0.0467843440122445,0.0465555220928257,0.0463293002406315,0.0461053648283727,0.0458833856673203,0.045663018159648,0.0454439054728468,0.0452256807216032,0.0450079691431035,0.0447903902524538,0.0445725599657492,0.0443540926792737,0.0441346032943267,0.0439137091782498,0.0436910320533336,0.0434661998063982,0.0432388482129489,0.0430086225708825,0.0427751792397581,0.0425381870826309,0.042297328808369,0.0420523022132243,0.0418028213211981,0.041548617423448,0.0412894400175933,0.041025057648322,0.0407552586511637,0.0404798518016793,0.0401986668726361,0.03991155510198,0.0396183895746094,0.039319065521089,0.0390135005365171,0.0387016347227985,0.0383834307575678,0.0380588738929732,0.0377279718874504,0.0373907548735226,0.0370472751645382,0.0366976070031168,0.036341846253922,0.0359801100432086,0.0356125363474176,0.0352392835329052,0.0348605298487049,0.0344764728740318,0.0340873289220471,0.0336933324012151,0.0332947351354033,0.0328918056436957,0.0324848283807239,0.0320741029381659,0.0316599432079176,0.0312426765073182,0.0308226426667087,0.0304001930795208,0.0299756897150559,0.0295495040940947,0.0291220162275144,0.0286936135181664,0.0282646896264027,0.0278356432998354,0.0274068771681932,0.0269787965044905,0.0265518079541748,0.0261263182344642,0.0257027328067545,0.025281454525752,0.0248628822699022,0.0244474095587318,0.0240354231639028,0.0236273017221003,0.0232234143593294,0.0228241193377825,0.0224297627381315,0.0220406771918836,0.0216571806802856,0.0212795754181291,0.0209081468426568,0.0205431627295482,0.0201848724595994,0.0198335064611556,0.0194892758545144,0.0191523723253391,0.0188229682545088,0.0185012171317216,0.0181872542794914,0.0178811979128611,0.0175831505581582,0.0172932008513802,0.0170114257332985,0.0167378930540678,0.0164726645950073,0.0162157995092543,0.015967358176148,0.0157274064564374,0.0154960203266635,0.0152732908612478,0.0150593295198188,0.0148542736849856,0.0146582923819777,0.0144715920961886,0.0142944225876035,0.0141270825823826,0.0139699252017154,0.0138233629669122,0.0136878721983894,0.0135639966060318,0.0134523498512216,0.0133536168490894,0.0132685535763159,0.0131979851586317,0.0131428020367333,0.0131039540530903,0.0130824423675738,0.0130793091977638,0.0130956254884546,0.0131324767392758,0.0131909473509396,0.0132721039775967,0.0133769784810488,0.0135065511576028,0.0136617349375462,0.0138433612323597,0.0140521680240888,0.0142887906604276,0.014553755650722,0.0148474775701313,0.0151702589917418,0.0155222931985745,0.0159036692943022,0.0163143792422806,0.0167543263198724,0.0172233344757382,0.0177211581141371,0.0182474918922286,0.0188019801932363,0.0193842260204291,0.0199937991363909,0.0206302433435122,0.0212930828618207,0.0219818278078919,0.0226959788138421,0.0234350308494538,0.0241984763250304,0.0249858075595069,0.0257965186995082,0.0266301071721042,0.0274860747483706,0.0283639282876304,0.0292631802242718,0.0301833488509302,0.0311239584439967,0.0320845392701377,0.0330646275059268,0.0340637650968614,0.0350814995769672,0.0361173838658568,0.0371709760564356,0.0382418392033864,0.0393295411200197,0.0404336541890056,0.0415537551908192,0.042689425152387,0.0438402492173483,0.045005816538514,0.0461857201924521,0.0473795571156365,0.048586928061232,0.0498074375753219,0.0510406939912033,0.0522863094402541,0.0535438998778044,0.0548130851224185,0.0560934889069891,0.0573847389400768,0.0586864669759627,0.0599983088919342,0.0613199047713868,0.0626508989913941,0.0639909403134641,0.0653396819762758,0.0666967817892627,0.0680619022259772,0.0694347105162465,0.0708148787361951,0.0722020838952763,0.0735960080195249,0.0749963382303071,0.076402766817893,0.077814991309249,0.0792327145294958,0.0806556446565338,0.0820834952683839,0.0835159853828458,0.0849528394891227,0.0863937875711001,0.0878385651220168,0.0892869131503057,0.0907385781764155,0.0921933122204782,0.0936508727807213,0.0951110228025562,0.0965735306383087,0.0980381699975865,0.0995047198883249,0.100972964548573,0.102442693369115,0.103913700807056,0.105385786290521,0.106858754114652,0.10833241332911,0.10980657761731,0.111281065167674,0.112755698537155,0.114230304507369,0.115704713933634,0.117178761587276,0.118652285991567,0.120125129251701,0.121597136879187,0.123068157611094,0.124538043224571,0.1260066483471,0.127473830262947,0.128939448716287,0.130403365711477,0.131865445310973,0.1333255534314,0.134783557638264,0.136239326939828,0.137692731580658,0.139143642835351,0.140591932802953,0.142037474202587,0.143480140170799,0.144919804061117,0.146356339246337,0.147789618924008,0.149219515925614,0.150645902529929,0.152068650281,0.153487629811221,0.15490271066993,0.156313761157936,0.157720648168381,0.159123237034316,0.160521391383383,0.161914972999957,0.16330384169507,0.164687855184447,0.166066868974932,0.167440736259574,0.168809307821596,0.170172431947494,0.171529954349434,0.17288171809714,0.17422756355941,0.175567328355366,0.17690084731555,0.178227952452924,0.179548472943819,0.180862235118861,0.182169062463876,0.183468775630751,0.184761192458204,0.186046128002368,0.187323394577102,0.1885928018039,0.189854156671285,0.191107263603505,0.192351924538377,0.19358793901405,0.194815104264473,0.196033215323336,0.19724206513623,0.198441444680759,0.199631143094308,0.200810947809166,0.20198064469471,0.203140018206327,0.204288851540738,0.205426926797378,0.20655402514549,0.20766992699658,0.208774412181866,0.209867260134329,0.210948250075035,0.212017161203311,0.213073772890442,0.214117864876485,0.215149217469823,0.216167611749092,0.217172829767084,0.218164654756279,0.219142871335627,0.220107265718231,0.221057625919567,0.221993741965854,0.222915406102245,0.223822413000502,0.224714559965829,0.225591647142538,0.226453477718227,0.227299858126168,0.228130598245627,0.22894551159982,0.229744415551267,0.230527131494241,0.231293485044094,0.232043306223211,0.232776429643364,0.233492694684226,0.234191945667848,0.234874032028912,0.235538808480571,0.236186135175692,0.236815877863336,0.237427908040318,0.238022103097728,0.238598346462253,0.239156527732186,0.239696542807996,0.240218294017372,0.24072169023463,0.241206646994397,0.241673086599511,0.242120938223031,0.242550138004302,0.242960629139033,0.243352361963326,0.243725294031582,0.24407939018823,0.244414622633254,0.244730970981475,0.245028422315556,0.245306971232709,0.245566619885097,0.245807378013878,0.246029262976903,0.246232299770007,0.24641652104191,0.246581967102682,0.246728685925775,0.246856733143588,0.246966172036545,0.24705707351567,0.247129516098631,0.24718358587926,0.247219376490497,0.247236989060746,0.247236532163593,0.24721812176086,0.247181881138982,0.247127940838668,0.247056438577805,0.246967519167584,0.246861334421789,0.24673804305921,0.246597810599143,0.246440809249969,0.246267217790748,0.246077221445786,0.245871011752186,0.245648786420324,0.245410749187255,0.245157109662991,0.244888083169663,0.244603890573511,0.24430475810975,0.243990917200264,0.243662604264202,0.243320060521463,0.242963531789125,0.242593268270858,0.242209524339367,0.241812558311925,0.241402632219064,0.240980011566527,0.24054496509059,0.240097764506866,0.239638684252782,0.239168001223885,0.238685994504148,0.238192945090508,0.237689135611839,0.237174850042598,0.236650373411432,0.236115991505062,0.235571990567807,0.235018656997085,0.234456277035271,0.233885136458287,0.233305520261355,0.232717712342372,0.23212199518337,0.231518649530567,0.23090795407353,0.23029018512402,0.229665616295054,0.229034518180816,0.228397158038022,0.227753799469381,0.227104702109788,0.226450121315946,0.225790307860101,0.225125507628597,0.224455961325948,0.223781904185186,0.22310356568519,0.22242116927575,0.221734932111077,0.221045064792519,0.220351771121242,0.219655247861567,0.218955684515707,0.21825326311059,0.217548157997463,0.216840535664937,0.216130554566125,0.215418364960492,0.214704108771019,0.213987919457244,0.213269921904682,0.212550232331111,0.211828958210172,0.21110619821268,0.210382042166008,0.209656571031828,0.20892985690248,0.208201963016166,0.207472943791135,0.206742844878921,0.206011703236684,0.205279547218633,0.204546396686431,0.203812263138438,0.203077149857605,0.202341052077766,0.201603957168,0.200865844834691,0.200126687340841,0.199386449742128,0.198645090139217,0.197902559945719,0.197158804171174,0.196413761718367,0.195667365694249,0.194919543733714,0.194170218335426,0.193419307208857,0.192666723631691,0.191912376816715,0.191156172287296,0.190398012260477,0.189637796036764,0.188875420395632,0.188110779995799,0.187343767779288,0.186574275378317,0.185802193524056,0.185027412456309,0.184249822333182,0.183469313639812,0.182685777595234,0.181899106556493,0.181109194419135,0.180315937013228,0.179519232494107,0.178718981727027,0.177915088665009,0.17710746071914,0.176296009120673,0.175480649274262,0.174661301101744,0.173837889375869,0.173010344043456,0.172178600537499,0.171342600077756,0.170502289959456,0.169657623829701,0.168808561951277,0.167955071453569,0.167097126570352,0.166234708864242,0.165367807437633,0.164496419130004,0.163620548701485,0.162740209002643,0.161855421130431,0.160966214570308,0.160072627324573,0.159174706026957,0.158272506043559,0.157366091560264,0.156455535656767,0.155540920367348,0.154622336728591,0.153699884814244,0.152773673757436,0.151843821760472,0.150910456092454,0.149973713074965,0.149033738056075,0.148090685372911,0.147144718303072,0.14619600900515,0.145244738448654,0.144291096333592,0.14333528099997,0.14237749932748,0.141417966625608,0.140456906514437,0.139494550796373,0.138531139319034,0.137566919829502,0.136602147820136,0.135637086366093,0.134672005954731,0.133707184307046,0.13274290619126,0.131779463228679,0.130817153691882,0.129856282295297,0.128897159978173,0.127940103679963,0.126985436108075,0.126033485497969,0.125084585365498,0.124139074251438,0.12319729545804,0.1222595967775,0.12132633021216,0.120397851686242,0.119474520748915,0.118556700268481,0.117644756117432,0.116739056848151,0.115839973358986,0.114947878550455,0.114063146971309,0.113186154454245,0.112317277741018,0.111456894096767,0.110605380913362,0.109763115301646,0.108930473672475,0.108107831306504,0.107295561912733,0.106494037175918,0.105703626293002,0.104924695498828,0.104157607581497,0.103402721387821,0.102660391319462,0.101930966820474,0.101214791857076,0.10051220439065,0.0998235358451051,0.099149110569875,0.0984892452999889,0.0978442486148116,0.0972144203972014,0.0966000512949862,0.0960014221868008,0.0954188036544747,0.0948524554642888,0.0943026260595282,0.0937695520668687,0.0932534578192156,0.0927545548976633,0.0922730416952882,0.091809103005504,0.0913629096376869,0.0909346180627285,0.0905243700910972,0.0901322925858705,0.0897584972130562,0.0894030802313433,0.0890661223232214,0.088747688469168,0.088447827866339,0.08816657389291,0.0879039441188964,0.087659940363959,0.0874345488023563,0.087227740114838,0.0870394696869135,0.0868696778525682,0.0867182901821521,0.0865852178128224,0.0864703578195811,0.086373593624648,0.0862947954426267,0.0862338207586606,0.0861905148365421,0.0861647112535471,0.0861562324586122,0.0861648903503607,0.0861904868713989,0.0862328146152665,0.0862916574424145,0.086366791101624,0.086457983853336,0.0865649970914678,0.086687585960411,0.0868254999640579,0.0869784835638858,0.0871462767633327,0.0873286156759214,0.0875252330748017,0.0877358589216289,0.0879602208729381,0.0881980447624282,0.0884490550578099,0.0887129752911143,0.0889895284615934,0.0892784374105785,0.0895794251678853,0.0898922152695605,0.0902165320469547,0.090552100887301,0.0908986484661429,0.0912559029521059,0.091623594184649,0.0920014538255573,0.092389215485041,0.0927866148233983,0.0931933896292875,0.0936092798757159,0.0940340277548945,0.0944673776931589,0.0949090763471907,0.0953588725827874,0.0958165174374242,0.0962817640678663,0.0967543676840842,0.0972340854707118,0.0977206764972607,0.0982139016182851,0.0987135233646624,0.0992193058271187,0.0997310145330935,0.100248416317991,0.100771279191825,0.101299372202229,0.101832465294737,0.102370329171235,0.102912735147382,0.1034594550098,0.104010260873774,0.104564925042133,0.105123219865982,0.105684917607862,0.106249790307925,0.106817609653615,0.107388146853365,0.10796117251472,0.108536456527309,0.109113767951018,0.109692874909718,0.110273544490842,0.110855542651093,0.111438634128517,0.112022582361154,0.112607149412446,0.113192095903584,0.113777180952915,0.114362162122552,0.114946795372262,0.115530835020719,0.116114033714172,0.116696142402578,0.117276910323221,0.117856084991836,0.11843341220122,0.119008636027309,0.119581498842712,0.120151741337639,0.120719102548204,0.121283319892014,0.121844129210992,0.122401264821349,0.122954459570599,0.123503444901557,0.124047950923208,0.124587706488324,0.125122439277721,0.125651875891044,0.126175741943917,0.126693762171363,0.127205660537324,0.127711160350176,0.128209984384056,0.128701855005869,0.12918649430781,0.129663624245247,0.13013296677979,0.130594244027399,0.131047178411329,0.13149149281976,0.131926910767916,0.132353156564495,0.132769955482227,0.13317703393236,0.133574119642885,0.133960941840298,0.134337231434692,0.134702721207985,0.135057146005073,0.135400242927694,0.135731751530801,0.136051414021228,0.136358975458439,0.136654183957134,0.136936790891501,0.137206551100872,0.137463223096554,0.137706569269607,0.137936356099331,0.138152354362243,0.138354339341292,0.138542091035103,0.138715394366996,0.138874039393542,0.139017821512434,0.139146541669419,0.139260006564056,0.13935802885406,0.139440427358004,0.139507027256135,0.139557660289078,0.139592164954192,0.139610386699367,0.139612178114023,0.139597399117098,0.139565917141767,0.139517607316705,0.139452352643652,0.139370044171091,0.139270581163801,0.139153871268104,0.139019830672583,0.138868384264086,0.138699465778806,0.138513017948258,0.138308992639977,0.138087350992742,0.137848063546179,0.137591110364564,0.137316481154689,0.137024175377625,0.13671420235424,0.136386581364332,0.136041341739234,0.135678522947768,0.135298174675433,0.134900356896714,0.134485139940411,0.1340526045479,0.133602841924228,0.133135953781949,0.132652052377629,0.132151260540944,0.131633711696288,0.131099549876845,0.13054892973106,0.129982016521487,0.129398986115951,0.128800024971013,0.128185330107684,0.127555109079373,0.126909579932043,0.126248971156572,0.125573521633292,0.124883480568679,0.124179107424166,0.123460671837069,0.122728453533631,0.121982742234169,0.121223837550308,0.12045204887429,0.119667695260355,0.118871105298165,0.118062616978237,0.117242577549359,0.116411343367962,0.115569279739409,0.114716760751156,0.113854169097717,0.112981895897377,0.112100340500552,0.111209910289715,0.11031102047078,0.109404093855805,0.108489560636871,0.107567858150975,0.106639430635773,0.105704728975958,0.104764210440075,0.103818338407515,0.102867582085435,0.101912416215302,0.100953320768774,0.0999907806325416,0.099025285281802,0.0980573284419529,0.0970874077380951,0.0961160243319122,0.0951436825454757,0.0941708894714938,0.0931981545695127,0.0922259892475634,0.0912549064287304,0.0902854201021302,0.0893180448577705,0.0883532954047703,0.0873916860724444,0.0864337302937795,0.0854799400708651,0.084530825421887,0.0835868938093493,0.0826486495492602,0.0817165932011094,0.080791220938577,0.0798730239010378,0.0789624875260738,0.0780600908633778,0.0771663058706159,0.0762815966920341,0.075406418920831,0.0745412188465812,0.0736864326892788,0.072842485821876,0.0720097919835206,0.0711887524860476,0.0703797554166401,0.0695831748399479,0.0687993700033399,0.0680286845493556,0.067271445739806,0.0665279636963496,0.0657985306627211,0.0650834202941194,0.0643828869795485,0.063697165203152,0.063026468950782,0.0623709911681785,0.0617309032771756,0.061106354756329,0.0604974727922406,0.059904362007636,0.0593271042719228,0.0587657585995419,0.0582203611408976,0.0576909252700181,0.057177441772372,0.0566798791354333,0.0561981839436881,0.0557322813787974,0.0552820758245941,0.0548474515755219,0.0544282736460358,0.0540243886773819,0.0536356259370993,0.0532617984055471,0.0529027039427719,0.0525581265281184,0.0522278375641775,0.0519115972359473,0.0516091559154921,0.0513202556019173,0.0510446313861416,0.0507820129297487,0.0505321259471332,0.0502946936802224,0.0500694383552491,0.0498560826113585,0.0496543508912459,0.0494639707845251,0.0492846743151267,0.0491161991646797,0.0489582898245494,0.048810698669949,0.0486731869503245,0.0485455256910042,0.0484274965019028,0.048318892289858,0.0482195178719599,0.0481291904879865,0.0480477402107909,0.0479750102541799,0.0479108571784865,0.0478551509946743,0.0478077751684017,0.0477686265260381,0.0477376150651465,0.0477146636724384,0.0476997077526745,0.0476926947724146,0.0476935837229267,0.0477023445069429,0.0477189572543076,0.0477434115718854,0.0477757057334015,0.0478158458151706,0.0478638447839229,0.0479197215431591,0.0479834999446611,0.0480552077719468,0.0481348757025844,0.0482225362563651,0.0483182227363821,0.0484219681700619,0.048533804257149,0.0486537603315499,0.0487818623437945,0.0489181318706719,0.0490625851583468,0.0492152322049575,0.0493760758883386,0.0495451111441082,0.0497223241989096,0.0499076918631158,0.0501011808867754,0.0503027473820281,0.0505123363146412,0.0507298810667334,0.0509553030721523,0.0511885115253752,0.0514294031642164,0.0516778621260544,0.0519337598767422,0.0521969552108422,0.0524672943213395,0.0527446109365368,0.0530287265214381,0.0533194505405684,0.0536165807788773,0.0539199037171167,0.054229194957877,0.0545442196983095,0.0548647332454648,0.0551904815701138,0.055521201894906,0.0558566233127458,0.0561964674313386,0.0565404490399481,0.056888276794532,0.0572396539175766,0.0575942789091253,0.0579518462656748,0.0583120472038202,0.0586745703857308,0.0590391026437534,0.059405329701644,0.0597729368901522,0.0601416098548878,0.0605110352546043,0.0608809014482246,0.0612508991691229,0.0616207221853511,0.0619900679446601,0.0623586382033229,0.0627261396379043,0.0630922844392406,0.0634567908880101,0.0638193839113742,0.0641797956202617,0.0645377658269443,0.0648930425426213,0.0652453824547857,0.0655945513841915,0.0659403247212769,0.0662824878419246,0.0666208365024651,0.0669551772138396,0.0672853275948455,0.0676111167043912,0.0679323853526728,0.0682489863911836,0.0685607849814547,0.0688676588424038,0.0691694984761506,0.0694662073721402,0.0697577021893993,0.0700439129167224,0.0703247830105622,0.0706002695103698,0.0708703431311131,0.071134988332681,0.0713942033658537,0.0716480002944881,0.0718964049935613,0.0721394571227051,0.0723772100748507,0.0726097308995846,0.0728371002008233,0.0730594120084152,0.0732767736232744,0.0734893054356646,0.0736971407162727,0.0739004253797354,0.0740993177203182,0.0742939881194784,0.0744846187250877,0.0746714031021487,0.074854545854904,0.0750342622203019,0.0752107776328664,0.0753843272611091,0.0755551555157166,0.0757235155298646,0.0758896686121215,0.0760538836725349,0.076216436622627,0.0763776097501685,0.0765376910697539,0.0766969736503453,0.0768557549211276,0.077014335957187,0.0771730207466863,0.0773321154413848,0.0774919275925235,0.0776527653742681,0.0778149367970624,0.0779787489133936,0.0781445070186277,0.0783125138497266,0.0784830687847775,0.0786564670463806,0.0788329989120304,0.0790129489347031,0.0791965951769183,0.0793842084615771,0.0795760516428849,0.0797723789006469,0.0799734350611702,0.0801794549479444,0.0803906627651683,0.0806072715170589,0.0808294824657166,0.0810574846301367,0.0812914543287543,0.0815315547676744,0.0817779356764865,0.0820307329932856,0.0822900686002341,0.0825560501106924,0.0828287707086316,0.0831083090407217,0.0833947291611633,0.0836880805290106,0.0839883980574072,0.084295702213847,0.0846099991702722,0.0849312810015306,0.085259525930442,0.0855946986174808,0.0859367504928354,0.0862856201283992,0.0866412336470678,0.0870035051665521,0.0873723372747915,0.0877476215339477,0.0881292390098719,0.0885170608238918,0.0889109487237404,0.0893107556704353,0.0897163264379448,0.0901274982225164,0.0905441012585993,0.0909659594383857,0.0913928909320934,0.091824708806226,0.0922612216371702,0.0927022341176213,0.0931475476534725,0.0935969609489594,0.0940502705780097,0.0945072715399097,0.0949677577975661,0.0954315227967972,0.0958983599652512,0.096368063189711,0.0968404272707078,0.0973152483535219,0.0977923243347981,0.0982714552441522,0.0987524436002749,0.0992350947411799,0.0997192171283724,0.100204622624843,0.100691126746893,0.101178548889926,0.101666712528411,0.10215544539037,0.102644579606779,0.103133951836408,0.103623403366641,0.104112780190949,0.104601933063704,0.105090717533138,0.105578993953238,0.106066627475489,0.10655348802137,0.107039450236569,0.107524393427921,0.10800820148409,0.10849076278107,0.108971970073576,0.109451720373422,0.109929914816,0.110406458515971,0.110881260413315,0.111354233110858,0.111825292704433,0.112294358606774,0.112761353366278,0.113226202481728,0.11368883421408,0.114149179396394,0.114607171242949,0.115062745158596,0.115515838549329,0.11596639063504,0.116414342265402,0.116859635739764,0.117302214631939,0.117742023620684,0.11817900832665,0.118613115156532,0.119044291155071,0.119472483865568,0.119897641199436,0.120319711315336,0.120738642508336,0.121154383109502,0.121566881396271,0.121976085513904,0.122381943408242,0.122784402769943,0.123183410990309,0.123578915128763,0.123970861891967,0.124359197624538,0.124743868311227,0.125124819590409,0.125501996778667,0.125875344906184,0.126244808762645,0.126610332953265,0.126971861964551,0.127329340239323,0.127682712260534,0.128031922643346,0.128376916234919,0.128717638221337,0.129054034241061,0.12938605050427,0.129713633917429,0.130036732212421,0.13035529407956,0.130669269303786,0.130978608903355,0.131283265270306,0.13158319231199,0.131878345592972,0.132168682476599,0.132454162265564,0.132734746340778,0.133010398297904,0.133281084080904,0.133546772111993,0.133807433417367,0.134063041748156,0.134313573696038,0.134559008803003,0.134799329664764,0.135034522027363,0.135264574876541,0.135489480519498,0.135709234658674,0.135923836457245,0.136133288596039,0.136337597321621,0.136536772485327,0.13673082757309,0.136919779725926,0.137103649750979,0.137282462123082,0.13745624497679,0.137625030088938,0.137788852851742,0.137947752236571,0.138101770748493,0.13825095437176,0.138395352506443,0.138535017896407,0.138670006548886,0.138800377645956,0.13892619344818,0.13904751919081,0.139164422972866,0.139276975639511,0.139385250658106,0.139489323988384,0.139589273947166,0.13968518106808,0.139777127956735,0.139865199141858,0.139949480922857,0.14003006121432,0.140107029387942,0.140180476112374,0.140250493191531,0.140317173401836,0.140380610328902,0.140440898204151,0.140498131741879,0.140552405977247,0.140603816105676,0.140652457324109,0.140698424674584,0.140741812890566,0.140782716246442,0.140821228410604,0.14085744230252,0.14089144995414,0.140923342375994,0.140953209428321,0.140981139697511,0.14100722037817,0.141031537161049,0.141054174127101,0.141075213647865,0.14109473629238,0.141112820740783,0.141129543704744,0.141144979854857,0.141159201755075,0.141172279804245,0.141184282184776,0.141195274818466,0.141205321329474,0.141214483014407,0.14122281881946,0.141230385324554,0.141237236734358,0.141243424876076,0.141248999203851,0.141254006809622,0.141258492440251,0.141262498520724,0.141266065183191,0.141269230301614,0.141272029531754,0.141274496356234,0.141276662134378,0.141278556156527,0.141280205702512,0.141281636103944,0.141282870810014,0.141283931456426,0.141284837937138,0.141285608478523,0.141286259715577,0.141286806769817,0.141287263328435,0.141287641724371,0.141287953016883,0.141288207072249,0.141288412644193,0.141288577453684,0.141288708267716,0.141288810976717,0.141288890670221,0.141288951710456,0.141288997803528,0.141289032067888,0.141289057099779,0.1412890750354,0.141289087609546,0.141289096210475,0.141289101930851,0.141289105614584,0.141289107899477,0.141289109255566
