413447.866666667
