-0.4881788353261127,0.12524854541784602,0.1572974903569633,0.004950253623481851,0.7154067053297389,-0.23887441042618812,-0.6495592921519439,0.020722046157625233,-0.9567029427581436,0.2986176275178039,-1.0214432665600732,0.5908896854000153,-0.5443774217045917,0.39632628921204655,0.4835831382429713,-0.32742779281033957,-1.1264293351751553,1.3803824928673873,-0.04625951092853569,-0.18360696183264075,0.8151275373553791,1.255783817966475
-0.560220554213419,-0.40388005370717256,0.05193289838040081,0.2391873396068143,-0.012882562383399278,-0.38883050394255253,-1.180300906928528,0.41570310796907417,-0.12523711814664729,0.46667296265256586,-1.0682596204494499,0.06795441352881923,-0.3880418314452457,1.3010597400376374,-0.3551380176107959,-0.06975708166195357,-1.2926924414633647,0.46517984292729775,-0.7288950014458968,0.6173130690385487,1.335714729222685,1.400228953509432
-0.5668414244203892,-0.6171916312914045,0.2515818399060096,0.34897245592681303,0.1733865232601628,0.043567951197479846,-0.876011232644302,0.1637098487124323,0.1435313895844514,0.3317334464722781,-1.4234892755049737,0.07495557179189515,-0.6730525034479553,1.424743786233813,-0.8193518912434739,0.2755355766600956,-1.3768684334774601,0.042754126174861136,-0.9474821306626403,1.1169970100937778,1.1731909755694654,1.387420941421942
-0.568462614876452,-0.42452100579729585,0.5573649601524132,0.1678303093656213,-0.21830216006586417,0.27631144729665275,-0.8437816672002705,0.07128345710005785,0.15051873595347068,0.08922371691322682,-1.247599814411284,0.4613652844390435,-1.0504531201624165,1.1748173652017053,-0.9504348495690006,0.2626392303561597,-0.9899919446071966,-0.4095726437388007,-0.9059360680582305,0.9441067985407475,0.9554594514307835,1.1734713751092376
-0.34630826330391995,0.08608206172063995,0.8395771689502614,-0.013960345524321047,-0.16147016721025914,0.42947129739945905,-0.6211831403074022,0.0730815019923076,0.6307272340265545,-0.2434791183091425,-1.2429334490044741,0.15208503308197113,-1.1449505809016616,0.8669191880918055,-0.7907885781225668,0.4313702389507545,-0.4291826413172279,-0.8467071889340455,-1.2725697623308465,1.320164537271805,0.36281771200964297,0.9944180418508671
-0.3123972722036265,0.09632223226132688,0.727537881461257,-0.5623118251018451,-0.05866014900577761,0.8103889302021267,-0.09669905333496903,0.02783899962450149,1.07781575616485,-0.4812830593289791,-0.9348081341076344,-0.15816192557352332,-1.047146857665178,0.0496233371040157,-0.9140226959892896,0.20769961097679307,0.31886867175202893,-1.0519377780443453,-1.3319428698514244,1.345857494996566,-0.8028699677292419,0.47055170306402355
-0.09429104675805638,0.14454372588393632,0.44264247105141374,-0.20862604593301926,-0.01426513125313898,0.9314306838721661,0.39114254808704096,-0.7513710661508468,1.0635603315290263,-0.974796992551614,-0.5198391085482896,0.09969275050609419,-1.2729066913064462,-0.593150422858362,-0.6634987904764411,0.3108365037101281,0.6699672723385832,-1.5389708859524458,-0.7650370951843147,1.3395274058462923,-1.4164818144912286,-0.4262804535668321
-0.15822864535804174,0.2391146424351162,0.617629070012292,-0.7827750838009762,0.5601409179534852,0.6511367634127518,0.9880860407356306,-1.3556694408453012,1.1795624706336094,-1.4457968997182629,-0.4743000698802744,0.10852704257234594,-1.213056247412689,-1.3740462423135025,-0.7290040022645299,0.06269828597774178,1.3039423831245849,-1.9739273739866012,-0.41399288049408245,1.2735130795847491,-2.0973094666511845,-0.48705809877347817
0.4206450850273977,0.06186327077080579,0.3715018570937231,-0.6851512152736563,1.1976154473135168,0.37120234700814825,1.1364140199263322,-1.4445463870252337,0.7590588760062587,-1.535386749313643,0.04756047208131109,0.3110421927513954,-0.8870878307262543,-2.3275103750625235,-0.48819022416496416,-0.252057618716899,1.7110006163125013,-2.2390144376487804,0.32568065560433057,0.846452128129216,-3.139868136924348,-1.4276839727334267
1.2870224805249262,-0.19297133345530193,1.055265289735108,-0.5817578801958071,1.7388257346149505,0.6145041049701951,1.213387353878177,-1.5851515428734615,0.3666927248915579,-1.2090885995057494,0.32048211136847976,0.20275821347907488,-0.8771697707584383,-2.685150358558019,-0.13519255252618234,-0.2739776958677097,1.7343452934028099,-1.8675139642519074,1.1275293615751754,0.8481884928884791,-3.2986588752414496,-2.380485683034949
1.2280467863087325,-0.4345935018399394,1.0022346663877588,-0.6811698746121673,1.41954168445048,0.9362365906601313,1.5516377291413141,-1.5770753898662557,0.5464364106818442,-1.0087896224465476,0.7948906878161118,0.2270923229891163,-0.2146029999555907,-2.5430752786248085,0.22719586346648712,-0.4098005650708787,2.17816157900336,-2.1133530332125456,1.7539630434582159,0.3193344040842908,-3.6602268913225986,-2.2494451368284216
1.451200096100533,-0.8021474731095479,1.086058535994158,-0.7275568435491193,1.1976321964160144,1.0728775168953568,1.642413766899592,-1.301520763562931,0.3141095991597923,-0.6190258708688366,1.0037898636656524,0.17453744671762408,0.26978684849204376,-2.0491037573490742,0.029941292451967222,-0.6135203055440699,2.474340853299217,-2.3007105778978816,1.79369399113309,-0.10331883519772916,-3.5155406818611983,-1.9467875702853494
1.2810988866933581,-0.8789025664360325,1.3859742309082388,-0.49522220193117106,0.7064463230916807,0.9834397866266901,1.9692039176700296,-1.2623094333584748,0.15231116538085576,-0.6864854674152631,0.7432452336939962,0.3213171394953564,-0.25932238495212934,-1.4346302963244604,0.16799076481096864,-0.6723028578069443,2.2534916891204078,-1.9369627351389291,2.0371634019354175,-0.24316488418002052,-3.055954389586296,-1.7837302253124905
1.1496655732811427,-1.3366142721972565,1.0800923041876707,-0.34021433182987415,0.8267635832691662,1.0245635429796902,2.250233888450218,-1.416810910012495,0.18193685843333962,-0.13768541324184697,0.7378116800873995,-0.2515609921219617,-0.2161676440955687,-1.0186940628048824,0.01963920014974,-1.0806757065765118,2.6035278454359068,-1.9068651835076391,1.6135923789164535,-0.5030923508743136,-2.9667183842840776,-1.4792638080852931
0.8911298768531558,-1.328388049173905,1.088820607877575,-0.2754174771197804,0.9614599516244846,0.42249290089319635,1.8601982856739852,-1.5269747929026622,0.06712982412072246,0.1991779952740395,0.4566741452120322,-0.6865099799426639,-0.07811586030743953,-0.7339712956316609,0.6141066114161633,-1.3176058142166431,2.6437722119107163,-1.7497545238062089,1.599934433040888,-0.5560439735996767,-3.095747837719944,-0.9388194697512524
0.7316154349475827,-1.610946054470424,0.6498711243275959,-0.12227288429155841,1.017948262126051,0.08830527476962859,1.747840146215448,-1.6013940742541872,-0.24937820279455294,0.32874118781190254,0.8552396443242114,-0.886832914834562,0.00823726061263133,-1.1149601831036322,0.5755442458692717,-1.2277214052521694,2.1832446948759,-1.532390151408175,1.8532788428600968,-0.884822246758554,-2.599504921255216,-1.179488069104333
0.7752539639105125,-1.4350645492298968,0.8788717767752326,-0.14823971504701244,1.446519990395262,0.07084830552357212,1.54745377015715,-1.8479597613389014,-0.16001595315676864,0.1195867938397992,0.8021891221722937,-1.1040916136531274,0.3533501561806493,-1.23717371581555,0.8616857424757939,-0.9631596832020997,1.9551719319580665,-1.7205967886458262,1.5506233460799885,-0.8791181925390767,-1.8323702392988612,-1.025173213324504
1.3153568904336197,-1.360596419477176,0.8128049467506047,-0.12942555479071335,0.930301527306146,0.02436394634769229,1.3857600378922135,-1.4652191458783452,-0.5956445247271221,-0.24592345501414076,1.0043570952651033,-1.0996941433250647,0.6570104205231679,-1.5833963042054786,1.3568589233116555,-1.0132980983287985,2.006611578179942,-1.2121929482759295,1.6152032721563911,-0.4941488537474497,-1.6582748493726902,-1.1461929003811275
1.126195001326557,-1.6154097423673988,0.6987471584844271,-0.5281167969904828,0.2547975414240071,-0.04443394041862825,1.4653219058622138,-1.2787543715970644,-0.4539375623564713,-0.5919405216538265,1.0671542061026218,-0.9859483709637884,0.8150114813279494,-1.2325782921614163,0.9829119289903563,-0.6373651845269976,2.0708287323027212,-0.6736978477548334,1.8253926603518884,-0.41166692071433963,-1.033351484783485,-0.5429129369379052
0.9556036139461829,-1.191997479798306,0.22179449765190384,-0.3935861313979381,0.6246305392924015,-0.24936764387658608,1.5887070465754005,-1.5914217195045768,-0.5557386065734994,-0.7563293916369725,1.0822990601561961,-1.1572384553929627,0.6557205997643476,-1.1768956377679203,0.7161422515300341,-0.2518084233388778,2.8569237539859715,-0.3576043375667387,1.4207334709254618,-0.7905854916297816,-0.6538306377024181,-0.20910283700125226
1.2832003185441836,-0.7543841986668051,-0.2224057084746651,-0.6310774634507602,0.20258655315841756,-0.5414329618145768,1.2539267731000212,-1.9429628652064768,-1.176726130160179,-0.7340160011364032,1.363184836274421,-1.2870204817707989,0.8277613669910965,-1.702024728265979,0.8084291409749853,-0.10493556596297812,2.670217971848422,-0.3564934485996687,1.241429062032055,-1.0170673058594768,-0.39406542498178154,0.1605637575120925
1.2358185294386814,-1.1336145666615893,-0.4964522174856037,-0.8772567401873232,-0.3444372502565751,-0.47699940764177845,0.8884506612558299,-1.6966193958055409,-1.1811400956930758,-0.650659225945034,1.8726988508765332,-1.1015653261826523,1.1976109651932851,-1.4823190083044724,0.4343417309954692,-0.18429100139696208,2.564905844943445,-0.3086452643955184,0.34506319179979106,-1.768360654162562,-0.0726048877157164,0.4948371665614268
0.8770548886636498,-0.9256326694748589,-0.5638627020561748,-1.18868212952604,-0.700869675134711,-0.5778246936527065,0.8838372743461169,-2.1338266586462327,-1.5795984879404987,-0.6292320672968943,1.7331031494599773,-1.3594860693685282,1.1000703216394923,-0.9368902060759291,-0.041449046238195494,0.05889273393987839,3.296156914607675,0.1414479564691839,0.13778200830743326,-2.3105105660399143,0.44607391697214066,0.3151620528794468
0.341841004519335,-0.9862775669293677,-0.5376052310623699,-1.10389300397382,-1.1514941020040292,-1.2377074836689292,0.15240344522668173,-1.7093790871691164,-1.4557246392275056,0.5273922370034255,1.2978386082462028,-1.8366843866093805,0.8743997216156918,0.2591838494421387,-0.5297658942769288,0.044469781487794735,2.332823215785238,0.15360373850211229,-0.4882304903143271,-3.659902063890138,1.3166157686352438,0.7304395211502236
0.07123406720562975,-0.9636280217965538,-0.9367390021197574,-0.9357012675025436,-1.9621276004727315,-1.538739797823777,-1.287846088552155,-1.289116568324897,-1.9154378155208571,1.4152043393675584,0.3057482598359519,-2.0700787714014965,0.7399956297340946,1.218478192668329,-0.7054637841389292,-0.3453199381590234,1.5256698181164832,0.6456501617577083,-1.1861272507596046,-3.7062248571507515,1.6478182060574085,0.7825820937234573
-0.6127614940133452,-0.7633353516591894,-1.2819935711507313,-0.5372612085973961,-1.7004829791832097,-1.586333858442025,-2.422310337582849,-0.9927934161595746,-1.389970381909996,2.1141747660884116,-0.8246319806864739,-2.1356016995156644,0.2979543003359414,1.9288415667228882,-0.2058042175760728,-0.7521002671422004,0.27396121850518557,0.64794462593524,-1.2655217812940447,-4.091419598689155,2.282466617425695,0.8424605983891322
-0.8270349206237604,-0.8920631743232861,-1.2281634749142938,-0.2845680508576838,-1.1945616801620884,-1.619063758691309,-2.7744841387368253,-0.4003615126572788,-0.6356965820555391,2.051741634302818,-2.1189916535131657,-1.9399387736115243,0.24247159013638866,1.843547668431977,-0.09874625551810527,-0.6884749826024306,-1.3231600163363628,0.287733992006155,-1.1221362199013247,-3.5994831379501995,2.417386794594037,0.7597791561961993
-0.4061457549953713,-1.2183239250426465,-1.161316182566576,0.18675043291702936,0.3511664469585553,-0.9496967046564098,-3.643344497022152,0.33863415382409445,-0.35517120822225756,1.8965043106155153,-2.910747258412729,-1.4155884399290852,0.23366211639057516,1.4476713018665717,0.5294385842953317,-1.4946287389937236,-2.1919478100956504,0.7899642682588337,-0.3603673570743221,-2.5940030889207644,2.4844550052368386,0.42808283460149976
-0.5185844632714735,-1.4198563985693853,-0.643317661802414,0.5444307769515561,0.7583792914208591,-0.8082426202825616,-3.4195528989598643,0.6024481929689093,0.09546075575783602,1.4096474090982667,-2.956704960748204,-1.2113230691886527,0.3057926437842751,0.9899073449348367,0.647387044559381,-1.7186613937971496,-2.698591003521024,0.9927050245770104,0.2269636414565137,-1.3076389205980525,2.4409897248640773,0.5686180784727115
-0.477511800076961,-1.0586925117201755,-0.5273144484377417,0.36020065412170427,1.101616051641764,-0.8078071956116475,-2.9328266924367408,0.7891637966641729,0.48924411728518147,1.1568642574418657,-2.7472353885367404,-0.9727998420437141,0.4239177945295997,0.6377632906351683,0.5433931527258773,-1.5026765223419938,-2.986275073837518,0.7565513407606322,0.1064658031828819,-0.2442723688360945,1.8879844250657274,0.6877074466218872
-0.2695520593911702,-0.47683144414188017,-0.7185730169222995,0.18889327205716708,0.8270747545783443,-0.5106167346848558,-2.3308436710261984,0.7782226354401884,0.6472707882840794,0.5286751858684453,-2.569693560742196,-0.5570872067860305,0.18651926417413475,0.6265776229562524,0.36771950970134126,-0.7899266414120403,-2.6761670305074436,0.5596150794882777,0.02968560089165225,0.3372542522004353,1.7926872592611935,0.755294698549685
-0.4705883240052862,-0.2634020320486723,-0.36312346242179505,0.3824511789708564,0.3066935951658716,-0.3984851277043749,-2.300329726708428,0.6046489095506988,0.8684581273479934,-0.3854051236135091,-2.077983054824194,-0.4542893245230539,-0.26720580379331454,0.06491654341087136,-0.4703605037804426,-0.07692185746473451,-1.5550715184891006,0.4908399137025672,-0.5453215185661313,0.2038162722960858,1.3690997119215411,0.8812059439923028
-0.19548928376114175,-0.08406121293063777,0.22734532325266688,0.2213854128646694,0.3040831158284099,-0.37653455921310813,-2.3094793674157392,0.5318223196661277,0.31592869566157555,-0.5368464188256538,-1.5907817525709496,0.16346358352155832,-0.5643523621674824,-0.2066218851840232,-0.9017286381683285,0.01994346972447826,-1.5362850549715792,0.2182765127442878,-0.5951243574822503,0.10516176582398941,1.127579558138017,0.3468797308229627
0.06221976845246044,-0.42845073337038186,0.5855820192994078,-0.13398278571953143,-0.1590986845340722,-0.07125575651480133,-2.5913281953487393,0.6009914481966734,0.3413640034187522,0.06934812759613337,-1.4000461697800533,0.33147267044992934,-0.44454841328757994,0.34767994134793495,-0.5352107106305568,-0.057626461379362295,-1.3915084023164341,0.17584482091175524,-0.20051355395083104,-0.07420094532860352,1.2194945268537096,0.21845028648636147
0.14789874315721485,-0.42201303561272674,0.9250627801805992,-0.23935587904126862,-0.20772539182690636,0.19789233771616715,-2.8554731517819936,0.44426713944800167,0.34659781816966206,0.9465720057601239,-1.2440412380887096,0.665201461223936,-0.21811312682660478,1.2255802004907521,-0.6702819344249176,0.10944024225934451,-1.2956101902459587,0.12423344985766238,0.17667947260712275,-0.20812524505342497,1.232530498567726,0.23952257239982339
0.09726851460810347,-0.27156575656920356,1.3219774927037982,0.14431630692092204,-0.449154496220955,0.17583246792477059,-2.4736968998785365,0.7287858153918729,0.6736187834823466,1.62531472587917,-1.671354363307388,0.8798794256706527,-0.30707752349036055,2.323473673681254,-0.5665276137758084,0.25971855178931835,-1.2608965388517106,0.237905355894943,-0.010026558496548196,-0.552966657075622,1.2503880587756584,0.705265638427263
-0.18098613592539115,-0.251748886824692,0.8025738924470343,-0.13468977874088073,-0.49255153109665717,0.060968001663433524,-2.3935518717224293,0.8418962638693822,0.3466484548623089,2.1568479869463797,-2.237281633331621,0.7245193698856902,-0.21264337557110627,3.1499656446863096,-0.20171235170430746,-0.10298294728913421,-1.1764355294712985,0.4487230280381885,-0.012268203520009666,-0.21835013039166556,1.7333999684279267,0.9479523610288081
-0.389319794175361,-0.24938806044882764,0.6826593835618939,0.09544733938101074,-0.8100411058496242,0.06225811646053338,-2.35792102875995,0.5869468513289572,0.4241164193881758,2.2709986090831635,-2.162613379853862,0.3098410368644473,-0.5428845802788027,3.207186371329367,-0.7387229192994078,0.06155803026720719,-1.2832470496824822,0.24400988514195426,-0.2256440756848186,-0.054944813532737974,1.456911228601648,0.8752625069121744
-0.45346702080373713,-0.15072966567380394,0.2445504738670073,0.20252283621688583,-0.8188359990652012,0.25719400564402684,-2.3551575526782256,0.8128632545519159,0.7954683002027444,2.167363450454185,-2.2313051257510232,0.7746058343568849,-0.5845603628192669,3.257458499555163,-1.0372334888332015,0.05311978932184881,-1.3215726539219435,0.2198584905039556,-0.3453600669912016,0.15424662443555953,1.1688348155572383,1.0114752583100994
-0.7001597030414016,0.2337338183708493,0.16983233720455812,0.2401938789040849,-0.8881587600591421,-0.21459570580677284,-2.6877046183449878,0.5898902798479516,1.16397043838344,2.144233752233595,-2.2220434055456484,0.9631091668523953,-0.9277520250792048,2.861794616760965,-1.354988257569039,0.27667838030542247,-1.3420627969843075,0.27663424333364794,-0.5948083888065854,0.34004446781980474,0.6574501745578126,0.7052457282573339
-0.4544410256707922,0.3948863681324234,-0.006705588965261994,0.059210375026653134,-0.19525499208577285,0.013215435939227457,-2.4877561784956317,0.7486715302552827,1.2645611082867334,2.1853409315061088,-2.2056892249033835,1.444874627635597,-1.2190964353456109,2.95553737590215,-1.7571848895224782,0.16736497064904557,-1.0403209911451492,0.18790957185580437,-0.655520846647955,0.7706872007196032,0.18082816523980044,0.655217495634447
-0.6173417940338356,0.7081075253595106,0.16950435878407522,0.24414787133299976,0.21657673034179087,-0.28461936535537824,-2.101221852421683,0.1438899192430692,1.111184090866474,2.630572504475478,-1.8814851402871793,1.6140608293905363,-1.6577513950713614,2.6528616127079796,-2.3972895349235697,0.17992596954759332,-0.36190697859403637,0.03275866651211345,-0.5991890509361087,0.762564180714109,-0.4422897605848657,0.2581926678569594
-0.38883098653193027,0.49517142003756753,0.1804236968698062,0.15301722002780466,0.828102566911563,0.24442474885741058,-1.3230260891333068,-0.1553901659112551,1.0801018870047274,2.6567968650609672,-1.9460896346373255,1.6937188830742171,-2.1315734178129513,2.2657092599941318,-2.3362758180671035,0.21005765094264742,-0.09777967424200573,-0.2824927124738261,-0.43021666648610235,0.8221487262095214,-1.3903557555586208,-0.11564035590338342
-0.037455132865133606,0.8566234329547686,0.5331863605625089,-0.06403718446224545,0.751720371749569,-0.11829928894479297,-0.878165062177769,-0.5314695592379624,0.8498062143289158,2.1613434714601096,-1.4705528126438383,1.5723942747543178,-1.6673401825361454,1.282644411210519,-1.9387664010901937,0.0063512754616432306,0.20038617210734194,-0.7172595435952777,-0.3944830723505273,1.1528511762887932,-2.4536074036232995,-0.9360696744179566
0.07280027504578815,0.7149381062043969,0.340515329017602,-0.3381621124437037,0.5341560352198448,-0.09951292855771723,-0.4446467176344566,-0.5777698393852253,1.1178834587904425,1.9697659125938929,-1.1745112034068292,1.01512208954948,-1.849905301481792,1.278231940117156,-1.7842292083342433,-0.0636516783577632,0.7902803649649824,-0.8145826341872529,-0.13412071570702633,0.6169334540839432,-2.965982096608925,-0.737800833674063
0.2523758944045414,0.7410367339866377,0.32904553494225014,-0.5517618643704565,1.01583226360435,-0.026977263057203715,0.21531447462437245,-0.5868819394687503,0.8921691489444782,1.9832671026406279,-1.1453299036196225,0.850989647980607,-1.3941098305853097,0.4362981689646316,-0.9982039095702118,-0.3571206750350433,1.0218910939432204,-1.3710845162200938,0.20176108065791995,0.5491308580966516,-3.6208220796477772,-1.4026030691130242
0.4875810422959195,0.2727248791294826,0.15290536290487644,-0.34794396614771833,0.8062539338782645,0.40277236805763156,1.0997264646341445,-0.7107421850074543,1.0382320303985837,1.3589833142550576,-0.9372151200463739,0.5091576834514209,-0.894776033755033,0.14257675402946773,-0.5410171018113425,-0.14015266594732392,1.2199078451644039,-1.5474460367422698,0.6643856741257546,0.843310073346017,-3.286387956796271,-1.4111886871020862
0.19527580596537766,-0.017170508566495407,0.32971394531273057,-0.22415893790580543,1.295061675628202,0.34756772527709023,1.7789743645764373,-0.8985820205197466,1.2406838867086052,1.082189224141436,-0.5606139715616912,-0.15300747893619804,-0.6234635270021897,-0.5022328544884176,-0.006505601265373723,-0.3462127826739491,0.7094113364242354,-1.9804937593316163,0.6420356463004246,0.6905002187058841,-3.50610600895278,-1.4613874434619103
0.43399964454818396,-0.2691154225533768,0.3245236321661449,0.012818867101681841,0.8199920927905126,0.3184727394713033,2.045743303697588,-0.865806013841166,0.9237658930328494,0.4326747717173909,-0.33699240376324985,-0.2756110509369748,-0.3708770967032843,-0.5120305640273753,0.3616107532520247,-0.5201462065858635,0.4084717163528837,-1.6110048265621546,1.2126688201277065,1.147687005924526,-2.9004401579263486,-1.2359436436375042
0.4000520783484859,-0.6710737408916494,0.24333051918283902,0.1282936043982137,0.7178513985966956,0.37377770373317937,1.9958735821653735,-0.7555558595564766,0.619025521442796,0.19798271052861222,-0.10877765698040576,-0.4617425036138193,-0.31168873954377313,-0.8799842729401887,0.5315722804522988,-0.39922834435941745,0.6297994114675652,-1.0826134966652978,1.104208139400088,1.1988395006476065,-2.383709681372732,-0.9179371214249342
0.23217540120520724,-0.38137643144594024,0.558841690069744,-0.16535657034230183,0.9405670313610218,-0.004306621830442586,2.1425504232576333,-1.0548709427693084,0.5923813473278577,0.26218320979421145,0.02887419778842471,-0.9023134955261152,-0.3423780064077154,-0.859462088601597,0.5874117123301428,-0.4747324233614676,0.8198349342683828,-0.9671509232375388,0.5439600915548072,1.2470521814982731,-2.1697571485838196,-0.5377702413616658
0.2679412579883306,-0.6798571316917736,-0.15742157274219798,-0.04673322416140352,0.8504388750052366,0.08622287090964963,2.0690110333112943,-0.8183605352828829,1.004321953489319,-0.6703297336082696,0.1481675292161339,-0.9038048860625777,-0.1859408262490358,-1.4976475344043196,0.45704668377042323,-0.10664293723950366,0.9161427126468996,-1.2191803630648606,0.6581030792613572,1.0957845218502347,-2.499098127350717,-0.6783112807671903
0.49264189811704967,-0.5070481500156365,-0.1265891829208002,0.027927324826290956,1.077877275358955,0.2526731428984759,2.081697115366945,-1.0073182813139259,0.5145161011212923,-0.803586970853458,0.1387519647663744,-0.8167919180478718,-0.24827556616717927,-2.0751286968373766,0.8672117460003121,-0.3087593100078183,0.9364206249953622,-1.2991052862394674,0.7421711779045795,0.9655276582542622,-2.412168921714587,-1.0615983350289149
0.4142074833492352,-0.511633542617454,0.3391277109022311,-0.11065859498137373,1.6729436200564072,0.18617179988242644,1.5679888050045117,-0.9685712434259646,-0.12141098910328714,-0.9944293676397028,0.5532240591785592,-0.8002423891642915,-0.06444564146740911,-2.7057680393403047,0.8444646114992473,-0.20757502302278535,0.9829877738457453,-1.3552692784736209,1.0756028042493855,0.8103649357059162,-2.450764137815751,-1.3201242723226536
1.1708561147451888,-0.48566340925018836,1.0582048234911499,-0.2982904402185831,1.1866149053926571,0.11307649689307964,1.0082299866039832,-1.0970356683592384,0.04684259614954825,-1.3898907583306126,0.9952325805721143,-0.4826607064256317,0.27159391143036815,-3.065348713286311,0.8350844319203304,0.06506186754918195,1.0965529983923974,-1.093619095598367,1.5393886187679264,0.6376670545930163,-1.9816834390884388,-1.536766685896396
1.816343364863169,-0.8671530283089934,1.6320338525782738,-1.0018652482767687,1.046670785763874,-0.007109918192752862,0.8082675368219816,-0.693616496700469,-0.5964069560243839,-1.0864117045056745,1.4837199554498337,-0.5196739218074388,1.2509598034152551,-2.417306378750041,0.7047719852830705,0.5160636455049371,1.422512651917443,-1.0289976783354093,1.8665334257631154,0.17461960436968404,-1.390969818796961,-1.4692072819440742
2.334775094407452,-1.0605023392300092,1.8796367137069847,-0.999767701859851,0.5364919458414892,-0.21606980828215916,0.4916354218139704,-0.2375402568305205,-1.0224649065688838,-0.46160677242440246,1.4434991527261822,-1.0210487527797787,1.891536922026942,-2.0559387986198145,0.6476488666114453,0.41535076325186404,1.586122701224911,-0.6994147703816779,2.097470475242558,-0.012517886185711355,-0.7746160381081703,-1.4315453126118614
1.9796857889846053,-1.3193957347159342,1.7388520834444943,-1.2499057944935297,0.13507200593273774,-0.4291734904752873,0.8558169346780508,-0.05812074784530673,-0.8238208436737595,-0.29865604147957925,0.9729178351549925,-1.5893414805482282,1.7900592739108072,-1.1057059492253696,0.3986202475877876,0.6242061256610321,0.9226876230561997,-0.47936330990102316,2.641910479407857,-0.33685204087400267,0.13478841013694523,-0.8440155456126293
1.4611230654651604,-1.4389332761149856,1.149807550806826,-1.029141905603597,-0.3449329806304541,-0.10402416570216905,0.6351383766620972,-0.18306237808577555,-0.6894183385687267,-0.13021525510335008,-0.09108394816142126,-2.088217467973874,1.619562182544733,-0.06878879043709751,0.43384512918682355,0.691140562482627,1.0831521594777784,0.42592015974494446,2.0851861168557075,-0.2811975098985338,0.8623735803372793,-0.3103623702148328
0.7566308391113536,-1.2909534119053354,0.1864564146956399,-0.7892989442383309,-0.8530913310337737,-0.557433320998714,0.27740791292625033,-0.3256561448891294,-0.04720661700024183,0.2223438363678797,-0.5077076168320331,-2.2265823022727353,1.4617547313578845,0.4168619037625457,0.6042511920362262,0.6714592594010704,0.6652529966674453,1.0306206424982476,1.76566902711695,-0.5145276712633784,1.5917247778878212,0.3180035890877072
0.07322923640506289,-1.0111324221353493,-0.4886561401162279,-0.7668909812818911,-0.7838116485027571,-0.8313091543624873,-0.11911182491521297,-0.39105381450988436,0.015592771529139349,0.8769796158388212,-0.9307416385407195,-2.1439952617108933,1.1588304379836556,0.8258481814954765,0.6762900231637052,0.3604646883353697,-0.027642078651114524,1.4633187252555415,1.3530515313211195,-0.9899908055131275,2.280609856563631,0.46895337205994647
-0.8107184339085132,-0.6209984134740472,-0.957890739113384,-0.15355133475634614,-0.9393981158432674,-1.0550816012791038,-0.7764539256673854,-0.24860772593479674,0.2714706374786978,0.9106638465702938,-0.9849454248399981,-1.9815711679043368,1.0053513636786982,1.6668672680898333,0.6110513746691386,0.5778389294386996,-0.5414397030638414,1.2914583991614494,0.8053907055029352,-0.7667715927792983,2.715596463018566,0.9258062795539582
-0.72880410139754,-0.4421633571637112,-0.9095483343643967,-0.01750372765265676,-0.7675599311609832,-0.8131727886540842,-0.9365592469960955,-0.47810727703272926,0.5130323894093355,1.2962831714450036,-1.255786943822809,-1.9524605307261935,0.47345295965208173,1.6066253015954455,1.1063882477892526,0.8645412528503857,-1.0698017940505393,1.3059227288537258,-0.12480897805922861,-0.756194763992902,3.308275445059088,1.2653960654297962
-0.7168854340116062,-0.2721595399404389,-1.3759200684781225,0.4263157012674053,-0.4923804572876183,-0.375464106714164,-1.0210899936621958,-0.3118039506203495,0.5864600492934771,0.80158619563147,-0.8135915961307896,-1.5782703077453468,0.9342683130815795,1.3584321574846467,1.9376521189986775,0.7216418402637287,-1.377507756117282,0.5993026293584868,-0.49821492758935776,-0.6442893507919027,3.1200009342556454,1.2072973043881647
-0.5391272396998168,-0.51019825805414,-1.5227700002273794,1.0875129898543499,0.04967144167832964,-0.35023910499371275,-0.9496863390026631,-0.12922077776049143,0.47482320476678613,0.6654884110567063,-0.06710826345905858,-1.3852399181016493,1.2348055479123397,0.8357247455814617,3.236040662250031,-0.007768929721543305,-2.144977465356081,0.326429756140771,-0.1324123266226816,-0.42249938578208,3.1331367341183323,1.0543254361147745
-0.647313707575091,-0.8052463736253835,-1.4393506634369924,1.497030286147712,0.7065174642486228,-0.11196931764508283,-0.5775356311819968,-0.04155811031135584,-0.025086357585091618,0.400935950407007,0.30352118860711713,-1.0704078273065916,1.064318467934051,1.158270931331694,3.611316052471492,-0.07376761801074849,-2.763070863368183,0.6669052200412136,-0.27150059906241425,-0.1512380289746737,3.408149553584027,1.4986398129148257
-1.0944244666871707,-1.0517447887506342,-1.200265551001616,1.6422387772874112,0.21174222465180884,-0.066050846496226,-0.4095136087741811,0.1853260894245073,0.20857607733596528,-0.09854620786212076,0.688112817543297,-1.0950264586527183,0.8057767600937803,1.694609542693062,3.087037032062303,0.08044662767852512,-2.9464774551392003,0.5936752125136431,-1.0384374462163812,0.4261315764494464,3.7941696372506737,2.111396303344547
-1.3393432419455837,-0.8749020884107632,-1.6002548439530242,1.8870997929464572,-0.16314635894201562,0.24437847989297945,-0.5483798982356548,0.9789637594293534,0.013055669502675532,-0.45251261082641536,0.7954299127314539,-0.9077341213609744,0.5085265155427787,1.8898889713945797,2.539200577814316,0.3116003886835033,-3.322437590684443,0.3594317732176254,-0.8247290705639059,0.44670909326007335,4.113318212274044,1.9978939270112748
-1.3369234253261617,-0.769634767520144,-1.0292056460878012,1.9606700792713474,-0.321814893263302,0.3291317002461062,-0.8734295475552336,0.9993777791676365,-0.1345406948869665,-0.5952976715282342,0.39752741275423575,-0.3599241442385005,0.16939069244591493,2.1150976513747994,2.692540283342596,0.07954256541804783,-3.09911586569532,0.7706061503524997,-1.3615735187928306,0.7594220485026172,4.366866229800705,2.58831874984024
-1.390963087792847,-0.6483388294913983,-0.682359935862773,2.241627197877703,-0.29592456974577225,0.45272554429376133,-0.8584499734450034,1.1348621567140373,-0.24994266051795233,-0.3903038364937759,0.48115990583788226,-0.3705057038395083,-0.28243567167773254,2.339450982132074,2.555555521752858,0.45904081859743145,-3.0455191460939184,0.40988805002538165,-1.7079762508883667,1.0026805579485956,4.25812484438787,2.5068242526255413
-1.2624086850705964,-0.5894904922775195,-0.5321495912019873,2.2379421729245297,-0.207302006185528,0.31140381066996725,-0.6653519070352253,1.1464049496066657,-0.3312740620546168,-0.552949255607645,0.871670911409747,-0.11321993447815715,-0.35737420643672935,1.9692633647755229,2.266099500311514,0.6012491259545946,-3.2652693632038625,0.010067082770958496,-1.9163587341169053,1.1014020586364834,3.7028444915627303,2.500930049037075
