-1.40716246916669,-1.298812127120928,-0.7276784907960795,-2.4625535679083232,0.1300916764743008,-4.055563650427675,-0.13870972604461929,-2.120661208054053,-0.9623702763196224,-1.8656825493841631,-0.44237864475672584,-0.09665193849606674,-0.4873641980605471,-3.9290187754074464,-0.8587259347021019,-1.3056790981671031,0.7468118348912636,-1.011317554951834,-1.4649893354723478,-1.9967517452345784,-0.24244871407262286,-4.464214357225302,-5.187686380770903,-2.139329533869456,0.9745477504470844,-1.220184864829078,-6.454936027673778,-2.1071325087700807,-4.6459509045772345,-2.428932433895113,-3.4837039328216846,-4.567442501810569,-1.4689817138181183,-2.9445158875750246,-2.303641360142188,-0.9675096523170388,-2.428131653977115,0.4723388261999174,-2.7037045744976007,-3.3239718571850507,-0.3770190312130191,-4.515227797123574,-1.8786455959110726,0.5179130378246406,-3.5543740223730933,-0.27862602824634203,0.6700325513247254,-1.6841139368178015,0.2988027565613341,-0.16556472629299954,-0.7992547987700744,-36.83817257573278,-0.5473192505884995,0.5764501907484295,0.5753331036963577,-0.0691869792587001,0.08641809305290576,-2.6424117884193166,-0.5360838330180919,-0.06279225136386773,0.8712096180910053,-0.31941854184738067,-0.5095516595993158,0.6407995358217309,-0.9147791826326708,-0.14640017410198147,-1.6433362520021215,0.776032307386272,-0.36036573182745457,-0.44101870041852065,0.2230432526721452,0.16120040632704144,0.593895579165239,0.538326199649144,-0.3623176994956663,-0.5904915890109954,-0.6002842158934129,-0.676689605557276,0.3437584707609508,0.09458547355113067,-3.15124512603989,0.6385449207798979,-2.9928690846690134,0.9017023752751359,1.025801580300908,0.11706842487190282,-1.0101527044902618,-2.7244744013188487,-3.517967930273483,0.5615365130328861,-0.23043103883969482,-0.5124735706470993,0.09278147358654489,-0.4990151685127863,-0.1786932105911056,-0.2785499975229472,-1.405891459100186,-0.38801883791965935,-1.4375735050459004,0.5820271158051988,0.4778121814672498,-1.3527860537993877,-0.8319175256983076,-0.1241752414374638,-0.2525811566237923,0.7386810762451863,-1.311258855335965,-0.70701660850631,1.2826870248273243,-0.7347989744024279,-0.6969821243260448,-36.84136148790465,-0.9906447048193354,-1.9626449017780436,-2.744217064536972,-0.4796438577342224,-2.175856698454634,-1.1219048181587847,-1.0085876918766286,-1.7584034215348983,-1.7532840642139702,0.2985849920970675,-0.6282576138469093,-1.7574628024992203,-2.371216942067315,-6.027040443248343,-1.7060527596750084,-36.84136148790465,-4.066684563079441,-2.2456620168635313,-2.1619260273250993
-1.40716246916669,-1.298812127120928,-0.7276784907960795,-2.4625535679083232,0.1300916764743008,-4.055563650427675,-0.13870972604461929,-2.120661208054053,-0.9623702763196224,-1.8656825493841631,-0.44237864475672584,-0.09665193849606674,-0.4873641980605471,-3.9290187754074464,-0.8587259347021019,-1.3056790981671031,0.7468118348912636,-1.011317554951834,-1.4649893354723478,-1.9967517452345784,-0.24244871407262286,-4.464214357225302,-5.187686380770903,-2.139329533869456,0.9745477504470844,-1.220184864829078,-6.454936027673778,-2.1071325087700807,-4.6459509045772345,-2.428932433895113,-3.4837039328216846,-4.567442501810569,-1.4689817138181183,-2.9445158875750246,-2.303641360142188,-0.9675096523170388,-2.428131653977115,0.4723388261999174,-2.7037045744976007,-3.3239718571850507,-0.3770190312130191,-4.515227797123574,-1.8786455959110726,0.5179130378246406,-3.5543740223730933,-0.27862602824634203,0.6700325513247254,-1.6841139368178015,0.2988027565613341,-0.16556472629299954,-0.7992547987700744,-36.83817257573278,-0.5473192505884995,0.5764501907484295,0.5753331036963577,-0.0691869792587001,0.08641809305290576,-2.6424117884193166,-0.5360838330180919,-0.06279225136386773,0.8712096180910053,-0.31941854184738067,-0.5095516595993158,0.6407995358217309,-0.9147791826326708,-0.14640017410198147,-1.6433362520021215,0.776032307386272,-0.36036573182745457,-0.44101870041852065,0.2230432526721452,0.16120040632704144,0.593895579165239,0.538326199649144,-0.3623176994956663,-0.5904915890109954,-0.6002842158934129,-0.676689605557276,0.3437584707609508,0.09458547355113067,-3.15124512603989,0.6385449207798979,-2.9928690846690134,0.9017023752751359,1.025801580300908,0.11706842487190282,-1.0101527044902618,-2.7244744013188487,-3.517967930273483,0.5615365130328861,-0.23043103883969482,-0.5124735706470993,0.09278147358654489,-0.4990151685127863,-0.1786932105911056,-0.2785499975229472,-1.405891459100186,-0.38801883791965935,-1.4375735050459004,0.5820271158051988,0.4778121814672498,-1.3527860537993877,-0.8319175256983076,-0.1241752414374638,-0.2525811566237923,0.7386810762451863,-1.311258855335965,-0.70701660850631,1.2826870248273243,-0.7347989744024279,-0.6969821243260448,-36.84136148790465,-0.9906447048193354,-1.9626449017780436,-2.744217064536972,-0.4796438577342224,-2.175856698454634,-1.1219048181587847,-1.0085876918766286,-1.7584034215348983,-1.7532840642139702,0.2985849920970675,-0.6282576138469093,-1.7574628024992203,-2.371216942067315,-6.027040443248343,-1.7060527596750084,-36.84136148790465,-4.066684563079441,-2.2456620168635313,-2.1619260273250993
-1.5706901317153545,-1.8269817140420832,-0.7634406935110165,-1.5181315101549466,0.4015924144500726,-3.892785667587175,-0.5892852067170473,-0.9005847664152042,-1.087777371250565,0.47055911433742353,-0.5653612695739206,-0.09974747285566754,-0.060107486389872476,-2.272918791184555,-1.4646166527146904,-1.3256091542123727,0.33286956873060997,-0.5948478256510108,-1.2145180998863443,-1.174361909024703,-0.4519600911539159,-2.9256900077306667,-3.1951062928030827,-2.06540668961935,0.801387198069675,-0.5636188544839312,-3.6579294010123324,-1.3986149161845967,-1.5740441315150289,-0.10147265613064216,-3.7187964906150657,-2.7573207165378695,-0.7584279164556399,-2.4141174888921295,-2.5604133840621635,-2.766448977427434,-2.468072655315626,0.10139390282742632,-1.4732547197044137,-3.187412761071193,-0.3289617714899235,-3.609689348392544,-1.8568098132249635,0.19435563832687053,-2.9674599535098927,-0.24883142056740665,0.46196940920454893,-1.8923219235579947,-0.003572882909808786,-0.17909033225342944,-0.7635685085640378,-36.839699640147444,-0.08061172802316181,0.6396058306923083,0.6858191648218441,-0.4350358539965285,-0.5558714375520897,-2.349206838044744,-0.42921160155181676,-0.016748563270202948,1.0505548777440803,-0.7349570870624239,-0.2989578226584419,0.6557862986848999,-0.960498841719151,0.29328878530630204,-1.5964157911053563,0.6075406447031905,-0.5582533463240963,-0.38372331915033103,0.6400931677787288,0.2919625716486345,0.5531381378220666,0.6863076531776185,-0.855284184162308,-0.8126410959972383,-0.5127711262806612,-0.4261470954066739,0.475784580737859,0.38215085184337516,-2.8273933809870337,0.6536483897922525,-2.3960417244423073,1.0733677079814157,0.19389611282684238,0.28902859853774776,-1.1692523644585329,-2.717975872071324,-2.85438167987162,0.5638357460189352,0.036721398428378293,-0.7765094922217562,0.18341800322055818,-0.32974875837185036,0.2759863630241285,0.11363772085702271,-2.4139866611041976,-1.10090047919188,-1.071817247041745,0.43907237495850276,0.5059875443775076,-1.2127473204357166,-0.8205524238486855,0.5042670747450567,-0.3887765725459335,0.08419723653302351,-1.246853241057281,-0.6743382311442764,1.220126436892457,-0.8924504202028247,-0.448747453481529,-3.991933526187987,-0.883624035551257,-1.460834415914042,-1.1461488075410569,-0.6030805186515853,-1.398981414789527,-1.4413851712981067,-0.4484511724274401,-1.3215929379088716,-1.5104897397679142,0.3030052324789407,-0.4846029961131642,-1.5679396459355557,-2.343536600428845,-4.1566501937999165,-1.1971309393248477,-3.991933526187987,-3.2461624755890215,-1.6661217917697064,-1.0142904867507196
-1.5706901317153545,-1.8269817140420832,-0.7634406935110165,-1.5181315101549466,0.4015924144500726,-3.892785667587175,-0.5892852067170473,-0.9005847664152042,-1.087777371250565,0.47055911433742353,-0.5653612695739206,-0.09974747285566754,-0.060107486389872476,-2.272918791184555,-1.4646166527146904,-1.3256091542123727,0.33286956873060997,-0.5948478256510108,-1.2145180998863443,-1.174361909024703,-0.4519600911539159,-2.9256900077306667,-3.1951062928030827,-2.06540668961935,0.801387198069675,-0.5636188544839312,-3.6579294010123324,-1.3986149161845967,-1.5740441315150289,-0.10147265613064216,-3.7187964906150657,-2.7573207165378695,-0.7584279164556399,-2.4141174888921295,-2.5604133840621635,-2.766448977427434,-2.468072655315626,0.10139390282742632,-1.4732547197044137,-3.187412761071193,-0.3289617714899235,-3.609689348392544,-1.8568098132249635,0.19435563832687053,-2.9674599535098927,-0.24883142056740665,0.46196940920454893,-1.8923219235579947,-0.003572882909808786,-0.17909033225342944,-0.7635685085640378,-36.839699640147444,-0.08061172802316181,0.6396058306923083,0.6858191648218441,-0.4350358539965285,-0.5558714375520897,-2.349206838044744,-0.42921160155181676,-0.016748563270202948,1.0505548777440803,-0.7349570870624239,-0.2989578226584419,0.6557862986848999,-0.960498841719151,0.29328878530630204,-1.5964157911053563,0.6075406447031905,-0.5582533463240963,-0.38372331915033103,0.6400931677787288,0.2919625716486345,0.5531381378220666,0.6863076531776185,-0.855284184162308,-0.8126410959972383,-0.5127711262806612,-0.4261470954066739,0.475784580737859,0.38215085184337516,-2.8273933809870337,0.6536483897922525,-2.3960417244423073,1.0733677079814157,0.19389611282684238,0.28902859853774776,-1.1692523644585329,-2.717975872071324,-2.85438167987162,0.5638357460189352,0.036721398428378293,-0.7765094922217562,0.18341800322055818,-0.32974875837185036,0.2759863630241285,0.11363772085702271,-2.4139866611041976,-1.10090047919188,-1.071817247041745,0.43907237495850276,0.5059875443775076,-1.2127473204357166,-0.8205524238486855,0.5042670747450567,-0.3887765725459335,0.08419723653302351,-1.246853241057281,-0.6743382311442764,1.220126436892457,-0.8924504202028247,-0.448747453481529,-3.991933526187987,-0.883624035551257,-1.460834415914042,-1.1461488075410569,-0.6030805186515853,-1.398981414789527,-1.4413851712981067,-0.4484511724274401,-1.3215929379088716,-1.5104897397679142,0.3030052324789407,-0.4846029961131642,-1.5679396459355557,-2.343536600428845,-4.1566501937999165,-1.1971309393248477,-3.991933526187987,-3.2461624755890215,-1.6661217917697064,-1.0142904867507196
-1.5706901317153545,-1.8269817140420832,-0.7634406935110165,-1.5181315101549466,0.4015924144500726,-3.892785667587175,-0.5892852067170473,-0.9005847664152042,-1.087777371250565,0.47055911433742353,-0.5653612695739206,-0.09974747285566754,-0.060107486389872476,-2.272918791184555,-1.4646166527146904,-1.3256091542123727,0.33286956873060997,-0.5948478256510108,-1.2145180998863443,-1.174361909024703,-0.4519600911539159,-2.9256900077306667,-3.1951062928030827,-2.06540668961935,0.801387198069675,-0.5636188544839312,-3.6579294010123324,-1.3986149161845967,-1.5740441315150289,-0.10147265613064216,-3.7187964906150657,-2.7573207165378695,-0.7584279164556399,-2.4141174888921295,-2.5604133840621635,-2.766448977427434,-2.468072655315626,0.10139390282742632,-1.4732547197044137,-3.187412761071193,-0.3289617714899235,-3.609689348392544,-1.8568098132249635,0.19435563832687053,-2.9674599535098927,-0.24883142056740665,0.46196940920454893,-1.8923219235579947,-0.003572882909808786,-0.17909033225342944,-0.7635685085640378,-36.839699640147444,-0.08061172802316181,0.6396058306923083,0.6858191648218441,-0.4350358539965285,-0.5558714375520897,-2.349206838044744,-0.42921160155181676,-0.016748563270202948,1.0505548777440803,-0.7349570870624239,-0.2989578226584419,0.6557862986848999,-0.960498841719151,0.29328878530630204,-1.5964157911053563,0.6075406447031905,-0.5582533463240963,-0.38372331915033103,0.6400931677787288,0.2919625716486345,0.5531381378220666,0.6863076531776185,-0.855284184162308,-0.8126410959972383,-0.5127711262806612,-0.4261470954066739,0.475784580737859,0.38215085184337516,-2.8273933809870337,0.6536483897922525,-2.3960417244423073,1.0733677079814157,0.19389611282684238,0.28902859853774776,-1.1692523644585329,-2.717975872071324,-2.85438167987162,0.5638357460189352,0.036721398428378293,-0.7765094922217562,0.18341800322055818,-0.32974875837185036,0.2759863630241285,0.11363772085702271,-2.4139866611041976,-1.10090047919188,-1.071817247041745,0.43907237495850276,0.5059875443775076,-1.2127473204357166,-0.8205524238486855,0.5042670747450567,-0.3887765725459335,0.08419723653302351,-1.246853241057281,-0.6743382311442764,1.220126436892457,-0.8924504202028247,-0.448747453481529,-3.991933526187987,-0.883624035551257,-1.460834415914042,-1.1461488075410569,-0.6030805186515853,-1.398981414789527,-1.4413851712981067,-0.4484511724274401,-1.3215929379088716,-1.5104897397679142,0.3030052324789407,-0.4846029961131642,-1.5679396459355557,-2.343536600428845,-4.1566501937999165,-1.1971309393248477,-3.991933526187987,-3.2461624755890215,-1.6661217917697064,-1.0142904867507196
-1.5706901317153545,-1.8269817140420832,-0.7634406935110165,-1.5181315101549466,0.4015924144500726,-3.892785667587175,-0.5892852067170473,-0.9005847664152042,-1.087777371250565,0.47055911433742353,-0.5653612695739206,-0.09974747285566754,-0.060107486389872476,-2.272918791184555,-1.4646166527146904,-1.3256091542123727,0.33286956873060997,-0.5948478256510108,-1.2145180998863443,-1.174361909024703,-0.4519600911539159,-2.9256900077306667,-3.1951062928030827,-2.06540668961935,0.801387198069675,-0.5636188544839312,-3.6579294010123324,-1.3986149161845967,-1.5740441315150289,-0.10147265613064216,-3.7187964906150657,-2.7573207165378695,-0.7584279164556399,-2.4141174888921295,-2.5604133840621635,-2.766448977427434,-2.468072655315626,0.10139390282742632,-1.4732547197044137,-3.187412761071193,-0.3289617714899235,-3.609689348392544,-1.8568098132249635,0.19435563832687053,-2.9674599535098927,-0.24883142056740665,0.46196940920454893,-1.8923219235579947,-0.003572882909808786,-0.17909033225342944,-0.7635685085640378,-36.839699640147444,-0.08061172802316181,0.6396058306923083,0.6858191648218441,-0.4350358539965285,-0.5558714375520897,-2.349206838044744,-0.42921160155181676,-0.016748563270202948,1.0505548777440803,-0.7349570870624239,-0.2989578226584419,0.6557862986848999,-0.960498841719151,0.29328878530630204,-1.5964157911053563,0.6075406447031905,-0.5582533463240963,-0.38372331915033103,0.6400931677787288,0.2919625716486345,0.5531381378220666,0.6863076531776185,-0.855284184162308,-0.8126410959972383,-0.5127711262806612,-0.4261470954066739,0.475784580737859,0.38215085184337516,-2.8273933809870337,0.6536483897922525,-2.3960417244423073,1.0733677079814157,0.19389611282684238,0.28902859853774776,-1.1692523644585329,-2.717975872071324,-2.85438167987162,0.5638357460189352,0.036721398428378293,-0.7765094922217562,0.18341800322055818,-0.32974875837185036,0.2759863630241285,0.11363772085702271,-2.4139866611041976,-1.10090047919188,-1.071817247041745,0.43907237495850276,0.5059875443775076,-1.2127473204357166,-0.8205524238486855,0.5042670747450567,-0.3887765725459335,0.08419723653302351,-1.246853241057281,-0.6743382311442764,1.220126436892457,-0.8924504202028247,-0.448747453481529,-3.991933526187987,-0.883624035551257,-1.460834415914042,-1.1461488075410569,-0.6030805186515853,-1.398981414789527,-1.4413851712981067,-0.4484511724274401,-1.3215929379088716,-1.5104897397679142,0.3030052324789407,-0.4846029961131642,-1.5679396459355557,-2.343536600428845,-4.1566501937999165,-1.1971309393248477,-3.991933526187987,-3.2461624755890215,-1.6661217917697064,-1.0142904867507196
-1.5706901317153545,-1.8269817140420832,-0.7634406935110165,-1.5181315101549466,0.4015924144500726,-3.892785667587175,-0.5892852067170473,-0.9005847664152042,-1.087777371250565,0.47055911433742353,-0.5653612695739206,-0.09974747285566754,-0.060107486389872476,-2.272918791184555,-1.4646166527146904,-1.3256091542123727,0.33286956873060997,-0.5948478256510108,-1.2145180998863443,-1.174361909024703,-0.4519600911539159,-2.9256900077306667,-3.1951062928030827,-2.06540668961935,0.801387198069675,-0.5636188544839312,-3.6579294010123324,-1.3986149161845967,-1.5740441315150289,-0.10147265613064216,-3.7187964906150657,-2.7573207165378695,-0.7584279164556399,-2.4141174888921295,-2.5604133840621635,-2.766448977427434,-2.468072655315626,0.10139390282742632,-1.4732547197044137,-3.187412761071193,-0.3289617714899235,-3.609689348392544,-1.8568098132249635,0.19435563832687053,-2.9674599535098927,-0.24883142056740665,0.46196940920454893,-1.8923219235579947,-0.003572882909808786,-0.17909033225342944,-0.7635685085640378,-36.839699640147444,-0.08061172802316181,0.6396058306923083,0.6858191648218441,-0.4350358539965285,-0.5558714375520897,-2.349206838044744,-0.42921160155181676,-0.016748563270202948,1.0505548777440803,-0.7349570870624239,-0.2989578226584419,0.6557862986848999,-0.960498841719151,0.29328878530630204,-1.5964157911053563,0.6075406447031905,-0.5582533463240963,-0.38372331915033103,0.6400931677787288,0.2919625716486345,0.5531381378220666,0.6863076531776185,-0.855284184162308,-0.8126410959972383,-0.5127711262806612,-0.4261470954066739,0.475784580737859,0.38215085184337516,-2.8273933809870337,0.6536483897922525,-2.3960417244423073,1.0733677079814157,0.19389611282684238,0.28902859853774776,-1.1692523644585329,-2.717975872071324,-2.85438167987162,0.5638357460189352,0.036721398428378293,-0.7765094922217562,0.18341800322055818,-0.32974875837185036,0.2759863630241285,0.11363772085702271,-2.4139866611041976,-1.10090047919188,-1.071817247041745,0.43907237495850276,0.5059875443775076,-1.2127473204357166,-0.8205524238486855,0.5042670747450567,-0.3887765725459335,0.08419723653302351,-1.246853241057281,-0.6743382311442764,1.220126436892457,-0.8924504202028247,-0.448747453481529,-3.991933526187987,-0.883624035551257,-1.460834415914042,-1.1461488075410569,-0.6030805186515853,-1.398981414789527,-1.4413851712981067,-0.4484511724274401,-1.3215929379088716,-1.5104897397679142,0.3030052324789407,-0.4846029961131642,-1.5679396459355557,-2.343536600428845,-4.1566501937999165,-1.1971309393248477,-3.991933526187987,-3.2461624755890215,-1.6661217917697064,-1.0142904867507196
-1.5706901317153545,-1.8269817140420832,-0.7634406935110165,-1.5181315101549466,0.4015924144500726,-3.892785667587175,-0.5892852067170473,-0.9005847664152042,-1.087777371250565,0.47055911433742353,-0.5653612695739206,-0.09974747285566754,-0.060107486389872476,-2.272918791184555,-1.4646166527146904,-1.3256091542123727,0.33286956873060997,-0.5948478256510108,-1.2145180998863443,-1.174361909024703,-0.4519600911539159,-2.9256900077306667,-3.1951062928030827,-2.06540668961935,0.801387198069675,-0.5636188544839312,-3.6579294010123324,-1.3986149161845967,-1.5740441315150289,-0.10147265613064216,-3.7187964906150657,-2.7573207165378695,-0.7584279164556399,-2.4141174888921295,-2.5604133840621635,-2.766448977427434,-2.468072655315626,0.10139390282742632,-1.4732547197044137,-3.187412761071193,-0.3289617714899235,-3.609689348392544,-1.8568098132249635,0.19435563832687053,-2.9674599535098927,-0.24883142056740665,0.46196940920454893,-1.8923219235579947,-0.003572882909808786,-0.17909033225342944,-0.7635685085640378,-36.839699640147444,-0.08061172802316181,0.6396058306923083,0.6858191648218441,-0.4350358539965285,-0.5558714375520897,-2.349206838044744,-0.42921160155181676,-0.016748563270202948,1.0505548777440803,-0.7349570870624239,-0.2989578226584419,0.6557862986848999,-0.960498841719151,0.29328878530630204,-1.5964157911053563,0.6075406447031905,-0.5582533463240963,-0.38372331915033103,0.6400931677787288,0.2919625716486345,0.5531381378220666,0.6863076531776185,-0.855284184162308,-0.8126410959972383,-0.5127711262806612,-0.4261470954066739,0.475784580737859,0.38215085184337516,-2.8273933809870337,0.6536483897922525,-2.3960417244423073,1.0733677079814157,0.19389611282684238,0.28902859853774776,-1.1692523644585329,-2.717975872071324,-2.85438167987162,0.5638357460189352,0.036721398428378293,-0.7765094922217562,0.18341800322055818,-0.32974875837185036,0.2759863630241285,0.11363772085702271,-2.4139866611041976,-1.10090047919188,-1.071817247041745,0.43907237495850276,0.5059875443775076,-1.2127473204357166,-0.8205524238486855,0.5042670747450567,-0.3887765725459335,0.08419723653302351,-1.246853241057281,-0.6743382311442764,1.220126436892457,-0.8924504202028247,-0.448747453481529,-3.991933526187987,-0.883624035551257,-1.460834415914042,-1.1461488075410569,-0.6030805186515853,-1.398981414789527,-1.4413851712981067,-0.4484511724274401,-1.3215929379088716,-1.5104897397679142,0.3030052324789407,-0.4846029961131642,-1.5679396459355557,-2.343536600428845,-4.1566501937999165,-1.1971309393248477,-3.991933526187987,-3.2461624755890215,-1.6661217917697064,-1.0142904867507196
-1.3506277966567026,-0.201689601740138,-0.6325803083409335,-1.6846523299933753,0.3637514941018797,-4.388779122455015,-0.2603449008961836,-1.108964799802105,-0.5602206862516514,-0.7238878340000954,-0.45136730257254376,-0.23249712641371836,-0.5673258141299662,-2.443940473860724,-1.3592750370256372,-1.279163960929925,0.7873087612737689,-0.5772922273829225,-0.6202457790000391,-0.9745212636466913,0.6006148503841542,-2.770542416599479,-5.032133798371463,-2.7845733033157636,0.6024334319247762,-0.536794846886043,-4.774582491114922,-1.8877469780990264,-5.3441925850085905,-2.521901151944883,-4.089682320157921,-2.9133640121824578,-0.7495869147812437,-1.6644138031469022,-1.5505587377683998,-1.2962037478874562,-1.878854090961794,0.2473286773084625,-1.580954781266887,-4.200123438324782,-0.8617550267631978,-4.183427524433547,-2.348762848215501,0.5011108422763181,-3.124084250037364,-0.268903877923495,0.773722340305791,-1.67508054070836,-0.2085011032721121,-0.6098086247800892,-0.24823598658151733,-16.804569255415487,-0.2001421208014024,0.6879364436624805,0.8396070752806091,-0.5433671872351332,-0.3743420052843821,-2.3294466880088494,-0.4935372182900785,-0.36250956072746077,1.3909977609628066,-0.10152642048003879,-0.9618370884496802,0.9419438853827088,-0.8532266255084754,-0.1419982422138457,-1.542679146186022,0.6024692155046585,-0.9326299161023565,-0.36235767182672746,0.9890527968416731,0.763521888218149,-0.649253528084966,0.696612725325427,0.11808966603428064,-0.7320864114744545,-0.26732096080951395,-0.46980049733541246,0.369426688756612,0.1902996296030534,-2.69600102797632,0.6091806563774808,-2.1411079202517316,1.1029598132811815,0.9221058350661832,0.618340973326345,-0.6128796609716074,-2.1592243520603085,-3.4824877922050774,0.925909746140591,-0.0924251865928143,-0.3823240894363379,0.11366816092340025,-0.6349270627313879,0.3310111477794561,-1.7861686839764241,-2.2530087953270668,-1.600331748851553,-1.2203732745056572,0.3952957797341088,0.8553246603284134,-1.194662836211299,-0.9554124742528126,0.36363206045477076,-0.20780374641472124,0.5870801527257042,-1.3249504077176717,-0.056209654247568804,1.4834574352069845,-1.108159358160606,-0.45302476789997576,-2.442821512619338,-0.2896980966659143,-1.243037367009444,-0.9816887315226156,-0.7261215114001878,-1.0639010215073335,-2.1743654697870523,0.5253002913243427,-0.33207962056395796,-0.8635931105403417,0.5882835238107275,-0.4774565349991987,-0.5190872751530674,-1.4632990835120478,-3.2360468476694892,-0.6556072604793435,-2.442821512619338,-3.3290659772621813,-1.9631394803147129,-1.3635197473503444
-0.6231514512813618,-0.07142655599595459,-0.6047267068974511,-1.5749717833310497,-0.019914231791909962,-3.7452528086026504,-0.1860309194383865,-1.8709925761982713,-0.4031561847440709,-1.3798590462477358,-0.6478249984051088,-0.5687926871037704,-0.621016832837283,-1.4145858934325972,-1.239445173282741,-0.306950576939344,0.7371027388511743,-0.24915270827887892,-0.6418478277298312,0.07402949040329093,0.9385918440279241,-2.3386911825482124,-3.9963394165043398,-1.4678011658320027,1.062845929158435,-0.2796135022350165,-5.4070274178438495,-2.143248929293951,-14.92672193939645,-2.3269702984926073,-3.2680170515055775,-2.4988197470041213,-0.9632319477036133,-1.6809355206549481,-2.05043932526389,0.005934351909120755,-1.9486093962061077,0.5951939193251823,-1.4096636840648507,-5.542577432855743,-1.2170625642602402,-3.498516262727234,-2.394678672739351,0.40187530094937457,-2.5453052464248587,-0.4214068497990915,0.8199559691364454,-1.5978712658465541,-0.17629867243075992,-1.213090096757814,-0.8893146856495439,-5.017712365423962,0.09339542880572134,0.0975796255964469,0.8919939674311874,0.18264226700205843,-0.3846414962142978,-1.8022620798195899,-0.7098645867650141,-0.30160518221908145,1.0420834742388025,0.6657736039941915,-0.5145847307789148,0.6598294712900497,-0.7402809126398244,0.24818431346520325,-1.3479032320061266,1.2563474737910179,-0.27727354973169843,-0.47409786910027246,1.3389834523010204,0.15414571975557992,0.18192902105030195,1.01977735849563,0.19256651198350955,-0.5858714040616084,-0.5801044297603404,-1.1884144695655707,0.4034711798384055,-0.8775512349077773,-3.709399170486339,0.05498035347799966,-3.472574216551277,0.528557703016128,1.0830757199337262,0.20963809651370705,-0.9841052473341897,-2.3144061327249354,-2.407930840116842,0.43750911296240946,-0.6067252990007818,0.4789197064234836,0.27839444352916165,-0.8120064247854558,0.24399917504913396,-0.764759949547578,-2.4107802887059684,-0.02052106408104912,-1.2446839895311224,0.7220903095607086,1.0289619996748727,-0.9866394600264838,-1.1911838607133767,0.4448076872305243,0.07285730202845038,1.033571553930979,-0.8418380373878004,-0.06515234083008906,1.2975398234161788,-0.3910570906344936,-0.26407389272663273,-36.841361487904635,-0.09197735744060216,-0.8894712631269724,-1.328560814883036,0.13513941302915883,-1.8300699461404462,-1.0217561885854853,0.47595344463741796,-0.7152053162471486,-1.4564516651845696,0.04985791647720955,-0.7582259437792411,-0.5641387438097332,-0.5446690027593009,-3.61317830758122,-0.16791727064834008,-36.841361487904635,-2.8269013943941292,-1.8456558329892117,-2.2646271294694755
-0.6231514512813618,-0.07142655599595459,-0.6047267068974511,-1.5749717833310497,-0.019914231791909962,-3.7452528086026504,-0.1860309194383865,-1.8709925761982713,-0.4031561847440709,-1.3798590462477358,-0.6478249984051088,-0.5687926871037704,-0.621016832837283,-1.4145858934325972,-1.239445173282741,-0.306950576939344,0.7371027388511743,-0.24915270827887892,-0.6418478277298312,0.07402949040329093,0.9385918440279241,-2.3386911825482124,-3.9963394165043398,-1.4678011658320027,1.062845929158435,-0.2796135022350165,-5.4070274178438495,-2.143248929293951,-14.92672193939645,-2.3269702984926073,-3.2680170515055775,-2.4988197470041213,-0.9632319477036133,-1.6809355206549481,-2.05043932526389,0.005934351909120755,-1.9486093962061077,0.5951939193251823,-1.4096636840648507,-5.542577432855743,-1.2170625642602402,-3.498516262727234,-2.394678672739351,0.40187530094937457,-2.5453052464248587,-0.4214068497990915,0.8199559691364454,-1.5978712658465541,-0.17629867243075992,-1.213090096757814,-0.8893146856495439,-5.017712365423962,0.09339542880572134,0.0975796255964469,0.8919939674311874,0.18264226700205843,-0.3846414962142978,-1.8022620798195899,-0.7098645867650141,-0.30160518221908145,1.0420834742388025,0.6657736039941915,-0.5145847307789148,0.6598294712900497,-0.7402809126398244,0.24818431346520325,-1.3479032320061266,1.2563474737910179,-0.27727354973169843,-0.47409786910027246,1.3389834523010204,0.15414571975557992,0.18192902105030195,1.01977735849563,0.19256651198350955,-0.5858714040616084,-0.5801044297603404,-1.1884144695655707,0.4034711798384055,-0.8775512349077773,-3.709399170486339,0.05498035347799966,-3.472574216551277,0.528557703016128,1.0830757199337262,0.20963809651370705,-0.9841052473341897,-2.3144061327249354,-2.407930840116842,0.43750911296240946,-0.6067252990007818,0.4789197064234836,0.27839444352916165,-0.8120064247854558,0.24399917504913396,-0.764759949547578,-2.4107802887059684,-0.02052106408104912,-1.2446839895311224,0.7220903095607086,1.0289619996748727,-0.9866394600264838,-1.1911838607133767,0.4448076872305243,0.07285730202845038,1.033571553930979,-0.8418380373878004,-0.06515234083008906,1.2975398234161788,-0.3910570906344936,-0.26407389272663273,-36.841361487904635,-0.09197735744060216,-0.8894712631269724,-1.328560814883036,0.13513941302915883,-1.8300699461404462,-1.0217561885854853,0.47595344463741796,-0.7152053162471486,-1.4564516651845696,0.04985791647720955,-0.7582259437792411,-0.5641387438097332,-0.5446690027593009,-3.61317830758122,-0.16791727064834008,-36.841361487904635,-2.8269013943941292,-1.8456558329892117,-2.2646271294694755
-0.8723694798000167,-1.3659358222693618,-0.3430795617285097,-1.8534358890397151,-0.39484209299493533,-2.5465007424944237,0.21399956096199538,-1.7264328729153182,-0.9170290960575381,-3.2514399261651414,-0.6036074322302821,-0.547789386579593,-0.5449195915714674,-1.399550531946022,-0.9177977610057501,0.01155506363640964,0.5168155181850058,-0.1704366851942839,-0.7626977123132735,-0.5583799150993464,-0.22991636615107794,-2.11232521756023,-2.489309939923909,-1.2676273078696618,1.2787425560045507,-0.6286764323092459,-5.141894627104067,-2.491905348941937,-4.1406012968112345,-2.898428216620363,-4.1668707148891215,-2.1495252238752975,-0.7420992845183197,-3.3745758998312265,-2.4294248695262883,-0.21202962288635388,-2.2931225359651517,0.650986235459767,-1.24602049346238,-3.5452683959004068,-1.1523300310632365,-4.2836689696464525,-1.9423101854580864,0.4412564935906269,-1.759912609444028,-1.1234372990811363,0.6515370914844535,-1.993847794528564,0.07343742842733911,-0.7091745536561723,-1.0340934037599467,-3.025882394996321,0.46927388921148827,0.127263272832541,0.923130843389653,0.8852370475737169,-0.32994234311056875,-1.8114774096563262,-1.0236100303079003,-0.017962144836140965,0.6134504351821325,0.3775186640366105,-0.16006800501384782,0.5127096730993119,-1.0420917542175938,0.6221504613767963,-1.3574820139825137,1.3434718995974704,-0.5069080421158402,-0.4443551857550289,1.271647978660945,0.142315157921463,1.0765173747659786,1.005433300435515,0.23564640697692418,-0.6986796858347154,-0.09535967336110367,-1.6498509033715236,0.6447471146594543,-1.3441342039283048,-4.493760224968283,-0.14867414902185158,-3.600977933356313,0.2652429783360043,0.9984171742640571,0.16456499001900995,-1.0451518779928717,-3.020011468451717,-2.1482217938389736,-0.55319037058767,-0.17645270771282337,0.42853231729986196,0.06101028302730115,-0.014332575664908899,0.5313352613928738,-0.8066638458872453,-0.7835971906620416,0.8584021293078502,-0.8615665039013773,0.8835892492299486,1.0456641776490838,-0.8404018584096855,-1.0309857399817917,0.3927257572616983,0.1809853830655416,0.9685523197207905,-0.49090480929819713,-0.20831511279169046,1.3323562577380796,-0.15083633721796505,0.18725956830012627,-4.071867403499464,0.1107036063526644,0.04541669341853522,-1.0568745666527584,0.2943370281570654,-1.588255975316786,-2.214683528232791,0.011539684879389108,-1.0237738579156626,-1.4626651242199147,0.07170445142418615,-1.019724563728193,-0.4321756879224414,0.550511531858129,-4.1764334614805145,0.7499504681912135,-4.071867403499464,-2.7919886739329973,-1.4158348226264146,-1.9461752801295669
-0.8723694798000167,-1.3659358222693618,-0.3430795617285097,-1.8534358890397151,-0.39484209299493533,-2.5465007424944237,0.21399956096199538,-1.7264328729153182,-0.9170290960575381,-3.2514399261651414,-0.6036074322302821,-0.547789386579593,-0.5449195915714674,-1.399550531946022,-0.9177977610057501,0.01155506363640964,0.5168155181850058,-0.1704366851942839,-0.7626977123132735,-0.5583799150993464,-0.22991636615107794,-2.11232521756023,-2.489309939923909,-1.2676273078696618,1.2787425560045507,-0.6286764323092459,-5.141894627104067,-2.491905348941937,-4.1406012968112345,-2.898428216620363,-4.1668707148891215,-2.1495252238752975,-0.7420992845183197,-3.3745758998312265,-2.4294248695262883,-0.21202962288635388,-2.2931225359651517,0.650986235459767,-1.24602049346238,-3.5452683959004068,-1.1523300310632365,-4.2836689696464525,-1.9423101854580864,0.4412564935906269,-1.759912609444028,-1.1234372990811363,0.6515370914844535,-1.993847794528564,0.07343742842733911,-0.7091745536561723,-1.0340934037599467,-3.025882394996321,0.46927388921148827,0.127263272832541,0.923130843389653,0.8852370475737169,-0.32994234311056875,-1.8114774096563262,-1.0236100303079003,-0.017962144836140965,0.6134504351821325,0.3775186640366105,-0.16006800501384782,0.5127096730993119,-1.0420917542175938,0.6221504613767963,-1.3574820139825137,1.3434718995974704,-0.5069080421158402,-0.4443551857550289,1.271647978660945,0.142315157921463,1.0765173747659786,1.005433300435515,0.23564640697692418,-0.6986796858347154,-0.09535967336110367,-1.6498509033715236,0.6447471146594543,-1.3441342039283048,-4.493760224968283,-0.14867414902185158,-3.600977933356313,0.2652429783360043,0.9984171742640571,0.16456499001900995,-1.0451518779928717,-3.020011468451717,-2.1482217938389736,-0.55319037058767,-0.17645270771282337,0.42853231729986196,0.06101028302730115,-0.014332575664908899,0.5313352613928738,-0.8066638458872453,-0.7835971906620416,0.8584021293078502,-0.8615665039013773,0.8835892492299486,1.0456641776490838,-0.8404018584096855,-1.0309857399817917,0.3927257572616983,0.1809853830655416,0.9685523197207905,-0.49090480929819713,-0.20831511279169046,1.3323562577380796,-0.15083633721796505,0.18725956830012627,-4.071867403499464,0.1107036063526644,0.04541669341853522,-1.0568745666527584,0.2943370281570654,-1.588255975316786,-2.214683528232791,0.011539684879389108,-1.0237738579156626,-1.4626651242199147,0.07170445142418615,-1.019724563728193,-0.4321756879224414,0.550511531858129,-4.1764334614805145,0.7499504681912135,-4.071867403499464,-2.7919886739329973,-1.4158348226264146,-1.9461752801295669
-0.9301042577245369,-1.8985957975669012,-0.0844796412218823,-1.6816498260732073,-0.5588665039815881,-2.145237748182066,0.7522104581910963,-0.8131638434822466,-0.3910923375410544,-2.7435450170328415,-0.7537379887415568,-0.26107028800260373,-0.7321968119660935,-0.5350316303292242,-1.2313177659402985,0.5100719331326822,0.6378194239600821,0.2600610360454981,0.09969404867888984,-0.23606342956579193,-0.5034990526290226,-1.5000809081062318,-3.2011508498606247,-0.9659238841453801,1.4198149403498355,-0.5321673195570484,-3.9152810411347287,-3.203627930709383,-1.7313310104693032,-3.322846614736542,-17.27346029601517,-1.355447567412178,0.0031649424478041996,-6.142519814011091,-2.623030880424647,-1.1650331608055382,-1.9013616140649081,0.3333945981845374,-0.3610873737625664,-4.0390924369995,-1.3196223143203725,-4.1764171113290045,-1.2443004339367394,0.692353266050849,-1.149741869496732,-0.9735479770549622,0.855449579028926,-1.794806960290438,0.15657174859015585,-0.3919939284616957,-0.7447003193628253,-1.9032015295439182,0.7413904240808257,0.21129600439378066,1.1513663309672448,1.0891441983896202,-0.3634186189212587,-1.6293710758990554,-1.2192133317572644,-0.16474453077518583,0.39285872314284637,0.7786417332642417,-0.0633851877889837,0.14126019238431645,-0.34598011877302437,0.44621031703085134,-0.9675538365059525,1.6618398660757572,0.5399278833033204,-0.03346000081616993,1.4558205198208627,0.08226482129354845,1.1626422429095236,0.8206191158299787,0.3091941165062798,-0.13733236857309963,0.12899672000326673,-2.4270499752572716,0.9235097418208962,-0.7917954444018662,-4.256490463808933,-0.0866603785288167,-3.6447966361580386,0.02670713134391089,0.7718927613791319,0.024688983500491153,-0.6222079548310918,-4.162883532987159,-2.2220657618814594,-1.519307414352736,0.3936829198120057,0.6343644617985449,0.6539807985418193,0.29390294067306694,0.988587023752557,-0.21767260180146603,-1.132165413482791,1.053386065417224,-0.468893707566485,1.0514679369303432,1.1476921606766906,-0.28569777030359533,-0.8274983022703126,0.6618025588694153,0.27538673005638853,0.7345235506373089,0.10983598142480155,0.2663738396517238,1.2508871479176984,0.3706735013589694,1.6020819849992003,-2.1462143631205635,1.1339654146157334,0.6424634989556067,0.045625635371633416,0.3642456836488612,-0.48210369978257056,-2.7719506755382106,0.7127791857757532,-0.4146108991189504,-1.5813499337726327,0.16814470094605577,-1.2292356870350307,-0.01094887056134653,1.1279598324999751,-1.5106560312587485,1.5558483853796647,-2.1462143631205635,-1.3084380901015993,-0.16024550114404823,-0.9073178659770013
-1.8589060335091765,-3.3025985965591804,-0.47461736940124694,-2.5588752048385377,0.15622097668045307,-2.922053706344046,0.24160219116464052,-0.6746345152199367,-1.5161171000492795,-0.14930999530447583,-0.832102887181523,-0.312573468764009,-0.46376116664472566,-2.349407632909986,-0.9085434117366464,0.5161910289074574,0.3950980861085152,-0.20958585310465436,-1.5014118024150611,-1.3459392081612298,-1.5265255399560211,-3.4122993664542647,-5.229523156318062,-1.4586815017534358,1.1785167639817586,-0.6176723918049623,-3.5128102697494343,-3.4222669031011828,-2.199989393679434,-2.1015368829150343,-6.20821651617669,-2.5725280324692883,-0.8051837601382397,-4.845547314892887,-3.221652828724343,-2.032862198453857,-2.3529972222649804,0.1665753939518569,-1.2323676171879008,-4.400690941177834,-1.2698336785782454,-3.5442735900166267,-1.5178524485908174,0.2466669659045802,-2.6733703403192766,-0.9488275270787072,0.6189577949324413,-1.5904793730753533,0.013329075660792849,-0.010649296194297638,-0.8243616079967806,-4.095554618804678,0.20705817697759346,0.3933538097801588,0.9741731970573537,0.3585330610116034,-0.8176905941477449,-2.0691778640097134,-0.996902283148904,-0.09967122162164474,0.6675684192117725,0.24631086951571451,-0.22661212413536566,0.303196636771217,-0.4997843040670814,0.43872526634037756,-1.2613161470642666,1.29610061001823,0.4995562837563578,-0.47111006973424246,0.33013659784123206,-0.15171726386202655,0.8618296945510844,0.3725145340314001,-0.25630626999980904,-0.4248477572881995,-0.2530442001389685,-1.3957100786363492,0.3018771365740072,0.23615691840586317,-3.323520089514454,0.26436066997862956,-3.028801421945173,0.6267888144504381,0.6105022493783568,0.23716082165228378,-1.0943368035419296,-2.798121880280617,-2.7811200668761376,0.11566561025710402,0.3402790573419296,0.030334852473415035,0.46117964443977394,0.0013674330426012868,0.4834709059559724,0.3866507669793439,-1.9505442955214118,1.011100714939892,-1.3286741580863277,1.1280741859160581,0.22784130035725347,-0.8476885626324073,-0.3510498582953528,0.6444774276497865,-0.13707522427423416,0.4644554617510892,-0.15498263561320208,-0.07288413259752206,1.1705937442749144,-0.11243481861405437,0.36940726854065675,-3.9247315801532716,-0.03739226274418577,-1.861465057798666,-1.6121907265563962,-0.6223184660734012,-1.7764701721779936,-1.2220595007100306,-0.5578413226294635,-1.46382063707246,-2.3105393479176377,0.4074191725679031,-1.111609240496779,-1.281720714937876,-0.08187092418716158,-1.3365570891532184,-0.5672196607814739,-3.9247315801532716,-2.309936842376564,-1.201986468960232,-2.078864452421435
-1.8589060335091765,-3.3025985965591804,-0.47461736940124694,-2.5588752048385377,0.15622097668045307,-2.922053706344046,0.24160219116464052,-0.6746345152199367,-1.5161171000492795,-0.14930999530447583,-0.832102887181523,-0.312573468764009,-0.46376116664472566,-2.349407632909986,-0.9085434117366464,0.5161910289074574,0.3950980861085152,-0.20958585310465436,-1.5014118024150611,-1.3459392081612298,-1.5265255399560211,-3.4122993664542647,-5.229523156318062,-1.4586815017534358,1.1785167639817586,-0.6176723918049623,-3.5128102697494343,-3.4222669031011828,-2.199989393679434,-2.1015368829150343,-6.20821651617669,-2.5725280324692883,-0.8051837601382397,-4.845547314892887,-3.221652828724343,-2.032862198453857,-2.3529972222649804,0.1665753939518569,-1.2323676171879008,-4.400690941177834,-1.2698336785782454,-3.5442735900166267,-1.5178524485908174,0.2466669659045802,-2.6733703403192766,-0.9488275270787072,0.6189577949324413,-1.5904793730753533,0.013329075660792849,-0.010649296194297638,-0.8243616079967806,-4.095554618804678,0.20705817697759346,0.3933538097801588,0.9741731970573537,0.3585330610116034,-0.8176905941477449,-2.0691778640097134,-0.996902283148904,-0.09967122162164474,0.6675684192117725,0.24631086951571451,-0.22661212413536566,0.303196636771217,-0.4997843040670814,0.43872526634037756,-1.2613161470642666,1.29610061001823,0.4995562837563578,-0.47111006973424246,0.33013659784123206,-0.15171726386202655,0.8618296945510844,0.3725145340314001,-0.25630626999980904,-0.4248477572881995,-0.2530442001389685,-1.3957100786363492,0.3018771365740072,0.23615691840586317,-3.323520089514454,0.26436066997862956,-3.028801421945173,0.6267888144504381,0.6105022493783568,0.23716082165228378,-1.0943368035419296,-2.798121880280617,-2.7811200668761376,0.11566561025710402,0.3402790573419296,0.030334852473415035,0.46117964443977394,0.0013674330426012868,0.4834709059559724,0.3866507669793439,-1.9505442955214118,1.011100714939892,-1.3286741580863277,1.1280741859160581,0.22784130035725347,-0.8476885626324073,-0.3510498582953528,0.6444774276497865,-0.13707522427423416,0.4644554617510892,-0.15498263561320208,-0.07288413259752206,1.1705937442749144,-0.11243481861405437,0.36940726854065675,-3.9247315801532716,-0.03739226274418577,-1.861465057798666,-1.6121907265563962,-0.6223184660734012,-1.7764701721779936,-1.2220595007100306,-0.5578413226294635,-1.46382063707246,-2.3105393479176377,0.4074191725679031,-1.111609240496779,-1.281720714937876,-0.08187092418716158,-1.3365570891532184,-0.5672196607814739,-3.9247315801532716,-2.309936842376564,-1.201986468960232,-2.078864452421435
-1.8589060335091765,-3.3025985965591804,-0.47461736940124694,-2.5588752048385377,0.15622097668045307,-2.922053706344046,0.24160219116464052,-0.6746345152199367,-1.5161171000492795,-0.14930999530447583,-0.832102887181523,-0.312573468764009,-0.46376116664472566,-2.349407632909986,-0.9085434117366464,0.5161910289074574,0.3950980861085152,-0.20958585310465436,-1.5014118024150611,-1.3459392081612298,-1.5265255399560211,-3.4122993664542647,-5.229523156318062,-1.4586815017534358,1.1785167639817586,-0.6176723918049623,-3.5128102697494343,-3.4222669031011828,-2.199989393679434,-2.1015368829150343,-6.20821651617669,-2.5725280324692883,-0.8051837601382397,-4.845547314892887,-3.221652828724343,-2.032862198453857,-2.3529972222649804,0.1665753939518569,-1.2323676171879008,-4.400690941177834,-1.2698336785782454,-3.5442735900166267,-1.5178524485908174,0.2466669659045802,-2.6733703403192766,-0.9488275270787072,0.6189577949324413,-1.5904793730753533,0.013329075660792849,-0.010649296194297638,-0.8243616079967806,-4.095554618804678,0.20705817697759346,0.3933538097801588,0.9741731970573537,0.3585330610116034,-0.8176905941477449,-2.0691778640097134,-0.996902283148904,-0.09967122162164474,0.6675684192117725,0.24631086951571451,-0.22661212413536566,0.303196636771217,-0.4997843040670814,0.43872526634037756,-1.2613161470642666,1.29610061001823,0.4995562837563578,-0.47111006973424246,0.33013659784123206,-0.15171726386202655,0.8618296945510844,0.3725145340314001,-0.25630626999980904,-0.4248477572881995,-0.2530442001389685,-1.3957100786363492,0.3018771365740072,0.23615691840586317,-3.323520089514454,0.26436066997862956,-3.028801421945173,0.6267888144504381,0.6105022493783568,0.23716082165228378,-1.0943368035419296,-2.798121880280617,-2.7811200668761376,0.11566561025710402,0.3402790573419296,0.030334852473415035,0.46117964443977394,0.0013674330426012868,0.4834709059559724,0.3866507669793439,-1.9505442955214118,1.011100714939892,-1.3286741580863277,1.1280741859160581,0.22784130035725347,-0.8476885626324073,-0.3510498582953528,0.6444774276497865,-0.13707522427423416,0.4644554617510892,-0.15498263561320208,-0.07288413259752206,1.1705937442749144,-0.11243481861405437,0.36940726854065675,-3.9247315801532716,-0.03739226274418577,-1.861465057798666,-1.6121907265563962,-0.6223184660734012,-1.7764701721779936,-1.2220595007100306,-0.5578413226294635,-1.46382063707246,-2.3105393479176377,0.4074191725679031,-1.111609240496779,-1.281720714937876,-0.08187092418716158,-1.3365570891532184,-0.5672196607814739,-3.9247315801532716,-2.309936842376564,-1.201986468960232,-2.078864452421435
-1.8589060335091765,-3.3025985965591804,-0.47461736940124694,-2.5588752048385377,0.15622097668045307,-2.922053706344046,0.24160219116464052,-0.6746345152199367,-1.5161171000492795,-0.14930999530447583,-0.832102887181523,-0.312573468764009,-0.46376116664472566,-2.349407632909986,-0.9085434117366464,0.5161910289074574,0.3950980861085152,-0.20958585310465436,-1.5014118024150611,-1.3459392081612298,-1.5265255399560211,-3.4122993664542647,-5.229523156318062,-1.4586815017534358,1.1785167639817586,-0.6176723918049623,-3.5128102697494343,-3.4222669031011828,-2.199989393679434,-2.1015368829150343,-6.20821651617669,-2.5725280324692883,-0.8051837601382397,-4.845547314892887,-3.221652828724343,-2.032862198453857,-2.3529972222649804,0.1665753939518569,-1.2323676171879008,-4.400690941177834,-1.2698336785782454,-3.5442735900166267,-1.5178524485908174,0.2466669659045802,-2.6733703403192766,-0.9488275270787072,0.6189577949324413,-1.5904793730753533,0.013329075660792849,-0.010649296194297638,-0.8243616079967806,-4.095554618804678,0.20705817697759346,0.3933538097801588,0.9741731970573537,0.3585330610116034,-0.8176905941477449,-2.0691778640097134,-0.996902283148904,-0.09967122162164474,0.6675684192117725,0.24631086951571451,-0.22661212413536566,0.303196636771217,-0.4997843040670814,0.43872526634037756,-1.2613161470642666,1.29610061001823,0.4995562837563578,-0.47111006973424246,0.33013659784123206,-0.15171726386202655,0.8618296945510844,0.3725145340314001,-0.25630626999980904,-0.4248477572881995,-0.2530442001389685,-1.3957100786363492,0.3018771365740072,0.23615691840586317,-3.323520089514454,0.26436066997862956,-3.028801421945173,0.6267888144504381,0.6105022493783568,0.23716082165228378,-1.0943368035419296,-2.798121880280617,-2.7811200668761376,0.11566561025710402,0.3402790573419296,0.030334852473415035,0.46117964443977394,0.0013674330426012868,0.4834709059559724,0.3866507669793439,-1.9505442955214118,1.011100714939892,-1.3286741580863277,1.1280741859160581,0.22784130035725347,-0.8476885626324073,-0.3510498582953528,0.6444774276497865,-0.13707522427423416,0.4644554617510892,-0.15498263561320208,-0.07288413259752206,1.1705937442749144,-0.11243481861405437,0.36940726854065675,-3.9247315801532716,-0.03739226274418577,-1.861465057798666,-1.6121907265563962,-0.6223184660734012,-1.7764701721779936,-1.2220595007100306,-0.5578413226294635,-1.46382063707246,-2.3105393479176377,0.4074191725679031,-1.111609240496779,-1.281720714937876,-0.08187092418716158,-1.3365570891532184,-0.5672196607814739,-3.9247315801532716,-2.309936842376564,-1.201986468960232,-2.078864452421435
-1.8589060335091765,-3.3025985965591804,-0.47461736940124694,-2.5588752048385377,0.15622097668045307,-2.922053706344046,0.24160219116464052,-0.6746345152199367,-1.5161171000492795,-0.14930999530447583,-0.832102887181523,-0.312573468764009,-0.46376116664472566,-2.349407632909986,-0.9085434117366464,0.5161910289074574,0.3950980861085152,-0.20958585310465436,-1.5014118024150611,-1.3459392081612298,-1.5265255399560211,-3.4122993664542647,-5.229523156318062,-1.4586815017534358,1.1785167639817586,-0.6176723918049623,-3.5128102697494343,-3.4222669031011828,-2.199989393679434,-2.1015368829150343,-6.20821651617669,-2.5725280324692883,-0.8051837601382397,-4.845547314892887,-3.221652828724343,-2.032862198453857,-2.3529972222649804,0.1665753939518569,-1.2323676171879008,-4.400690941177834,-1.2698336785782454,-3.5442735900166267,-1.5178524485908174,0.2466669659045802,-2.6733703403192766,-0.9488275270787072,0.6189577949324413,-1.5904793730753533,0.013329075660792849,-0.010649296194297638,-0.8243616079967806,-4.095554618804678,0.20705817697759346,0.3933538097801588,0.9741731970573537,0.3585330610116034,-0.8176905941477449,-2.0691778640097134,-0.996902283148904,-0.09967122162164474,0.6675684192117725,0.24631086951571451,-0.22661212413536566,0.303196636771217,-0.4997843040670814,0.43872526634037756,-1.2613161470642666,1.29610061001823,0.4995562837563578,-0.47111006973424246,0.33013659784123206,-0.15171726386202655,0.8618296945510844,0.3725145340314001,-0.25630626999980904,-0.4248477572881995,-0.2530442001389685,-1.3957100786363492,0.3018771365740072,0.23615691840586317,-3.323520089514454,0.26436066997862956,-3.028801421945173,0.6267888144504381,0.6105022493783568,0.23716082165228378,-1.0943368035419296,-2.798121880280617,-2.7811200668761376,0.11566561025710402,0.3402790573419296,0.030334852473415035,0.46117964443977394,0.0013674330426012868,0.4834709059559724,0.3866507669793439,-1.9505442955214118,1.011100714939892,-1.3286741580863277,1.1280741859160581,0.22784130035725347,-0.8476885626324073,-0.3510498582953528,0.6444774276497865,-0.13707522427423416,0.4644554617510892,-0.15498263561320208,-0.07288413259752206,1.1705937442749144,-0.11243481861405437,0.36940726854065675,-3.9247315801532716,-0.03739226274418577,-1.861465057798666,-1.6121907265563962,-0.6223184660734012,-1.7764701721779936,-1.2220595007100306,-0.5578413226294635,-1.46382063707246,-2.3105393479176377,0.4074191725679031,-1.111609240496779,-1.281720714937876,-0.08187092418716158,-1.3365570891532184,-0.5672196607814739,-3.9247315801532716,-2.309936842376564,-1.201986468960232,-2.078864452421435
-1.8589060335091765,-3.3025985965591804,-0.47461736940124694,-2.5588752048385377,0.15622097668045307,-2.922053706344046,0.24160219116464052,-0.6746345152199367,-1.5161171000492795,-0.14930999530447583,-0.832102887181523,-0.312573468764009,-0.46376116664472566,-2.349407632909986,-0.9085434117366464,0.5161910289074574,0.3950980861085152,-0.20958585310465436,-1.5014118024150611,-1.3459392081612298,-1.5265255399560211,-3.4122993664542647,-5.229523156318062,-1.4586815017534358,1.1785167639817586,-0.6176723918049623,-3.5128102697494343,-3.4222669031011828,-2.199989393679434,-2.1015368829150343,-6.20821651617669,-2.5725280324692883,-0.8051837601382397,-4.845547314892887,-3.221652828724343,-2.032862198453857,-2.3529972222649804,0.1665753939518569,-1.2323676171879008,-4.400690941177834,-1.2698336785782454,-3.5442735900166267,-1.5178524485908174,0.2466669659045802,-2.6733703403192766,-0.9488275270787072,0.6189577949324413,-1.5904793730753533,0.013329075660792849,-0.010649296194297638,-0.8243616079967806,-4.095554618804678,0.20705817697759346,0.3933538097801588,0.9741731970573537,0.3585330610116034,-0.8176905941477449,-2.0691778640097134,-0.996902283148904,-0.09967122162164474,0.6675684192117725,0.24631086951571451,-0.22661212413536566,0.303196636771217,-0.4997843040670814,0.43872526634037756,-1.2613161470642666,1.29610061001823,0.4995562837563578,-0.47111006973424246,0.33013659784123206,-0.15171726386202655,0.8618296945510844,0.3725145340314001,-0.25630626999980904,-0.4248477572881995,-0.2530442001389685,-1.3957100786363492,0.3018771365740072,0.23615691840586317,-3.323520089514454,0.26436066997862956,-3.028801421945173,0.6267888144504381,0.6105022493783568,0.23716082165228378,-1.0943368035419296,-2.798121880280617,-2.7811200668761376,0.11566561025710402,0.3402790573419296,0.030334852473415035,0.46117964443977394,0.0013674330426012868,0.4834709059559724,0.3866507669793439,-1.9505442955214118,1.011100714939892,-1.3286741580863277,1.1280741859160581,0.22784130035725347,-0.8476885626324073,-0.3510498582953528,0.6444774276497865,-0.13707522427423416,0.4644554617510892,-0.15498263561320208,-0.07288413259752206,1.1705937442749144,-0.11243481861405437,0.36940726854065675,-3.9247315801532716,-0.03739226274418577,-1.861465057798666,-1.6121907265563962,-0.6223184660734012,-1.7764701721779936,-1.2220595007100306,-0.5578413226294635,-1.46382063707246,-2.3105393479176377,0.4074191725679031,-1.111609240496779,-1.281720714937876,-0.08187092418716158,-1.3365570891532184,-0.5672196607814739,-3.9247315801532716,-2.309936842376564,-1.201986468960232,-2.078864452421435
-1.580202258357061,-1.94612085995663,-0.7622296606660388,-2.4448279632192818,-0.16030051970051049,-3.5720160384443735,-1.5256977864756207,-0.9006424686030675,-1.0342056803672206,0.442904690443538,-0.5270589416614085,-0.23619170016202337,-0.046120755687834684,-2.1999302514517076,-1.4434184424950969,-1.2812859889325683,0.32451941594607664,-0.7588825734612673,-0.8119731335271796,-1.5103175853593953,-0.9968478870793688,-2.147650274163128,-3.3550476069477813,-2.079216474658464,0.7945256893624387,-0.6684932072678943,-4.2207625874258685,-2.4100469044317276,-2.068605480829519,-2.419695439555001,-3.5636780801373678,-2.380899816180583,-0.8699198862076397,-3.6919603036826345,-2.7659919177878294,-1.7368092700052673,-2.1153253155031697,0.10168268606516348,-1.1229936400116916,-1.623745909989986,-0.47990676489770284,-3.105288088171461,-1.8822330236808502,-0.28085252989778586,-3.1844580606288084,-0.13763279688274985,0.4320724722818881,-1.4433090697614073,0.3551931180009028,0.3353129844837492,-0.6842234232883488,-5.745582028042168,0.14683261579411913,0.579366861905508,0.8397057033683472,-0.13968309511468416,-0.5171301861932217,-1.7527205720802925,-0.632348730507314,-0.10837881558737152,0.6785697059930972,-0.7323837360618243,-0.4143122334706376,0.710746669826882,-1.0228941832140526,0.05530539169535855,-1.8104458173361342,0.8963826850231849,-0.4017862231138128,-0.38425940178112583,0.10989456523660804,0.1436944935253076,0.700534464330081,0.6406276417987338,-1.2147326082669108,-0.35485179391251126,-0.2787545113053274,-0.3401537328977326,0.4761848424675921,0.26427324313340417,-3.298496790088969,0.5764636626224292,-2.487438097448078,1.0373535726506637,0.025954357141425386,0.5059061043401749,-1.427157760660031,-2.713277713573033,-3.548766670493482,0.5019376223677512,0.0870433574464111,-0.3914616511570244,0.11618322674310216,-0.3494785661514845,0.06441559449002017,0.35250727151337446,-0.8364044571631168,-0.47336822064073275,-1.1631759087636337,0.4556617968776985,0.5162778222387365,-0.8473316565411918,-0.23909614723889494,0.4194384453987649,-0.3337662501495349,-0.04132557198121064,-0.8130616291816595,-0.5617131568852014,1.3215075896374069,-0.5474407618442727,-0.7824048881408742,-2.983669899101336,-1.319689586639081,-0.9997061940510925,-0.43370401931903585,-0.5141911473500109,-1.546552045459418,-1.3003964450743142,-1.4364162529648956,-1.6064654135017593,-1.5231968867890922,0.08161460040580491,-0.5023463441663094,-1.1585068209938765,-1.1497954299215185,-4.429487463291743,-1.2518308833057856,-2.983669899101336,-3.603050425987335,-1.8458745598438,-0.5092038603846909
-1.5285847070405307,-2.068034301811361,-0.6396293791870781,-2.1455413004656654,-0.044345278674993084,-3.6055116846308275,-0.6511195328071566,-1.2484282396200501,-1.5010983627459715,-0.1434832189793975,-0.5056206281474712,-0.1217759429762074,-0.11869306055238839,-2.7771335359951346,-0.945794970279569,-0.7004301526354262,0.6603310403477468,-0.8211100604276097,-1.4696501644846662,-2.068620647315412,-1.4731355416683303,-3.515613842560407,-21.33127533712546,-2.3027458460902888,0.8773580171288928,-0.8679852288610382,-4.062013318570546,-2.1623211549790895,-2.766265417272648,-1.5487202865609608,-4.805652894514323,-2.7167856610645265,-1.1644984975635175,-2.9707484622131353,-2.316265459434465,-1.632625560533625,-1.8039094918351097,0.33536757618011753,-1.7943125476103325,-3.674059730557656,-0.5063076130080935,-3.0885624982634945,-2.1869794789079617,0.43120628027127866,-1.9692678520454197,-0.1315795111488142,0.6742778444791644,-1.8140646658814414,-0.09641879211764202,-0.19599107942634353,-0.1280477095515849,-6.659131884830682,-0.4905009525743829,0.6676589963126282,0.9148576367312823,-1.0530635377094537,-0.23710150936224378,-2.0389238785076484,-0.3728328814223857,-0.33582707085055,0.8158614122089837,-0.46757032090503087,-1.347676014001076,0.9224385847780525,-0.8783665380364492,-0.13342742822091494,-1.5657378587527915,0.7726134897366035,-0.32054710696898053,-0.4798973369404225,0.49335187734135394,0.6829126573064088,0.36531367965501066,0.7784615010900505,-0.08769198165408007,-0.825350107509832,-0.8499062051889982,0.1428413582031699,0.5000622541250593,0.6070786205746298,-2.7965441416780936,0.6851347880553486,-2.11975119809605,1.0593517612275036,0.31246195602124216,0.5462239852597075,-0.9613512288060289,-2.34337977941372,-3.0124449191752123,0.8399841654847277,0.19572345708246497,-0.3459072773294814,0.19727142847482318,-0.27649796967176593,0.16201640242386847,-0.25710975330989355,-1.169032097662367,-1.271756957339741,-1.024838506823723,0.5310048888630138,0.4660019756565365,-1.0884326213622868,-0.6344011015967197,0.32820020389913257,-0.4551250083102751,0.25853894540836087,-1.1304526577377425,-0.7714941101779264,1.1357230543311974,-0.8684867060076127,-0.5718337339777542,-34.48910267213458,-0.6667532693029808,-1.6882417740111033,-1.6722534859979696,-0.7994441357995387,-2.033844389939208,-1.7763336538710464,-1.6101453167045776,-1.298325344053417,-1.2866345714981486,0.351741178756793,-0.8327128789292585,-1.6924453247144677,-1.4236053382084035,-5.154212762361512,-1.510632734182945,-34.48910267213458,-3.7854778091026606,-2.2268662132302923,-2.1627568807480673
-1.40716246916669,-1.298812127120928,-0.7276784907960795,-2.4625535679083232,0.1300916764743008,-4.055563650427675,-0.13870972604461929,-2.120661208054053,-0.9623702763196224,-1.8656825493841631,-0.44237864475672584,-0.09665193849606674,-0.4873641980605471,-3.9290187754074464,-0.8587259347021019,-1.3056790981671031,0.7468118348912636,-1.011317554951834,-1.4649893354723478,-1.9967517452345784,-0.24244871407262286,-4.464214357225302,-5.187686380770903,-2.139329533869456,0.9745477504470844,-1.220184864829078,-6.454936027673778,-2.1071325087700807,-4.6459509045772345,-2.428932433895113,-3.4837039328216846,-4.567442501810569,-1.4689817138181183,-2.9445158875750246,-2.303641360142188,-0.9675096523170388,-2.428131653977115,0.4723388261999174,-2.7037045744976007,-3.3239718571850507,-0.3770190312130191,-4.515227797123574,-1.8786455959110726,0.5179130378246406,-3.5543740223730933,-0.27862602824634203,0.6700325513247254,-1.6841139368178015,0.2988027565613341,-0.16556472629299954,-0.7992547987700744,-36.83817257573278,-0.5473192505884995,0.5764501907484295,0.5753331036963577,-0.0691869792587001,0.08641809305290576,-2.6424117884193166,-0.5360838330180919,-0.06279225136386773,0.8712096180910053,-0.31941854184738067,-0.5095516595993158,0.6407995358217309,-0.9147791826326708,-0.14640017410198147,-1.6433362520021215,0.776032307386272,-0.36036573182745457,-0.44101870041852065,0.2230432526721452,0.16120040632704144,0.593895579165239,0.538326199649144,-0.3623176994956663,-0.5904915890109954,-0.6002842158934129,-0.676689605557276,0.3437584707609508,0.09458547355113067,-3.15124512603989,0.6385449207798979,-2.9928690846690134,0.9017023752751359,1.025801580300908,0.11706842487190282,-1.0101527044902618,-2.7244744013188487,-3.517967930273483,0.5615365130328861,-0.23043103883969482,-0.5124735706470993,0.09278147358654489,-0.4990151685127863,-0.1786932105911056,-0.2785499975229472,-1.405891459100186,-0.38801883791965935,-1.4375735050459004,0.5820271158051988,0.4778121814672498,-1.3527860537993877,-0.8319175256983076,-0.1241752414374638,-0.2525811566237923,0.7386810762451863,-1.311258855335965,-0.70701660850631,1.2826870248273243,-0.7347989744024279,-0.6969821243260448,-36.84136148790465,-0.9906447048193354,-1.9626449017780436,-2.744217064536972,-0.4796438577342224,-2.175856698454634,-1.1219048181587847,-1.0085876918766286,-1.7584034215348983,-1.7532840642139702,0.2985849920970675,-0.6282576138469093,-1.7574628024992203,-2.371216942067315,-6.027040443248343,-1.7060527596750084,-36.84136148790465,-4.066684563079441,-2.2456620168635313,-2.1619260273250993
-0.9344638151250021,-0.23435699659907835,-0.6125381041039052,-2.2182733828997465,-0.13642753419762696,-3.609467547102942,0.025868613559615977,-3.222703196956114,-0.8953225515462989,-3.5438504794466765,-0.38687386479773794,-0.2769233869080867,-0.5896563740451897,-3.3790916274303733,-0.8878832334023373,-0.8064106354240222,0.8822774474398665,-0.31163817777306985,-0.7981575774727889,-1.5518003965883078,0.06605900543643886,-2.8302353277313883,-4.74834408635456,-2.2052078423343247,0.9750250465754048,-1.0321035585955902,-5.163592768502815,-1.6041921746088652,-5.511592563469239,-2.4402165960745723,-2.7508544648219195,-4.142390490575803,-1.1685941199578704,-2.3429423280015866,-1.4530108031711355,0.13115270620866729,-2.122761145553227,0.7013155339103799,-2.7438900659753416,-4.2079757204583865,-0.559036481799988,-4.1654323618817335,-2.397988526354188,0.5356505636610633,-3.3060975272223097,-0.644523940028182,0.8235382484283946,-1.863548205578095,0.11496129420120875,-0.7645182773165663,-1.122881899282976,-6.515984342746038,-0.10233254614689116,0.09490926348905328,0.5717785059965537,0.5134907809219628,0.013971858929381582,-2.7525717808450167,-0.8608510874036431,-0.10207863292140296,1.1917699732953595,0.1525505612114737,-0.1999849674269605,0.5958489978946507,-1.021022656827647,-0.4322960145672109,-1.494006242807187,0.9845346401945934,-0.668332867235844,-0.32056740742258605,0.9853907868220484,0.2479711054985565,0.46158171598595127,0.6551948516120275,0.17075786562405154,-0.6003815876212484,-0.5069076264356325,-2.0224338500721393,0.4907237166761721,-1.0953420605510573,-3.7754307976606767,0.374028994448746,-3.4513871449345763,0.6855905746258597,1.46313236208497,0.144326291824173,-0.6469256338699142,-2.410765764919545,-2.910587747516853,0.36177623450202584,-0.7384037617695732,-0.1140094549922314,-0.20197075059216982,-0.7485923699350497,0.18589889755645397,-1.8410392613653228,-0.5743003208789885,-0.28040218746959733,-1.5909669490075429,0.5545816861352766,0.7637123877794216,-1.1496285236428205,-1.4514328563899532,-0.3870514504848283,-0.07481515478141254,1.0260411676372259,-1.1212758616304996,-0.5220019598516314,1.2953067567134275,-0.5687316897089434,-0.5315011973488312,-3.581312542427726,-0.6509754660169987,-1.0837278415661928,-2.5811674417348125,-0.13772860898814152,-1.7945541258452424,-1.414549927336611,-0.3774873091805227,-1.3029861903036106,-1.374193619125713,0.2980989945056353,-0.7282117577198967,-1.3983842849287587,-1.1565235990002742,-4.846214801190509,0.4135795330818427,-3.581312542427726,-3.5833617210791626,-2.4644438742065455,-2.3212904191849892
-0.8570911324172913,-0.8481630218225822,-0.4431252224504442,-2.3122079597193674,-0.3458291712872598,-3.3124034116868333,0.5633917234107427,-2.0828581808519733,-1.1494911878448737,-2.111731876947041,-0.5170365725987064,-0.03387652402885197,-0.4378862137005985,-2.527883646721509,-0.6294391441167031,-0.7459994766859736,0.6861432805587431,-0.24221452100776614,-0.8506672910029917,-1.5365174265809987,-0.9203612161179107,-2.4064700618198267,-3.996034859632057,-1.882978836798476,1.134979440742526,-1.0441945989115935,-4.2295182384858325,-2.114116642727067,-4.9220115391374275,-2.9758636621236407,-2.9477363831671646,-2.280142491613456,-1.0233062164575193,-2.3827808909971524,-1.4454128061058997,-0.11340404302444673,-1.5704844911119338,0.6529707444177805,-1.7999407463201473,-4.826981085465539,-0.4084034612089162,-5.347409803706761,-1.8516469158300122,0.8106029016824078,-2.5006236660266414,-1.0191966287101892,0.5536805817982018,-2.251506271835232,0.3216002112285575,-0.3411147433086824,-0.9800769961815502,-4.17454865421349,0.18531443909371123,0.3137503570272006,0.6078647645273773,0.9318572524530496,-0.10342433560466469,-2.467241652752043,-1.165073383503356,0.04250670458445214,1.0082061346698907,-0.2619381805172049,0.06882934437646081,0.3425467385100728,-0.9225989246426346,0.3655291752090903,-1.286801171003255,0.8925458281942504,-0.7714177876156187,-0.3104958314881026,1.079818544299078,0.02964307518771194,1.213097720524566,0.5902017319728459,0.28548299338965283,-0.6403435113706284,-0.2160341335209391,-2.2928657774995633,0.6760694198827071,0.1475956708021786,-3.3737991081852017,0.6844980351371052,-2.7854045638007947,0.8444423267966467,1.2607642986513732,-0.477777743494576,-0.41732729281749087,-3.039653421229271,-2.3878600299975377,-0.47863491198439223,0.024139926432633515,-0.2807235079243563,-0.05437074174557932,-0.11015160373550711,0.5613264837005261,-1.5325001943292194,0.3278486955066404,0.17348203066222317,-1.584435735652495,0.5825405202060712,0.8503341921073551,-0.8275234075662478,-1.161104012766409,-0.21506826927903955,-0.24386355608371912,0.8801209049093796,-0.6768148343070074,-0.5565379615568602,1.1407699305221484,-0.3845811313054264,0.3677740729476274,-3.310595628517458,0.11105932674126046,-0.5326847463204014,-1.4045936992005956,0.10613086713742766,-0.9481377409433139,-3.2338592613942234,-0.5874851316116757,-1.0918197756860626,-2.0475298858314788,0.44324656085224345,-0.7956291580115074,-1.055151099928576,-0.5283663436982057,-2.7825512713136793,1.6609840513022132,-3.310595628517458,-2.300294632247279,-1.2745758180941833,-2.705696867572
-1.4762777853467064,-1.1327508810979026,-0.608301080883101,-2.7337480075705627,-0.03220350946761207,-3.5491330227125504,0.40289004347406426,-2.0550770697181666,-1.2070659619778312,-2.0634979581080932,-0.4547611235445978,0.18643393833528715,-0.5780161599751724,-3.3679607210839215,-0.6311229614308654,-0.8099286509438962,0.7308736400023136,-0.8443281344418752,-1.3148581765442753,-2.1127252144784947,-1.221805980634848,-3.661221575686416,-6.975326142213964,-1.9508402520231285,1.0161726584029027,-1.0614940536553248,-4.801274494598807,-1.8735735290491093,-5.379798336342719,-2.3403414908558546,-2.3956070551649757,-3.365410928967542,-1.4010895222688964,-2.3502219675142655,-1.6271388903168766,-0.5367706842605621,-1.8535167277227296,0.4821988121523373,-2.7100971918476797,-3.511434181679762,-0.2593588505256516,-4.959009069998981,-1.8040463141952496,0.7824947129731007,-3.9628436708307038,-0.6222539050546617,0.6348737708596994,-2.224223412700431,0.5253676911661611,-0.08070557540304045,-0.9499263130040405,-5.467684361243315,-0.24745898278610143,0.50372059579588,0.3294812478364317,0.6818928722384079,0.15649532643361455,-2.33867123524094,-0.8377320067371529,0.08004373236892778,0.9434227189324033,-0.6420905401083848,-0.06131450945263829,0.3825437567889079,-0.9636395333038951,0.21366155841815898,-1.5003556979118433,0.6069976509477708,-0.8333434957548426,-0.23356198362712122,0.5048410295809517,-0.11282444898566535,1.1861596922360131,0.38673264693149323,-0.167373072202805,-0.6948905979568298,-0.47170513273932485,-2.6999207965946583,0.5353785339988916,0.1944375941170976,-3.3931069362971367,0.8380365029122442,-2.483421930603997,0.9740262213596892,1.1610770218707673,-0.4988835343081193,-0.6441859574699391,-3.079338132554544,-2.894763775352145,0.06073698081547534,0.15107242334394377,-0.4626013619378035,0.2751092610964093,-0.2663961766680942,0.2803010484215998,-0.5720569014933723,-0.1112213954375732,0.0622154012526382,-2.2300202879157096,0.6431945172564176,0.41645373494213095,-1.198926022502804,-1.108585855233103,-0.20409010740733385,-0.6702442683031232,0.7403736762192511,-1.1179473544842977,-0.7253403264476594,1.2943775632324073,-0.5112646246922922,-0.4694978211490857,-11.552040234018921,-0.7307740509104373,-1.3251546455881544,-2.2437337847399847,-0.10351007825562793,-1.1884141549515133,-2.047583530914485,-0.7262898633327229,-1.2332891335861789,-1.4394432679674325,0.5426089451106184,-0.4802225824848738,-1.3580672208005702,-1.5452504972394259,-2.8204142316816294,0.1756082777942284,-11.552040234018921,-2.9571056496756807,-1.9420647120009957,-3.0551398588070695
-1.7896938105971782,-0.7642717748379428,-0.509204366888664,-1.4707601765802143,0.13300522021953248,-3.7446634708738826,-0.11845735064387306,-0.9641016223991958,-0.9202158121473123,-1.7192156153049811,-0.516345879991554,-0.3100884221175672,-0.2911198512425306,-1.574695994058417,-1.3178320393813703,-0.7663272234143567,0.6012023555449191,-0.7178934637910531,-1.0778849534933532,-1.2935218008679366,-0.13046593344201166,-3.6140077042665,-5.840607965412202,-2.39841793892612,0.6683659467460145,-0.4896524809297981,-4.243467699425322,-2.905987123355038,-4.191995831817954,-3.345485772816349,-2.920881356370053,-3.0297898696660854,-0.9841767123200187,-2.2761886318956837,-1.7092746899114326,-1.6155225822306658,-1.6859797441990076,0.2943880853567209,-1.679052658723033,-3.753385616012314,-0.7499688567562203,-4.5442836863990435,-1.7887304022741046,0.655508266758537,-2.4987158152590956,-0.4195498449056132,0.6534413680322384,-1.778540817617308,-0.37022214802452147,-0.5166497437174633,0.1838971730768705,-6.010888133106223,-0.47500922715669125,0.7808564542716387,0.9453487186371413,-0.6819304718046656,-0.32003325440100283,-2.3796991672804415,-0.4724261233330895,-0.48348699007303475,1.3317793223541528,-0.28583577438411045,-1.416242771041462,0.9622065242228421,-0.5221713785226522,0.3496764563945414,-1.3052518170110028,0.5584870463074303,-0.7697191017145087,-0.4547634231952472,1.0479057706303945,0.8671944324286442,-0.0025631631979678745,0.5197154330124777,0.062452428380170205,-0.7217587871358083,-0.3746898444260896,-0.37338534850872085,0.2151067358861255,0.73614094791447,-2.677495528760202,0.8605454622640631,-1.9765511391013029,1.2443328695503468,0.5300932739699447,0.6034819111859431,-0.36375012216691843,-2.0893837397833366,-3.209163985727106,0.8835521442634151,0.2428450176376921,-0.429337570323665,0.3021540451650145,-0.43657170926783295,0.5102163031642158,-2.0323058811316215,-1.6560155218543446,-0.46507722897185155,-1.468148557645675,0.5565502141156087,0.5065242075768958,-0.887961897659328,-0.7482084019170154,0.26127417559334415,-0.5093718885497601,0.45431354330983326,-1.1689363550918836,0.00913047891591531,1.5433641402730414,-1.0078918091726792,-0.31185076578277054,-4.368590222584119,-0.08600889136407605,-1.4237662503693305,-1.016249383928465,-1.0611900275124744,-0.44692329780922835,-2.6484287022773807,0.6636008449673836,0.05588698906332839,0.32427814727441473,0.7805608098904517,-0.25764623541053416,-0.4267450371317921,0.4005633203664838,-3.809329795588344,-0.6541732923119551,-4.368590222584119,-3.3214452034226642,-2.026705816645671,-2.005455314020797
-1.3506277966567026,-0.201689601740138,-0.6325803083409335,-1.6846523299933753,0.3637514941018797,-4.388779122455015,-0.2603449008961836,-1.108964799802105,-0.5602206862516514,-0.7238878340000954,-0.45136730257254376,-0.23249712641371836,-0.5673258141299662,-2.443940473860724,-1.3592750370256372,-1.279163960929925,0.7873087612737689,-0.5772922273829225,-0.6202457790000391,-0.9745212636466913,0.6006148503841542,-2.770542416599479,-5.032133798371463,-2.7845733033157636,0.6024334319247762,-0.536794846886043,-4.774582491114922,-1.8877469780990264,-5.3441925850085905,-2.521901151944883,-4.089682320157921,-2.9133640121824578,-0.7495869147812437,-1.6644138031469022,-1.5505587377683998,-1.2962037478874562,-1.878854090961794,0.2473286773084625,-1.580954781266887,-4.200123438324782,-0.8617550267631978,-4.183427524433547,-2.348762848215501,0.5011108422763181,-3.124084250037364,-0.268903877923495,0.773722340305791,-1.67508054070836,-0.2085011032721121,-0.6098086247800892,-0.24823598658151733,-16.804569255415487,-0.2001421208014024,0.6879364436624805,0.8396070752806091,-0.5433671872351332,-0.3743420052843821,-2.3294466880088494,-0.4935372182900785,-0.36250956072746077,1.3909977609628066,-0.10152642048003879,-0.9618370884496802,0.9419438853827088,-0.8532266255084754,-0.1419982422138457,-1.542679146186022,0.6024692155046585,-0.9326299161023565,-0.36235767182672746,0.9890527968416731,0.763521888218149,-0.649253528084966,0.696612725325427,0.11808966603428064,-0.7320864114744545,-0.26732096080951395,-0.46980049733541246,0.369426688756612,0.1902996296030534,-2.69600102797632,0.6091806563774808,-2.1411079202517316,1.1029598132811815,0.9221058350661832,0.618340973326345,-0.6128796609716074,-2.1592243520603085,-3.4824877922050774,0.925909746140591,-0.0924251865928143,-0.3823240894363379,0.11366816092340025,-0.6349270627313879,0.3310111477794561,-1.7861686839764241,-2.2530087953270668,-1.600331748851553,-1.2203732745056572,0.3952957797341088,0.8553246603284134,-1.194662836211299,-0.9554124742528126,0.36363206045477076,-0.20780374641472124,0.5870801527257042,-1.3249504077176717,-0.056209654247568804,1.4834574352069845,-1.108159358160606,-0.45302476789997576,-2.442821512619338,-0.2896980966659143,-1.243037367009444,-0.9816887315226156,-0.7261215114001878,-1.0639010215073335,-2.1743654697870523,0.5253002913243427,-0.33207962056395796,-0.8635931105403417,0.5882835238107275,-0.4774565349991987,-0.5190872751530674,-1.4632990835120478,-3.2360468476694892,-0.6556072604793435,-2.442821512619338,-3.3290659772621813,-1.9631394803147129,-1.3635197473503444
-1.3506277966567026,-0.201689601740138,-0.6325803083409335,-1.6846523299933753,0.3637514941018797,-4.388779122455015,-0.2603449008961836,-1.108964799802105,-0.5602206862516514,-0.7238878340000954,-0.45136730257254376,-0.23249712641371836,-0.5673258141299662,-2.443940473860724,-1.3592750370256372,-1.279163960929925,0.7873087612737689,-0.5772922273829225,-0.6202457790000391,-0.9745212636466913,0.6006148503841542,-2.770542416599479,-5.032133798371463,-2.7845733033157636,0.6024334319247762,-0.536794846886043,-4.774582491114922,-1.8877469780990264,-5.3441925850085905,-2.521901151944883,-4.089682320157921,-2.9133640121824578,-0.7495869147812437,-1.6644138031469022,-1.5505587377683998,-1.2962037478874562,-1.878854090961794,0.2473286773084625,-1.580954781266887,-4.200123438324782,-0.8617550267631978,-4.183427524433547,-2.348762848215501,0.5011108422763181,-3.124084250037364,-0.268903877923495,0.773722340305791,-1.67508054070836,-0.2085011032721121,-0.6098086247800892,-0.24823598658151733,-16.804569255415487,-0.2001421208014024,0.6879364436624805,0.8396070752806091,-0.5433671872351332,-0.3743420052843821,-2.3294466880088494,-0.4935372182900785,-0.36250956072746077,1.3909977609628066,-0.10152642048003879,-0.9618370884496802,0.9419438853827088,-0.8532266255084754,-0.1419982422138457,-1.542679146186022,0.6024692155046585,-0.9326299161023565,-0.36235767182672746,0.9890527968416731,0.763521888218149,-0.649253528084966,0.696612725325427,0.11808966603428064,-0.7320864114744545,-0.26732096080951395,-0.46980049733541246,0.369426688756612,0.1902996296030534,-2.69600102797632,0.6091806563774808,-2.1411079202517316,1.1029598132811815,0.9221058350661832,0.618340973326345,-0.6128796609716074,-2.1592243520603085,-3.4824877922050774,0.925909746140591,-0.0924251865928143,-0.3823240894363379,0.11366816092340025,-0.6349270627313879,0.3310111477794561,-1.7861686839764241,-2.2530087953270668,-1.600331748851553,-1.2203732745056572,0.3952957797341088,0.8553246603284134,-1.194662836211299,-0.9554124742528126,0.36363206045477076,-0.20780374641472124,0.5870801527257042,-1.3249504077176717,-0.056209654247568804,1.4834574352069845,-1.108159358160606,-0.45302476789997576,-2.442821512619338,-0.2896980966659143,-1.243037367009444,-0.9816887315226156,-0.7261215114001878,-1.0639010215073335,-2.1743654697870523,0.5253002913243427,-0.33207962056395796,-0.8635931105403417,0.5882835238107275,-0.4774565349991987,-0.5190872751530674,-1.4632990835120478,-3.2360468476694892,-0.6556072604793435,-2.442821512619338,-3.3290659772621813,-1.9631394803147129,-1.3635197473503444
-1.3870183882063554,-0.13117337389643868,-0.5090083147760268,-1.2259018715304602,0.34197428292585935,-3.4502916173877973,0.30945013700692925,-2.18448949627767,-0.7164113506957911,-2.117750778570306,-0.38325656083932813,-0.1815521674520296,-0.8154641038730783,-2.803464323948145,-0.9432642937290152,-1.4919090823525238,0.8813063589576432,-0.37066120156852456,-0.780770416406764,-1.3437656114709626,0.25200292806177144,-2.9852772423737353,-6.821777573572704,-2.4481092063996153,0.8809887094079367,-0.9248404811512032,-4.751092261980758,-1.5906066916157202,-5.200846935340508,-2.2273265525813613,-4.225930302266424,-4.6695481907178165,-1.201009020239753,-1.3157150138183327,-1.2171958161909615,-0.7927924452237312,-2.026565870761915,0.540979351302711,-2.8576779279524414,-2.596548312624377,-0.5310077553155066,-5.204550818012806,-2.32192525539242,0.6259269549592276,-3.5600485919513414,-0.49364681954202305,0.9447062379788287,-1.6855686889387045,-0.10353661700219245,-1.3237857772449173,-0.6711373948100618,-36.84135463921925,-0.513436855491384,0.42664530772709175,0.41816843673833304,-0.3298715890403345,0.0717838676335866,-3.4019881368269047,-0.7013602898666275,0.10376580225946824,1.3479062550158964,0.06560132667541224,0.3365875701253694,0.3763922703559125,-0.18639335216260514,-1.178625431817656,-1.2747809498438312,0.6770229366947887,-0.5140966727097608,-0.28305841210040383,1.1481066031142573,0.6990415560589354,-0.4232605201596136,0.6359379098266861,0.039625290491129866,-0.4239001748421351,-1.0284738412726773,-0.9150047996234091,0.46057613970007044,-0.7639818650178866,-2.838841552234468,0.837107551990456,-3.144960521656249,0.9293106019212461,1.4718406456270432,-0.2561211361204393,-0.35038818126895377,-2.3784922763610563,-2.677147799487536,0.6072854888925012,-0.5507321729803891,-0.7935314587529806,0.20928022584427813,-0.5413688043081821,0.3519704271279613,-2.0899126462002298,-1.6453760796726953,-2.5424797608445675,-1.7017566163906355,0.4705673417987933,0.8051909614099267,-1.0986703921443766,-1.5788764130680881,-0.10331503447268325,-0.1595394793978242,0.7561426114555148,-1.4073090751193544,-0.44389382092372864,1.3269398119929303,-1.2709342341911847,-0.23587158875123704,-5.023246869610022,-0.1540794334318934,-1.9986236289114703,-1.6321911840428438,-0.46959532774815144,-1.441475483941461,-1.4205644590376385,0.48572371163620026,-0.6251552424990172,-1.238745167138361,0.48078666034391615,-0.8074139117485587,-0.9833465861506085,-3.275866239627212,-3.246487854553198,-0.29032338630720483,-5.023246869610022,-3.3746104878031895,-2.0535783381765387,-1.3065566608116757
-1.7696076821260847,-1.1495950935030028,-0.517834022401475,-1.5019063458796287,0.4245634099806795,-3.6616808519939665,0.32942673976174464,-1.3902755259791413,-0.7875068675313154,-0.599979147639719,-0.40094046670041195,-0.17779979270262855,-0.8884592946152213,-2.988300581943532,-0.7859994420791558,-1.0543091347132,0.7353824888620539,-0.6952339187956812,-1.3400174713171011,-1.832698215285995,-0.10057784916894875,-4.436157794415163,-5.787351095728914,-1.9699689150026558,0.9961375265466531,-0.7677409756104342,-6.6468899491957565,-2.015523101323288,-6.5667173516721675,-2.3011858347265437,-4.889649481300968,-5.625420940598731,-1.4509711719207485,-2.1349827772496037,-1.791425409923844,-1.8998630790495885,-1.8961997912436976,0.4097525056474,-2.7524408784477474,-2.426356484917699,-0.47503604055553333,-5.0533014456055945,-2.3821896815210066,0.6142071308727495,-4.086254785988782,-0.35259586342666943,0.7918539977219914,-2.0995749146554643,0.1184163474118424,-0.6065986473492568,-0.82918405382641,-36.84136131922903,-0.811607892310324,0.5707486208812234,0.16715688278299362,-0.5383244258571587,0.1567946270710243,-2.7714272036910717,-0.7489024146060668,0.19724984079285177,0.9997790208656556,-0.32920245128997877,0.44038775881091835,-0.08615534382737536,-0.10551836571392657,-0.8491048792877107,-1.263080256947711,0.649955210103216,-0.2149518962211891,-0.3026460911270626,0.7831422296936471,0.43601972854902565,0.5126847488335269,0.526810444125035,-0.28535446211648174,-0.5584403685135898,-1.3048670071587165,-0.9843358838886558,0.45565490132933,-0.06998748126814039,-3.219636688879321,0.8952409162683778,-2.6035818488374414,0.8034687205341103,1.1757122431826053,-1.248200979981636,-1.1263217321914072,-2.9799308174072108,-2.960429146790218,0.29163216085498483,-0.04086177282527482,-1.0240604757465366,0.16845716191364335,-0.4181909533843694,0.23333122959907085,-0.04871748084772802,-1.628172669452455,-0.6711888717087148,-1.7679760406923557,0.6734201081634543,0.4422960516998324,-1.3214497031982868,-1.530074319262641,0.08973905856981625,-0.16334133625838482,0.5756690079309315,-1.578077770352014,-0.9573083827159776,1.1948820872072305,-0.8858455366593376,-0.4729417879788034,-36.84136148789532,-0.5329683029785625,-3.1768794915691028,-2.0135078191654787,-0.43591026821212797,-1.8269382828094674,-1.2836547400687344,0.18800240744617336,-0.8514878786029292,-1.6605599120601042,0.4560298441754603,-0.8085868906437885,-1.2981839987348323,-4.142793877335288,-3.233189989030661,-1.2541682211470895,-36.84136148789532,-3.5842001684371345,-2.131081694536421,-1.5086726097424394
-2.055938311248869,-2.3503509023575964,-0.5759954520481924,-1.3445244301451909,0.6477419261604026,-3.6480175136888136,0.3769621371586648,-0.5143221921397914,-1.3235769054399695,0.38921244208388095,-0.5305301013595646,-0.14349746330288346,-0.7565817178938349,-2.055863200357038,-0.873477711291927,-0.47582457232229125,0.5526206216131536,-0.5009391198719733,-1.3542855140432943,-1.708175614559392,-0.4544921916574559,-4.807813284071372,-10.340379933908615,-1.7698815775251509,1.0571309825405821,-0.56744905661185,-6.252156281035805,-2.4378580758377812,-4.0627941638214695,-2.5075856917075243,-11.511617280350904,-4.053246448488117,-1.3659845031106717,-1.9574759307972458,-2.166832859050753,-3.443646504978452,-2.1842739382195564,0.1517369556141383,-2.198512292931886,-2.962367797887916,-0.7500894569355928,-5.6703264136304155,-2.1327640372641476,0.4846426604309786,-3.648497401700811,-0.5773264052554318,0.6744220519722737,-2.029263906050883,-0.07056614182357035,-0.9625289449994197,-0.4804350879989641,-36.84136106511344,-0.6118166382022685,0.6370044042903205,0.5002121243108688,-1.4254538902969172,-0.044144241878027,-3.148645858718399,-0.5617353191885344,0.25788128795212467,1.0016655530789138,-0.3167397270263478,0.4905979858479701,-0.04654055582622155,0.09989686884529293,-0.22428298888466333,-1.259945350604015,0.8257897965798654,-0.22006285861453986,-0.30075990530707974,1.079913112639748,0.5969753721545878,0.5424902120904654,0.70441301688249,-0.6598076174507874,-0.45854028380513834,-1.5383130143519452,-0.40980705069748535,0.4149837786214321,0.3306128508885441,-2.992322333486021,0.9510642327909942,-2.7333978966902484,0.8804550612206337,0.884999412457595,-1.706026328585272,-1.1899390362484998,-2.7850910390698758,-2.4751662165565333,0.14154071269608362,0.3345693029253751,-0.7185924998541697,0.5259694761942678,-0.3021945682010646,0.558257271652144,0.5112629617258885,-2.337587215198732,0.36189208732433614,-1.4254239567494797,0.9345450117089215,0.4045213885851715,-1.2092357398493343,-1.2406511710535983,0.5784289638501451,-0.24429398246747971,0.3127731725813818,-1.2608697040779395,-0.9722122837129368,1.2742305101685705,-0.9608700279162071,-0.056291220602603186,-36.841361487893685,-0.038774929926745076,-2.73927747956402,-0.9625008480953396,-0.7058014454272544,-0.9457559016462481,-0.40962828551583064,0.5421646055121397,-0.3245577705088438,-0.9885387705433568,0.7928475761937926,-0.6402455161924555,-0.7028908905971302,-3.1388293311851667,-0.607156956961453,-0.680460687596863,-36.841361487893685,-3.024938736438582,-1.02804227743233,-1.201702285447791
-2.055938311248869,-2.3503509023575964,-0.5759954520481924,-1.3445244301451909,0.6477419261604026,-3.6480175136888136,0.3769621371586648,-0.5143221921397914,-1.3235769054399695,0.38921244208388095,-0.5305301013595646,-0.14349746330288346,-0.7565817178938349,-2.055863200357038,-0.873477711291927,-0.47582457232229125,0.5526206216131536,-0.5009391198719733,-1.3542855140432943,-1.708175614559392,-0.4544921916574559,-4.807813284071372,-10.340379933908615,-1.7698815775251509,1.0571309825405821,-0.56744905661185,-6.252156281035805,-2.4378580758377812,-4.0627941638214695,-2.5075856917075243,-11.511617280350904,-4.053246448488117,-1.3659845031106717,-1.9574759307972458,-2.166832859050753,-3.443646504978452,-2.1842739382195564,0.1517369556141383,-2.198512292931886,-2.962367797887916,-0.7500894569355928,-5.6703264136304155,-2.1327640372641476,0.4846426604309786,-3.648497401700811,-0.5773264052554318,0.6744220519722737,-2.029263906050883,-0.07056614182357035,-0.9625289449994197,-0.4804350879989641,-36.84136106511344,-0.6118166382022685,0.6370044042903205,0.5002121243108688,-1.4254538902969172,-0.044144241878027,-3.148645858718399,-0.5617353191885344,0.25788128795212467,1.0016655530789138,-0.3167397270263478,0.4905979858479701,-0.04654055582622155,0.09989686884529293,-0.22428298888466333,-1.259945350604015,0.8257897965798654,-0.22006285861453986,-0.30075990530707974,1.079913112639748,0.5969753721545878,0.5424902120904654,0.70441301688249,-0.6598076174507874,-0.45854028380513834,-1.5383130143519452,-0.40980705069748535,0.4149837786214321,0.3306128508885441,-2.992322333486021,0.9510642327909942,-2.7333978966902484,0.8804550612206337,0.884999412457595,-1.706026328585272,-1.1899390362484998,-2.7850910390698758,-2.4751662165565333,0.14154071269608362,0.3345693029253751,-0.7185924998541697,0.5259694761942678,-0.3021945682010646,0.558257271652144,0.5112629617258885,-2.337587215198732,0.36189208732433614,-1.4254239567494797,0.9345450117089215,0.4045213885851715,-1.2092357398493343,-1.2406511710535983,0.5784289638501451,-0.24429398246747971,0.3127731725813818,-1.2608697040779395,-0.9722122837129368,1.2742305101685705,-0.9608700279162071,-0.056291220602603186,-36.841361487893685,-0.038774929926745076,-2.73927747956402,-0.9625008480953396,-0.7058014454272544,-0.9457559016462481,-0.40962828551583064,0.5421646055121397,-0.3245577705088438,-0.9885387705433568,0.7928475761937926,-0.6402455161924555,-0.7028908905971302,-3.1388293311851667,-0.607156956961453,-0.680460687596863,-36.841361487893685,-3.024938736438582,-1.02804227743233,-1.201702285447791
-2.055938311248869,-2.3503509023575964,-0.5759954520481924,-1.3445244301451909,0.6477419261604026,-3.6480175136888136,0.3769621371586648,-0.5143221921397914,-1.3235769054399695,0.38921244208388095,-0.5305301013595646,-0.14349746330288346,-0.7565817178938349,-2.055863200357038,-0.873477711291927,-0.47582457232229125,0.5526206216131536,-0.5009391198719733,-1.3542855140432943,-1.708175614559392,-0.4544921916574559,-4.807813284071372,-10.340379933908615,-1.7698815775251509,1.0571309825405821,-0.56744905661185,-6.252156281035805,-2.4378580758377812,-4.0627941638214695,-2.5075856917075243,-11.511617280350904,-4.053246448488117,-1.3659845031106717,-1.9574759307972458,-2.166832859050753,-3.443646504978452,-2.1842739382195564,0.1517369556141383,-2.198512292931886,-2.962367797887916,-0.7500894569355928,-5.6703264136304155,-2.1327640372641476,0.4846426604309786,-3.648497401700811,-0.5773264052554318,0.6744220519722737,-2.029263906050883,-0.07056614182357035,-0.9625289449994197,-0.4804350879989641,-36.84136106511344,-0.6118166382022685,0.6370044042903205,0.5002121243108688,-1.4254538902969172,-0.044144241878027,-3.148645858718399,-0.5617353191885344,0.25788128795212467,1.0016655530789138,-0.3167397270263478,0.4905979858479701,-0.04654055582622155,0.09989686884529293,-0.22428298888466333,-1.259945350604015,0.8257897965798654,-0.22006285861453986,-0.30075990530707974,1.079913112639748,0.5969753721545878,0.5424902120904654,0.70441301688249,-0.6598076174507874,-0.45854028380513834,-1.5383130143519452,-0.40980705069748535,0.4149837786214321,0.3306128508885441,-2.992322333486021,0.9510642327909942,-2.7333978966902484,0.8804550612206337,0.884999412457595,-1.706026328585272,-1.1899390362484998,-2.7850910390698758,-2.4751662165565333,0.14154071269608362,0.3345693029253751,-0.7185924998541697,0.5259694761942678,-0.3021945682010646,0.558257271652144,0.5112629617258885,-2.337587215198732,0.36189208732433614,-1.4254239567494797,0.9345450117089215,0.4045213885851715,-1.2092357398493343,-1.2406511710535983,0.5784289638501451,-0.24429398246747971,0.3127731725813818,-1.2608697040779395,-0.9722122837129368,1.2742305101685705,-0.9608700279162071,-0.056291220602603186,-36.841361487893685,-0.038774929926745076,-2.73927747956402,-0.9625008480953396,-0.7058014454272544,-0.9457559016462481,-0.40962828551583064,0.5421646055121397,-0.3245577705088438,-0.9885387705433568,0.7928475761937926,-0.6402455161924555,-0.7028908905971302,-3.1388293311851667,-0.607156956961453,-0.680460687596863,-36.841361487893685,-3.024938736438582,-1.02804227743233,-1.201702285447791
-2.055938311248869,-2.3503509023575964,-0.5759954520481924,-1.3445244301451909,0.6477419261604026,-3.6480175136888136,0.3769621371586648,-0.5143221921397914,-1.3235769054399695,0.38921244208388095,-0.5305301013595646,-0.14349746330288346,-0.7565817178938349,-2.055863200357038,-0.873477711291927,-0.47582457232229125,0.5526206216131536,-0.5009391198719733,-1.3542855140432943,-1.708175614559392,-0.4544921916574559,-4.807813284071372,-10.340379933908615,-1.7698815775251509,1.0571309825405821,-0.56744905661185,-6.252156281035805,-2.4378580758377812,-4.0627941638214695,-2.5075856917075243,-11.511617280350904,-4.053246448488117,-1.3659845031106717,-1.9574759307972458,-2.166832859050753,-3.443646504978452,-2.1842739382195564,0.1517369556141383,-2.198512292931886,-2.962367797887916,-0.7500894569355928,-5.6703264136304155,-2.1327640372641476,0.4846426604309786,-3.648497401700811,-0.5773264052554318,0.6744220519722737,-2.029263906050883,-0.07056614182357035,-0.9625289449994197,-0.4804350879989641,-36.84136106511344,-0.6118166382022685,0.6370044042903205,0.5002121243108688,-1.4254538902969172,-0.044144241878027,-3.148645858718399,-0.5617353191885344,0.25788128795212467,1.0016655530789138,-0.3167397270263478,0.4905979858479701,-0.04654055582622155,0.09989686884529293,-0.22428298888466333,-1.259945350604015,0.8257897965798654,-0.22006285861453986,-0.30075990530707974,1.079913112639748,0.5969753721545878,0.5424902120904654,0.70441301688249,-0.6598076174507874,-0.45854028380513834,-1.5383130143519452,-0.40980705069748535,0.4149837786214321,0.3306128508885441,-2.992322333486021,0.9510642327909942,-2.7333978966902484,0.8804550612206337,0.884999412457595,-1.706026328585272,-1.1899390362484998,-2.7850910390698758,-2.4751662165565333,0.14154071269608362,0.3345693029253751,-0.7185924998541697,0.5259694761942678,-0.3021945682010646,0.558257271652144,0.5112629617258885,-2.337587215198732,0.36189208732433614,-1.4254239567494797,0.9345450117089215,0.4045213885851715,-1.2092357398493343,-1.2406511710535983,0.5784289638501451,-0.24429398246747971,0.3127731725813818,-1.2608697040779395,-0.9722122837129368,1.2742305101685705,-0.9608700279162071,-0.056291220602603186,-36.841361487893685,-0.038774929926745076,-2.73927747956402,-0.9625008480953396,-0.7058014454272544,-0.9457559016462481,-0.40962828551583064,0.5421646055121397,-0.3245577705088438,-0.9885387705433568,0.7928475761937926,-0.6402455161924555,-0.7028908905971302,-3.1388293311851667,-0.607156956961453,-0.680460687596863,-36.841361487893685,-3.024938736438582,-1.02804227743233,-1.201702285447791
-3.1273894630604095,-3.347022934253266,-0.576311699181129,-1.6697937178068483,0.8514435620578839,-4.115308005994,0.41895126082172673,-0.5455518025588895,-1.4489021470846177,0.21657037349643124,-0.6779553799305269,-0.2667027215284361,-0.3499647325668007,-2.70350943620037,-1.125518742062318,-0.29485508923073783,0.40945067447600797,-0.48666918177954954,-1.582886887561041,-1.9741626724085162,-0.4438237933203534,-4.137309809409607,-6.987524020548552,-2.635235005704805,0.9770221684177529,-0.5381673583954104,-3.9316860220449885,-3.4530537370574543,-7.100554374450685,-3.3617493458799284,-6.695998061698696,-4.823117938599864,-0.9664981408600798,-2.4195275098431024,-4.177228687641604,-3.105169637473819,-3.94719313820821,0.006292741195997233,-3.5718527618167064,-3.7464175225475813,-0.9196554804276371,-4.168975354306845,-2.108792706151783,0.4793758143847954,-3.4350824642624724,-0.8654185142101823,0.5712900898015796,-1.4820795449352067,-0.3775995117679736,-0.7824119510789546,-0.2893510126566133,-7.30519350836768,-0.3953682012324652,0.7215353417040686,0.900551547861255,-1.287466352394768,-0.20667648006170258,-3.9132540198503785,-0.7777167165429494,-0.5507768991480712,1.2050604142091845,-0.3623581935914655,-0.46399719322684757,0.6583431632608981,-1.0107314181040181,0.46225469457349466,-2.3755539344802985,0.8446073657961978,-0.3339649594250236,-1.2379058623463264,0.9027063195832208,0.4857351970579936,-0.31257822064978646,0.41928017195271333,-0.8109756054850056,-1.029908755225099,-1.050928185539282,-0.5271630072191176,-0.016705410560623916,0.7939908675589744,-2.661208548788897,0.5742317918313913,-2.3380278387693108,0.8920568266137653,0.5608356985712571,0.504891079349185,-1.3310166543421225,-2.439115504466739,-3.629191666317221,0.6808965579165265,-0.17620429705102955,-1.0012169016187193,0.2149323448923904,-0.9584236632159281,-0.1724008801087316,0.2535361300136422,-3.4433809580314234,0.4516222639938499,-0.9768231408709558,0.8261732923354947,0.22320000404949056,-1.640410423112173,-1.7615969569871388,0.7201310129280017,-0.037159384518088936,0.624971077303854,-1.2209254546891692,-1.0932210996423195,1.2090114423711114,-1.1807616453629446,-0.7456080024749698,-6.547149268982233,-1.5548909468405578,-3.754632920306429,-1.9183037873424917,-1.5262993291441698,-1.8019208324302167,-0.7734981029333335,0.06685287053744213,-1.380070098122491,-1.7189313566865592,0.48896922630446693,-1.1610227118653416,-0.6128428234205605,-2.857267946241255,-0.8658234051087551,-0.49960917756165407,-6.547149268982233,-3.255526187394843,-2.054351441798045,-1.172123491012319
-3.1273894630604095,-3.347022934253266,-0.576311699181129,-1.6697937178068483,0.8514435620578839,-4.115308005994,0.41895126082172673,-0.5455518025588895,-1.4489021470846177,0.21657037349643124,-0.6779553799305269,-0.2667027215284361,-0.3499647325668007,-2.70350943620037,-1.125518742062318,-0.29485508923073783,0.40945067447600797,-0.48666918177954954,-1.582886887561041,-1.9741626724085162,-0.4438237933203534,-4.137309809409607,-6.987524020548552,-2.635235005704805,0.9770221684177529,-0.5381673583954104,-3.9316860220449885,-3.4530537370574543,-7.100554374450685,-3.3617493458799284,-6.695998061698696,-4.823117938599864,-0.9664981408600798,-2.4195275098431024,-4.177228687641604,-3.105169637473819,-3.94719313820821,0.006292741195997233,-3.5718527618167064,-3.7464175225475813,-0.9196554804276371,-4.168975354306845,-2.108792706151783,0.4793758143847954,-3.4350824642624724,-0.8654185142101823,0.5712900898015796,-1.4820795449352067,-0.3775995117679736,-0.7824119510789546,-0.2893510126566133,-7.30519350836768,-0.3953682012324652,0.7215353417040686,0.900551547861255,-1.287466352394768,-0.20667648006170258,-3.9132540198503785,-0.7777167165429494,-0.5507768991480712,1.2050604142091845,-0.3623581935914655,-0.46399719322684757,0.6583431632608981,-1.0107314181040181,0.46225469457349466,-2.3755539344802985,0.8446073657961978,-0.3339649594250236,-1.2379058623463264,0.9027063195832208,0.4857351970579936,-0.31257822064978646,0.41928017195271333,-0.8109756054850056,-1.029908755225099,-1.050928185539282,-0.5271630072191176,-0.016705410560623916,0.7939908675589744,-2.661208548788897,0.5742317918313913,-2.3380278387693108,0.8920568266137653,0.5608356985712571,0.504891079349185,-1.3310166543421225,-2.439115504466739,-3.629191666317221,0.6808965579165265,-0.17620429705102955,-1.0012169016187193,0.2149323448923904,-0.9584236632159281,-0.1724008801087316,0.2535361300136422,-3.4433809580314234,0.4516222639938499,-0.9768231408709558,0.8261732923354947,0.22320000404949056,-1.640410423112173,-1.7615969569871388,0.7201310129280017,-0.037159384518088936,0.624971077303854,-1.2209254546891692,-1.0932210996423195,1.2090114423711114,-1.1807616453629446,-0.7456080024749698,-6.547149268982233,-1.5548909468405578,-3.754632920306429,-1.9183037873424917,-1.5262993291441698,-1.8019208324302167,-0.7734981029333335,0.06685287053744213,-1.380070098122491,-1.7189313566865592,0.48896922630446693,-1.1610227118653416,-0.6128428234205605,-2.857267946241255,-0.8658234051087551,-0.49960917756165407,-6.547149268982233,-3.255526187394843,-2.054351441798045,-1.172123491012319
-3.1273894630604095,-3.347022934253266,-0.576311699181129,-1.6697937178068483,0.8514435620578839,-4.115308005994,0.41895126082172673,-0.5455518025588895,-1.4489021470846177,0.21657037349643124,-0.6779553799305269,-0.2667027215284361,-0.3499647325668007,-2.70350943620037,-1.125518742062318,-0.29485508923073783,0.40945067447600797,-0.48666918177954954,-1.582886887561041,-1.9741626724085162,-0.4438237933203534,-4.137309809409607,-6.987524020548552,-2.635235005704805,0.9770221684177529,-0.5381673583954104,-3.9316860220449885,-3.4530537370574543,-7.100554374450685,-3.3617493458799284,-6.695998061698696,-4.823117938599864,-0.9664981408600798,-2.4195275098431024,-4.177228687641604,-3.105169637473819,-3.94719313820821,0.006292741195997233,-3.5718527618167064,-3.7464175225475813,-0.9196554804276371,-4.168975354306845,-2.108792706151783,0.4793758143847954,-3.4350824642624724,-0.8654185142101823,0.5712900898015796,-1.4820795449352067,-0.3775995117679736,-0.7824119510789546,-0.2893510126566133,-7.30519350836768,-0.3953682012324652,0.7215353417040686,0.900551547861255,-1.287466352394768,-0.20667648006170258,-3.9132540198503785,-0.7777167165429494,-0.5507768991480712,1.2050604142091845,-0.3623581935914655,-0.46399719322684757,0.6583431632608981,-1.0107314181040181,0.46225469457349466,-2.3755539344802985,0.8446073657961978,-0.3339649594250236,-1.2379058623463264,0.9027063195832208,0.4857351970579936,-0.31257822064978646,0.41928017195271333,-0.8109756054850056,-1.029908755225099,-1.050928185539282,-0.5271630072191176,-0.016705410560623916,0.7939908675589744,-2.661208548788897,0.5742317918313913,-2.3380278387693108,0.8920568266137653,0.5608356985712571,0.504891079349185,-1.3310166543421225,-2.439115504466739,-3.629191666317221,0.6808965579165265,-0.17620429705102955,-1.0012169016187193,0.2149323448923904,-0.9584236632159281,-0.1724008801087316,0.2535361300136422,-3.4433809580314234,0.4516222639938499,-0.9768231408709558,0.8261732923354947,0.22320000404949056,-1.640410423112173,-1.7615969569871388,0.7201310129280017,-0.037159384518088936,0.624971077303854,-1.2209254546891692,-1.0932210996423195,1.2090114423711114,-1.1807616453629446,-0.7456080024749698,-6.547149268982233,-1.5548909468405578,-3.754632920306429,-1.9183037873424917,-1.5262993291441698,-1.8019208324302167,-0.7734981029333335,0.06685287053744213,-1.380070098122491,-1.7189313566865592,0.48896922630446693,-1.1610227118653416,-0.6128428234205605,-2.857267946241255,-0.8658234051087551,-0.49960917756165407,-6.547149268982233,-3.255526187394843,-2.054351441798045,-1.172123491012319
-3.1273894630604095,-3.347022934253266,-0.576311699181129,-1.6697937178068483,0.8514435620578839,-4.115308005994,0.41895126082172673,-0.5455518025588895,-1.4489021470846177,0.21657037349643124,-0.6779553799305269,-0.2667027215284361,-0.3499647325668007,-2.70350943620037,-1.125518742062318,-0.29485508923073783,0.40945067447600797,-0.48666918177954954,-1.582886887561041,-1.9741626724085162,-0.4438237933203534,-4.137309809409607,-6.987524020548552,-2.635235005704805,0.9770221684177529,-0.5381673583954104,-3.9316860220449885,-3.4530537370574543,-7.100554374450685,-3.3617493458799284,-6.695998061698696,-4.823117938599864,-0.9664981408600798,-2.4195275098431024,-4.177228687641604,-3.105169637473819,-3.94719313820821,0.006292741195997233,-3.5718527618167064,-3.7464175225475813,-0.9196554804276371,-4.168975354306845,-2.108792706151783,0.4793758143847954,-3.4350824642624724,-0.8654185142101823,0.5712900898015796,-1.4820795449352067,-0.3775995117679736,-0.7824119510789546,-0.2893510126566133,-7.30519350836768,-0.3953682012324652,0.7215353417040686,0.900551547861255,-1.287466352394768,-0.20667648006170258,-3.9132540198503785,-0.7777167165429494,-0.5507768991480712,1.2050604142091845,-0.3623581935914655,-0.46399719322684757,0.6583431632608981,-1.0107314181040181,0.46225469457349466,-2.3755539344802985,0.8446073657961978,-0.3339649594250236,-1.2379058623463264,0.9027063195832208,0.4857351970579936,-0.31257822064978646,0.41928017195271333,-0.8109756054850056,-1.029908755225099,-1.050928185539282,-0.5271630072191176,-0.016705410560623916,0.7939908675589744,-2.661208548788897,0.5742317918313913,-2.3380278387693108,0.8920568266137653,0.5608356985712571,0.504891079349185,-1.3310166543421225,-2.439115504466739,-3.629191666317221,0.6808965579165265,-0.17620429705102955,-1.0012169016187193,0.2149323448923904,-0.9584236632159281,-0.1724008801087316,0.2535361300136422,-3.4433809580314234,0.4516222639938499,-0.9768231408709558,0.8261732923354947,0.22320000404949056,-1.640410423112173,-1.7615969569871388,0.7201310129280017,-0.037159384518088936,0.624971077303854,-1.2209254546891692,-1.0932210996423195,1.2090114423711114,-1.1807616453629446,-0.7456080024749698,-6.547149268982233,-1.5548909468405578,-3.754632920306429,-1.9183037873424917,-1.5262993291441698,-1.8019208324302167,-0.7734981029333335,0.06685287053744213,-1.380070098122491,-1.7189313566865592,0.48896922630446693,-1.1610227118653416,-0.6128428234205605,-2.857267946241255,-0.8658234051087551,-0.49960917756165407,-6.547149268982233,-3.255526187394843,-2.054351441798045,-1.172123491012319
-3.1273894630604095,-3.347022934253266,-0.576311699181129,-1.6697937178068483,0.8514435620578839,-4.115308005994,0.41895126082172673,-0.5455518025588895,-1.4489021470846177,0.21657037349643124,-0.6779553799305269,-0.2667027215284361,-0.3499647325668007,-2.70350943620037,-1.125518742062318,-0.29485508923073783,0.40945067447600797,-0.48666918177954954,-1.582886887561041,-1.9741626724085162,-0.4438237933203534,-4.137309809409607,-6.987524020548552,-2.635235005704805,0.9770221684177529,-0.5381673583954104,-3.9316860220449885,-3.4530537370574543,-7.100554374450685,-3.3617493458799284,-6.695998061698696,-4.823117938599864,-0.9664981408600798,-2.4195275098431024,-4.177228687641604,-3.105169637473819,-3.94719313820821,0.006292741195997233,-3.5718527618167064,-3.7464175225475813,-0.9196554804276371,-4.168975354306845,-2.108792706151783,0.4793758143847954,-3.4350824642624724,-0.8654185142101823,0.5712900898015796,-1.4820795449352067,-0.3775995117679736,-0.7824119510789546,-0.2893510126566133,-7.30519350836768,-0.3953682012324652,0.7215353417040686,0.900551547861255,-1.287466352394768,-0.20667648006170258,-3.9132540198503785,-0.7777167165429494,-0.5507768991480712,1.2050604142091845,-0.3623581935914655,-0.46399719322684757,0.6583431632608981,-1.0107314181040181,0.46225469457349466,-2.3755539344802985,0.8446073657961978,-0.3339649594250236,-1.2379058623463264,0.9027063195832208,0.4857351970579936,-0.31257822064978646,0.41928017195271333,-0.8109756054850056,-1.029908755225099,-1.050928185539282,-0.5271630072191176,-0.016705410560623916,0.7939908675589744,-2.661208548788897,0.5742317918313913,-2.3380278387693108,0.8920568266137653,0.5608356985712571,0.504891079349185,-1.3310166543421225,-2.439115504466739,-3.629191666317221,0.6808965579165265,-0.17620429705102955,-1.0012169016187193,0.2149323448923904,-0.9584236632159281,-0.1724008801087316,0.2535361300136422,-3.4433809580314234,0.4516222639938499,-0.9768231408709558,0.8261732923354947,0.22320000404949056,-1.640410423112173,-1.7615969569871388,0.7201310129280017,-0.037159384518088936,0.624971077303854,-1.2209254546891692,-1.0932210996423195,1.2090114423711114,-1.1807616453629446,-0.7456080024749698,-6.547149268982233,-1.5548909468405578,-3.754632920306429,-1.9183037873424917,-1.5262993291441698,-1.8019208324302167,-0.7734981029333335,0.06685287053744213,-1.380070098122491,-1.7189313566865592,0.48896922630446693,-1.1610227118653416,-0.6128428234205605,-2.857267946241255,-0.8658234051087551,-0.49960917756165407,-6.547149268982233,-3.255526187394843,-2.054351441798045,-1.172123491012319
-3.1273894630604095,-3.347022934253266,-0.576311699181129,-1.6697937178068483,0.8514435620578839,-4.115308005994,0.41895126082172673,-0.5455518025588895,-1.4489021470846177,0.21657037349643124,-0.6779553799305269,-0.2667027215284361,-0.3499647325668007,-2.70350943620037,-1.125518742062318,-0.29485508923073783,0.40945067447600797,-0.48666918177954954,-1.582886887561041,-1.9741626724085162,-0.4438237933203534,-4.137309809409607,-6.987524020548552,-2.635235005704805,0.9770221684177529,-0.5381673583954104,-3.9316860220449885,-3.4530537370574543,-7.100554374450685,-3.3617493458799284,-6.695998061698696,-4.823117938599864,-0.9664981408600798,-2.4195275098431024,-4.177228687641604,-3.105169637473819,-3.94719313820821,0.006292741195997233,-3.5718527618167064,-3.7464175225475813,-0.9196554804276371,-4.168975354306845,-2.108792706151783,0.4793758143847954,-3.4350824642624724,-0.8654185142101823,0.5712900898015796,-1.4820795449352067,-0.3775995117679736,-0.7824119510789546,-0.2893510126566133,-7.30519350836768,-0.3953682012324652,0.7215353417040686,0.900551547861255,-1.287466352394768,-0.20667648006170258,-3.9132540198503785,-0.7777167165429494,-0.5507768991480712,1.2050604142091845,-0.3623581935914655,-0.46399719322684757,0.6583431632608981,-1.0107314181040181,0.46225469457349466,-2.3755539344802985,0.8446073657961978,-0.3339649594250236,-1.2379058623463264,0.9027063195832208,0.4857351970579936,-0.31257822064978646,0.41928017195271333,-0.8109756054850056,-1.029908755225099,-1.050928185539282,-0.5271630072191176,-0.016705410560623916,0.7939908675589744,-2.661208548788897,0.5742317918313913,-2.3380278387693108,0.8920568266137653,0.5608356985712571,0.504891079349185,-1.3310166543421225,-2.439115504466739,-3.629191666317221,0.6808965579165265,-0.17620429705102955,-1.0012169016187193,0.2149323448923904,-0.9584236632159281,-0.1724008801087316,0.2535361300136422,-3.4433809580314234,0.4516222639938499,-0.9768231408709558,0.8261732923354947,0.22320000404949056,-1.640410423112173,-1.7615969569871388,0.7201310129280017,-0.037159384518088936,0.624971077303854,-1.2209254546891692,-1.0932210996423195,1.2090114423711114,-1.1807616453629446,-0.7456080024749698,-6.547149268982233,-1.5548909468405578,-3.754632920306429,-1.9183037873424917,-1.5262993291441698,-1.8019208324302167,-0.7734981029333335,0.06685287053744213,-1.380070098122491,-1.7189313566865592,0.48896922630446693,-1.1610227118653416,-0.6128428234205605,-2.857267946241255,-0.8658234051087551,-0.49960917756165407,-6.547149268982233,-3.255526187394843,-2.054351441798045,-1.172123491012319
-3.1273894630604095,-3.347022934253266,-0.576311699181129,-1.6697937178068483,0.8514435620578839,-4.115308005994,0.41895126082172673,-0.5455518025588895,-1.4489021470846177,0.21657037349643124,-0.6779553799305269,-0.2667027215284361,-0.3499647325668007,-2.70350943620037,-1.125518742062318,-0.29485508923073783,0.40945067447600797,-0.48666918177954954,-1.582886887561041,-1.9741626724085162,-0.4438237933203534,-4.137309809409607,-6.987524020548552,-2.635235005704805,0.9770221684177529,-0.5381673583954104,-3.9316860220449885,-3.4530537370574543,-7.100554374450685,-3.3617493458799284,-6.695998061698696,-4.823117938599864,-0.9664981408600798,-2.4195275098431024,-4.177228687641604,-3.105169637473819,-3.94719313820821,0.006292741195997233,-3.5718527618167064,-3.7464175225475813,-0.9196554804276371,-4.168975354306845,-2.108792706151783,0.4793758143847954,-3.4350824642624724,-0.8654185142101823,0.5712900898015796,-1.4820795449352067,-0.3775995117679736,-0.7824119510789546,-0.2893510126566133,-7.30519350836768,-0.3953682012324652,0.7215353417040686,0.900551547861255,-1.287466352394768,-0.20667648006170258,-3.9132540198503785,-0.7777167165429494,-0.5507768991480712,1.2050604142091845,-0.3623581935914655,-0.46399719322684757,0.6583431632608981,-1.0107314181040181,0.46225469457349466,-2.3755539344802985,0.8446073657961978,-0.3339649594250236,-1.2379058623463264,0.9027063195832208,0.4857351970579936,-0.31257822064978646,0.41928017195271333,-0.8109756054850056,-1.029908755225099,-1.050928185539282,-0.5271630072191176,-0.016705410560623916,0.7939908675589744,-2.661208548788897,0.5742317918313913,-2.3380278387693108,0.8920568266137653,0.5608356985712571,0.504891079349185,-1.3310166543421225,-2.439115504466739,-3.629191666317221,0.6808965579165265,-0.17620429705102955,-1.0012169016187193,0.2149323448923904,-0.9584236632159281,-0.1724008801087316,0.2535361300136422,-3.4433809580314234,0.4516222639938499,-0.9768231408709558,0.8261732923354947,0.22320000404949056,-1.640410423112173,-1.7615969569871388,0.7201310129280017,-0.037159384518088936,0.624971077303854,-1.2209254546891692,-1.0932210996423195,1.2090114423711114,-1.1807616453629446,-0.7456080024749698,-6.547149268982233,-1.5548909468405578,-3.754632920306429,-1.9183037873424917,-1.5262993291441698,-1.8019208324302167,-0.7734981029333335,0.06685287053744213,-1.380070098122491,-1.7189313566865592,0.48896922630446693,-1.1610227118653416,-0.6128428234205605,-2.857267946241255,-0.8658234051087551,-0.49960917756165407,-6.547149268982233,-3.255526187394843,-2.054351441798045,-1.172123491012319
-2.2518674401851975,-0.6318372571371488,-0.5437494767638145,-1.4744478506993886,0.5494279094275516,-4.012963399816814,0.28456546043471675,-1.266787393756508,-0.9511220839753959,-1.1281699157500988,-0.6015051177748841,-0.2767765647209896,-0.6682038088548953,-2.9994756246965206,-1.152075643899349,-1.2969502863140079,0.5159795540709777,-0.725119698508389,-0.9042529737238287,-1.2356927985557498,0.44317025410521466,-3.0622206939788064,-6.640556626405939,-2.6007451177846748,0.8338876402483417,-0.6483548274095441,-4.579937024681938,-2.572736664903825,-6.566501786374124,-3.129797127691247,-4.628474513922777,-4.277455718538255,-1.0235266487398795,-1.9934047673971569,-3.0826904284313885,-1.6456808636232996,-3.4461060742172305,0.4182148903311888,-3.579248221102608,-4.364728933863051,-0.7335147264873433,-5.413933409301123,-2.3864074797447823,0.5906531888010605,-2.9811925503776484,-0.7511996226133875,0.8591171462209053,-1.5703850662117589,-0.5030089185707498,-1.4320726028414625,-0.4672905603968947,-22.821950744054437,-0.4267213767258208,0.5177285686893885,0.7428876755903616,-1.2622351867847306,0.05174576320184869,-3.769925966865593,-0.5564744044653843,-0.38212295313437267,1.3905639164843366,-0.06875788418513319,-0.6276031092092014,0.8546335394233889,-0.9423750245590782,-0.25111803845116215,-2.3622765769431466,0.627018369964644,-0.5715031024290901,-0.905796861530163,1.0289844202525895,0.7263836686516685,-1.0332518897389336,0.6024215774325662,-0.21447967715317656,-0.91995457420953,-0.906352451078784,-0.2767529613549096,-0.0521822622754747,0.3416487417109444,-2.2446912417878164,0.7360008502965343,-2.42543130466508,1.0858368293812954,1.171492785732055,0.42575671480425,-0.9554074114963379,-2.329398654217744,-3.2803240633317294,0.9054086045218891,-0.4197271739304528,-0.790791226827345,-0.16420289481031725,-0.9328526050252247,0.11058758696055451,-1.5145885822913208,-2.7685686867940236,-1.5739608539683765,-0.9953599603687159,0.529794178534359,0.4667284103625773,-1.3472083754758857,-1.5922560977311635,0.31502262860742897,-0.06709900262400266,0.5814127451253612,-1.7776723897335718,-0.7505534290382172,1.2882477078035632,-1.4677684663553738,-0.8948639879673557,-36.84136148790408,-1.296679165595677,-2.243535704170769,-1.6143824455906446,-1.4423313407174785,-1.8685899942551276,-2.0885551990213553,0.43548365221715707,-0.733918258343257,-1.1618070416833193,0.5475014152331891,-0.8589715526516568,-0.33159050230897,-2.638445053707522,-2.5394443725032607,-0.7742639752515927,-36.84136148790408,-3.6112888923831323,-2.1129445306507932,-1.3165268915422128
-2.2518674401851975,-0.6318372571371488,-0.5437494767638145,-1.4744478506993886,0.5494279094275516,-4.012963399816814,0.28456546043471675,-1.266787393756508,-0.9511220839753959,-1.1281699157500988,-0.6015051177748841,-0.2767765647209896,-0.6682038088548953,-2.9994756246965206,-1.152075643899349,-1.2969502863140079,0.5159795540709777,-0.725119698508389,-0.9042529737238287,-1.2356927985557498,0.44317025410521466,-3.0622206939788064,-6.640556626405939,-2.6007451177846748,0.8338876402483417,-0.6483548274095441,-4.579937024681938,-2.572736664903825,-6.566501786374124,-3.129797127691247,-4.628474513922777,-4.277455718538255,-1.0235266487398795,-1.9934047673971569,-3.0826904284313885,-1.6456808636232996,-3.4461060742172305,0.4182148903311888,-3.579248221102608,-4.364728933863051,-0.7335147264873433,-5.413933409301123,-2.3864074797447823,0.5906531888010605,-2.9811925503776484,-0.7511996226133875,0.8591171462209053,-1.5703850662117589,-0.5030089185707498,-1.4320726028414625,-0.4672905603968947,-22.821950744054437,-0.4267213767258208,0.5177285686893885,0.7428876755903616,-1.2622351867847306,0.05174576320184869,-3.769925966865593,-0.5564744044653843,-0.38212295313437267,1.3905639164843366,-0.06875788418513319,-0.6276031092092014,0.8546335394233889,-0.9423750245590782,-0.25111803845116215,-2.3622765769431466,0.627018369964644,-0.5715031024290901,-0.905796861530163,1.0289844202525895,0.7263836686516685,-1.0332518897389336,0.6024215774325662,-0.21447967715317656,-0.91995457420953,-0.906352451078784,-0.2767529613549096,-0.0521822622754747,0.3416487417109444,-2.2446912417878164,0.7360008502965343,-2.42543130466508,1.0858368293812954,1.171492785732055,0.42575671480425,-0.9554074114963379,-2.329398654217744,-3.2803240633317294,0.9054086045218891,-0.4197271739304528,-0.790791226827345,-0.16420289481031725,-0.9328526050252247,0.11058758696055451,-1.5145885822913208,-2.7685686867940236,-1.5739608539683765,-0.9953599603687159,0.529794178534359,0.4667284103625773,-1.3472083754758857,-1.5922560977311635,0.31502262860742897,-0.06709900262400266,0.5814127451253612,-1.7776723897335718,-0.7505534290382172,1.2882477078035632,-1.4677684663553738,-0.8948639879673557,-36.84136148790408,-1.296679165595677,-2.243535704170769,-1.6143824455906446,-1.4423313407174785,-1.8685899942551276,-2.0885551990213553,0.43548365221715707,-0.733918258343257,-1.1618070416833193,0.5475014152331891,-0.8589715526516568,-0.33159050230897,-2.638445053707522,-2.5394443725032607,-0.7742639752515927,-36.84136148790408,-3.6112888923831323,-2.1129445306507932,-1.3165268915422128
-1.7696076821260847,-1.1495950935030028,-0.517834022401475,-1.5019063458796287,0.4245634099806795,-3.6616808519939665,0.32942673976174464,-1.3902755259791413,-0.7875068675313154,-0.599979147639719,-0.40094046670041195,-0.17779979270262855,-0.8884592946152213,-2.988300581943532,-0.7859994420791558,-1.0543091347132,0.7353824888620539,-0.6952339187956812,-1.3400174713171011,-1.832698215285995,-0.10057784916894875,-4.436157794415163,-5.787351095728914,-1.9699689150026558,0.9961375265466531,-0.7677409756104342,-6.6468899491957565,-2.015523101323288,-6.5667173516721675,-2.3011858347265437,-4.889649481300968,-5.625420940598731,-1.4509711719207485,-2.1349827772496037,-1.791425409923844,-1.8998630790495885,-1.8961997912436976,0.4097525056474,-2.7524408784477474,-2.426356484917699,-0.47503604055553333,-5.0533014456055945,-2.3821896815210066,0.6142071308727495,-4.086254785988782,-0.35259586342666943,0.7918539977219914,-2.0995749146554643,0.1184163474118424,-0.6065986473492568,-0.82918405382641,-36.84136131922903,-0.811607892310324,0.5707486208812234,0.16715688278299362,-0.5383244258571587,0.1567946270710243,-2.7714272036910717,-0.7489024146060668,0.19724984079285177,0.9997790208656556,-0.32920245128997877,0.44038775881091835,-0.08615534382737536,-0.10551836571392657,-0.8491048792877107,-1.263080256947711,0.649955210103216,-0.2149518962211891,-0.3026460911270626,0.7831422296936471,0.43601972854902565,0.5126847488335269,0.526810444125035,-0.28535446211648174,-0.5584403685135898,-1.3048670071587165,-0.9843358838886558,0.45565490132933,-0.06998748126814039,-3.219636688879321,0.8952409162683778,-2.6035818488374414,0.8034687205341103,1.1757122431826053,-1.248200979981636,-1.1263217321914072,-2.9799308174072108,-2.960429146790218,0.29163216085498483,-0.04086177282527482,-1.0240604757465366,0.16845716191364335,-0.4181909533843694,0.23333122959907085,-0.04871748084772802,-1.628172669452455,-0.6711888717087148,-1.7679760406923557,0.6734201081634543,0.4422960516998324,-1.3214497031982868,-1.530074319262641,0.08973905856981625,-0.16334133625838482,0.5756690079309315,-1.578077770352014,-0.9573083827159776,1.1948820872072305,-0.8858455366593376,-0.4729417879788034,-36.84136148789532,-0.5329683029785625,-3.1768794915691028,-2.0135078191654787,-0.43591026821212797,-1.8269382828094674,-1.2836547400687344,0.18800240744617336,-0.8514878786029292,-1.6605599120601042,0.4560298441754603,-0.8085868906437885,-1.2981839987348323,-4.142793877335288,-3.233189989030661,-1.2541682211470895,-36.84136148789532,-3.5842001684371345,-2.131081694536421,-1.5086726097424394
-1.7696076821260847,-1.1495950935030028,-0.517834022401475,-1.5019063458796287,0.4245634099806795,-3.6616808519939665,0.32942673976174464,-1.3902755259791413,-0.7875068675313154,-0.599979147639719,-0.40094046670041195,-0.17779979270262855,-0.8884592946152213,-2.988300581943532,-0.7859994420791558,-1.0543091347132,0.7353824888620539,-0.6952339187956812,-1.3400174713171011,-1.832698215285995,-0.10057784916894875,-4.436157794415163,-5.787351095728914,-1.9699689150026558,0.9961375265466531,-0.7677409756104342,-6.6468899491957565,-2.015523101323288,-6.5667173516721675,-2.3011858347265437,-4.889649481300968,-5.625420940598731,-1.4509711719207485,-2.1349827772496037,-1.791425409923844,-1.8998630790495885,-1.8961997912436976,0.4097525056474,-2.7524408784477474,-2.426356484917699,-0.47503604055553333,-5.0533014456055945,-2.3821896815210066,0.6142071308727495,-4.086254785988782,-0.35259586342666943,0.7918539977219914,-2.0995749146554643,0.1184163474118424,-0.6065986473492568,-0.82918405382641,-36.84136131922903,-0.811607892310324,0.5707486208812234,0.16715688278299362,-0.5383244258571587,0.1567946270710243,-2.7714272036910717,-0.7489024146060668,0.19724984079285177,0.9997790208656556,-0.32920245128997877,0.44038775881091835,-0.08615534382737536,-0.10551836571392657,-0.8491048792877107,-1.263080256947711,0.649955210103216,-0.2149518962211891,-0.3026460911270626,0.7831422296936471,0.43601972854902565,0.5126847488335269,0.526810444125035,-0.28535446211648174,-0.5584403685135898,-1.3048670071587165,-0.9843358838886558,0.45565490132933,-0.06998748126814039,-3.219636688879321,0.8952409162683778,-2.6035818488374414,0.8034687205341103,1.1757122431826053,-1.248200979981636,-1.1263217321914072,-2.9799308174072108,-2.960429146790218,0.29163216085498483,-0.04086177282527482,-1.0240604757465366,0.16845716191364335,-0.4181909533843694,0.23333122959907085,-0.04871748084772802,-1.628172669452455,-0.6711888717087148,-1.7679760406923557,0.6734201081634543,0.4422960516998324,-1.3214497031982868,-1.530074319262641,0.08973905856981625,-0.16334133625838482,0.5756690079309315,-1.578077770352014,-0.9573083827159776,1.1948820872072305,-0.8858455366593376,-0.4729417879788034,-36.84136148789532,-0.5329683029785625,-3.1768794915691028,-2.0135078191654787,-0.43591026821212797,-1.8269382828094674,-1.2836547400687344,0.18800240744617336,-0.8514878786029292,-1.6605599120601042,0.4560298441754603,-0.8085868906437885,-1.2981839987348323,-4.142793877335288,-3.233189989030661,-1.2541682211470895,-36.84136148789532,-3.5842001684371345,-2.131081694536421,-1.5086726097424394
-1.6307027022997291,-1.1433512225318627,-0.6341934073698359,-2.372460331381075,0.3540674424394754,-4.280794379094818,0.13309945903131223,-0.679361297313195,-0.5806750747020406,0.013216178856842436,-0.5210619190555441,-0.2440765232340223,-0.9381599468964162,-1.3186713433318173,-0.7808600385466243,-0.2816511662174332,0.4346821523991173,-0.6274608624432741,-1.4065314330431393,-0.19450450810297248,0.9921191701893524,-2.9355423943638863,-4.177513708306177,-1.7153613565471078,1.0391385015073733,-0.4713074332213083,-4.929394019808419,-1.8534377312517525,-4.2176285782404355,-2.2953906208436488,-4.643046552140687,-2.752236498684251,-0.9597436102244533,-2.256305448412233,-2.5587277209900443,-2.1917133075203927,-2.5213993529283245,0.051265544151841744,-1.6954074414235807,-3.5808290663403777,-0.9260167802452547,-3.6038214453693795,-1.881783292496056,0.2822674079907233,-2.4491805568653233,-0.403281173445712,0.5304313790341092,-1.6539716842729923,0.12715999374762824,-0.2654726062556112,-0.6440442276343863,-5.9962464830720865,-0.21916036214679457,0.6383705476794315,0.7389971469809544,-0.22535138012130287,-0.627575402374255,-2.3698454701824723,-0.5729581888886838,-0.04467355508471176,0.9052278634663076,-0.006918687388139619,-0.3200757281165032,0.5217098367541473,-0.8532524786180342,0.38817129880750784,-1.8856565425609604,0.8663781321861722,-0.29220486271474105,-0.6022637446257871,0.6801826854905832,-0.10757804119011062,0.714194347324617,0.5505030147381755,-0.5144109572922168,-0.801534044677257,-0.477220989770938,-0.7015013741208894,0.1821308112087734,0.26646166612128774,-3.0245706323197816,0.5140967182258228,-2.9697450020130343,0.8765834850455781,0.7092532082276624,0.038170806172338916,-1.4518201352895048,-2.919639385150005,-3.000335206613431,0.4086216193405709,0.2341766500785559,-0.4286660909152089,0.30222138589508535,-0.41810189374063833,0.26103900929595847,0.3783132912383619,-2.8715123394914306,0.37532698129952213,-1.3280848196469397,0.860386406387669,0.37722781935529187,-1.009381290453913,-0.6563275006907027,0.45404224405444654,-0.2826354449820524,0.5585033824447109,-1.1488158625844263,-0.4912568709017962,1.2637403825131497,-0.7402934063931161,-0.5012453862285536,-4.839791767386951,-0.8443054024632042,-2.541929177900945,-0.6775278053155521,-0.554154921536555,-1.7872498213253418,-0.8503912881787775,-0.2134295718123147,-1.4687766420545567,-1.1310557425077834,0.5599213110470795,-0.7959618912113701,-1.0879966751094436,-1.2658551073081008,-1.8657586304082303,-0.9775371844411672,-4.839791767386951,-3.226719602498814,-1.9624446506717022,-1.7332096938883748
-1.2903559305394319,-2.5021073509036,-0.2874719276170336,-2.2367971682398737,-0.09977333166813279,-2.398602697742317,0.3071654891098839,-0.5451398037307982,-0.45235092477718974,-0.4620575567581352,-0.7597029739182692,-0.21974488059335937,-1.0317440847539694,-0.4571591184266703,-1.2866304384128873,0.15428716423961855,0.4709231738767919,-0.08999111904770588,-0.5727868294583063,0.09177289777549569,0.6483326078430053,-3.1423207152759436,-4.979755382605628,-0.6915076969330451,1.568372050993598,-0.36777900587125223,-15.990052215259768,-2.5098560182344585,-3.256574441586225,-2.727985477443811,-5.63674335607257,-1.737409811288511,-0.45072471830739946,-3.549390861874288,-2.823189485178644,-1.7581765701708367,-2.3599053809888577,-0.14124293453266668,-0.9871965177455655,-3.5723254709404175,-1.3589997170460726,-5.21938009204988,-1.8191088913333127,0.25664147528116105,-2.1095714058958173,-1.0992354483906444,0.6567479171443596,-1.642735692822294,0.25029609726553564,-0.4069386248402006,-0.7530546247982174,-5.385035349534047,0.06574066928906133,0.35220540562069286,0.7782715180349818,0.22755911252390496,-0.13567241121727858,-1.8247788057986583,-0.7599664737029683,0.13852663114226865,0.5943575044819835,0.6650393220238339,-0.0021170478024431943,0.3328479659769197,-0.6387258258036601,0.5162973672608743,-1.3105182343061197,1.494877035161514,0.1258005011062166,-0.2912674641867259,1.2206020682152332,-0.33961767174789886,0.8443422958449205,0.9623397191391567,-0.016541274198813332,-0.3856119357516761,-0.5604985688125744,-1.194549993683069,0.16222181952545645,-0.13980451542044772,-3.782503120982547,0.31382509357563904,-3.4613623275627043,0.6167781583981117,0.9409261734145341,-0.43048670853818527,-0.8893737664407771,-3.0558886381618824,-2.877339832286304,-0.17703378496554903,0.5056959992643468,0.2296896231805477,0.5768134775092916,-0.18997979217848215,0.7395482988706188,0.7364286078636131,-2.493498989333764,1.090325364812554,-0.9930052871817812,1.3568997416557478,0.7656895504944633,-1.3566186424927893,-0.7471523521635711,0.7698624694756041,0.18562609812661826,0.47054783922937243,-0.4302495891854901,-0.49925541796659845,1.3421536868591222,-0.32080509900621035,0.4621303144045054,-4.5380115536227725,0.23041323260417942,-1.1925116306436365,-0.2029998979565984,-0.2870817454175355,-1.3981295088825156,-0.40755202815823877,0.5174794254790208,-0.8771989935125817,-0.9448950817962002,0.2763626601163145,-0.6340685409651564,-0.9517305645131523,0.6206867008878912,-1.7425784081725249,-0.6496181190204304,-4.5380115536227725,-2.684925593329875,-1.2297292386997807,-1.7437278208707436
-0.9301042577245369,-1.8985957975669012,-0.0844796412218823,-1.6816498260732073,-0.5588665039815881,-2.145237748182066,0.7522104581910963,-0.8131638434822466,-0.3910923375410544,-2.7435450170328415,-0.7537379887415568,-0.26107028800260373,-0.7321968119660935,-0.5350316303292242,-1.2313177659402985,0.5100719331326822,0.6378194239600821,0.2600610360454981,0.09969404867888984,-0.23606342956579193,-0.5034990526290226,-1.5000809081062318,-3.2011508498606247,-0.9659238841453801,1.4198149403498355,-0.5321673195570484,-3.9152810411347287,-3.203627930709383,-1.7313310104693032,-3.322846614736542,-17.27346029601517,-1.355447567412178,0.0031649424478041996,-6.142519814011091,-2.623030880424647,-1.1650331608055382,-1.9013616140649081,0.3333945981845374,-0.3610873737625664,-4.0390924369995,-1.3196223143203725,-4.1764171113290045,-1.2443004339367394,0.692353266050849,-1.149741869496732,-0.9735479770549622,0.855449579028926,-1.794806960290438,0.15657174859015585,-0.3919939284616957,-0.7447003193628253,-1.9032015295439182,0.7413904240808257,0.21129600439378066,1.1513663309672448,1.0891441983896202,-0.3634186189212587,-1.6293710758990554,-1.2192133317572644,-0.16474453077518583,0.39285872314284637,0.7786417332642417,-0.0633851877889837,0.14126019238431645,-0.34598011877302437,0.44621031703085134,-0.9675538365059525,1.6618398660757572,0.5399278833033204,-0.03346000081616993,1.4558205198208627,0.08226482129354845,1.1626422429095236,0.8206191158299787,0.3091941165062798,-0.13733236857309963,0.12899672000326673,-2.4270499752572716,0.9235097418208962,-0.7917954444018662,-4.256490463808933,-0.0866603785288167,-3.6447966361580386,0.02670713134391089,0.7718927613791319,0.024688983500491153,-0.6222079548310918,-4.162883532987159,-2.2220657618814594,-1.519307414352736,0.3936829198120057,0.6343644617985449,0.6539807985418193,0.29390294067306694,0.988587023752557,-0.21767260180146603,-1.132165413482791,1.053386065417224,-0.468893707566485,1.0514679369303432,1.1476921606766906,-0.28569777030359533,-0.8274983022703126,0.6618025588694153,0.27538673005638853,0.7345235506373089,0.10983598142480155,0.2663738396517238,1.2508871479176984,0.3706735013589694,1.6020819849992003,-2.1462143631205635,1.1339654146157334,0.6424634989556067,0.045625635371633416,0.3642456836488612,-0.48210369978257056,-2.7719506755382106,0.7127791857757532,-0.4146108991189504,-1.5813499337726327,0.16814470094605577,-1.2292356870350307,-0.01094887056134653,1.1279598324999751,-1.5106560312587485,1.5558483853796647,-2.1462143631205635,-1.3084380901015993,-0.16024550114404823,-0.9073178659770013
-1.7440979241344379,-1.8339567310555347,-0.15619645048988207,-1.7098582754906029,-0.47123456918253603,-2.07229493150859,0.6130476416139801,-0.8851493045838462,-1.1921237557809246,-2.2992598305999867,-0.840887395929538,-0.35254257609430595,-0.4467777845282615,-1.5629283689642697,-1.0139088494822701,0.5750902187345788,0.5853816820599217,0.03640467998496135,-0.6206170698916994,-0.449146814854384,-1.010293665193852,-3.5230114134240695,-3.9411671476009316,-1.3804810731588104,1.2849408982613868,-0.6980302320246877,-3.172787205583698,-2.768625716703043,-1.9685489135201761,-2.418782881223105,-5.63382657285757,-1.6290445003919467,-0.0065139075800916,-4.808142014251105,-3.44986922950545,-0.9335957135381423,-2.629626157548549,0.45049998139331404,-1.2486712563051605,-6.454008036192966,-1.4543784296898667,-4.957340102240161,-1.3104915585496408,0.5520383051136691,-1.98362887362095,-1.2066037067948232,1.0595121992953958,-1.4554165884680386,-0.27561318620989245,-0.506337802310828,-1.100633354744755,-2.455648024911481,0.4713843556005898,-0.364210496950809,1.0569115181572863,0.49890885475473584,-0.5720006863674385,-2.658987691760625,-1.4364476178144259,-0.47110395631403396,0.7832539262719248,0.7731923751452027,0.04894097901246321,0.09296087583626347,-0.0666563388694675,-0.26107838891366214,-1.6006422079389235,1.6334312838952387,0.7088736946416283,-0.4459395454664118,1.1289262259303752,0.07569036695558702,0.41695426346189296,0.7395548693874252,0.05349076537190141,-0.26313495444445756,-0.4217016445056816,-2.7502727345047884,0.6129042983403742,-0.05933737768506649,-4.574019132772354,0.33422947327200203,-4.1630961069995465,0.12069185560928013,0.7982356674796887,0.2302823675671423,-0.9062139424455623,-3.3777763528569067,-2.048638772505525,-0.5654616929361463,0.13838795478366575,0.36562356752650016,0.3201154934511131,0.23181491647124797,0.7121504799983133,-0.59442652604057,-1.712933481527458,1.0125814287375667,-0.7985237439805901,1.0712092314614285,0.89804652616472,-0.7902597546683781,-1.1851928001166612,0.6337680668212636,0.08724900682876269,0.7414005331345405,-0.042583747723693055,0.10086024405532988,0.8289168034345656,0.03734953433744219,1.1843762526381532,-3.9716379727081907,0.5630036854156549,0.22642404900702878,-1.058534009099898,-0.19537123615653507,-1.466737217634631,-2.375328759462334,0.1592746798862488,-0.846603873225858,-2.1118079702709527,-0.2607629048030308,-1.9011659895200268,-0.42201514819653485,0.8384747703620954,-2.0947673356073193,1.2001693152504322,-3.9716379727081907,-1.5583855595920324,-0.3977970903793536,-1.5674548056306394
-1.7440979241344379,-1.8339567310555347,-0.15619645048988207,-1.7098582754906029,-0.47123456918253603,-2.07229493150859,0.6130476416139801,-0.8851493045838462,-1.1921237557809246,-2.2992598305999867,-0.840887395929538,-0.35254257609430595,-0.4467777845282615,-1.5629283689642697,-1.0139088494822701,0.5750902187345788,0.5853816820599217,0.03640467998496135,-0.6206170698916994,-0.449146814854384,-1.010293665193852,-3.5230114134240695,-3.9411671476009316,-1.3804810731588104,1.2849408982613868,-0.6980302320246877,-3.172787205583698,-2.768625716703043,-1.9685489135201761,-2.418782881223105,-5.63382657285757,-1.6290445003919467,-0.0065139075800916,-4.808142014251105,-3.44986922950545,-0.9335957135381423,-2.629626157548549,0.45049998139331404,-1.2486712563051605,-6.454008036192966,-1.4543784296898667,-4.957340102240161,-1.3104915585496408,0.5520383051136691,-1.98362887362095,-1.2066037067948232,1.0595121992953958,-1.4554165884680386,-0.27561318620989245,-0.506337802310828,-1.100633354744755,-2.455648024911481,0.4713843556005898,-0.364210496950809,1.0569115181572863,0.49890885475473584,-0.5720006863674385,-2.658987691760625,-1.4364476178144259,-0.47110395631403396,0.7832539262719248,0.7731923751452027,0.04894097901246321,0.09296087583626347,-0.0666563388694675,-0.26107838891366214,-1.6006422079389235,1.6334312838952387,0.7088736946416283,-0.4459395454664118,1.1289262259303752,0.07569036695558702,0.41695426346189296,0.7395548693874252,0.05349076537190141,-0.26313495444445756,-0.4217016445056816,-2.7502727345047884,0.6129042983403742,-0.05933737768506649,-4.574019132772354,0.33422947327200203,-4.1630961069995465,0.12069185560928013,0.7982356674796887,0.2302823675671423,-0.9062139424455623,-3.3777763528569067,-2.048638772505525,-0.5654616929361463,0.13838795478366575,0.36562356752650016,0.3201154934511131,0.23181491647124797,0.7121504799983133,-0.59442652604057,-1.712933481527458,1.0125814287375667,-0.7985237439805901,1.0712092314614285,0.89804652616472,-0.7902597546683781,-1.1851928001166612,0.6337680668212636,0.08724900682876269,0.7414005331345405,-0.042583747723693055,0.10086024405532988,0.8289168034345656,0.03734953433744219,1.1843762526381532,-3.9716379727081907,0.5630036854156549,0.22642404900702878,-1.058534009099898,-0.19537123615653507,-1.466737217634631,-2.375328759462334,0.1592746798862488,-0.846603873225858,-2.1118079702709527,-0.2607629048030308,-1.9011659895200268,-0.42201514819653485,0.8384747703620954,-2.0947673356073193,1.2001693152504322,-3.9716379727081907,-1.5583855595920324,-0.3977970903793536,-1.5674548056306394
-2.2587918782244323,-1.9382033311207356,-0.45596821633962753,-2.059267594077045,-0.15657054411281973,-2.35884705698401,0.4956069462895806,-1.1834805743038543,-1.456170022839602,-1.6822758638076527,-0.7896166225543239,-0.31515725945116924,-0.18257518026120254,-2.3070646020470407,-0.8316817131239788,0.3789021118899273,0.3084300713071392,-0.3338845745508905,-1.4391164327710286,-1.0695847481883591,-1.8252079747269538,-4.639808383086479,-4.433944682314717,-1.7818023143231407,1.1826223546994694,-1.086638097173281,-2.3309709410299115,-3.5404204692215364,-3.2152055063060905,-3.4635872830576697,-5.642735904766336,-3.281319100069571,-0.3829529064230771,-4.577743996645095,-3.9929706744194546,-1.8350730648148261,-2.838172422482858,0.4031662817717528,-2.0648462120461004,-5.274429363497811,-1.0387927097400604,-5.353220280474057,-1.058192426949878,0.617636046067959,-2.408400412743838,-1.9201700573748721,0.7288587608499218,-1.3538593333233853,-0.4495729028741704,-0.33326550974628805,-0.8983682357816085,-3.2099728026794865,0.14486272140904033,0.2979819127556979,1.0369567645758486,0.03401518232238502,-0.5183158223556265,-3.0001854599618447,-1.3400810128334875,-0.5534345569183977,1.0870532973040106,0.4541181564914482,-0.32216259899167926,0.332033151136236,-0.7222830345540165,0.4344431689461034,-1.9256380437027618,1.3042252148168345,0.46746365171597865,-1.0589158965982113,0.7818737388667417,0.3216064677802926,0.3112158742165442,0.239920064269884,-0.2338295165716233,-0.7323911190923655,-0.5400176275342673,-1.8655796040899697,0.16131772832970362,0.7965774862672992,-2.985946579216658,0.5836253088132879,-2.502605747577565,0.9264640978851452,0.6676453107796239,0.2575343467894711,-0.8437514956478716,-2.7593540866618813,-2.4430353546907604,0.13764527233846263,-0.001589124026466523,-0.015657463029471075,0.4761065259189804,-0.08658281706644888,0.2941123674294914,-0.3067992049862509,-2.35106573475393,1.0088071105628196,-1.233650779124288,1.1287492544782274,0.2219676640473545,-1.0730062348414333,-1.446894554432082,0.46528451054983055,-0.026716139596333767,0.5681609177538651,-0.4194069777457655,-0.07542530245236893,1.0703018386518663,-0.4858509864158339,0.16399060379235192,-3.0965462046669368,-0.29176896350419196,-1.6883377367241852,-2.9128151948276626,-0.9105892773335508,-1.6336704495326815,-2.7116118547673254,-0.13382950593814075,-1.648063800422637,-2.3097367390999177,-0.09616703201716875,-1.6636142340104214,-1.1274406523339813,-0.44821193687974836,-0.8719068445159106,-0.09198748786933798,-3.0965462046669368,-2.1343202519512463,-1.0056219457786273,-2.3538575650307303
-2.2587918782244323,-1.9382033311207356,-0.45596821633962753,-2.059267594077045,-0.15657054411281973,-2.35884705698401,0.4956069462895806,-1.1834805743038543,-1.456170022839602,-1.6822758638076527,-0.7896166225543239,-0.31515725945116924,-0.18257518026120254,-2.3070646020470407,-0.8316817131239788,0.3789021118899273,0.3084300713071392,-0.3338845745508905,-1.4391164327710286,-1.0695847481883591,-1.8252079747269538,-4.639808383086479,-4.433944682314717,-1.7818023143231407,1.1826223546994694,-1.086638097173281,-2.3309709410299115,-3.5404204692215364,-3.2152055063060905,-3.4635872830576697,-5.642735904766336,-3.281319100069571,-0.3829529064230771,-4.577743996645095,-3.9929706744194546,-1.8350730648148261,-2.838172422482858,0.4031662817717528,-2.0648462120461004,-5.274429363497811,-1.0387927097400604,-5.353220280474057,-1.058192426949878,0.617636046067959,-2.408400412743838,-1.9201700573748721,0.7288587608499218,-1.3538593333233853,-0.4495729028741704,-0.33326550974628805,-0.8983682357816085,-3.2099728026794865,0.14486272140904033,0.2979819127556979,1.0369567645758486,0.03401518232238502,-0.5183158223556265,-3.0001854599618447,-1.3400810128334875,-0.5534345569183977,1.0870532973040106,0.4541181564914482,-0.32216259899167926,0.332033151136236,-0.7222830345540165,0.4344431689461034,-1.9256380437027618,1.3042252148168345,0.46746365171597865,-1.0589158965982113,0.7818737388667417,0.3216064677802926,0.3112158742165442,0.239920064269884,-0.2338295165716233,-0.7323911190923655,-0.5400176275342673,-1.8655796040899697,0.16131772832970362,0.7965774862672992,-2.985946579216658,0.5836253088132879,-2.502605747577565,0.9264640978851452,0.6676453107796239,0.2575343467894711,-0.8437514956478716,-2.7593540866618813,-2.4430353546907604,0.13764527233846263,-0.001589124026466523,-0.015657463029471075,0.4761065259189804,-0.08658281706644888,0.2941123674294914,-0.3067992049862509,-2.35106573475393,1.0088071105628196,-1.233650779124288,1.1287492544782274,0.2219676640473545,-1.0730062348414333,-1.446894554432082,0.46528451054983055,-0.026716139596333767,0.5681609177538651,-0.4194069777457655,-0.07542530245236893,1.0703018386518663,-0.4858509864158339,0.16399060379235192,-3.0965462046669368,-0.29176896350419196,-1.6883377367241852,-2.9128151948276626,-0.9105892773335508,-1.6336704495326815,-2.7116118547673254,-0.13382950593814075,-1.648063800422637,-2.3097367390999177,-0.09616703201716875,-1.6636142340104214,-1.1274406523339813,-0.44821193687974836,-0.8719068445159106,-0.09198748786933798,-3.0965462046669368,-2.1343202519512463,-1.0056219457786273,-2.3538575650307303
-2.2587918782244323,-1.9382033311207356,-0.45596821633962753,-2.059267594077045,-0.15657054411281973,-2.35884705698401,0.4956069462895806,-1.1834805743038543,-1.456170022839602,-1.6822758638076527,-0.7896166225543239,-0.31515725945116924,-0.18257518026120254,-2.3070646020470407,-0.8316817131239788,0.3789021118899273,0.3084300713071392,-0.3338845745508905,-1.4391164327710286,-1.0695847481883591,-1.8252079747269538,-4.639808383086479,-4.433944682314717,-1.7818023143231407,1.1826223546994694,-1.086638097173281,-2.3309709410299115,-3.5404204692215364,-3.2152055063060905,-3.4635872830576697,-5.642735904766336,-3.281319100069571,-0.3829529064230771,-4.577743996645095,-3.9929706744194546,-1.8350730648148261,-2.838172422482858,0.4031662817717528,-2.0648462120461004,-5.274429363497811,-1.0387927097400604,-5.353220280474057,-1.058192426949878,0.617636046067959,-2.408400412743838,-1.9201700573748721,0.7288587608499218,-1.3538593333233853,-0.4495729028741704,-0.33326550974628805,-0.8983682357816085,-3.2099728026794865,0.14486272140904033,0.2979819127556979,1.0369567645758486,0.03401518232238502,-0.5183158223556265,-3.0001854599618447,-1.3400810128334875,-0.5534345569183977,1.0870532973040106,0.4541181564914482,-0.32216259899167926,0.332033151136236,-0.7222830345540165,0.4344431689461034,-1.9256380437027618,1.3042252148168345,0.46746365171597865,-1.0589158965982113,0.7818737388667417,0.3216064677802926,0.3112158742165442,0.239920064269884,-0.2338295165716233,-0.7323911190923655,-0.5400176275342673,-1.8655796040899697,0.16131772832970362,0.7965774862672992,-2.985946579216658,0.5836253088132879,-2.502605747577565,0.9264640978851452,0.6676453107796239,0.2575343467894711,-0.8437514956478716,-2.7593540866618813,-2.4430353546907604,0.13764527233846263,-0.001589124026466523,-0.015657463029471075,0.4761065259189804,-0.08658281706644888,0.2941123674294914,-0.3067992049862509,-2.35106573475393,1.0088071105628196,-1.233650779124288,1.1287492544782274,0.2219676640473545,-1.0730062348414333,-1.446894554432082,0.46528451054983055,-0.026716139596333767,0.5681609177538651,-0.4194069777457655,-0.07542530245236893,1.0703018386518663,-0.4858509864158339,0.16399060379235192,-3.0965462046669368,-0.29176896350419196,-1.6883377367241852,-2.9128151948276626,-0.9105892773335508,-1.6336704495326815,-2.7116118547673254,-0.13382950593814075,-1.648063800422637,-2.3097367390999177,-0.09616703201716875,-1.6636142340104214,-1.1274406523339813,-0.44821193687974836,-0.8719068445159106,-0.09198748786933798,-3.0965462046669368,-2.1343202519512463,-1.0056219457786273,-2.3538575650307303
-2.2587918782244323,-1.9382033311207356,-0.45596821633962753,-2.059267594077045,-0.15657054411281973,-2.35884705698401,0.4956069462895806,-1.1834805743038543,-1.456170022839602,-1.6822758638076527,-0.7896166225543239,-0.31515725945116924,-0.18257518026120254,-2.3070646020470407,-0.8316817131239788,0.3789021118899273,0.3084300713071392,-0.3338845745508905,-1.4391164327710286,-1.0695847481883591,-1.8252079747269538,-4.639808383086479,-4.433944682314717,-1.7818023143231407,1.1826223546994694,-1.086638097173281,-2.3309709410299115,-3.5404204692215364,-3.2152055063060905,-3.4635872830576697,-5.642735904766336,-3.281319100069571,-0.3829529064230771,-4.577743996645095,-3.9929706744194546,-1.8350730648148261,-2.838172422482858,0.4031662817717528,-2.0648462120461004,-5.274429363497811,-1.0387927097400604,-5.353220280474057,-1.058192426949878,0.617636046067959,-2.408400412743838,-1.9201700573748721,0.7288587608499218,-1.3538593333233853,-0.4495729028741704,-0.33326550974628805,-0.8983682357816085,-3.2099728026794865,0.14486272140904033,0.2979819127556979,1.0369567645758486,0.03401518232238502,-0.5183158223556265,-3.0001854599618447,-1.3400810128334875,-0.5534345569183977,1.0870532973040106,0.4541181564914482,-0.32216259899167926,0.332033151136236,-0.7222830345540165,0.4344431689461034,-1.9256380437027618,1.3042252148168345,0.46746365171597865,-1.0589158965982113,0.7818737388667417,0.3216064677802926,0.3112158742165442,0.239920064269884,-0.2338295165716233,-0.7323911190923655,-0.5400176275342673,-1.8655796040899697,0.16131772832970362,0.7965774862672992,-2.985946579216658,0.5836253088132879,-2.502605747577565,0.9264640978851452,0.6676453107796239,0.2575343467894711,-0.8437514956478716,-2.7593540866618813,-2.4430353546907604,0.13764527233846263,-0.001589124026466523,-0.015657463029471075,0.4761065259189804,-0.08658281706644888,0.2941123674294914,-0.3067992049862509,-2.35106573475393,1.0088071105628196,-1.233650779124288,1.1287492544782274,0.2219676640473545,-1.0730062348414333,-1.446894554432082,0.46528451054983055,-0.026716139596333767,0.5681609177538651,-0.4194069777457655,-0.07542530245236893,1.0703018386518663,-0.4858509864158339,0.16399060379235192,-3.0965462046669368,-0.29176896350419196,-1.6883377367241852,-2.9128151948276626,-0.9105892773335508,-1.6336704495326815,-2.7116118547673254,-0.13382950593814075,-1.648063800422637,-2.3097367390999177,-0.09616703201716875,-1.6636142340104214,-1.1274406523339813,-0.44821193687974836,-0.8719068445159106,-0.09198748786933798,-3.0965462046669368,-2.1343202519512463,-1.0056219457786273,-2.3538575650307303
-1.8904994192427726,-0.7987971410103962,-0.3132626660560529,-1.7158745506378137,-0.2810137414065181,-2.5250926785340773,0.1991824291234657,-2.1222315015875712,-1.6667369554436748,-4.286879803182893,-0.6868587298018591,-0.49271446099045074,-0.019187714759699465,-2.2113630071772836,-1.220175014901186,0.18686489608339055,0.6192958400529607,-0.391340488894285,-0.8445114219905646,-0.7157051851878071,-1.7259373342940523,-3.878868655166937,-4.348632239793867,-1.7573050548470692,1.1846804664225432,-1.1088336096061968,-3.2171053776014364,-3.630160384672637,-2.3786943648609133,-2.267848251777449,-3.2949949830841794,-2.8427445031240723,-0.7474859423269642,-3.371256352222586,-2.280529240288233,-0.5628232038280155,-2.440483188376241,0.7241312337381173,-1.5495475091033761,-4.598890203996579,-1.295259499291178,-4.978113993565825,-0.9252501993935875,0.31439368012073604,-2.698395880526489,-1.265386791644454,0.8185216255764924,-1.8466257428679664,-0.39125255255316327,-0.3095917150159456,-0.9414658524703426,-1.8810934905553087,0.40642046372977214,0.061246803073151654,0.988286308016115,0.5421398843584031,-0.6840353440950493,-3.066339735630516,-1.1495154513355064,-0.29803060873001785,1.1763586125132641,0.11164301217259089,-0.26157347556263766,0.5984281495533288,-0.2918646873577864,0.43094126452849674,-1.4900729667157293,1.2518221817477007,-0.07088025412256546,-0.5310137444623225,0.8941112435091894,0.12709498160941354,0.7636974090254234,0.442718685981218,-0.027720399315279125,-0.706785689185691,-0.8031377809426212,-1.560474862100792,0.5762129073368382,-0.07997903492491687,-3.370570963907029,0.34509684292796616,-2.733267605777005,0.7444751199878259,0.5164792102012861,0.36016037226599357,-0.15823929707668563,-2.8065083658139627,-2.247853418897366,-0.4507731894346684,0.019238167105322716,-0.2248226794077302,-0.14822427971749458,0.24712416519224603,0.6818241680449634,-1.7646471499658545,-0.8045917559482192,0.7439821058347992,-1.2145388188694621,0.8322428144017381,0.7843901089885565,-0.49005263748267947,-0.9843538605601357,0.32218936602819487,-0.20561902702029425,0.7508786669034296,-0.3990040471627696,-0.13290363773895286,1.15643498586741,-0.34065810152603276,0.20858737354463694,-36.84136148790473,0.09428352278487011,-0.5056338279310102,-1.4346700288597214,-0.38593718616419836,-2.1083154580789554,-4.158589268656725,-0.876434080557947,-1.269763499841295,-2.121944748917972,0.24261173002003827,-1.1330108712836504,-1.208506648595228,0.0316181928314132,-3.7598736694232375,0.2726683226193455,-36.84136148790473,-2.1482116412123875,-1.035363233616852,-3.8540047469393603
-1.8904994192427726,-0.7987971410103962,-0.3132626660560529,-1.7158745506378137,-0.2810137414065181,-2.5250926785340773,0.1991824291234657,-2.1222315015875712,-1.6667369554436748,-4.286879803182893,-0.6868587298018591,-0.49271446099045074,-0.019187714759699465,-2.2113630071772836,-1.220175014901186,0.18686489608339055,0.6192958400529607,-0.391340488894285,-0.8445114219905646,-0.7157051851878071,-1.7259373342940523,-3.878868655166937,-4.348632239793867,-1.7573050548470692,1.1846804664225432,-1.1088336096061968,-3.2171053776014364,-3.630160384672637,-2.3786943648609133,-2.267848251777449,-3.2949949830841794,-2.8427445031240723,-0.7474859423269642,-3.371256352222586,-2.280529240288233,-0.5628232038280155,-2.440483188376241,0.7241312337381173,-1.5495475091033761,-4.598890203996579,-1.295259499291178,-4.978113993565825,-0.9252501993935875,0.31439368012073604,-2.698395880526489,-1.265386791644454,0.8185216255764924,-1.8466257428679664,-0.39125255255316327,-0.3095917150159456,-0.9414658524703426,-1.8810934905553087,0.40642046372977214,0.061246803073151654,0.988286308016115,0.5421398843584031,-0.6840353440950493,-3.066339735630516,-1.1495154513355064,-0.29803060873001785,1.1763586125132641,0.11164301217259089,-0.26157347556263766,0.5984281495533288,-0.2918646873577864,0.43094126452849674,-1.4900729667157293,1.2518221817477007,-0.07088025412256546,-0.5310137444623225,0.8941112435091894,0.12709498160941354,0.7636974090254234,0.442718685981218,-0.027720399315279125,-0.706785689185691,-0.8031377809426212,-1.560474862100792,0.5762129073368382,-0.07997903492491687,-3.370570963907029,0.34509684292796616,-2.733267605777005,0.7444751199878259,0.5164792102012861,0.36016037226599357,-0.15823929707668563,-2.8065083658139627,-2.247853418897366,-0.4507731894346684,0.019238167105322716,-0.2248226794077302,-0.14822427971749458,0.24712416519224603,0.6818241680449634,-1.7646471499658545,-0.8045917559482192,0.7439821058347992,-1.2145388188694621,0.8322428144017381,0.7843901089885565,-0.49005263748267947,-0.9843538605601357,0.32218936602819487,-0.20561902702029425,0.7508786669034296,-0.3990040471627696,-0.13290363773895286,1.15643498586741,-0.34065810152603276,0.20858737354463694,-36.84136148790473,0.09428352278487011,-0.5056338279310102,-1.4346700288597214,-0.38593718616419836,-2.1083154580789554,-4.158589268656725,-0.876434080557947,-1.269763499841295,-2.121944748917972,0.24261173002003827,-1.1330108712836504,-1.208506648595228,0.0316181928314132,-3.7598736694232375,0.2726683226193455,-36.84136148790473,-2.1482116412123875,-1.035363233616852,-3.8540047469393603
-1.8904994192427726,-0.7987971410103962,-0.3132626660560529,-1.7158745506378137,-0.2810137414065181,-2.5250926785340773,0.1991824291234657,-2.1222315015875712,-1.6667369554436748,-4.286879803182893,-0.6868587298018591,-0.49271446099045074,-0.019187714759699465,-2.2113630071772836,-1.220175014901186,0.18686489608339055,0.6192958400529607,-0.391340488894285,-0.8445114219905646,-0.7157051851878071,-1.7259373342940523,-3.878868655166937,-4.348632239793867,-1.7573050548470692,1.1846804664225432,-1.1088336096061968,-3.2171053776014364,-3.630160384672637,-2.3786943648609133,-2.267848251777449,-3.2949949830841794,-2.8427445031240723,-0.7474859423269642,-3.371256352222586,-2.280529240288233,-0.5628232038280155,-2.440483188376241,0.7241312337381173,-1.5495475091033761,-4.598890203996579,-1.295259499291178,-4.978113993565825,-0.9252501993935875,0.31439368012073604,-2.698395880526489,-1.265386791644454,0.8185216255764924,-1.8466257428679664,-0.39125255255316327,-0.3095917150159456,-0.9414658524703426,-1.8810934905553087,0.40642046372977214,0.061246803073151654,0.988286308016115,0.5421398843584031,-0.6840353440950493,-3.066339735630516,-1.1495154513355064,-0.29803060873001785,1.1763586125132641,0.11164301217259089,-0.26157347556263766,0.5984281495533288,-0.2918646873577864,0.43094126452849674,-1.4900729667157293,1.2518221817477007,-0.07088025412256546,-0.5310137444623225,0.8941112435091894,0.12709498160941354,0.7636974090254234,0.442718685981218,-0.027720399315279125,-0.706785689185691,-0.8031377809426212,-1.560474862100792,0.5762129073368382,-0.07997903492491687,-3.370570963907029,0.34509684292796616,-2.733267605777005,0.7444751199878259,0.5164792102012861,0.36016037226599357,-0.15823929707668563,-2.8065083658139627,-2.247853418897366,-0.4507731894346684,0.019238167105322716,-0.2248226794077302,-0.14822427971749458,0.24712416519224603,0.6818241680449634,-1.7646471499658545,-0.8045917559482192,0.7439821058347992,-1.2145388188694621,0.8322428144017381,0.7843901089885565,-0.49005263748267947,-0.9843538605601357,0.32218936602819487,-0.20561902702029425,0.7508786669034296,-0.3990040471627696,-0.13290363773895286,1.15643498586741,-0.34065810152603276,0.20858737354463694,-36.84136148790473,0.09428352278487011,-0.5056338279310102,-1.4346700288597214,-0.38593718616419836,-2.1083154580789554,-4.158589268656725,-0.876434080557947,-1.269763499841295,-2.121944748917972,0.24261173002003827,-1.1330108712836504,-1.208506648595228,0.0316181928314132,-3.7598736694232375,0.2726683226193455,-36.84136148790473,-2.1482116412123875,-1.035363233616852,-3.8540047469393603
-2.164202041716844,-0.24623812474480514,-0.5576841649902825,-2.1791036244548585,-0.1973783827646566,-3.583092952435261,0.46374764949544117,-2.144646722217108,-1.0232365766914104,-7.6695862377768975,-0.7117075439106257,-0.27292950695642737,-0.4482124628977396,-2.7283815803889717,-0.7799113194927553,-0.6296747989176257,0.4952326908194176,-0.5373326862345912,-0.8660181601996093,-1.1506181334790286,-0.7928436817096243,-2.890414508493064,-4.707033669254788,-2.6670738529139433,0.9057098199640681,-0.9565929630078509,-3.27259712816166,-2.820070690902392,-6.3158029974067125,-2.9580654546431453,-2.0345314802374284,-3.1959317502829405,-0.8244088187081946,-2.1593314949809947,-2.0634859975646083,-0.34580234825951484,-2.9339988459418356,0.7595868243140768,-4.208322005516544,-4.185759822328627,-0.7037894068725058,-5.117401092883046,-1.7962352570916402,0.9495210413896197,-2.1802756422097147,-1.1891604322193547,0.7472216374911506,-1.8896853356997745,-0.36006282139946616,-0.8890220656586107,-0.9307257749652896,-3.5518751743452297,-0.22750417171935325,0.39009194247565065,0.8005971357830208,-0.09230019876101382,0.26161816929984033,-4.670395453984962,-0.7038950989434112,-0.5832865171257945,1.4586124584524993,-0.37841163527072297,-0.8728763160650269,0.7970190711008457,-1.153646049804643,0.30852966597696146,-2.5107927377440578,0.7642905589141038,-1.2482302570553447,-0.7867434925586688,0.9097919260355541,0.38332865612468553,0.3759929846390766,0.4652897493303735,0.0484349987062951,-1.146464694732047,-0.8438388503600818,-1.4682609983136217,0.15789761472960887,0.8286441749478187,-2.2915653576794055,1.0034898823288245,-1.762363379252635,1.3169546062978645,0.8191609916638726,0.1331894802618894,-0.16459443959847048,-2.4223012496562526,-2.906946323004573,0.5733826148404626,-0.3627881822679963,-0.4792486687031656,-0.07613060177325005,-0.4957443871828535,0.4064208416339891,-2.179368971987817,-0.7238507305054194,0.2749453022974804,-1.722991233956409,0.7515250139799191,0.33840377923183135,-0.6667756697723887,-1.036759696820852,-0.24753114382197167,-0.4660531335750779,0.7674378910714501,-1.285591325151961,-0.5119955886627919,1.3247131900113476,-0.9925513250073461,-0.5310591516848321,-1.5641504901101837,-1.0517718269629077,-1.0323231332839047,-1.993845292650213,-0.7063404813813084,-1.1593142697278438,-3.1446367751010986,0.09248403657669976,-0.5679082637615002,-0.8223033636748303,0.6649666387820946,-0.6502805196498129,-0.9217456661775643,-0.38509433607406024,-1.6292352418421563,0.2644674406178175,-1.5641504901101837,-2.5038542395988608,-1.7915793301965832,-3.008809558037275
-1.928047597972294,-1.0920024278386264,-0.46393428542504994,-2.1825112934201534,-0.13171694798907946,-3.9267117699748164,-0.09120666074928052,-1.7739433487879637,-1.4933821954568094,-3.661371151080517,-0.6158806523437027,-0.47860506111775136,-0.03084542341906236,-2.8997214779480505,-1.1237490159906944,-0.4326283718760715,0.6117480276636302,-0.8877788155480614,-1.401566205345629,-1.4728627009919304,-1.2535655136682504,-3.9167749568263988,-16.27100758430281,-2.3019515095972256,1.0203735936199712,-1.436664457584995,-3.935491883595124,-2.9135228177486825,-4.666217068834634,-5.340204686896693,-2.663555009847106,-3.9650789677576648,-1.0990208957077836,-2.779244213669943,-2.365677003370269,-0.6411935356462033,-2.5278099315740383,0.6324449277007798,-2.8056227716699143,-4.1084427085599975,-0.5522640708339783,-4.513520610418129,-1.354415225885989,0.5794609276635155,-2.209447871696073,-1.2346483500011125,0.7318483423602267,-1.429805420015471,-0.2043169116211442,-0.4706236224279933,-0.4735198043456629,-5.968960800565859,-0.2741897107181407,0.31307669368676816,0.869123301835253,-0.2344504553703143,0.031484486750805035,-3.5473491282115828,-0.6334696352712508,-0.4595635638036158,1.0609653130597492,-0.13996968478551644,-1.516368096613626,0.9022904110395767,-0.9304157298260293,-0.015942012936259402,-2.053693527958738,0.9322785838982309,-0.8412517109448511,-1.0489206972281222,0.38244061830600895,0.5259772743546123,0.20799449354529073,0.46086249167399546,-0.04116839407529891,-1.1113277614786028,-0.741893235296242,-0.42028145932644156,0.20989771544231334,0.5817778601330255,-2.357218011212673,0.6798256930223516,-2.449131307336967,1.1033719495478855,0.6777345417625169,0.5930576980507716,-0.4377059901694214,-2.2100432850699803,-3.078900339440761,0.7710371495285846,-0.3478272897819993,-0.19060870830451207,-0.15219707668650576,-0.40500117447715833,0.13837710449836804,-1.3934156904780226,-1.1332044306528002,0.3576551422651326,-1.4589158523519552,0.7412934251761312,0.4136859665902614,-1.1109346761461831,-1.005159163186515,-0.10289198097503731,-0.2466119277761839,0.8548639212094883,-1.151161571390466,-0.44093800363996816,1.320179324119581,-0.7706285347790588,-0.9958782383301918,-3.430371304796838,-0.877634160627116,-1.8310622432832495,-3.9954898270505304,-0.8148945736093091,-2.2291657987507216,-3.4937597951922825,-0.6416296101156532,-1.6155749769616508,-1.6558644894518013,0.44919069729050143,-1.2868067958914184,-1.4056287034439485,-0.6887431907441526,-3.3657204095313826,-0.8376626433736839,-3.430371304796838,-2.8982411923016134,-2.061897379278597,-3.392186186591978
-1.928047597972294,-1.0920024278386264,-0.46393428542504994,-2.1825112934201534,-0.13171694798907946,-3.9267117699748164,-0.09120666074928052,-1.7739433487879637,-1.4933821954568094,-3.661371151080517,-0.6158806523437027,-0.47860506111775136,-0.03084542341906236,-2.8997214779480505,-1.1237490159906944,-0.4326283718760715,0.6117480276636302,-0.8877788155480614,-1.401566205345629,-1.4728627009919304,-1.2535655136682504,-3.9167749568263988,-16.27100758430281,-2.3019515095972256,1.0203735936199712,-1.436664457584995,-3.935491883595124,-2.9135228177486825,-4.666217068834634,-5.340204686896693,-2.663555009847106,-3.9650789677576648,-1.0990208957077836,-2.779244213669943,-2.365677003370269,-0.6411935356462033,-2.5278099315740383,0.6324449277007798,-2.8056227716699143,-4.1084427085599975,-0.5522640708339783,-4.513520610418129,-1.354415225885989,0.5794609276635155,-2.209447871696073,-1.2346483500011125,0.7318483423602267,-1.429805420015471,-0.2043169116211442,-0.4706236224279933,-0.4735198043456629,-5.968960800565859,-0.2741897107181407,0.31307669368676816,0.869123301835253,-0.2344504553703143,0.031484486750805035,-3.5473491282115828,-0.6334696352712508,-0.4595635638036158,1.0609653130597492,-0.13996968478551644,-1.516368096613626,0.9022904110395767,-0.9304157298260293,-0.015942012936259402,-2.053693527958738,0.9322785838982309,-0.8412517109448511,-1.0489206972281222,0.38244061830600895,0.5259772743546123,0.20799449354529073,0.46086249167399546,-0.04116839407529891,-1.1113277614786028,-0.741893235296242,-0.42028145932644156,0.20989771544231334,0.5817778601330255,-2.357218011212673,0.6798256930223516,-2.449131307336967,1.1033719495478855,0.6777345417625169,0.5930576980507716,-0.4377059901694214,-2.2100432850699803,-3.078900339440761,0.7710371495285846,-0.3478272897819993,-0.19060870830451207,-0.15219707668650576,-0.40500117447715833,0.13837710449836804,-1.3934156904780226,-1.1332044306528002,0.3576551422651326,-1.4589158523519552,0.7412934251761312,0.4136859665902614,-1.1109346761461831,-1.005159163186515,-0.10289198097503731,-0.2466119277761839,0.8548639212094883,-1.151161571390466,-0.44093800363996816,1.320179324119581,-0.7706285347790588,-0.9958782383301918,-3.430371304796838,-0.877634160627116,-1.8310622432832495,-3.9954898270505304,-0.8148945736093091,-2.2291657987507216,-3.4937597951922825,-0.6416296101156532,-1.6155749769616508,-1.6558644894518013,0.44919069729050143,-1.2868067958914184,-1.4056287034439485,-0.6887431907441526,-3.3657204095313826,-0.8376626433736839,-3.430371304796838,-2.8982411923016134,-2.061897379278597,-3.392186186591978
-0.9344638151250021,-0.23435699659907835,-0.6125381041039052,-2.2182733828997465,-0.13642753419762696,-3.609467547102942,0.025868613559615977,-3.222703196956114,-0.8953225515462989,-3.5438504794466765,-0.38687386479773794,-0.2769233869080867,-0.5896563740451897,-3.3790916274303733,-0.8878832334023373,-0.8064106354240222,0.8822774474398665,-0.31163817777306985,-0.7981575774727889,-1.5518003965883078,0.06605900543643886,-2.8302353277313883,-4.74834408635456,-2.2052078423343247,0.9750250465754048,-1.0321035585955902,-5.163592768502815,-1.6041921746088652,-5.511592563469239,-2.4402165960745723,-2.7508544648219195,-4.142390490575803,-1.1685941199578704,-2.3429423280015866,-1.4530108031711355,0.13115270620866729,-2.122761145553227,0.7013155339103799,-2.7438900659753416,-4.2079757204583865,-0.559036481799988,-4.1654323618817335,-2.397988526354188,0.5356505636610633,-3.3060975272223097,-0.644523940028182,0.8235382484283946,-1.863548205578095,0.11496129420120875,-0.7645182773165663,-1.122881899282976,-6.515984342746038,-0.10233254614689116,0.09490926348905328,0.5717785059965537,0.5134907809219628,0.013971858929381582,-2.7525717808450167,-0.8608510874036431,-0.10207863292140296,1.1917699732953595,0.1525505612114737,-0.1999849674269605,0.5958489978946507,-1.021022656827647,-0.4322960145672109,-1.494006242807187,0.9845346401945934,-0.668332867235844,-0.32056740742258605,0.9853907868220484,0.2479711054985565,0.46158171598595127,0.6551948516120275,0.17075786562405154,-0.6003815876212484,-0.5069076264356325,-2.0224338500721393,0.4907237166761721,-1.0953420605510573,-3.7754307976606767,0.374028994448746,-3.4513871449345763,0.6855905746258597,1.46313236208497,0.144326291824173,-0.6469256338699142,-2.410765764919545,-2.910587747516853,0.36177623450202584,-0.7384037617695732,-0.1140094549922314,-0.20197075059216982,-0.7485923699350497,0.18589889755645397,-1.8410392613653228,-0.5743003208789885,-0.28040218746959733,-1.5909669490075429,0.5545816861352766,0.7637123877794216,-1.1496285236428205,-1.4514328563899532,-0.3870514504848283,-0.07481515478141254,1.0260411676372259,-1.1212758616304996,-0.5220019598516314,1.2953067567134275,-0.5687316897089434,-0.5315011973488312,-3.581312542427726,-0.6509754660169987,-1.0837278415661928,-2.5811674417348125,-0.13772860898814152,-1.7945541258452424,-1.414549927336611,-0.3774873091805227,-1.3029861903036106,-1.374193619125713,0.2980989945056353,-0.7282117577198967,-1.3983842849287587,-1.1565235990002742,-4.846214801190509,0.4135795330818427,-3.581312542427726,-3.5833617210791626,-2.4644438742065455,-2.3212904191849892
-0.9344638151250021,-0.23435699659907835,-0.6125381041039052,-2.2182733828997465,-0.13642753419762696,-3.609467547102942,0.025868613559615977,-3.222703196956114,-0.8953225515462989,-3.5438504794466765,-0.38687386479773794,-0.2769233869080867,-0.5896563740451897,-3.3790916274303733,-0.8878832334023373,-0.8064106354240222,0.8822774474398665,-0.31163817777306985,-0.7981575774727889,-1.5518003965883078,0.06605900543643886,-2.8302353277313883,-4.74834408635456,-2.2052078423343247,0.9750250465754048,-1.0321035585955902,-5.163592768502815,-1.6041921746088652,-5.511592563469239,-2.4402165960745723,-2.7508544648219195,-4.142390490575803,-1.1685941199578704,-2.3429423280015866,-1.4530108031711355,0.13115270620866729,-2.122761145553227,0.7013155339103799,-2.7438900659753416,-4.2079757204583865,-0.559036481799988,-4.1654323618817335,-2.397988526354188,0.5356505636610633,-3.3060975272223097,-0.644523940028182,0.8235382484283946,-1.863548205578095,0.11496129420120875,-0.7645182773165663,-1.122881899282976,-6.515984342746038,-0.10233254614689116,0.09490926348905328,0.5717785059965537,0.5134907809219628,0.013971858929381582,-2.7525717808450167,-0.8608510874036431,-0.10207863292140296,1.1917699732953595,0.1525505612114737,-0.1999849674269605,0.5958489978946507,-1.021022656827647,-0.4322960145672109,-1.494006242807187,0.9845346401945934,-0.668332867235844,-0.32056740742258605,0.9853907868220484,0.2479711054985565,0.46158171598595127,0.6551948516120275,0.17075786562405154,-0.6003815876212484,-0.5069076264356325,-2.0224338500721393,0.4907237166761721,-1.0953420605510573,-3.7754307976606767,0.374028994448746,-3.4513871449345763,0.6855905746258597,1.46313236208497,0.144326291824173,-0.6469256338699142,-2.410765764919545,-2.910587747516853,0.36177623450202584,-0.7384037617695732,-0.1140094549922314,-0.20197075059216982,-0.7485923699350497,0.18589889755645397,-1.8410392613653228,-0.5743003208789885,-0.28040218746959733,-1.5909669490075429,0.5545816861352766,0.7637123877794216,-1.1496285236428205,-1.4514328563899532,-0.3870514504848283,-0.07481515478141254,1.0260411676372259,-1.1212758616304996,-0.5220019598516314,1.2953067567134275,-0.5687316897089434,-0.5315011973488312,-3.581312542427726,-0.6509754660169987,-1.0837278415661928,-2.5811674417348125,-0.13772860898814152,-1.7945541258452424,-1.414549927336611,-0.3774873091805227,-1.3029861903036106,-1.374193619125713,0.2980989945056353,-0.7282117577198967,-1.3983842849287587,-1.1565235990002742,-4.846214801190509,0.4135795330818427,-3.581312542427726,-3.5833617210791626,-2.4644438742065455,-2.3212904191849892
-0.8570911324172913,-0.8481630218225822,-0.4431252224504442,-2.3122079597193674,-0.3458291712872598,-3.3124034116868333,0.5633917234107427,-2.0828581808519733,-1.1494911878448737,-2.111731876947041,-0.5170365725987064,-0.03387652402885197,-0.4378862137005985,-2.527883646721509,-0.6294391441167031,-0.7459994766859736,0.6861432805587431,-0.24221452100776614,-0.8506672910029917,-1.5365174265809987,-0.9203612161179107,-2.4064700618198267,-3.996034859632057,-1.882978836798476,1.134979440742526,-1.0441945989115935,-4.2295182384858325,-2.114116642727067,-4.9220115391374275,-2.9758636621236407,-2.9477363831671646,-2.280142491613456,-1.0233062164575193,-2.3827808909971524,-1.4454128061058997,-0.11340404302444673,-1.5704844911119338,0.6529707444177805,-1.7999407463201473,-4.826981085465539,-0.4084034612089162,-5.347409803706761,-1.8516469158300122,0.8106029016824078,-2.5006236660266414,-1.0191966287101892,0.5536805817982018,-2.251506271835232,0.3216002112285575,-0.3411147433086824,-0.9800769961815502,-4.17454865421349,0.18531443909371123,0.3137503570272006,0.6078647645273773,0.9318572524530496,-0.10342433560466469,-2.467241652752043,-1.165073383503356,0.04250670458445214,1.0082061346698907,-0.2619381805172049,0.06882934437646081,0.3425467385100728,-0.9225989246426346,0.3655291752090903,-1.286801171003255,0.8925458281942504,-0.7714177876156187,-0.3104958314881026,1.079818544299078,0.02964307518771194,1.213097720524566,0.5902017319728459,0.28548299338965283,-0.6403435113706284,-0.2160341335209391,-2.2928657774995633,0.6760694198827071,0.1475956708021786,-3.3737991081852017,0.6844980351371052,-2.7854045638007947,0.8444423267966467,1.2607642986513732,-0.477777743494576,-0.41732729281749087,-3.039653421229271,-2.3878600299975377,-0.47863491198439223,0.024139926432633515,-0.2807235079243563,-0.05437074174557932,-0.11015160373550711,0.5613264837005261,-1.5325001943292194,0.3278486955066404,0.17348203066222317,-1.584435735652495,0.5825405202060712,0.8503341921073551,-0.8275234075662478,-1.161104012766409,-0.21506826927903955,-0.24386355608371912,0.8801209049093796,-0.6768148343070074,-0.5565379615568602,1.1407699305221484,-0.3845811313054264,0.3677740729476274,-3.310595628517458,0.11105932674126046,-0.5326847463204014,-1.4045936992005956,0.10613086713742766,-0.9481377409433139,-3.2338592613942234,-0.5874851316116757,-1.0918197756860626,-2.0475298858314788,0.44324656085224345,-0.7956291580115074,-1.055151099928576,-0.5283663436982057,-2.7825512713136793,1.6609840513022132,-3.310595628517458,-2.300294632247279,-1.2745758180941833,-2.705696867572
-0.8570911324172913,-0.8481630218225822,-0.4431252224504442,-2.3122079597193674,-0.3458291712872598,-3.3124034116868333,0.5633917234107427,-2.0828581808519733,-1.1494911878448737,-2.111731876947041,-0.5170365725987064,-0.03387652402885197,-0.4378862137005985,-2.527883646721509,-0.6294391441167031,-0.7459994766859736,0.6861432805587431,-0.24221452100776614,-0.8506672910029917,-1.5365174265809987,-0.9203612161179107,-2.4064700618198267,-3.996034859632057,-1.882978836798476,1.134979440742526,-1.0441945989115935,-4.2295182384858325,-2.114116642727067,-4.9220115391374275,-2.9758636621236407,-2.9477363831671646,-2.280142491613456,-1.0233062164575193,-2.3827808909971524,-1.4454128061058997,-0.11340404302444673,-1.5704844911119338,0.6529707444177805,-1.7999407463201473,-4.826981085465539,-0.4084034612089162,-5.347409803706761,-1.8516469158300122,0.8106029016824078,-2.5006236660266414,-1.0191966287101892,0.5536805817982018,-2.251506271835232,0.3216002112285575,-0.3411147433086824,-0.9800769961815502,-4.17454865421349,0.18531443909371123,0.3137503570272006,0.6078647645273773,0.9318572524530496,-0.10342433560466469,-2.467241652752043,-1.165073383503356,0.04250670458445214,1.0082061346698907,-0.2619381805172049,0.06882934437646081,0.3425467385100728,-0.9225989246426346,0.3655291752090903,-1.286801171003255,0.8925458281942504,-0.7714177876156187,-0.3104958314881026,1.079818544299078,0.02964307518771194,1.213097720524566,0.5902017319728459,0.28548299338965283,-0.6403435113706284,-0.2160341335209391,-2.2928657774995633,0.6760694198827071,0.1475956708021786,-3.3737991081852017,0.6844980351371052,-2.7854045638007947,0.8444423267966467,1.2607642986513732,-0.477777743494576,-0.41732729281749087,-3.039653421229271,-2.3878600299975377,-0.47863491198439223,0.024139926432633515,-0.2807235079243563,-0.05437074174557932,-0.11015160373550711,0.5613264837005261,-1.5325001943292194,0.3278486955066404,0.17348203066222317,-1.584435735652495,0.5825405202060712,0.8503341921073551,-0.8275234075662478,-1.161104012766409,-0.21506826927903955,-0.24386355608371912,0.8801209049093796,-0.6768148343070074,-0.5565379615568602,1.1407699305221484,-0.3845811313054264,0.3677740729476274,-3.310595628517458,0.11105932674126046,-0.5326847463204014,-1.4045936992005956,0.10613086713742766,-0.9481377409433139,-3.2338592613942234,-0.5874851316116757,-1.0918197756860626,-2.0475298858314788,0.44324656085224345,-0.7956291580115074,-1.055151099928576,-0.5283663436982057,-2.7825512713136793,1.6609840513022132,-3.310595628517458,-2.300294632247279,-1.2745758180941833,-2.705696867572
-1.4762777853467064,-1.1327508810979026,-0.608301080883101,-2.7337480075705627,-0.03220350946761207,-3.5491330227125504,0.40289004347406426,-2.0550770697181666,-1.2070659619778312,-2.0634979581080932,-0.4547611235445978,0.18643393833528715,-0.5780161599751724,-3.3679607210839215,-0.6311229614308654,-0.8099286509438962,0.7308736400023136,-0.8443281344418752,-1.3148581765442753,-2.1127252144784947,-1.221805980634848,-3.661221575686416,-6.975326142213964,-1.9508402520231285,1.0161726584029027,-1.0614940536553248,-4.801274494598807,-1.8735735290491093,-5.379798336342719,-2.3403414908558546,-2.3956070551649757,-3.365410928967542,-1.4010895222688964,-2.3502219675142655,-1.6271388903168766,-0.5367706842605621,-1.8535167277227296,0.4821988121523373,-2.7100971918476797,-3.511434181679762,-0.2593588505256516,-4.959009069998981,-1.8040463141952496,0.7824947129731007,-3.9628436708307038,-0.6222539050546617,0.6348737708596994,-2.224223412700431,0.5253676911661611,-0.08070557540304045,-0.9499263130040405,-5.467684361243315,-0.24745898278610143,0.50372059579588,0.3294812478364317,0.6818928722384079,0.15649532643361455,-2.33867123524094,-0.8377320067371529,0.08004373236892778,0.9434227189324033,-0.6420905401083848,-0.06131450945263829,0.3825437567889079,-0.9636395333038951,0.21366155841815898,-1.5003556979118433,0.6069976509477708,-0.8333434957548426,-0.23356198362712122,0.5048410295809517,-0.11282444898566535,1.1861596922360131,0.38673264693149323,-0.167373072202805,-0.6948905979568298,-0.47170513273932485,-2.6999207965946583,0.5353785339988916,0.1944375941170976,-3.3931069362971367,0.8380365029122442,-2.483421930603997,0.9740262213596892,1.1610770218707673,-0.4988835343081193,-0.6441859574699391,-3.079338132554544,-2.894763775352145,0.06073698081547534,0.15107242334394377,-0.4626013619378035,0.2751092610964093,-0.2663961766680942,0.2803010484215998,-0.5720569014933723,-0.1112213954375732,0.0622154012526382,-2.2300202879157096,0.6431945172564176,0.41645373494213095,-1.198926022502804,-1.108585855233103,-0.20409010740733385,-0.6702442683031232,0.7403736762192511,-1.1179473544842977,-0.7253403264476594,1.2943775632324073,-0.5112646246922922,-0.4694978211490857,-11.552040234018921,-0.7307740509104373,-1.3251546455881544,-2.2437337847399847,-0.10351007825562793,-1.1884141549515133,-2.047583530914485,-0.7262898633327229,-1.2332891335861789,-1.4394432679674325,0.5426089451106184,-0.4802225824848738,-1.3580672208005702,-1.5452504972394259,-2.8204142316816294,0.1756082777942284,-11.552040234018921,-2.9571056496756807,-1.9420647120009957,-3.0551398588070695
-1.40716246916669,-1.298812127120928,-0.7276784907960795,-2.4625535679083232,0.1300916764743008,-4.055563650427675,-0.13870972604461929,-2.120661208054053,-0.9623702763196224,-1.8656825493841631,-0.44237864475672584,-0.09665193849606674,-0.4873641980605471,-3.9290187754074464,-0.8587259347021019,-1.3056790981671031,0.7468118348912636,-1.011317554951834,-1.4649893354723478,-1.9967517452345784,-0.24244871407262286,-4.464214357225302,-5.187686380770903,-2.139329533869456,0.9745477504470844,-1.220184864829078,-6.454936027673778,-2.1071325087700807,-4.6459509045772345,-2.428932433895113,-3.4837039328216846,-4.567442501810569,-1.4689817138181183,-2.9445158875750246,-2.303641360142188,-0.9675096523170388,-2.428131653977115,0.4723388261999174,-2.7037045744976007,-3.3239718571850507,-0.3770190312130191,-4.515227797123574,-1.8786455959110726,0.5179130378246406,-3.5543740223730933,-0.27862602824634203,0.6700325513247254,-1.6841139368178015,0.2988027565613341,-0.16556472629299954,-0.7992547987700744,-36.83817257573278,-0.5473192505884995,0.5764501907484295,0.5753331036963577,-0.0691869792587001,0.08641809305290576,-2.6424117884193166,-0.5360838330180919,-0.06279225136386773,0.8712096180910053,-0.31941854184738067,-0.5095516595993158,0.6407995358217309,-0.9147791826326708,-0.14640017410198147,-1.6433362520021215,0.776032307386272,-0.36036573182745457,-0.44101870041852065,0.2230432526721452,0.16120040632704144,0.593895579165239,0.538326199649144,-0.3623176994956663,-0.5904915890109954,-0.6002842158934129,-0.676689605557276,0.3437584707609508,0.09458547355113067,-3.15124512603989,0.6385449207798979,-2.9928690846690134,0.9017023752751359,1.025801580300908,0.11706842487190282,-1.0101527044902618,-2.7244744013188487,-3.517967930273483,0.5615365130328861,-0.23043103883969482,-0.5124735706470993,0.09278147358654489,-0.4990151685127863,-0.1786932105911056,-0.2785499975229472,-1.405891459100186,-0.38801883791965935,-1.4375735050459004,0.5820271158051988,0.4778121814672498,-1.3527860537993877,-0.8319175256983076,-0.1241752414374638,-0.2525811566237923,0.7386810762451863,-1.311258855335965,-0.70701660850631,1.2826870248273243,-0.7347989744024279,-0.6969821243260448,-36.84136148790465,-0.9906447048193354,-1.9626449017780436,-2.744217064536972,-0.4796438577342224,-2.175856698454634,-1.1219048181587847,-1.0085876918766286,-1.7584034215348983,-1.7532840642139702,0.2985849920970675,-0.6282576138469093,-1.7574628024992203,-2.371216942067315,-6.027040443248343,-1.7060527596750084,-36.84136148790465,-4.066684563079441,-2.2456620168635313,-2.1619260273250993
-0.9344638151250021,-0.23435699659907835,-0.6125381041039052,-2.2182733828997465,-0.13642753419762696,-3.609467547102942,0.025868613559615977,-3.222703196956114,-0.8953225515462989,-3.5438504794466765,-0.38687386479773794,-0.2769233869080867,-0.5896563740451897,-3.3790916274303733,-0.8878832334023373,-0.8064106354240222,0.8822774474398665,-0.31163817777306985,-0.7981575774727889,-1.5518003965883078,0.06605900543643886,-2.8302353277313883,-4.74834408635456,-2.2052078423343247,0.9750250465754048,-1.0321035585955902,-5.163592768502815,-1.6041921746088652,-5.511592563469239,-2.4402165960745723,-2.7508544648219195,-4.142390490575803,-1.1685941199578704,-2.3429423280015866,-1.4530108031711355,0.13115270620866729,-2.122761145553227,0.7013155339103799,-2.7438900659753416,-4.2079757204583865,-0.559036481799988,-4.1654323618817335,-2.397988526354188,0.5356505636610633,-3.3060975272223097,-0.644523940028182,0.8235382484283946,-1.863548205578095,0.11496129420120875,-0.7645182773165663,-1.122881899282976,-6.515984342746038,-0.10233254614689116,0.09490926348905328,0.5717785059965537,0.5134907809219628,0.013971858929381582,-2.7525717808450167,-0.8608510874036431,-0.10207863292140296,1.1917699732953595,0.1525505612114737,-0.1999849674269605,0.5958489978946507,-1.021022656827647,-0.4322960145672109,-1.494006242807187,0.9845346401945934,-0.668332867235844,-0.32056740742258605,0.9853907868220484,0.2479711054985565,0.46158171598595127,0.6551948516120275,0.17075786562405154,-0.6003815876212484,-0.5069076264356325,-2.0224338500721393,0.4907237166761721,-1.0953420605510573,-3.7754307976606767,0.374028994448746,-3.4513871449345763,0.6855905746258597,1.46313236208497,0.144326291824173,-0.6469256338699142,-2.410765764919545,-2.910587747516853,0.36177623450202584,-0.7384037617695732,-0.1140094549922314,-0.20197075059216982,-0.7485923699350497,0.18589889755645397,-1.8410392613653228,-0.5743003208789885,-0.28040218746959733,-1.5909669490075429,0.5545816861352766,0.7637123877794216,-1.1496285236428205,-1.4514328563899532,-0.3870514504848283,-0.07481515478141254,1.0260411676372259,-1.1212758616304996,-0.5220019598516314,1.2953067567134275,-0.5687316897089434,-0.5315011973488312,-3.581312542427726,-0.6509754660169987,-1.0837278415661928,-2.5811674417348125,-0.13772860898814152,-1.7945541258452424,-1.414549927336611,-0.3774873091805227,-1.3029861903036106,-1.374193619125713,0.2980989945056353,-0.7282117577198967,-1.3983842849287587,-1.1565235990002742,-4.846214801190509,0.4135795330818427,-3.581312542427726,-3.5833617210791626,-2.4644438742065455,-2.3212904191849892
-0.8570911324172913,-0.8481630218225822,-0.4431252224504442,-2.3122079597193674,-0.3458291712872598,-3.3124034116868333,0.5633917234107427,-2.0828581808519733,-1.1494911878448737,-2.111731876947041,-0.5170365725987064,-0.03387652402885197,-0.4378862137005985,-2.527883646721509,-0.6294391441167031,-0.7459994766859736,0.6861432805587431,-0.24221452100776614,-0.8506672910029917,-1.5365174265809987,-0.9203612161179107,-2.4064700618198267,-3.996034859632057,-1.882978836798476,1.134979440742526,-1.0441945989115935,-4.2295182384858325,-2.114116642727067,-4.9220115391374275,-2.9758636621236407,-2.9477363831671646,-2.280142491613456,-1.0233062164575193,-2.3827808909971524,-1.4454128061058997,-0.11340404302444673,-1.5704844911119338,0.6529707444177805,-1.7999407463201473,-4.826981085465539,-0.4084034612089162,-5.347409803706761,-1.8516469158300122,0.8106029016824078,-2.5006236660266414,-1.0191966287101892,0.5536805817982018,-2.251506271835232,0.3216002112285575,-0.3411147433086824,-0.9800769961815502,-4.17454865421349,0.18531443909371123,0.3137503570272006,0.6078647645273773,0.9318572524530496,-0.10342433560466469,-2.467241652752043,-1.165073383503356,0.04250670458445214,1.0082061346698907,-0.2619381805172049,0.06882934437646081,0.3425467385100728,-0.9225989246426346,0.3655291752090903,-1.286801171003255,0.8925458281942504,-0.7714177876156187,-0.3104958314881026,1.079818544299078,0.02964307518771194,1.213097720524566,0.5902017319728459,0.28548299338965283,-0.6403435113706284,-0.2160341335209391,-2.2928657774995633,0.6760694198827071,0.1475956708021786,-3.3737991081852017,0.6844980351371052,-2.7854045638007947,0.8444423267966467,1.2607642986513732,-0.477777743494576,-0.41732729281749087,-3.039653421229271,-2.3878600299975377,-0.47863491198439223,0.024139926432633515,-0.2807235079243563,-0.05437074174557932,-0.11015160373550711,0.5613264837005261,-1.5325001943292194,0.3278486955066404,0.17348203066222317,-1.584435735652495,0.5825405202060712,0.8503341921073551,-0.8275234075662478,-1.161104012766409,-0.21506826927903955,-0.24386355608371912,0.8801209049093796,-0.6768148343070074,-0.5565379615568602,1.1407699305221484,-0.3845811313054264,0.3677740729476274,-3.310595628517458,0.11105932674126046,-0.5326847463204014,-1.4045936992005956,0.10613086713742766,-0.9481377409433139,-3.2338592613942234,-0.5874851316116757,-1.0918197756860626,-2.0475298858314788,0.44324656085224345,-0.7956291580115074,-1.055151099928576,-0.5283663436982057,-2.7825512713136793,1.6609840513022132,-3.310595628517458,-2.300294632247279,-1.2745758180941833,-2.705696867572
-0.8570911324172913,-0.8481630218225822,-0.4431252224504442,-2.3122079597193674,-0.3458291712872598,-3.3124034116868333,0.5633917234107427,-2.0828581808519733,-1.1494911878448737,-2.111731876947041,-0.5170365725987064,-0.03387652402885197,-0.4378862137005985,-2.527883646721509,-0.6294391441167031,-0.7459994766859736,0.6861432805587431,-0.24221452100776614,-0.8506672910029917,-1.5365174265809987,-0.9203612161179107,-2.4064700618198267,-3.996034859632057,-1.882978836798476,1.134979440742526,-1.0441945989115935,-4.2295182384858325,-2.114116642727067,-4.9220115391374275,-2.9758636621236407,-2.9477363831671646,-2.280142491613456,-1.0233062164575193,-2.3827808909971524,-1.4454128061058997,-0.11340404302444673,-1.5704844911119338,0.6529707444177805,-1.7999407463201473,-4.826981085465539,-0.4084034612089162,-5.347409803706761,-1.8516469158300122,0.8106029016824078,-2.5006236660266414,-1.0191966287101892,0.5536805817982018,-2.251506271835232,0.3216002112285575,-0.3411147433086824,-0.9800769961815502,-4.17454865421349,0.18531443909371123,0.3137503570272006,0.6078647645273773,0.9318572524530496,-0.10342433560466469,-2.467241652752043,-1.165073383503356,0.04250670458445214,1.0082061346698907,-0.2619381805172049,0.06882934437646081,0.3425467385100728,-0.9225989246426346,0.3655291752090903,-1.286801171003255,0.8925458281942504,-0.7714177876156187,-0.3104958314881026,1.079818544299078,0.02964307518771194,1.213097720524566,0.5902017319728459,0.28548299338965283,-0.6403435113706284,-0.2160341335209391,-2.2928657774995633,0.6760694198827071,0.1475956708021786,-3.3737991081852017,0.6844980351371052,-2.7854045638007947,0.8444423267966467,1.2607642986513732,-0.477777743494576,-0.41732729281749087,-3.039653421229271,-2.3878600299975377,-0.47863491198439223,0.024139926432633515,-0.2807235079243563,-0.05437074174557932,-0.11015160373550711,0.5613264837005261,-1.5325001943292194,0.3278486955066404,0.17348203066222317,-1.584435735652495,0.5825405202060712,0.8503341921073551,-0.8275234075662478,-1.161104012766409,-0.21506826927903955,-0.24386355608371912,0.8801209049093796,-0.6768148343070074,-0.5565379615568602,1.1407699305221484,-0.3845811313054264,0.3677740729476274,-3.310595628517458,0.11105932674126046,-0.5326847463204014,-1.4045936992005956,0.10613086713742766,-0.9481377409433139,-3.2338592613942234,-0.5874851316116757,-1.0918197756860626,-2.0475298858314788,0.44324656085224345,-0.7956291580115074,-1.055151099928576,-0.5283663436982057,-2.7825512713136793,1.6609840513022132,-3.310595628517458,-2.300294632247279,-1.2745758180941833,-2.705696867572
-1.4762777853467064,-1.1327508810979026,-0.608301080883101,-2.7337480075705627,-0.03220350946761207,-3.5491330227125504,0.40289004347406426,-2.0550770697181666,-1.2070659619778312,-2.0634979581080932,-0.4547611235445978,0.18643393833528715,-0.5780161599751724,-3.3679607210839215,-0.6311229614308654,-0.8099286509438962,0.7308736400023136,-0.8443281344418752,-1.3148581765442753,-2.1127252144784947,-1.221805980634848,-3.661221575686416,-6.975326142213964,-1.9508402520231285,1.0161726584029027,-1.0614940536553248,-4.801274494598807,-1.8735735290491093,-5.379798336342719,-2.3403414908558546,-2.3956070551649757,-3.365410928967542,-1.4010895222688964,-2.3502219675142655,-1.6271388903168766,-0.5367706842605621,-1.8535167277227296,0.4821988121523373,-2.7100971918476797,-3.511434181679762,-0.2593588505256516,-4.959009069998981,-1.8040463141952496,0.7824947129731007,-3.9628436708307038,-0.6222539050546617,0.6348737708596994,-2.224223412700431,0.5253676911661611,-0.08070557540304045,-0.9499263130040405,-5.467684361243315,-0.24745898278610143,0.50372059579588,0.3294812478364317,0.6818928722384079,0.15649532643361455,-2.33867123524094,-0.8377320067371529,0.08004373236892778,0.9434227189324033,-0.6420905401083848,-0.06131450945263829,0.3825437567889079,-0.9636395333038951,0.21366155841815898,-1.5003556979118433,0.6069976509477708,-0.8333434957548426,-0.23356198362712122,0.5048410295809517,-0.11282444898566535,1.1861596922360131,0.38673264693149323,-0.167373072202805,-0.6948905979568298,-0.47170513273932485,-2.6999207965946583,0.5353785339988916,0.1944375941170976,-3.3931069362971367,0.8380365029122442,-2.483421930603997,0.9740262213596892,1.1610770218707673,-0.4988835343081193,-0.6441859574699391,-3.079338132554544,-2.894763775352145,0.06073698081547534,0.15107242334394377,-0.4626013619378035,0.2751092610964093,-0.2663961766680942,0.2803010484215998,-0.5720569014933723,-0.1112213954375732,0.0622154012526382,-2.2300202879157096,0.6431945172564176,0.41645373494213095,-1.198926022502804,-1.108585855233103,-0.20409010740733385,-0.6702442683031232,0.7403736762192511,-1.1179473544842977,-0.7253403264476594,1.2943775632324073,-0.5112646246922922,-0.4694978211490857,-11.552040234018921,-0.7307740509104373,-1.3251546455881544,-2.2437337847399847,-0.10351007825562793,-1.1884141549515133,-2.047583530914485,-0.7262898633327229,-1.2332891335861789,-1.4394432679674325,0.5426089451106184,-0.4802225824848738,-1.3580672208005702,-1.5452504972394259,-2.8204142316816294,0.1756082777942284,-11.552040234018921,-2.9571056496756807,-1.9420647120009957,-3.0551398588070695
-1.3010513768766732,-1.0099146721188481,-0.5951443826690287,-2.9548116967266203,-0.27498397700082533,-3.3816867312905248,-0.45167691473305066,-2.0399117602912424,-1.3001979592009327,-1.9851172826059267,-0.6207614844735826,-0.3353248216557901,-0.09489029529441838,-2.848717857085898,-1.0282457707320702,-0.30030389313415456,0.6164407353767328,-0.7780707414275424,-1.314676421329048,-1.4182571167608091,-0.6970622738642356,-3.308229468775133,-4.250342005989435,-1.90362852330423,0.9923594445593661,-1.264058035818277,-4.948960186168628,-2.4358362620592438,-3.829224612374339,-2.640073141166738,-2.160815562952606,-4.024980968653289,-1.4160230734576438,-3.174525024369184,-2.1840848925974985,-0.38777262107259597,-1.8425911822473675,0.5683911105700197,-2.19089182101879,-4.344835002518897,-0.6376817160790362,-4.623317752322677,-1.448926933109283,0.33978040077906163,-2.5948430009209673,-0.49723423836771957,0.551383907111141,-2.3093869035216743,0.14522389562901128,-0.11116847991338967,-0.6474628722478205,-3.804056973455985,0.09918918851066803,0.5472555525681947,0.8633259102155985,0.6008965860420984,-0.5627561964615019,-2.002817185813314,-0.6406995517165328,0.016357089369394923,0.7331690397059012,-0.3830172566887427,-0.5899743123278607,0.6953286809887329,-0.9566635753672968,0.5544472182095944,-1.3761770411769307,1.0359437297512348,-0.6965179073247927,-0.36890051518623623,0.23483072145709408,-0.09563176749504415,1.1859219210466798,0.5980316486625809,-0.0841695629056693,-0.6000686169646005,-0.3937679993630281,-0.5716473919245689,0.5513089218741605,0.09485629968332437,-4.225552295212646,0.43517722469606296,-2.639700371964177,0.9075281040027168,0.46564041675622736,0.4231992691449363,-0.4363516533326822,-2.5334651998582363,-2.826464966801811,0.26499004622185823,-0.1319592644226255,-0.07423645319064495,0.030931526657743548,-0.06507103177650164,0.20583040255668555,-0.4964145955284429,-0.5765173755184325,0.5078903209357979,-1.6106751419149161,0.6508215448421991,0.5812852563410996,-0.8047370261673454,-0.5533752113982867,-0.04229480815464367,-0.4262273567956709,0.6112206463940565,-0.7247728056391625,-0.44068252163656196,1.321528049618699,-0.5059376971647497,-0.8550520095092637,-36.841361487903896,-0.6923700181140309,-1.2608465082585598,-1.942035518212658,-0.20327810651792572,-2.0154568080437816,-1.9882973973211007,-1.166488728544259,-1.6302806738881854,-1.2133684887955813,0.2090803296194892,-0.689100344513084,-1.4110815220734225,-0.4903099431432973,-5.363251623090876,-0.9071802021985776,-36.841361487903896,-2.837488680222957,-1.7672515816128702,-2.865888634215373
-1.3010513768766732,-1.0099146721188481,-0.5951443826690287,-2.9548116967266203,-0.27498397700082533,-3.3816867312905248,-0.45167691473305066,-2.0399117602912424,-1.3001979592009327,-1.9851172826059267,-0.6207614844735826,-0.3353248216557901,-0.09489029529441838,-2.848717857085898,-1.0282457707320702,-0.30030389313415456,0.6164407353767328,-0.7780707414275424,-1.314676421329048,-1.4182571167608091,-0.6970622738642356,-3.308229468775133,-4.250342005989435,-1.90362852330423,0.9923594445593661,-1.264058035818277,-4.948960186168628,-2.4358362620592438,-3.829224612374339,-2.640073141166738,-2.160815562952606,-4.024980968653289,-1.4160230734576438,-3.174525024369184,-2.1840848925974985,-0.38777262107259597,-1.8425911822473675,0.5683911105700197,-2.19089182101879,-4.344835002518897,-0.6376817160790362,-4.623317752322677,-1.448926933109283,0.33978040077906163,-2.5948430009209673,-0.49723423836771957,0.551383907111141,-2.3093869035216743,0.14522389562901128,-0.11116847991338967,-0.6474628722478205,-3.804056973455985,0.09918918851066803,0.5472555525681947,0.8633259102155985,0.6008965860420984,-0.5627561964615019,-2.002817185813314,-0.6406995517165328,0.016357089369394923,0.7331690397059012,-0.3830172566887427,-0.5899743123278607,0.6953286809887329,-0.9566635753672968,0.5544472182095944,-1.3761770411769307,1.0359437297512348,-0.6965179073247927,-0.36890051518623623,0.23483072145709408,-0.09563176749504415,1.1859219210466798,0.5980316486625809,-0.0841695629056693,-0.6000686169646005,-0.3937679993630281,-0.5716473919245689,0.5513089218741605,0.09485629968332437,-4.225552295212646,0.43517722469606296,-2.639700371964177,0.9075281040027168,0.46564041675622736,0.4231992691449363,-0.4363516533326822,-2.5334651998582363,-2.826464966801811,0.26499004622185823,-0.1319592644226255,-0.07423645319064495,0.030931526657743548,-0.06507103177650164,0.20583040255668555,-0.4964145955284429,-0.5765173755184325,0.5078903209357979,-1.6106751419149161,0.6508215448421991,0.5812852563410996,-0.8047370261673454,-0.5533752113982867,-0.04229480815464367,-0.4262273567956709,0.6112206463940565,-0.7247728056391625,-0.44068252163656196,1.321528049618699,-0.5059376971647497,-0.8550520095092637,-36.841361487903896,-0.6923700181140309,-1.2608465082585598,-1.942035518212658,-0.20327810651792572,-2.0154568080437816,-1.9882973973211007,-1.166488728544259,-1.6302806738881854,-1.2133684887955813,0.2090803296194892,-0.689100344513084,-1.4110815220734225,-0.4903099431432973,-5.363251623090876,-0.9071802021985776,-36.841361487903896,-2.837488680222957,-1.7672515816128702,-2.865888634215373
-1.3010513768766732,-1.0099146721188481,-0.5951443826690287,-2.9548116967266203,-0.27498397700082533,-3.3816867312905248,-0.45167691473305066,-2.0399117602912424,-1.3001979592009327,-1.9851172826059267,-0.6207614844735826,-0.3353248216557901,-0.09489029529441838,-2.848717857085898,-1.0282457707320702,-0.30030389313415456,0.6164407353767328,-0.7780707414275424,-1.314676421329048,-1.4182571167608091,-0.6970622738642356,-3.308229468775133,-4.250342005989435,-1.90362852330423,0.9923594445593661,-1.264058035818277,-4.948960186168628,-2.4358362620592438,-3.829224612374339,-2.640073141166738,-2.160815562952606,-4.024980968653289,-1.4160230734576438,-3.174525024369184,-2.1840848925974985,-0.38777262107259597,-1.8425911822473675,0.5683911105700197,-2.19089182101879,-4.344835002518897,-0.6376817160790362,-4.623317752322677,-1.448926933109283,0.33978040077906163,-2.5948430009209673,-0.49723423836771957,0.551383907111141,-2.3093869035216743,0.14522389562901128,-0.11116847991338967,-0.6474628722478205,-3.804056973455985,0.09918918851066803,0.5472555525681947,0.8633259102155985,0.6008965860420984,-0.5627561964615019,-2.002817185813314,-0.6406995517165328,0.016357089369394923,0.7331690397059012,-0.3830172566887427,-0.5899743123278607,0.6953286809887329,-0.9566635753672968,0.5544472182095944,-1.3761770411769307,1.0359437297512348,-0.6965179073247927,-0.36890051518623623,0.23483072145709408,-0.09563176749504415,1.1859219210466798,0.5980316486625809,-0.0841695629056693,-0.6000686169646005,-0.3937679993630281,-0.5716473919245689,0.5513089218741605,0.09485629968332437,-4.225552295212646,0.43517722469606296,-2.639700371964177,0.9075281040027168,0.46564041675622736,0.4231992691449363,-0.4363516533326822,-2.5334651998582363,-2.826464966801811,0.26499004622185823,-0.1319592644226255,-0.07423645319064495,0.030931526657743548,-0.06507103177650164,0.20583040255668555,-0.4964145955284429,-0.5765173755184325,0.5078903209357979,-1.6106751419149161,0.6508215448421991,0.5812852563410996,-0.8047370261673454,-0.5533752113982867,-0.04229480815464367,-0.4262273567956709,0.6112206463940565,-0.7247728056391625,-0.44068252163656196,1.321528049618699,-0.5059376971647497,-0.8550520095092637,-36.841361487903896,-0.6923700181140309,-1.2608465082585598,-1.942035518212658,-0.20327810651792572,-2.0154568080437816,-1.9882973973211007,-1.166488728544259,-1.6302806738881854,-1.2133684887955813,0.2090803296194892,-0.689100344513084,-1.4110815220734225,-0.4903099431432973,-5.363251623090876,-0.9071802021985776,-36.841361487903896,-2.837488680222957,-1.7672515816128702,-2.865888634215373
-1.3010513768766732,-1.0099146721188481,-0.5951443826690287,-2.9548116967266203,-0.27498397700082533,-3.3816867312905248,-0.45167691473305066,-2.0399117602912424,-1.3001979592009327,-1.9851172826059267,-0.6207614844735826,-0.3353248216557901,-0.09489029529441838,-2.848717857085898,-1.0282457707320702,-0.30030389313415456,0.6164407353767328,-0.7780707414275424,-1.314676421329048,-1.4182571167608091,-0.6970622738642356,-3.308229468775133,-4.250342005989435,-1.90362852330423,0.9923594445593661,-1.264058035818277,-4.948960186168628,-2.4358362620592438,-3.829224612374339,-2.640073141166738,-2.160815562952606,-4.024980968653289,-1.4160230734576438,-3.174525024369184,-2.1840848925974985,-0.38777262107259597,-1.8425911822473675,0.5683911105700197,-2.19089182101879,-4.344835002518897,-0.6376817160790362,-4.623317752322677,-1.448926933109283,0.33978040077906163,-2.5948430009209673,-0.49723423836771957,0.551383907111141,-2.3093869035216743,0.14522389562901128,-0.11116847991338967,-0.6474628722478205,-3.804056973455985,0.09918918851066803,0.5472555525681947,0.8633259102155985,0.6008965860420984,-0.5627561964615019,-2.002817185813314,-0.6406995517165328,0.016357089369394923,0.7331690397059012,-0.3830172566887427,-0.5899743123278607,0.6953286809887329,-0.9566635753672968,0.5544472182095944,-1.3761770411769307,1.0359437297512348,-0.6965179073247927,-0.36890051518623623,0.23483072145709408,-0.09563176749504415,1.1859219210466798,0.5980316486625809,-0.0841695629056693,-0.6000686169646005,-0.3937679993630281,-0.5716473919245689,0.5513089218741605,0.09485629968332437,-4.225552295212646,0.43517722469606296,-2.639700371964177,0.9075281040027168,0.46564041675622736,0.4231992691449363,-0.4363516533326822,-2.5334651998582363,-2.826464966801811,0.26499004622185823,-0.1319592644226255,-0.07423645319064495,0.030931526657743548,-0.06507103177650164,0.20583040255668555,-0.4964145955284429,-0.5765173755184325,0.5078903209357979,-1.6106751419149161,0.6508215448421991,0.5812852563410996,-0.8047370261673454,-0.5533752113982867,-0.04229480815464367,-0.4262273567956709,0.6112206463940565,-0.7247728056391625,-0.44068252163656196,1.321528049618699,-0.5059376971647497,-0.8550520095092637,-36.841361487903896,-0.6923700181140309,-1.2608465082585598,-1.942035518212658,-0.20327810651792572,-2.0154568080437816,-1.9882973973211007,-1.166488728544259,-1.6302806738881854,-1.2133684887955813,0.2090803296194892,-0.689100344513084,-1.4110815220734225,-0.4903099431432973,-5.363251623090876,-0.9071802021985776,-36.841361487903896,-2.837488680222957,-1.7672515816128702,-2.865888634215373
-1.3010513768766732,-1.0099146721188481,-0.5951443826690287,-2.9548116967266203,-0.27498397700082533,-3.3816867312905248,-0.45167691473305066,-2.0399117602912424,-1.3001979592009327,-1.9851172826059267,-0.6207614844735826,-0.3353248216557901,-0.09489029529441838,-2.848717857085898,-1.0282457707320702,-0.30030389313415456,0.6164407353767328,-0.7780707414275424,-1.314676421329048,-1.4182571167608091,-0.6970622738642356,-3.308229468775133,-4.250342005989435,-1.90362852330423,0.9923594445593661,-1.264058035818277,-4.948960186168628,-2.4358362620592438,-3.829224612374339,-2.640073141166738,-2.160815562952606,-4.024980968653289,-1.4160230734576438,-3.174525024369184,-2.1840848925974985,-0.38777262107259597,-1.8425911822473675,0.5683911105700197,-2.19089182101879,-4.344835002518897,-0.6376817160790362,-4.623317752322677,-1.448926933109283,0.33978040077906163,-2.5948430009209673,-0.49723423836771957,0.551383907111141,-2.3093869035216743,0.14522389562901128,-0.11116847991338967,-0.6474628722478205,-3.804056973455985,0.09918918851066803,0.5472555525681947,0.8633259102155985,0.6008965860420984,-0.5627561964615019,-2.002817185813314,-0.6406995517165328,0.016357089369394923,0.7331690397059012,-0.3830172566887427,-0.5899743123278607,0.6953286809887329,-0.9566635753672968,0.5544472182095944,-1.3761770411769307,1.0359437297512348,-0.6965179073247927,-0.36890051518623623,0.23483072145709408,-0.09563176749504415,1.1859219210466798,0.5980316486625809,-0.0841695629056693,-0.6000686169646005,-0.3937679993630281,-0.5716473919245689,0.5513089218741605,0.09485629968332437,-4.225552295212646,0.43517722469606296,-2.639700371964177,0.9075281040027168,0.46564041675622736,0.4231992691449363,-0.4363516533326822,-2.5334651998582363,-2.826464966801811,0.26499004622185823,-0.1319592644226255,-0.07423645319064495,0.030931526657743548,-0.06507103177650164,0.20583040255668555,-0.4964145955284429,-0.5765173755184325,0.5078903209357979,-1.6106751419149161,0.6508215448421991,0.5812852563410996,-0.8047370261673454,-0.5533752113982867,-0.04229480815464367,-0.4262273567956709,0.6112206463940565,-0.7247728056391625,-0.44068252163656196,1.321528049618699,-0.5059376971647497,-0.8550520095092637,-36.841361487903896,-0.6923700181140309,-1.2608465082585598,-1.942035518212658,-0.20327810651792572,-2.0154568080437816,-1.9882973973211007,-1.166488728544259,-1.6302806738881854,-1.2133684887955813,0.2090803296194892,-0.689100344513084,-1.4110815220734225,-0.4903099431432973,-5.363251623090876,-0.9071802021985776,-36.841361487903896,-2.837488680222957,-1.7672515816128702,-2.865888634215373
-1.3010513768766732,-1.0099146721188481,-0.5951443826690287,-2.9548116967266203,-0.27498397700082533,-3.3816867312905248,-0.45167691473305066,-2.0399117602912424,-1.3001979592009327,-1.9851172826059267,-0.6207614844735826,-0.3353248216557901,-0.09489029529441838,-2.848717857085898,-1.0282457707320702,-0.30030389313415456,0.6164407353767328,-0.7780707414275424,-1.314676421329048,-1.4182571167608091,-0.6970622738642356,-3.308229468775133,-4.250342005989435,-1.90362852330423,0.9923594445593661,-1.264058035818277,-4.948960186168628,-2.4358362620592438,-3.829224612374339,-2.640073141166738,-2.160815562952606,-4.024980968653289,-1.4160230734576438,-3.174525024369184,-2.1840848925974985,-0.38777262107259597,-1.8425911822473675,0.5683911105700197,-2.19089182101879,-4.344835002518897,-0.6376817160790362,-4.623317752322677,-1.448926933109283,0.33978040077906163,-2.5948430009209673,-0.49723423836771957,0.551383907111141,-2.3093869035216743,0.14522389562901128,-0.11116847991338967,-0.6474628722478205,-3.804056973455985,0.09918918851066803,0.5472555525681947,0.8633259102155985,0.6008965860420984,-0.5627561964615019,-2.002817185813314,-0.6406995517165328,0.016357089369394923,0.7331690397059012,-0.3830172566887427,-0.5899743123278607,0.6953286809887329,-0.9566635753672968,0.5544472182095944,-1.3761770411769307,1.0359437297512348,-0.6965179073247927,-0.36890051518623623,0.23483072145709408,-0.09563176749504415,1.1859219210466798,0.5980316486625809,-0.0841695629056693,-0.6000686169646005,-0.3937679993630281,-0.5716473919245689,0.5513089218741605,0.09485629968332437,-4.225552295212646,0.43517722469606296,-2.639700371964177,0.9075281040027168,0.46564041675622736,0.4231992691449363,-0.4363516533326822,-2.5334651998582363,-2.826464966801811,0.26499004622185823,-0.1319592644226255,-0.07423645319064495,0.030931526657743548,-0.06507103177650164,0.20583040255668555,-0.4964145955284429,-0.5765173755184325,0.5078903209357979,-1.6106751419149161,0.6508215448421991,0.5812852563410996,-0.8047370261673454,-0.5533752113982867,-0.04229480815464367,-0.4262273567956709,0.6112206463940565,-0.7247728056391625,-0.44068252163656196,1.321528049618699,-0.5059376971647497,-0.8550520095092637,-36.841361487903896,-0.6923700181140309,-1.2608465082585598,-1.942035518212658,-0.20327810651792572,-2.0154568080437816,-1.9882973973211007,-1.166488728544259,-1.6302806738881854,-1.2133684887955813,0.2090803296194892,-0.689100344513084,-1.4110815220734225,-0.4903099431432973,-5.363251623090876,-0.9071802021985776,-36.841361487903896,-2.837488680222957,-1.7672515816128702,-2.865888634215373
-1.7896938105971782,-0.7642717748379428,-0.509204366888664,-1.4707601765802143,0.13300522021953248,-3.7446634708738826,-0.11845735064387306,-0.9641016223991958,-0.9202158121473123,-1.7192156153049811,-0.516345879991554,-0.3100884221175672,-0.2911198512425306,-1.574695994058417,-1.3178320393813703,-0.7663272234143567,0.6012023555449191,-0.7178934637910531,-1.0778849534933532,-1.2935218008679366,-0.13046593344201166,-3.6140077042665,-5.840607965412202,-2.39841793892612,0.6683659467460145,-0.4896524809297981,-4.243467699425322,-2.905987123355038,-4.191995831817954,-3.345485772816349,-2.920881356370053,-3.0297898696660854,-0.9841767123200187,-2.2761886318956837,-1.7092746899114326,-1.6155225822306658,-1.6859797441990076,0.2943880853567209,-1.679052658723033,-3.753385616012314,-0.7499688567562203,-4.5442836863990435,-1.7887304022741046,0.655508266758537,-2.4987158152590956,-0.4195498449056132,0.6534413680322384,-1.778540817617308,-0.37022214802452147,-0.5166497437174633,0.1838971730768705,-6.010888133106223,-0.47500922715669125,0.7808564542716387,0.9453487186371413,-0.6819304718046656,-0.32003325440100283,-2.3796991672804415,-0.4724261233330895,-0.48348699007303475,1.3317793223541528,-0.28583577438411045,-1.416242771041462,0.9622065242228421,-0.5221713785226522,0.3496764563945414,-1.3052518170110028,0.5584870463074303,-0.7697191017145087,-0.4547634231952472,1.0479057706303945,0.8671944324286442,-0.0025631631979678745,0.5197154330124777,0.062452428380170205,-0.7217587871358083,-0.3746898444260896,-0.37338534850872085,0.2151067358861255,0.73614094791447,-2.677495528760202,0.8605454622640631,-1.9765511391013029,1.2443328695503468,0.5300932739699447,0.6034819111859431,-0.36375012216691843,-2.0893837397833366,-3.209163985727106,0.8835521442634151,0.2428450176376921,-0.429337570323665,0.3021540451650145,-0.43657170926783295,0.5102163031642158,-2.0323058811316215,-1.6560155218543446,-0.46507722897185155,-1.468148557645675,0.5565502141156087,0.5065242075768958,-0.887961897659328,-0.7482084019170154,0.26127417559334415,-0.5093718885497601,0.45431354330983326,-1.1689363550918836,0.00913047891591531,1.5433641402730414,-1.0078918091726792,-0.31185076578277054,-4.368590222584119,-0.08600889136407605,-1.4237662503693305,-1.016249383928465,-1.0611900275124744,-0.44692329780922835,-2.6484287022773807,0.6636008449673836,0.05588698906332839,0.32427814727441473,0.7805608098904517,-0.25764623541053416,-0.4267450371317921,0.4005633203664838,-3.809329795588344,-0.6541732923119551,-4.368590222584119,-3.3214452034226642,-2.026705816645671,-2.005455314020797
-1.5285847070405307,-2.068034301811361,-0.6396293791870781,-2.1455413004656654,-0.044345278674993084,-3.6055116846308275,-0.6511195328071566,-1.2484282396200501,-1.5010983627459715,-0.1434832189793975,-0.5056206281474712,-0.1217759429762074,-0.11869306055238839,-2.7771335359951346,-0.945794970279569,-0.7004301526354262,0.6603310403477468,-0.8211100604276097,-1.4696501644846662,-2.068620647315412,-1.4731355416683303,-3.515613842560407,-21.33127533712546,-2.3027458460902888,0.8773580171288928,-0.8679852288610382,-4.062013318570546,-2.1623211549790895,-2.766265417272648,-1.5487202865609608,-4.805652894514323,-2.7167856610645265,-1.1644984975635175,-2.9707484622131353,-2.316265459434465,-1.632625560533625,-1.8039094918351097,0.33536757618011753,-1.7943125476103325,-3.674059730557656,-0.5063076130080935,-3.0885624982634945,-2.1869794789079617,0.43120628027127866,-1.9692678520454197,-0.1315795111488142,0.6742778444791644,-1.8140646658814414,-0.09641879211764202,-0.19599107942634353,-0.1280477095515849,-6.659131884830682,-0.4905009525743829,0.6676589963126282,0.9148576367312823,-1.0530635377094537,-0.23710150936224378,-2.0389238785076484,-0.3728328814223857,-0.33582707085055,0.8158614122089837,-0.46757032090503087,-1.347676014001076,0.9224385847780525,-0.8783665380364492,-0.13342742822091494,-1.5657378587527915,0.7726134897366035,-0.32054710696898053,-0.4798973369404225,0.49335187734135394,0.6829126573064088,0.36531367965501066,0.7784615010900505,-0.08769198165408007,-0.825350107509832,-0.8499062051889982,0.1428413582031699,0.5000622541250593,0.6070786205746298,-2.7965441416780936,0.6851347880553486,-2.11975119809605,1.0593517612275036,0.31246195602124216,0.5462239852597075,-0.9613512288060289,-2.34337977941372,-3.0124449191752123,0.8399841654847277,0.19572345708246497,-0.3459072773294814,0.19727142847482318,-0.27649796967176593,0.16201640242386847,-0.25710975330989355,-1.169032097662367,-1.271756957339741,-1.024838506823723,0.5310048888630138,0.4660019756565365,-1.0884326213622868,-0.6344011015967197,0.32820020389913257,-0.4551250083102751,0.25853894540836087,-1.1304526577377425,-0.7714941101779264,1.1357230543311974,-0.8684867060076127,-0.5718337339777542,-34.48910267213458,-0.6667532693029808,-1.6882417740111033,-1.6722534859979696,-0.7994441357995387,-2.033844389939208,-1.7763336538710464,-1.6101453167045776,-1.298325344053417,-1.2866345714981486,0.351741178756793,-0.8327128789292585,-1.6924453247144677,-1.4236053382084035,-5.154212762361512,-1.510632734182945,-34.48910267213458,-3.7854778091026606,-2.2268662132302923,-2.1627568807480673
-1.5285847070405307,-2.068034301811361,-0.6396293791870781,-2.1455413004656654,-0.044345278674993084,-3.6055116846308275,-0.6511195328071566,-1.2484282396200501,-1.5010983627459715,-0.1434832189793975,-0.5056206281474712,-0.1217759429762074,-0.11869306055238839,-2.7771335359951346,-0.945794970279569,-0.7004301526354262,0.6603310403477468,-0.8211100604276097,-1.4696501644846662,-2.068620647315412,-1.4731355416683303,-3.515613842560407,-21.33127533712546,-2.3027458460902888,0.8773580171288928,-0.8679852288610382,-4.062013318570546,-2.1623211549790895,-2.766265417272648,-1.5487202865609608,-4.805652894514323,-2.7167856610645265,-1.1644984975635175,-2.9707484622131353,-2.316265459434465,-1.632625560533625,-1.8039094918351097,0.33536757618011753,-1.7943125476103325,-3.674059730557656,-0.5063076130080935,-3.0885624982634945,-2.1869794789079617,0.43120628027127866,-1.9692678520454197,-0.1315795111488142,0.6742778444791644,-1.8140646658814414,-0.09641879211764202,-0.19599107942634353,-0.1280477095515849,-6.659131884830682,-0.4905009525743829,0.6676589963126282,0.9148576367312823,-1.0530635377094537,-0.23710150936224378,-2.0389238785076484,-0.3728328814223857,-0.33582707085055,0.8158614122089837,-0.46757032090503087,-1.347676014001076,0.9224385847780525,-0.8783665380364492,-0.13342742822091494,-1.5657378587527915,0.7726134897366035,-0.32054710696898053,-0.4798973369404225,0.49335187734135394,0.6829126573064088,0.36531367965501066,0.7784615010900505,-0.08769198165408007,-0.825350107509832,-0.8499062051889982,0.1428413582031699,0.5000622541250593,0.6070786205746298,-2.7965441416780936,0.6851347880553486,-2.11975119809605,1.0593517612275036,0.31246195602124216,0.5462239852597075,-0.9613512288060289,-2.34337977941372,-3.0124449191752123,0.8399841654847277,0.19572345708246497,-0.3459072773294814,0.19727142847482318,-0.27649796967176593,0.16201640242386847,-0.25710975330989355,-1.169032097662367,-1.271756957339741,-1.024838506823723,0.5310048888630138,0.4660019756565365,-1.0884326213622868,-0.6344011015967197,0.32820020389913257,-0.4551250083102751,0.25853894540836087,-1.1304526577377425,-0.7714941101779264,1.1357230543311974,-0.8684867060076127,-0.5718337339777542,-34.48910267213458,-0.6667532693029808,-1.6882417740111033,-1.6722534859979696,-0.7994441357995387,-2.033844389939208,-1.7763336538710464,-1.6101453167045776,-1.298325344053417,-1.2866345714981486,0.351741178756793,-0.8327128789292585,-1.6924453247144677,-1.4236053382084035,-5.154212762361512,-1.510632734182945,-34.48910267213458,-3.7854778091026606,-2.2268662132302923,-2.1627568807480673
-1.5799814312809959,-4.390751798722731,-0.5891054955320151,-2.064681820093883,0.469657696624664,-4.184418962419571,0.19509544005223392,-0.52692143654648,-1.4847011803278436,0.1286982588532375,-0.705359507660285,-0.2751526503464706,-0.4647287871273967,-2.388987879560291,-1.1285720350709143,0.08542716879135108,0.5165962537133282,-0.41804559150090065,-1.501489242784246,-2.4488649518000285,-1.4554010404093107,-3.99185235367021,-6.772456871755487,-2.0822766170703306,0.9859461736949705,-0.58314464698529,-4.655343175374946,-3.1889841791665643,-3.2891931116411346,-2.6666782999666006,-5.623863464544294,-4.124710905364157,-1.0079728367924847,-3.3615425787576463,-3.492052723409852,-2.6003255315810887,-1.898896739979593,0.05310317073935413,-1.757681652753544,-4.29826332209817,-0.8656454246584911,-3.6256131257674915,-2.1493148790310546,0.4327309776328525,-2.9792299024394877,-0.4913661573739557,0.532967732103638,-1.5431133538016935,-0.059236616412718684,-0.17142103225411814,-0.2001540333173325,-6.281110425338191,-0.27042984667396774,0.668179857288108,0.9587447075770161,-0.5377777466532837,-0.46623042216785715,-2.5205375042830074,-0.6013262969887326,-0.3337054002954908,0.8263789079187293,-0.15429987102506765,-0.7800687829088878,0.676037173854697,-0.6563597891742197,0.2733606403096641,-1.2785138505988973,0.9744676158005988,0.09500828153211459,-0.6085488059258274,0.625949647480795,0.5268925881369682,0.22788286943454436,0.5918187340077931,-0.2740466221861069,-0.7941450310558901,-0.5086498488303222,-0.4216380663268446,0.34525569727966654,0.554813314052792,-2.6963796710433083,0.40439526268852194,-2.497096164938237,0.841721111793746,0.5779140800046804,0.564537651786651,-1.209727516209279,-2.4504991558671096,-2.7210524084522794,0.6538831204263618,0.05771096874004231,-0.2910987627625621,0.40054374209783233,-0.5401703519254746,0.043470160257403745,0.16721919255159223,-2.4081539945699117,0.4418312145270241,-1.4033235802273234,0.8565911178081714,0.5021011652212282,-1.0221165883410654,-0.5740399197841355,0.636962512746894,-0.09515446368938765,0.5079350716054808,-0.5643583933792091,-0.5408289954986983,1.2217061991539835,-0.7198163749590176,-0.008502403181386821,-36.84136148790471,-0.3810137723128255,-2.661245186255404,-1.4725697169724066,-0.9007206333468866,-1.613503466878786,-0.47530024967474305,-0.4897327231443772,-1.1892206179040945,-1.9722894408284664,0.46855136898709904,-0.9365453204442116,-1.2611491351956206,-1.1492565067548202,-2.309515021929025,-0.8435982782691941,-36.84136148790471,-2.746535430187249,-1.692127151677296,-1.696161771068239
-1.5799814312809959,-4.390751798722731,-0.5891054955320151,-2.064681820093883,0.469657696624664,-4.184418962419571,0.19509544005223392,-0.52692143654648,-1.4847011803278436,0.1286982588532375,-0.705359507660285,-0.2751526503464706,-0.4647287871273967,-2.388987879560291,-1.1285720350709143,0.08542716879135108,0.5165962537133282,-0.41804559150090065,-1.501489242784246,-2.4488649518000285,-1.4554010404093107,-3.99185235367021,-6.772456871755487,-2.0822766170703306,0.9859461736949705,-0.58314464698529,-4.655343175374946,-3.1889841791665643,-3.2891931116411346,-2.6666782999666006,-5.623863464544294,-4.124710905364157,-1.0079728367924847,-3.3615425787576463,-3.492052723409852,-2.6003255315810887,-1.898896739979593,0.05310317073935413,-1.757681652753544,-4.29826332209817,-0.8656454246584911,-3.6256131257674915,-2.1493148790310546,0.4327309776328525,-2.9792299024394877,-0.4913661573739557,0.532967732103638,-1.5431133538016935,-0.059236616412718684,-0.17142103225411814,-0.2001540333173325,-6.281110425338191,-0.27042984667396774,0.668179857288108,0.9587447075770161,-0.5377777466532837,-0.46623042216785715,-2.5205375042830074,-0.6013262969887326,-0.3337054002954908,0.8263789079187293,-0.15429987102506765,-0.7800687829088878,0.676037173854697,-0.6563597891742197,0.2733606403096641,-1.2785138505988973,0.9744676158005988,0.09500828153211459,-0.6085488059258274,0.625949647480795,0.5268925881369682,0.22788286943454436,0.5918187340077931,-0.2740466221861069,-0.7941450310558901,-0.5086498488303222,-0.4216380663268446,0.34525569727966654,0.554813314052792,-2.6963796710433083,0.40439526268852194,-2.497096164938237,0.841721111793746,0.5779140800046804,0.564537651786651,-1.209727516209279,-2.4504991558671096,-2.7210524084522794,0.6538831204263618,0.05771096874004231,-0.2910987627625621,0.40054374209783233,-0.5401703519254746,0.043470160257403745,0.16721919255159223,-2.4081539945699117,0.4418312145270241,-1.4033235802273234,0.8565911178081714,0.5021011652212282,-1.0221165883410654,-0.5740399197841355,0.636962512746894,-0.09515446368938765,0.5079350716054808,-0.5643583933792091,-0.5408289954986983,1.2217061991539835,-0.7198163749590176,-0.008502403181386821,-36.84136148790471,-0.3810137723128255,-2.661245186255404,-1.4725697169724066,-0.9007206333468866,-1.613503466878786,-0.47530024967474305,-0.4897327231443772,-1.1892206179040945,-1.9722894408284664,0.46855136898709904,-0.9365453204442116,-1.2611491351956206,-1.1492565067548202,-2.309515021929025,-0.8435982782691941,-36.84136148790471,-2.746535430187249,-1.692127151677296,-1.696161771068239
-2.2301786900991893,-3.572348549127731,-0.5087680897292607,-1.8938509721782115,0.7091708484344609,-3.7842186216090052,0.3860863356024985,-0.3431850483298434,-1.7089395865713803,0.4970942813516706,-0.6600713442745393,-0.2527533304517608,-0.8026992758549372,-2.547636569011515,-0.8494732304790453,0.03865023551346796,0.3877401663154206,-0.49592593783767697,-1.8343152042847335,-2.2414865957185977,-1.3334466059107397,-3.554154885552579,-4.885713157603572,-2.180244637630699,1.0028762173063408,-0.4558525262003014,-4.007078067943087,-3.5165413553547893,-3.413651639548207,-3.151315568707051,-33.85090037202582,-3.8026840027513154,-1.0429195335641457,-3.959159133468063,-3.5685869446686844,-2.445550462692102,-2.6293440889941473,-0.09902884301523254,-2.0592058508527495,-4.1278883702022835,-1.1483746096124865,-4.090685223976062,-1.9226340326109554,0.37228680277213294,-3.4011672709269836,-0.775767528585341,0.4609604135395654,-1.5230842745180497,-0.051647835196533466,-0.17153578694874308,-0.567074208580127,-36.766078850872155,-0.2016224437389851,0.672022304968203,0.8214402426491997,-0.42578764774882677,-0.6822630151678322,-2.3733191423097435,-0.7287441087686755,-0.14516699500065494,0.9337222440674924,-0.2767825693342387,-0.1742103267174908,0.4103781441529728,-0.9924296731648082,0.5134494798969261,-1.6001821021777443,0.8791901848844795,-0.4139569033276629,-0.7725557917104864,0.46963986303702304,0.0011518800866595657,0.6476624028780101,0.34785662436745884,-0.847232039105933,-0.8890210594796739,-0.46198595573886636,-0.8379567560830375,0.14317977757558148,0.5315311998712138,-3.0376147385847547,0.5002153549915463,-2.4771758364652614,0.8723432309385931,0.5139874781146981,-0.04703201303171578,-1.3104378613904286,-2.9282652488994665,-3.1321181608024307,0.3843169524074366,0.24438300966118276,-0.44235401925214285,0.5323245866178824,-0.5577675691852377,0.11736779452065045,0.6097232390281164,-3.231466841415256,0.8426740583317551,-1.3485494747637974,1.03554151597255,0.037478584134140125,-1.2658741127409772,-0.4679325775836383,0.6209063821041101,-0.3219421073043094,0.29568774741810233,-0.7997942194124248,-0.6608890461465216,1.161726696967513,-0.5849485007926429,-0.3063012891483828,-4.0406012422640165,-0.9111520897526033,-4.052190036837239,-1.620754929281836,-0.6840755074024231,-1.6683839315307514,-0.9331138126371549,-0.11774796989031465,-1.504342546311468,-1.7055438443477278,0.8092898975296374,-1.2197037810406082,-1.2456449982958258,-2.2340144797398747,-0.5425846586838186,-0.645685986708087,-4.0406012422640165,-3.526254391261991,-2.1439322606227162,-1.6110712514687013
-2.2301786900991893,-3.572348549127731,-0.5087680897292607,-1.8938509721782115,0.7091708484344609,-3.7842186216090052,0.3860863356024985,-0.3431850483298434,-1.7089395865713803,0.4970942813516706,-0.6600713442745393,-0.2527533304517608,-0.8026992758549372,-2.547636569011515,-0.8494732304790453,0.03865023551346796,0.3877401663154206,-0.49592593783767697,-1.8343152042847335,-2.2414865957185977,-1.3334466059107397,-3.554154885552579,-4.885713157603572,-2.180244637630699,1.0028762173063408,-0.4558525262003014,-4.007078067943087,-3.5165413553547893,-3.413651639548207,-3.151315568707051,-33.85090037202582,-3.8026840027513154,-1.0429195335641457,-3.959159133468063,-3.5685869446686844,-2.445550462692102,-2.6293440889941473,-0.09902884301523254,-2.0592058508527495,-4.1278883702022835,-1.1483746096124865,-4.090685223976062,-1.9226340326109554,0.37228680277213294,-3.4011672709269836,-0.775767528585341,0.4609604135395654,-1.5230842745180497,-0.051647835196533466,-0.17153578694874308,-0.567074208580127,-36.766078850872155,-0.2016224437389851,0.672022304968203,0.8214402426491997,-0.42578764774882677,-0.6822630151678322,-2.3733191423097435,-0.7287441087686755,-0.14516699500065494,0.9337222440674924,-0.2767825693342387,-0.1742103267174908,0.4103781441529728,-0.9924296731648082,0.5134494798969261,-1.6001821021777443,0.8791901848844795,-0.4139569033276629,-0.7725557917104864,0.46963986303702304,0.0011518800866595657,0.6476624028780101,0.34785662436745884,-0.847232039105933,-0.8890210594796739,-0.46198595573886636,-0.8379567560830375,0.14317977757558148,0.5315311998712138,-3.0376147385847547,0.5002153549915463,-2.4771758364652614,0.8723432309385931,0.5139874781146981,-0.04703201303171578,-1.3104378613904286,-2.9282652488994665,-3.1321181608024307,0.3843169524074366,0.24438300966118276,-0.44235401925214285,0.5323245866178824,-0.5577675691852377,0.11736779452065045,0.6097232390281164,-3.231466841415256,0.8426740583317551,-1.3485494747637974,1.03554151597255,0.037478584134140125,-1.2658741127409772,-0.4679325775836383,0.6209063821041101,-0.3219421073043094,0.29568774741810233,-0.7997942194124248,-0.6608890461465216,1.161726696967513,-0.5849485007926429,-0.3063012891483828,-4.0406012422640165,-0.9111520897526033,-4.052190036837239,-1.620754929281836,-0.6840755074024231,-1.6683839315307514,-0.9331138126371549,-0.11774796989031465,-1.504342546311468,-1.7055438443477278,0.8092898975296374,-1.2197037810406082,-1.2456449982958258,-2.2340144797398747,-0.5425846586838186,-0.645685986708087,-4.0406012422640165,-3.526254391261991,-2.1439322606227162,-1.6110712514687013
-2.2301786900991893,-3.572348549127731,-0.5087680897292607,-1.8938509721782115,0.7091708484344609,-3.7842186216090052,0.3860863356024985,-0.3431850483298434,-1.7089395865713803,0.4970942813516706,-0.6600713442745393,-0.2527533304517608,-0.8026992758549372,-2.547636569011515,-0.8494732304790453,0.03865023551346796,0.3877401663154206,-0.49592593783767697,-1.8343152042847335,-2.2414865957185977,-1.3334466059107397,-3.554154885552579,-4.885713157603572,-2.180244637630699,1.0028762173063408,-0.4558525262003014,-4.007078067943087,-3.5165413553547893,-3.413651639548207,-3.151315568707051,-33.85090037202582,-3.8026840027513154,-1.0429195335641457,-3.959159133468063,-3.5685869446686844,-2.445550462692102,-2.6293440889941473,-0.09902884301523254,-2.0592058508527495,-4.1278883702022835,-1.1483746096124865,-4.090685223976062,-1.9226340326109554,0.37228680277213294,-3.4011672709269836,-0.775767528585341,0.4609604135395654,-1.5230842745180497,-0.051647835196533466,-0.17153578694874308,-0.567074208580127,-36.766078850872155,-0.2016224437389851,0.672022304968203,0.8214402426491997,-0.42578764774882677,-0.6822630151678322,-2.3733191423097435,-0.7287441087686755,-0.14516699500065494,0.9337222440674924,-0.2767825693342387,-0.1742103267174908,0.4103781441529728,-0.9924296731648082,0.5134494798969261,-1.6001821021777443,0.8791901848844795,-0.4139569033276629,-0.7725557917104864,0.46963986303702304,0.0011518800866595657,0.6476624028780101,0.34785662436745884,-0.847232039105933,-0.8890210594796739,-0.46198595573886636,-0.8379567560830375,0.14317977757558148,0.5315311998712138,-3.0376147385847547,0.5002153549915463,-2.4771758364652614,0.8723432309385931,0.5139874781146981,-0.04703201303171578,-1.3104378613904286,-2.9282652488994665,-3.1321181608024307,0.3843169524074366,0.24438300966118276,-0.44235401925214285,0.5323245866178824,-0.5577675691852377,0.11736779452065045,0.6097232390281164,-3.231466841415256,0.8426740583317551,-1.3485494747637974,1.03554151597255,0.037478584134140125,-1.2658741127409772,-0.4679325775836383,0.6209063821041101,-0.3219421073043094,0.29568774741810233,-0.7997942194124248,-0.6608890461465216,1.161726696967513,-0.5849485007926429,-0.3063012891483828,-4.0406012422640165,-0.9111520897526033,-4.052190036837239,-1.620754929281836,-0.6840755074024231,-1.6683839315307514,-0.9331138126371549,-0.11774796989031465,-1.504342546311468,-1.7055438443477278,0.8092898975296374,-1.2197037810406082,-1.2456449982958258,-2.2340144797398747,-0.5425846586838186,-0.645685986708087,-4.0406012422640165,-3.526254391261991,-2.1439322606227162,-1.6110712514687013
-2.2301786900991893,-3.572348549127731,-0.5087680897292607,-1.8938509721782115,0.7091708484344609,-3.7842186216090052,0.3860863356024985,-0.3431850483298434,-1.7089395865713803,0.4970942813516706,-0.6600713442745393,-0.2527533304517608,-0.8026992758549372,-2.547636569011515,-0.8494732304790453,0.03865023551346796,0.3877401663154206,-0.49592593783767697,-1.8343152042847335,-2.2414865957185977,-1.3334466059107397,-3.554154885552579,-4.885713157603572,-2.180244637630699,1.0028762173063408,-0.4558525262003014,-4.007078067943087,-3.5165413553547893,-3.413651639548207,-3.151315568707051,-33.85090037202582,-3.8026840027513154,-1.0429195335641457,-3.959159133468063,-3.5685869446686844,-2.445550462692102,-2.6293440889941473,-0.09902884301523254,-2.0592058508527495,-4.1278883702022835,-1.1483746096124865,-4.090685223976062,-1.9226340326109554,0.37228680277213294,-3.4011672709269836,-0.775767528585341,0.4609604135395654,-1.5230842745180497,-0.051647835196533466,-0.17153578694874308,-0.567074208580127,-36.766078850872155,-0.2016224437389851,0.672022304968203,0.8214402426491997,-0.42578764774882677,-0.6822630151678322,-2.3733191423097435,-0.7287441087686755,-0.14516699500065494,0.9337222440674924,-0.2767825693342387,-0.1742103267174908,0.4103781441529728,-0.9924296731648082,0.5134494798969261,-1.6001821021777443,0.8791901848844795,-0.4139569033276629,-0.7725557917104864,0.46963986303702304,0.0011518800866595657,0.6476624028780101,0.34785662436745884,-0.847232039105933,-0.8890210594796739,-0.46198595573886636,-0.8379567560830375,0.14317977757558148,0.5315311998712138,-3.0376147385847547,0.5002153549915463,-2.4771758364652614,0.8723432309385931,0.5139874781146981,-0.04703201303171578,-1.3104378613904286,-2.9282652488994665,-3.1321181608024307,0.3843169524074366,0.24438300966118276,-0.44235401925214285,0.5323245866178824,-0.5577675691852377,0.11736779452065045,0.6097232390281164,-3.231466841415256,0.8426740583317551,-1.3485494747637974,1.03554151597255,0.037478584134140125,-1.2658741127409772,-0.4679325775836383,0.6209063821041101,-0.3219421073043094,0.29568774741810233,-0.7997942194124248,-0.6608890461465216,1.161726696967513,-0.5849485007926429,-0.3063012891483828,-4.0406012422640165,-0.9111520897526033,-4.052190036837239,-1.620754929281836,-0.6840755074024231,-1.6683839315307514,-0.9331138126371549,-0.11774796989031465,-1.504342546311468,-1.7055438443477278,0.8092898975296374,-1.2197037810406082,-1.2456449982958258,-2.2340144797398747,-0.5425846586838186,-0.645685986708087,-4.0406012422640165,-3.526254391261991,-2.1439322606227162,-1.6110712514687013
-2.745127981094603,-5.32480838783878,-0.5469307920794738,-2.4983385165842287,0.4896660178870681,-3.540824825612677,0.3452634017403559,-0.2646819666923466,-1.5248415291905344,0.43747656406292945,-1.010897918479335,-0.17350519233143075,-0.5784682863197447,-1.9181809838742516,-1.1642105696804386,0.4621367793796817,0.4455488916264335,-0.043796999002817166,-1.3031314393269517,-1.492065191524649,-0.7682392083534915,-4.338052360071233,-5.129234792739869,-1.894846526248207,1.1932612742062096,-0.4771601618568426,-2.831096214466659,-3.328810886618901,-3.0890712361567463,-2.894563443083804,-6.195338452266453,-3.048040758074717,-0.5313200521420781,-4.302572055743426,-4.004335031014595,-2.829685047928506,-2.9864437975244256,-0.3763567894486995,-2.4433127214327084,-5.479052609088012,-1.3693040713083457,-3.603459301813151,-1.6941581412701157,0.4076441722235378,-2.9838905489263765,-1.1820293503556698,0.5934143156165931,-1.2088926396920505,-0.3312840125840261,-0.5939254899614108,-0.4869144722366303,-6.375644205107694,-0.07714857847249526,0.5839998029989545,1.0716073874862346,-0.5626971653011892,-0.3026859060501789,-3.0207284945616277,-1.035612409796052,-0.5104446170093171,0.9827941609168522,0.5092647610705842,-0.13978162081193024,0.22955914608789676,-0.6367343843498691,0.6529476140266203,-1.7594748018747268,1.4146974908522143,0.6376168180836603,-0.9630581589021256,1.1934384046393745,0.09526625217620052,0.21844715080575572,0.2671042306119684,-0.7248789440243367,-0.33465028190376234,-0.67172026939777,-1.5182609093797785,-0.0017325206171707665,0.7496644568029407,-3.0501473003472044,0.1484968086555099,-2.6459607554855693,0.6583918998758952,0.7336885945072154,0.3396242329103588,-0.24776907360581368,-2.6080340024113444,-2.904258801141774,0.23659264896106635,0.08396844285907834,-0.3055922770074462,0.7081948398396835,-0.6857812635294214,0.34083398396623044,0.6278979545993825,-2.8229878804820605,1.1243980418009984,-1.1692237798534157,1.249406518277264,0.20315122877981828,-1.4519139559104717,-1.172502295016753,0.8530230746223406,0.05972358400303845,0.24294570950879057,-0.3508931149358327,-0.4817796281450852,1.03586194826939,-0.4782679764628251,0.48500735289486735,-4.160825818233026,-0.34096002903629036,-2.683247303899997,-1.030792895793902,-1.2953335608710885,-1.0545639367587623,-0.004331458593881411,0.3929023203969047,-1.1023938824429025,-1.89888232055785,0.5510658743312551,-1.220364850434901,-0.3864694774696563,-0.3025730034576546,0.128597126787991,0.23729877628041132,-4.160825818233026,-2.22972907109436,-0.7569573134536931,-1.1655603657717863
-1.5799814312809959,-4.390751798722731,-0.5891054955320151,-2.064681820093883,0.469657696624664,-4.184418962419571,0.19509544005223392,-0.52692143654648,-1.4847011803278436,0.1286982588532375,-0.705359507660285,-0.2751526503464706,-0.4647287871273967,-2.388987879560291,-1.1285720350709143,0.08542716879135108,0.5165962537133282,-0.41804559150090065,-1.501489242784246,-2.4488649518000285,-1.4554010404093107,-3.99185235367021,-6.772456871755487,-2.0822766170703306,0.9859461736949705,-0.58314464698529,-4.655343175374946,-3.1889841791665643,-3.2891931116411346,-2.6666782999666006,-5.623863464544294,-4.124710905364157,-1.0079728367924847,-3.3615425787576463,-3.492052723409852,-2.6003255315810887,-1.898896739979593,0.05310317073935413,-1.757681652753544,-4.29826332209817,-0.8656454246584911,-3.6256131257674915,-2.1493148790310546,0.4327309776328525,-2.9792299024394877,-0.4913661573739557,0.532967732103638,-1.5431133538016935,-0.059236616412718684,-0.17142103225411814,-0.2001540333173325,-6.281110425338191,-0.27042984667396774,0.668179857288108,0.9587447075770161,-0.5377777466532837,-0.46623042216785715,-2.5205375042830074,-0.6013262969887326,-0.3337054002954908,0.8263789079187293,-0.15429987102506765,-0.7800687829088878,0.676037173854697,-0.6563597891742197,0.2733606403096641,-1.2785138505988973,0.9744676158005988,0.09500828153211459,-0.6085488059258274,0.625949647480795,0.5268925881369682,0.22788286943454436,0.5918187340077931,-0.2740466221861069,-0.7941450310558901,-0.5086498488303222,-0.4216380663268446,0.34525569727966654,0.554813314052792,-2.6963796710433083,0.40439526268852194,-2.497096164938237,0.841721111793746,0.5779140800046804,0.564537651786651,-1.209727516209279,-2.4504991558671096,-2.7210524084522794,0.6538831204263618,0.05771096874004231,-0.2910987627625621,0.40054374209783233,-0.5401703519254746,0.043470160257403745,0.16721919255159223,-2.4081539945699117,0.4418312145270241,-1.4033235802273234,0.8565911178081714,0.5021011652212282,-1.0221165883410654,-0.5740399197841355,0.636962512746894,-0.09515446368938765,0.5079350716054808,-0.5643583933792091,-0.5408289954986983,1.2217061991539835,-0.7198163749590176,-0.008502403181386821,-36.84136148790471,-0.3810137723128255,-2.661245186255404,-1.4725697169724066,-0.9007206333468866,-1.613503466878786,-0.47530024967474305,-0.4897327231443772,-1.1892206179040945,-1.9722894408284664,0.46855136898709904,-0.9365453204442116,-1.2611491351956206,-1.1492565067548202,-2.309515021929025,-0.8435982782691941,-36.84136148790471,-2.746535430187249,-1.692127151677296,-1.696161771068239
-1.5799814312809959,-4.390751798722731,-0.5891054955320151,-2.064681820093883,0.469657696624664,-4.184418962419571,0.19509544005223392,-0.52692143654648,-1.4847011803278436,0.1286982588532375,-0.705359507660285,-0.2751526503464706,-0.4647287871273967,-2.388987879560291,-1.1285720350709143,0.08542716879135108,0.5165962537133282,-0.41804559150090065,-1.501489242784246,-2.4488649518000285,-1.4554010404093107,-3.99185235367021,-6.772456871755487,-2.0822766170703306,0.9859461736949705,-0.58314464698529,-4.655343175374946,-3.1889841791665643,-3.2891931116411346,-2.6666782999666006,-5.623863464544294,-4.124710905364157,-1.0079728367924847,-3.3615425787576463,-3.492052723409852,-2.6003255315810887,-1.898896739979593,0.05310317073935413,-1.757681652753544,-4.29826332209817,-0.8656454246584911,-3.6256131257674915,-2.1493148790310546,0.4327309776328525,-2.9792299024394877,-0.4913661573739557,0.532967732103638,-1.5431133538016935,-0.059236616412718684,-0.17142103225411814,-0.2001540333173325,-6.281110425338191,-0.27042984667396774,0.668179857288108,0.9587447075770161,-0.5377777466532837,-0.46623042216785715,-2.5205375042830074,-0.6013262969887326,-0.3337054002954908,0.8263789079187293,-0.15429987102506765,-0.7800687829088878,0.676037173854697,-0.6563597891742197,0.2733606403096641,-1.2785138505988973,0.9744676158005988,0.09500828153211459,-0.6085488059258274,0.625949647480795,0.5268925881369682,0.22788286943454436,0.5918187340077931,-0.2740466221861069,-0.7941450310558901,-0.5086498488303222,-0.4216380663268446,0.34525569727966654,0.554813314052792,-2.6963796710433083,0.40439526268852194,-2.497096164938237,0.841721111793746,0.5779140800046804,0.564537651786651,-1.209727516209279,-2.4504991558671096,-2.7210524084522794,0.6538831204263618,0.05771096874004231,-0.2910987627625621,0.40054374209783233,-0.5401703519254746,0.043470160257403745,0.16721919255159223,-2.4081539945699117,0.4418312145270241,-1.4033235802273234,0.8565911178081714,0.5021011652212282,-1.0221165883410654,-0.5740399197841355,0.636962512746894,-0.09515446368938765,0.5079350716054808,-0.5643583933792091,-0.5408289954986983,1.2217061991539835,-0.7198163749590176,-0.008502403181386821,-36.84136148790471,-0.3810137723128255,-2.661245186255404,-1.4725697169724066,-0.9007206333468866,-1.613503466878786,-0.47530024967474305,-0.4897327231443772,-1.1892206179040945,-1.9722894408284664,0.46855136898709904,-0.9365453204442116,-1.2611491351956206,-1.1492565067548202,-2.309515021929025,-0.8435982782691941,-36.84136148790471,-2.746535430187249,-1.692127151677296,-1.696161771068239
-1.5799814312809959,-4.390751798722731,-0.5891054955320151,-2.064681820093883,0.469657696624664,-4.184418962419571,0.19509544005223392,-0.52692143654648,-1.4847011803278436,0.1286982588532375,-0.705359507660285,-0.2751526503464706,-0.4647287871273967,-2.388987879560291,-1.1285720350709143,0.08542716879135108,0.5165962537133282,-0.41804559150090065,-1.501489242784246,-2.4488649518000285,-1.4554010404093107,-3.99185235367021,-6.772456871755487,-2.0822766170703306,0.9859461736949705,-0.58314464698529,-4.655343175374946,-3.1889841791665643,-3.2891931116411346,-2.6666782999666006,-5.623863464544294,-4.124710905364157,-1.0079728367924847,-3.3615425787576463,-3.492052723409852,-2.6003255315810887,-1.898896739979593,0.05310317073935413,-1.757681652753544,-4.29826332209817,-0.8656454246584911,-3.6256131257674915,-2.1493148790310546,0.4327309776328525,-2.9792299024394877,-0.4913661573739557,0.532967732103638,-1.5431133538016935,-0.059236616412718684,-0.17142103225411814,-0.2001540333173325,-6.281110425338191,-0.27042984667396774,0.668179857288108,0.9587447075770161,-0.5377777466532837,-0.46623042216785715,-2.5205375042830074,-0.6013262969887326,-0.3337054002954908,0.8263789079187293,-0.15429987102506765,-0.7800687829088878,0.676037173854697,-0.6563597891742197,0.2733606403096641,-1.2785138505988973,0.9744676158005988,0.09500828153211459,-0.6085488059258274,0.625949647480795,0.5268925881369682,0.22788286943454436,0.5918187340077931,-0.2740466221861069,-0.7941450310558901,-0.5086498488303222,-0.4216380663268446,0.34525569727966654,0.554813314052792,-2.6963796710433083,0.40439526268852194,-2.497096164938237,0.841721111793746,0.5779140800046804,0.564537651786651,-1.209727516209279,-2.4504991558671096,-2.7210524084522794,0.6538831204263618,0.05771096874004231,-0.2910987627625621,0.40054374209783233,-0.5401703519254746,0.043470160257403745,0.16721919255159223,-2.4081539945699117,0.4418312145270241,-1.4033235802273234,0.8565911178081714,0.5021011652212282,-1.0221165883410654,-0.5740399197841355,0.636962512746894,-0.09515446368938765,0.5079350716054808,-0.5643583933792091,-0.5408289954986983,1.2217061991539835,-0.7198163749590176,-0.008502403181386821,-36.84136148790471,-0.3810137723128255,-2.661245186255404,-1.4725697169724066,-0.9007206333468866,-1.613503466878786,-0.47530024967474305,-0.4897327231443772,-1.1892206179040945,-1.9722894408284664,0.46855136898709904,-0.9365453204442116,-1.2611491351956206,-1.1492565067548202,-2.309515021929025,-0.8435982782691941,-36.84136148790471,-2.746535430187249,-1.692127151677296,-1.696161771068239
-1.6307027022997291,-1.1433512225318627,-0.6341934073698359,-2.372460331381075,0.3540674424394754,-4.280794379094818,0.13309945903131223,-0.679361297313195,-0.5806750747020406,0.013216178856842436,-0.5210619190555441,-0.2440765232340223,-0.9381599468964162,-1.3186713433318173,-0.7808600385466243,-0.2816511662174332,0.4346821523991173,-0.6274608624432741,-1.4065314330431393,-0.19450450810297248,0.9921191701893524,-2.9355423943638863,-4.177513708306177,-1.7153613565471078,1.0391385015073733,-0.4713074332213083,-4.929394019808419,-1.8534377312517525,-4.2176285782404355,-2.2953906208436488,-4.643046552140687,-2.752236498684251,-0.9597436102244533,-2.256305448412233,-2.5587277209900443,-2.1917133075203927,-2.5213993529283245,0.051265544151841744,-1.6954074414235807,-3.5808290663403777,-0.9260167802452547,-3.6038214453693795,-1.881783292496056,0.2822674079907233,-2.4491805568653233,-0.403281173445712,0.5304313790341092,-1.6539716842729923,0.12715999374762824,-0.2654726062556112,-0.6440442276343863,-5.9962464830720865,-0.21916036214679457,0.6383705476794315,0.7389971469809544,-0.22535138012130287,-0.627575402374255,-2.3698454701824723,-0.5729581888886838,-0.04467355508471176,0.9052278634663076,-0.006918687388139619,-0.3200757281165032,0.5217098367541473,-0.8532524786180342,0.38817129880750784,-1.8856565425609604,0.8663781321861722,-0.29220486271474105,-0.6022637446257871,0.6801826854905832,-0.10757804119011062,0.714194347324617,0.5505030147381755,-0.5144109572922168,-0.801534044677257,-0.477220989770938,-0.7015013741208894,0.1821308112087734,0.26646166612128774,-3.0245706323197816,0.5140967182258228,-2.9697450020130343,0.8765834850455781,0.7092532082276624,0.038170806172338916,-1.4518201352895048,-2.919639385150005,-3.000335206613431,0.4086216193405709,0.2341766500785559,-0.4286660909152089,0.30222138589508535,-0.41810189374063833,0.26103900929595847,0.3783132912383619,-2.8715123394914306,0.37532698129952213,-1.3280848196469397,0.860386406387669,0.37722781935529187,-1.009381290453913,-0.6563275006907027,0.45404224405444654,-0.2826354449820524,0.5585033824447109,-1.1488158625844263,-0.4912568709017962,1.2637403825131497,-0.7402934063931161,-0.5012453862285536,-4.839791767386951,-0.8443054024632042,-2.541929177900945,-0.6775278053155521,-0.554154921536555,-1.7872498213253418,-0.8503912881787775,-0.2134295718123147,-1.4687766420545567,-1.1310557425077834,0.5599213110470795,-0.7959618912113701,-1.0879966751094436,-1.2658551073081008,-1.8657586304082303,-0.9775371844411672,-4.839791767386951,-3.226719602498814,-1.9624446506717022,-1.7332096938883748
-1.6307027022997291,-1.1433512225318627,-0.6341934073698359,-2.372460331381075,0.3540674424394754,-4.280794379094818,0.13309945903131223,-0.679361297313195,-0.5806750747020406,0.013216178856842436,-0.5210619190555441,-0.2440765232340223,-0.9381599468964162,-1.3186713433318173,-0.7808600385466243,-0.2816511662174332,0.4346821523991173,-0.6274608624432741,-1.4065314330431393,-0.19450450810297248,0.9921191701893524,-2.9355423943638863,-4.177513708306177,-1.7153613565471078,1.0391385015073733,-0.4713074332213083,-4.929394019808419,-1.8534377312517525,-4.2176285782404355,-2.2953906208436488,-4.643046552140687,-2.752236498684251,-0.9597436102244533,-2.256305448412233,-2.5587277209900443,-2.1917133075203927,-2.5213993529283245,0.051265544151841744,-1.6954074414235807,-3.5808290663403777,-0.9260167802452547,-3.6038214453693795,-1.881783292496056,0.2822674079907233,-2.4491805568653233,-0.403281173445712,0.5304313790341092,-1.6539716842729923,0.12715999374762824,-0.2654726062556112,-0.6440442276343863,-5.9962464830720865,-0.21916036214679457,0.6383705476794315,0.7389971469809544,-0.22535138012130287,-0.627575402374255,-2.3698454701824723,-0.5729581888886838,-0.04467355508471176,0.9052278634663076,-0.006918687388139619,-0.3200757281165032,0.5217098367541473,-0.8532524786180342,0.38817129880750784,-1.8856565425609604,0.8663781321861722,-0.29220486271474105,-0.6022637446257871,0.6801826854905832,-0.10757804119011062,0.714194347324617,0.5505030147381755,-0.5144109572922168,-0.801534044677257,-0.477220989770938,-0.7015013741208894,0.1821308112087734,0.26646166612128774,-3.0245706323197816,0.5140967182258228,-2.9697450020130343,0.8765834850455781,0.7092532082276624,0.038170806172338916,-1.4518201352895048,-2.919639385150005,-3.000335206613431,0.4086216193405709,0.2341766500785559,-0.4286660909152089,0.30222138589508535,-0.41810189374063833,0.26103900929595847,0.3783132912383619,-2.8715123394914306,0.37532698129952213,-1.3280848196469397,0.860386406387669,0.37722781935529187,-1.009381290453913,-0.6563275006907027,0.45404224405444654,-0.2826354449820524,0.5585033824447109,-1.1488158625844263,-0.4912568709017962,1.2637403825131497,-0.7402934063931161,-0.5012453862285536,-4.839791767386951,-0.8443054024632042,-2.541929177900945,-0.6775278053155521,-0.554154921536555,-1.7872498213253418,-0.8503912881787775,-0.2134295718123147,-1.4687766420545567,-1.1310557425077834,0.5599213110470795,-0.7959618912113701,-1.0879966751094436,-1.2658551073081008,-1.8657586304082303,-0.9775371844411672,-4.839791767386951,-3.226719602498814,-1.9624446506717022,-1.7332096938883748
-1.2903559305394319,-2.5021073509036,-0.2874719276170336,-2.2367971682398737,-0.09977333166813279,-2.398602697742317,0.3071654891098839,-0.5451398037307982,-0.45235092477718974,-0.4620575567581352,-0.7597029739182692,-0.21974488059335937,-1.0317440847539694,-0.4571591184266703,-1.2866304384128873,0.15428716423961855,0.4709231738767919,-0.08999111904770588,-0.5727868294583063,0.09177289777549569,0.6483326078430053,-3.1423207152759436,-4.979755382605628,-0.6915076969330451,1.568372050993598,-0.36777900587125223,-15.990052215259768,-2.5098560182344585,-3.256574441586225,-2.727985477443811,-5.63674335607257,-1.737409811288511,-0.45072471830739946,-3.549390861874288,-2.823189485178644,-1.7581765701708367,-2.3599053809888577,-0.14124293453266668,-0.9871965177455655,-3.5723254709404175,-1.3589997170460726,-5.21938009204988,-1.8191088913333127,0.25664147528116105,-2.1095714058958173,-1.0992354483906444,0.6567479171443596,-1.642735692822294,0.25029609726553564,-0.4069386248402006,-0.7530546247982174,-5.385035349534047,0.06574066928906133,0.35220540562069286,0.7782715180349818,0.22755911252390496,-0.13567241121727858,-1.8247788057986583,-0.7599664737029683,0.13852663114226865,0.5943575044819835,0.6650393220238339,-0.0021170478024431943,0.3328479659769197,-0.6387258258036601,0.5162973672608743,-1.3105182343061197,1.494877035161514,0.1258005011062166,-0.2912674641867259,1.2206020682152332,-0.33961767174789886,0.8443422958449205,0.9623397191391567,-0.016541274198813332,-0.3856119357516761,-0.5604985688125744,-1.194549993683069,0.16222181952545645,-0.13980451542044772,-3.782503120982547,0.31382509357563904,-3.4613623275627043,0.6167781583981117,0.9409261734145341,-0.43048670853818527,-0.8893737664407771,-3.0558886381618824,-2.877339832286304,-0.17703378496554903,0.5056959992643468,0.2296896231805477,0.5768134775092916,-0.18997979217848215,0.7395482988706188,0.7364286078636131,-2.493498989333764,1.090325364812554,-0.9930052871817812,1.3568997416557478,0.7656895504944633,-1.3566186424927893,-0.7471523521635711,0.7698624694756041,0.18562609812661826,0.47054783922937243,-0.4302495891854901,-0.49925541796659845,1.3421536868591222,-0.32080509900621035,0.4621303144045054,-4.5380115536227725,0.23041323260417942,-1.1925116306436365,-0.2029998979565984,-0.2870817454175355,-1.3981295088825156,-0.40755202815823877,0.5174794254790208,-0.8771989935125817,-0.9448950817962002,0.2763626601163145,-0.6340685409651564,-0.9517305645131523,0.6206867008878912,-1.7425784081725249,-0.6496181190204304,-4.5380115536227725,-2.684925593329875,-1.2297292386997807,-1.7437278208707436
-0.9301042577245369,-1.8985957975669012,-0.0844796412218823,-1.6816498260732073,-0.5588665039815881,-2.145237748182066,0.7522104581910963,-0.8131638434822466,-0.3910923375410544,-2.7435450170328415,-0.7537379887415568,-0.26107028800260373,-0.7321968119660935,-0.5350316303292242,-1.2313177659402985,0.5100719331326822,0.6378194239600821,0.2600610360454981,0.09969404867888984,-0.23606342956579193,-0.5034990526290226,-1.5000809081062318,-3.2011508498606247,-0.9659238841453801,1.4198149403498355,-0.5321673195570484,-3.9152810411347287,-3.203627930709383,-1.7313310104693032,-3.322846614736542,-17.27346029601517,-1.355447567412178,0.0031649424478041996,-6.142519814011091,-2.623030880424647,-1.1650331608055382,-1.9013616140649081,0.3333945981845374,-0.3610873737625664,-4.0390924369995,-1.3196223143203725,-4.1764171113290045,-1.2443004339367394,0.692353266050849,-1.149741869496732,-0.9735479770549622,0.855449579028926,-1.794806960290438,0.15657174859015585,-0.3919939284616957,-0.7447003193628253,-1.9032015295439182,0.7413904240808257,0.21129600439378066,1.1513663309672448,1.0891441983896202,-0.3634186189212587,-1.6293710758990554,-1.2192133317572644,-0.16474453077518583,0.39285872314284637,0.7786417332642417,-0.0633851877889837,0.14126019238431645,-0.34598011877302437,0.44621031703085134,-0.9675538365059525,1.6618398660757572,0.5399278833033204,-0.03346000081616993,1.4558205198208627,0.08226482129354845,1.1626422429095236,0.8206191158299787,0.3091941165062798,-0.13733236857309963,0.12899672000326673,-2.4270499752572716,0.9235097418208962,-0.7917954444018662,-4.256490463808933,-0.0866603785288167,-3.6447966361580386,0.02670713134391089,0.7718927613791319,0.024688983500491153,-0.6222079548310918,-4.162883532987159,-2.2220657618814594,-1.519307414352736,0.3936829198120057,0.6343644617985449,0.6539807985418193,0.29390294067306694,0.988587023752557,-0.21767260180146603,-1.132165413482791,1.053386065417224,-0.468893707566485,1.0514679369303432,1.1476921606766906,-0.28569777030359533,-0.8274983022703126,0.6618025588694153,0.27538673005638853,0.7345235506373089,0.10983598142480155,0.2663738396517238,1.2508871479176984,0.3706735013589694,1.6020819849992003,-2.1462143631205635,1.1339654146157334,0.6424634989556067,0.045625635371633416,0.3642456836488612,-0.48210369978257056,-2.7719506755382106,0.7127791857757532,-0.4146108991189504,-1.5813499337726327,0.16814470094605577,-1.2292356870350307,-0.01094887056134653,1.1279598324999751,-1.5106560312587485,1.5558483853796647,-2.1462143631205635,-1.3084380901015993,-0.16024550114404823,-0.9073178659770013
-0.9301042577245369,-1.8985957975669012,-0.0844796412218823,-1.6816498260732073,-0.5588665039815881,-2.145237748182066,0.7522104581910963,-0.8131638434822466,-0.3910923375410544,-2.7435450170328415,-0.7537379887415568,-0.26107028800260373,-0.7321968119660935,-0.5350316303292242,-1.2313177659402985,0.5100719331326822,0.6378194239600821,0.2600610360454981,0.09969404867888984,-0.23606342956579193,-0.5034990526290226,-1.5000809081062318,-3.2011508498606247,-0.9659238841453801,1.4198149403498355,-0.5321673195570484,-3.9152810411347287,-3.203627930709383,-1.7313310104693032,-3.322846614736542,-17.27346029601517,-1.355447567412178,0.0031649424478041996,-6.142519814011091,-2.623030880424647,-1.1650331608055382,-1.9013616140649081,0.3333945981845374,-0.3610873737625664,-4.0390924369995,-1.3196223143203725,-4.1764171113290045,-1.2443004339367394,0.692353266050849,-1.149741869496732,-0.9735479770549622,0.855449579028926,-1.794806960290438,0.15657174859015585,-0.3919939284616957,-0.7447003193628253,-1.9032015295439182,0.7413904240808257,0.21129600439378066,1.1513663309672448,1.0891441983896202,-0.3634186189212587,-1.6293710758990554,-1.2192133317572644,-0.16474453077518583,0.39285872314284637,0.7786417332642417,-0.0633851877889837,0.14126019238431645,-0.34598011877302437,0.44621031703085134,-0.9675538365059525,1.6618398660757572,0.5399278833033204,-0.03346000081616993,1.4558205198208627,0.08226482129354845,1.1626422429095236,0.8206191158299787,0.3091941165062798,-0.13733236857309963,0.12899672000326673,-2.4270499752572716,0.9235097418208962,-0.7917954444018662,-4.256490463808933,-0.0866603785288167,-3.6447966361580386,0.02670713134391089,0.7718927613791319,0.024688983500491153,-0.6222079548310918,-4.162883532987159,-2.2220657618814594,-1.519307414352736,0.3936829198120057,0.6343644617985449,0.6539807985418193,0.29390294067306694,0.988587023752557,-0.21767260180146603,-1.132165413482791,1.053386065417224,-0.468893707566485,1.0514679369303432,1.1476921606766906,-0.28569777030359533,-0.8274983022703126,0.6618025588694153,0.27538673005638853,0.7345235506373089,0.10983598142480155,0.2663738396517238,1.2508871479176984,0.3706735013589694,1.6020819849992003,-2.1462143631205635,1.1339654146157334,0.6424634989556067,0.045625635371633416,0.3642456836488612,-0.48210369978257056,-2.7719506755382106,0.7127791857757532,-0.4146108991189504,-1.5813499337726327,0.16814470094605577,-1.2292356870350307,-0.01094887056134653,1.1279598324999751,-1.5106560312587485,1.5558483853796647,-2.1462143631205635,-1.3084380901015993,-0.16024550114404823,-0.9073178659770013
-1.7402270311256247,-1.732858497171433,-0.31603043943440245,-1.7371446977128062,-0.5489428575516515,-2.040605646983783,0.8923339160944778,-1.1761047019245872,-0.817928467457061,-2.7563021239746464,-0.8418249993649359,-0.2341170990873518,-0.6028081981973987,-1.4008228070544506,-0.6984318432735391,0.4345777647044906,0.2886526946377963,-0.09761361795649347,-0.7439187864359929,-0.8328883507836924,-1.197834701506294,-3.008862503791253,-3.851431880830305,-1.6465452874578663,1.293650802058412,-0.8794217366142904,-2.832155520084237,-3.325856379897406,-2.737071228016767,-3.0145180412742443,-6.196145594307532,-2.441184855266877,-0.137963175710445,-4.385254101797166,-3.094826240419273,-1.1972721631849623,-2.3347803822852997,0.4741173575520696,-1.3352084004982183,-4.789344060199383,-1.2381030724870714,-4.929942296669262,-0.8168195482719204,0.8177831923263108,-1.6963847731771957,-1.2828841712077115,0.7029801069340604,-1.7035715446410715,-0.18485984947333886,-0.40143049928772284,-0.8352376742579003,-1.8728334155750757,0.47556826403495317,0.4405141773668053,1.1213048519893971,0.6767245279698175,-0.472193247439758,-2.737757892219434,-1.3466043500655376,-0.4022198372899049,1.1937130118711887,0.40195111307527287,-0.14971833545370722,0.3966131365128178,-0.7354277465872673,0.7704529743131728,-1.5311283555336832,1.317268458921139,0.34464480816213366,-0.5945674462844425,1.1816543748284365,-0.03534930636871539,0.940326292808794,0.3462647588783733,-0.13743716051193455,-0.5737403982849966,-0.3348270533492834,-1.5433343311409777,0.5418210222093732,0.6904654187006174,-3.6691415097718845,0.44791950817892673,-2.2287156928554177,0.955867215970791,0.6543366358874556,0.17147586521995192,-0.4737555486668091,-4.347872083346082,-2.173421921584952,-1.2336379201760435,0.38253125462779763,-0.009436202846411853,0.5137269614410069,0.1585415413692584,0.7453300126228957,-0.1427026256828755,-1.1655581101472299,1.0401215941416992,-0.8844877081235424,1.1751157580131972,0.6071770706145002,-0.8285846726460773,-1.237925359199856,0.5501551088253706,-0.11800206983326549,0.4090525058701154,-0.3696294671368296,-0.16894338516568902,1.1149898427863474,-0.09054864310065286,0.9429353978437911,-2.3594147770038516,0.2173835657580844,-0.2338398486569531,-0.7381833209607693,-0.23144046706171914,-0.5123177672910176,-3.7983017137198454,-0.02554109831323866,-1.125076394142786,-1.4002977865348796,0.2768322245324663,-1.4641407364630015,-0.9418976304583156,0.2569413334610476,-0.678954988329723,1.0792246822166065,-2.3594147770038516,-1.920213147050045,-0.8261319130597585,-1.9540721522652136
-2.2587918782244323,-1.9382033311207356,-0.45596821633962753,-2.059267594077045,-0.15657054411281973,-2.35884705698401,0.4956069462895806,-1.1834805743038543,-1.456170022839602,-1.6822758638076527,-0.7896166225543239,-0.31515725945116924,-0.18257518026120254,-2.3070646020470407,-0.8316817131239788,0.3789021118899273,0.3084300713071392,-0.3338845745508905,-1.4391164327710286,-1.0695847481883591,-1.8252079747269538,-4.639808383086479,-4.433944682314717,-1.7818023143231407,1.1826223546994694,-1.086638097173281,-2.3309709410299115,-3.5404204692215364,-3.2152055063060905,-3.4635872830576697,-5.642735904766336,-3.281319100069571,-0.3829529064230771,-4.577743996645095,-3.9929706744194546,-1.8350730648148261,-2.838172422482858,0.4031662817717528,-2.0648462120461004,-5.274429363497811,-1.0387927097400604,-5.353220280474057,-1.058192426949878,0.617636046067959,-2.408400412743838,-1.9201700573748721,0.7288587608499218,-1.3538593333233853,-0.4495729028741704,-0.33326550974628805,-0.8983682357816085,-3.2099728026794865,0.14486272140904033,0.2979819127556979,1.0369567645758486,0.03401518232238502,-0.5183158223556265,-3.0001854599618447,-1.3400810128334875,-0.5534345569183977,1.0870532973040106,0.4541181564914482,-0.32216259899167926,0.332033151136236,-0.7222830345540165,0.4344431689461034,-1.9256380437027618,1.3042252148168345,0.46746365171597865,-1.0589158965982113,0.7818737388667417,0.3216064677802926,0.3112158742165442,0.239920064269884,-0.2338295165716233,-0.7323911190923655,-0.5400176275342673,-1.8655796040899697,0.16131772832970362,0.7965774862672992,-2.985946579216658,0.5836253088132879,-2.502605747577565,0.9264640978851452,0.6676453107796239,0.2575343467894711,-0.8437514956478716,-2.7593540866618813,-2.4430353546907604,0.13764527233846263,-0.001589124026466523,-0.015657463029471075,0.4761065259189804,-0.08658281706644888,0.2941123674294914,-0.3067992049862509,-2.35106573475393,1.0088071105628196,-1.233650779124288,1.1287492544782274,0.2219676640473545,-1.0730062348414333,-1.446894554432082,0.46528451054983055,-0.026716139596333767,0.5681609177538651,-0.4194069777457655,-0.07542530245236893,1.0703018386518663,-0.4858509864158339,0.16399060379235192,-3.0965462046669368,-0.29176896350419196,-1.6883377367241852,-2.9128151948276626,-0.9105892773335508,-1.6336704495326815,-2.7116118547673254,-0.13382950593814075,-1.648063800422637,-2.3097367390999177,-0.09616703201716875,-1.6636142340104214,-1.1274406523339813,-0.44821193687974836,-0.8719068445159106,-0.09198748786933798,-3.0965462046669368,-2.1343202519512463,-1.0056219457786273,-2.3538575650307303
-2.2587918782244323,-1.9382033311207356,-0.45596821633962753,-2.059267594077045,-0.15657054411281973,-2.35884705698401,0.4956069462895806,-1.1834805743038543,-1.456170022839602,-1.6822758638076527,-0.7896166225543239,-0.31515725945116924,-0.18257518026120254,-2.3070646020470407,-0.8316817131239788,0.3789021118899273,0.3084300713071392,-0.3338845745508905,-1.4391164327710286,-1.0695847481883591,-1.8252079747269538,-4.639808383086479,-4.433944682314717,-1.7818023143231407,1.1826223546994694,-1.086638097173281,-2.3309709410299115,-3.5404204692215364,-3.2152055063060905,-3.4635872830576697,-5.642735904766336,-3.281319100069571,-0.3829529064230771,-4.577743996645095,-3.9929706744194546,-1.8350730648148261,-2.838172422482858,0.4031662817717528,-2.0648462120461004,-5.274429363497811,-1.0387927097400604,-5.353220280474057,-1.058192426949878,0.617636046067959,-2.408400412743838,-1.9201700573748721,0.7288587608499218,-1.3538593333233853,-0.4495729028741704,-0.33326550974628805,-0.8983682357816085,-3.2099728026794865,0.14486272140904033,0.2979819127556979,1.0369567645758486,0.03401518232238502,-0.5183158223556265,-3.0001854599618447,-1.3400810128334875,-0.5534345569183977,1.0870532973040106,0.4541181564914482,-0.32216259899167926,0.332033151136236,-0.7222830345540165,0.4344431689461034,-1.9256380437027618,1.3042252148168345,0.46746365171597865,-1.0589158965982113,0.7818737388667417,0.3216064677802926,0.3112158742165442,0.239920064269884,-0.2338295165716233,-0.7323911190923655,-0.5400176275342673,-1.8655796040899697,0.16131772832970362,0.7965774862672992,-2.985946579216658,0.5836253088132879,-2.502605747577565,0.9264640978851452,0.6676453107796239,0.2575343467894711,-0.8437514956478716,-2.7593540866618813,-2.4430353546907604,0.13764527233846263,-0.001589124026466523,-0.015657463029471075,0.4761065259189804,-0.08658281706644888,0.2941123674294914,-0.3067992049862509,-2.35106573475393,1.0088071105628196,-1.233650779124288,1.1287492544782274,0.2219676640473545,-1.0730062348414333,-1.446894554432082,0.46528451054983055,-0.026716139596333767,0.5681609177538651,-0.4194069777457655,-0.07542530245236893,1.0703018386518663,-0.4858509864158339,0.16399060379235192,-3.0965462046669368,-0.29176896350419196,-1.6883377367241852,-2.9128151948276626,-0.9105892773335508,-1.6336704495326815,-2.7116118547673254,-0.13382950593814075,-1.648063800422637,-2.3097367390999177,-0.09616703201716875,-1.6636142340104214,-1.1274406523339813,-0.44821193687974836,-0.8719068445159106,-0.09198748786933798,-3.0965462046669368,-2.1343202519512463,-1.0056219457786273,-2.3538575650307303
-2.2587918782244323,-1.9382033311207356,-0.45596821633962753,-2.059267594077045,-0.15657054411281973,-2.35884705698401,0.4956069462895806,-1.1834805743038543,-1.456170022839602,-1.6822758638076527,-0.7896166225543239,-0.31515725945116924,-0.18257518026120254,-2.3070646020470407,-0.8316817131239788,0.3789021118899273,0.3084300713071392,-0.3338845745508905,-1.4391164327710286,-1.0695847481883591,-1.8252079747269538,-4.639808383086479,-4.433944682314717,-1.7818023143231407,1.1826223546994694,-1.086638097173281,-2.3309709410299115,-3.5404204692215364,-3.2152055063060905,-3.4635872830576697,-5.642735904766336,-3.281319100069571,-0.3829529064230771,-4.577743996645095,-3.9929706744194546,-1.8350730648148261,-2.838172422482858,0.4031662817717528,-2.0648462120461004,-5.274429363497811,-1.0387927097400604,-5.353220280474057,-1.058192426949878,0.617636046067959,-2.408400412743838,-1.9201700573748721,0.7288587608499218,-1.3538593333233853,-0.4495729028741704,-0.33326550974628805,-0.8983682357816085,-3.2099728026794865,0.14486272140904033,0.2979819127556979,1.0369567645758486,0.03401518232238502,-0.5183158223556265,-3.0001854599618447,-1.3400810128334875,-0.5534345569183977,1.0870532973040106,0.4541181564914482,-0.32216259899167926,0.332033151136236,-0.7222830345540165,0.4344431689461034,-1.9256380437027618,1.3042252148168345,0.46746365171597865,-1.0589158965982113,0.7818737388667417,0.3216064677802926,0.3112158742165442,0.239920064269884,-0.2338295165716233,-0.7323911190923655,-0.5400176275342673,-1.8655796040899697,0.16131772832970362,0.7965774862672992,-2.985946579216658,0.5836253088132879,-2.502605747577565,0.9264640978851452,0.6676453107796239,0.2575343467894711,-0.8437514956478716,-2.7593540866618813,-2.4430353546907604,0.13764527233846263,-0.001589124026466523,-0.015657463029471075,0.4761065259189804,-0.08658281706644888,0.2941123674294914,-0.3067992049862509,-2.35106573475393,1.0088071105628196,-1.233650779124288,1.1287492544782274,0.2219676640473545,-1.0730062348414333,-1.446894554432082,0.46528451054983055,-0.026716139596333767,0.5681609177538651,-0.4194069777457655,-0.07542530245236893,1.0703018386518663,-0.4858509864158339,0.16399060379235192,-3.0965462046669368,-0.29176896350419196,-1.6883377367241852,-2.9128151948276626,-0.9105892773335508,-1.6336704495326815,-2.7116118547673254,-0.13382950593814075,-1.648063800422637,-2.3097367390999177,-0.09616703201716875,-1.6636142340104214,-1.1274406523339813,-0.44821193687974836,-0.8719068445159106,-0.09198748786933798,-3.0965462046669368,-2.1343202519512463,-1.0056219457786273,-2.3538575650307303
-1.8589060335091765,-3.3025985965591804,-0.47461736940124694,-2.5588752048385377,0.15622097668045307,-2.922053706344046,0.24160219116464052,-0.6746345152199367,-1.5161171000492795,-0.14930999530447583,-0.832102887181523,-0.312573468764009,-0.46376116664472566,-2.349407632909986,-0.9085434117366464,0.5161910289074574,0.3950980861085152,-0.20958585310465436,-1.5014118024150611,-1.3459392081612298,-1.5265255399560211,-3.4122993664542647,-5.229523156318062,-1.4586815017534358,1.1785167639817586,-0.6176723918049623,-3.5128102697494343,-3.4222669031011828,-2.199989393679434,-2.1015368829150343,-6.20821651617669,-2.5725280324692883,-0.8051837601382397,-4.845547314892887,-3.221652828724343,-2.032862198453857,-2.3529972222649804,0.1665753939518569,-1.2323676171879008,-4.400690941177834,-1.2698336785782454,-3.5442735900166267,-1.5178524485908174,0.2466669659045802,-2.6733703403192766,-0.9488275270787072,0.6189577949324413,-1.5904793730753533,0.013329075660792849,-0.010649296194297638,-0.8243616079967806,-4.095554618804678,0.20705817697759346,0.3933538097801588,0.9741731970573537,0.3585330610116034,-0.8176905941477449,-2.0691778640097134,-0.996902283148904,-0.09967122162164474,0.6675684192117725,0.24631086951571451,-0.22661212413536566,0.303196636771217,-0.4997843040670814,0.43872526634037756,-1.2613161470642666,1.29610061001823,0.4995562837563578,-0.47111006973424246,0.33013659784123206,-0.15171726386202655,0.8618296945510844,0.3725145340314001,-0.25630626999980904,-0.4248477572881995,-0.2530442001389685,-1.3957100786363492,0.3018771365740072,0.23615691840586317,-3.323520089514454,0.26436066997862956,-3.028801421945173,0.6267888144504381,0.6105022493783568,0.23716082165228378,-1.0943368035419296,-2.798121880280617,-2.7811200668761376,0.11566561025710402,0.3402790573419296,0.030334852473415035,0.46117964443977394,0.0013674330426012868,0.4834709059559724,0.3866507669793439,-1.9505442955214118,1.011100714939892,-1.3286741580863277,1.1280741859160581,0.22784130035725347,-0.8476885626324073,-0.3510498582953528,0.6444774276497865,-0.13707522427423416,0.4644554617510892,-0.15498263561320208,-0.07288413259752206,1.1705937442749144,-0.11243481861405437,0.36940726854065675,-3.9247315801532716,-0.03739226274418577,-1.861465057798666,-1.6121907265563962,-0.6223184660734012,-1.7764701721779936,-1.2220595007100306,-0.5578413226294635,-1.46382063707246,-2.3105393479176377,0.4074191725679031,-1.111609240496779,-1.281720714937876,-0.08187092418716158,-1.3365570891532184,-0.5672196607814739,-3.9247315801532716,-2.309936842376564,-1.201986468960232,-2.078864452421435
-1.8589060335091765,-3.3025985965591804,-0.47461736940124694,-2.5588752048385377,0.15622097668045307,-2.922053706344046,0.24160219116464052,-0.6746345152199367,-1.5161171000492795,-0.14930999530447583,-0.832102887181523,-0.312573468764009,-0.46376116664472566,-2.349407632909986,-0.9085434117366464,0.5161910289074574,0.3950980861085152,-0.20958585310465436,-1.5014118024150611,-1.3459392081612298,-1.5265255399560211,-3.4122993664542647,-5.229523156318062,-1.4586815017534358,1.1785167639817586,-0.6176723918049623,-3.5128102697494343,-3.4222669031011828,-2.199989393679434,-2.1015368829150343,-6.20821651617669,-2.5725280324692883,-0.8051837601382397,-4.845547314892887,-3.221652828724343,-2.032862198453857,-2.3529972222649804,0.1665753939518569,-1.2323676171879008,-4.400690941177834,-1.2698336785782454,-3.5442735900166267,-1.5178524485908174,0.2466669659045802,-2.6733703403192766,-0.9488275270787072,0.6189577949324413,-1.5904793730753533,0.013329075660792849,-0.010649296194297638,-0.8243616079967806,-4.095554618804678,0.20705817697759346,0.3933538097801588,0.9741731970573537,0.3585330610116034,-0.8176905941477449,-2.0691778640097134,-0.996902283148904,-0.09967122162164474,0.6675684192117725,0.24631086951571451,-0.22661212413536566,0.303196636771217,-0.4997843040670814,0.43872526634037756,-1.2613161470642666,1.29610061001823,0.4995562837563578,-0.47111006973424246,0.33013659784123206,-0.15171726386202655,0.8618296945510844,0.3725145340314001,-0.25630626999980904,-0.4248477572881995,-0.2530442001389685,-1.3957100786363492,0.3018771365740072,0.23615691840586317,-3.323520089514454,0.26436066997862956,-3.028801421945173,0.6267888144504381,0.6105022493783568,0.23716082165228378,-1.0943368035419296,-2.798121880280617,-2.7811200668761376,0.11566561025710402,0.3402790573419296,0.030334852473415035,0.46117964443977394,0.0013674330426012868,0.4834709059559724,0.3866507669793439,-1.9505442955214118,1.011100714939892,-1.3286741580863277,1.1280741859160581,0.22784130035725347,-0.8476885626324073,-0.3510498582953528,0.6444774276497865,-0.13707522427423416,0.4644554617510892,-0.15498263561320208,-0.07288413259752206,1.1705937442749144,-0.11243481861405437,0.36940726854065675,-3.9247315801532716,-0.03739226274418577,-1.861465057798666,-1.6121907265563962,-0.6223184660734012,-1.7764701721779936,-1.2220595007100306,-0.5578413226294635,-1.46382063707246,-2.3105393479176377,0.4074191725679031,-1.111609240496779,-1.281720714937876,-0.08187092418716158,-1.3365570891532184,-0.5672196607814739,-3.9247315801532716,-2.309936842376564,-1.201986468960232,-2.078864452421435
-1.8589060335091765,-3.3025985965591804,-0.47461736940124694,-2.5588752048385377,0.15622097668045307,-2.922053706344046,0.24160219116464052,-0.6746345152199367,-1.5161171000492795,-0.14930999530447583,-0.832102887181523,-0.312573468764009,-0.46376116664472566,-2.349407632909986,-0.9085434117366464,0.5161910289074574,0.3950980861085152,-0.20958585310465436,-1.5014118024150611,-1.3459392081612298,-1.5265255399560211,-3.4122993664542647,-5.229523156318062,-1.4586815017534358,1.1785167639817586,-0.6176723918049623,-3.5128102697494343,-3.4222669031011828,-2.199989393679434,-2.1015368829150343,-6.20821651617669,-2.5725280324692883,-0.8051837601382397,-4.845547314892887,-3.221652828724343,-2.032862198453857,-2.3529972222649804,0.1665753939518569,-1.2323676171879008,-4.400690941177834,-1.2698336785782454,-3.5442735900166267,-1.5178524485908174,0.2466669659045802,-2.6733703403192766,-0.9488275270787072,0.6189577949324413,-1.5904793730753533,0.013329075660792849,-0.010649296194297638,-0.8243616079967806,-4.095554618804678,0.20705817697759346,0.3933538097801588,0.9741731970573537,0.3585330610116034,-0.8176905941477449,-2.0691778640097134,-0.996902283148904,-0.09967122162164474,0.6675684192117725,0.24631086951571451,-0.22661212413536566,0.303196636771217,-0.4997843040670814,0.43872526634037756,-1.2613161470642666,1.29610061001823,0.4995562837563578,-0.47111006973424246,0.33013659784123206,-0.15171726386202655,0.8618296945510844,0.3725145340314001,-0.25630626999980904,-0.4248477572881995,-0.2530442001389685,-1.3957100786363492,0.3018771365740072,0.23615691840586317,-3.323520089514454,0.26436066997862956,-3.028801421945173,0.6267888144504381,0.6105022493783568,0.23716082165228378,-1.0943368035419296,-2.798121880280617,-2.7811200668761376,0.11566561025710402,0.3402790573419296,0.030334852473415035,0.46117964443977394,0.0013674330426012868,0.4834709059559724,0.3866507669793439,-1.9505442955214118,1.011100714939892,-1.3286741580863277,1.1280741859160581,0.22784130035725347,-0.8476885626324073,-0.3510498582953528,0.6444774276497865,-0.13707522427423416,0.4644554617510892,-0.15498263561320208,-0.07288413259752206,1.1705937442749144,-0.11243481861405437,0.36940726854065675,-3.9247315801532716,-0.03739226274418577,-1.861465057798666,-1.6121907265563962,-0.6223184660734012,-1.7764701721779936,-1.2220595007100306,-0.5578413226294635,-1.46382063707246,-2.3105393479176377,0.4074191725679031,-1.111609240496779,-1.281720714937876,-0.08187092418716158,-1.3365570891532184,-0.5672196607814739,-3.9247315801532716,-2.309936842376564,-1.201986468960232,-2.078864452421435
-1.8589060335091765,-3.3025985965591804,-0.47461736940124694,-2.5588752048385377,0.15622097668045307,-2.922053706344046,0.24160219116464052,-0.6746345152199367,-1.5161171000492795,-0.14930999530447583,-0.832102887181523,-0.312573468764009,-0.46376116664472566,-2.349407632909986,-0.9085434117366464,0.5161910289074574,0.3950980861085152,-0.20958585310465436,-1.5014118024150611,-1.3459392081612298,-1.5265255399560211,-3.4122993664542647,-5.229523156318062,-1.4586815017534358,1.1785167639817586,-0.6176723918049623,-3.5128102697494343,-3.4222669031011828,-2.199989393679434,-2.1015368829150343,-6.20821651617669,-2.5725280324692883,-0.8051837601382397,-4.845547314892887,-3.221652828724343,-2.032862198453857,-2.3529972222649804,0.1665753939518569,-1.2323676171879008,-4.400690941177834,-1.2698336785782454,-3.5442735900166267,-1.5178524485908174,0.2466669659045802,-2.6733703403192766,-0.9488275270787072,0.6189577949324413,-1.5904793730753533,0.013329075660792849,-0.010649296194297638,-0.8243616079967806,-4.095554618804678,0.20705817697759346,0.3933538097801588,0.9741731970573537,0.3585330610116034,-0.8176905941477449,-2.0691778640097134,-0.996902283148904,-0.09967122162164474,0.6675684192117725,0.24631086951571451,-0.22661212413536566,0.303196636771217,-0.4997843040670814,0.43872526634037756,-1.2613161470642666,1.29610061001823,0.4995562837563578,-0.47111006973424246,0.33013659784123206,-0.15171726386202655,0.8618296945510844,0.3725145340314001,-0.25630626999980904,-0.4248477572881995,-0.2530442001389685,-1.3957100786363492,0.3018771365740072,0.23615691840586317,-3.323520089514454,0.26436066997862956,-3.028801421945173,0.6267888144504381,0.6105022493783568,0.23716082165228378,-1.0943368035419296,-2.798121880280617,-2.7811200668761376,0.11566561025710402,0.3402790573419296,0.030334852473415035,0.46117964443977394,0.0013674330426012868,0.4834709059559724,0.3866507669793439,-1.9505442955214118,1.011100714939892,-1.3286741580863277,1.1280741859160581,0.22784130035725347,-0.8476885626324073,-0.3510498582953528,0.6444774276497865,-0.13707522427423416,0.4644554617510892,-0.15498263561320208,-0.07288413259752206,1.1705937442749144,-0.11243481861405437,0.36940726854065675,-3.9247315801532716,-0.03739226274418577,-1.861465057798666,-1.6121907265563962,-0.6223184660734012,-1.7764701721779936,-1.2220595007100306,-0.5578413226294635,-1.46382063707246,-2.3105393479176377,0.4074191725679031,-1.111609240496779,-1.281720714937876,-0.08187092418716158,-1.3365570891532184,-0.5672196607814739,-3.9247315801532716,-2.309936842376564,-1.201986468960232,-2.078864452421435
-2.2301786900991893,-3.572348549127731,-0.5087680897292607,-1.8938509721782115,0.7091708484344609,-3.7842186216090052,0.3860863356024985,-0.3431850483298434,-1.7089395865713803,0.4970942813516706,-0.6600713442745393,-0.2527533304517608,-0.8026992758549372,-2.547636569011515,-0.8494732304790453,0.03865023551346796,0.3877401663154206,-0.49592593783767697,-1.8343152042847335,-2.2414865957185977,-1.3334466059107397,-3.554154885552579,-4.885713157603572,-2.180244637630699,1.0028762173063408,-0.4558525262003014,-4.007078067943087,-3.5165413553547893,-3.413651639548207,-3.151315568707051,-33.85090037202582,-3.8026840027513154,-1.0429195335641457,-3.959159133468063,-3.5685869446686844,-2.445550462692102,-2.6293440889941473,-0.09902884301523254,-2.0592058508527495,-4.1278883702022835,-1.1483746096124865,-4.090685223976062,-1.9226340326109554,0.37228680277213294,-3.4011672709269836,-0.775767528585341,0.4609604135395654,-1.5230842745180497,-0.051647835196533466,-0.17153578694874308,-0.567074208580127,-36.766078850872155,-0.2016224437389851,0.672022304968203,0.8214402426491997,-0.42578764774882677,-0.6822630151678322,-2.3733191423097435,-0.7287441087686755,-0.14516699500065494,0.9337222440674924,-0.2767825693342387,-0.1742103267174908,0.4103781441529728,-0.9924296731648082,0.5134494798969261,-1.6001821021777443,0.8791901848844795,-0.4139569033276629,-0.7725557917104864,0.46963986303702304,0.0011518800866595657,0.6476624028780101,0.34785662436745884,-0.847232039105933,-0.8890210594796739,-0.46198595573886636,-0.8379567560830375,0.14317977757558148,0.5315311998712138,-3.0376147385847547,0.5002153549915463,-2.4771758364652614,0.8723432309385931,0.5139874781146981,-0.04703201303171578,-1.3104378613904286,-2.9282652488994665,-3.1321181608024307,0.3843169524074366,0.24438300966118276,-0.44235401925214285,0.5323245866178824,-0.5577675691852377,0.11736779452065045,0.6097232390281164,-3.231466841415256,0.8426740583317551,-1.3485494747637974,1.03554151597255,0.037478584134140125,-1.2658741127409772,-0.4679325775836383,0.6209063821041101,-0.3219421073043094,0.29568774741810233,-0.7997942194124248,-0.6608890461465216,1.161726696967513,-0.5849485007926429,-0.3063012891483828,-4.0406012422640165,-0.9111520897526033,-4.052190036837239,-1.620754929281836,-0.6840755074024231,-1.6683839315307514,-0.9331138126371549,-0.11774796989031465,-1.504342546311468,-1.7055438443477278,0.8092898975296374,-1.2197037810406082,-1.2456449982958258,-2.2340144797398747,-0.5425846586838186,-0.645685986708087,-4.0406012422640165,-3.526254391261991,-2.1439322606227162,-1.6110712514687013
-2.3757791355297795,-1.929455153336867,-0.5323763717335227,-1.64298009494097,0.55163450379148,-3.5685974199147665,0.7715081012268391,-0.7934724077315336,-1.0416922165351188,-0.6097901310740712,-0.7639145804241471,0.17657052303419354,-0.5945955923230084,-1.582026747054752,-0.6987005658444828,-0.46163185041106736,0.2633750225394942,-0.6913337890833882,-1.221947602440762,-1.0988641656699947,-0.41693384546592654,-4.408856383268256,-36.83996463109103,-1.8331598710483503,1.1312646092545795,-0.5478176032981149,-3.7073306604765213,-2.76361595267876,-4.2420676307187435,-2.795289936550601,-3.7090068909648064,-2.2287550464122576,-0.49631306995338725,-3.4733634397495474,-2.92504853576275,-2.5876447183447064,-2.831423528342886,0.029235914376986808,-2.348108240688078,-5.493268238971607,-0.7688793566587627,-5.451667433362751,-1.81880410760698,1.1079263091300453,-2.2232683149303,-1.4083863528539122,0.6620711713749217,-1.7109809819257007,-0.20585827806335796,-0.7600790042498144,-0.6265273771784294,-6.157800499837902,-0.32471177848102306,0.70250962916322,0.6621806888087189,-0.6101606021191837,0.031048127293101954,-2.654382009928257,-0.6494498842862958,-0.23875613224798375,1.4361692715224155,-0.16025710465255869,-0.22302659443261855,0.5969088067414623,-0.8401991298659105,0.7888106038977516,-2.123898412623631,0.6246005562990687,-0.5340558507846126,-0.657204691131571,1.2114137783718202,0.41811164426304004,0.6235416928803041,0.22116509803936588,-0.7001121099908021,-0.7179453253355323,-0.7603809836242633,-1.6323026637271933,0.06875697659272513,0.949559312539721,-2.7705439413600232,0.9080240862063892,-1.8951660807633388,1.2693789450649524,0.8391857115029776,0.03152339487103464,-0.604440690063004,-2.90995736763037,-3.347938392208732,0.11780552986841324,0.5143349965815917,-0.6479846311509255,0.7717846590512473,-0.6964245857574994,0.6088842363375845,0.14276379649348986,-1.7272467506037275,0.7243273932860655,-1.3626893767463195,1.0492403749708517,-0.14571939016746951,-1.2495836114665448,-1.6371250174409457,0.6797048200886411,-0.673203404398993,0.33442541839394274,-1.1248360806576798,-0.6249410862137257,1.4249898221347594,-1.2407300948617515,0.23376693866683132,-3.0377427097208436,-0.6792014701895489,-1.7130117980127622,-0.3248548860289688,-0.8888772280958097,-0.11001285277353964,-2.008361597627509,1.0951835652465691,-0.23208760126834743,-0.3703706514809384,1.1374271030144543,-0.7714895682699847,-0.34066690803975197,-0.693328198659491,0.40751209766890334,0.38754035833486017,-3.0377427097208436,-2.749680212077888,-1.7287610792044734,-1.4342172481940292
-2.3757791355297795,-1.929455153336867,-0.5323763717335227,-1.64298009494097,0.55163450379148,-3.5685974199147665,0.7715081012268391,-0.7934724077315336,-1.0416922165351188,-0.6097901310740712,-0.7639145804241471,0.17657052303419354,-0.5945955923230084,-1.582026747054752,-0.6987005658444828,-0.46163185041106736,0.2633750225394942,-0.6913337890833882,-1.221947602440762,-1.0988641656699947,-0.41693384546592654,-4.408856383268256,-36.83996463109103,-1.8331598710483503,1.1312646092545795,-0.5478176032981149,-3.7073306604765213,-2.76361595267876,-4.2420676307187435,-2.795289936550601,-3.7090068909648064,-2.2287550464122576,-0.49631306995338725,-3.4733634397495474,-2.92504853576275,-2.5876447183447064,-2.831423528342886,0.029235914376986808,-2.348108240688078,-5.493268238971607,-0.7688793566587627,-5.451667433362751,-1.81880410760698,1.1079263091300453,-2.2232683149303,-1.4083863528539122,0.6620711713749217,-1.7109809819257007,-0.20585827806335796,-0.7600790042498144,-0.6265273771784294,-6.157800499837902,-0.32471177848102306,0.70250962916322,0.6621806888087189,-0.6101606021191837,0.031048127293101954,-2.654382009928257,-0.6494498842862958,-0.23875613224798375,1.4361692715224155,-0.16025710465255869,-0.22302659443261855,0.5969088067414623,-0.8401991298659105,0.7888106038977516,-2.123898412623631,0.6246005562990687,-0.5340558507846126,-0.657204691131571,1.2114137783718202,0.41811164426304004,0.6235416928803041,0.22116509803936588,-0.7001121099908021,-0.7179453253355323,-0.7603809836242633,-1.6323026637271933,0.06875697659272513,0.949559312539721,-2.7705439413600232,0.9080240862063892,-1.8951660807633388,1.2693789450649524,0.8391857115029776,0.03152339487103464,-0.604440690063004,-2.90995736763037,-3.347938392208732,0.11780552986841324,0.5143349965815917,-0.6479846311509255,0.7717846590512473,-0.6964245857574994,0.6088842363375845,0.14276379649348986,-1.7272467506037275,0.7243273932860655,-1.3626893767463195,1.0492403749708517,-0.14571939016746951,-1.2495836114665448,-1.6371250174409457,0.6797048200886411,-0.673203404398993,0.33442541839394274,-1.1248360806576798,-0.6249410862137257,1.4249898221347594,-1.2407300948617515,0.23376693866683132,-3.0377427097208436,-0.6792014701895489,-1.7130117980127622,-0.3248548860289688,-0.8888772280958097,-0.11001285277353964,-2.008361597627509,1.0951835652465691,-0.23208760126834743,-0.3703706514809384,1.1374271030144543,-0.7714895682699847,-0.34066690803975197,-0.693328198659491,0.40751209766890334,0.38754035833486017,-3.0377427097208436,-2.749680212077888,-1.7287610792044734,-1.4342172481940292
-2.2301786900991893,-3.572348549127731,-0.5087680897292607,-1.8938509721782115,0.7091708484344609,-3.7842186216090052,0.3860863356024985,-0.3431850483298434,-1.7089395865713803,0.4970942813516706,-0.6600713442745393,-0.2527533304517608,-0.8026992758549372,-2.547636569011515,-0.8494732304790453,0.03865023551346796,0.3877401663154206,-0.49592593783767697,-1.8343152042847335,-2.2414865957185977,-1.3334466059107397,-3.554154885552579,-4.885713157603572,-2.180244637630699,1.0028762173063408,-0.4558525262003014,-4.007078067943087,-3.5165413553547893,-3.413651639548207,-3.151315568707051,-33.85090037202582,-3.8026840027513154,-1.0429195335641457,-3.959159133468063,-3.5685869446686844,-2.445550462692102,-2.6293440889941473,-0.09902884301523254,-2.0592058508527495,-4.1278883702022835,-1.1483746096124865,-4.090685223976062,-1.9226340326109554,0.37228680277213294,-3.4011672709269836,-0.775767528585341,0.4609604135395654,-1.5230842745180497,-0.051647835196533466,-0.17153578694874308,-0.567074208580127,-36.766078850872155,-0.2016224437389851,0.672022304968203,0.8214402426491997,-0.42578764774882677,-0.6822630151678322,-2.3733191423097435,-0.7287441087686755,-0.14516699500065494,0.9337222440674924,-0.2767825693342387,-0.1742103267174908,0.4103781441529728,-0.9924296731648082,0.5134494798969261,-1.6001821021777443,0.8791901848844795,-0.4139569033276629,-0.7725557917104864,0.46963986303702304,0.0011518800866595657,0.6476624028780101,0.34785662436745884,-0.847232039105933,-0.8890210594796739,-0.46198595573886636,-0.8379567560830375,0.14317977757558148,0.5315311998712138,-3.0376147385847547,0.5002153549915463,-2.4771758364652614,0.8723432309385931,0.5139874781146981,-0.04703201303171578,-1.3104378613904286,-2.9282652488994665,-3.1321181608024307,0.3843169524074366,0.24438300966118276,-0.44235401925214285,0.5323245866178824,-0.5577675691852377,0.11736779452065045,0.6097232390281164,-3.231466841415256,0.8426740583317551,-1.3485494747637974,1.03554151597255,0.037478584134140125,-1.2658741127409772,-0.4679325775836383,0.6209063821041101,-0.3219421073043094,0.29568774741810233,-0.7997942194124248,-0.6608890461465216,1.161726696967513,-0.5849485007926429,-0.3063012891483828,-4.0406012422640165,-0.9111520897526033,-4.052190036837239,-1.620754929281836,-0.6840755074024231,-1.6683839315307514,-0.9331138126371549,-0.11774796989031465,-1.504342546311468,-1.7055438443477278,0.8092898975296374,-1.2197037810406082,-1.2456449982958258,-2.2340144797398747,-0.5425846586838186,-0.645685986708087,-4.0406012422640165,-3.526254391261991,-2.1439322606227162,-1.6110712514687013
-2.2301786900991893,-3.572348549127731,-0.5087680897292607,-1.8938509721782115,0.7091708484344609,-3.7842186216090052,0.3860863356024985,-0.3431850483298434,-1.7089395865713803,0.4970942813516706,-0.6600713442745393,-0.2527533304517608,-0.8026992758549372,-2.547636569011515,-0.8494732304790453,0.03865023551346796,0.3877401663154206,-0.49592593783767697,-1.8343152042847335,-2.2414865957185977,-1.3334466059107397,-3.554154885552579,-4.885713157603572,-2.180244637630699,1.0028762173063408,-0.4558525262003014,-4.007078067943087,-3.5165413553547893,-3.413651639548207,-3.151315568707051,-33.85090037202582,-3.8026840027513154,-1.0429195335641457,-3.959159133468063,-3.5685869446686844,-2.445550462692102,-2.6293440889941473,-0.09902884301523254,-2.0592058508527495,-4.1278883702022835,-1.1483746096124865,-4.090685223976062,-1.9226340326109554,0.37228680277213294,-3.4011672709269836,-0.775767528585341,0.4609604135395654,-1.5230842745180497,-0.051647835196533466,-0.17153578694874308,-0.567074208580127,-36.766078850872155,-0.2016224437389851,0.672022304968203,0.8214402426491997,-0.42578764774882677,-0.6822630151678322,-2.3733191423097435,-0.7287441087686755,-0.14516699500065494,0.9337222440674924,-0.2767825693342387,-0.1742103267174908,0.4103781441529728,-0.9924296731648082,0.5134494798969261,-1.6001821021777443,0.8791901848844795,-0.4139569033276629,-0.7725557917104864,0.46963986303702304,0.0011518800866595657,0.6476624028780101,0.34785662436745884,-0.847232039105933,-0.8890210594796739,-0.46198595573886636,-0.8379567560830375,0.14317977757558148,0.5315311998712138,-3.0376147385847547,0.5002153549915463,-2.4771758364652614,0.8723432309385931,0.5139874781146981,-0.04703201303171578,-1.3104378613904286,-2.9282652488994665,-3.1321181608024307,0.3843169524074366,0.24438300966118276,-0.44235401925214285,0.5323245866178824,-0.5577675691852377,0.11736779452065045,0.6097232390281164,-3.231466841415256,0.8426740583317551,-1.3485494747637974,1.03554151597255,0.037478584134140125,-1.2658741127409772,-0.4679325775836383,0.6209063821041101,-0.3219421073043094,0.29568774741810233,-0.7997942194124248,-0.6608890461465216,1.161726696967513,-0.5849485007926429,-0.3063012891483828,-4.0406012422640165,-0.9111520897526033,-4.052190036837239,-1.620754929281836,-0.6840755074024231,-1.6683839315307514,-0.9331138126371549,-0.11774796989031465,-1.504342546311468,-1.7055438443477278,0.8092898975296374,-1.2197037810406082,-1.2456449982958258,-2.2340144797398747,-0.5425846586838186,-0.645685986708087,-4.0406012422640165,-3.526254391261991,-2.1439322606227162,-1.6110712514687013
