0,0,0,0,0,0,0,0,0,0,0,0,0,0,0,0,0,0,0,0,0,0,0,0,0,0,0,0,0,0,0,0,0,0,0,0,0,0,0,0,0,0,0,0,0,0,0,0,0,0,0,0,0,0,0,0,0,0,0,0,0,0,0,0,0,0,0,0,0,0,0,0,0,0,0,0,0,0,0,0,0,0,0,0,0,0,0,0,0,0
0,0,0,0,0,0,0,0,0,0,0,0,0,0,0,0,0,0,2,0,0,2,0,1,0,1,0,0,0,0,0,0,0,1,0,0,1,0,1,1,0,1,1,1,0,1,0,1,2,0,0,1,1,1,0,1,1,2,1,1,1,1,2,1,1,1,0,0,1,0,0,1,0,1,0,0,1,0,0,0,0,0,0,0,0,0,0,0,0,0
2,0,0,2,0,2,0,2,4,2,0,2,2,0,0,0,2,0,2,2,2,2,0,1,1,0,1,0,2,0,1,1,0,1,0,1,0,1,1,0,1,0,0,0,0,0,0,0,0,0,0,0,0,0,0,0,0,1,0,0,0,0,0,0,0,0,0,0,0,0,0,1,0,1,0,1,0,0,0,1,0,0,0,0,0,0,0,0,0,0
2,0,2,2,0,0,2,0,2,0,2,2,0,2,4,0,0,2,0,0,0,0,0,0,0,1,1,0,1,0,1,0,2,0,1,1,1,0,1,1,1,2,0,0,0,1,0,2,0,0,2,1,2,1,1,1,1,0,2,1,0,1,1,0,1,0,2,0,1,1,0,1,0,0,0,0,0,2,0,1,0,0,0,0,0,0,0,0,0,0
2,4,2,4,8,4,6,2,4,6,4,2,4,2,6,2,4,2,4,2,4,4,2,1,1,1,1,3,3,1,2,1,2,2,3,2,4,2,3,4,2,2,5,4,3,4,2,1,2,3,3,3,3,2,3,2,1,3,3,3,2,1,1,0,0,2,2,1,1,1,2,2,3,2,2,0,3,2,3,4,0,0,0,0,0,0,0,0,0,0
0,0,0,0,0,0,0,0,0,0,0,0,0,0,0,0,0,0,0,0,0,0,0,0,0,0,0,0,0,0,0,0,0,0,0,0,0,0,0,0,0,0,0,0,1,0,0,0,0,0,0,0,0,0,0,0,0,0,0,0,0,0,0,0,0,0,0,0,0,0,0,0,0,0,0,0,0,0,0,0,0,0,0,0,0,0,0,0,0,0
0,0,0,0,0,0,0,0,0,0,0,2,0,0,0,0,0,2,0,0,0,0,0,0,0,0,0,0,0,0,0,0,0,1,0,0,1,1,0,1,0,1,1,1,0,0,0,1,2,0,0,1,0,0,0,0,0,1,0,0,0,0,1,1,0,0,0,0,0,0,0,0,1,0,0,0,1,0,0,0,0,0,0,0,0,0,0,0,0,0
2,2,0,2,2,0,2,0,0,2,2,0,2,2,2,0,2,2,2,2,2,2,2,1,1,1,0,2,1,2,1,1,0,1,0,1,1,0,0,0,0,0,0,0,0,0,2,0,0,0,1,0,0,1,1,1,0,0,0,1,0,0,0,0,0,0,1,0,1,1,1,1,0,2,1,1,2,1,3,2,0,0,0,0,0,0,0,0,0,0
2,0,0,4,2,4,2,2,4,4,4,4,0,2,4,2,4,4,4,2,2,0,3,2,2,1,2,2,1,0,0,0,1,1,0,1,1,0,0,0,0,2,0,2,3,3,0,0,1,1,1,0,0,1,1,0,0,0,1,1,0,0,0,1,1,2,2,1,1,2,1,2,2,2,2,3,1,1,2,3,0,0,0,0,0,0,0,0,0,0
2,0,0,4,2,4,2,2,4,4,4,4,0,2,4,2,4,4,4,2,2,0,3,2,2,1,2,2,1,0,0,0,1,1,0,1,1,0,0,0,0,2,0,2,3,3,0,0,1,1,1,0,0,1,1,0,0,0,1,1,0,0,0,1,1,2,2,1,1,2,1,2,2,2,2,3,1,1,2,3,0,0,0,0,0,0,0,0,0,0
0,2,0,0,0,0,0,0,0,0,0,0,0,0,0,0,0,2,0,0,0,0,0,0,0,0,0,0,0,0,0,0,0,0,0,0,0,0,0,0,0,0,0,1,0,0,0,0,0,0,0,0,0,0,0,0,0,0,0,0,0,0,0,0,0,0,0,0,0,0,0,0,0,0,0,0,0,0,0,0,0,0,0,0,0,0,0,0,0,0
2,2,4,6,2,4,2,9,2,8,6,6,8,6,2,4,2,2,8,4,6,4,2,1,3,2,0,1,2,1,2,1,3,2,2,0,3,2,2,3,1,1,2,1,0,2,2,1,2,4,1,4,1,2,1,2,2,4,3,3,5,2,0,3,1,2,1,4,1,1,1,4,1,3,2,2,1,2,4,1,0,0,0,0,0,0,0,0,0,0
2,6,6,4,6,6,4,4,2,6,2,4,6,4,6,2,4,4,6,6,6,8,1,2,1,2,2,1,2,3,4,2,2,3,3,3,2,2,3,1,1,0,0,0,0,1,1,2,1,1,2,2,0,0,1,0,2,0,0,0,0,0,0,0,0,1,3,1,2,2,1,2,2,2,2,2,1,2,3,2,0,0,0,0,0,0,0,0,0,0
0,2,0,0,0,0,0,0,0,0,0,0,0,0,0,0,0,0,0,0,0,0,1,0,0,0,0,0,1,0,0,0,0,1,0,0,0,0,0,0,0,0,0,0,0,0,0,0,0,0,0,0,0,0,0,0,0,0,0,0,0,0,0,0,0,1,0,0,0,0,0,0,0,0,0,0,1,1,0,0,0,0,0,0,0,0,0,0,0,0
0,0,0,2,0,0,0,2,2,0,0,2,0,0,0,0,0,0,2,0,0,0,0,1,0,0,0,0,0,1,0,0,0,1,0,0,0,0,0,0,1,0,1,1,0,0,0,0,1,0,3,0,0,0,0,0,0,0,1,1,0,1,0,0,1,0,0,0,1,0,0,0,0,1,0,0,0,0,0,0,0,0,0,0,0,0,0,0,0,0
0,4,6,2,2,0,2,4,2,0,0,4,0,0,2,0,0,0,2,2,0,0,0,0,1,0,0,3,0,2,2,1,0,1,0,0,0,0,1,2,2,2,1,0,2,0,1,3,1,2,0,1,0,0,1,2,1,0,0,0,0,0,0,2,0,0,1,2,1,1,0,0,1,1,1,0,0,0,1,0,0,0,0,0,0,0,0,0,0,0
2,2,0,2,0,0,2,0,6,0,2,2,2,4,4,0,0,4,0,0,4,4,2,1,0,1,2,2,1,0,2,0,1,1,0,1,0,0,0,1,1,1,0,1,1,0,0,1,1,1,1,3,1,1,2,0,0,1,1,0,1,3,1,2,0,0,0,1,1,1,0,0,0,0,2,1,1,0,2,3,0,0,0,0,0,0,0,0,0,0
0,0,0,0,0,0,2,0,0,2,2,2,0,2,0,0,2,2,0,0,2,2,0,0,1,1,1,2,0,0,0,0,1,0,0,0,1,0,1,1,2,0,1,1,1,2,1,1,2,1,1,0,0,0,1,1,2,2,1,2,2,2,0,0,0,1,0,0,0,1,1,1,0,1,1,1,1,0,1,0,0,0,0,0,0,0,0,0,0,0
6,8,10,4,4,4,6,6,4,6,4,2,6,10,10,6,5,6,6,12,2,4,4,4,1,3,4,2,6,7,4,3,4,4,4,6,4,2,4,3,3,1,0,2,1,2,4,5,3,3,2,4,2,1,3,2,1,3,1,1,2,2,6,1,4,4,1,1,3,2,1,1,4,2,4,2,4,4,4,4,0,0,0,0,0,0,0,0,0,0
2,6,2,6,4,2,0,4,4,2,2,2,2,0,0,2,2,0,0,4,6,2,2,1,2,1,2,2,4,1,0,1,0,0,0,0,0,0,1,1,1,2,2,2,1,3,2,3,0,3,3,2,1,1,1,0,3,1,1,0,0,0,3,2,1,3,1,2,2,1,4,3,1,0,2,0,1,1,2,2,0,0,0,0,0,0,0,0,0,0
4,0,4,4,0,4,2,2,4,4,6,0,2,2,4,4,6,4,6,2,0,2,1,2,0,4,1,2,1,2,1,1,1,2,0,0,0,2,2,1,2,2,3,3,2,3,4,4,7,2,3,4,6,5,3,2,6,5,2,3,3,3,2,1,6,3,4,3,3,4,1,2,5,3,3,3,5,3,4,2,0,0,0,0,0,0,0,0,0,0
0,4,2,0,0,0,4,1,2,2,0,2,2,0,0,0,0,0,0,0,0,2,0,1,0,0,1,0,0,1,0,1,0,0,0,0,0,0,1,0,0,0,0,1,0,0,0,0,0,0,0,0,0,0,1,0,0,1,1,1,2,0,1,0,0,0,0,2,0,1,0,0,2,0,0,0,0,0,0,0,0,0,0,0,0,0,0,0,0,0
0,0,2,2,2,2,2,2,0,2,4,0,2,4,2,0,2,2,6,4,2,2,0,0,1,1,2,1,1,1,0,2,2,1,0,0,0,2,2,0,1,0,1,0,2,3,3,4,2,1,2,3,2,3,3,3,2,1,2,1,6,0,4,4,1,2,1,2,1,2,2,3,1,2,1,1,1,2,0,0,0,0,0,0,0,0,0,0,0,0
0,0,0,0,0,0,0,0,2,2,0,0,2,0,0,0,0,0,0,0,0,0,0,0,0,0,0,0,0,0,0,0,0,0,0,0,0,0,0,0,0,0,0,0,0,0,0,0,1,0,1,0,0,0,0,0,0,0,0,0,0,0,0,0,0,0,0,0,0,0,0,0,0,1,0,0,0,0,0,0,0,0,0,0,0,0,0,0,0,0
0,2,0,0,0,0,0,2,0,0,0,0,0,0,0,0,0,0,0,0,0,0,0,0,0,0,0,0,0,0,0,0,0,0,0,0,1,0,0,0,0,0,0,0,0,1,1,0,0,1,0,0,0,0,0,0,0,0,0,1,0,1,0,0,0,0,0,0,0,0,0,0,0,0,1,0,0,0,0,0,0,0,0,0,0,0,0,0,0,0
2,6,6,0,0,2,4,4,0,2,0,2,0,4,0,2,0,4,0,0,4,8,0,1,0,1,2,1,0,0,3,1,1,2,3,2,3,2,1,0,1,1,1,1,0,0,2,2,0,0,2,2,1,3,1,0,0,1,0,2,1,2,0,0,1,0,0,1,1,0,0,0,1,1,1,0,1,1,0,0,0,0,0,0,0,0,0,0,0,0
0,0,0,0,0,0,0,0,0,0,0,0,0,0,0,0,0,0,0,0,0,0,0,0,0,0,1,1,0,0,1,0,0,0,1,0,0,0,0,0,0,0,0,0,0,0,0,0,0,0,1,0,0,0,0,0,0,0,0,0,0,0,0,0,0,0,0,0,0,0,0,0,0,0,0,0,0,0,0,0,0,0,0,0,0,0,0,0,0,0
0,0,0,0,0,0,2,0,0,4,0,0,4,2,4,0,0,4,2,4,0,2,0,0,2,0,1,2,2,0,0,0,1,0,0,0,2,1,1,0,0,0,0,0,0,0,0,0,0,0,0,0,0,0,0,1,0,0,0,1,0,0,1,0,0,1,0,0,0,1,1,2,2,0,3,0,0,2,2,1,0,0,0,0,0,0,0,0,0,0
0,0,0,0,0,0,0,2,0,0,0,0,2,0,0,0,0,0,0,0,2,0,0,0,0,0,0,0,2,0,0,1,1,1,4,1,1,0,0,0,0,0,0,0,0,1,1,2,0,0,0,2,1,0,2,0,0,0,0,0,0,2,0,1,0,0,0,1,0,0,0,0,0,0,0,0,0,0,1,0,0,0,0,0,0,0,0,0,0,0
2,0,0,0,0,0,2,0,0,0,0,0,4,2,8,2,0,0,0,0,0,2,2,1,0,0,0,0,0,0,0,0,0,0,0,0,0,2,0,0,0,2,0,0,0,0,0,1,1,0,0,1,1,1,0,0,1,0,0,0,0,0,0,0,0,0,0,0,0,0,0,0,0,0,0,0,0,0,0,0,0,0,0,0,0,0,0,0,0,0
2,0,0,0,0,0,0,0,2,0,0,0,0,0,0,0,0,0,0,0,0,0,0,0,0,0,1,2,0,1,0,0,0,0,0,0,0,1,0,0,0,0,0,0,0,0,0,0,0,0,0,0,0,0,0,0,0,0,0,0,0,0,0,0,0,0,0,1,0,0,0,0,0,0,0,1,0,0,1,0,0,0,0,0,0,0,0,0,0,0
0,0,0,0,0,0,0,0,4,0,0,2,0,2,0,2,2,4,2,2,6,2,1,0,1,0,0,0,0,0,0,0,0,0,0,0,0,1,0,0,0,0,1,0,0,0,0,0,0,0,1,0,1,0,0,0,0,0,0,0,0,0,0,1,0,0,0,0,1,0,1,0,0,0,1,3,1,2,1,2,0,0,0,0,0,0,0,0,0,0
0,2,0,2,0,4,6,2,2,2,2,0,6,2,4,4,2,4,2,4,2,2,2,1,3,1,3,3,4,6,3,0,0,1,4,4,2,0,0,0,0,0,0,0,0,0,1,0,0,0,0,0,0,0,0,1,1,0,0,0,0,0,1,1,1,2,1,2,1,1,1,2,2,3,5,3,3,5,5,5,0,0,0,0,0,0,0,0,0,0
2,1,0,0,0,0,0,0,0,0,0,0,4,0,0,0,0,0,0,0,0,0,0,0,0,0,0,0,0,0,0,0,2,0,0,0,0,1,1,2,0,0,0,0,0,0,1,1,0,0,1,0,0,0,0,0,0,1,0,0,0,0,0,0,0,0,0,0,0,0,0,0,0,0,0,0,0,0,0,0,0,0,0,0,0,0,0,0,0,0
2,4,2,6,4,4,6,0,0,0,2,2,0,0,2,2,2,0,2,0,4,2,0,2,0,2,1,0,1,1,1,1,1,0,1,0,2,2,1,0,0,2,3,1,3,3,1,1,3,0,0,3,2,1,2,1,1,2,2,0,3,2,0,1,2,1,1,2,1,1,1,0,0,0,0,1,0,3,1,0,0,0,0,0,0,0,0,0,0,0
0,0,0,0,0,0,2,2,0,0,0,0,2,0,0,4,2,2,2,0,0,2,0,0,0,1,0,2,1,1,1,2,0,2,0,1,0,0,0,1,1,0,1,0,0,0,0,1,1,0,0,1,1,0,0,0,0,1,1,0,0,0,0,1,1,0,0,0,2,0,1,0,0,0,2,1,1,1,0,0,0,0,0,0,0,0,0,0,0,0
0,0,0,0,0,0,0,0,0,0,0,0,0,0,0,0,0,0,0,0,0,0,0,0,0,0,0,0,0,0,0,0,0,0,0,0,0,1,0,0,0,0,0,0,0,0,0,0,0,0,0,0,1,0,0,0,0,0,1,0,0,0,0,0,0,0,0,0,0,1,0,0,0,0,0,0,0,0,0,0,0,0,0,0,0,0,0,0,0,0
0,0,0,0,0,0,0,0,0,0,2,0,0,0,0,0,0,0,0,0,0,0,0,0,0,0,0,0,0,0,1,0,2,1,1,1,0,0,0,0,0,1,1,0,1,2,1,3,1,0,1,0,1,1,0,0,3,0,0,0,1,1,0,0,0,1,0,0,0,0,0,0,0,0,0,0,0,0,0,0,0,0,0,0,0,0,0,0,0,0
0,0,0,0,0,0,0,0,0,0,0,0,0,0,0,0,0,0,0,0,0,0,0,0,0,0,0,0,0,1,1,0,0,0,0,0,0,0,0,0,0,0,0,0,0,0,0,0,0,0,0,0,0,0,0,0,0,0,0,1,0,1,0,0,0,0,0,0,0,0,0,0,0,0,0,0,0,0,0,0,0,0,0,0,0,0,0,0,0,0
2,1,0,2,2,0,2,2,0,0,2,0,0,0,0,0,3,0,2,0,0,4,0,0,0,1,1,0,2,0,0,0,1,1,1,0,0,0,2,0,0,0,0,0,0,2,0,1,2,0,1,0,0,0,0,0,0,1,0,0,0,0,0,0,0,0,0,1,0,0,1,0,1,0,0,0,0,1,0,1,0,0,0,0,0,0,0,0,0,0
0,0,0,0,0,2,2,0,0,4,0,0,0,0,0,0,0,0,0,0,0,0,0,0,0,0,0,0,1,1,0,0,0,1,0,1,0,0,0,0,0,1,1,0,1,2,0,1,0,0,0,1,0,2,0,2,0,2,0,0,0,1,0,0,0,0,0,0,0,0,0,0,0,0,0,0,0,0,0,0,0,0,0,0,0,0,0,0,0,0
0,0,0,0,0,0,0,0,0,0,0,0,0,0,0,0,0,0,0,0,0,0,0,0,0,0,0,0,0,0,0,0,0,0,0,0,0,0,0,0,0,0,0,0,0,1,0,1,0,2,0,1,0,0,0,0,0,1,0,1,0,0,0,0,0,0,0,0,0,0,0,0,0,0,0,0,0,0,0,0,0,0,0,0,0,0,0,0,0,0
0,0,0,0,0,0,0,0,0,0,0,0,0,0,0,0,2,0,0,0,0,0,0,0,0,1,0,0,0,0,0,1,0,0,0,1,0,0,0,1,0,0,0,0,0,0,0,0,0,1,0,0,0,0,0,0,0,0,1,0,0,0,0,0,0,0,0,0,0,0,0,0,0,0,0,0,0,0,0,0,0,0,0,0,0,0,0,0,0,0
0,0,0,0,0,0,0,0,0,0,0,0,0,0,0,0,0,0,0,0,0,0,0,0,0,0,0,0,0,0,0,0,0,0,0,0,0,0,0,0,0,0,0,0,0,0,0,0,0,0,0,0,0,0,0,0,0,0,0,0,0,0,0,0,0,0,0,0,0,0,0,0,0,0,0,0,0,0,0,0,0,0,0,0,0,0,0,0,0,0
4,0,0,2,0,2,0,0,0,0,0,2,0,0,0,2,0,2,0,2,0,0,4,0,1,0,1,0,0,2,1,0,0,2,0,0,0,2,1,1,1,0,0,1,1,1,0,3,0,1,0,0,0,1,1,1,2,1,0,1,1,1,1,1,2,0,0,0,0,1,0,2,1,0,1,1,0,0,0,1,0,0,0,0,0,0,0,0,0,0
0,0,0,0,0,0,0,0,0,0,0,0,0,0,0,0,0,0,0,0,0,0,0,0,0,0,0,0,0,0,0,0,1,0,0,0,0,0,0,0,0,0,0,0,0,0,0,0,0,1,0,0,0,0,0,0,0,0,0,0,0,0,0,0,0,0,0,0,0,0,0,0,0,0,0,0,0,0,0,0,0,0,0,0,0,0,0,0,0,0
0,0,0,0,2,0,2,0,0,2,0,0,0,0,0,0,0,0,0,2,0,0,0,0,0,0,0,0,0,2,0,0,0,0,1,0,0,0,1,0,1,0,1,0,0,1,2,1,0,0,0,2,2,0,1,0,0,0,1,0,0,0,0,0,0,1,0,0,0,0,0,0,0,1,1,0,1,0,0,0,0,0,0,0,0,0,0,0,0,0
0,0,0,0,0,0,0,0,0,0,0,2,0,0,0,2,0,0,0,0,0,0,0,1,0,0,0,0,1,0,0,0,0,0,0,0,0,0,0,0,0,0,0,0,0,0,0,0,0,0,0,0,0,0,0,0,0,1,0,0,0,0,0,0,0,0,0,0,0,0,0,0,0,1,0,0,1,0,0,0,0,0,0,0,0,0,0,0,0,0
0,4,0,0,0,2,0,2,4,0,0,4,0,0,0,0,0,2,0,0,0,0,0,1,1,0,0,1,1,0,0,0,0,0,0,0,0,0,1,1,0,1,1,0,0,0,0,3,1,0,1,1,0,1,0,0,2,0,0,0,0,0,0,0,1,0,0,0,0,0,0,0,0,0,0,0,0,0,0,0,0,0,0,0,0,0,0,0,0,0
0,0,4,0,0,0,0,0,0,2,0,0,0,0,0,0,0,0,0,0,0,0,0,0,0,0,0,0,0,1,0,0,0,0,0,0,0,0,0,0,1,0,0,0,0,1,0,0,1,0,0,0,0,1,0,0,0,0,0,0,0,0,1,0,0,0,0,0,0,1,0,0,0,0,0,0,0,0,0,0,0,0,0,0,0,0,0,0,0,0
0,0,2,2,0,2,2,0,0,0,0,0,0,2,0,0,0,0,2,0,4,2,0,0,0,1,1,1,1,3,3,3,1,0,4,2,2,1,2,0,2,2,1,2,1,0,0,0,0,1,1,0,0,1,0,0,0,1,0,0,0,1,0,0,1,0,0,1,1,1,0,2,1,1,1,0,1,1,3,1,0,0,0,0,0,0,0,0,0,0
0,0,0,0,0,0,0,0,2,0,0,0,0,0,0,0,0,0,0,0,0,0,0,0,0,0,0,0,0,1,0,2,0,0,0,1,0,0,1,1,0,0,0,0,1,0,0,0,1,1,0,0,0,0,0,0,1,0,0,0,0,0,0,0,0,1,0,0,0,1,0,0,0,0,0,1,1,2,1,0,0,0,0,0,0,0,0,0,0,0
2,0,0,0,0,0,0,0,0,0,2,2,4,0,0,2,2,0,0,0,0,2,0,1,0,0,1,0,0,0,0,1,1,0,1,0,0,0,1,0,0,0,0,0,1,0,0,0,0,0,0,0,0,1,1,0,0,1,0,1,1,0,0,0,0,2,1,1,0,0,0,1,1,0,0,0,0,0,0,0,0,0,0,0,0,0,0,0,0,0
4,4,2,2,2,2,2,2,2,4,4,0,0,2,2,0,0,4,0,4,2,2,0,1,1,0,1,0,2,2,1,1,1,1,1,1,1,2,1,1,2,3,2,3,2,1,0,3,2,0,0,0,2,1,0,0,2,3,2,3,3,3,2,2,2,1,2,1,2,1,1,2,0,1,1,1,1,2,1,2,0,0,0,0,0,0,0,0,0,0
0,4,2,6,0,4,4,4,0,2,6,0,0,2,0,0,2,4,0,2,4,2,1,2,0,3,4,0,1,1,2,2,2,3,2,2,2,3,0,2,2,3,0,3,2,1,1,0,2,1,0,0,1,3,1,1,3,0,1,0,1,0,0,0,2,2,2,0,1,2,2,1,1,1,0,1,2,2,0,1,0,0,0,0,0,0,0,0,0,0
2,4,0,2,2,2,4,0,4,2,4,4,2,2,2,2,2,2,4,0,4,4,1,1,1,1,2,2,1,2,1,0,2,2,0,1,1,1,2,2,2,3,2,3,2,5,6,2,6,6,5,9,2,2,2,2,2,1,2,1,1,0,1,1,0,1,2,1,0,2,0,1,2,1,0,1,0,0,1,1,0,0,0,0,0,0,0,0,0,0
2,0,4,6,4,4,4,4,2,0,8,0,2,4,0,2,2,2,0,0,4,2,5,2,2,1,1,1,2,2,2,2,1,1,3,5,3,0,2,1,0,0,0,0,1,3,1,1,2,1,2,1,2,1,2,3,2,1,2,0,3,3,2,2,0,0,2,2,0,1,0,2,3,0,1,1,6,2,2,2,0,0,0,0,0,0,0,0,0,0
0,2,0,0,0,0,2,0,0,0,2,4,2,2,0,2,0,0,0,0,0,2,1,1,0,0,1,0,0,0,0,0,0,1,0,0,1,0,0,1,2,1,0,2,0,0,1,1,0,1,0,1,0,1,1,1,0,0,1,1,1,2,0,2,1,0,1,0,1,0,0,0,1,0,0,1,0,0,0,0,0,0,0,0,0,0,0,0,0,0
0,0,0,0,0,0,0,0,0,0,0,0,0,0,0,0,0,0,0,0,0,0,0,0,0,0,0,0,0,0,0,0,0,0,0,0,0,0,0,0,0,0,0,0,0,0,0,0,0,0,0,0,0,0,0,0,0,0,0,0,0,0,0,0,0,0,0,0,0,0,0,0,0,0,0,0,0,0,0,0,0,0,0,0,0,0,0,0,0,0
0,0,0,0,0,0,0,0,0,0,0,0,0,0,0,0,0,0,0,0,0,0,0,0,0,0,0,0,0,0,0,0,0,0,0,0,0,0,0,0,0,0,0,0,0,0,0,0,0,0,0,0,0,0,0,0,0,0,0,0,0,0,0,0,0,0,0,0,0,0,0,0,0,0,0,0,0,0,0,0,0,0,0,0,0,0,0,0,0,0
0,0,0,0,0,0,0,0,0,0,0,0,0,0,0,0,0,0,0,0,0,0,0,0,0,0,0,0,0,0,0,0,0,0,0,0,0,0,0,0,0,0,0,0,0,0,0,0,0,0,0,0,0,0,0,0,0,0,0,0,0,0,0,0,0,0,0,0,0,0,0,0,0,0,0,0,0,0,0,0,0,0,0,0,0,0,0,0,0,0
0,0,0,0,0,0,0,0,0,0,0,0,0,0,0,0,0,0,0,0,0,0,0,0,1,0,0,0,0,0,0,0,0,0,0,0,0,0,0,0,0,0,0,0,0,0,0,0,0,0,0,0,0,0,0,0,0,0,0,0,0,0,0,0,0,0,0,0,0,0,0,0,0,0,0,0,0,0,0,0,0,0,0,0,0,0,0,0,0,0
0,0,0,0,0,0,2,0,0,0,0,0,0,0,0,0,0,0,0,0,0,0,0,0,0,0,0,0,0,0,0,0,0,0,0,0,0,0,0,0,0,0,0,0,0,0,0,0,0,0,0,0,0,0,0,0,0,0,0,0,0,0,0,0,0,0,0,0,0,0,0,0,0,0,0,0,0,0,0,0,0,0,0,0,0,0,0,0,0,0
0,0,0,2,0,0,0,2,2,2,0,4,2,0,4,2,0,0,0,4,0,4,1,0,2,1,1,0,0,0,1,1,0,0,0,1,0,0,1,0,0,0,0,1,0,1,0,1,0,1,0,2,1,2,1,1,1,0,2,1,0,2,0,0,0,0,0,1,0,1,0,1,0,0,1,1,0,0,0,2,0,0,0,0,0,0,0,0,0,0
2,4,0,2,2,2,0,4,2,0,2,2,4,2,2,0,2,4,2,2,0,4,2,1,1,1,1,1,2,2,1,1,2,1,1,2,1,2,1,1,2,2,1,2,2,1,1,2,1,0,2,2,2,3,0,3,1,3,1,1,2,3,1,2,1,2,0,2,1,1,1,1,3,0,2,1,2,2,1,0,0,0,0,0,0,0,0,0,0,0
0,0,0,0,0,0,0,0,2,0,0,0,0,0,0,0,0,0,0,0,0,0,1,0,1,0,0,0,0,1,0,1,1,3,0,0,0,0,1,0,0,0,0,0,0,1,1,0,1,2,0,0,0,0,0,0,1,0,1,0,0,0,0,0,0,0,0,0,0,0,0,0,0,0,0,0,0,0,0,1,0,0,0,0,0,0,0,0,0,0
0,0,0,0,0,0,0,0,0,0,0,0,0,0,0,0,0,0,0,0,0,0,0,0,0,0,0,0,1,1,0,1,2,1,2,0,0,0,0,0,0,0,0,0,0,0,0,1,1,0,0,0,0,0,0,0,0,0,0,0,0,0,0,0,0,0,0,0,0,0,0,0,0,0,0,0,0,0,1,0,0,0,0,0,0,0,0,0,0,0
2,2,2,0,0,2,2,2,2,2,0,2,2,0,2,0,0,2,2,2,2,2,0,2,1,1,1,1,0,2,0,1,0,0,1,0,0,0,1,0,0,0,0,0,0,1,1,0,0,0,0,0,0,0,0,0,0,0,0,0,0,0,0,1,1,1,1,1,2,0,1,1,1,1,1,0,1,1,1,1,0,0,0,0,0,0,0,0,0,0
0,0,0,2,0,0,2,0,0,0,0,0,0,2,0,2,2,0,0,0,0,0,0,1,0,0,0,0,1,0,0,0,0,0,0,0,0,0,0,0,1,1,0,0,0,0,0,0,0,0,0,0,0,0,1,0,1,0,0,1,0,0,0,0,0,1,0,0,0,0,0,0,0,0,2,0,0,0,0,0,0,0,0,0,0,0,0,0,0,0
0,0,0,0,0,0,0,2,2,0,2,2,2,2,0,2,0,0,2,0,0,0,0,0,1,0,2,1,0,1,1,1,1,0,0,0,0,0,0,0,0,0,0,0,1,0,0,0,0,1,0,0,0,0,0,0,0,0,0,0,0,0,0,0,2,0,0,0,0,0,0,0,0,1,1,0,1,0,1,0,0,0,0,0,0,0,0,0,0,0
0,0,0,0,0,0,0,0,2,2,4,0,0,0,0,0,2,0,2,2,4,0,0,0,0,0,0,0,0,0,0,0,0,0,0,0,0,0,1,1,0,1,1,0,0,2,0,0,0,0,0,0,0,0,0,1,0,0,0,1,0,0,0,0,0,1,0,0,0,0,0,0,0,0,0,0,0,0,0,0,0,0,0,0,0,0,0,0,0,0
4,3,4,4,4,2,2,4,2,4,6,4,4,2,2,6,2,4,8,2,0,2,2,1,1,3,3,0,3,2,2,1,2,1,2,3,2,4,2,4,4,1,2,3,1,3,2,3,2,4,4,5,4,4,4,4,1,3,3,4,1,2,3,3,2,3,3,2,2,2,2,2,0,2,0,0,2,3,1,2,0,0,0,0,0,0,0,0,0,0
0,0,0,0,0,0,0,0,0,0,0,0,0,0,0,0,0,0,0,0,2,0,0,0,0,0,0,0,0,1,0,1,0,0,0,0,0,0,0,0,0,0,0,0,0,0,0,0,0,0,0,0,0,0,0,0,0,0,0,0,0,0,0,0,0,0,0,0,0,0,0,0,0,0,0,0,0,0,0,0,0,0,0,0,0,0,0,0,0,0
4,2,4,2,4,6,4,4,2,2,2,2,6,4,4,2,4,4,6,4,4,4,6,2,2,2,0,3,0,1,2,2,2,4,3,2,4,6,2,2,1,1,2,2,1,1,3,1,1,2,1,2,0,1,0,1,0,2,3,3,3,2,4,2,3,1,2,2,2,2,0,3,1,2,4,2,2,4,3,2,0,0,0,0,0,0,0,0,0,0
0,1,0,0,0,0,0,0,2,0,0,0,0,0,0,0,0,0,0,0,0,0,2,0,0,0,0,0,0,0,0,0,0,0,0,1,0,0,0,0,0,0,0,0,0,0,1,0,0,0,0,0,0,0,0,0,0,1,0,0,0,0,0,0,0,0,0,0,0,0,0,0,0,0,0,0,0,0,0,0,0,0,0,0,0,0,0,0,0,0
2,3,4,4,2,2,2,6,4,4,2,10,2,4,4,2,4,2,2,4,6,0,4,1,3,2,1,2,2,4,1,1,2,2,1,1,1,1,1,2,2,3,1,1,1,2,4,1,2,0,3,2,1,1,2,3,1,1,1,2,3,2,2,3,3,3,1,2,2,1,1,1,2,2,1,4,2,3,3,3,0,0,0,0,0,0,0,0,0,0
6,6,2,6,4,2,2,2,2,2,0,2,4,6,4,4,2,2,2,2,0,2,1,1,0,0,1,0,1,1,3,1,1,0,0,0,0,1,1,3,1,0,2,2,0,0,1,0,2,2,0,2,2,0,2,2,2,2,0,1,1,1,1,0,0,0,0,1,1,0,0,0,0,0,2,0,0,2,0,2,0,0,0,0,0,0,0,0,0,0
2,0,0,4,0,2,0,2,0,2,4,0,0,4,0,0,0,0,0,2,0,2,0,0,0,0,2,1,1,0,0,0,1,0,0,0,0,0,0,0,1,0,1,2,1,0,0,0,2,1,0,0,0,0,1,0,0,0,0,0,1,0,0,0,1,0,1,0,0,0,0,0,0,0,0,0,1,0,1,0,0,0,0,0,0,0,0,0,0,0
0,1,0,0,0,4,2,4,4,6,6,4,4,2,2,6,2,4,4,0,0,0,2,0,1,1,1,1,2,0,3,1,1,1,0,0,1,0,0,0,0,0,1,1,2,2,2,0,0,0,1,0,0,0,0,1,0,0,0,0,0,1,0,0,1,0,1,1,1,0,0,0,0,3,0,1,1,2,2,0,0,0,0,0,0,0,0,0,0,0
2,2,0,0,4,2,2,2,4,4,2,8,2,4,4,0,2,2,4,4,2,4,0,1,2,2,2,2,2,1,1,1,0,1,1,2,1,2,2,2,3,2,1,3,4,3,1,1,1,1,1,1,1,0,1,0,0,2,1,2,0,1,2,2,3,1,1,1,1,2,1,1,1,0,2,1,1,0,1,2,1,0,0,0,0,0,0,0,0,0
3,4,6,4,4,2,4,0,0,0,0,2,4,4,4,2,2,4,4,6,6,4,3,2,3,2,1,1,3,3,3,3,3,4,4,2,3,6,3,2,1,1,1,0,0,0,1,1,1,1,1,2,0,1,0,1,3,1,1,1,1,0,0,0,1,2,0,2,2,2,2,2,2,2,1,1,1,2,2,0,0,0,0,0,0,0,0,0,0,0
2,0,0,0,0,0,2,0,0,0,0,0,0,0,0,0,2,0,0,0,0,0,0,0,0,0,1,0,0,1,0,0,0,0,0,0,0,0,0,0,0,0,0,0,2,0,0,0,0,0,0,0,0,0,0,0,0,0,0,0,0,0,0,0,0,0,0,0,0,0,0,0,0,0,0,0,0,0,0,0,0,0,0,0,0,0,0,0,0,0
0,2,2,0,2,0,2,2,0,2,0,4,0,0,0,2,0,2,2,0,2,0,0,1,1,2,2,0,0,1,1,0,0,0,1,0,0,1,3,1,0,0,0,0,1,2,1,2,1,2,2,2,1,1,1,0,1,2,1,1,1,0,1,1,0,0,0,0,0,2,1,1,1,0,2,0,0,0,1,2,0,0,0,0,0,0,0,0,0,0
3,6,2,2,4,6,4,2,6,0,6,2,2,2,2,6,6,2,6,6,4,6,6,4,3,2,4,2,2,2,2,2,3,1,2,1,2,0,2,1,1,1,1,1,1,0,1,5,3,1,2,1,1,0,2,1,3,3,2,0,0,2,0,0,1,1,0,2,2,4,3,3,2,2,1,3,4,2,3,4,0,0,0,0,0,0,0,0,0,0
0,4,4,0,0,6,2,4,0,0,8,2,4,2,4,6,0,4,0,2,2,2,3,2,1,2,2,1,1,2,3,4,1,1,1,4,3,3,2,0,1,2,1,2,2,1,1,2,2,1,1,0,1,2,0,1,1,1,1,2,2,0,1,1,0,0,0,0,0,0,0,0,0,0,1,1,1,3,3,4,0,0,0,0,0,0,0,0,0,0
4,5,4,4,2,6,4,4,6,6,6,4,4,6,4,4,4,4,4,6,6,4,3,2,4,2,3,3,3,2,3,2,4,2,0,2,0,1,1,2,3,2,1,3,2,3,2,2,4,4,4,4,2,3,2,2,3,4,3,2,3,1,1,2,3,2,1,2,3,4,2,3,3,2,2,2,1,2,2,3,0,0,0,0,0,0,0,0,0,0
0,0,2,2,0,0,0,0,2,0,0,0,0,2,0,2,2,0,0,0,2,2,3,1,0,1,0,0,0,0,0,1,2,1,1,0,2,2,4,2,1,0,0,0,1,0,0,1,2,1,1,3,0,0,0,0,0,1,0,0,0,3,4,4,1,0,0,0,0,0,0,1,0,0,1,0,0,0,0,4,0,0,0,0,0,0,0,0,0,0
0,0,0,0,0,0,0,0,0,0,0,0,2,0,0,0,0,0,0,0,0,0,0,0,0,0,0,0,0,0,1,0,1,0,1,1,0,1,0,0,0,0,0,0,0,0,0,1,0,0,0,0,0,0,0,0,0,0,0,0,0,0,0,0,0,0,0,1,0,0,1,0,0,1,1,0,1,0,1,0,0,0,0,0,0,0,0,0,0,0
0,0,4,4,2,2,2,4,2,6,2,2,2,0,0,0,2,2,2,4,4,2,1,1,1,1,1,2,0,1,0,0,0,0,0,0,0,0,1,1,0,1,0,2,0,0,0,2,3,2,1,2,1,2,2,0,1,1,1,1,0,1,0,0,1,2,0,0,1,0,0,0,2,2,1,1,2,1,0,1,0,0,0,0,0,0,0,0,0,0
2,0,0,2,0,0,0,0,0,0,0,0,0,0,0,0,2,0,2,0,0,0,0,1,0,0,0,0,0,0,0,0,1,0,0,0,0,0,0,0,2,0,1,1,0,1,0,0,0,0,1,0,0,0,1,1,0,1,0,2,2,1,3,3,1,1,0,0,1,0,1,0,0,0,0,0,0,0,0,0,0,0,0,0,0,0,0,0,0,0
2,1,4,2,6,2,4,5,0,4,4,4,4,6,4,4,5,4,4,4,4,2,4,2,2,2,3,1,2,3,2,2,2,2,3,2,2,1,1,1,1,1,2,1,1,0,1,2,1,1,0,1,1,2,3,2,3,1,2,1,1,1,0,2,2,2,3,1,3,2,3,2,1,1,2,1,3,2,1,1,0,0,0,0,0,0,0,0,0,0
2,2,0,0,2,2,0,2,2,4,0,0,0,4,2,0,0,2,0,2,2,4,2,0,1,2,1,1,1,1,0,1,1,0,0,1,0,0,0,1,1,1,0,1,1,0,1,1,0,1,3,2,1,2,0,3,2,2,0,1,0,1,0,0,1,0,1,1,2,2,0,2,1,0,2,1,0,1,1,1,0,0,0,0,0,0,0,0,0,0
2,3,4,4,2,2,2,6,4,4,2,10,2,4,4,2,4,2,2,4,6,0,4,1,3,2,1,2,2,4,1,1,2,2,1,1,1,1,1,2,2,3,1,1,1,2,4,1,2,0,3,2,1,1,2,3,1,1,1,2,3,2,2,3,3,3,1,2,2,1,1,1,2,2,1,4,2,3,3,3,0,0,0,0,0,0,0,0,0,0
4,2,4,2,4,4,6,2,4,0,0,0,2,0,2,4,2,6,0,4,2,2,1,2,0,2,1,2,1,1,1,2,0,0,1,3,2,0,1,0,0,2,2,1,1,1,0,1,2,0,1,1,0,2,1,0,1,0,2,0,0,0,0,1,3,0,2,1,0,2,0,2,2,2,2,3,2,2,1,1,0,0,0,0,0,0,0,0,0,0
2,0,0,2,0,0,0,0,2,0,0,0,0,0,2,0,2,2,4,2,2,2,0,1,0,1,1,0,0,0,0,0,0,0,0,0,0,0,0,0,0,1,0,0,0,0,0,0,0,0,0,0,0,0,0,0,0,0,0,0,1,0,0,0,0,1,0,0,0,1,1,0,1,0,0,0,0,0,0,0,0,0,0,0,0,0,0,0,0,0
6,6,4,4,0,4,2,0,0,2,2,0,2,4,2,4,0,0,0,0,4,0,0,0,0,0,2,1,2,4,3,5,3,3,4,4,6,4,6,3,4,4,4,5,4,3,2,2,5,5,3,3,4,4,4,2,2,5,4,4,6,7,5,4,0,2,1,1,0,0,1,0,0,3,0,1,2,0,1,1,0,0,0,0,0,0,0,0,0,0
4,2,4,4,2,4,6,4,4,4,4,4,2,4,2,4,2,4,6,4,6,4,4,2,3,2,3,2,3,2,1,1,2,1,1,2,0,1,2,0,0,0,0,2,1,1,3,4,3,3,4,4,2,2,3,3,2,2,2,3,1,1,0,0,3,2,2,1,2,2,2,2,3,2,2,2,3,2,2,3,0,0,0,0,0,0,0,0,0,0
0,0,0,0,0,0,0,0,0,0,0,0,0,0,0,0,2,0,2,0,0,0,0,1,0,0,0,0,0,0,0,0,0,0,0,0,0,0,0,0,0,0,0,0,0,0,0,0,0,0,0,0,0,0,0,0,0,0,0,0,0,0,0,0,0,1,0,0,0,0,0,0,0,0,0,0,0,0,0,0,0,0,0,0,0,0,0,0,0,0
2,2,2,2,4,4,2,2,2,2,2,2,2,0,4,4,4,2,4,0,4,4,0,2,1,1,0,1,1,1,1,1,0,1,2,2,0,1,0,0,0,0,1,0,0,0,1,0,0,0,0,1,1,1,0,2,1,1,1,0,2,2,2,1,1,1,0,1,2,1,1,1,1,1,0,0,1,1,1,1,0,0,0,0,0,0,0,0,0,0
0,4,0,0,4,2,2,0,2,0,4,0,0,4,4,0,0,0,4,2,0,4,4,3,0,1,2,0,1,0,0,0,0,0,1,2,0,0,0,0,0,0,0,0,1,0,0,1,0,0,0,0,0,1,0,0,1,1,0,1,0,1,0,0,2,0,0,2,2,2,0,1,0,1,0,1,0,0,0,0,0,0,0,0,0,0,0,0,0,0
4,9,6,4,4,6,2,4,4,2,4,6,6,6,6,2,2,6,4,4,2,6,3,3,2,3,4,2,6,4,3,2,4,3,3,1,2,3,2,1,1,3,3,1,1,1,2,2,1,1,2,1,3,1,2,2,4,1,1,2,2,2,2,2,3,1,4,1,2,1,4,2,1,3,3,2,0,1,0,1,0,0,0,0,0,0,0,0,0,0
0,1,0,0,0,0,0,2,0,0,2,0,2,0,2,0,0,0,0,0,0,2,0,1,0,0,1,0,0,0,0,0,0,0,0,0,1,0,1,0,1,0,0,0,0,0,0,1,1,0,0,0,0,0,0,0,1,0,0,0,0,0,0,0,1,0,0,0,0,1,1,0,0,0,1,0,0,0,0,0,0,0,0,0,0,0,0,0,0,0
2,0,0,0,2,0,0,0,0,0,0,0,0,2,0,0,0,0,0,2,2,0,0,0,0,0,0,1,1,0,0,1,0,0,2,0,0,0,0,1,0,1,0,0,0,0,0,0,0,1,0,0,0,0,0,0,0,0,0,0,0,0,0,0,0,0,1,1,0,0,0,0,0,0,0,0,0,0,0,0,0,0,0,0,0,0,0,0,0,0
2,6,2,4,4,2,4,2,2,0,2,0,4,2,2,4,0,2,2,4,0,2,0,1,0,1,1,2,2,3,1,2,1,1,1,2,1,1,2,1,2,3,1,0,2,3,0,0,1,0,0,1,0,0,0,0,2,2,1,1,2,1,2,2,1,3,0,1,2,1,1,0,1,1,2,1,0,1,1,2,0,0,0,0,0,0,0,0,0,0
0,2,0,0,0,0,0,0,0,0,0,0,0,0,0,0,0,0,0,0,0,0,0,0,0,0,0,0,0,0,0,0,0,0,0,0,0,0,0,0,0,0,0,0,0,0,0,0,1,0,0,0,0,0,0,0,0,0,0,0,0,0,0,0,0,1,0,0,0,0,0,0,0,0,0,0,0,0,0,0,0,0,0,0,0,0,0,0,0,0
0,2,2,2,2,0,0,4,2,2,2,0,2,2,2,0,2,4,2,2,4,2,3,1,1,1,1,1,0,1,0,0,0,0,0,0,0,0,0,1,0,0,0,0,0,0,0,0,1,2,1,0,1,0,0,0,0,2,1,0,0,1,0,0,0,2,1,2,1,2,2,2,2,1,2,1,2,0,1,2,0,0,0,0,0,0,0,0,0,0
2,2,2,2,2,4,2,2,2,2,2,0,2,0,0,2,2,6,4,2,2,6,1,0,2,1,2,1,2,0,0,1,2,2,1,1,0,2,1,3,1,1,1,3,1,0,0,2,2,1,1,0,1,1,0,1,2,1,1,1,3,0,0,0,1,1,1,0,1,1,0,1,1,1,1,1,1,0,1,0,0,0,0,0,0,0,0,0,0,0
4,1,4,4,2,2,2,2,2,2,2,4,10,2,4,2,6,2,4,4,4,4,2,1,2,2,2,2,1,3,2,2,3,3,0,3,1,3,2,1,1,2,0,0,0,1,5,2,1,2,1,2,2,3,2,4,2,2,2,3,2,3,2,3,3,4,2,4,2,3,2,2,2,2,3,2,2,3,2,2,0,0,0,0,0,0,0,0,0,0
0,0,0,0,0,0,0,0,0,2,0,0,0,0,0,0,0,0,0,0,2,0,0,0,0,0,0,0,0,1,0,0,0,0,0,0,1,1,0,0,1,2,0,0,0,0,0,1,0,0,0,1,0,1,0,0,0,0,0,0,0,0,0,0,1,0,0,0,0,0,0,0,0,0,0,0,0,0,0,0,0,0,0,0,0,0,0,0,0,0
2,4,0,0,2,4,4,2,4,6,2,4,6,6,4,4,4,2,4,2,2,2,2,2,2,1,2,1,0,2,2,0,0,1,1,2,2,1,1,1,0,2,1,1,1,2,3,3,1,0,1,1,0,2,0,1,0,1,0,1,0,1,1,2,2,2,1,1,2,1,1,2,1,1,0,1,1,0,1,1,0,0,0,0,0,0,0,0,0,0
0,0,0,0,0,0,0,0,2,0,0,0,0,0,0,0,0,0,0,0,0,0,0,0,0,0,0,0,0,0,1,0,0,0,0,0,0,0,0,0,0,0,0,0,0,0,0,2,0,0,0,0,0,0,0,0,0,1,0,0,0,0,0,0,0,1,0,0,0,0,0,1,0,0,0,0,1,0,0,0,0,0,0,0,0,0,0,0,0,0
2,2,4,0,0,0,2,0,2,0,2,0,2,2,0,0,2,0,2,0,0,0,0,0,0,0,0,1,0,1,1,0,0,1,1,2,0,0,0,1,1,1,1,1,1,2,0,0,0,1,0,1,0,0,0,0,0,0,0,0,0,0,0,0,0,0,0,0,0,0,0,1,1,0,0,0,0,0,0,0,0,0,0,0,0,0,0,0,0,0
2,4,2,2,2,2,2,2,2,2,2,6,4,2,2,2,4,2,2,4,4,2,3,2,2,2,1,2,0,1,1,1,2,1,0,2,2,3,2,2,1,1,0,0,0,2,3,1,0,1,2,2,2,2,2,2,1,2,3,1,3,2,2,3,2,2,3,2,2,2,2,1,1,2,2,1,2,1,2,2,0,0,0,0,0,0,0,0,0,0
9,5,6,6,6,2,6,10,10,8,8,6,2,6,6,8,8,8,8,6,8,6,6,3,4,6,4,4,3,4,5,5,6,3,2,0,2,1,4,4,4,3,4,4,4,5,2,2,3,5,5,4,2,4,2,3,5,1,4,3,4,3,2,4,3,2,4,3,4,4,4,4,4,4,4,2,1,3,3,4,0,0,0,0,0,0,0,0,0,0
4,4,2,4,2,0,2,4,4,4,6,4,2,4,2,2,4,2,2,4,2,4,3,0,2,1,2,1,3,1,1,2,2,1,0,0,0,1,3,3,2,3,1,3,2,2,0,2,4,3,3,2,2,2,1,1,3,2,2,1,1,1,0,1,1,0,2,1,2,1,2,1,1,3,2,2,0,1,2,1,0,0,0,0,0,0,0,0,0,0
0,0,0,0,0,0,0,0,0,0,0,0,0,0,0,0,0,0,0,0,0,0,0,0,0,0,0,0,0,0,0,0,0,0,0,0,0,0,0,0,0,0,0,0,0,0,0,0,0,0,0,0,0,0,0,0,0,0,0,0,1,0,0,0,1,0,0,0,0,0,0,0,0,0,0,1,0,0,0,0,0,0,0,0,0,0,0,0,0,0
0,0,2,0,0,4,0,0,0,2,0,2,2,2,2,0,0,2,0,2,0,0,0,0,1,0,1,0,1,1,0,0,0,2,1,0,0,0,0,0,1,0,0,0,0,0,0,0,1,0,0,0,0,0,1,0,0,0,0,0,0,0,0,0,0,0,1,1,1,0,0,1,0,0,0,1,0,0,0,1,0,0,0,0,0,0,0,0,0,0
0,0,0,2,2,0,0,2,0,0,0,2,0,2,0,0,0,0,0,0,2,2,0,0,0,0,0,0,0,0,0,0,0,1,0,0,0,0,0,0,0,0,0,0,0,2,1,0,0,0,1,1,0,0,0,1,0,0,0,0,1,0,0,0,0,0,1,0,1,1,0,1,1,1,0,0,2,2,0,0,0,0,0,0,0,0,0,0,0,0
0,0,0,0,4,2,2,2,0,0,0,2,2,0,2,2,2,2,2,2,2,0,1,0,1,1,1,1,1,2,1,1,2,2,2,1,1,0,0,1,1,3,0,0,0,0,2,0,1,1,0,0,0,2,0,2,2,3,1,2,2,2,1,2,1,2,1,3,1,1,2,0,0,3,2,1,0,0,1,0,0,0,0,0,0,0,0,0,0,0
6,4,2,4,0,0,4,0,2,4,4,2,4,2,4,4,2,2,2,2,2,2,2,2,1,1,1,2,2,1,1,2,1,0,0,1,2,1,1,2,1,0,1,1,0,1,0,0,0,2,0,0,2,0,2,1,1,1,1,0,0,0,1,1,0,2,0,0,0,1,0,1,0,0,1,1,1,0,1,1,0,0,0,0,0,0,0,0,0,0
2,2,2,2,2,2,4,0,2,0,2,2,2,0,4,0,2,4,0,4,2,2,1,1,0,0,2,1,1,0,0,0,0,0,0,0,1,0,0,1,0,1,1,1,2,2,1,3,1,1,3,3,1,1,3,2,1,1,2,1,3,3,3,2,1,2,3,2,0,1,2,2,2,0,0,1,1,2,2,2,0,0,0,0,0,0,0,0,0,0
0,1,0,2,0,2,2,0,4,2,0,2,2,2,2,0,0,6,2,6,4,6,0,2,0,2,0,0,0,1,0,1,1,0,2,4,1,1,0,1,0,1,1,0,1,0,0,0,1,0,1,2,0,0,0,1,1,1,1,1,0,1,0,0,1,0,0,2,2,2,2,1,2,0,3,2,1,1,1,0,0,0,0,0,0,0,0,0,0,0
0,2,2,0,0,6,2,6,2,2,2,4,4,0,2,4,2,2,0,0,0,0,0,1,0,1,0,0,1,0,0,0,0,0,0,1,0,1,1,0,0,0,0,0,1,0,2,0,0,0,0,0,0,0,1,3,0,0,0,1,0,1,0,0,1,2,1,1,0,0,0,1,0,0,0,0,1,1,1,0,0,0,0,0,0,0,0,0,0,0
4,2,4,2,2,2,0,2,0,0,6,6,2,2,4,6,2,4,4,4,4,4,3,2,3,1,2,2,2,4,4,3,3,4,2,3,3,2,3,1,2,2,1,1,2,4,0,1,2,2,2,1,1,0,4,2,2,2,1,1,3,2,2,3,1,1,2,1,0,1,4,2,2,2,2,2,1,0,3,3,0,0,0,0,0,0,0,0,0,0
0,0,0,0,0,2,0,0,0,0,0,0,0,0,0,0,0,0,0,0,0,0,0,0,0,0,0,0,0,0,0,0,0,0,0,0,0,0,0,0,0,0,0,0,0,0,1,0,0,0,0,0,0,0,0,0,0,0,0,0,0,0,0,0,1,1,0,0,0,0,0,0,0,0,0,0,0,0,0,1,0,0,0,0,0,0,0,0,0,0
2,2,2,2,4,4,4,2,0,4,2,0,2,2,4,4,4,2,2,0,4,6,0,2,1,3,1,2,2,1,2,2,3,2,2,0,3,2,3,1,1,2,1,3,0,1,1,0,1,3,2,2,2,2,1,1,1,1,1,1,2,1,1,1,0,1,1,3,2,0,2,2,1,4,1,2,2,2,2,1,0,0,0,0,0,0,0,0,0,0
4,2,0,0,4,4,4,10,10,2,2,4,2,0,4,0,2,2,2,2,2,8,2,3,2,0,1,1,1,1,1,1,1,1,1,2,4,3,2,0,0,0,1,1,1,2,1,2,1,0,1,3,3,1,2,0,4,1,2,1,3,1,0,3,2,1,1,3,1,3,0,1,2,3,2,2,4,3,3,2,0,0,0,0,0,0,0,0,0,0
3,0,4,6,2,0,0,2,2,4,2,0,2,4,2,4,8,2,4,4,4,4,3,2,2,1,2,2,1,2,2,3,2,3,2,0,2,2,3,3,3,1,2,2,3,0,0,0,0,0,0,0,0,0,0,0,1,1,1,1,1,1,0,1,0,0,0,0,0,2,1,1,1,1,1,1,2,1,1,1,0,0,0,0,0,0,0,0,0,0
3,2,0,2,2,2,2,6,4,0,4,2,2,0,2,2,4,2,0,4,0,0,3,2,0,3,1,2,0,1,1,0,0,0,2,1,0,1,1,1,1,1,0,1,2,0,0,0,1,1,1,0,1,1,2,1,1,0,0,0,0,3,3,3,1,0,1,1,0,2,1,1,2,0,3,1,2,1,1,2,0,0,0,0,0,0,0,0,0,0
6,2,8,4,2,8,6,6,4,8,4,6,4,6,8,8,8,2,8,2,2,4,0,2,1,3,1,4,1,1,2,0,1,1,2,1,1,3,3,6,4,4,5,3,4,2,1,3,3,5,3,3,1,3,2,1,1,5,3,3,3,2,4,2,2,1,2,1,1,1,2,2,1,2,2,2,0,3,1,1,0,0,0,0,0,0,0,0,0,0
6,2,8,4,2,8,6,6,4,8,4,6,4,6,8,8,8,2,8,2,2,4,0,2,1,3,1,4,1,1,2,0,1,1,2,1,1,3,3,6,4,4,5,3,4,2,1,3,3,5,3,3,1,3,2,1,1,5,3,3,3,2,4,2,2,1,2,1,1,1,2,2,1,2,2,2,0,3,1,1,0,0,0,0,0,0,0,0,0,0
0,5,4,2,2,2,2,4,0,2,4,4,6,6,4,6,2,0,4,2,4,2,1,1,1,1,1,1,2,2,2,2,2,2,3,2,3,3,1,2,1,4,3,1,0,1,4,2,5,2,2,2,4,4,3,2,3,3,5,2,5,2,2,1,2,2,3,3,2,2,4,1,4,4,1,1,2,1,3,1,0,0,0,0,0,0,0,0,0,0
0,0,2,0,2,0,2,0,0,0,2,0,2,0,0,2,0,0,0,0,0,2,2,0,0,0,1,0,0,0,0,1,0,0,1,0,0,0,1,0,1,0,0,0,2,0,0,0,0,1,0,0,1,1,0,0,1,0,0,0,0,0,0,0,0,0,0,0,0,0,0,0,2,1,0,0,0,1,0,0,0,0,0,0,0,0,0,0,0,0
2,4,2,0,0,0,2,5,6,4,0,0,0,0,0,0,0,0,0,2,0,2,0,0,1,2,2,3,3,0,0,0,2,0,0,0,1,2,1,1,1,1,1,3,1,2,0,2,2,1,2,1,0,2,0,0,1,1,0,0,0,0,0,0,1,0,0,1,0,2,1,1,0,0,0,0,1,1,0,0,0,0,0,0,0,0,0,0,0,0
0,2,0,0,0,0,0,0,0,0,2,0,0,0,0,0,0,0,0,2,0,0,0,0,0,0,0,0,0,0,0,0,0,0,0,0,0,0,0,0,0,0,0,0,0,0,0,0,0,0,0,0,0,0,0,0,0,0,0,0,0,0,0,0,0,0,0,0,0,0,0,0,0,0,0,0,0,0,0,0,0,0,0,0,0,0,0,0,0,0
0,0,2,2,0,2,2,2,2,2,4,0,2,0,2,0,0,0,2,8,0,0,3,0,0,1,0,0,0,0,0,0,0,0,0,1,0,0,0,1,2,0,0,2,0,1,0,1,1,2,1,0,2,1,0,0,0,1,0,0,0,0,0,0,0,1,1,2,1,2,0,1,2,0,0,2,0,3,0,0,0,0,0,0,0,0,0,0,0,0
0,0,0,0,0,0,0,0,0,0,0,0,0,0,0,0,0,0,0,0,0,0,0,0,0,0,0,0,0,0,0,0,0,0,0,0,0,2,0,0,0,0,0,0,0,0,0,0,0,0,0,0,0,0,0,0,0,0,0,0,0,0,0,0,0,0,0,0,0,0,0,0,0,0,0,0,0,0,1,0,0,0,0,0,0,0,0,0,0,0
0,2,2,0,0,0,0,0,2,0,2,6,6,0,0,0,0,0,2,0,2,0,0,0,0,0,0,2,2,0,1,0,0,1,0,2,3,1,1,0,1,3,0,2,2,5,5,7,5,2,3,2,3,3,2,3,1,1,1,1,1,5,4,3,0,0,0,0,0,0,1,0,0,1,0,0,1,2,3,2,0,0,0,0,0,0,0,0,0,0
2,2,4,2,2,0,0,2,2,2,2,2,2,0,0,2,0,2,0,4,2,6,3,2,1,1,1,0,0,1,0,2,1,1,0,2,1,2,1,2,0,1,0,0,0,0,0,0,0,0,1,0,0,0,0,0,0,0,0,0,0,0,0,0,1,1,0,0,0,0,0,0,0,1,0,0,1,0,1,0,0,0,0,0,0,0,0,0,0,0
0,0,0,0,0,2,0,0,0,0,0,0,2,0,0,0,0,0,0,0,0,0,0,0,0,0,0,0,0,0,0,0,0,0,0,0,1,0,0,0,0,0,0,0,0,0,0,0,0,0,0,0,1,0,0,0,0,0,0,0,0,1,0,0,0,0,0,0,0,0,0,0,0,0,0,0,0,0,0,0,0,0,0,0,0,0,0,0,0,0
0,0,0,0,0,0,0,0,0,0,0,0,2,0,0,0,0,0,0,0,0,0,0,0,1,0,0,0,0,0,0,0,0,0,1,0,1,0,0,0,1,0,0,0,0,1,0,0,0,1,0,0,0,0,0,0,0,0,0,0,1,0,0,0,0,0,0,0,1,0,0,0,0,0,0,0,1,0,1,0,0,0,0,0,0,0,0,0,0,0
2,0,2,2,2,0,0,0,0,2,0,2,4,2,2,2,0,0,0,0,2,0,4,0,0,0,0,1,1,1,1,0,1,0,2,0,1,0,1,1,0,0,1,0,0,0,1,0,1,1,0,1,1,0,0,0,0,0,1,1,0,0,0,0,0,1,0,1,1,1,0,1,1,0,0,1,0,1,1,0,0,0,0,0,0,0,0,0,0,0
2,0,0,0,0,2,0,0,2,0,0,0,0,0,0,0,0,0,0,0,0,0,0,0,0,0,0,1,1,0,0,0,0,0,0,1,1,0,0,1,1,0,1,0,1,6,1,2,0,0,1,0,1,0,0,0,1,0,0,0,0,0,0,0,1,0,0,0,0,0,0,0,0,0,0,1,1,0,1,1,0,0,0,0,0,0,0,0,0,0
0,0,0,0,0,0,0,2,0,0,0,0,0,0,0,0,0,0,0,0,0,0,0,0,0,0,0,0,0,0,0,0,0,0,0,0,0,0,0,0,0,0,0,0,0,0,0,0,0,0,0,0,0,0,0,0,0,0,0,0,0,0,0,0,0,0,0,0,0,0,0,0,0,0,0,0,0,0,0,0,0,0,0,0,0,0,0,0,0,0
0,0,0,0,0,0,0,0,0,0,0,0,0,0,0,0,0,0,0,0,0,0,0,0,0,0,0,0,0,0,0,0,0,0,0,0,0,0,0,0,0,0,0,0,0,1,0,0,0,0,0,0,0,0,0,0,0,0,0,0,0,0,0,0,0,0,0,0,0,0,0,0,0,0,0,0,0,0,0,0,0,0,0,0,0,0,0,0,0,0
0,0,0,0,0,0,0,0,0,0,0,0,0,0,0,0,0,0,0,0,0,0,0,0,0,0,0,0,0,1,0,0,0,0,0,0,0,0,0,0,0,0,0,0,0,0,0,0,0,0,0,0,1,0,0,0,0,0,0,1,0,0,0,0,0,1,0,0,0,0,0,1,0,0,0,0,0,0,0,0,0,0,0,0,0,0,0,0,0,0
0,0,0,0,0,0,0,2,0,0,2,2,0,0,0,0,0,0,0,0,0,0,0,0,1,0,0,0,1,0,2,1,0,0,2,1,0,1,0,1,0,0,0,0,0,0,2,4,2,1,2,1,0,1,0,1,3,0,0,0,1,2,1,1,0,2,1,1,1,0,0,1,0,0,0,1,0,0,1,1,0,0,0,0,0,0,0,0,0,0
0,0,0,0,0,0,0,0,2,0,0,2,0,0,0,0,0,0,0,0,0,0,0,0,0,0,2,0,2,0,0,1,2,1,4,5,2,3,1,1,0,2,1,3,2,1,2,5,3,1,1,0,2,1,0,3,3,5,1,2,0,0,1,2,0,0,0,0,0,0,0,0,0,0,1,0,1,0,0,1,0,0,0,0,0,0,0,0,0,0
0,0,0,0,0,0,0,0,4,2,0,0,0,0,0,0,0,0,0,0,0,0,0,0,0,0,0,1,0,0,0,0,0,0,0,0,0,0,0,1,0,0,0,0,0,1,0,0,1,0,0,0,0,0,0,0,0,0,0,0,0,0,0,0,0,0,0,0,0,0,0,0,0,0,0,0,0,0,0,2,0,0,0,0,0,0,0,0,0,0
0,0,0,0,2,0,0,0,0,0,0,2,0,0,0,0,0,0,0,0,0,0,0,0,0,0,0,0,0,0,0,0,0,1,1,0,0,0,2,0,0,0,1,0,0,1,1,2,2,0,1,1,0,0,0,0,0,0,0,0,0,0,0,0,0,0,0,0,0,0,0,0,0,0,0,0,0,0,0,0,0,0,0,0,0,0,0,0,0,0
0,0,0,0,0,0,0,0,0,0,0,0,0,0,0,0,0,0,0,0,0,0,0,0,0,0,0,0,0,0,0,0,0,0,0,0,0,0,0,0,0,0,0,0,0,0,0,0,0,0,0,0,0,0,0,0,0,0,0,0,0,0,0,0,0,0,0,0,0,0,0,0,0,0,0,0,0,0,0,0,0,0,0,0,0,0,0,0,0,0
0,0,0,0,0,0,0,0,0,0,0,0,0,0,0,0,0,0,0,0,0,0,0,0,0,0,0,0,0,0,0,0,0,0,0,0,0,0,0,0,0,0,0,0,0,0,0,0,0,0,0,0,0,0,0,0,0,0,0,0,0,0,0,0,0,0,0,0,0,0,0,0,0,0,0,0,0,0,0,0,0,0,0,0,0,0,0,0,0,0
0,0,0,0,0,0,0,0,0,0,0,0,0,0,0,0,0,0,0,0,0,0,0,0,0,0,0,0,0,0,0,0,0,0,0,0,0,0,0,0,0,0,0,0,0,0,0,0,0,0,0,0,0,0,0,0,0,0,0,0,0,0,1,0,0,0,0,1,0,0,0,0,0,0,0,0,1,0,0,0,0,0,0,0,0,0,0,0,0,0
0,0,0,0,0,0,0,0,0,2,0,0,0,0,0,0,0,0,0,0,0,2,0,2,0,0,2,0,0,0,0,0,0,0,1,0,0,0,0,0,1,1,2,0,0,1,0,0,0,1,0,1,0,0,0,0,0,0,0,0,1,0,0,1,0,0,0,0,1,1,0,0,1,1,0,0,0,0,1,0,0,0,0,0,0,0,0,0,0,0
0,0,0,0,0,2,0,0,2,0,0,0,0,0,0,2,0,0,0,0,0,0,0,0,0,0,0,0,1,0,0,0,1,0,0,0,1,0,1,0,0,0,0,0,0,0,1,0,1,0,0,0,0,0,0,0,0,0,0,0,0,1,1,0,0,0,0,0,0,0,0,1,0,0,0,0,0,0,0,0,0,0,0,0,0,0,0,0,0,0
0,0,0,0,0,0,0,0,0,0,0,0,0,2,0,0,0,0,0,2,0,0,3,1,0,0,1,0,0,0,2,0,3,0,0,1,1,1,2,1,0,0,0,0,0,0,0,2,0,0,0,0,1,1,0,0,1,0,0,0,0,1,0,0,0,0,0,1,0,0,0,0,0,0,0,0,0,0,0,1,0,0,0,0,0,0,0,0,0,0
0,0,0,0,2,0,0,2,0,0,0,0,0,0,0,0,0,0,0,0,0,0,2,1,0,1,0,0,0,0,0,0,0,0,0,1,0,0,0,0,0,0,0,0,0,0,0,0,0,0,0,0,1,0,0,0,0,0,0,0,0,0,0,1,1,0,0,0,1,0,0,0,0,0,0,1,0,0,1,0,0,0,0,0,0,0,0,0,0,0
0,0,0,0,0,0,0,0,0,0,0,0,0,0,0,0,0,0,0,0,0,0,0,0,0,0,0,0,0,0,0,0,0,0,0,0,0,0,0,0,0,1,1,0,1,4,3,0,0,0,0,1,0,0,0,0,0,0,1,0,1,0,0,0,0,0,0,0,0,0,0,0,0,0,0,0,0,0,0,1,0,0,0,0,0,0,0,0,0,0
0,0,0,0,0,0,0,0,0,0,0,0,0,0,0,0,0,0,0,0,0,0,0,0,0,0,0,1,0,1,0,0,0,1,2,0,0,0,0,0,0,0,0,0,0,1,0,1,0,1,0,0,0,0,0,0,0,0,0,0,1,0,0,0,0,0,0,0,0,0,0,0,0,0,0,0,0,0,0,0,0,0,0,0,0,0,0,0,0,0
0,0,0,0,0,2,0,0,0,0,0,0,0,4,0,0,2,4,0,0,0,0,0,0,1,0,1,1,0,0,2,0,1,3,1,3,1,1,2,0,1,0,0,0,0,1,0,0,1,1,0,0,1,1,1,2,1,0,0,1,1,0,0,0,1,0,0,0,0,1,0,0,0,0,0,0,0,0,0,0,0,0,0,0,0,0,0,0,0,0
0,0,0,2,0,0,0,0,0,0,0,0,0,0,0,0,0,0,0,0,0,0,0,1,0,0,0,0,0,0,0,0,0,0,0,1,1,1,0,0,0,0,0,0,0,0,0,0,0,0,0,0,0,0,0,0,0,0,0,0,0,0,0,0,0,0,0,0,0,0,0,0,0,0,0,0,1,0,1,1,0,0,0,0,0,0,0,0,0,0
2,0,0,0,0,0,0,0,0,0,0,0,0,0,0,0,0,0,0,2,0,0,0,0,0,0,0,0,0,0,0,0,0,0,0,0,0,0,0,1,0,1,0,0,0,0,0,0,0,0,0,0,0,0,0,0,0,1,0,0,0,2,0,0,0,0,1,1,1,2,1,0,1,1,0,0,0,0,0,0,0,0,0,0,0,0,0,0,0,0
0,0,0,0,0,0,0,0,0,0,0,0,0,0,0,0,0,0,0,0,0,0,0,0,0,0,0,0,0,0,0,0,0,0,0,0,0,0,0,0,0,0,0,0,0,0,0,0,0,0,0,0,0,0,0,0,0,0,0,0,0,0,0,0,0,0,0,0,0,0,0,0,0,0,0,0,0,0,0,0,0,0,0,0,0,0,0,0,0,0
0,0,0,0,0,0,0,0,0,0,0,2,0,0,0,0,0,0,0,0,0,0,0,0,0,0,0,1,0,0,0,0,0,1,0,1,0,1,1,0,0,0,0,0,0,2,0,0,0,0,0,0,0,0,0,0,0,0,0,0,0,0,0,0,0,0,0,0,0,0,0,0,0,0,0,0,0,0,0,0,0,0,0,0,0,0,0,0,0,0
0,0,2,2,0,0,0,2,2,0,0,0,0,0,0,0,0,0,0,0,2,0,0,0,0,0,0,0,1,0,0,0,0,0,0,0,0,0,0,0,0,0,0,0,0,1,0,0,0,0,0,0,0,0,0,0,0,0,0,0,0,0,0,0,0,0,0,0,0,0,0,1,0,1,0,0,0,0,0,0,0,0,0,0,0,0,0,0,0,0
0,0,0,0,0,0,0,0,0,0,0,0,0,0,0,0,0,0,0,0,0,0,0,0,0,0,0,0,0,0,0,0,0,0,0,0,0,0,0,0,0,0,0,0,0,0,0,0,0,0,0,0,0,0,0,0,0,0,0,0,0,0,0,0,0,0,0,0,0,0,0,0,0,0,0,0,0,0,0,0,0,0,0,0,0,0,0,0,0,0
0,0,0,0,0,0,0,0,0,0,0,0,0,0,0,0,0,0,0,0,0,0,0,0,0,0,0,0,0,0,0,0,0,1,0,0,0,0,0,0,0,0,0,0,0,0,0,0,0,0,0,0,0,0,0,0,0,0,0,0,0,0,0,0,0,0,0,0,0,0,0,0,0,0,0,0,1,0,0,0,0,0,0,0,0,0,0,0,0,0
0,0,0,0,0,0,0,0,0,0,0,0,0,0,0,0,0,0,0,0,0,0,0,0,0,0,0,1,0,0,0,0,0,0,0,0,0,0,0,0,0,1,0,0,0,0,0,0,0,0,0,0,0,0,0,0,0,0,0,0,0,0,0,0,0,0,0,0,0,0,0,0,0,0,0,0,0,0,0,0,0,0,0,0,0,0,0,0,0,0
