178683.833333333
180778.833302339
182299.833449205
