-281746.8304073167
