1.4486565203212145,1.3904268260872152,-1.2849893579106508,0.6400783307317089,-0.1136978945515473,0.22995551129481437,-0.2148474352155585,0.21053048948810035,-0.48807574935273207,0.12255471378410307,-0.3437662307864745,0.20031710247502832,1.0101926991469694,0.7878559550721219,-0.8913054576566225,0.24556337685773852,-0.46110551395849386,0.3079378630001242,1.451637027808028,0.5052921694009906,-0.4331464417888914,0.25377066095351536,-0.09171461994406932,0.3097839430611081,-0.8862779753270248,0.5303998423476627,-0.3173216439916357,0.11809515923035975,-0.6044146048832817,0.353795907129361,-1.2827308091443408,0.20695259145080253,-0.1647034399814046,-1.1997807970071168,-0.06098021190839806,-0.2044338637820908,0.4256216023329255,0.2844803944987584
2.08748340466809,2.3244278347694447,-1.3825346531671363,1.2586591146863502,0.29026495775086303,1.1555826518363892,0.3109140263531628,1.3665317669910009,-1.1835606243607766,0.06908088571743409,-0.5432462118323136,0.7716725581518876,1.2970297350515843,1.5250847148087232,-1.9185586534797678,0.3138690665725271,-1.3227046447908655,1.132226351702131,2.084775369093388,0.18270599844939486,-1.0683567286457385,1.1387835689072385,-0.23962953921272037,-0.4758680925739552,-0.24597457409643714,1.0583558318543878,-1.6794224629079408,0.4605886846841243,-0.9770356123199013,0.985985468587954,-2.198522256207132,0.2177998554318326,-0.7732909449778105,-1.9672487493431257,-0.6488550336995141,-0.5438549707727252,-0.5177789467434337,-0.19583771401000308
2.81953672216337,1.8217462308639674,-1.6649898341544813,1.3497424464777947,0.43640270397397024,1.328901154754088,0.4758099023186937,2.0024860807382443,-1.1631494711736075,-0.08204080805358188,-0.6401877487595705,1.376359474872349,1.220670460988436,1.9314009116369808,-2.632463102550646,0.015687631092768543,-1.6302113676981642,1.7267451449742783,2.5428046561554543,0.215934112111541,-1.266577560280829,1.7113442651662532,-1.084872177423359,-1.3546955579154372,0.15576343309103183,1.948324147629664,-1.6954046842863058,0.738330186531766,-1.1399106534423582,1.5109199242857405,-2.9478989398300315,0.5633503844191599,-1.2560856872761121,-2.940677057061045,-0.506894983275275,-0.24557848533289342,-0.8737594381096361,-0.6340978075962531
3.93724070628234,1.9804492160515579,-2.0707826843651853,1.2467416014554937,0.6099126076687903,0.995253804635781,0.2762428282933004,2.457754489961073,-0.6042690861287756,-0.01700548206216874,-0.7192453475451646,1.7476666089915105,1.3939904266104488,2.486989715287242,-3.1352968721709567,-0.027659591649693685,-1.6864822406285453,1.7382440734383158,2.4852567709855666,-0.12294607537833341,-1.6557636928523547,2.4598053451031863,-1.6487592667216422,-1.6856921390858286,0.7300347639213518,2.2469275649654636,-2.269502338302007,-0.05280324784062,-1.1842336010921417,1.5791667944839527,-3.6519518644762776,0.7386291086095872,-1.8833725286140706,-3.384253765944011,-0.16924786290684463,0.21264300267813074,-0.7136935222521062,-0.7547499854843591
4.8631080407079725,1.6153137785104477,-2.076267219753117,0.2029360725846625,0.9851146264691193,1.0210434989895143,0.6419630411096652,2.4860666802878617,-0.4320831346824345,-0.2225681517882725,-0.3170548642604127,1.780368553771911,1.347501378336081,2.5578585115503114,-2.7715933078681716,0.13263278158656117,-1.9885978242805402,1.7633151940592546,2.2599757576250794,-0.012399172687956136,-1.9422790143456097,2.8700951511160366,-2.6697735059618064,-2.27255925173867,1.689039591406475,2.37258246142955,-2.0857391350112793,0.10341136481401299,-1.274518197903558,1.6338947539170676,-4.355405829981412,0.7916277482106101,-1.9172293548207462,-4.188737347355759,-0.4457979656994123,-0.35330146595262063,-1.041488244774168,-0.8426565950943438
5.533346043870421,1.380013379142454,-2.1235359191636314,-0.6094215871419197,0.8617561098856741,0.5169526875116418,0.31553310340756235,2.855013883948618,-0.17665806155510907,-0.48188269995235417,-0.0894071658784466,1.2882035546043904,1.4001481444250357,1.7717799127380451,-2.206883066520458,0.745594192356065,-1.9895180850601564,2.0499769866518034,2.113653081224679,-0.30541975665921606,-1.6277940084986755,2.211509120091786,-3.108560644273653,-2.5435198920886357,1.7756600353862073,2.3054736865975816,-2.1364669346986735,-0.7620040157295493,-1.9213410450953354,1.2991756258250233,-4.605416295633298,1.2758495569792503,-1.9570321656175165,-4.962764309502676,-0.4265953735286907,-0.11400967234477959,-0.6658334801657688,-0.8585466695679798
5.52664749483213,1.216491243233498,-1.5113797356808663,-1.5526605579415842,0.8117745796051876,-0.08455349386501526,-0.05319945251431324,2.5067884208285944,0.20716448169058693,-0.5656666766467187,0.07499915530325918,1.367097025895846,1.7910586235599864,1.868027724115336,-2.443591067110414,1.2469074104516384,-1.6798771537624964,2.0119879065403437,1.826125622211744,-0.9496333261481401,-1.1728025025343305,1.5435150621951212,-2.857000253300586,-2.7524168268733904,2.0090906770451924,2.4124326626767045,-2.193763707328285,-0.6111182225530449,-2.321743612298892,0.894064706589899,-4.666809107282917,1.5668851968933737,-1.8442895077607204,-4.924056297244608,-1.0835256559610804,-0.8132220486046631,-0.8234289588967587,-0.30058860811277
5.336263974211014,1.973123787373305,-1.4949763672957308,-1.375698969225004,1.4552315301895948,-0.35341362536258597,-0.044764532240448934,2.2748949840661123,0.4297129220520353,-0.8470378364342306,-0.12079197935447558,1.1005623075509663,1.3566598012786164,2.406272079572539,-2.520284730412019,0.9422972283553267,-2.103083698540276,2.7762424712393785,1.5673264333003898,-1.3777731503066426,-1.3988322385547876,1.477911462280583,-2.5603656025853967,-2.334578909676093,2.1114695083588835,2.3904519998454252,-2.1297716749374667,-0.41267206286888725,-1.7079649819830762,0.6102379316792799,-4.913793343014348,1.5398770761530687,-2.180793404525957,-4.591071193175122,-1.1155311685014697,-1.2473679320406708,-0.8485478813485363,-0.3510150492335901
4.892088115505956,1.7971978834195244,-1.9209715854233695,-1.1281758113050704,1.6899124612012926,-0.4676454779484873,-0.20728183587657847,2.3735650102798003,0.20015201177407582,0.0716400415670862,-0.8440319580597696,0.8355817265657524,0.9736082403487869,2.845543127918298,-2.407746839793605,0.6986396680830912,-2.5530888740092768,2.1071853097041644,1.2832193762625097,-1.3339124687261055,-1.1527997408471051,1.1607263539729094,-2.9373451458273356,-1.7317706199127911,2.3271957584501535,1.661953235837835,-2.2391681640805614,-0.3348742161854092,-2.2310689031408164,0.18611298854584096,-4.846519677087592,1.1847513099753164,-2.859659364506491,-5.259684514685285,-0.9184738223473716,-0.9311669967857383,-0.8530688483680323,-0.3538342458690865
4.5947863304231795,1.0810265480228771,-1.7134969795169288,-0.768722548142848,2.2194410363345605,-0.42050173868555385,0.7822160873138553,1.8119230584853743,-0.25163135964376754,0.13828408633839323,-1.5576929301493605,0.7047952516271652,0.8190133759899059,3.3603480702812987,-1.7529827509153126,0.7783261791682207,-2.6211713987300227,2.6793229939644747,1.3527510651185195,-0.9471735923581612,-1.5982168844102378,0.6871239663999198,-3.0447933531350198,-1.4761608703302618,1.9490158218116327,2.001277680070314,-2.1225314263182007,0.06123243763711589,-2.4775556085266817,0.20483046771302982,-5.021665153777575,0.4718045381353371,-2.5888453294557356,-5.028748626366803,-1.1634917924145638,-0.5759898546659195,-1.4897187889492125,-0.8585342730580581
4.813654979295601,0.8437072362458434,-1.8866493736778647,-1.1568300877648234,2.482773613725673,-0.7774989655123942,1.2341890114695289,1.8577105720096934,-0.42453877325319433,0.5889973272395714,-1.4356082660773748,0.0152762452311518,0.769667327851211,3.08565049785197,-1.1703092643787207,0.8928423887466672,-2.711141240719047,2.5144038424701503,1.208332867103601,-1.0260714593523041,-0.9212277862750984,1.224637722839848,-3.379167928289263,-1.4250041243338643,2.1822400747305157,1.9224180354603533,-1.7930561612443328,-0.08622317153327674,-2.195725438554054,-0.27297533474165186,-4.894382201264643,0.45172691430019385,-2.8213480745107455,-4.574586714498473,-1.065192548860219,-0.05007328576186709,-1.3717270301956308,-1.6523435309430927
4.987633850990956,2.241370441746258,-1.5175426482076717,-1.946564353127333,2.211201030635178,-1.811925895499462,1.1297697080804234,0.144344089294988,-0.17880793043757107,0.6884358905013181,0.5326064442896477,-0.8663325793573019,1.2993754616356346,0.13283109978311947,0.18491690170579322,1.3682589501360762,-2.2010527380033835,1.8991909974322114,1.4891506100006824,-1.8719402157741345,0.48205525040818675,1.298626281827415,-2.618511242601374,0.07400027929681437,0.9510589604166504,1.9919032709563722,-2.0730416204394553,0.4536463920514129,-1.7385950519699505,-1.945521006612197,-3.0058832176163794,1.8517561490655057,-1.6175805939030687,-3.7506359686077446,-1.3278547601566957,-1.189571143153767,-1.6974929761809956,-2.619458167579591
3.665811492215579,1.1238014297713383,0.4702518633615156,-2.6376449454471502,2.2053814159149345,-1.259767053466457,2.147216487378661,-0.9065913998881004,-0.0035347120258343474,1.070399004961466,1.2075302350555737,1.962861065568076,2.2325497590472567,1.069621643355848,-1.3852972881482668,0.4540560739514149,-1.0046754376528793,2.1686421997574126,1.852064461333205,-1.8118084118768105,0.7118095431661888,0.9507801030280406,-1.5508373262116646,-0.5927471768012936,0.6705985453770209,3.846358732390696,-2.507030547262421,1.7669248378547993,-1.5506921801327254,-2.393406747027791,-2.736298052704455,1.4644182685397829,0.19328841274651654,-3.2171509623294265,-2.3013841643156683,-2.1577477589475422,-2.140894365845537,-2.405381672023564
4.167035209400644,-1.139763387736331,2.2087761620371005,-2.818642375532543,2.5817031907533274,-2.983693462233281,3.1449562173695202,-0.6141898858344648,0.8377864997760522,-0.08178115803369787,3.4137411175677332,2.188880501890052,2.6956103972168997,2.230740392209844,-1.7454524941061735,-0.5812547374591185,0.9628798133975325,-0.344162355632186,0.3275221755118512,-2.8767778967454984,0.3511250672977386,-1.2118932142129095,-0.6498509051283143,-1.5768680742747303,0.4708079012664083,5.1553424591546015,1.2638977107378608,2.6649776007968193,0.43188044581098445,-2.158911478377445,-4.761742798203972,1.7079243723115414,0.421929397412543,-1.5324194606631052,-2.6985185684843307,-2.7337178903277746,-1.9659397106359757,-0.9129676121648718
5.046257340493335,1.245806299189269,2.1402070654455927,-2.5403526680637043,3.0761363929842407,-4.4175831021202425,1.1107334508912334,0.39371499465828186,2.396706313730354,-2.443957426588924,3.3921825975601076,0.6176244709533144,3.077711486099089,1.9365794089326624,-1.2819996514353678,-0.8921515149760088,1.840198860104279,0.2589108153945318,-0.3467129359916279,-2.5815308738107823,0.06457774910333311,-2.2068374131648896,0.7772782989334397,-1.8040212216429712,1.0082346457612739,3.66505435162681,1.9361994566060006,0.9143797925122782,3.4108455939940474,-2.5538788209310295,-5.593715097533918,2.407195904556742,-0.5804289070408107,0.3385501268814322,-1.411418970456874,-3.524005966143276,-0.7836350306715465,0.9713119242881779
3.7872816265114144,1.1404983318154323,-0.33161871071518934,-1.3876051350743237,2.996141117121157,-3.0749876213185696,1.2367593843519369,1.6917969477733614,1.6914557957706087,-2.746350782868848,0.11035602719980601,1.982444783989372,1.8162964989083528,1.6534934190432997,-0.26994355100519035,-0.6780438327605682,-0.6660565315884975,1.1871909958829763,-0.21912951765316455,-2.051171070810929,-0.18522230787908897,-2.702648439174703,0.22004871893127342,-1.2545432544459727,1.8056687025037335,4.2175086419154155,-0.07131409387787879,-0.1576159046406912,1.2173664712752639,-0.6132396764047949,-4.232438316636937,2.4100603681728754,-2.4957135256763974,-3.946813861585546,-0.45392056527357505,-1.2738903915181605,-0.1055399394938088,1.1949542268478037
3.957537445501526,0.5238196278409513,-1.692659369961475,-2.1187727638370157,2.7366540856085657,-3.3902720310802352,1.497331514989214,2.1718266278348564,1.9360798402504225,-1.723205014145052,-0.6130598182868163,1.4783452695774404,1.8128106287425185,0.7398881696617257,0.07476287187374522,0.03230538326044798,-1.1171957722608938,0.5561842502655494,0.8546840752366365,-1.936979350448041,-0.26559100321177886,-3.24020273810392,-1.0968156231536617,-1.5307108953094943,1.6983948834587472,2.913244335269279,-0.8808030694684089,-0.20672562194004943,-0.7178300110889011,0.7049700099504631,-3.876228985932403,1.7636352046855337,-2.3858075643260235,-6.1931123356250275,-0.430900409482985,-1.0291038077390233,0.19158958122667513,1.736839538696374
3.8222354689717792,0.09720287878869685,-2.194987756175842,-2.632408551746062,2.6547760233297315,-3.1065238161610957,1.0193131272899414,2.1579237009798717,1.8417581998725243,-0.7516138304300272,-0.8384569186175486,1.2935277547086728,2.018088429002731,1.1614756907917911,0.1943132382469585,0.23683061254231022,-2.0165062924934145,0.6829884810775549,0.3868863610258672,-2.3447880675538872,-1.7668527973713106,-3.925494540667535,-1.2373875886904808,-1.2657954341626698,0.7894051695897764,2.3803381343332592,-0.5551158796536754,-0.13645167250755552,-1.1919353315075238,0.41132527916609685,-3.546372394189227,0.5727217086100007,-1.8206301115373515,-5.822996555203141,-0.6714962283169635,-1.029059026222749,0.5264184050174758,1.194386408195216
3.0710178759761906,-0.31349637033051836,-2.37049190089412,-2.7575136899672623,3.1689798251421433,-2.839509525503819,0.5705970617728457,2.072146155604878,1.2367750055132574,0.3722200852778497,-0.19342774659953751,1.2625136319273458,2.1206018900919705,1.819291511114893,0.8119696154932393,1.1402011074648657,-2.504958492395393,-0.010970166017693656,-0.5223458363590651,-2.496299778260543,-2.7768485629584347,-4.721850324295975,-0.13571592701233826,-1.0372953787597252,0.4572675445179072,1.3008523823823082,0.19571256749317512,0.45475696777579516,-0.8202084868504396,0.005735317281173331,-3.32287607533523,-0.7614650874781913,-1.9114018126639432,-3.9019581660505978,-0.3771447382948801,-1.1534966406601617,1.2729358990919872,1.615557695887957
1.7921666412461288,-0.7017947886510884,-1.9436401076214846,-2.393907989788608,2.615869364922574,-3.192025830915685,1.6356283409934484,1.5849478712974605,0.5596176267273694,1.2401570590501794,-0.6569772104945626,0.8801902415149472,2.0955728624122623,1.2676372983544542,1.0406918431404892,1.4018931369841952,-3.0427513635772803,-0.09075758754417491,-1.7258135069885978,-2.408200114620789,-3.025385064259181,-4.2364365665655,0.22785366669926788,-1.2328511278499505,0.5450321612480825,0.0368939013555626,-0.6073101114246644,1.0070246728622114,-0.5759887871320958,-0.4885492658064248,-3.1779980175811855,-1.9533966213805507,-1.8774250444761933,-2.870241566707608,-0.24442019922123015,-0.930941325695527,1.7307045026832613,1.484177473204464
0.6625639279006938,-0.5494171467907398,-1.226380609429535,-2.2654578258819655,1.587125612031323,-3.6130014310957366,2.178346536735975,1.5621886704060788,0.8664140079074955,1.6353705616069567,-0.08573305552947623,-0.37381192660196244,1.6956295514088353,1.114864422316328,1.4469149176260054,0.37632008940036965,-4.004450187691316,0.030642116253397578,-3.276833895740599,-2.4150313507113093,-2.25209310999474,-4.201315477087033,0.9849266590586697,-0.9618798377514552,-0.19992463829314133,0.4501747483098823,-0.16038705164628944,2.054439420019291,0.15272944277945733,-1.2694369133290706,-3.8130430629248067,-0.4345826992721548,-1.7921927580457515,-1.3510633708480266,-0.8199872237557235,-1.0388463310096416,2.3571521118297993,0.29908687038178594
0.6539671033210634,0.20130772287749632,-0.8338181849641955,-0.6869046616370239,1.5051679741397685,-3.3650891074671745,2.4176061169587606,1.4988881987661005,0.4551452185180811,-0.2902028481505237,0.2577603227905161,-0.8751977582812935,0.9534201464591644,1.0656069938990058,0.6004451386863882,0.16887791432236604,-2.945906180936736,1.988910910816074,-4.306655717103387,-2.302547467855318,-1.5490560176189994,-2.8794508230771596,1.174933764608042,-0.8708418457344419,0.1331489663345445,2.0608804786891417,-0.02410703822433323,1.851212788106358,1.454454972052647,-1.1018116499515407,-4.444152331164545,1.6561325657891683,-2.7386515318058184,0.06459161047283207,-0.35785253927486027,-1.1010372661986547,3.125200623903048,-0.4624221897715695
0.6593997147473156,1.1968379714625463,-1.4246257800757598,0.6399469278775435,0.6419435897301585,-3.4963896819983526,1.3542751187776134,2.185205383378649,0.4342731161733269,-1.6107541890536594,0.1431165777648463,-1.2790303141429817,0.7605721300678837,0.7290840599803597,0.8337928562926469,0.8855335310188137,-2.1736697131093647,1.5614825583551446,-4.023500226485701,-2.9093166224489857,-0.1738129487772273,-2.0527108465138335,0.42141414664080135,0.027613436741764245,0.7042611808530573,1.71208644605878,0.4854545178579656,0.9313693193461104,1.3105413562531059,0.4224187826917083,-4.431416266610558,3.0782547809264993,-4.043875800477852,0.6343693338168734,0.40730349284819434,-2.2453810868958173,3.389721534096155,0.21106729202770988
0.15693022574661664,3.8787665568077836,-2.237185352988745,1.1567579889022175,0.6472277287145061,-3.028117833420238,0.8011413560561399,1.5852736778291274,-0.7599455474772219,-2.2760208802517408,-1.889536138878376,-2.2711125765132394,-0.3088420448949927,-0.7624042451795945,1.2916952985136698,2.3579322086922088,-2.180103961276438,1.2266766172464703,-3.028131752784082,-1.7316451423285373,0.7623365787346428,-1.2223008016262906,-0.7617875813653949,1.018087604213153,-0.4162071812515744,0.41713177110842187,-1.179954995872646,-0.3959528287280822,-0.39088393027712603,0.8019344684135206,-3.7961875191192815,3.2369481764200354,-4.415716787234741,-0.21261414851817897,1.2714044837909904,-3.6776221224707135,2.690005880756654,0.905300034557867
0.5324520382322768,2.8253994428911757,-2.0642626604213965,-1.2499211572109836,-0.1059459302786221,-1.0268504236257465,2.5569012798034736,0.9479420118656643,-1.4098683603129198,-0.804415036062509,-2.0654812076762,-0.4174666367408934,0.39974615242031974,-0.31218108530137634,-0.05968959279329564,2.204065261023149,-1.9939459496593162,-0.6117833188447751,-1.6356437334618472,-1.229020532121896,-0.15312432950010438,-0.7343806461818462,-2.0594586661864156,1.2407542149748871,-2.0864358665679514,0.03398575570764387,-3.341782320606607,0.6098712058434208,-2.540126029979005,1.6088100410931947,-2.7968119867864982,1.6845418520225528,-2.820903843699416,-2.847576310174603,-0.016405197707149335,-3.6876391337384544,1.0437568022042836,0.828658754463947
1.048865677462115,-1.076315581619507,-1.6846509215180945,-1.8214979426233286,0.20807686072260373,0.5472509820154006,3.55120677710551,1.023074449341102,-1.2343148968540623,-0.04986663524431956,-1.285487303437674,1.7919401346640662,0.9592789827538891,1.521369537754262,-1.060194384957645,1.895642692176095,-2.2737488056429958,-0.2323130362545926,-1.444543274400629,-1.4693626539535412,-1.5341306670554344,-1.2496775198193781,-1.298161907761233,0.7843605813547021,-1.9714136836985237,1.6370732937662849,-2.117081816257402,2.181504217517768,-1.6657750333605317,1.9639726247181366,-2.959904764347517,-0.2899301415670462,-2.0403470126355545,-2.5684180932870047,-1.605693312451787,-2.4905761872194256,0.25718340018707686,-1.3545233621279051
1.7882879535445928,-0.4847711498712432,-1.3443170546057381,-0.6595556622006717,0.1659071736256904,-0.46994227465123806,2.7296140604361727,2.314478845507414,-0.33779495038709256,-1.0456503764005771,0.40387263098317977,0.08056186957554784,1.707752820529169,2.6115618396094726,-1.0377353752445715,0.8295052869953742,-2.589109462921828,0.6827633936812074,-2.0172611224001713,-1.8139048771331372,-1.532240186134772,-2.1838136901278538,0.026702747831598928,0.32325247125978307,0.0016795492089176078,1.663312221803336,1.0016801962809523,2.059802948994265,0.2211328561264127,0.7873694224774334,-4.697928936783542,0.684383111724022,-1.836718101876146,0.3847490089602156,-1.3837633021634987,-1.935473684877026,1.2897266841403932,-1.9670567610936236
1.4656384288484612,2.65858097738563,-1.731319789779906,0.6674367505966905,-0.7389427343795049,-1.4954055771503896,1.7923914190188532,2.142857663962291,-0.3529458747289614,-2.4140735123902464,-0.13572023426031035,-0.9891680331913176,0.9183703892645408,0.6552210022559155,-0.4642416912361347,1.7748596753438541,-2.4259856094433405,2.331927782727095,-1.9487795556702272,-1.3189848468940035,-1.3120598118734452,-0.583129005956333,-0.4915046824840283,1.4607942817031914,0.31836313108072345,0.5610829569620881,-0.34715363422261436,0.6616509256475028,0.7310376009553979,-0.09113961883014601,-4.451534691502786,2.750260672592987,-2.8722797278792327,0.2596857490990541,0.4406052456167945,-1.4549615181145406,2.071942171726855,-1.1963572971308267
1.3790216781170588,0.7263742375394118,-1.8395310609642963,-1.2917751348637658,-1.0327621887583476,-0.09419828875702063,2.302660106532697,1.5296895226721539,-1.3697251510590687,-1.276539698947381,-0.4621068920856923,0.06563710181199926,1.2916750104195913,1.4633858435417326,-0.8702391028402947,2.043760909183248,-2.6289601127264275,1.3350522684062662,-0.7691821039420169,-1.0844345426259276,-0.7650296364983342,-0.20451399692150954,-1.7598166421680548,1.104114548818988,0.182925533599749,0.07054665158592223,-1.9942308911496656,1.0329243532031747,-0.6207977792828536,1.1850817815554266,-2.3384978573224613,2.2906043625563712,-3.18713729200146,-2.505266021828863,-0.22092379008729907,-2.09121325521638,1.3760715990496837,-0.9866347449538532
1.9658731130617995,-0.08144157626774925,-1.3889864341779983,-2.3762912201085644,-0.4800820762267706,0.6038231702372246,2.4916994244100636,1.0142534805827803,-0.9425445723968324,-0.824432644454945,-0.6089079799600812,0.28794243425405364,1.4847842688784199,1.9949845909175967,-0.7258433517088845,2.3159001719641066,-2.9257122600142798,1.2972122023843233,0.16812155604997697,-1.4082535021122955,-1.3503566370700588,-0.2531828841207482,-1.7989072354878397,0.70773197665132,1.079213678215874,-0.6569896007982203,-0.5984997483424905,0.8977868368709053,-0.5333726392232028,0.43312923288394506,-1.830909273587955,0.6950355780785732,-3.4234695158940385,-2.5326177419634686,-0.6151627320367182,-2.497659327382982,0.7964501222707716,-1.645081221712048
2.5239193657503236,0.3565619644769582,-1.1665102204593414,-2.8953417389983405,-0.02806234175584657,-0.029007313147648595,1.3613138487754857,0.12962099322362763,-0.3788233399407705,-0.14788667654919352,-1.288441051852904,-0.1062251948889747,1.681437903327441,1.2354438153666842,-0.37823704663462854,1.8521151795931092,-3.2762455725155046,1.9882937948736936,1.3180428363616807,-1.6440037860766261,-1.6877083198147875,-0.8132236890777242,-1.448633457472762,0.27553062538944223,2.2674689086615487,-2.1393833096017367,-0.6105740625153024,0.7756405498011868,-0.35022712351342034,-1.2192829817594235,-1.6203091266602072,0.18259064436131958,-3.3277188167042886,-2.785008333460057,-0.5585834564974963,-1.9439939441909175,-0.0346400194022852,-1.7102156704826819
2.415460236913894,0.5610972671121837,-1.3010460975264044,-3.0691432690102887,0.3450672789132707,0.06569553773441966,0.6630928153814566,-0.8954782308663451,0.2717842284024014,0.5281727416815334,-1.8009668762311755,-0.3917148458817397,0.7549315636343067,1.4453171638318252,0.26045158573785343,0.959403872991242,-3.4705067000169505,2.488018598740338,1.5525639741286044,-1.756088249509412,-1.5140842099304952,-1.3599461371985397,-0.6864889833294058,0.04474613352188339,1.8839083888931427,-2.847351718404035,-0.34808372399605153,0.6702809867288817,-0.7191101637353239,-2.3749420726090555,-1.242749786385154,0.488078937264884,-2.677694348551463,-2.735644000876151,-1.2119248924221837,-1.416453933431298,-1.1359197664366667,-1.8965712795849625
2.0390901614386787,1.045495224406527,-0.9110863039838533,-2.3066542355962127,1.1371198769052118,0.0300848458378426,0.344117085176318,-1.6497427621896332,1.0527996949038212,0.7357855669505281,-2.3156575792230663,-0.20497513999228506,-0.3193722770984972,1.5241289669287919,0.35733157204660154,-0.05250951878420778,-3.5335977655967747,2.9524570457965513,1.5610415259866144,-1.3721982777127393,-0.10105770283913276,-1.12869598988526,0.006010942831244908,-0.027377727449924477,2.262870033722869,-2.3075425318684735,0.22758715422164227,1.297750655587106,-0.5099974021318054,-2.8940250583613643,-1.2895620090026185,1.0941844864534351,-2.1965807849104064,-1.7357597836789376,-1.3633079275689763,-1.4053396240032061,-1.8517628472889112,-1.3165299520555882
1.6458957039192816,2.601198065873581,-0.4848746736704233,-2.2807816044180336,1.1551586874383046,-0.029272011366725442,-0.26625255392495195,-2.069911819298781,1.1337202361883343,1.1141577856999834,-1.6521114581962895,-0.6502031073882404,-0.5446567169715077,0.5219954284507861,0.9832891280652243,-0.28619018820030806,-3.1461920785630486,2.5625979613322842,1.7956359686873666,-0.8520596790001632,1.9047393988434251,-0.9959569827578219,0.3156447751048599,0.6081300120575834,1.5087487560776416,-2.194270971888588,-0.4525711054434612,1.4189400384390922,-1.061161070284463,-3.450231915081643,-1.1105747482908843,1.9925377126742083,-1.923021325242919,-1.5304294386640374,-1.5178980442445964,-1.1660374482176892,-2.9326645655551826,-1.2785437866794023
0.8715080485068598,1.8726951493730475,-0.06050821224991404,-1.4491885926791723,1.7873275923232677,-0.0024672279240222014,-0.24223241739641926,-2.364943319675643,0.6744954759208216,1.4315441468336447,-1.9086673053630776,0.19592137244942318,-1.9249012304257154,0.4099968241329325,0.4282948685867989,-0.5488993405070458,-2.570434188168454,2.7605466947764614,2.71264529264911,-0.644754387069081,2.2716595219382896,-0.9615100928181946,0.836053481824582,1.513269464742987,0.5371466236939361,-0.8604423828945066,-0.16114014920464187,1.7796046765765703,-1.9353326957943309,-2.8631056899218565,-1.197244386736318,1.955816150110702,-1.635575214572015,-1.063292811765456,-1.494145562507237,-1.7664489764477185,-3.575006504130477,-1.394789414207957
0.7613734572639014,1.800693720665924,0.2510327911196095,-0.2166124078963845,1.9167947265603382,-0.2732359002231023,-1.085519104783725,-2.519724766121959,0.4433500477518601,1.3166430157856146,-1.6613222185595815,0.34634591860023367,-3.1871664848747905,1.1938202353682072,0.16732764661718313,-0.8914700595734912,-2.5919946969727814,2.263689725141879,2.6010723644924716,-0.6922775534708119,2.3128977295805466,0.16829551427265663,1.3166210667869347,2.251090314748986,0.029376115580438622,-0.30391926857638674,0.11338529645573157,1.7505343171220082,-1.7504965145243365,-2.3897545891728766,-1.468640102560955,2.0737859784116255,-2.4405138978620493,-0.7506305750601268,-0.5418620014738676,-0.742091226657317,-3.36336783725513,-2.1255483727517133
1.5686192904434169,2.7723665848476085,0.23916111808023277,-0.4585799680969212,1.9816908291693527,-0.5581948638454342,-1.8989457620702128,-1.8246594747582197,0.6988746638712255,2.1318147397198963,-0.26812994609896135,0.6517159540191636,-3.3737259696775843,0.6108687092781953,-0.013514492365806846,-0.9831987924863445,-2.667425030775504,2.130808193102861,3.0163258366361676,-0.6838211195976773,2.2452181408098695,0.0883806478025228,0.7169482403279601,3.276585938225649,-0.23807304883663796,-0.2635303713097347,-0.28495662994568,1.4058953857343375,-1.86037920931709,-2.511389388891549,-1.4134612645682862,2.7722670351283076,-2.637773984693087,-0.6133372130923759,0.6145665387510328,0.35889878772455347,-2.6227683343122363,-1.6909253300488523
1.6132001144575665,2.668380276770611,0.2852714166254748,-2.2066572374473856,1.7387171203864344,-0.19793355505320032,-2.430637794071448,-1.6983643120779761,0.3428362886184986,2.36129675672692,0.8210417091964647,1.3087610409385873,-3.343733114068911,0.9306562867724363,-0.16806074773951551,-0.813302245674925,-2.789539328613615,1.5895023590294013,2.7825886254778665,-0.9453523066140002,1.8773721955935347,-0.39060602706639014,0.8423381411498339,3.2495575145913813,-0.0278363964529518,0.08121389026979636,-0.1198085415813745,1.0740191737467517,-2.892454213100167,-2.4119145942742053,-1.4656450936857592,2.465637308760776,-1.660591820858456,-1.0922524385643357,0.4112732028237807,-0.32211783286430107,-2.4114833196863605,-2.1366231152282626
1.2303737330215883,1.8037189167880712,0.10980219285690968,-1.2139979138786552,2.3417947404964363,0.16712530754821836,-2.3453904005367407,-1.4850716688351784,0.0965948535570925,2.1194792201543264,0.6896035792852441,2.1104000908412526,-3.239426491950472,2.6607878955934408,-0.45351711271831063,-0.45962716193293895,-2.9539731902193624,1.3803626992429392,2.7861478792884666,-1.16175195472447,1.0093531233078499,-0.21597757382304128,0.16276520780553894,3.3596957770359293,1.0620447958165824,-0.2815150824184402,0.23549075559374116,1.121545080197485,-2.7929079337209552,-1.6929831388735141,-1.5197253245675504,1.4284300483380903,-1.693996097045916,-0.9358538855689281,0.4831471762892948,-0.36437926638681184,-2.603904045291336,-1.5398030455119405
2.147924339618795,2.934083164453595,-0.47392852905784566,-1.8951929838681507,2.66569531533235,0.38348709210970844,-3.2815616335197086,-1.0323044636575764,-0.5724584220264439,1.9245604961064982,1.129111917087017,0.939235209786099,-2.906349666434196,2.3584092808218373,-0.13244973240755775,-0.1957327637910357,-3.3588955091209995,1.2033251358186636,2.530138338116754,-0.7291556510831908,0.48184731715279994,-0.04896968236028776,-0.32206099343280825,2.9069916436332432,1.1750610631181233,-1.664060323595854,0.49942706591439423,1.2148362410224294,-2.9330548511117795,-1.858166696198343,-2.1005033713269397,0.8132218099276893,-2.0336050896235363,-1.1728099255659488,1.121833965488819,-0.06304871040185563,-2.431423089857453,-1.296454236463868
1.1299374022872506,2.0320888464472233,-0.890439212375466,-1.940452805573508,2.3312005416761803,0.6194658411731551,-3.289988097149765,-0.9959842576611851,-1.108512325869814,2.031326577469588,1.0540979955844343,0.65423621869236,-3.282225192035474,3.284461630021901,-0.5256282625379378,-0.0009620763126841417,-3.422839854354444,1.1291870352164601,1.8955167244388014,-0.6289074468418668,-0.43080033832788894,-0.29387550536422985,-0.7129481555411303,2.900610023103531,0.8185714280125294,-1.3939680188790593,-0.5359123817201665,1.518261006029565,-4.044975976417703,-1.7262290579335942,-2.4864127806180316,0.179692908635525,-2.056340759189195,-1.4672920364971045,0.9667403992618016,-0.7299850975971609,-2.1967002106574562,-0.9962189211848904
0.8350618911438439,0.6763142217877909,-1.4540976637405838,-1.9919799523756645,2.1522316511204873,0.7397029932188692,-3.0784401664956644,-0.4161893379826252,-1.798590868774211,1.9439920368878012,1.041510150659653,0.39843758506045596,-3.398796818891382,3.7064519710430535,-0.5421837023449055,0.3657128801333298,-4.169931511468215,1.3597969618781842,0.99477625666838,-0.29410622953118853,-1.5621848164173677,0.2478552046667143,-1.4950754250391567,2.5136144076148925,1.6637744701045005,-1.1071596436182165,-1.0998979079523432,1.1807108338821652,-3.7842396709120476,-1.8139668828172326,-2.8010891293623947,-0.4015020811883985,-2.2166560275610223,-1.3708861567963664,1.3038060588664464,-0.29357337809966455,-2.273868167703663,-0.9063239399270664
0.7478057038331251,0.28464659269911774,-0.6508031877050053,-1.4767483152802876,1.9133355057831147,0.6891488465600256,-2.1670294679740767,-0.11725044334636546,-1.9892691199060446,2.1142261464850582,2.3269667705556856,-1.4823162971122905,-3.368107995870345,4.128642127020361,-0.27351184810816254,0.5497865974085951,-3.809450641594795,1.2037950937663164,-0.1772147561505112,-0.03146691088285622,-1.4198440198260107,0.9562482627794067,-1.7150027594972657,1.6370110627999168,2.550348006486009,-0.9671161751290596,-1.2570816100401907,1.7756997823364922,-3.3951557700950534,-2.156100381156074,-3.5035518765628586,-0.3010335613592223,-1.8206824136997186,-0.8995390669991283,1.1284622635811912,-0.7636930976302361,-1.9527934167548966,-0.9793406713013583
0.9016669425903577,0.3797121911751709,-0.3566345795217255,-1.423898101286907,1.0697493976012702,0.7563167043598858,-1.0056425652428556,-0.46582322761748635,-2.6071292041653344,1.8577003359238249,2.5715148881986067,-1.6352925198100898,-4.015873783151683,3.95211324572033,0.23152457845125585,0.5877128152227723,-3.369528513715719,1.2485432975921487,-1.4136532881865684,0.21251098000808916,-1.546703500286254,1.9944921275473282,-2.2316044701554634,2.062566353765963,2.7109706483071663,0.2494621662609745,-1.7185715059000426,1.1835170479780242,-3.083693113322471,-1.9614219688443295,-3.4729374323207787,0.16286682616043888,-1.645135238545477,-1.0687815063062567,1.7502974078106008,-0.6901986327476096,-1.263338343158667,-1.0845133324954175
0.9952502224204484,-0.01948569866062072,0.4750537925767215,-3.1021041897212913,0.12817112764065453,0.32065489439686634,-0.9153196603569467,-0.7827215245027662,-2.668182782063033,2.421402091655341,3.3688665554467074,-1.2994765627337252,-3.3434168895650425,3.54735106100442,-0.05510871180544262,0.7567866535447091,-2.4126857120272844,1.333822986186419,-2.9519415725684675,-0.459285063898927,-1.1259622868139791,2.002949239673688,-2.180479309311762,2.0714808894154206,2.895315182481794,0.5250946625051902,-1.942883024355582,0.9425083299353558,-3.0986506071626327,-1.6391376282759096,-3.7742930910267254,0.9160836976161707,-0.9846769174203184,-1.1193372979400744,2.1617549079387706,-1.4737335762365513,-0.7177512576524603,-1.9761599108051047
0.5692206136591003,-0.7473270105641286,1.2055567597291117,-2.0022394253511777,-0.8362309950032597,0.03457223600968911,0.3615011256122753,-0.7055881062416737,-2.7350543379332954,2.182585033881247,3.3579926364307218,-0.4769920375835364,-3.3197128354395367,4.013991755315199,-0.3470302850320641,0.8541792421528334,-2.3048373225984546,1.9909410868024897,-3.9242732896911856,-1.2493462810509177,-1.022067815672336,0.9674835511456058,-1.6622647216178659,2.274990297313743,3.368032093949511,1.253907234795418,-0.40099856260565286,0.65451539912291,-2.6292148366696786,-1.832536185327422,-4.253047412401431,0.7669989300767954,-1.2739200084799243,-0.27771565279804306,2.594377498497431,-2.332839563063723,-0.38864070870266054,-2.1478982238288706
0.6064498362222872,0.4601656148517376,1.0690678680512984,-0.683438536103623,-1.1191682025217984,-1.3774043214257055,0.3567070576969808,0.07797885758457623,-2.0646640187231498,0.8944966137052262,2.7619732114022058,-1.3017143434051324,-3.2325077620393627,2.8767702644764936,0.5450002199621788,1.4555904237200743,-2.1732580228203062,2.37534483808069,-4.329032669289881,-1.580825269301668,0.1347342835884307,0.9827478505322232,-1.0840332886351416,2.2185710547388164,4.590697838579046,0.9065809174929941,2.0125197567701716,0.20567078479460116,-1.692926580898091,-2.0482714135953257,-4.924182122311338,1.4245432096717463,-2.0513945770360142,0.2665386467068001,3.4374198230737356,-2.8392670759701164,-0.489846313797765,-1.2953653897769852
0.57690340343116,3.2832289511834643,0.41800214752420217,-0.8029735169566465,-1.2359936361862072,-1.451775086943115,-0.22854301689117404,-0.38331489980382394,-3.4261386080607004,1.2595504361742549,2.323607100982808,-2.239767895364204,-3.3263945586880697,2.1726006817897225,0.736675987659911,1.8402334461180694,-1.323272869459016,2.3199894187847576,-3.9227069631802998,-0.9290181846889047,1.2111939000701275,1.482802896365466,-1.96900391465081,2.423054693206679,4.180360860635862,-1.3747213400516916,0.2315902859250534,-0.3940203814311018,-3.2881171069661295,-2.655457924108381,-3.896701456443495,1.4752706972879066,-2.0728371983725675,-1.0270333906153981,3.767088622688192,-3.861832498198986,-0.8074781984767396,-0.18720512326801175
0.6383567676051419,2.638142740209511,-0.23866685403535026,-2.046283740191091,-1.7138546769810308,-0.6034667032369742,-0.5141444755397049,-1.499734202375595,-3.8759905469756637,1.86827215540348,1.432931417771674,-1.2891871709964677,-2.7533085185939465,2.193482541801734,-0.12045382705585103,1.0712177422289155,-0.9414535246479622,2.0687930332676587,-2.9398059505194722,-0.8639801383690539,0.48042008876772163,1.1805843033557792,-2.0114310382430864,2.055789144165185,3.2477826517712893,-1.024341082598321,-1.0959458379518652,0.17602799067207978,-4.849985210885967,-3.0560320213010455,-3.7680390794562917,1.5076142744218335,-1.076156369770012,-1.901294167998363,2.770654974651665,-4.777626604442302,-1.6553273025854403,-0.05527713454848682
1.2336108436660684,1.0929281658242738,-0.7565510796158276,-1.3565442891853197,-1.1131583699749599,0.2187966132367182,0.23753022369127794,-0.606297265526095,-3.199403678829574,1.9574068809875504,1.0709906082400849,-0.8843453734475205,-3.026339251718706,3.3278190453692265,-0.6521486069354885,-0.16130992119749438,-1.44692423899098,2.6289155086111973,-2.0241224989837088,-0.6488051007430627,0.20533882893715732,1.7449169873895256,-1.807697510312241,1.8667571608698708,3.182259633279196,0.08750108589101864,-1.3768377426326475,1.0147586537002007,-4.022594406517698,-2.49376236911868,-4.025718544204158,1.180688706732941,-1.1683555794163876,-1.6155158235543656,2.437739524249338,-4.388977056314082,-2.503754264578312,-0.8200719448378109
1.8306570049049335,0.7764964176270633,-1.421887888772237,-0.6257509868645946,-0.6267050263626909,1.2249483597341968,0.24012784345048208,-0.021598129908119545,-3.093588123874414,1.4076763798616483,1.2661047387889288,-0.3880631526567226,-3.5216078884607707,3.2377903221475792,-0.7861442904544664,-0.2780869165430529,-1.6734857318493468,2.8948462084045268,-1.7543481876581504,-0.1692634379805937,0.1935883826341364,2.461624460049179,-2.2214743913595543,1.8452604209323757,2.6656561401253462,0.18951355958400778,-1.7776835782222724,1.1924735641742703,-3.343765599098506,-1.682977730836823,-4.351800633927653,2.052807434536186,-1.5848617446823585,-1.9185328449261076,3.0934643718360917,-2.8791648505262653,-3.0360156521779746,-2.079652311260336
2.9556532758204925,-0.7138904184429063,-2.56112732298532,-2.2853847360548802,-1.1742132299080799,0.4396110280843398,1.1775645234296759,-0.9476498144131305,-2.370179751141101,0.4906332221896951,2.194146692222838,1.4158585906626282,-2.963688928340377,1.484682699686915,-0.5834247934523067,-0.46461878254790073,-1.6758622326130275,2.577730144092697,-0.7176588593295872,-0.8771544464458798,-0.5310983481287035,3.6050649907986188,-2.770610931294738,0.6155699110931254,3.4945856606163797,0.9782986177157177,-1.7447074308028594,0.356172867798575,-2.6679875303997425,-2.521424684811539,-3.732445498499574,2.3044746376307237,-1.8751893807172229,-1.4958206035800299,3.414945136607763,-3.277113562965707,-3.6622644394300803,-3.358446591375744
3.192187330667793,-1.7472657302921248,-1.7720907014222163,-3.306365540643886,-1.8621613868031968,-1.1108602417846623,2.7508179005605125,-2.1276893308904885,-1.0417973505849767,0.6050184103250827,2.1432290831395626,0.646359314155214,-1.8429430537509992,1.0538548369983636,-0.26488130332335336,-1.145275176901221,-0.4062424106726299,0.548625265011601,0.4317729349310159,-1.2613776058149853,0.10025839083509719,4.433412192970346,-2.3294815729901375,0.18177287477781517,2.793360114361216,0.5976467921021216,-0.24620459280433912,1.590665362270169,-1.8263025058782094,-3.0809855639892767,-3.916096715944699,2.649647159202474,-0.6395838657687247,-0.6124518235384715,2.007097173765858,-3.7139126106984635,-4.1331949275278985,-3.755051936441923
1.2515783488416734,-1.0128172422449326,-0.08039256238002668,-1.9532387159769677,-1.6278574161751858,-1.6287441219264769,3.775755539469964,-2.727777790833498,0.3629431823438385,0.5955373454004033,1.7654459956553892,0.4409239864452767,-0.9653233595505033,1.2795065322841679,-0.24640945002926826,-0.5293253874911334,1.7779310141013487,-0.5182356097827281,2.472842531081014,-1.8060804143146756,0.2719251177000325,5.861193367839898,-0.6699153069682293,1.0377376418907747,2.331336751544207,0.4405376801110604,0.362070481310421,1.942297200046547,0.19878068035607518,-4.084480143214955,-4.547161488064563,3.0842872212495047,0.013305462618624975,0.48274130141055427,1.1358569127918623,-3.6836977460769966,-3.4885123639973656,-4.4044621803231765
1.015547965214166,0.7329025547653353,2.6473777979687707,-1.8555265384471957,-0.8080117585148445,-2.2911104375709463,3.363467836025106,-2.867730813286759,1.0132121881069278,-0.4378065508973237,2.7026442814823644,0.3911039270899491,-0.8963693299245019,-0.10337567190188424,-0.436298500825375,0.22853364998350564,2.49382688232892,-0.7901720815970853,4.304091461113889,-2.861266075877625,0.9733621425450104,5.635437097002438,0.7102803273825645,1.7269664940413434,2.4845413281826967,-0.02559646469565069,0.8811645219726237,1.750673479985726,1.0200078549932927,-4.609565293556604,-4.252288110813006,3.1878527039346283,0.7385569034301396,0.5097568627664115,1.9127664997922802,-3.9239276027918017,-3.4315390622966824,-4.3137239519346435
1.65735255871588,1.0062922201398588,5.216789386425531,-1.690334891404274,-0.4573849233478362,-1.3875449295396343,3.074061928470334,-2.0487137793217722,1.486258703330062,0.2312962442786163,2.1273512189066714,1.2560314466557732,-1.4834248975041129,-1.347503952729566,0.561126422159179,0.6875235923413784,2.2387299250239265,-0.47045280679885026,3.1158012172481238,-2.579303051952815,1.6355214404388034,4.26786280055474,0.6340363518072409,1.6398086245369576,2.1720055292397054,-0.006182518033711615,-0.1572693719896176,2.1428444063429084,-0.030974602726278472,-4.931818653302929,-3.4940800619445467,3.47965539402411,0.39179822605322123,-0.6174759835338656,2.4634600580068526,-2.8026646322330593,-2.499922161355023,-3.9747028052419227
0.05088229581849807,1.178537181131631,7.597420832988142,-4.291215772616344,0.5165295384273514,-0.971910476285491,4.378262549063074,-1.666804273566212,0.9008741873323859,0.41772800110201846,2.9689596633816935,1.0510445889095084,-0.3524129498115739,-1.0436477197576677,-0.08246186047086312,-0.34752035791211444,2.9068257194387668,-0.6700869309716729,3.0910110563656756,-2.5645721805627204,1.137058721418822,2.8637369000408035,1.7378454312227956,1.2109761791802254,2.1894421487228115,0.13685593918062788,0.3158446086185907,2.551873608166689,0.5545556094698696,-5.777182951317205,-4.535000999163297,3.8615887511889255,3.5755097808673924,-0.5973739629174752,2.8196054345572015,-2.675550038100768,-3.0345070149059907,-3.0882742900297346
0.3207410272607222,-0.5070691685512916,8.558333036714108,-2.7800012021258205,0.5337075569387011,-0.74572294650879,3.9848523631042654,-1.4470876774205204,1.8581745470925857,0.4269288044693904,2.6960960528883393,1.8590521451783864,-0.854772541409107,1.13489775103419,-0.4620493895167337,-1.8174290957008192,2.8981436251978288,-0.7820569018701977,1.9570726882731129,-2.923742606454866,-0.9021923253765916,1.4338264630605968,1.4822250741889405,0.11535880270187221,1.6989946457279839,0.4350595242633663,0.5230848394543788,1.829187238392666,1.7250765859042891,-4.955976900938342,-4.261314245771142,3.529699947600125,1.1996808037607836,-0.5105353840829226,2.6342711794078535,-2.200558597653918,-2.4744436562804073,-2.1448037993625584
1.345673497614918,-1.6086293833257075,7.47699961008007,-2.6724339826448973,1.1700613338061945,-1.0772571985987436,3.2136906283084916,-1.654770155172347,2.099626325985126,0.21545796801227143,2.2827790672162402,1.3163431216096015,-0.7008798041787263,2.1218139626656782,0.003615824295834409,-3.0097559318868408,2.266258604924247,-0.9256486765424523,1.0203192016032046,-2.956334425729285,-1.959088439458677,0.196611473014087,1.1461322285614248,-0.44230214939885387,1.7220705354723094,0.5466414319181163,1.4757709198186648,1.3151589786272921,3.185002823231037,-4.183605425285769,-4.304715695301696,3.5971437612246575,-0.42582425641098387,0.5611142742913968,2.885496787823336,-1.8177382509230298,-1.017519314310083,-1.609345053006987
1.9901807914252196,-1.2309455230582624,5.241813216623499,-1.8535284311818578,2.0335346961531964,-1.4774379565006275,2.076341264372309,-1.2194800929709433,2.5610569581357217,0.5725224768631403,0.8397345185767455,-0.05926558386695879,-0.9282921858911343,2.2231177026519573,1.1437347311780315,-2.620378272353607,1.0142708390225523,-0.41779739406867883,-0.08870331816479324,-2.7389252905663874,-1.9778023617917617,-1.2647320342222659,1.1111266138307638,-0.9223025976054462,1.2581595919728137,0.2039902932066827,1.1272494035015792,-0.05203235933228352,4.50328777853719,-3.232199994311094,-4.28993786406065,4.132130231725843,-1.5703387271634077,1.9521102460446624,2.8798885860521053,-2.049369332465881,0.39446577680859773,-0.5136055609638366
2.2899312520137736,-0.13036069960975458,3.181529222924727,-0.5845077648893345,2.07543518513738,-2.1461966619891037,2.1707570533051146,-0.9779787152788629,1.8076046083617956,0.7055400045932386,-1.1912107998539705,-0.829660704998513,-0.18219102065105586,1.378456301031408,2.3399765305755054,-1.682513251756595,0.3931891193347794,-0.24202096922977026,0.20247853305157065,-2.2828137865189233,-1.4982416269068866,-1.6413474143633193,1.6818061727138542,-0.5443425237359605,1.1427580118017544,0.11401707385527732,0.23209977823930286,-0.781998943779089,4.842487181325172,-2.2158662868505314,-3.6704550664783846,3.308867011444497,-2.682510729576711,1.9666759790297939,2.4667443556621533,-2.0566000313096375,1.3360071740066866,0.019590412423479725
2.638451566428514,0.4640907922308085,1.6322961360724118,-0.01964605605319772,1.7645526777574483,-2.557236989741129,2.0367354258768327,-1.305979085710724,1.6780612896937552,1.1327083775780888,-2.4999658541485372,-1.6103918685581753,-0.7560046968330918,0.557585653199414,2.7916383261130746,-0.29621437875691814,-0.32881181639501,-0.5053939890429645,0.6922342777051173,-2.194248132618448,-0.5622231084109932,-1.0082546268947032,0.6380945449375585,-0.31480801664004987,-0.2642239820030159,-0.10423714840580396,-1.453918924953812,-1.2455521143871302,3.678092184252418,-1.912686860981125,-2.8007381475370363,3.378374423290417,-3.3576541092073326,0.4776103948219663,2.264208827075299,-2.1468376519499746,1.7650534054064253,-0.1609362374411344
3.003438471161197,0.16570050088253455,4.733357254085419,-1.0408320514592733,2.3378793325926783,-2.4424745404616446,3.649182537961795,-1.0908742662867787,1.6251566125270087,-0.02311292722150542,-0.5222498024261513,-0.6082463096795433,-1.267217778740816,0.19892712105890503,1.9629693267942758,0.5541123361449439,-0.8050424634553268,-0.07295914571785593,1.0532343650569274,-3.409461322675812,1.3343026568341825,-0.5770906060673351,1.1728253515870628,0.2163478629777672,-0.7332887518365556,1.362996777723285,-3.6889583246803563,0.1949274078915936,2.618715210397264,-1.7026569755562766,-2.373520044401379,3.758413670998935,-1.5218314584434511,-0.5669375103588054,0.2702418876111479,-2.0177107425609417,0.1577763321843489,-0.21720154409913428
2.352635239605851,-0.20513970124812478,7.809261811964157,-3.429142397399557,3.093531568687776,-2.022419837399148,5.0651225181795905,-0.3955075734906011,0.8539897584367259,-0.7574570017467659,1.0245714613245411,-0.026887208490783354,-0.6130405946413687,1.900445018329072,1.524044505993456,-0.7435449633913441,0.6328847219894154,0.32633917895031006,1.315070745511967,-3.2646362687099737,0.753409671454364,-1.7502151572378155,1.3614647066107224,0.4574392859961138,0.14710116846791324,1.9794857069366374,-2.063968261087004,0.5183023013485135,2.806069349891558,-1.7559673024250149,-3.4341549559936073,3.754394498720015,0.0025681183335601737,0.03390133985691296,0.5293580571601384,-2.3885731575514266,-1.3519810532474867,-0.39043762182563285
2.220058922228345,-0.9111441964097342,6.56088581250922,-2.84736992738257,2.1640913566779894,-2.0012674341574677,3.724839244764786,-0.31949760527598686,0.20478190809356162,0.46310507122259176,-0.18985478807064768,0.42972210415565204,-1.0081614920064754,2.3417352060315313,2.01603549635225,-1.2810666000700826,0.5348098740749317,0.70283845536864,1.203301468026365,-2.3176574952252276,-0.2840669438996166,-3.1246384105195713,0.6954682482316293,-0.15031172584369376,0.7451685887275431,1.7125601710982516,-0.3634420030514767,-1.0122345579156502,3.6934410655209033,-1.5987400880701208,-3.5651390543422408,3.3801911838314718,-1.2994397837373421,-0.7201889422121185,2.20697278216737,-1.9911561715212736,0.7292142656536293,0.08950795869682515
1.9539294728254186,-1.0940997773381285,4.361551435164674,-2.3320448238872262,1.6560566912412296,-1.736271443866591,3.312960932347492,-0.016449506633730737,0.032897699841789585,1.0527417802335877,-0.9555438218104068,-0.18440431459773765,-0.981539203636128,2.70068465093094,2.801845831568799,-1.5355720351179982,0.47105422390740626,0.2691121373471476,1.1700064161631145,-2.337626552465566,-0.4347604875408043,-3.7554008209968783,0.8512720958975487,-0.1429071811669213,0.88266155315065,1.8343738366231934,-0.8290187089419908,-1.5288355130734774,3.417861471074921,-0.3789197500334076,-3.170523460899194,3.2895256260286407,-2.357301801959772,-1.2574174636599957,2.8440245379789144,-2.2825033011943567,1.9643441166620839,0.19903611719749437
1.6197946148248628,-2.217771023767925,2.593220396202899,-2.145985383983433,1.14775531043262,-1.174742931813854,3.022388607558915,-0.5852785685776021,-1.3953496766990632,1.090548080492392,-0.9616708018144744,-0.7880656278819854,-0.7648528883969048,3.1951851666435123,3.0449593931936314,-1.3855389737634203,-0.10000328843733085,-0.4683625434316467,1.0814627110788584,-2.240471004631455,-0.8098427691108688,-3.882214695346154,0.08202533107600482,0.3263897810764914,0.09004374212341143,1.8262093123774708,-0.7323016290894642,-0.7704783718997823,2.5767305285227797,-0.3721576343855036,-3.335289904046412,3.134396640845183,-3.4268118151933726,-1.6567523098282904,1.4272859178488193,-2.8236102230574636,3.0620488835457107,-0.2935761398284651
2.164403666055056,-0.9833146382136548,1.6396075278700042,-1.709454641287589,0.7479790014584577,-1.5877769109343771,1.987662432929165,-0.2380295426373006,-1.82967314839733,0.3327781449887728,0.11250803587186492,-2.391519826025981,0.296357642651764,3.2490454435313483,2.314099200674924,-1.1103479121354827,-0.17549533889458574,-0.05921192020299526,0.717177324225668,-3.0021131863891592,-0.12528208790654538,-3.962192951160914,1.2652347679866842,1.3136544194306687,0.22784096755333658,1.8194103365435963,0.06788134462550048,-1.3354494112218678,3.482983255748057,-0.37478286105514275,-4.847060738436761,4.306025359394084,-2.8771461983593927,-0.16661458718442854,-0.053356451678779074,-3.3470029631839973,3.902039392930544,-0.4245406447020792
2.7297086277625486,1.6223408342081607,1.0817866005617183,0.45561725444592893,0.5538060940486093,-2.0664238797060186,1.446208830925078,0.10091288009222782,-1.8203212352460274,-1.3867793520122222,-1.2401646125481587,-2.6668131013188807,-0.38173439318344565,1.5694334141316073,2.4529515804501925,0.03166121336402737,-0.12715328354570948,1.3879924052095753,1.1232800291003717,-2.428413955930344,0.6704973476957201,-2.3045555402426934,0.26959129421223316,2.2529375635315123,0.41506175524869826,0.7279660401533106,-0.8642454566320209,-2.0007687792427,3.6619288099716565,-0.37424620251455815,-4.754065986077279,5.4545291623398935,-3.882214321579336,0.35186222749195517,0.7237373178994095,-3.117555995315331,4.376061469928256,0.5240471186949023
2.4840084578837027,3.0811882173425564,0.0602106429256552,-0.41599487251876277,0.03586435117505774,-1.355412019011627,1.9110076797490847,-1.006678596466349,-1.621964712106206,-0.9765342031451025,-1.7343933495312354,-1.5724954594505154,-0.6169207324891228,-0.16774458031955097,2.610824534915307,1.479244094898239,-0.5404013339523843,-1.3662086413797787,2.3924179303827904,-2.6483527631767414,1.4068498969218313,-1.3675083503088898,-0.8352395787404738,3.213097729826,-1.6751590743860474,-0.7678270482737626,-2.843106379567227,-1.5171129005029782,0.6359396106978128,0.5740811694081145,-2.3379404659127436,4.780225701176073,-3.659366206673922,-2.7616888035176803,0.49890350204567396,-3.8866077192780373,2.791662021660534,0.9489434083889507
1.8291335773078272,1.937486918548759,-0.12822330557510392,-2.362513371153877,0.5499399995275807,0.07781726660303205,2.1969183828014454,-1.7833122899925857,-1.215213148964416,-0.5472517593428007,-0.9243118598694264,1.2572878437368724,-0.12349280070282806,0.7301281325244672,1.299921087734416,1.8875739816583572,-0.5622738492409468,-1.7025088548002199,3.756290946289643,-3.670116032095862,0.49079343222960936,-2.871731492422511,-1.1514390551841565,3.444328995645152,-2.4095138163008443,-0.8235862984045857,-1.842762507194492,0.06511691964627175,-0.7062443688042584,0.29915931565440307,-1.131260140269509,2.636617831409767,-2.4590294685446583,-3.1911123608316507,-0.9045516300307086,-5.171205796960573,1.5906299960012038,-0.03919591486294871
2.208779661105339,0.19945183206605946,-0.5454262835646654,-3.187028756581014,1.701608042911931,0.16222915321848919,1.4790297514111823,-1.394691414047231,-0.5113736799633452,0.029757956977312594,-0.7438445984396986,3.1138161884806497,0.41393959753651616,1.7916146223213762,0.23381029878574813,1.2299065022559423,-1.8506726860635023,-0.9973133891418018,3.8894163688835834,-4.090691290390939,-0.9240967602538377,-4.129537023195002,-0.19127320303771114,3.119214619952467,-0.6685065425927725,-1.3588307922347078,0.8156824254508896,0.9357668627271417,-0.16026514275162304,-0.5571897431847349,-0.8707212520305612,0.45026328651008285,-2.5058017051365464,-2.5785033764229266,-1.2380566484533315,-4.2879432133151365,0.7032433679247458,-0.7672902206929044
2.6884863261735963,-0.011647878548802455,-1.613678036164143,-3.1556442037645454,2.2895118326684085,-0.7012305769517363,0.2827678832740705,-1.3343964954565604,0.5451934899755383,0.704551658084558,-1.794323188781193,2.3563128311348405,0.6868449767268279,1.5952975883461775,0.5315429912658584,0.8866930762647725,-3.524982010145948,0.5118564775368742,3.1644901712895246,-3.2890087723580033,-2.217858963848061,-3.7104937477636013,0.13298370768185525,1.6522483723081829,0.8024644108037378,-3.2728643247645666,0.3601569978473209,0.4422272699130622,0.35237321492123,-2.292930946458815,-1.3022636316285305,-0.13505182800359952,-3.0456685675447397,-2.258167120602606,-0.3094039890217748,-1.8352440776671224,-0.41566909496478094,-0.7480069486622692
2.2042381194067393,0.3860646371510448,-2.079203880587517,-2.8803562529919517,2.632164278080131,-1.014399617530336,-0.5094994693404203,-1.7871078085389305,0.4984568652918894,1.265646682029855,-1.3767295220412479,0.748777290080284,0.26110525226070924,1.5152237744773145,1.199648591483662,0.69127681091796,-3.8464823591257815,0.8706738931362372,2.1113236667159074,-2.774451812782352,-1.6812046434771832,-3.508510738532179,0.5532803453023202,0.40850411461270686,1.6023479957201088,-4.22072186405818,-0.22685819674441787,0.9042473069330168,-0.26291712651421306,-3.5338706955988144,-1.5765354115337273,-0.362459065772867,-2.3650240846340767,-2.0683534756377098,-0.6641703402303931,-1.4381167841847537,-1.0244697398073335,-0.6838163562409807
1.149225880042051,1.0317096724607753,-1.7534779756010836,-2.623440019599739,2.6563251596334827,-1.1537051974065353,-0.5807428736309965,-2.1659622236701956,0.15342288536569387,1.5645864533441274,-1.81439364683382,-0.07608908195137844,-1.2040997284935067,1.3065045265230322,1.6834476853410691,-0.16810043890493206,-3.7970745587726276,2.199307335296768,1.1102006552607928,-1.68595699813659,-0.851382232149926,-3.556857662629457,0.9519489295834639,0.23587465336047903,1.2506198288608734,-3.6614750201508817,-0.6985256727452958,1.10170557079874,-0.8520098925714947,-3.38700754819921,-1.7258762172619582,-0.004226499790902741,-1.8213038032048032,-1.4970170568818848,-0.9061510913557548,-1.2088469750090935,-1.8007447713640188,-0.8778393321584559
0.36468504535685237,0.7181845996619635,-1.5723653440261611,-1.8426671801684467,2.728049560261354,-0.6922564735375636,-0.4972455321698935,-2.3798899491590113,-0.1324394218762166,1.9577989016207216,-1.8923617083140627,0.0837458328664786,-2.3732491959994144,2.242891255561645,1.6880285015830498,-0.7224659580347927,-3.733855685105691,2.765243544180625,0.09572902877060928,-1.3680680950719915,-0.1257014535588082,-2.107413943065874,0.9023945922535445,0.8979938863910277,1.4841931201434087,-1.9320807015781016,-0.6815171190666669,1.2020377438998409,-1.098031925451025,-2.922678230237973,-1.2801127113165596,0.7026391422095039,-2.325207802692892,-0.8334360695499631,-0.6569154499543266,-1.1072446969748984,-2.0211788217305457,-1.3127641333002404
0.3115445074317408,0.8970133179799594,-1.5923980478013218,-1.779769014446187,2.4960382234509733,-0.6057148719676331,-0.8312159462651908,-2.2421235376187463,-0.37384785803004744,2.7798707988791524,-1.0671404980361767,-0.5173677427611818,-2.8768608106627878,2.2727349405812625,1.8297671140703153,-0.7271544690109408,-3.2089380443302917,2.534682681231185,-0.4133871240035305,-1.356321761045984,0.878552958454833,-1.6174938347288896,0.07342759157106825,1.2949433687806915,1.4650423501705392,-1.5660165425189994,-0.5130865644448919,0.8292217416277445,-1.4136731440430155,-2.240713929660103,-1.0772301158702604,1.1857802292026873,-2.4613494016198443,-0.6750326407743167,-0.004706445904517104,-0.9698817052336526,-2.1268878569031533,-1.5598216378081982
0.05332808411261947,1.2886000583482642,-1.0494422250931545,-1.391909556268863,2.236850605662133,-0.894659051634568,-1.1640476509358593,-1.7427220688820055,-0.7014933132081286,2.4967817507537364,-0.5279782227743172,-0.7636318540078199,-3.623353374548019,1.7947498436637228,1.9050523648423907,0.08110793942795799,-2.8643815814130154,2.030709076958018,-0.39009764646016576,-1.436022328811009,2.062178502094416,-1.3153742997037479,-0.0674128205727983,2.1465317014257916,0.5285582131134953,-1.0061551882168376,-0.3604964241874117,1.285830174980221,-2.1456408644984015,-1.7153167256832969,-1.8541724011433542,1.539820422047281,-2.378932863146003,-0.1639369606010272,0.3458843259656033,-1.0805092181321643,-1.859923942419252,-1.6315821707800255
0.3757661199262801,1.8796054651466871,-0.8639187100443554,-1.3374682445287311,1.7830152040752851,-0.9545956087178586,-1.6086793566200968,-1.7150088725554662,-0.8366917007966058,1.880792360130314,-0.6352126320745443,-0.46036046005879394,-4.166022950726447,1.720944557480528,1.2788660328585597,0.22986941230216007,-2.7810597175225737,1.3356494154083367,-1.0208294960171587,-1.424854869537007,2.0583442224667206,0.08415035199864887,-0.9320794788807845,3.0740803877197274,0.16805526822644734,-0.7668219536924887,-0.8323868317367682,0.7076678286085231,-2.492531346236154,-0.9431348928720529,-1.63315765433829,1.8188905173176466,-3.28488941384825,-0.02391161275571893,0.7791565646845289,-1.1322220993033307,-1.3381698598144998,-1.4530342336008015
0.44132149219865774,1.7975878035563848,-0.7886453654678073,-2.894741881164489,1.3986764483547567,-0.7200199577873305,-1.198259403297428,-2.162283827598615,-1.600695067060991,2.0077295954569836,0.05449431311789335,0.6975777584415418,-3.831484635073983,1.19890059192414,0.5470672146503437,1.2173848631919066,-3.106410556820775,0.5844284476142311,-1.2310546116609755,-1.6509758618452102,1.5474800795753096,-0.7015082173732643,-1.160763142809847,2.507585413060113,-0.5053525251793746,-1.2235101374419497,-1.0782185394578827,0.9041105175387125,-3.239296801721993,-0.6734492046711974,-1.8625452481372748,1.28308278489708,-2.4788664245114265,-0.43137677420185133,1.1920586485151123,-1.8369838962181313,-1.837629059334244,-1.5629432922725395
0.002828171439547056,-0.0651404408548874,-0.5363475149521155,-3.1870088832801495,0.5966351846015718,-0.001696319268479185,0.19089938986238242,-1.839992134895567,-2.317361939151263,2.3934951221183014,0.5696665576538174,1.4851015962802074,-2.825690352447382,1.4911163138976211,-0.5033973287654938,0.9975188466213298,-3.0586963728363474,0.7528648619040268,-1.9151983778168178,-1.9368303928697461,0.8199258682040012,-1.5050080800355716,-0.8735928164942631,2.104012540234512,0.377759859011119,-0.9522958258960934,-0.565840715751297,1.4569130346900374,-3.446324205661996,-0.4797209396485911,-2.7639639504804645,0.2243867534306142,-2.125213133815824,-0.37317212399947236,0.16974273904490195,-1.994942616721576,-1.8681543027310634,-3.0472112583065876
0.5861713852587203,-1.9459842644553904,-0.18105456529487698,-0.8993569340677715,0.42380047802422216,-0.14455442665717375,1.0678511312328123,-0.9227506620767318,-2.0812936634223784,1.5297147322072384,0.9750012535008237,1.2139148860260924,-3.0836886458213573,2.256869852735421,-1.185030719150633,0.7497356153205582,-3.419207103521577,2.0648075561771044,-2.7355444218330067,-2.5919914716327015,0.39542514031580256,-0.047690215681742476,-0.6528151666836897,2.3854754246258643,1.572788915047472,-0.10090140340461556,0.49071072878098354,1.460883798021436,-1.421201007151919,-0.04716396137166845,-3.1533805005892352,0.28737563094012614,-2.9338637340730966,0.8376858934885427,0.8022084447533215,-0.5732341801329729,-1.304289120942855,-4.319647861796797
1.0199075403642024,0.5119815304978661,-0.5861250671287106,-0.023634402362069235,-0.6984141398327768,-1.0917863750565446,0.8384807218685771,-0.34711397334670674,-1.2087791570488304,1.5035404447196854,1.295061073587488,-0.39848753083716665,-2.8859319928736316,0.7750437776486284,-0.47563579916904075,1.3544156973595418,-3.165848313319998,1.5966247327062788,-3.6504122104158467,-3.259372530469602,1.64881497382274,0.15926449046028007,-0.3406926689832289,3.2631253572135765,2.3975048031629,-1.4662846388368032,2.158903972407355,-0.23983537562162208,-0.8076154110364792,0.5915783280898471,-3.8706686219993514,1.751859377919584,-3.354408454879091,2.1490057095649866,1.5751860419057442,-0.5440534310649282,-0.3659653082427722,-4.013648373164249
0.8528586892390182,3.108438958467217,-0.9678428777982362,-0.01905290614809065,-0.8183729594779592,-1.2795934540144946,-0.07106569809878106,-1.2014300751787517,-2.401753221169681,1.0325349220583135,0.1229364308105666,-0.9534078888051423,-3.1177586968122446,-1.0683644611437548,0.2418348509097194,1.8689663990279939,-3.102580147853586,1.397595981952994,-3.1746891300913735,-2.481051762376153,2.84516489355085,0.7192447397992772,-0.6129905456573174,2.8583844419041977,1.849437282779223,-3.245573449063817,0.6557744871803205,-0.3863472924165845,-1.9618446656942004,-0.19091261121931583,-3.140849460678777,2.195952738555444,-2.5760862928922585,1.3474747132202154,2.0817083441080513,-1.5641612041214377,-0.71065541148215,-2.8263172177524525
0.3436323171183594,3.0999045707060553,-1.321309484174957,-1.1897370534451226,-0.6010664691761047,-0.4570085282253772,0.06818663647301537,-1.8593412120549366,-2.4747814644211874,1.4288421860779388,-0.21847773942784737,0.06647839532362257,-2.9130862165756004,-1.538772916686598,-0.11319403538805622,0.7877808659200304,-2.465764888746983,1.307997426378716,-2.439270904123517,-1.4743395760104339,3.332973198486359,0.7215160990660466,-1.6727567381132977,1.9517659399058642,0.2010676407546267,-2.5003779102624177,-1.6587181901124677,0.6249548986901111,-3.360204555907304,-0.35240704356061114,-2.2044839827911265,2.616612227824869,-2.1083808454406965,-0.15246404644609748,1.2688508202560467,-1.686802035629731,-2.1987653679829697,-2.3944169179542913
0.16029753276353764,1.5945325282951774,-0.911894282960343,-1.1831137087895054,-0.34809237582672325,0.6443280166588563,0.4646854489789577,-1.2616248656474254,-1.9101074078512588,1.3042791787284795,0.126618069200878,1.9821037994678885,-2.44140741471458,-0.02027174628446468,-1.3746355352714943,0.2056785280778854,-2.166319949325127,1.6865865145659404,-1.0394719761666489,-1.1710479123801463,2.6989587705410707,-0.1867814464162978,-1.285818584266942,0.8662002894167966,-0.11348404363558315,-0.7484617964932536,-1.4590672487292946,1.0857771329617139,-3.4320814766109344,-0.21905004295261854,-2.4175398811623525,1.8672020947333494,-1.6822911498645712,0.012167657446555902,0.4666192551686381,-2.0511650391253524,-2.8594556034983465,-3.0940601440512356
0.9939141629220518,0.18440399998990953,-1.0308166184895522,-0.5240127293901877,0.11500408568233632,1.1885449002575554,0.9931510956551586,-0.5038115432952246,-1.9385850809615561,0.7952923380315204,0.19490230078954862,2.134679014562308,-2.607767477269629,1.8302259276368382,-1.7325670582822745,0.34076127518401406,-1.5414271454749613,2.442994475120181,-0.22609573013313652,-1.1895507008935813,2.003218564566087,0.34304256512259634,-1.6690081213307861,0.9196278807998404,0.6895165684300587,-0.5482926910965239,-0.9792392852572924,0.6240893113065078,-2.6229203052464576,-0.9577527512241195,-2.3583764176371416,1.5767812306270903,-1.9805812930216622,0.563077322139057,1.1306300542231686,-0.5441480198514614,-2.898722439467444,-3.60427947107572
2.069760889916139,-0.5984768334049904,-0.6477987514952293,-0.893161238967008,0.5905173926284757,-1.377595067654121,2.052935894416447,-1.7365544851011083,-1.0958422247074668,0.7809253927753164,2.4094328256071122,0.9620038971213069,-2.64652942937186,-1.656282160574906,-0.6385682655615299,1.1029584252585685,-0.38529309971550657,1.540396223077829,1.8916026732456346,-2.558275047129958,3.957351210638977,2.1107166140858387,-1.084272234661841,1.732385097980457,1.2429704272270563,-0.08030555749761026,0.020726647907086615,0.6933557069202515,-1.2118141239308737,-3.3886010140738407,-1.8169644340922801,2.1350421179248946,-0.2680466287468306,1.4220250329192534,0.04523567324024563,-1.577873078976822,-2.40068174516811,-4.250276460800661
1.689203478024523,0.739893105629001,2.1854346716002997,-3.1183807345175842,0.9784498597453805,-2.590850161724854,3.8878096639258772,-2.861462929917879,-1.4361010940401973,0.18617451231279233,3.2028173904015382,1.8610031733439012,-1.0932016489136562,-2.7615636183093946,-0.32093787014877473,1.0804258521871177,1.8170812044147078,0.47067558109381247,3.3067770387853197,-3.037190783913055,5.503233412392777,2.4876898054208203,0.8933681301488979,2.1035533694350272,2.3855618250959543,-0.7462470081701025,0.8077273358174609,2.7801581023755735,-0.2919534169990799,-4.691968308758553,-2.8900891610576833,2.3144132100932264,2.06056087624113,1.1883894750464266,0.2270650288695324,-2.3109817056690565,-3.992287201934702,-4.582923860297224
1.7452393332510048,1.6179614496134849,5.101478100775597,-4.159749426796566,1.2522648524878222,-2.9248853801140178,4.13172546319217,-2.188230314083357,-1.9788210775424044,-0.4149957823522769,3.7162062497855355,3.189356082162351,0.3126552325217293,-2.339931049366803,-1.1813347995163057,-0.4419805533112008,3.28115583208202,1.1986839182852862,3.0780649713498507,-2.669590583133908,5.529538344756222,1.9008442115820392,2.8245338561991082,1.3268337187446861,3.7158818602248203,-1.4300398413260995,1.383262992480662,2.3783643341339062,1.589188748204761,-6.214591981385674,-4.4592107543286525,2.5387509545517633,3.3158376842549373,1.577244275033681,2.778652168622518,-1.9068202238131597,-5.035533032102786,-4.413106417296827
2.9518462275917687,1.5907194238035578,5.204580501972338,-1.1152898910158555,-0.9421261465371464,-2.0392770601961643,3.0352409014315294,-2.412103989330826,-0.303149607230556,0.2809444247755273,1.9103690086217187,3.4179021096690945,-0.6216052839606998,-3.0667820418814364,-1.6503049815467508,-1.182790516835654,2.2498716224117357,1.4609683639322215,2.8299443870117527,-2.2855559643867855,5.36757577551276,1.169365101167411,2.1387733461730853,1.6014237544512537,2.631752375624652,-1.0579643056122519,0.29076993598978484,0.6620627543546338,0.7834151852886619,-5.9656286537913505,-2.8692483848330257,4.471606143824962,0.6183829854051013,0.23985652629417936,3.810727292274485,-0.843371518988969,-3.5020543297261297,-4.314493941798157
3.052720807945196,1.533981678386336,4.936306717225979,-1.36745540005777,-0.41267437662369216,-1.2344583139435488,3.1164706797109516,-2.5715398507567215,0.5614215252015531,1.0159875967982088,1.1857214376675669,3.329494957746663,-1.535082287962691,-3.6796923632261347,-1.309808615176416,-1.4799574832418831,2.0592180484711586,0.8081015663956567,2.9915319240641876,-2.165251646591612,5.387826864851812,0.003964752032904417,2.6609369592470986,0.8034756745742346,1.119648513130879,-0.6858594035052148,0.05921749067859722,1.3825835986962531,-0.013151757672595521,-5.2958325447091195,-2.336159335748349,4.883852150372813,1.0753338924279208,-0.7694213104304652,3.4391931076726228,-1.6787470398645623,-3.057501900726101,-3.657776428285111
1.9098845190945921,1.0857089581084125,5.954199363995448,-1.461309209252388,0.15067007636499724,-0.5750183856043479,3.9798089997674935,-2.4602181350293195,0.6183638064499781,0.751235493730228,0.5685665565314888,3.745509251182505,-1.364800542278846,-2.215420431510888,-1.6044689866619795,-2.352819660770595,2.34980930067077,0.6541658944252354,3.2023039944969236,-2.408545767361607,5.390592263082799,-1.2301729153973393,2.719555601147862,1.4559639153612658,1.602717465686699,-0.5351396017562153,0.4629366205386274,1.5639540521067534,-0.03364308331319865,-5.284457044577148,-2.966578295679671,4.168111185249072,0.3587628735497325,-0.32092416118630956,2.893985168502386,-1.981653441211724,-3.089184044530728,-2.6322456392176106
2.206115556070877,0.7300355528776123,5.172554156929429,-0.5612328051496104,0.8559403338471332,-0.4612580131690787,3.937045996732111,-2.3967852293563507,0.9717163715137737,0.3510814344433953,-0.24016351444559303,3.3367448596737055,-1.7628238610915665,-1.0075816064148846,-1.624527340586763,-2.8764819006589377,2.383245859193465,1.219432025521629,2.731172754470554,-2.6382723406597037,4.453616264298778,-1.8653718957042393,3.2009369018186185,1.5231011334340363,1.3244843692712263,-0.31147412925584894,1.348259976916134,1.3347130403558107,0.6510243899629072,-4.494400083492566,-3.0767296042885683,4.1110942082359845,-0.6519718493775274,-0.5053237861763258,3.499785178222457,-1.3972489998361077,-2.7735644010962877,-2.2031747189048954
1.6438829093858232,0.9750731343649901,4.073936870630476,0.0010592336580891107,1.5574774083351797,-0.05683269884401676,2.5457931362014357,-1.3658036013296369,1.0651736782850172,0.43832725328294164,-1.864502269475311,2.9079207666542093,-2.2729532380019775,-0.1278572738404627,-1.5782281627855066,-3.004619298920252,1.8699891786486154,1.1201391346794578,2.9809401102162982,-2.628820618061855,4.311656549724316,-2.3380234190743345,2.591305496852907,1.6774030965839948,1.1129768509244389,-0.5590798076918082,0.9542612328320323,0.2808766806781594,0.7314700133622947,-2.9779763061958167,-3.1185182324009655,3.769996255680012,-2.0375486169408745,-1.1050360141585698,3.6375757754632057,-1.647104485035569,-2.283252362637352,-2.3278499234920584
1.2654398948994174,0.9682411527695771,1.3390550993609374,0.1680893075614095,2.190093662633722,-0.04438461430703056,1.9332598399350107,-1.1561373893243585,0.8072476405400028,0.5668713377074268,-2.6637795989077975,2.112750999549115,-2.567994139067649,0.015930373974088936,-0.5518901089225228,-3.0395387973404255,1.169054018350313,0.027659186430913932,3.678558195197927,-2.869243675983775,3.1500307897396325,-2.1215056949571207,1.5565408514775,1.7447564004263945,0.5716248046299979,-0.8972797324398805,0.42658812706804633,-0.5841629910467001,-0.3471709890988377,-1.5547698058089967,-2.8603751613171977,2.541611798657135,-2.9640958878124932,-0.9013749394093036,3.9422040657685997,-2.083307623644387,-2.0343067369200183,-1.1769281223062542
0.8154104513994624,1.0167498788875573,-0.15583573205234758,-0.17453086037747229,2.397102341063653,-0.5823120257682749,1.1374109736586329,-1.2390558950860577,0.03392665987531535,0.9685831698212978,-2.567707222210475,1.1458964757761154,-2.831151051785941,-0.9387731710524141,0.32595695798667823,-2.1434416996187595,0.46382790275520935,-1.367613145065708,3.6677914836725045,-3.4690050726805355,2.3710599901799707,-1.5720011419356141,0.31331037315892213,1.8163966365197974,-1.2704888960439917,-2.207341062145279,-0.6158314009591225,-0.29590261354053393,-0.8935253971752423,-0.9797940862119574,-3.068268884576951,2.4764481109182794,-3.290541997429059,-1.4957933656986937,2.9458879003426475,-1.7367465461393365,-1.376213725043672,-1.0134961389660488
0.296226846602464,0.3441701118948586,-0.6202901005280741,0.7285335377758119,2.789505440728406,-0.6202191363642285,1.285723920850612,-1.5768403475403803,0.048436371732342595,0.06104368483179179,-1.569036112437916,1.4395563654310881,-3.6162302026837616,-0.18214282784421837,-0.16469390390550628,-1.930245080139532,-0.2550779099194824,-0.8581996359390003,3.3861595399778324,-3.667850543439874,1.556779394454911,-0.6703031870315288,-0.20648984952179947,1.7873821617908296,-2.3328081596869943,-0.8085720687977078,-1.4303901918893513,0.02688553685166828,-1.3290636034112466,-0.8534321447782826,-2.586064953743177,1.9474301319041583,-3.5278943619841923,-0.6401802302686777,1.6784831528117188,-1.5889458874944324,-1.9537280179694692,-1.78120315456699
1.9981254155892447,-0.5203410999553107,-0.37660021692950424,-0.33162761459255,2.998185196018222,-0.6842359018017328,0.28494130199409956,-1.5485039896951802,0.018907920355067373,0.0022451994644507815,0.1331627273868412,2.825740205464833,-3.670349981473369,-0.316431993606325,-0.19492929563747205,-0.11221255217235626,-0.34612752682875225,-0.26009306077828853,1.964894220345733,-4.212510392963081,1.4362969637508083,0.11154700584080571,-0.3530839704262819,1.5293181053792402,-1.8093730326141997,-0.8844088995849696,-1.8090055500371593,-0.8812075753648134,-0.8657516658794284,-0.8181653299808757,-2.3573751803744503,1.793705173919438,-4.035595408455661,-0.7248123005684219,1.7591833877647356,-1.1435707405536109,-1.681613674463958,-2.4558056375228574
3.7403655415979027,-1.7950139648074315,0.33648832509330756,-2.206164113179682,2.359031180003208,-0.9019687724781252,0.7119955572738967,-2.1731647957894,0.7172645467763832,1.4626175616488144,1.8728479239040103,3.1203705092904337,-2.6066334437180663,-0.23664697238026278,-0.054278686578733915,-0.062200740242345134,-0.8314078291794398,-1.046120675736909,-0.19431286916655127,-5.262193684117856,1.5606597640777007,-0.504420251992164,0.44698960787654274,0.9124361927269764,-1.3677244916713276,-0.8469104182124094,-1.1674898417189346,0.04256531927786048,-0.0872309996758181,-0.9665504939717104,-2.138247343420196,1.7487737959468332,-2.963621688314693,-0.47613898108917674,0.9087644062926276,-1.621054595629264,-1.4949099112228916,-2.799106348180312
3.6534367279812887,-1.6984453040556418,0.013928902756767912,-2.088145034533749,1.905545867185587,-1.718461471124097,0.46587597150127463,-2.0897496831062963,1.826198951286831,2.1905998771570068,0.6479499094169243,2.129786819816917,-1.3882113514160006,1.247747529677742,0.15022838625195406,-0.29278403950578696,-0.8561546997838799,-1.6412864558192344,-2.638898159825433,-4.680190067710779,0.16326187481435744,-2.5778135810986536,1.4825966680821894,0.26101527917476175,-0.2984763819098355,-1.2772141348553918,1.2407768345201309,0.7993669512258442,1.695473025615544,-0.42842799398522186,-4.000621922534318,1.591555868980854,-3.242242095946448,1.3456401222058343,1.500628874379103,-1.9064073581979881,0.13781431323725712,-2.121233142344377
2.935812506725085,-0.8869940433424802,-0.615149929857359,0.5913741931201463,1.8137198267222074,-3.254391816120357,-0.541974270766211,-1.60619248402448,1.0129776083705448,1.8093528453697907,-1.0568062373155116,0.3160997517195414,-1.5941178783493573,0.2944904236865252,0.6321493513740102,1.2708912283970082,-2.0207164681486876,-0.2737056128912002,-3.8689582272478056,-4.011604703226717,-0.2746645243634752,-2.5347169941525345,2.5511900005335306,-0.9389720071235175,-0.17967345937574158,-1.7052399539285297,1.3424220800938889,0.9764209335598951,3.0547400751580067,-0.9648506457057652,-4.670410349321489,1.8072882165743345,-3.6237197622758757,2.8527910080290066,2.6120466294423546,-3.121027192768771,1.6923689128803159,-0.9422257835208003
1.4753432085323448,2.0115797676465172,-1.7455304293134866,1.2295669802059663,1.2559297312111253,-3.3031074277673658,0.39044533487339533,-1.2566908256293938,-0.10385777122714591,0.6510845599077686,-2.5236296874677135,-1.6375682016458881,-2.192445505459327,-1.0791128071761926,1.600571327566755,1.8903849963925725,-2.350449701027982,-0.0010761948084108547,-3.374920214217538,-2.699651867758826,0.6015411985705862,-0.9046654291579532,1.608056315913047,1.0292895313860402,0.5129140842143886,-2.2090504232887764,-0.4532200762766557,0.36871070980983206,1.9055604735487073,-0.908594133800591,-4.38132430680429,2.272218135376812,-4.9819251704670275,1.8218471300965668,2.841838090038314,-3.3336601060463047,1.574814073839264,-0.48257693171637334
0.25386644299758065,2.40958574800906,-1.8936562563501511,-1.2174752016884387,0.3792057295847009,-2.0293779647694046,0.9032628912630449,-1.4873952792570342,-1.8864764209273621,1.4496583605969051,-2.826793990969251,-0.9500860666189067,-2.4688142729591798,-1.1763478855976328,1.7902410663855468,1.5504602637399978,-2.093977649176497,-0.9239849371534175,-2.9865507433546195,-2.1975677059003997,0.9460815179460362,-1.0348487023974398,0.3323755456186231,2.316905747727303,-0.9470813857759305,-3.6069138350580974,-2.17580726230549,1.2099779263941106,-1.6581059494857242,-0.3023446808656272,-2.930049534311503,1.8745503040191511,-3.329036650538163,-0.48888901726440365,1.5196790740154968,-3.2939748125018187,0.6122243191075268,-1.6014788215072655
-0.2663843594826403,-0.04481491686392894,-1.706748529548861,-1.3033629739166308,0.1918419514538271,-0.22677370092380592,1.5611684812138191,-1.3222798063511743,-1.4831907518705747,1.9223766015856065,-1.5677909930340688,0.5942110201741819,-2.476016473171638,0.2055145502945167,0.4036241581611682,0.7272815959677408,-2.342643777161228,0.6765839490210864,-2.720743404008527,-2.6025635444424817,0.9373292640344342,-1.797962932828784,-0.19640102279182559,1.8970976096952445,-1.0673189932883898,-2.1815542819050022,-1.653743826710315,2.0927873902882648,-1.5532495491728615,0.20304956549869907,-2.5954721865378927,1.5515859816123645,-2.555922409185469,1.1058261047287983,-0.0745694662430804,-2.5310079735501456,-0.2761045421463717,-2.939597452346335
-0.06514579410963836,-0.1300764486334277,-1.4822532131175203,0.3376073280466469,0.4372738030388724,0.49995300280834554,1.0511443206534032,-0.8225471186535283,-1.710233961728371,0.28704654958854203,-2.252754601092664,0.054732031217179164,-2.6330519463566526,1.1002972315446575,-0.5249428196615376,0.13099176517106323,-3.070392300646658,1.7708434916412525,-1.9979553493034667,-2.0379487701648458,1.7200133335966281,-0.7502284172245268,0.052678249986902424,2.2211875403761634,-0.11719191692417892,-1.1860604038151876,-0.5036638780232757,1.3198881710401278,-0.4117747362845062,0.3757682684763313,-2.8967420341985344,1.5701006422011057,-3.6187489080217605,1.6287208309712335,-0.3943158705530675,-1.2062201518181357,-0.9734704567943062,-3.681672742551473
0.9184339586912754,2.041482596049046,-1.869279879184499,1.056598910332002,0.5336133279208015,0.02110512976765805,0.416947723513194,-0.6875021205131414,-1.9920681516434506,-0.038166563543068334,-2.4171803145248054,-0.5709025360324418,-2.6808990170544464,0.6042654764261122,-0.8672954490195249,0.5758434801620229,-3.026490324270186,1.2471382205757608,-0.6575321331583706,-1.4382076482419552,2.461965443559609,0.37151979692719317,-1.4438598011988142,2.9258345515012274,-0.6089267732170958,-2.062223720267384,-1.130722753343394,-0.18498392951999013,-0.5871445705413914,0.370160718335017,-2.9261656291791276,2.1445431018085337,-4.317203911610844,0.7781525960697132,0.7967941839281991,-0.17133342337092466,-1.1450220654449894,-2.7033453678345336
1.4865601463605098,2.8914059758184827,-2.104288151072609,-0.4055507403801762,0.6753047179851898,0.4111120999256768,-0.00036179173009087684,-1.5921043437022018,-2.7203316974891347,0.41846551475920124,-1.4974917245459212,0.10540216583503084,-2.1464440689716944,-0.3122941183767882,-0.9857441334632265,0.6510564156754861,-2.615885053723344,-0.20767031427719132,0.6253103756989191,-1.2570574525011171,2.236568888148488,0.1917198779614393,-2.0918462181870305,1.8372040173560242,-1.5937315352899082,-2.1960203841398522,-2.772840917567858,-0.0927888733537985,-2.4789144555577827,0.5205535536663224,-2.735931471241428,1.7485689564634606,-2.49055046884037,-0.5835649562763643,0.825526463385076,-1.242012340732822,-1.8701141311049605,-2.6978219353947805
1.7225874726811865,0.9743631677170022,-1.5371311146056335,-0.6061630107382595,0.8244350245375909,1.004398621353812,0.5843510344615559,-1.0027341940503385,-2.295833346675586,1.3667869898866098,-0.4450630281396951,1.2985529523984407,-1.9641358399687727,0.6391343369114817,-1.5586588872398506,0.4452944137200585,-1.8276911483396392,0.3042978442994755,1.2329808669541023,-1.8792489051329642,0.7217199514911161,0.37684796397153963,-2.7610742909756216,1.291750756971708,-1.6876466987155836,-1.283607534989153,-3.070983244651252,0.7521904623626255,-2.1544602946736653,-0.2506308082904572,-2.661090737549765,1.352103176748444,-2.4649665323299543,-0.3512330406006573,0.1666215300596639,-0.9182242086638602,-2.5644416033964803,-3.2494579874507576
3.485612191040947,-1.6591013082221693,-1.3856212241811423,-1.0880031614042,1.306636134367545,-0.5252040666564277,2.191315963558345,-2.129733998287402,-1.768568603068084,0.7628719064738542,0.9639737165750761,2.6924746590272934,-2.055558268735394,0.08272507626606748,-1.1403870751662446,0.41792639004134535,-1.771815900295133,-0.5222172846991715,1.4122289228144251,-3.4134191888952627,0.483167282906122,1.6917839349347898,-2.482211809177882,0.42796291500991385,-0.4753754501297746,0.4641468282244408,-2.0959275483603776,0.30734541741851407,-0.8460881241182714,-1.2049780522804183,-2.0555598079866497,1.2458940333099364,-2.139132933834084,1.1287404807313868,-0.4095511115517888,-1.5076307991882474,-2.266236828870937,-4.795794889593911
2.9827682677394236,-1.3100724294861164,1.0384711113598382,-3.122010994969785,2.5946491611501776,-2.5495045437671946,4.235696492077215,-2.811380824569403,-0.4314381465968017,0.5058719735642434,3.490168311748527,1.2251744710843728,0.0730070910469981,-0.741125412104259,-0.5518831232880478,0.47620243727245665,1.695475912055534,-2.2207153831202913,2.8441061674314034,-4.47142328030728,2.6535345694183734,2.9630098180870843,0.1071757183151982,1.5221634830026156,0.313703505623688,-0.2655342918075093,0.19945874496856128,1.5762694746905601,2.8454807213911084,-1.418324093634225,-4.05541850625834,2.5168209155333203,1.6451538775074674,3.168296965280575,-2.8256411719392465,-2.1465613878581133,-3.037472320954634,-3.9176894931208692
2.9183721136593785,1.9454530724371086,4.989479048222873,-4.279914285848512,3.195605763725675,-3.5887468042079895,2.941870446137548,-1.6389569257717058,1.121053946759221,-0.553371017476096,3.1460939436376054,1.8517291912644507,1.6494414474251773,-1.1194703350026718,-0.4402567120557708,-0.05955970847682446,3.0375229567191955,-1.493219464300694,2.0750345817876124,-3.7816056949002896,1.726693687531442,1.9545367236033468,2.0286254428997283,0.9022963448051201,1.57846980615909,-1.748096068950523,1.1757177677838,1.7992001204514454,5.8881913214448645,-2.4329742362142133,-5.5773639178585315,2.799023676790192,2.377944766229168,4.5924426592782766,-0.7031342153315855,-1.7570026200201752,-4.085210299174043,-3.5949728075108505
3.5271675947077035,1.151537299236526,5.138394744044599,-0.5382063627947298,2.712832009823884,-3.4344729889248207,1.6232974032453342,-2.20318803049086,2.5224225686952706,0.9503958832197444,0.3808188982676365,2.8264261081099367,0.5660532878884761,-0.5946257642111892,-0.34703321790998487,-0.6059928180555207,1.505453382872658,-1.6335717908298173,0.21855800350618965,-2.9279116321468717,0.7225727972140962,0.8595655017146557,1.5926579133297212,-0.36691068029059726,0.6636682953714371,-1.5500014673661693,0.5954937427299074,-0.12587934643467924,6.176510126797584,-2.5339437181524227,-3.7848080919343174,2.5228326098508203,0.4924933397146317,4.065692031480633,1.3179244617539925,-1.9445964531630384,-2.5214939627355113,-2.213622759736218
4.811623992749261,1.4444798021250305,3.428315949615581,-0.13027833380594944,2.3345838033434974,-3.7278301037763604,2.8491644798095304,-1.6509659770869693,2.137115533904599,0.48555899267621877,0.5502740186891253,2.2894852018045015,0.05845192229923808,0.10986161526630779,0.7346168560002527,0.23601565249909903,1.282507116651894,-1.4895687362253078,-0.4584557570989809,-2.455206261805966,3.055861533952639,0.04218030084479141,2.0531960907063556,-0.42404497814818093,0.312525023634778,-0.6296109718717234,-0.22113334822201258,-0.8148099297225088,5.659617773883081,-2.082875581825265,-2.585012726393894,1.4245092169825142,-1.5451093096738089,4.304890941423778,1.4477426706726397,-1.5307364428668213,-1.30269680610447,-1.013090987503657
4.12297162320774,1.6018910424024955,2.8136735520257394,0.1321066590069,1.9026328551281726,-2.6701312979316754,2.081126464657835,-1.7020199358491066,1.2863095469616,1.9444795162136146,-1.0289143153135252,2.7461896359154716,-1.2765527242707437,-1.5396341654986476,0.9477812364248129,0.4795489401914023,0.9870378575868932,-2.01096647622416,-0.20289811729350973,-2.508545064395288,3.0306908841512796,-1.1161855296052365,2.3521518070965737,-0.5993986159024202,-1.4167179032959363,-0.4655340771436619,-1.2925117874343013,-1.4204863209838263,4.4223615798935185,-1.198252640249964,-1.8097757288732543,1.8439941849307655,-1.8178153515772026,1.6435511062136015,1.3049640725816514,-1.6745465055559536,-0.5634983156772575,-0.8505949623508468
3.147836188933906,0.5884112112501599,2.199598585926657,1.10814367353557,1.9717346330065713,-1.780842709200196,2.2520119722984235,-2.125318177928396,0.5767606905823676,2.471801280139204,-1.7296675927354046,2.87893055471045,-1.3995185588379724,-0.3439334646265305,0.7301860626891109,-0.18369097802681383,0.6873844335333452,-1.9972862522522945,0.4964914038072322,-3.19514954188335,2.2258676953404604,-2.739890594378353,1.9436798150748738,-0.6254714721409349,-2.078263498775602,-0.3832041052652265,-0.7497478686720527,-0.9166210301823181,2.795198477806287,-0.5357186559220534,-2.0409204212032686,1.641898728937125,-1.7227736471857158,1.6592384690007718,0.870399903599765,-2.473580119552751,0.2235954167802674,-0.627870051197537
2.707242193903299,-0.6059075651354688,1.159868420906381,0.5367611601060581,1.600838512522454,-0.8459730417023384,2.69855820042474,-1.5996854452168106,-0.6004727606236269,1.236353586826168,-1.1673908462647145,1.7723991345735493,-1.4120336244019078,0.7333346337571304,0.8565768902459563,-0.6581821720475706,0.796999272496743,-1.673243405479535,1.3349736032009163,-3.4788091005242125,1.6413570550258132,-2.4568980538525724,1.181415755671328,0.9917636862670207,-2.1369343259948086,-0.4317521380370184,-0.7503893651360146,-0.9929565273601318,2.700143707268656,-0.15275663719780774,-2.5504750812915447,1.7431211066921968,-3.2230218369620256,1.7759670516496993,0.241527106962643,-1.8121858180595898,0.16726880734197758,-0.9927134650667659
3.4122384037914406,-0.55492947112844,-0.0483436795660056,0.3157103998436525,0.5723076050682949,-0.7514669836954394,1.5820729863759457,-1.3720793088929877,-1.193201059578612,0.13163757002798357,-1.2834149370442285,-0.3575535953691308,-0.964594516350183,1.02646720366435,0.8850424620508067,-1.2071668753924685,0.6662949604553946,-2.068710163360816,0.9766690393985222,-2.7241017288241243,2.062380075915001,-1.856161579481073,0.14743809445550576,1.1835042418087303,-1.935578410399868,-0.837844462211148,-1.0389936546999832,-2.1300441725827652,3.4874172179678813,0.5851596269485518,-3.364553866171705,3.01950145598997,-3.6249585591125513,2.2641125356252756,0.38573563390131443,-1.044334038710857,1.2821892589784039,-1.5133323894552806
3.499244534265939,0.7198115890464809,0.014264347681075894,0.544335001176579,0.2964347913903561,-0.5183461848575087,1.0703852484359222,-1.3046749932739612,-1.635179762771724,-0.9045350916817221,-0.7668125593388837,-0.9515335493855162,-0.7948676245886277,0.5098776570112266,1.2824301127361832,-0.1309404404409075,1.1935614016698683,-1.769946314607204,1.2019346912031854,-2.2285872254332846,2.4466091022068808,-1.636804135418471,0.1918561857456166,1.416799762493925,-1.861270836401785,-0.9248722137237719,-2.111886201484622,-2.8389359057520616,3.6905726742765164,1.4036776016748274,-3.265124089303819,3.661114706180932,-3.258046750862744,2.327797105592914,-0.48373164621591924,-1.9245958892867459,1.171480022545919,-0.3932110276320919
3.4987843147189412,1.5456703283377056,0.07359211314695271,0.4553033953332636,-0.07252211806498593,-0.3940114857650284,1.0180419373738845,-1.172221674511833,-1.6572949243451671,-1.018884392112654,-1.0639584696942714,-0.5216750238737176,-1.3168890312819659,-0.1193888903173483,2.0564582522002683,0.1864751355817384,0.5801501907022181,-2.4612555326798145,1.3309174701899262,-2.0720649088731866,2.8755331315205472,-1.72119796170825,-0.2005903373379471,2.567825493733977,-2.362217093303115,-1.7258959019563094,-2.8636896656421866,-2.8225398818893908,2.797219239530887,1.8332864421851955,-2.3465776241551213,3.867441890709867,-2.765819531674421,1.5386780251810013,-0.7096890304203656,-2.1868387376706653,1.140478755413726,-0.018120001528332708
3.186049101207366,1.3773241738477102,0.3386725312509677,0.3818221140850668,0.3417206090693412,0.18127193131220537,1.509838884646086,-1.607909391191839,-1.818273711448894,-1.159821660807353,-1.5831432543963164,0.6534184230793191,-1.4624663428582498,-0.36906607316412754,1.7261001132180485,0.9043104815831722,0.5451994778061436,-2.4731399774404252,1.662708741459468,-2.0154720556499064,2.2854084190468518,-1.7091608595811651,-0.20585956839163636,2.5287500317263927,-2.7753545800982393,-1.5969520762160108,-3.3270980315464325,-2.119688439406061,2.030106927933092,1.9205683580915698,-1.7689470238003997,3.5414217847488456,-2.117563669427021,0.19407781960201928,-1.2698959937436582,-2.3509443254542717,0.6554344176023995,-0.3139089833111213
3.282553046740994,-0.6220527469959072,0.6393443628545847,0.43097940061148426,0.36124700421094685,0.521724919419953,2.4752710665397,-1.43463149366753,-1.5720921670919248,-1.2845085771721212,-1.477660458442809,1.2492240780480022,-2.0463542976574662,0.5497893702033533,1.668591522950889,0.03501029690433903,0.424168710623702,-2.212188561974395,2.222739848555751,-1.793969248921461,1.8048845035102357,-1.7040507698811587,-0.5472332573376028,2.3843525886876864,-2.849670074009615,-0.5985704200542754,-3.064861948233361,-1.425310828100262,1.431765481520425,1.9198425824434582,-1.5634276348140916,2.855590980194798,-2.16587778199226,0.4097974384317474,-1.9436621797901457,-1.8155308016652967,-0.46550170798129054,-1.0904228497395032
3.9033140291283654,-1.1279479844030393,0.23497617300832868,0.38172010181891,-0.4005764335230026,0.49918525771192296,2.359466272448893,-1.0550971332631243,-1.6070033367563203,-1.3399906532328723,-0.18205995359991917,0.6580152533481289,-1.6888182570748274,0.8289812110174537,1.225535106623688,-1.093145385138089,1.4993769472259337,-1.9358266762465395,2.2138508372066137,-1.88392248156171,1.6281755529002055,-1.2761620554410673,-0.14511600907939914,2.649864702754837,-2.4414145177812485,-0.32319936169189406,-2.3685878004000434,-1.2449247190019406,2.496710455591877,1.785571614909393,-1.718035433954258,3.408664192236417,-1.7942673532804296,0.9004807306498567,-2.6034937814543304,-0.7240177799837313,0.3720387256876023,-1.6018653028383179
4.2467681112692865,-1.1221076902803813,0.3206860224652466,-0.48821716696613726,-0.6069624097848926,0.4911582345580265,1.5351938301679542,-0.5173104249447256,-1.663429992999225,-1.1413136563565516,0.6077337888269206,0.251843374007371,-0.7828260271003695,0.9682878326255178,1.0212332966242461,-0.9389821497578121,2.2416809976930367,-1.6644811180056829,2.172990689093487,-2.0525592686360006,1.6977155568131603,-1.1923501745953677,-0.39824335275233075,2.0692974439797385,-1.8749936979993138,-0.4820161349743109,-2.011569040830973,-1.1068111807244403,3.5545897728603313,1.585291077255975,-2.142304349939673,4.5004134237028035,-1.7757530368903673,1.347195257046523,-3.1763557463608234,-0.8524595917494316,1.1484555171086703,-1.976283176058826
5.006682421975861,-0.03993911346566181,1.0834232899657827,-1.436948510603936,-0.39635477542690917,0.18655561652871383,1.1091171161230295,-0.8298986733633958,-1.288388583452909,-1.9382425257346816,1.2748467144312263,-0.10190395555887372,0.0789773597330047,0.9483394488717515,0.9681536610687697,-0.97261769014855,2.418839267277222,-0.7722373125356361,1.3295712881281478,-1.9738613992924747,2.1176636586528215,-1.3244600579136163,0.10253576838724084,1.6080895367597103,-1.0576115996802966,-0.8349549268361482,-1.750334346428834,-1.6129758914090755,4.33368540392258,1.3195371312926794,-2.333529327698419,5.443972881579624,-1.5516266924907454,2.211112938560536,-3.469507158641495,-1.4335435360649513,1.2119835137549775,-1.5274151066909634
5.156166141225008,-0.1881033185867722,1.3113696591942998,-1.4722751482443628,-0.6930443641904327,0.5072423082095516,1.3856954417001364,-1.0231121664193792,-0.8340967177035913,-1.9920700704289789,0.8201167224722623,0.40368129493578664,0.09189855382974127,0.5251291914086286,1.4643140439264313,-0.6654703910104243,2.0473479466870326,-0.10783938507237963,0.40647339054934256,-1.4813736233491255,2.9352937318303236,-1.7665508580525038,-0.12961603072556568,1.74347609737727,-0.781530933018153,-1.0007959659508545,-2.0512937133939393,-2.0550426875304133,4.850656632777698,0.8928159092994877,-1.179045940088697,5.604807989896621,-2.3458490541959334,2.638445279790303,-3.7535014360006196,-1.6507849086801072,1.3832927329438027,-1.0218384852946827
5.862648931321283,-0.21401054279860252,0.9753094227012914,-1.6407029507758821,-0.79582063405489,0.7687950819830942,1.0709260411087969,-1.2778828273042202,-1.0070840512919927,-2.1184358008892077,0.6354058312067716,0.5347696336497549,0.06240678486938339,0.46095350480228114,1.530121545789474,-0.631407855819001,2.5953874197694975,0.2712192758077808,-0.4699564919061884,-1.4282181618723229,3.678412794108635,-2.0801797142405634,0.1125132537382478,0.9848071953381374,-0.31855576968057403,-0.8727350598852248,-2.0053456760329103,-2.4666718390364726,5.258770660628471,1.1951522865986004,-0.3128227747244391,5.588085009549401,-2.5227611208012486,2.4152760760536602,-4.124034650764416,-2.229127417265985,1.6533115082619174,-0.1217425176517416
6.104484740501634,0.2196302011831153,0.33483758837819405,-1.8538242844083455,-1.3897687491999915,1.2526694697000962,1.5716591070979233,-1.1834947724894374,-0.48609484409908815,-1.479390081504816,-0.19070109868651208,1.2003828532404184,0.4237223530786285,1.147907933348722,2.2524724471352093,-0.7957533093130178,3.034754471795791,0.5567544269442363,-0.7338015018698921,-1.3735901784405595,4.025559424985682,-2.4059251500815866,0.38848263852589676,0.29914606654345804,-0.09153016466470323,-0.6943746468194842,-1.7526480222708922,-2.2439794173571297,4.8806490668420315,1.3855399036162728,-0.13542221755928185,5.666693614584742,-2.426996263929433,2.023000842257591,-4.378624986991712,-2.1957225250567247,1.6069171251410892,-0.1984791919363757
6.410715050042224,0.4431339607803695,0.6417330367070052,-1.680704003928805,-1.4118958913931843,1.4356022094475787,1.3412318829522127,-0.5202038922717025,-0.6074916132658982,-0.9314761511600143,0.2580394347548734,1.042109139784892,1.1769821029149907,1.486703592250252,1.9007714865084389,-1.3270047908260285,3.160709122371622,0.31554165554981706,-1.288269014688836,-1.39232594854918,4.702722326560645,-2.9815678478427685,0.9200035433692667,0.14639015045280254,0.08242439825951736,-0.5046299981470971,-1.4658846860372305,-1.8918467490943027,4.943663470887039,1.250027020880883,0.12525418174871666,5.850074883917056,-2.4065421702367003,1.9087619643911506,-4.648832560015365,-2.3488829192294713,1.6252140682023195,-0.051442116222531586
6.416316714263163,-0.4042337429591707,0.82051709590906,-1.7175282632972388,-0.9604756240250049,1.4640496932216225,0.8990725036655923,-0.5930552586642488,-0.6452823036816617,-1.2433236337134195,-0.42000302445281723,1.1983269913801822,1.5024080107473519,1.2100651454611444,1.4966695441438127,-1.3262596100957929,3.5630259905810453,1.0065833863464255,-0.78291240039103,-1.0398665943166283,4.303809864374559,-3.302961723406311,1.065695199005185,-0.7319898728654474,-0.018586603332787777,-0.023545281533024293,-1.1324455708733796,-1.5465708988433442,5.375414169025257,1.4082369115693378,0.2012878434888457,5.723003848128052,-2.489168195686721,1.3683493528274562,-4.212419437574694,-1.9896778912307433,2.1424034561056216,0.2886081683670899
6.53502994737822,-0.5096235709092849,-0.3811703922113774,-2.4910980063261636,-0.5403680006053501,1.9533151742258896,1.1488134509987926,-0.12383661841520369,-0.5320355716117815,-0.880588460784699,-0.17022209562177637,0.46047574731393714,1.8301357278696366,1.5065251493452463,2.667355034665954,-1.7915871590783097,3.087659366404045,0.59061830310654,-0.8858654823022419,-0.6947936485106907,4.264394038142785,-3.4651540176886537,0.7217572762399177,-0.7900589839196547,0.11320586785320638,-0.07470819373450838,-1.236262526955023,-2.232001485008252,5.022838167869117,1.2722156572599441,1.1140243230051614,5.357999636136079,-2.9278862435063697,1.0939536506380096,-3.8826777836146884,-1.6435507258195547,2.7014891168573523,0.8688489521575443
6.326840675464084,0.14204706113562016,-0.8196088767908304,-2.7006447885753824,-1.2132213743635958,1.9620385159683649,0.8329961665597434,-0.1645193400729218,-1.1259377625602298,0.3763155694391808,-0.1832115002472072,0.6698069734125497,2.0927136254922494,1.2589140207552052,2.911869279315709,-1.7235866252919132,3.173978829583762,1.7397941946901159,-0.44697026700490494,-0.49526516928866604,4.456183373270218,-2.878609301882807,0.5442810767556521,-1.4985693038025945,0.10409369522144238,-0.4059112973104886,-1.8078274411654003,-1.6881316382726643,4.488875130521717,0.49381968786454045,2.342325752702787,5.5601899125037395,-2.288991627404341,0.7503754117298169,-4.914556270587074,-2.0439223052337137,2.8332325581440623,1.6164601354247417
6.024841567394458,0.04142545370331166,-0.29296037204952347,-3.464762769165984,-0.7770367917460896,1.9757692294381646,1.109802212355261,-0.4656609172720705,-1.4162839224036001,0.675916968533414,1.6849016808666148,1.4237251131251072,2.400099375818237,1.5592983201358361,2.93368422147751,-2.3974061829695095,3.227288333683935,1.3984161122692313,-0.9130245206841071,-0.15916404089058853,5.55821248031799,-2.577088022005156,0.8436557376339855,-2.8061452699996217,1.0233930317237028,0.7927600693014463,-0.9960129589445041,-0.611624417603431,4.452378824922673,0.8455514455711101,2.9070387814674876,5.577675664756908,-1.915324134463975,0.5560562887745317,-5.946549215680684,-2.497144590640485,1.5745091788566121,1.44958049206678
6.48286036916452,-0.03794657324682155,0.032969789725299126,-4.329734193806182,-0.26090150080112673,1.7828070808957472,0.21011514501158202,-0.7466850470551556,-1.1505679584231125,1.3084155093271677,2.6008027151277506,1.39324954169993,2.613518836444654,1.8634622264619518,3.418520973733723,-2.3812966492596113,3.7438065961585303,1.8080800952512845,-0.8597722607458003,-0.6486573035478729,6.09523952184252,-3.480346160391535,0.8088572078139354,-3.1407379619302125,1.4783994012948558,0.6513648329305468,0.01671138462341653,-1.5480887769535958,4.963615303581337,0.2095409173549317,3.2544367541629695,5.722426265712495,-0.4567024224689413,0.9637030674768723,-5.510278727894084,-2.9120239249953395,1.5914530054569775,2.3451201532575894
6.90749256383188,1.4366660080366236,0.3311537452076495,-3.9339160078463387,0.010977606980182672,1.404251335703128,-0.27318425733032936,-0.17860102240236175,-1.4013220465055458,1.4279728928315467,3.2969892498827775,1.2174565584987769,3.1230300664342687,2.2771280728237575,3.7299655568495806,-3.0919008099587706,4.218869033030534,1.7704512757620288,-0.8524051077537672,-0.12007203293221236,6.378254286554264,-3.212837562800987,1.2848411771245623,-3.4023431837518827,2.670507272348072,0.5209200417057089,0.6095655782719199,-1.8521896686977404,5.657967523543413,0.1283102455540142,3.0536417932177162,5.0940151382659025,-0.13448450580478216,1.0722224150671824,-5.304774596330479,-3.057109484456796,0.7957003282318309,3.6228309743546934
6.889851748754564,2.6895892955940712,-0.11184742462573238,-3.8257791254452873,-0.1710414101115613,1.2197233014069586,-1.1270529820846424,-0.15873242549207556,-1.578512047800869,1.330879729398217,2.6323697088649585,1.6066920336095343,3.118905357102088,2.0876357106597614,3.8848398135429587,-2.7341362796143507,3.266248320468933,1.5510933246046932,-0.1828764823717,0.8583518554933747,6.530582680930748,-3.183538108232461,1.1211902620430036,-3.3605017824808314,2.428602419089633,0.33117489567944186,0.5578956657068053,-2.751399058854273,5.522974416698127,-0.5918659405011111,3.1062148560049843,4.575386140578385,-0.18710489839735578,0.25990150572403553,-3.6922388199558487,-2.7506185654618593,0.5144997054617746,4.224556269897263
6.064174881899403,3.290161805328926,-1.469576071698871,-2.033121914080319,-0.0580087445201508,0.6568202485170979,-1.551180232433903,-0.5144086034654144,-0.5775648420182141,1.3626507559210417,0.44752002045270156,3.363126384035459,2.8585135245060855,2.1593395629339134,2.933653494860004,-0.7228388450898825,2.679593454164022,0.5129455871890892,1.672711185254098,0.8435576753792005,3.620090608067518,-3.5998659131108526,1.0151642311301525,-2.9065776587301033,1.531636959142461,-0.020090426366291547,0.4627674829452508,-2.693369446502933,3.510232616770298,-0.4877021280574299,2.862164029214191,1.512295629528293,-0.1568993459143262,-1.4434829372689746,-2.614784289290921,-4.180075853935111,-0.14840226254951877,4.764380131929981
4.894076142239221,1.8395711280398552,-2.0312563367493457,-1.9606700177889866,0.4731607924229137,0.018892867723665163,-0.4592327926150341,0.004502148947427231,-0.1868643464205551,1.239438805669246,-0.894823852855972,3.1168827468730056,2.997949557085621,2.5344899539566925,2.1419994618038043,-0.4727483425870274,0.9271622870198492,0.007368315784224061,2.2783491014904524,0.49115943944081886,0.9569925947857936,-4.175808618964897,0.8810810948022838,-1.9656812228755782,0.9490922711710106,0.2226728926773076,0.6028378994317695,-1.962176492770978,1.9303114105029335,-0.8369270298102423,2.038851883916276,-0.9746468789360048,0.4283978479603869,-1.8166993158809905,-1.5077040890703175,-3.8669530292381564,-0.8364692641503162,4.596600121382482
